
     Z         PRESS      DEN     ProOH1    ProOH25    ProO3D    PO2D       PO2      PH2O      PO3D      PH2O2     FO3      FH2O      NumO2      NumOH      NumO1D     PN2O     PCH3CL      FOH      FHO2      FNO     FNO2      FH    FH2O2     FNO3    FN2O5    FHNO3      FO       FN      FH2     FCH4    FN2O
   5.000E+04 9.547E+05 2.448E+19 2.548E+05 2.558E-08 2.557E+06 0.000E+00 2.363E-25 1.107E-25 5.741E-06 2.315E-06 1.819E-08 9.440E-03 2.604E+18 2.672E+06 3.344E-03 3.426E-22 3.861E-24 1.091E-13 8.599E-12 7.938E-12 2.338E-11 8.679E-21 5.489E-10 1.580E-14 3.273E-16 1.313E-10 7.866E-17 7.445E-21 5.000E-07 8.080E-07 2.730E-07
   1.500E+05 8.450E+05 2.209E+19 1.857E+05 5.221E-07 2.724E+06 0.000E+00 5.699E-24 3.777E-24 6.184E-06 2.498E-06 1.994E-08 6.258E-03 2.350E+18 2.150E+06 4.056E-03 9.551E-21 1.415E-22 9.734E-14 7.996E-12 4.257E-12 1.099E-11 7.445E-21 5.490E-10 1.035E-14 1.524E-16 1.428E-10 1.012E-16 7.700E-21 4.995E-07 8.055E-07 2.729E-07
   2.500E+05 7.462E+05 1.984E+19 1.385E+05 8.740E-06 2.922E+06 0.000E+00 1.106E-22 1.033E-22 6.545E-06 2.657E-06 2.250E-08 4.267E-03 2.110E+18 2.040E+06 4.922E-03 2.117E-19 3.868E-21 1.029E-13 7.763E-12 3.983E-12 9.143E-12 7.700E-21 5.281E-10 9.631E-15 1.731E-16 1.629E-10 1.373E-16 7.960E-21 4.992E-07 8.034E-07 2.729E-07
   3.500E+05 6.576E+05 1.784E+19 8.944E+04 9.653E-05 3.118E+06 0.000E+00 1.615E-21 2.132E-21 6.724E-06 2.796E-06 2.600E-08 2.539E-03 1.897E+18 1.944E+06 5.910E-03 3.491E-18 7.571E-20 1.090E-13 7.297E-12 4.971E-12 1.004E-11 7.960E-21 4.713E-10 9.979E-15 3.317E-16 1.862E-10 1.882E-16 8.268E-21 4.990E-07 8.017E-07 2.728E-07
   4.500E+05 5.779E+05 1.603E+19 5.263E+04 7.419E-04 3.288E+06 0.000E+00 1.807E-20 3.299E-20 6.781E-06 2.916E-06 3.025E-08 1.403E-03 1.705E+18 1.865E+06 6.964E-03 4.345E-17 1.081E-18 1.163E-13 6.628E-12 6.677E-12 1.178E-11 8.268E-21 3.916E-10 1.045E-14 7.391E-16 2.085E-10 2.582E-16 8.350E-21 4.989E-07 8.005E-07 2.727E-07
   5.500E+05 5.063E+05 1.440E+19 2.740E+04 4.469E-03 3.389E+06 0.000E+00 1.582E-19 4.397E-19 6.713E-06 3.020E-06 3.506E-08 7.059E-04 1.532E+18 1.747E+06 7.973E-03 4.186E-16 1.184E-17 1.214E-13 5.701E-12 8.784E-12 1.330E-11 8.350E-21 3.036E-10 1.044E-14 1.659E-15 2.257E-10 3.500E-16 7.897E-21 4.988E-07 7.995E-07 2.726E-07
   6.500E+05 4.420E+05 1.292E+19 1.250E+04 2.495E-02 3.404E+06 0.000E+00 1.112E-18 6.025E-18 6.542E-06 3.111E-06 4.027E-08 3.205E-04 1.374E+18 1.531E+06 8.865E-03 3.275E-15 1.103E-16 1.186E-13 4.606E-12 1.048E-11 1.334E-11 7.897E-21 2.213E-10 9.613E-15 3.376E-15 2.350E-10 4.672E-16 7.097E-21 4.988E-07 7.987E-07 2.724E-07
   7.500E+05 3.845E+05 1.157E+19 4.955E+03 8.085E-02 3.329E+06 0.000E+00 6.350E-18 5.367E-17 6.272E-06 3.189E-06 4.588E-08 1.302E-04 1.231E+18 1.267E+06 9.584E-03 2.057E-14 7.915E-16 1.095E-13 3.524E-12 1.190E-11 1.252E-11 7.097E-21 1.538E-10 8.381E-15 6.794E-15 2.389E-10 6.169E-16 6.550E-21 4.988E-07 7.982E-07 2.723E-07
   8.500E+05 3.330E+05 1.033E+19 1.680E+03 1.400E-01 3.187E+06 0.000E+00 2.971E-17 2.927E-16 5.939E-06 3.256E-06 5.195E-08 4.632E-05 1.099E+18 1.067E+06 1.015E-02 1.019E-13 4.125E-15 1.033E-13 2.609E-12 1.452E-11 1.245E-11 6.550E-21 1.039E-10 7.368E-15 1.585E-14 2.414E-10 8.111E-16 6.379E-21 4.988E-07 7.977E-07 2.722E-07
   9.500E+05 2.872E+05 9.179E+18 4.773E+02 1.461E-01 3.020E+06 0.000E+00 1.161E-16 1.141E-15 5.581E-06 3.314E-06 5.894E-08 1.395E-05 9.767E+17 9.321E+05 1.068E-02 4.090E-13 1.663E-14 1.015E-13 1.929E-12 1.860E-11 1.306E-11 6.379E-21 6.964E-11 6.671E-15 3.531E-14 2.449E-10 1.080E-15 6.073E-21 4.987E-07 7.972E-07 2.720E-07
   1.050E+06 2.466E+05 8.099E+18 9.081E+01 7.849E-02 2.963E+06 0.000E+00 3.854E-16 3.567E-15 5.234E-06 3.364E-06 6.992E-08 2.717E-06 8.617E+17 7.772E+05 1.173E-02 1.377E-12 5.531E-14 9.596E-14 1.421E-12 2.253E-11 1.366E-11 6.073E-21 4.316E-11 6.049E-15 6.013E-14 2.520E-10 1.536E-15 5.337E-21 4.986E-07 7.967E-07 2.717E-07
   1.150E+06 2.110E+05 7.079E+18 1.019E+02 1.838E-01 3.334E+06 0.000E+00 1.105E-15 9.547E-15 4.996E-06 3.408E-06 9.427E-08 2.719E-06 7.532E+17 5.834E+05 1.495E-02 3.981E-12 1.578E-13 8.242E-14 9.477E-13 2.850E-11 1.719E-11 5.337E-21 2.116E-11 5.563E-15 7.163E-14 2.734E-10 2.567E-15 3.952E-21 4.984E-07 7.955E-07 2.711E-07
   1.250E+06 1.800E+05 6.139E+18 1.376E+02 3.808E-01 4.506E+06 0.000E+00 2.788E-15 2.276E-14 4.865E-06 3.445E-06 1.509E-07 2.725E-06 6.532E+17 3.629E+05 2.311E-02 1.011E-11 3.968E-13 5.911E-14 5.643E-13 3.632E-11 2.655E-11 3.952E-21 7.484E-12 5.713E-15 1.036E-13 3.210E-10 5.239E-15 3.203E-21 4.978E-07 7.930E-07 2.695E-07
   1.350E+06 1.532E+05 5.298E+18 2.082E+02 7.211E-01 6.812E+06 0.000E+00 6.337E-15 4.974E-14 4.776E-06 3.479E-06 2.692E-07 2.736E-06 5.637E+17 2.476E+05 4.020E-02 2.309E-11 9.018E-13 4.673E-14 4.101E-13 4.542E-11 4.611E-11 3.203E-21 2.344E-12 8.839E-15 2.425E-13 4.205E-10 1.212E-14 3.336E-21 4.965E-07 7.879E-07 2.663E-07
   1.450E+06 1.301E+05 4.554E+18 3.147E+02 1.284E+00 1.024E+07 0.000E+00 1.334E-14 1.023E-13 4.744E-06 3.512E-06 4.741E-07 2.755E-06 4.845E+17 2.181E+05 6.991E-02 4.877E-11 1.901E-12 4.790E-14 4.214E-13 5.445E-11 7.699E-11 3.336E-21 1.296E-12 1.770E-14 6.954E-13 5.955E-10 2.805E-14 4.030E-21 4.942E-07 7.792E-07 2.608E-07
   1.550E+06 1.103E+05 3.893E+18 4.503E+02 2.190E+00 1.454E+07 0.000E+00 2.665E-14 2.021E-13 4.832E-06 3.547E-06 7.728E-07 2.783E-06 4.142E+17 2.200E+05 1.156E-01 9.743E-11 3.797E-12 5.651E-14 5.147E-13 6.415E-11 1.194E-10 4.030E-21 1.443E-12 3.475E-14 1.805E-12 8.487E-10 6.138E-14 5.457E-21 4.908E-07 7.668E-07 2.526E-07
   1.650E+06 9.344E+04 3.302E+18 6.233E+02 3.620E+00 1.986E+07 1.964-161 5.131E-14 3.887E-13 5.146E-06 3.586E-06 1.169E-06 2.820E-06 3.513E+17 2.390E+05 1.861E-01 1.869E-10 7.298E-12 7.240E-14 7.026E-13 7.411E-11 1.752E-10 5.457E-21 2.174E-12 6.407E-14 4.099E-12 1.176E-09 1.293E-13 8.278E-21 4.861E-07 7.502E-07 2.418E-07
   1.750E+06 7.921E+04 2.779E+18 8.457E+02 5.837E+00 2.649E+07 7.265-142 9.604E-14 7.330E-13 5.770E-06 3.632E-06 1.652E-06 2.866E-06 2.956E+17 2.748E+05 2.959E-01 3.471E-10 1.359E-11 9.891E-14 1.047E-12 8.380E-11 2.460E-10 8.278E-21 3.766E-12 1.111E-13 8.221E-12 1.558E-09 2.645E-13 1.346E-20 4.803E-07 7.300E-07 2.285E-07
   1.850E+06 6.725E+04 2.336E+18 1.123E+03 9.270E+00 3.447E+07 7.366-124 1.754E-13 1.360E-12 6.674E-06 3.688E-06 2.211E-06 2.918E-06 2.485E+17 3.253E+05 4.603E-01 6.264E-10 2.464E-11 1.393E-13 1.586E-12 9.625E-11 3.372E-10 1.346E-20 6.662E-12 1.792E-13 1.478E-11 1.968E-09 5.181E-13 2.285E-20 4.733E-07 7.066E-07 2.130E-07
   1.950E+06 5.718E+04 1.969E+18 1.459E+03 1.456E+01 4.381E+07 1.728-108 3.134E-13 2.484E-12 7.879E-06 3.759E-06 2.824E-06 2.977E-06 2.094E+17 3.913E+05 6.974E-01 1.102E-09 4.357E-11 1.988E-13 2.360E-12 1.147E-10 4.558E-10 2.285E-20 1.144E-11 2.679E-13 2.408E-11 2.368E-09 9.642E-13 4.030E-20 4.654E-07 6.806E-07 1.959E-07
   2.050E+06 4.869E+04 1.664E+18 1.859E+03 2.258E+01 5.462E+07 2.404E-95 5.478E-13 4.466E-12 9.474E-06 3.848E-06 3.466E-06 3.039E-06 1.770E+17 4.779E+05 1.033E+00 1.888E-09 7.513E-11 2.873E-13 3.457E-12 1.414E-10 6.082E-10 4.030E-20 1.909E-11 3.749E-13 3.588E-11 2.721E-09 1.712E-12 7.387E-20 4.568E-07 6.531E-07 1.780E-07
   2.150E+06 4.151E+04 1.409E+18 2.340E+03 3.446E+01 6.723E+07 4.326E-84 9.357E-13 7.880E-12 1.159E-05 3.960E-06 4.116E-06 3.104E-06 1.499E+17 5.937E+05 1.506E+00 3.150E-09 1.261E-10 4.215E-13 5.033E-12 1.782E-10 7.997E-10 7.387E-20 3.133E-11 4.991E-13 4.939E-11 3.003E-09 2.935E-12 1.408E-19 4.476E-07 6.247E-07 1.599E-07
   2.250E+06 3.543E+04 1.194E+18 2.916E+03 5.151E+01 8.193E+07 1.932E-74 1.559E-12 1.360E-11 1.442E-05 4.102E-06 4.756E-06 3.170E-06 1.271E+17 7.507E+05 2.172E+00 5.100E-09 2.057E-10 6.286E-13 7.335E-12 2.265E-10 1.031E-09 1.408E-19 5.093E-11 6.390E-13 6.295E-11 3.207E-09 4.898E-12 2.788E-19 4.380E-07 5.958E-07 1.421E-07
   2.350E+06 3.028E+04 1.014E+18 3.599E+03 7.517E+01 9.890E+07 3.698E-66 2.528E-12 2.291E-11 1.819E-05 4.283E-06 5.365E-06 3.237E-06 1.078E+17 9.642E+05 3.100E+00 8.000E-09 3.251E-10 9.513E-13 1.071E-11 2.878E-10 1.299E-09 2.788E-19 8.175E-11 7.913E-13 7.412E-11 3.335E-09 8.005E-12 5.714E-19 4.280E-07 5.666E-07 1.248E-07
   2.450E+06 2.590E+04 8.610E+17 4.400E+03 1.068E+02 1.183E+08 4.809E-59 3.988E-12 3.752E-11 2.319E-05 4.511E-06 5.923E-06 3.305E-06 9.159E+16 1.252E+06 4.379E+00 1.214E-08 4.971E-10 1.454E-12 1.560E-11 3.639E-10 1.594E-09 5.714E-19 1.280E-10 9.496E-13 8.046E-11 3.396E-09 1.286E-11 1.208E-18 4.176E-07 5.373E-07 1.083E-07
   2.550E+06 2.218E+04 7.321E+17 5.330E+03 1.473E+02 1.402E+08 6.275E-53 6.112E-12 5.966E-11 2.987E-05 4.798E-06 6.411E-06 3.373E-06 7.788E+16 1.632E+06 6.126E+00 1.779E-08 7.345E-10 2.229E-12 2.245E-11 4.572E-10 1.906E-09 1.208E-18 1.926E-10 1.105E-12 8.053E-11 3.402E-09 2.037E-11 2.621E-18 4.069E-07 5.079E-07 9.298E-08
   2.650E+06 1.902E+04 6.232E+17 6.383E+03 1.972E+02 1.644E+08 1.144E-47 9.107E-12 9.193E-11 3.872E-05 5.160E-06 6.811E-06 3.442E-06 6.629E+16 2.122E+06 8.463E+00 2.519E-08 1.048E-09 3.405E-12 3.159E-11 5.717E-10 2.225E-09 2.621E-18 2.735E-10 1.247E-12 7.445E-11 3.359E-09 3.186E-11 5.817E-18 3.959E-07 4.783E-07 7.884E-08
   2.750E+06 1.632E+04 5.311E+17 7.535E+03 2.556E+02 1.900E+08 3.858E-43 1.320E-11 1.371E-10 5.040E-05 5.610E-06 7.097E-06 3.511E-06 5.649E+16 2.734E+06 1.152E+01 3.447E-08 1.446E-09 5.149E-12 4.310E-11 7.114E-10 2.533E-09 5.817E-18 3.620E-10 1.363E-12 6.377E-11 3.264E-09 4.932E-11 1.316E-17 3.845E-07 4.487E-07 6.613E-08
   2.850E+06 1.403E+04 4.530E+17 8.749E+03 3.204E+02 2.161E+08 3.061E-39 1.864E-11 1.976E-10 6.578E-05 6.164E-06 7.252E-06 3.580E-06 4.818E+16 3.481E+06 1.541E+01 4.559E-08 1.927E-09 7.686E-12 5.666E-11 8.814E-10 2.815E-09 1.316E-17 4.427E-10 1.443E-12 5.076E-11 3.118E-09 7.568E-11 3.031E-17 3.731E-07 4.194E-07 5.492E-08
   2.950E+06 1.207E+04 3.864E+17 9.958E+03 3.881E+02 2.409E+08 7.025E-36 2.565E-11 2.753E-10 8.592E-05 6.838E-06 7.256E-06 3.649E-06 4.110E+16 4.369E+06 2.023E+01 5.835E-08 2.485E-09 1.131E-11 7.165E-11 1.086E-09 3.051E-09 3.031E-17 4.991E-10 1.485E-12 3.781E-11 2.919E-09 1.155E-10 7.068E-17 3.614E-07 3.899E-07 4.512E-08
   3.050E+06 1.040E+04 3.296E+17 1.106E+04 4.544E+02 2.623E+08 5.567E-33 3.444E-11 3.709E-10 1.120E-04 7.645E-06 7.104E-06 3.717E-06 3.506E+16 5.398E+06 2.594E+01 7.236E-08 3.105E-09 1.637E-11 8.701E-11 1.329E-09 3.224E-09 7.068E-17 5.181E-10 1.485E-12 2.643E-11 2.669E-09 1.756E-10 1.657E-16 3.498E-07 3.608E-07 3.675E-08
   3.150E+06 8.978E+03 2.813E+17 1.198E+04 5.155E+02 2.786E+08 1.773E-30 4.516E-11 4.843E-10 1.454E-04 8.594E-06 6.809E-06 3.783E-06 2.992E+16 6.571E+06 3.244E+01 8.709E-08 3.767E-09 2.336E-11 1.014E-10 1.614E-09 3.309E-09 1.657E-16 4.965E-10 1.438E-12 1.736E-11 2.378E-09 2.655E-10 3.893E-16 3.385E-07 3.323E-07 2.977E-08
   3.250E+06 7.763E+03 2.402E+17 1.266E+04 5.682E+02 2.887E+08 2.589E-28 5.784E-11 6.147E-10 1.880E-04 9.690E-06 6.392E-06 3.848E-06 2.555E+16 7.889E+06 3.960E+01 1.020E-07 4.451E-09 3.284E-11 1.139E-10 1.941E-09 3.294E-09 3.893E-16 4.429E-10 1.351E-12 1.074E-11 2.058E-09 3.998E-10 9.127E-16 3.278E-07 3.044E-07 2.399E-08
   3.350E+06 6.726E+03 2.054E+17 1.311E+04 6.115E+02 2.936E+08 1.939E-26 7.233E-11 7.615E-10 2.429E-04 1.094E-05 5.887E-06 3.910E-06 2.184E+16 9.371E+06 4.738E+01 1.165E-07 5.138E-09 4.563E-11 1.239E-10 2.307E-09 3.166E-09 9.127E-16 3.721E-10 1.226E-12 6.242E-12 1.728E-09 5.994E-10 2.133E-15 3.180E-07 2.774E-07 1.925E-08
   3.450E+06 5.838E+03 1.759E+17 1.341E+04 6.457E+02 2.954E+08 8.194E-25 8.831E-11 9.250E-10 3.150E-04 1.234E-05 5.330E-06 3.968E-06 1.871E+16 1.105E+07 5.596E+01 1.302E-07 5.817E-09 6.282E-11 1.312E-10 2.706E-09 2.926E-09 2.133E-15 2.991E-10 1.072E-12 3.401E-12 1.407E-09 8.956E-10 4.949E-15 3.095E-07 2.517E-07 1.542E-08
   3.550E+06 5.077E+03 1.511E+17 1.361E+04 6.722E+02 2.952E+08 2.116E-23 1.052E-10 1.106E-09 4.109E-04 1.390E-05 4.755E-06 4.020E-06 1.607E+16 1.293E+07 6.546E+01 1.429E-07 6.481E-09 8.558E-11 1.365E-10 3.126E-09 2.588E-09 4.949E-15 2.345E-10 9.020E-13 1.732E-12 1.107E-09 1.334E-09 1.126E-14 3.029E-07 2.277E-07 1.237E-08
   3.650E+06 4.422E+03 1.302E+17 1.365E+04 6.921E+02 2.923E+08 3.582E-22 1.225E-10 1.308E-09 5.353E-04 1.561E-05 4.195E-06 4.065E-06 1.384E+16 1.490E+07 7.561E+01 1.545E-07 7.130E-09 1.145E-10 1.407E-10 3.544E-09 2.189E-09 1.126E-14 1.836E-10 7.320E-13 8.245E-13 8.341E-10 1.977E-09 2.465E-14 2.987E-07 2.060E-07 9.970E-09
   3.750E+06 3.858E+03 1.124E+17 1.344E+04 7.071E+02 2.848E+08 4.216E-21 1.396E-10 1.533E-09 6.877E-04 1.744E-05 3.684E-06 4.103E-06 1.195E+16 1.671E+07 8.567E+01 1.649E-07 7.766E-09 1.486E-10 1.448E-10 3.920E-09 1.773E-09 2.465E-14 1.470E-10 5.741E-13 3.684E-13 5.961E-10 2.899E-09 5.095E-14 2.974E-07 1.865E-07 8.079E-09
   3.850E+06 3.370E+03 9.736E+16 1.296E+04 7.190E+02 2.722E+08 3.649E-20 1.560E-10 1.787E-09 8.618E-04 1.932E-05 3.244E-06 4.133E-06 1.035E+16 1.811E+07 9.485E+01 1.743E-07 8.396E-09 1.860E-10 1.498E-10 4.215E-09 1.382E-09 5.095E-14 1.225E-10 4.356E-13 1.557E-13 4.040E-10 4.171E-09 9.937E-14 2.993E-07 1.693E-07 6.583E-09
   3.950E+06 2.947E+03 8.450E+16 1.217E+04 7.282E+02 2.540E+08 2.447E-19 1.716E-10 2.075E-09 1.048E-03 2.119E-05 2.869E-06 4.154E-06 8.986E+15 1.892E+07 1.023E+02 1.829E-07 9.025E-09 2.240E-10 1.560E-10 4.406E-09 1.045E-09 9.937E-14 1.064E-10 3.218E-13 6.291E-14 2.602E-10 5.885E-09 1.815E-13 3.048E-07 1.545E-07 5.402E-09
   4.050E+06 2.580E+03 7.362E+16 1.121E+04 7.371E+02 2.331E+08 1.278E-18 1.863E-10 2.403E-09 1.236E-03 2.299E-05 2.562E-06 4.167E-06 7.829E+15 1.921E+07 1.080E+02 1.907E-07 9.660E-09 2.610E-10 1.633E-10 4.492E-09 7.720E-10 1.815E-13 9.620E-11 2.315E-13 2.467E-14 1.621E-10 8.075E-09 3.156E-13 3.141E-07 1.417E-07 4.463E-09
   4.150E+06 2.259E+03 6.421E+16 1.008E+04 7.443E+02 2.091E+08 5.444E-18 2.003E-10 2.778E-09 1.418E-03 2.466E-05 2.296E-06 4.172E-06 6.828E+15 1.900E+07 1.112E+02 1.979E-07 1.030E-08 2.958E-10 1.714E-10 4.487E-09 5.620E-10 3.156E-13 8.914E-11 1.632E-13 9.432E-15 9.791E-11 1.085E-08 5.213E-13 3.274E-07 1.309E-07 3.710E-09
   4.250E+06 1.979E+03 5.617E+16 8.906E+03 7.515E+02 1.849E+08 1.920E-17 2.135E-10 3.208E-09 1.589E-03 2.619E-05 2.072E-06 4.170E-06 5.973E+15 1.844E+07 1.125E+02 2.046E-07 1.096E-08 3.283E-10 1.800E-10 4.415E-09 4.054E-10 5.213E-13 8.431E-11 1.131E-13 3.573E-15 5.836E-11 1.421E-08 8.311E-13 3.445E-07 1.217E-07 3.105E-09
   4.350E+06 1.735E+03 4.918E+16 7.725E+03 7.576E+02 1.606E+08 5.810E-17 2.262E-10 3.701E-09 1.743E-03 2.756E-05 1.874E-06 4.162E-06 5.230E+15 1.763E+07 1.117E+02 2.109E-07 1.164E-08 3.585E-10 1.889E-10 4.298E-09 2.917E-10 8.311E-13 8.057E-11 7.747E-14 1.345E-15 3.446E-11 1.826E-08 1.278E-12 3.653E-07 1.140E-07 2.622E-09
   4.450E+06 1.520E+03 4.316E+16 6.619E+03 7.643E+02 1.382E+08 1.532E-16 2.385E-10 4.270E-09 1.881E-03 2.876E-05 1.702E-06 4.147E-06 4.589E+15 1.669E+07 1.094E+02 2.169E-07 1.233E-08 3.867E-10 1.978E-10 4.151E-09 2.097E-10 1.278E-12 7.778E-11 5.258E-14 5.090E-16 2.037E-11 2.300E-08 1.919E-12 3.897E-07 1.075E-07 2.231E-09
   4.550E+06 1.332E+03 3.790E+16 5.593E+03 7.715E+02 1.174E+08 3.634E-16 2.506E-10 4.933E-09 2.000E-03 2.980E-05 1.548E-06 4.127E-06 4.030E+15 1.567E+07 1.057E+02 2.225E-07 1.305E-08 4.135E-10 2.067E-10 3.986E-09 1.511E-10 1.919E-12 7.547E-11 3.545E-14 1.931E-16 1.204E-11 2.853E-08 2.810E-12 4.176E-07 1.019E-07 1.909E-09
   4.650E+06 1.167E+03 3.334E+16 4.685E+03 7.814E+02 9.899E+07 7.863E-16 2.626E-10 5.715E-09 2.103E-03 3.070E-05 1.412E-06 4.101E-06 3.544E+15 1.465E+07 1.012E+02 2.279E-07 1.379E-08 4.394E-10 2.159E-10 3.811E-09 1.092E-10 2.810E-12 7.375E-11 2.383E-14 7.417E-17 7.175E-12 3.482E-08 4.052E-12 4.487E-07 9.717E-08 1.646E-09
   4.750E+06 1.021E+03 2.933E+16 3.884E+03 7.948E+02 8.272E+07 1.589E-15 2.749E-10 6.655E-09 2.191E-03 3.146E-05 1.288E-06 4.072E-06 3.118E+15 1.364E+07 9.593E+01 2.331E-07 1.456E-08 4.652E-10 2.253E-10 3.634E-09 7.927E-11 4.052E-12 7.243E-11 1.599E-14 2.875E-17 4.309E-12 4.203E-08 5.749E-12 4.828E-07 9.300E-08 1.428E-09
   4.850E+06 8.932E+02 2.583E+16 3.198E+03 8.141E+02 6.873E+07 3.017E-15 2.876E-10 7.803E-09 2.264E-03 3.210E-05 1.175E-06 4.038E-06 2.746E+15 1.270E+07 9.024E+01 2.381E-07 1.537E-08 4.916E-10 2.353E-10 3.456E-09 5.784E-11 5.749E-12 7.169E-11 1.073E-14 1.131E-17 2.616E-12 5.008E-08 8.091E-12 5.200E-07 8.928E-08 1.244E-09
   4.950E+06 7.806E+02 2.275E+16 2.609E+03 8.396E+02 5.667E+07 5.523E-15 3.013E-10 9.224E-09 2.324E-03 3.264E-05 1.072E-06 4.001E-06 2.418E+15 1.182E+07 8.422E+01 2.429E-07 1.622E-08 5.196E-10 2.464E-10 3.281E-09 4.248E-11 8.091E-12 7.151E-11 7.213E-15 4.503E-18 1.606E-12 5.914E-08 1.128E-11 5.602E-07 8.590E-08 1.090E-09
   5.050E+06 6.813E+02 2.004E+16 2.114E+03 8.727E+02 4.646E+07 9.643E-15 3.161E-10 1.099E-08 2.374E-03 3.310E-05 9.763E-07 3.961E-06 2.131E+15 1.103E+07 7.806E+01 2.476E-07 1.712E-08 5.504E-10 2.588E-10 3.110E-09 3.144E-11 1.128E-11 7.214E-11 4.868E-15 1.828E-18 1.002E-12 6.909E-08 1.568E-11 6.031E-07 8.278E-08 9.585E-10
   5.150E+06 5.940E+02 1.765E+16 1.697E+03 9.120E+02 3.777E+07 1.601E-14 3.324E-10 1.319E-08 2.415E-03 3.347E-05 8.862E-07 3.917E-06 1.876E+15 1.033E+07 7.177E+01 2.522E-07 1.807E-08 5.852E-10 2.732E-10 2.947E-09 2.353E-11 1.568E-11 7.364E-11 3.305E-15 7.563E-19 6.352E-13 8.009E-08 2.173E-11 6.483E-07 7.987E-08 8.469E-10
   5.250E+06 5.171E+02 1.554E+16 1.351E+03 9.568E+02 3.048E+07 2.523E-14 3.506E-10 1.591E-08 2.448E-03 3.378E-05 8.016E-07 3.872E-06 1.651E+15 9.719E+06 6.548E+01 2.568E-07 1.910E-08 6.256E-10 2.904E-10 2.795E-09 1.786E-11 2.173E-11 7.628E-11 2.266E-15 3.221E-19 4.123E-13 9.197E-08 3.017E-11 6.952E-07 7.714E-08 7.524E-10
   5.350E+06 4.495E+02 1.366E+16 1.064E+03 1.004E+03 2.435E+07 3.807E-14 3.713E-10 1.922E-08 2.473E-03 3.404E-05 7.209E-07 3.824E-06 1.452E+15 9.194E+06 5.921E+01 2.613E-07 2.019E-08 6.731E-10 3.111E-10 2.653E-09 1.380E-11 3.017E-11 8.021E-11 1.574E-15 1.414E-19 2.742E-13 1.049E-07 4.190E-11 7.437E-07 7.452E-08 6.716E-10
   5.450E+06 3.900E+02 1.200E+16 8.310E+02 1.051E+03 1.930E+07 5.588E-14 3.946E-10 2.319E-08 2.494E-03 3.425E-05 6.449E-07 3.775E-06 1.276E+15 8.755E+06 5.312E+01 2.657E-07 2.136E-08 7.295E-10 3.359E-10 2.521E-09 1.089E-11 4.190E-11 8.575E-11 1.112E-15 6.454E-20 1.876E-13 1.187E-07 5.845E-11 7.941E-07 7.197E-08 6.015E-10
   5.550E+06 3.379E+02 1.053E+16 6.414E+02 1.094E+03 1.513E+07 8.425E-14 4.212E-10 2.790E-08 2.509E-03 3.443E-05 5.729E-07 3.723E-06 1.119E+15 8.387E+06 4.723E+01 2.701E-07 2.261E-08 7.967E-10 3.659E-10 2.399E-09 8.813E-12 5.845E-11 9.315E-11 8.008E-16 3.067E-20 1.320E-13 1.335E-07 8.196E-11 8.468E-07 6.944E-08 5.398E-10
   5.650E+06 2.922E+02 9.218E+15 4.895E+02 1.132E+03 1.175E+07 1.444E-13 4.518E-10 3.346E-08 2.521E-03 3.457E-05 5.054E-07 3.669E-06 9.797E+14 8.083E+06 4.162E+01 2.745E-07 2.394E-08 8.768E-10 4.019E-10 2.288E-09 7.333E-12 8.196E-11 1.029E-10 5.898E-16 1.527E-20 9.595E-14 1.494E-07 1.156E-10 9.016E-07 6.690E-08 4.852E-10
   5.750E+06 2.522E+02 8.058E+15 3.696E+02 1.167E+03 9.024E+06 3.042E-13 4.866E-10 4.007E-08 2.530E-03 3.469E-05 4.427E-07 3.613E-06 8.564E+14 7.841E+06 3.637E+01 2.788E-07 2.535E-08 9.730E-10 4.455E-10 2.189E-09 6.296E-12 1.156E-10 1.157E-10 4.458E-16 8.027E-21 7.238E-14 1.664E-07 1.641E-10 9.580E-07 6.436E-08 4.370E-10
   5.850E+06 2.173E+02 7.031E+15 2.753E+02 1.207E+03 6.847E+06 7.421E-13 5.263E-10 4.829E-08 2.536E-03 3.478E-05 3.839E-07 3.555E-06 7.472E+14 7.672E+06 3.144E+01 2.832E-07 2.685E-08 1.091E-09 4.994E-10 2.102E-09 5.596E-12 1.641E-10 1.334E-10 3.465E-16 4.470E-21 5.692E-14 1.840E-07 2.354E-10 1.017E-06 6.178E-08 3.937E-10
   5.950E+06 1.869E+02 6.121E+15 2.013E+02 1.268E+03 5.104E+06 1.848E-12 5.717E-10 5.927E-08 2.540E-03 3.486E-05 3.282E-07 3.495E-06 6.505E+14 7.604E+06 2.678E+01 2.875E-07 2.842E-08 1.242E-09 5.691E-10 2.027E-09 5.184E-12 2.354E-10 1.588E-10 2.780E-16 2.657E-21 4.709E-14 2.018E-07 3.408E-10 1.078E-06 5.913E-08 3.544E-10
   6.050E+06 1.605E+02 5.320E+15 1.443E+02 1.371E+03 3.730E+06 4.332E-12 6.233E-10 7.510E-08 2.543E-03 3.493E-05 2.757E-07 3.432E-06 5.653E+14 7.683E+06 2.240E+01 2.918E-07 3.005E-08 1.444E-09 6.631E-10 1.963E-09 5.051E-12 3.408E-10 1.967E-10 2.320E-16 1.718E-21 4.155E-14 2.180E-07 4.997E-10 1.141E-06 5.642E-08 3.187E-10
   6.150E+06 1.376E+02 4.615E+15 1.010E+02 1.539E+03 2.665E+06 9.299E-12 6.823E-10 9.904E-08 2.544E-03 3.498E-05 2.270E-07 3.367E-06 4.903E+14 7.943E+06 1.836E+01 2.960E-07 3.174E-08 1.721E-09 7.930E-10 1.910E-09 5.196E-12 4.997E-10 2.531E-10 2.018E-16 1.215E-21 3.925E-14 2.318E-07 7.425E-10 1.207E-06 5.365E-08 2.861E-10
   6.250E+06 1.177E+02 3.994E+15 6.933E+01 1.784E+03 1.867E+06 1.821E-11 7.502E-10 1.354E-07 2.545E-03 3.503E-05 1.836E-07 3.299E-06 4.244E+14 8.383E+06 1.481E+01 3.002E-07 3.347E-08 2.099E-09 9.704E-10 1.867E-09 5.604E-12 7.425E-10 3.349E-10 1.818E-16 9.266E-22 3.926E-14 2.434E-07 1.116E-09 1.276E-06 5.083E-08 2.561E-10
   6.350E+06 1.005E+02 3.452E+15 4.717E+01 2.105E+03 1.294E+06 3.270E-11 8.287E-10 1.889E-07 2.545E-03 3.507E-05 1.473E-07 3.228E-06 3.667E+14 8.964E+06 1.187E+01 3.043E-07 3.523E-08 2.597E-09 1.204E-09 1.834E-09 6.214E-12 1.116E-09 4.477E-10 1.674E-16 7.413E-22 4.060E-14 2.544E-07 1.696E-09 1.347E-06 4.798E-08 2.286E-10
   6.450E+06 8.565E+01 2.977E+15 3.216E+01 2.480E+03 8.955E+05 5.431E-11 9.200E-10 2.641E-07 2.544E-03 3.510E-05 1.183E-07 3.154E-06 3.163E+14 9.607E+06 9.568E+00 3.083E-07 3.700E-08 3.227E-09 1.496E-09 1.808E-09 6.916E-12 1.696E-09 5.944E-10 1.547E-16 5.968E-22 4.213E-14 2.676E-07 2.603E-09 1.420E-06 4.512E-08 2.030E-10
   6.550E+06 7.288E+01 2.562E+15 2.217E+01 2.871E+03 6.233E+05 8.413E-11 1.026E-09 3.642E-07 2.543E-03 3.513E-05 9.568E-08 3.077E-06 2.722E+14 1.023E+07 7.830E+00 3.122E-07 3.879E-08 3.991E-09 1.844E-09 1.789E-09 7.570E-12 2.603E-09 7.744E-10 1.414E-16 4.673E-22 4.283E-14 2.856E-07 4.021E-09 1.497E-06 4.225E-08 1.792E-10
   6.650E+06 6.189E+01 2.201E+15 1.559E+01 3.233E+03 4.389E+05 1.226E-10 1.149E-09 4.904E-07 2.541E-03 3.516E-05 7.848E-08 2.995E-06 2.338E+14 1.075E+07 6.560E+00 3.159E-07 4.059E-08 4.882E-09 2.241E-09 1.774E-09 8.046E-12 4.021E-09 9.807E-10 1.267E-16 3.488E-22 4.196E-14 3.106E-07 6.261E-09 1.578E-06 3.941E-08 1.569E-10
   6.750E+06 5.247E+01 1.886E+15 1.118E+01 3.521E+03 3.117E+05 1.694E-10 1.293E-09 6.417E-07 2.539E-03 3.518E-05 6.511E-08 2.909E-06 2.003E+14 1.109E+07 5.634E+00 3.196E-07 4.240E-08 5.882E-09 2.673E-09 1.762E-09 8.219E-12 6.261E-09 1.200E-09 1.100E-16 2.430E-22 3.914E-14 3.454E-07 9.802E-09 1.661E-06 3.665E-08 1.361E-10
   6.850E+06 4.441E+01 1.611E+15 8.184E+00 3.702E+03 2.229E+05 2.235E-10 1.458E-09 8.146E-07 2.536E-03 3.521E-05 5.455E-08 2.820E-06 1.711E+14 1.122E+07 4.964E+00 3.232E-07 4.422E-08 6.966E-09 3.125E-09 1.752E-09 8.034E-12 9.802E-09 1.414E-09 9.206E-17 1.566E-22 3.459E-14 3.927E-07 1.533E-08 1.748E-06 3.401E-08 1.169E-10
   6.950E+06 3.754E+01 1.375E+15 6.121E+00 3.764E+03 1.607E+05 2.832E-10 1.644E-09 1.004E-06 2.532E-03 3.523E-05 4.617E-08 2.727E-06 1.460E+14 1.115E+07 4.486E+00 3.266E-07 4.607E-08 8.109E-09 3.576E-09 1.743E-09 7.533E-12 1.533E-08 1.605E-09 7.448E-17 9.384E-23 2.902E-14 4.543E-07 2.409E-08 1.836E-06 3.152E-08 9.929E-11
   7.050E+06 3.168E+01 1.169E+15 4.640E+00 3.703E+03 1.157E+05 3.469E-10 1.856E-09 1.204E-06 2.526E-03 3.525E-05 3.919E-08 2.631E-06 1.241E+14 1.082E+07 4.136E+00 3.300E-07 4.793E-08 9.261E-09 4.004E-09 1.733E-09 6.715E-12 2.409E-08 1.754E-09 5.749E-17 5.163E-23 2.310E-14 5.372E-07 3.783E-08 1.925E-06 2.921E-08 8.325E-11
   7.150E+06 2.671E+01 9.906E+14 3.551E+00 3.536E+03 8.270E+04 4.125E-10 2.095E-09 1.409E-06 2.517E-03 3.527E-05 3.317E-08 2.533E-06 1.052E+14 1.029E+07 3.872E+00 3.332E-07 4.982E-08 1.039E-08 4.388E-09 1.722E-09 5.718E-12 3.783E-08 1.852E-09 4.243E-17 2.640E-23 1.762E-14 6.452E-07 5.959E-08 2.013E-06 2.710E-08 6.884E-11
   7.250E+06 2.250E+01 8.390E+14 2.712E+00 3.286E+03 5.770E+04 4.783E-10 2.357E-09 1.612E-06 2.507E-03 3.528E-05 2.744E-08 2.429E-06 8.907E+13 9.939E+06 3.634E+00 3.364E-07 5.172E-08 1.185E-08 4.862E-09 1.707E-09 4.861E-12 5.959E-08 1.907E-09 3.092E-17 1.292E-23 1.305E-14 7.646E-07 1.009E-07 2.101E-06 2.511E-08 5.554E-11
   7.350E+06 1.895E+01 7.076E+14 2.060E+00 2.962E+03 3.908E+04 5.432E-10 2.650E-09 1.809E-06 2.504E-03 3.530E-05 2.206E-08 2.314E-06 7.511E+13 1.013E+07 3.435E+00 3.394E-07 5.364E-08 1.432E-08 5.640E-09 1.688E-09 4.067E-12 1.009E-07 1.878E-09 2.206E-17 5.884E-24 9.195E-15 9.158E-07 2.029E-07 2.191E-06 2.318E-08 4.290E-11
   7.450E+06 1.595E+01 5.957E+14 1.778E+00 2.587E+03 3.499E+04 6.060E-10 2.972E-09 1.996E-06 2.504E-03 3.532E-05 2.346E-08 2.176E-06 6.322E+13 8.640E+06 3.745E+00 3.423E-07 5.557E-08 1.450E-08 5.497E-09 1.662E-09 2.225E-12 2.029E-07 1.586E-09 1.284E-17 2.119E-24 5.577E-15 1.574E-06 4.120E-07 2.272E-06 2.132E-08 3.113E-11
   7.550E+06 1.343E+01 5.015E+14 2.090E+00 2.189E+03 5.808E+04 6.663E-10 3.320E-09 2.170E-06 2.504E-03 3.533E-05 4.625E-08 2.012E-06 5.322E+13 3.806E+06 5.656E+00 3.452E-07 5.749E-08 7.589E-09 2.850E-09 1.626E-09 4.594E-13 4.120E-07 1.047E-09 3.722E-18 6.006E-25 2.937E-15 5.468E-06 6.751E-07 2.328E-06 1.954E-08 2.104E-11
   7.650E+06 1.131E+01 4.210E+14 2.695E+00 1.806E+03 9.973E+04 7.243E-10 3.706E-09 2.329E-06 2.510E-03 3.535E-05 9.436E-08 1.842E-06 4.466E+13 1.488E+06 9.501E+00 3.479E-07 5.940E-08 3.536E-09 1.173E-09 1.577E-09 7.565E-14 6.751E-07 6.401E-10 6.666E-19 1.647E-25 1.521E-15 1.894E-05 9.514E-07 2.360E-06 1.785E-08 1.349E-11
   7.750E+06 9.533E+00 3.534E+14 3.127E+00 1.465E+03 1.393E+05 7.802E-10 4.131E-09 2.474E-06 2.518E-03 3.536E-05 1.565E-07 1.676E-06 3.747E+13 7.138E+05 1.445E+01 3.504E-07 6.129E-08 2.020E-09 5.351E-10 1.520E-09 1.894E-14 9.514E-07 3.843E-10 1.518E-19 4.508E-26 7.859E-16 4.989E-05 1.222E-06 2.378E-06 1.626E-08 8.376E-12
   7.850E+06 8.040E+00 2.969E+14 3.255E+00 1.173E+03 1.674E+05 8.344E-10 4.601E-09 2.603E-06 2.525E-03 3.538E-05 2.233E-07 1.519E-06 3.146E+13 3.951E+05 1.979E+01 3.529E-07 6.315E-08 1.331E-09 2.702E-10 1.457E-09 7.990E-15 1.222E-06 2.286E-10 5.528E-20 1.234E-26 4.057E-16 1.074E-04 1.478E-06 2.388E-06 1.477E-08 5.131E-12
   7.950E+06 6.787E+00 2.495E+14 3.112E+00 9.301E+02 1.815E+05 8.896E-10 5.124E-09 2.719E-06 2.531E-03 3.539E-05 2.874E-07 1.371E-06 2.642E+13 2.370E+05 2.497E+01 3.552E-07 6.498E-08 9.498E-10 1.469E-10 1.391E-09 4.864E-15 1.478E-06 1.348E-10 2.853E-20 3.379E-27 2.092E-16 2.014E-04 1.715E-06 2.394E-06 1.339E-08 3.144E-12
   8.050E+06 5.733E+00 2.098E+14 2.792E+00 7.311E+02 1.829E+05 9.544E-10 5.712E-09 2.821E-06 2.534E-03 3.540E-05 3.439E-07 1.235E-06 2.219E+13 1.487E+05 2.961E+01 3.575E-07 6.678E-08 7.089E-10 8.447E-11 1.324E-09 3.503E-15 1.715E-06 7.870E-11 1.733E-20 9.258E-28 1.077E-16 3.423E-04 1.930E-06 2.397E-06 1.212E-08 1.946E-12
   8.150E+06 4.847E+00 1.767E+14 2.392E+00 5.709E+02 1.747E+05 1.054E-09 6.374E-09 2.912E-06 2.536E-03 3.541E-05 3.899E-07 1.110E-06 1.866E+13 9.583E+04 3.357E+01 3.596E-07 6.853E-08 5.424E-10 5.076E-11 1.258E-09 2.688E-15 1.930E-06 4.544E-11 1.118E-20 2.537E-28 5.541E-17 5.400E-04 2.124E-06 2.399E-06 1.096E-08 1.225E-12
   8.250E+06 4.099E+00 1.493E+14 2.015E+00 4.448E+02 1.629E+05 1.245E-09 7.108E-09 2.993E-06 2.537E-03 3.543E-05 4.302E-07 9.952E-07 1.574E+13 6.322E+04 3.731E+01 3.617E-07 7.024E-08 4.234E-10 3.171E-11 1.193E-09 2.119E-15 2.124E-06 2.597E-11 7.472E-21 6.953E-29 2.846E-17 8.035E-04 2.297E-06 2.400E-06 9.891E-09 7.877E-13
   8.350E+06 3.468E+00 1.262E+14 1.661E+00 3.450E+02 1.463E+05 1.634E-09 7.938E-09 3.067E-06 2.537E-03 3.544E-05 4.569E-07 8.913E-07 1.328E+13 4.193E+04 4.064E+01 3.636E-07 7.190E-08 3.321E-10 2.037E-11 1.130E-09 1.684E-15 2.297E-06 1.471E-11 5.026E-21 1.908E-29 1.461E-17 1.142E-03 2.451E-06 2.401E-06 8.924E-09 5.191E-13
   8.450E+06 2.934E+00 1.068E+14 1.364E+00 2.669E+02 1.277E+05 2.374E-09 8.872E-09 3.134E-06 2.537E-03 3.545E-05 4.713E-07 7.974E-07 1.120E+13 2.788E+04 4.412E+01 3.655E-07 7.352E-08 2.611E-10 1.340E-11 1.069E-09 1.342E-15 2.451E-06 8.274E-12 3.395E-21 5.243E-30 7.494E-18 1.563E-03 2.586E-06 2.401E-06 8.048E-09 3.513E-13
   8.550E+06 2.481E+00 9.057E+13 1.143E+00 2.065E+02 1.102E+05 3.647E-09 9.908E-09 3.199E-06 2.536E-03 3.546E-05 4.795E-07 7.126E-07 9.466E+12 1.866E+04 4.871E+01 3.673E-07 7.509E-08 2.060E-10 9.007E-12 1.011E-09 1.076E-15 2.586E-06 4.633E-12 2.321E-21 1.442E-30 3.844E-18 2.074E-03 2.704E-06 2.401E-06 7.258E-09 2.443E-13
   8.650E+06 2.098E+00 7.679E+13 9.703E-01 1.595E+02 9.250E+04 5.640E-09 1.107E-08 3.264E-06 2.535E-03 3.547E-05 4.751E-07 6.366E-07 7.993E+12 1.243E+04 5.455E+01 3.690E-07 7.661E-08 1.618E-10 6.154E-12 9.562E-10 8.622E-16 2.704E-06 2.589E-12 1.585E-21 3.979E-31 1.973E-18 2.682E-03 2.809E-06 2.401E-06 6.549E-09 1.747E-13
   8.750E+06 1.773E+00 6.509E+13 8.387E-01 1.232E+02 7.588E+04 8.505E-09 1.236E-08 3.329E-06 2.533E-03 3.548E-05 4.601E-07 5.684E-07 6.744E+12 8.227E+03 6.223E+01 3.706E-07 7.810E-08 1.264E-10 4.264E-12 9.047E-10 6.914E-16 2.809E-06 1.447E-12 1.083E-21 1.101E-31 1.013E-18 3.393E-03 2.900E-06 2.401E-06 5.914E-09 1.285E-13
   8.850E+06 1.498E+00 5.517E+13 7.370E-01 9.515E+01 6.094E+04 1.236E-08 1.377E-08 3.398E-06 2.531E-03 3.548E-05 4.365E-07 5.076E-07 5.684E+12 5.413E+03 7.218E+01 3.722E-07 7.954E-08 9.812E-11 2.991E-12 8.569E-10 5.552E-16 2.900E-06 8.105E-13 7.412E-22 3.059E-32 5.213E-19 4.211E-03 2.980E-06 2.401E-06 5.347E-09 9.717E-14
   8.950E+06 1.265E+00 4.674E+13 6.554E-01 7.352E+01 4.787E+04 1.731E-08 1.530E-08 3.470E-06 2.526E-03 3.549E-05 4.055E-07 4.533E-07 4.786E+12 3.534E+03 8.475E+01 3.737E-07 8.093E-08 7.562E-11 2.120E-12 8.131E-10 4.465E-16 2.980E-06 4.559E-13 5.078E-22 8.538E-33 2.687E-19 5.140E-03 3.050E-06 2.402E-06 4.842E-09 7.547E-14
   9.050E+06 1.068E+00 3.953E+13 5.870E-01 5.679E+01 3.661E+04 2.349E-08 1.694E-08 3.546E-06 2.522E-03 3.550E-05 3.671E-07 4.052E-07 4.019E+12 2.281E+03 1.003E+02 3.750E-07 8.227E-08 5.769E-11 1.514E-12 7.737E-10 3.593E-16 3.050E-06 2.577E-13 3.468E-22 2.398E-33 1.389E-19 6.185E-03 3.112E-06 2.403E-06 4.394E-09 6.017E-14
   9.150E+06 9.012E-01 3.336E+13 5.282E-01 4.384E+01 2.719E+04 3.106E-08 1.869E-08 3.625E-06 2.522E-03 3.551E-05 3.231E-07 3.625E-07 3.364E+12 1.452E+03 1.196E+02 3.763E-07 8.356E-08 4.353E-11 1.089E-12 7.389E-10 2.892E-16 3.112E-06 1.464E-13 2.356E-22 6.783E-34 7.206E-20 7.349E-03 3.167E-06 2.404E-06 3.996E-09 4.918E-14
   9.250E+06 7.607E-01 2.816E+13 4.784E-01 3.392E+01 1.986E+04 4.021E-08 2.051E-08 3.708E-06 2.523E-03 3.551E-05 2.796E-07 3.249E-07 2.814E+12 9.183E+02 1.432E+02 3.775E-07 8.478E-08 3.261E-11 7.894E-13 7.089E-10 2.340E-16 3.167E-06 8.368E-14 1.609E-22 1.935E-34 3.754E-20 8.632E-03 3.216E-06 2.406E-06 3.646E-09 4.117E-14
   9.350E+06 6.424E-01 2.366E+13 4.323E-01 2.621E+01 1.394E+04 5.111E-08 2.242E-08 3.793E-06 2.531E-03 3.552E-05 2.328E-07 2.920E-07 2.341E+12 5.697E+02 1.716E+02 3.786E-07 8.591E-08 2.408E-11 5.738E-13 6.840E-10 1.890E-16 3.216E-06 4.806E-14 1.084E-22 5.581E-35 1.966E-20 1.004E-02 3.259E-06 2.408E-06 3.338E-09 3.526E-14
   9.450E+06 5.432E-01 1.981E+13 3.893E-01 2.024E+01 9.402E+03 6.382E-08 2.440E-08 3.881E-06 2.537E-03 3.552E-05 1.871E-07 2.633E-07 1.939E+12 3.477E+02 2.055E+02 3.795E-07 8.696E-08 1.755E-11 4.182E-13 6.640E-10 1.527E-16 3.259E-06 2.768E-14 7.222E-23 1.629E-35 1.036E-20 1.156E-02 3.296E-06 2.410E-06 3.068E-09 3.083E-14
   9.550E+06 4.602E-01 1.661E+13 3.508E-01 1.573E+01 6.275E+03 7.832E-08 2.637E-08 3.970E-06 2.541E-03 3.553E-05 1.487E-07 2.385E-07 1.607E+12 2.119E+02 2.445E+02 3.804E-07 8.791E-08 1.275E-11 3.072E-13 6.487E-10 1.244E-16 3.296E-06 1.601E-14 4.860E-23 4.817E-36 5.508E-21 1.321E-02 3.328E-06 2.411E-06 2.833E-09 2.750E-14
   9.650E+06 3.908E-01 1.383E+13 3.136E-01 1.220E+01 3.942E+03 9.468E-08 2.833E-08 4.058E-06 2.546E-03 3.553E-05 1.119E-07 2.173E-07 1.321E+12 1.259E+02 2.898E+02 3.812E-07 8.875E-08 9.100E-12 2.251E-13 6.379E-10 1.007E-16 3.328E-06 9.285E-15 3.179E-23 1.447E-36 2.966E-21 1.496E-02 3.352E-06 2.412E-06 2.630E-09 2.499E-14
   9.750E+06 3.332E-01 1.149E+13 2.794E-01 9.505E+00 2.384E+03 1.128E-07 3.025E-08 4.145E-06 2.551E-03 3.553E-05 8.136E-08 1.996E-07 1.082E+12 7.382E+01 3.413E+02 3.818E-07 8.950E-08 6.426E-12 1.651E-13 6.305E-10 8.142E-17 3.352E-06 5.449E-15 2.053E-23 4.426E-37 1.637E-21 1.683E-02 3.368E-06 2.411E-06 2.457E-09 2.309E-14
   9.850E+06 2.852E-01 9.587E+12 2.503E-01 7.507E+00 1.446E+03 1.327E-07 3.208E-08 4.229E-06 2.555E-03 3.554E-05 5.902E-08 1.852E-07 8.895E+11 4.365E+01 3.980E+02 3.824E-07 9.015E-08 4.553E-12 1.221E-13 6.258E-10 6.639E-17 3.368E-06 3.370E-15 1.344E-23 1.405E-37 9.614E-22 1.879E-02 3.373E-06 2.406E-06 2.312E-09 2.167E-14
   9.950E+06 2.453E-01 7.961E+12 2.243E-01 5.965E+00 8.425E+02 1.546E-07 3.389E-08 4.309E-06 2.561E-03 3.554E-05 4.132E-08 1.739E-07 7.274E+11 2.567E+01 4.622E+02 3.829E-07 9.072E-08 3.224E-12 9.003E-14 6.229E-10 5.367E-17 3.373E-06 2.427E-15 8.555E-24 5.367E-38 6.609E-22 2.083E-02 0.000E+00 2.398E-06 2.194E-09 2.064E-14
