# (dyne/cm2) (K)     (cm2/s)
# Pressure        Temp     Kzz
 9.92556E+05   287.14  1.000E+05
 9.76325E+05   286.46  1.000E+05
 9.57485E+05   285.41  1.000E+05
 9.36198E+05   284.09  1.000E+05
 9.12645E+05   282.66  1.000E+05
 8.87020E+05   281.15  1.000E+05
 8.59535E+05   279.67  1.000E+05
 8.20858E+05   277.80  1.000E+05
 7.63404E+05   275.42  1.000E+05
 6.91389E+05   271.49  1.000E+05
 6.09779E+05   265.98  1.000E+05
 5.24687E+05   259.14  1.000E+05
 4.45993E+05   251.10  1.000E+05
 3.79101E+05   242.89  1.000E+05
 3.22242E+05   234.72  9.036E+04
 2.73911E+05   227.18  6.337E+04
 2.32829E+05   220.81  2.868E+04
 1.97908E+05   215.96  1.340E+04
 1.68225E+05   212.25  7.203E+03
 1.42994E+05   209.16  5.458E+03
 1.21547E+05   206.57  4.522E+03
 1.03317E+05   204.77  3.978E+03
 8.78212E+04   204.20  3.919E+03
 7.37510E+04   204.81  4.041E+03
 6.15205E+04   205.55  4.344E+03
 5.16775E+04   206.04  4.871E+03
 4.31938E+04   206.41  5.600E+03
 3.59233E+04   206.91  6.498E+03
 2.97280E+04   207.74  7.576E+03
 2.44790E+04   209.08  8.811E+03
 2.00568E+04   210.98  1.014E+04
 1.63518E+04   213.38  1.171E+04
 1.32648E+04   216.35  1.357E+04
 1.07071E+04   219.92  1.567E+04
 8.59973E+03   223.83  1.792E+04
 6.87285E+03   227.19  2.071E+04
 5.46540E+03   228.77  2.458E+04
 4.32457E+03   228.55  2.972E+04
 3.40488E+03   226.37  3.600E+04
 2.66742E+03   222.83  4.345E+04
 2.07932E+03   218.78  5.401E+04
 1.61285E+03   214.81  6.592E+04
 1.24479E+03   210.86  8.206E+04
 9.55948E+02   206.90  1.013E+05
 7.30480E+02   202.94  1.115E+05
 5.53470E+02   199.03  1.120E+05
 4.10168E+02   195.34  1.120E+05
 2.92025E+02   192.20  1.120E+05
 1.98120E+02   189.31  1.120E+05
 1.28273E+02   186.02  1.120E+05
 7.99108E+01   182.58  1.120E+05
 4.87307E+01   180.13  1.120E+05
 2.95578E+01   179.69  1.120E+05
 1.78980E+01   181.54  1.120E+05
 1.08138E+01   185.49  1.120E+05
 6.55683E+00   189.81  1.120E+05
 3.97825E+00   192.47  1.120E+05
 2.40457E+00   193.05  1.120E+05
 1.45846E+00   193.46  1.120E+05
 8.84602E-01   196.27  1.120E+05
 5.36533E-01   204.60  1.120E+05
 3.25423E-01   222.44  1.120E+05
 1.97380E-01   254.91  1.120E+05
 1.19719E-01   306.62  1.120E+05
 7.26127E-02   375.94  1.120E+05
 4.40410E-02   452.88  1.120E+05
 2.67123E-02   525.13  1.120E+05
 1.62019E-02   582.86  1.120E+05
 9.82690E-03   620.21  1.120E+05
 5.96030E-03   632.01  1.120E+05
