# (dyne/cm2) (K)     (cm2/s)
# Pressure        Temp     Kzz
 9.92556E+05   286.71  1.000E+05
 9.76325E+05   286.04  1.000E+05
 9.57485E+05   284.99  1.000E+05
 9.36198E+05   283.67  1.000E+05
 9.12645E+05   282.23  1.000E+05
 8.87020E+05   280.72  1.000E+05
 8.59535E+05   279.21  1.000E+05
 8.20858E+05   277.32  1.000E+05
 7.63404E+05   274.90  1.000E+05
 6.91389E+05   270.96  1.000E+05
 6.09779E+05   265.43  1.000E+05
 5.24687E+05   258.54  1.000E+05
 4.45993E+05   250.44  1.000E+05
 3.79101E+05   242.17  1.000E+05
 3.22242E+05   233.90  9.036E+04
 2.73911E+05   226.21  6.337E+04
 2.32829E+05   219.58  2.868E+04
 1.97908E+05   214.39  1.340E+04
 1.68225E+05   210.40  7.203E+03
 1.42994E+05   207.08  5.458E+03
 1.21547E+05   204.09  4.522E+03
 1.03317E+05   201.45  3.978E+03
 8.78212E+04   199.37  3.919E+03
 7.37510E+04   197.74  4.041E+03
 6.15205E+04   196.34  4.344E+03
 5.16775E+04   195.38  4.871E+03
 4.31938E+04   194.95  5.600E+03
 3.59233E+04   195.14  6.498E+03
 2.97280E+04   195.71  7.576E+03
 2.44790E+04   196.30  8.811E+03
 2.00568E+04   196.58  1.014E+04
 1.63518E+04   196.35  1.171E+04
 1.32648E+04   195.43  1.357E+04
 1.07071E+04   193.77  1.567E+04
 8.59973E+03   191.36  1.792E+04
 6.87285E+03   188.30  2.071E+04
 5.46540E+03   184.73  2.458E+04
 4.32457E+03   181.25  2.972E+04
 3.40488E+03   178.50  3.600E+04
 2.66742E+03   176.50  4.345E+04
 2.07932E+03   175.26  5.401E+04
 1.61285E+03   175.07  6.592E+04
 1.24479E+03   175.42  8.206E+04
 9.55948E+02   175.67  1.013E+05
 7.30480E+02   175.67  1.115E+05
 5.53470E+02   175.51  1.120E+05
 4.10168E+02   175.22  1.120E+05
 2.92025E+02   174.73  1.120E+05
 1.98120E+02   173.94  1.120E+05
 1.28273E+02   172.96  1.120E+05
 7.99108E+01   172.42  1.120E+05
 4.87307E+01   173.00  1.120E+05
 2.95578E+01   175.05  1.120E+05
 1.78980E+01   178.38  1.120E+05
 1.08138E+01   182.40  1.120E+05
 6.55683E+00   186.68  1.120E+05
 3.97825E+00   191.65  1.120E+05
 2.40457E+00   200.87  1.120E+05
 1.45846E+00   219.29  1.120E+05
 8.84602E-01   250.62  1.120E+05
 5.36533E-01   297.44  1.120E+05
 3.25423E-01   359.34  1.120E+05
 1.97380E-01   429.24  1.120E+05
 1.19719E-01   497.02  1.120E+05
 7.26127E-02   555.89  1.120E+05
 4.40410E-02   603.60  1.120E+05
 2.67123E-02   639.95  1.120E+05
 1.62019E-02   664.09  1.120E+05
 9.82690E-03   674.62  1.120E+05
 5.96030E-03   656.47  1.120E+05
