# (dyne/cm2) (K)     (cm2/s)
# Pressure        Temp     Kzz
 9.92556E+05   287.32  1.000E+05
 9.76325E+05   286.64  1.000E+05
 9.57485E+05   285.58  1.000E+05
 9.36198E+05   284.27  1.000E+05
 9.12645E+05   282.83  1.000E+05
 8.87020E+05   281.33  1.000E+05
 8.59535E+05   279.84  1.000E+05
 8.20858E+05   277.97  1.000E+05
 7.63404E+05   275.59  1.000E+05
 6.91389E+05   271.67  1.000E+05
 6.09779E+05   266.14  1.000E+05
 5.24687E+05   259.31  1.000E+05
 4.45993E+05   251.29  1.000E+05
 3.79101E+05   243.08  1.000E+05
 3.22242E+05   234.90  9.036E+04
 2.73911E+05   227.33  6.337E+04
 2.32829E+05   220.88  2.868E+04
 1.97908E+05   215.92  1.340E+04
 1.68225E+05   212.11  7.203E+03
 1.42994E+05   208.93  5.458E+03
 1.21547E+05   206.18  4.522E+03
 1.03317E+05   204.12  3.978E+03
 8.78212E+04   203.11  3.919E+03
 7.37510E+04   203.17  4.041E+03
 6.15205E+04   203.35  4.344E+03
 5.16775E+04   203.37  4.871E+03
 4.31938E+04   203.36  5.600E+03
 3.59233E+04   203.57  6.498E+03
 2.97280E+04   204.25  7.576E+03
 2.44790E+04   205.58  8.811E+03
 2.00568E+04   207.54  1.014E+04
 1.63518E+04   210.01  1.171E+04
 1.32648E+04   212.81  1.357E+04
 1.07071E+04   215.63  1.567E+04
 8.59973E+03   217.58  1.792E+04
 6.87285E+03   218.04  2.071E+04
 5.46540E+03   216.82  2.458E+04
 4.32457E+03   213.59  2.972E+04
 3.40488E+03   209.28  3.600E+04
 2.66742E+03   204.68  4.345E+04
 2.07932E+03   200.20  5.401E+04
 1.61285E+03   196.29  6.592E+04
 1.24479E+03   192.97  8.206E+04
 9.55948E+02   190.02  1.013E+05
 7.30480E+02   187.28  1.115E+05
 5.53470E+02   184.88  1.120E+05
 4.10168E+02   183.12  1.120E+05
 2.92025E+02   181.79  1.120E+05
 1.98120E+02   180.18  1.120E+05
 1.28273E+02   178.12  1.120E+05
 7.99108E+01   176.28  1.120E+05
 4.87307E+01   175.67  1.120E+05
 2.95578E+01   176.83  1.120E+05
 1.78980E+01   179.87  1.120E+05
 1.08138E+01   184.15  1.120E+05
 6.55683E+00   188.11  1.120E+05
 3.97825E+00   190.61  1.120E+05
 2.40457E+00   192.21  1.120E+05
 1.45846E+00   195.12  1.120E+05
 8.84602E-01   202.06  1.120E+05
 5.36533E-01   216.23  1.120E+05
 3.25423E-01   242.07  1.120E+05
 1.97380E-01   284.62  1.120E+05
 1.19719E-01   345.17  1.120E+05
 7.26127E-02   417.32  1.120E+05
 4.40410E-02   490.24  1.120E+05
 2.67123E-02   554.72  1.120E+05
 1.62019E-02   604.05  1.120E+05
 9.82690E-03   634.40  1.120E+05
 5.96030E-03   638.82  1.120E+05
