# (dyne/cm2) (K)     (cm2/s)
# Pressure        Temp     Kzz
 9.92556E+05   286.96  1.000E+05
 9.76325E+05   286.29  1.000E+05
 9.57485E+05   285.24  1.000E+05
 9.36198E+05   283.93  1.000E+05
 9.12645E+05   282.49  1.000E+05
 8.87020E+05   280.99  1.000E+05
 8.59535E+05   279.50  1.000E+05
 8.20858E+05   277.63  1.000E+05
 7.63404E+05   275.23  1.000E+05
 6.91389E+05   271.29  1.000E+05
 6.09779E+05   265.78  1.000E+05
 5.24687E+05   258.90  1.000E+05
 4.45993E+05   250.84  1.000E+05
 3.79101E+05   242.60  1.000E+05
 3.22242E+05   234.42  9.036E+04
 2.73911E+05   226.90  6.337E+04
 2.32829E+05   220.56  2.868E+04
 1.97908E+05   215.80  1.340E+04
 1.68225E+05   212.23  7.203E+03
 1.42994E+05   209.28  5.458E+03
 1.21547E+05   206.82  4.522E+03
 1.03317E+05   205.16  3.978E+03
 8.78212E+04   204.95  3.919E+03
 7.37510E+04   206.53  4.041E+03
 6.15205E+04   208.80  4.344E+03
 5.16775E+04   210.80  4.871E+03
 4.31938E+04   212.51  5.600E+03
 3.59233E+04   214.13  6.498E+03
 2.97280E+04   215.84  7.576E+03
 2.44790E+04   217.71  8.811E+03
 2.00568E+04   219.71  1.014E+04
 1.63518E+04   221.78  1.171E+04
 1.32648E+04   224.06  1.357E+04
 1.07071E+04   226.80  1.567E+04
 8.59973E+03   230.39  1.792E+04
 6.87285E+03   234.87  2.071E+04
 5.46540E+03   239.91  2.458E+04
 4.32457E+03   244.88  2.972E+04
 3.40488E+03   249.27  3.600E+04
 2.66742E+03   252.73  4.345E+04
 2.07932E+03   254.82  5.401E+04
 1.61285E+03   255.56  6.592E+04
 1.24479E+03   254.87  8.206E+04
 9.55948E+02   252.74  1.013E+05
 7.30480E+02   249.30  1.115E+05
 5.53470E+02   244.68  1.120E+05
 4.10168E+02   238.93  1.120E+05
 2.92025E+02   232.06  1.120E+05
 1.98120E+02   224.57  1.120E+05
 1.28273E+02   216.98  1.120E+05
 7.99108E+01   209.49  1.120E+05
 4.87307E+01   202.42  1.120E+05
 2.95578E+01   196.92  1.120E+05
 1.78980E+01   193.95  1.120E+05
 1.08138E+01   193.96  1.120E+05
 6.55683E+00   196.21  1.120E+05
 3.97825E+00   198.70  1.120E+05
 2.40457E+00   199.09  1.120E+05
 1.45846E+00   197.50  1.120E+05
 8.84602E-01   195.64  1.120E+05
 5.36533E-01   195.70  1.120E+05
 3.25423E-01   201.47  1.120E+05
 1.97380E-01   217.99  1.120E+05
 1.19719E-01   251.24  1.120E+05
 7.26127E-02   306.36  1.120E+05
 4.40410E-02   379.49  1.120E+05
 2.67123E-02   457.43  1.120E+05
 1.62019E-02   528.54  1.120E+05
 9.82690E-03   584.43  1.120E+05
 5.96030E-03   616.48  1.120E+05
