# (dyne/cm2) (K)     (cm2/s)
# Pressure        Temp     Kzz
 9.92556E+05   221.11  1.000E+05
 9.76325E+05   225.37  1.000E+05
 9.57485E+05   228.21  1.000E+05
 9.36198E+05   230.66  1.000E+05
 9.12645E+05   233.12  1.000E+05
 8.87020E+05   235.78  1.000E+05
 8.59535E+05   238.37  1.000E+05
 8.20858E+05   241.13  1.000E+05
 7.63404E+05   243.98  1.000E+05
 6.91389E+05   244.78  1.000E+05
 6.09779E+05   242.14  1.000E+05
 5.24687E+05   236.64  1.000E+05
 4.45993E+05   229.41  1.000E+05
 3.79101E+05   221.56  1.000E+05
 3.22242E+05   213.70  9.036E+04
 2.73911E+05   205.94  6.337E+04
 2.32829E+05   198.53  2.868E+04
 1.97908E+05   192.00  1.340E+04
 1.68225E+05   186.93  7.203E+03
 1.42994E+05   184.38  5.458E+03
 1.21547E+05   184.53  4.522E+03
 1.03317E+05   184.73  3.978E+03
 8.78212E+04   184.28  3.919E+03
 7.37510E+04   183.50  4.041E+03
 6.15205E+04   182.76  4.344E+03
 5.16775E+04   182.44  4.871E+03
 4.31938E+04   182.64  5.600E+03
 3.59233E+04   183.36  6.498E+03
 2.97280E+04   184.57  7.576E+03
 2.44790E+04   186.13  8.811E+03
 2.00568E+04   187.72  1.014E+04
 1.63518E+04   188.83  1.171E+04
 1.32648E+04   189.44  1.357E+04
 1.07071E+04   189.80  1.567E+04
 8.59973E+03   189.97  1.792E+04
 6.87285E+03   189.90  2.071E+04
 5.46540E+03   189.42  2.458E+04
 4.32457E+03   188.52  2.972E+04
 3.40488E+03   187.31  3.600E+04
 2.66742E+03   185.93  4.345E+04
 2.07932E+03   184.29  5.401E+04
 1.61285E+03   182.34  6.592E+04
 1.24479E+03   181.36  8.206E+04
 9.55948E+02   181.45  1.013E+05
 7.30480E+02   181.84  1.115E+05
 5.53470E+02   181.77  1.120E+05
 4.10168E+02   180.89  1.120E+05
 2.92025E+02   179.19  1.120E+05
 1.98120E+02   176.86  1.120E+05
 1.28273E+02   174.78  1.120E+05
 7.99108E+01   173.45  1.120E+05
 4.87307E+01   173.40  1.120E+05
 2.95578E+01   176.49  1.120E+05
 1.78980E+01   185.15  1.120E+05
 1.08138E+01   203.71  1.120E+05
 6.55683E+00   222.26  1.120E+05
 3.97825E+00   235.70  1.120E+05
 2.40457E+00   275.14  1.120E+05
 1.45846E+00   343.81  1.120E+05
 8.84602E-01   414.92  1.120E+05
 5.36533E-01   478.81  1.120E+05
 3.25423E-01   533.36  1.120E+05
 1.97380E-01   579.46  1.120E+05
 1.19719E-01   618.10  1.120E+05
 7.26127E-02   649.78  1.120E+05
 4.40410E-02   673.56  1.120E+05
 2.67123E-02   688.72  1.120E+05
 1.62019E-02   697.37  1.120E+05
 9.82690E-03   695.29  1.120E+05
 5.96030E-03   664.56  1.120E+05
