# (dyne/cm2) (K)     (cm2/s)
# Pressure        Temp     Kzz
 9.92556E+05   221.78  1.000E+05
 9.76325E+05   226.20  1.000E+05
 9.57485E+05   229.02  1.000E+05
 9.36198E+05   231.52  1.000E+05
 9.12645E+05   233.97  1.000E+05
 8.87020E+05   236.46  1.000E+05
 8.59535E+05   238.85  1.000E+05
 8.20858E+05   241.40  1.000E+05
 7.63404E+05   243.99  1.000E+05
 6.91389E+05   244.80  1.000E+05
 6.09779E+05   242.26  1.000E+05
 5.24687E+05   236.88  1.000E+05
 4.45993E+05   229.66  1.000E+05
 3.79101E+05   221.88  1.000E+05
 3.22242E+05   214.12  9.036E+04
 2.73911E+05   206.43  6.337E+04
 2.32829E+05   199.17  2.868E+04
 1.97908E+05   192.91  1.340E+04
 1.68225E+05   188.21  7.203E+03
 1.42994E+05   186.12  5.458E+03
 1.21547E+05   186.08  4.522E+03
 1.03317E+05   185.86  3.978E+03
 8.78212E+04   185.28  3.919E+03
 7.37510E+04   184.56  4.041E+03
 6.15205E+04   183.92  4.344E+03
 5.16775E+04   183.54  4.871E+03
 4.31938E+04   183.44  5.600E+03
 3.59233E+04   183.52  6.498E+03
 2.97280E+04   183.75  7.576E+03
 2.44790E+04   184.01  8.811E+03
 2.00568E+04   184.22  1.014E+04
 1.63518E+04   184.27  1.171E+04
 1.32648E+04   184.23  1.357E+04
 1.07071E+04   184.24  1.567E+04
 8.59973E+03   184.34  1.792E+04
 6.87285E+03   184.34  2.071E+04
 5.46540E+03   184.04  2.458E+04
 4.32457E+03   183.49  2.972E+04
 3.40488E+03   182.93  3.600E+04
 2.66742E+03   182.61  4.345E+04
 2.07932E+03   182.65  5.401E+04
 1.61285E+03   182.89  6.592E+04
 1.24479E+03   183.39  8.206E+04
 9.55948E+02   183.55  1.013E+05
 7.30480E+02   183.29  1.115E+05
 5.53470E+02   182.23  1.120E+05
 4.10168E+02   180.81  1.120E+05
 2.92025E+02   180.56  1.120E+05
 1.98120E+02   182.70  1.120E+05
 1.28273E+02   186.36  1.120E+05
 7.99108E+01   189.56  1.120E+05
 4.87307E+01   191.55  1.120E+05
 2.95578E+01   194.26  1.120E+05
 1.78980E+01   198.94  1.120E+05
 1.08138E+01   211.21  1.120E+05
 6.55683E+00   232.83  1.120E+05
 3.97825E+00   246.22  1.120E+05
 2.40457E+00   300.49  1.120E+05
 1.45846E+00   342.70  1.120E+05
 8.84602E-01   382.99  1.120E+05
 5.36533E-01   423.85  1.120E+05
 3.25423E-01   463.85  1.120E+05
 1.97380E-01   503.53  1.120E+05
 1.19719E-01   543.09  1.120E+05
 7.26127E-02   581.83  1.120E+05
 4.40410E-02   617.24  1.120E+05
 2.67123E-02   645.78  1.120E+05
 1.62019E-02   667.80  1.120E+05
 9.82690E-03   678.98  1.120E+05
 5.96030E-03   659.49  1.120E+05
