# (dyne/cm2) (K)     (cm2/s)
# Pressure        Temp     Kzz
 9.92556E+05   284.29  1.000E+05
 9.76325E+05   283.65  1.000E+05
 9.57485E+05   282.62  1.000E+05
 9.36198E+05   281.31  1.000E+05
 9.12645E+05   279.85  1.000E+05
 8.87020E+05   278.29  1.000E+05
 8.59535E+05   276.71  1.000E+05
 8.20858E+05   274.67  1.000E+05
 7.63404E+05   272.10  1.000E+05
 6.91389E+05   268.23  1.000E+05
 6.09779E+05   262.63  1.000E+05
 5.24687E+05   255.43  1.000E+05
 4.45993E+05   247.02  1.000E+05
 3.79101E+05   238.55  1.000E+05
 3.22242E+05   230.14  9.036E+04
 2.73911E+05   222.38  6.337E+04
 2.32829E+05   215.63  2.868E+04
 1.97908E+05   210.24  1.340E+04
 1.68225E+05   205.97  7.203E+03
 1.42994E+05   202.18  5.458E+03
 1.21547E+05   198.50  4.522E+03
 1.03317E+05   195.01  3.978E+03
 8.78212E+04   191.93  3.919E+03
 7.37510E+04   189.45  4.041E+03
 6.15205E+04   187.66  4.344E+03
 5.16775E+04   186.40  4.871E+03
 4.31938E+04   185.30  5.600E+03
 3.59233E+04   184.21  6.498E+03
 2.97280E+04   183.09  7.576E+03
 2.44790E+04   181.99  8.811E+03
 2.00568E+04   180.94  1.014E+04
 1.63518E+04   180.10  1.171E+04
 1.32648E+04   179.65  1.357E+04
 1.07071E+04   179.71  1.567E+04
 8.59973E+03   180.13  1.792E+04
 6.87285E+03   180.35  2.071E+04
 5.46540E+03   179.74  2.458E+04
 4.32457E+03   178.22  2.972E+04
 3.40488E+03   176.24  3.600E+04
 2.66742E+03   174.47  4.345E+04
 2.07932E+03   173.37  5.401E+04
 1.61285E+03   172.98  6.592E+04
 1.24479E+03   172.89  8.206E+04
 9.55948E+02   172.75  1.013E+05
 7.30480E+02   172.38  1.115E+05
 5.53470E+02   171.68  1.120E+05
 4.10168E+02   170.58  1.120E+05
 2.92025E+02   169.13  1.120E+05
 1.98120E+02   167.68  1.120E+05
 1.28273E+02   166.81  1.120E+05
 7.99108E+01   167.27  1.120E+05
 4.87307E+01   169.98  1.120E+05
 2.95578E+01   176.00  1.120E+05
 1.78980E+01   186.04  1.120E+05
 1.08138E+01   201.43  1.120E+05
 6.55683E+00   220.96  1.120E+05
 3.97825E+00   242.33  1.120E+05
 2.40457E+00   283.07  1.120E+05
 1.45846E+00   368.45  1.120E+05
 8.84602E-01   484.24  1.120E+05
 5.36533E-01   601.30  1.120E+05
 3.25423E-01   695.84  1.120E+05
 1.97380E-01   753.55  1.120E+05
 1.19719E-01   780.16  1.120E+05
 7.26127E-02   789.75  1.120E+05
 4.40410E-02   788.77  1.120E+05
 2.67123E-02   779.47  1.120E+05
 1.62019E-02   762.51  1.120E+05
 9.82690E-03   735.25  1.120E+05
 5.96030E-03   681.47  1.120E+05
