# (dyne/cm2) (K)     (cm2/s)
# Pressure        Temp     Kzz
 9.92556E+05   286.03  1.000E+05
 9.76325E+05   285.36  1.000E+05
 9.57485E+05   284.31  1.000E+05
 9.36198E+05   282.99  1.000E+05
 9.12645E+05   281.55  1.000E+05
 8.87020E+05   280.02  1.000E+05
 8.59535E+05   278.49  1.000E+05
 8.20858E+05   276.56  1.000E+05
 7.63404E+05   274.10  1.000E+05
 6.91389E+05   270.14  1.000E+05
 6.09779E+05   264.58  1.000E+05
 5.24687E+05   257.60  1.000E+05
 4.45993E+05   249.41  1.000E+05
 3.79101E+05   241.08  1.000E+05
 3.22242E+05   232.77  9.036E+04
 2.73911E+05   225.06  6.337E+04
 2.32829E+05   218.42  2.868E+04
 1.97908E+05   213.22  1.340E+04
 1.68225E+05   209.21  7.203E+03
 1.42994E+05   205.81  5.458E+03
 1.21547E+05   202.58  4.522E+03
 1.03317E+05   199.59  3.978E+03
 8.78212E+04   197.01  3.919E+03
 7.37510E+04   194.91  4.041E+03
 6.15205E+04   193.26  4.344E+03
 5.16775E+04   192.31  4.871E+03
 4.31938E+04   192.00  5.600E+03
 3.59233E+04   192.09  6.498E+03
 2.97280E+04   192.14  7.576E+03
 2.44790E+04   191.84  8.811E+03
 2.00568E+04   191.14  1.014E+04
 1.63518E+04   189.93  1.171E+04
 1.32648E+04   188.12  1.357E+04
 1.07071E+04   185.81  1.567E+04
 8.59973E+03   183.26  1.792E+04
 6.87285E+03   180.90  2.071E+04
 5.46540E+03   179.03  2.458E+04
 4.32457E+03   177.52  2.972E+04
 3.40488E+03   176.23  3.600E+04
 2.66742E+03   175.29  4.345E+04
 2.07932E+03   174.86  5.401E+04
 1.61285E+03   174.79  6.592E+04
 1.24479E+03   174.68  8.206E+04
 9.55948E+02   174.41  1.013E+05
 7.30480E+02   174.12  1.115E+05
 5.53470E+02   173.87  1.120E+05
 4.10168E+02   173.51  1.120E+05
 2.92025E+02   172.81  1.120E+05
 1.98120E+02   171.79  1.120E+05
 1.28273E+02   170.79  1.120E+05
 7.99108E+01   170.48  1.120E+05
 4.87307E+01   171.39  1.120E+05
 2.95578E+01   174.06  1.120E+05
 1.78980E+01   178.77  1.120E+05
 1.08138E+01   185.23  1.120E+05
 6.55683E+00   192.99  1.120E+05
 3.97825E+00   202.54  1.120E+05
 2.40457E+00   220.77  1.120E+05
 1.45846E+00   256.38  1.120E+05
 8.84602E-01   311.72  1.120E+05
 5.36533E-01   382.66  1.120E+05
 3.25423E-01   460.29  1.120E+05
 1.97380E-01   533.31  1.120E+05
 1.19719E-01   593.49  1.120E+05
 7.26127E-02   638.04  1.120E+05
 4.40410E-02   668.80  1.120E+05
 2.67123E-02   688.62  1.120E+05
 1.62019E-02   698.64  1.120E+05
 9.82690E-03   696.54  1.120E+05
 5.96030E-03   665.45  1.120E+05
