# (dyne/cm2) (K)     (cm2/s)
# Pressure        Temp     Kzz
 9.92556E+05   286.80  1.000E+05
 9.76325E+05   286.12  1.000E+05
 9.57485E+05   285.08  1.000E+05
 9.36198E+05   283.76  1.000E+05
 9.12645E+05   282.32  1.000E+05
 8.87020E+05   280.82  1.000E+05
 8.59535E+05   279.32  1.000E+05
 8.20858E+05   277.45  1.000E+05
 7.63404E+05   275.04  1.000E+05
 6.91389E+05   271.10  1.000E+05
 6.09779E+05   265.59  1.000E+05
 5.24687E+05   258.68  1.000E+05
 4.45993E+05   250.60  1.000E+05
 3.79101E+05   242.33  1.000E+05
 3.22242E+05   234.16  9.036E+04
 2.73911E+05   226.67  6.337E+04
 2.32829E+05   220.43  2.868E+04
 1.97908E+05   215.77  1.340E+04
 1.68225E+05   212.22  7.203E+03
 1.42994E+05   209.28  5.458E+03
 1.21547E+05   206.89  4.522E+03
 1.03317E+05   205.40  3.978E+03
 8.78212E+04   205.46  3.919E+03
 7.37510E+04   207.33  4.041E+03
 6.15205E+04   209.92  4.344E+03
 5.16775E+04   212.28  4.871E+03
 4.31938E+04   214.29  5.600E+03
 3.59233E+04   216.27  6.498E+03
 2.97280E+04   218.34  7.576E+03
 2.44790E+04   220.62  8.811E+03
 2.00568E+04   223.03  1.014E+04
 1.63518E+04   225.48  1.171E+04
 1.32648E+04   227.94  1.357E+04
 1.07071E+04   230.59  1.567E+04
 8.59973E+03   233.81  1.792E+04
 6.87285E+03   237.72  2.071E+04
 5.46540E+03   242.24  2.458E+04
 4.32457E+03   246.95  2.972E+04
 3.40488E+03   251.74  3.600E+04
 2.66742E+03   256.61  4.345E+04
 2.07932E+03   261.22  5.401E+04
 1.61285E+03   264.84  6.592E+04
 1.24479E+03   266.88  8.206E+04
 9.55948E+02   267.30  1.013E+05
 7.30480E+02   265.97  1.115E+05
 5.53470E+02   263.03  1.120E+05
 4.10168E+02   258.62  1.120E+05
 2.92025E+02   252.57  1.120E+05
 1.98120E+02   244.56  1.120E+05
 1.28273E+02   235.38  1.120E+05
 7.99108E+01   226.06  1.120E+05
 4.87307E+01   216.96  1.120E+05
 2.95578E+01   209.09  1.120E+05
 1.78980E+01   203.58  1.120E+05
 1.08138E+01   201.33  1.120E+05
 6.55683E+00   201.86  1.120E+05
 3.97825E+00   203.83  1.120E+05
 2.40457E+00   204.53  1.120E+05
 1.45846E+00   202.97  1.120E+05
 8.84602E-01   200.13  1.120E+05
 5.36533E-01   197.99  1.120E+05
 3.25423E-01   199.56  1.120E+05
 1.97380E-01   209.29  1.120E+05
 1.19719E-01   232.19  1.120E+05
 7.26127E-02   274.89  1.120E+05
 4.40410E-02   338.96  1.120E+05
 2.67123E-02   414.22  1.120E+05
 1.62019E-02   488.80  1.120E+05
 9.82690E-03   555.56  1.120E+05
 5.96030E-03   605.04  1.120E+05
