# (dyne/cm2) (K)     (cm2/s)
# Pressure        Temp     Kzz
 9.92556E+05   222.89  1.000E+05
 9.76325E+05   227.20  1.000E+05
 9.57485E+05   229.92  1.000E+05
 9.36198E+05   232.27  1.000E+05
 9.12645E+05   234.55  1.000E+05
 8.87020E+05   236.88  1.000E+05
 8.59535E+05   239.14  1.000E+05
 8.20858E+05   241.57  1.000E+05
 7.63404E+05   243.88  1.000E+05
 6.91389E+05   244.48  1.000E+05
 6.09779E+05   242.15  1.000E+05
 5.24687E+05   237.01  1.000E+05
 4.45993E+05   230.03  1.000E+05
 3.79101E+05   222.48  1.000E+05
 3.22242E+05   214.92  9.036E+04
 2.73911E+05   207.57  6.337E+04
 2.32829E+05   200.89  2.868E+04
 1.97908E+05   195.63  1.340E+04
 1.68225E+05   192.71  7.203E+03
 1.42994E+05   192.83  5.458E+03
 1.21547E+05   193.36  4.522E+03
 1.03317E+05   193.06  3.978E+03
 8.78212E+04   192.30  3.919E+03
 7.37510E+04   190.95  4.041E+03
 6.15205E+04   189.40  4.344E+03
 5.16775E+04   188.04  4.871E+03
 4.31938E+04   186.91  5.600E+03
 3.59233E+04   185.99  6.498E+03
 2.97280E+04   185.21  7.576E+03
 2.44790E+04   184.57  8.811E+03
 2.00568E+04   183.97  1.014E+04
 1.63518E+04   183.37  1.171E+04
 1.32648E+04   182.73  1.357E+04
 1.07071E+04   182.23  1.567E+04
 8.59973E+03   181.72  1.792E+04
 6.87285E+03   181.43  2.071E+04
 5.46540E+03   181.25  2.458E+04
 4.32457E+03   181.01  2.972E+04
 3.40488E+03   180.61  3.600E+04
 2.66742E+03   180.04  4.345E+04
 2.07932E+03   179.35  5.401E+04
 1.61285E+03   178.98  6.592E+04
 1.24479E+03   179.47  8.206E+04
 9.55948E+02   180.47  1.013E+05
 7.30480E+02   181.50  1.115E+05
 5.53470E+02   182.29  1.120E+05
 4.10168E+02   181.86  1.120E+05
 2.92025E+02   177.66  1.120E+05
 1.98120E+02   171.93  1.120E+05
 1.28273E+02   168.78  1.120E+05
 7.99108E+01   167.74  1.120E+05
 4.87307E+01   169.43  1.120E+05
 2.95578E+01   174.36  1.120E+05
 1.78980E+01   182.07  1.120E+05
 1.08138E+01   197.70  1.120E+05
 6.55683E+00   220.46  1.120E+05
 3.97825E+00   237.29  1.120E+05
 2.40457E+00   286.97  1.120E+05
 1.45846E+00   356.79  1.120E+05
 8.84602E-01   425.29  1.120E+05
 5.36533E-01   486.59  1.120E+05
 3.25423E-01   539.29  1.120E+05
 1.97380E-01   583.93  1.120E+05
 1.19719E-01   621.31  1.120E+05
 7.26127E-02   652.07  1.120E+05
 4.40410E-02   675.80  1.120E+05
 2.67123E-02   690.94  1.120E+05
 1.62019E-02   699.47  1.120E+05
 9.82690E-03   697.11  1.120E+05
 5.96030E-03   665.67  1.120E+05
