# (dyne/cm2) (K)     (cm2/s)
# Pressure        Temp     Kzz
 9.92556E+05   286.75  1.000E+05
 9.76325E+05   286.09  1.000E+05
 9.57485E+05   285.04  1.000E+05
 9.36198E+05   283.74  1.000E+05
 9.12645E+05   282.31  1.000E+05
 8.87020E+05   280.81  1.000E+05
 8.59535E+05   279.32  1.000E+05
 8.20858E+05   277.45  1.000E+05
 7.63404E+05   275.06  1.000E+05
 6.91389E+05   271.14  1.000E+05
 6.09779E+05   265.65  1.000E+05
 5.24687E+05   258.77  1.000E+05
 4.45993E+05   250.71  1.000E+05
 3.79101E+05   242.47  1.000E+05
 3.22242E+05   234.32  9.036E+04
 2.73911E+05   226.90  6.337E+04
 2.32829E+05   220.76  2.868E+04
 1.97908E+05   216.21  1.340E+04
 1.68225E+05   212.75  7.203E+03
 1.42994E+05   209.86  5.458E+03
 1.21547E+05   207.51  4.522E+03
 1.03317E+05   206.07  3.978E+03
 8.78212E+04   206.20  3.919E+03
 7.37510E+04   208.10  4.041E+03
 6.15205E+04   210.72  4.344E+03
 5.16775E+04   213.16  4.871E+03
 4.31938E+04   215.25  5.600E+03
 3.59233E+04   217.39  6.498E+03
 2.97280E+04   219.59  7.576E+03
 2.44790E+04   222.09  8.811E+03
 2.00568E+04   224.71  1.014E+04
 1.63518E+04   227.39  1.171E+04
 1.32648E+04   230.03  1.357E+04
 1.07071E+04   232.81  1.567E+04
 8.59973E+03   236.00  1.792E+04
 6.87285E+03   239.75  2.071E+04
 5.46540E+03   243.99  2.458E+04
 4.32457E+03   248.47  2.972E+04
 3.40488E+03   253.11  3.600E+04
 2.66742E+03   258.09  4.345E+04
 2.07932E+03   263.33  5.401E+04
 1.61285E+03   268.22  6.592E+04
 1.24479E+03   271.87  8.206E+04
 9.55948E+02   273.74  1.013E+05
 7.30480E+02   273.82  1.115E+05
 5.53470E+02   272.12  1.120E+05
 4.10168E+02   268.73  1.120E+05
 2.92025E+02   263.52  1.120E+05
 1.98120E+02   256.05  1.120E+05
 1.28273E+02   246.73  1.120E+05
 7.99108E+01   236.81  1.120E+05
 4.87307E+01   226.79  1.120E+05
 2.95578E+01   217.54  1.120E+05
 1.78980E+01   210.33  1.120E+05
 1.08138E+01   206.34  1.120E+05
 6.55683E+00   205.31  1.120E+05
 3.97825E+00   206.25  1.120E+05
 2.40457E+00   206.71  1.120E+05
 1.45846E+00   205.16  1.120E+05
 8.84602E-01   202.09  1.120E+05
 5.36533E-01   199.34  1.120E+05
 3.25423E-01   199.91  1.120E+05
 1.97380E-01   208.52  1.120E+05
 1.19719E-01   230.37  1.120E+05
 7.26127E-02   272.30  1.120E+05
 4.40410E-02   336.52  1.120E+05
 2.67123E-02   412.67  1.120E+05
 1.62019E-02   487.77  1.120E+05
 9.82690E-03   554.72  1.120E+05
 5.96030E-03   604.81  1.120E+05
