# WARNING | GENERATOR | Too many electrons per pixel (up to 9.04e+13) detected in the 1.54-19.95 um spectral range. Reduce exposure time per frame to less than 0.000 seconds.
# ------------------------------------------------------------------------
# Radiance spectrum
# NASA-GSFC Planetary Spectrum Generator (PSG) (Villanueva et al. 2018, 2022)
# Synthesized on Tue Oct  6 07:36:16 2026
# Doppler velocities [km/s] (vobs,vrot+vorb,vwidth,vrfl,vstr): 29.00000,-0.00000,0.00000,0.00000,-0.00000
# ------------------------------------------------------------------------
# Spectra synthesized with the Planetary and Universal Model of Atmospheric Scattering (PUMAS, Villanueva et al. 2018, 2022)
# Single scattering radiative transfer method
# Radiative transfer took 18.446 seconds
# ------------------------------------------------------------------------
# Spectral unit: Wavelength [um]
# Radiance unit: Contrast [transit atmospheric thickness, km]
# Wave/freq Total Noise Stellar Earth Transit
2.000000000e-01  4.3456477e+01         -inf  6.89329e+05  4.34565e+01  4.34565e+01
2.008000000e-01  4.3231996e+01         -inf  6.89329e+05  4.32320e+01  4.32320e+01
2.016032000e-01  4.3129374e+01         -inf  6.89329e+05  4.31294e+01  4.31294e+01
2.024096128e-01  4.3069007e+01         -inf  6.89329e+05  4.30690e+01  4.30690e+01
2.032192513e-01  4.2993925e+01         -inf  6.89329e+05  4.29939e+01  4.29939e+01
2.040321283e-01  4.2910919e+01         -inf  6.89329e+05  4.29109e+01  4.29109e+01
2.048482568e-01  4.2841872e+01         -inf  6.89329e+05  4.28419e+01  4.28419e+01
2.056676498e-01  4.2783012e+01         -inf  6.89329e+05  4.27830e+01  4.27830e+01
2.064903204e-01  4.2730943e+01         -inf  6.89329e+05  4.27309e+01  4.27309e+01
2.073162817e-01  4.2680760e+01         -inf  6.89329e+05  4.26808e+01  4.26808e+01
2.081455468e-01  4.2634727e+01         -inf  6.89329e+05  4.26347e+01  4.26347e+01
2.089781290e-01  4.2586807e+01         -inf  6.89329e+05  4.25868e+01  4.25868e+01
2.098140415e-01  4.2551338e+01         -inf  6.89329e+05  4.25513e+01  4.25513e+01
2.106532977e-01  4.2512097e+01         -inf  6.89329e+05  4.25121e+01  4.25121e+01
2.114959109e-01  4.2467194e+01         -inf  6.89329e+05  4.24672e+01  4.24672e+01
2.123418945e-01  4.2470968e+01         -inf  6.89329e+05  4.24710e+01  4.24710e+01
2.131912621e-01  4.2501531e+01         -inf  6.89329e+05  4.25015e+01  4.25015e+01
2.140440271e-01  4.2453233e+01         -inf  6.89329e+05  4.24532e+01  4.24532e+01
2.149002032e-01  4.2481156e+01         -inf  6.89329e+05  4.24812e+01  4.24812e+01
2.157598041e-01  4.2514738e+01         -inf  6.89329e+05  4.25147e+01  4.25147e+01
2.166228433e-01  4.2547943e+01         -inf  6.89329e+05  4.25479e+01  4.25479e+01
2.174893346e-01  4.2604541e+01         -inf  6.89329e+05  4.26045e+01  4.26045e+01
2.183592920e-01  4.2646801e+01         -inf  6.89329e+05  4.26468e+01  4.26468e+01
2.192327292e-01  4.2705662e+01         -inf  6.89329e+05  4.27057e+01  4.27057e+01
2.201096601e-01  4.2768674e+01         -inf  6.89329e+05  4.27687e+01  4.27687e+01
2.209900987e-01  4.2840363e+01         -inf  6.89329e+05  4.28404e+01  4.28404e+01
2.218740591e-01  4.2917333e+01         -inf  6.89329e+05  4.29173e+01  4.29173e+01
2.227615553e-01  4.2993548e+01         -inf  6.89329e+05  4.29935e+01  4.29935e+01
2.236526016e-01  4.3076553e+01         -inf  6.89329e+05  4.30766e+01  4.30766e+01
2.245472120e-01  4.3167858e+01         -inf  6.89329e+05  4.31679e+01  4.31679e+01
2.254454008e-01  4.3248597e+01         -inf  6.89329e+05  4.32486e+01  4.32486e+01
2.263471824e-01  4.3349708e+01         -inf  6.89329e+05  4.33497e+01  4.33497e+01
2.272525711e-01  4.3442895e+01         -inf  6.89329e+05  4.34429e+01  4.34429e+01
2.281615814e-01  4.3543249e+01         -inf  6.89329e+05  4.35432e+01  4.35432e+01
2.290742278e-01  4.3651146e+01         -inf  6.89329e+05  4.36511e+01  4.36511e+01
2.299905247e-01  4.3742442e+01         -inf  6.89329e+05  4.37424e+01  4.37424e+01
2.309104868e-01  4.3859390e+01         -inf  6.89329e+05  4.38594e+01  4.38594e+01
2.318341287e-01  4.3957851e+01         -inf  6.89329e+05  4.39579e+01  4.39579e+01
2.327614652e-01  4.4073286e+01         -inf  6.89329e+05  4.40733e+01  4.40733e+01
2.336925111e-01  4.4168349e+01         -inf  6.89329e+05  4.41683e+01  4.41683e+01
2.346272811e-01  4.4286798e+01         -inf  6.89329e+05  4.42868e+01  4.42868e+01
2.355657903e-01  4.4379217e+01         -inf  6.89329e+05  4.43792e+01  4.43792e+01
2.365080534e-01  4.4483705e+01         -inf  6.89329e+05  4.44837e+01  4.44837e+01
2.374540856e-01  4.4589701e+01         -inf  6.89329e+05  4.45897e+01  4.45897e+01
2.384039020e-01  4.4682115e+01         -inf  6.89329e+05  4.46821e+01  4.46821e+01
2.393575176e-01  4.4775660e+01         -inf  6.89329e+05  4.47757e+01  4.47757e+01
2.403149477e-01  4.4876370e+01         -inf  6.89329e+05  4.48764e+01  4.48764e+01
2.412762074e-01  4.4951807e+01         -inf  6.89329e+05  4.49518e+01  4.49518e+01
2.422413123e-01  4.5035164e+01         -inf  6.89329e+05  4.50352e+01  4.50352e+01
2.432102775e-01  4.5135493e+01         -inf  6.89329e+05  4.51355e+01  4.51355e+01
2.441831186e-01  4.5195086e+01         -inf  6.89329e+05  4.51951e+01  4.51951e+01
2.451598511e-01  4.5269011e+01         -inf  6.89329e+05  4.52690e+01  4.52690e+01
2.461404905e-01  4.5320682e+01         -inf  6.89329e+05  4.53207e+01  4.53207e+01
2.471250525e-01  4.5372731e+01         -inf  6.89329e+05  4.53727e+01  4.53727e+01
2.481135527e-01  4.5396114e+01         -inf  6.89329e+05  4.53961e+01  4.53961e+01
2.491060069e-01  4.5478334e+01         -inf  6.89329e+05  4.54783e+01  4.54783e+01
2.501024309e-01  4.5483614e+01         -inf  6.89329e+05  4.54836e+01  4.54836e+01
2.511028406e-01  4.5461362e+01         -inf  6.89329e+05  4.54614e+01  4.54614e+01
2.521072520e-01  4.5545090e+01         -inf  6.89329e+05  4.55451e+01  4.55451e+01
2.531156810e-01  4.5496060e+01         -inf  6.89329e+05  4.54961e+01  4.54961e+01
2.541281437e-01  4.5491157e+01         -inf  6.89329e+05  4.54912e+01  4.54912e+01
2.551446563e-01  4.5509261e+01         -inf  6.89329e+05  4.55093e+01  4.55093e+01
2.561652349e-01  4.5453442e+01         -inf  6.89329e+05  4.54534e+01  4.54534e+01
2.571898959e-01  4.5385177e+01         -inf  6.89329e+05  4.53852e+01  4.53852e+01
2.582186555e-01  4.5387440e+01         -inf  6.89329e+05  4.53874e+01  4.53874e+01
2.592515301e-01  4.5319928e+01         -inf  6.89329e+05  4.53199e+01  4.53199e+01
2.602885362e-01  4.5243364e+01         -inf  6.89329e+05  4.52434e+01  4.52434e+01
2.613296904e-01  4.5164913e+01         -inf  6.89329e+05  4.51649e+01  4.51649e+01
2.623750091e-01  4.5094381e+01         -inf  6.89329e+05  4.50944e+01  4.50944e+01
2.634245092e-01  4.4932948e+01         -inf  6.89329e+05  4.49329e+01  4.49329e+01
2.644782072e-01  4.4914466e+01         -inf  6.89329e+05  4.49145e+01  4.49145e+01
2.655361200e-01  4.4751897e+01         -inf  6.89329e+05  4.47519e+01  4.47519e+01
2.665982645e-01  4.4611956e+01         -inf  6.89329e+05  4.46120e+01  4.46120e+01
2.676646576e-01  4.4494644e+01         -inf  6.89329e+05  4.44946e+01  4.44946e+01
2.687353162e-01  4.4279254e+01         -inf  6.89329e+05  4.42793e+01  4.42793e+01
2.698102574e-01  4.4206826e+01         -inf  6.89329e+05  4.42068e+01  4.42068e+01
2.708894985e-01  4.3965773e+01         -inf  6.89329e+05  4.39658e+01  4.39658e+01
2.719730565e-01  4.3830719e+01         -inf  6.89329e+05  4.38307e+01  4.38307e+01
2.730609487e-01  4.3642092e+01         -inf  6.89329e+05  4.36421e+01  4.36421e+01
2.741531925e-01  4.3374231e+01         -inf  6.89329e+05  4.33742e+01  4.33742e+01
2.752498053e-01  4.3227092e+01         -inf  6.89329e+05  4.32271e+01  4.32271e+01
2.763508045e-01  4.2997321e+01         -inf  6.89329e+05  4.29973e+01  4.29973e+01
2.774562077e-01  4.2778484e+01         -inf  6.89329e+05  4.27785e+01  4.27785e+01
2.785660325e-01  4.2540396e+01         -inf  6.89329e+05  4.25404e+01  4.25404e+01
2.796802967e-01  4.2318525e+01         -inf  6.89329e+05  4.23185e+01  4.23185e+01
2.807990178e-01  4.2033250e+01         -inf  6.89329e+05  4.20333e+01  4.20333e+01
2.819222139e-01  4.1759662e+01         -inf  6.89329e+05  4.17597e+01  4.17597e+01
2.830499028e-01  4.1552859e+01         -inf  6.89329e+05  4.15529e+01  4.15529e+01
2.841821024e-01  4.1250568e+01         -inf  6.89329e+05  4.12506e+01  4.12506e+01
2.853188308e-01  4.0964868e+01         -inf  6.89329e+05  4.09649e+01  4.09649e+01
2.864601061e-01  4.0714635e+01         -inf  6.89329e+05  4.07146e+01  4.07146e+01
2.876059465e-01  4.0401358e+01         -inf  6.89329e+05  4.04014e+01  4.04014e+01
2.887563703e-01  4.0084669e+01         -inf  6.89329e+05  4.00847e+01  4.00847e+01
2.899113958e-01  3.9782308e+01         -inf  6.89329e+05  3.97823e+01  3.97823e+01
2.910710414e-01  3.9498431e+01         -inf  6.89329e+05  3.94984e+01  3.94984e+01
2.922353256e-01  3.9152627e+01         -inf  6.89329e+05  3.91526e+01  3.91526e+01
2.934042669e-01  3.8838519e+01         -inf  6.89329e+05  3.88385e+01  3.88385e+01
2.945778839e-01  3.8521375e+01         -inf  6.89329e+05  3.85214e+01  3.85214e+01
2.957561955e-01  3.8160793e+01         -inf  6.89329e+05  3.81608e+01  3.81608e+01
2.969392202e-01  3.7839499e+01         -inf  6.89329e+05  3.78395e+01  3.78395e+01
2.981269771e-01  3.7516679e+01         -inf  6.89329e+05  3.75167e+01  3.75167e+01
2.993194850e-01  3.7217369e+01         -inf  6.89329e+05  3.72174e+01  3.72174e+01
3.005167630e-01  3.6916875e+01         -inf  6.89329e+05  3.69169e+01  3.69169e+01
3.017188300e-01  3.6603639e+01         -inf  6.89329e+05  3.66036e+01  3.66036e+01
3.029257054e-01  3.6314371e+01         -inf  6.89329e+05  3.63144e+01  3.63144e+01
3.041374082e-01  3.6076571e+01         -inf  6.89329e+05  3.60766e+01  3.60766e+01
3.053539578e-01  3.5756231e+01         -inf  6.89329e+05  3.57562e+01  3.57562e+01
3.065753736e-01  3.5557393e+01         -inf  6.89329e+05  3.55574e+01  3.55574e+01
3.078016751e-01  3.5250286e+01         -inf  6.89329e+05  3.52503e+01  3.52503e+01
3.090328818e-01  3.5057817e+01         -inf  6.89329e+05  3.50578e+01  3.50578e+01
3.102690134e-01  3.4769764e+01         -inf  6.89329e+05  3.47698e+01  3.47698e+01
3.115100894e-01  3.4591032e+01         -inf  6.89329e+05  3.45910e+01  3.45910e+01
3.127561298e-01  3.4299708e+01         -inf  6.89329e+05  3.42997e+01  3.42997e+01
3.140071543e-01  3.4151718e+01         -inf  6.89329e+05  3.41517e+01  3.41517e+01
3.152631829e-01  3.3896307e+01         -inf  6.89329e+05  3.38963e+01  3.38963e+01
3.165242356e-01  3.3639110e+01         -inf  6.89329e+05  3.36391e+01  3.36391e+01
3.177903326e-01  3.3538147e+01         -inf  6.89329e+05  3.35381e+01  3.35381e+01
3.190614939e-01  3.3165004e+01         -inf  6.89329e+05  3.31650e+01  3.31650e+01
3.203377399e-01  3.3120452e+01         -inf  6.89329e+05  3.31205e+01  3.31205e+01
3.216190908e-01  3.2741389e+01         -inf  6.89329e+05  3.27414e+01  3.27414e+01
3.229055672e-01  3.2741691e+01         -inf  6.89329e+05  3.27417e+01  3.27417e+01
3.241971895e-01  3.2221033e+01         -inf  6.89329e+05  3.22210e+01  3.22210e+01
3.254939782e-01  3.2398622e+01         -inf  6.89329e+05  3.23986e+01  3.23986e+01
3.267959541e-01  3.1835756e+01         -inf  6.89329e+05  3.18358e+01  3.18358e+01
3.281031380e-01  3.2017891e+01         -inf  6.89329e+05  3.20179e+01  3.20179e+01
3.294155505e-01  3.1418857e+01         -inf  6.89329e+05  3.14189e+01  3.14189e+01
3.307332127e-01  3.1622169e+01         -inf  6.89329e+05  3.16222e+01  3.16222e+01
3.320561456e-01  3.1248725e+01         -inf  6.89329e+05  3.12487e+01  3.12487e+01
3.333843702e-01  3.1180989e+01         -inf  6.89329e+05  3.11810e+01  3.11810e+01
3.347179076e-01  3.0981933e+01         -inf  6.89329e+05  3.09819e+01  3.09819e+01
3.360567793e-01  3.0758981e+01         -inf  6.89329e+05  3.07590e+01  3.07590e+01
3.374010064e-01  3.0856699e+01         -inf  6.89329e+05  3.08567e+01  3.08567e+01
3.387506104e-01  3.0525134e+01         -inf  6.89329e+05  3.05251e+01  3.05251e+01
3.401056128e-01  3.0499881e+01         -inf  6.89329e+05  3.04999e+01  3.04999e+01
3.414660353e-01  3.0306816e+01         -inf  6.89329e+05  3.03068e+01  3.03068e+01
3.428318994e-01  3.0188713e+01         -inf  6.89329e+05  3.01887e+01  3.01887e+01
3.442032270e-01  3.0198731e+01         -inf  6.89329e+05  3.01987e+01  3.01987e+01
3.455800399e-01  3.0000553e+01         -inf  6.89329e+05  3.00006e+01  3.00006e+01
3.469623601e-01  2.9905733e+01         -inf  6.89329e+05  2.99057e+01  2.99057e+01
3.483502095e-01  2.9796886e+01         -inf  6.89329e+05  2.97969e+01  2.97969e+01
3.497436104e-01  2.9688642e+01         -inf  6.89329e+05  2.96886e+01  2.96886e+01
3.511425848e-01  2.9623536e+01         -inf  6.89329e+05  2.96235e+01  2.96235e+01
3.525471552e-01  2.9518464e+01         -inf  6.89329e+05  2.95185e+01  2.95185e+01
3.539573438e-01  2.9405602e+01         -inf  6.89329e+05  2.94056e+01  2.94056e+01
3.553731732e-01  2.9314669e+01         -inf  6.89329e+05  2.93147e+01  2.93147e+01
3.567946659e-01  2.9217722e+01         -inf  6.89329e+05  2.92177e+01  2.92177e+01
3.582218445e-01  2.9123118e+01         -inf  6.89329e+05  2.91231e+01  2.91231e+01
3.596547319e-01  2.9035886e+01         -inf  6.89329e+05  2.90359e+01  2.90359e+01
3.610933508e-01  2.8937687e+01         -inf  6.89329e+05  2.89377e+01  2.89377e+01
3.625377242e-01  2.8842398e+01         -inf  6.89329e+05  2.88424e+01  2.88424e+01
3.639878751e-01  2.8749263e+01         -inf  6.89329e+05  2.87493e+01  2.87493e+01
3.654438266e-01  2.8656278e+01         -inf  6.89329e+05  2.86563e+01  2.86563e+01
3.669056019e-01  2.8562460e+01         -inf  6.89329e+05  2.85625e+01  2.85625e+01
3.683732243e-01  2.8469964e+01         -inf  6.89329e+05  2.84700e+01  2.84700e+01
3.698467172e-01  2.8376521e+01         -inf  6.89329e+05  2.83765e+01  2.83765e+01
3.713261041e-01  2.8282963e+01         -inf  6.89329e+05  2.82830e+01  2.82830e+01
3.728114085e-01  2.8189858e+01         -inf  6.89329e+05  2.81899e+01  2.81899e+01
3.743026542e-01  2.8097054e+01         -inf  6.89329e+05  2.80971e+01  2.80971e+01
3.757998648e-01  2.8003871e+01         -inf  6.89329e+05  2.80039e+01  2.80039e+01
3.773030642e-01  2.7910950e+01         -inf  6.89329e+05  2.79110e+01  2.79110e+01
3.788122765e-01  2.7818029e+01         -inf  6.89329e+05  2.78180e+01  2.78180e+01
3.803275256e-01  2.7725220e+01         -inf  6.89329e+05  2.77252e+01  2.77252e+01
3.818488357e-01  2.7632144e+01         -inf  6.89329e+05  2.76321e+01  2.76321e+01
3.833762310e-01  2.7539521e+01         -inf  6.89329e+05  2.75395e+01  2.75395e+01
3.849097360e-01  2.7446670e+01         -inf  6.89329e+05  2.74467e+01  2.74467e+01
3.864493749e-01  2.7354006e+01         -inf  6.89329e+05  2.73540e+01  2.73540e+01
3.879951724e-01  2.7261379e+01         -inf  6.89329e+05  2.72614e+01  2.72614e+01
3.895471531e-01  2.7168789e+01         -inf  6.89329e+05  2.71688e+01  2.71688e+01
3.911053417e-01  2.7076310e+01         -inf  6.89329e+05  2.70763e+01  2.70763e+01
3.926697631e-01  2.6984095e+01         -inf  6.89329e+05  2.69841e+01  2.69841e+01
3.942404421e-01  2.6892295e+01         -inf  6.89329e+05  2.68923e+01  2.68923e+01
3.958174039e-01  2.6800342e+01         -inf  6.89329e+05  2.68003e+01  2.68003e+01
3.974006735e-01  2.6707934e+01         -inf  6.89329e+05  2.67079e+01  2.67079e+01
3.989902762e-01  2.6615601e+01         -inf  6.89329e+05  2.66156e+01  2.66156e+01
4.005862373e-01  2.6523909e+01         -inf  6.89329e+05  2.65239e+01  2.65239e+01
4.021885823e-01  2.6432631e+01         -inf  6.89329e+05  2.64326e+01  2.64326e+01
4.037973366e-01  2.6340521e+01         -inf  6.89329e+05  2.63405e+01  2.63405e+01
4.054125259e-01  2.6248408e+01         -inf  6.89329e+05  2.62484e+01  2.62484e+01
4.070341760e-01  2.6158376e+01         -inf  6.89329e+05  2.61584e+01  2.61584e+01
4.086623127e-01  2.6069666e+01         -inf  6.89329e+05  2.60697e+01  2.60697e+01
4.102969620e-01  2.5979101e+01         -inf  6.89329e+05  2.59791e+01  2.59791e+01
4.119381498e-01  2.5886416e+01         -inf  6.89329e+05  2.58864e+01  2.58864e+01
4.135859024e-01  2.5793957e+01         -inf  6.89329e+05  2.57940e+01  2.57940e+01
4.152402460e-01  2.5704901e+01         -inf  6.89329e+05  2.57049e+01  2.57049e+01
4.169012070e-01  2.5617244e+01         -inf  6.89329e+05  2.56172e+01  2.56172e+01
4.185688119e-01  2.5526862e+01         -inf  6.89329e+05  2.55269e+01  2.55269e+01
4.202430871e-01  2.5435835e+01         -inf  6.89329e+05  2.54358e+01  2.54358e+01
4.219240595e-01  2.5349650e+01         -inf  6.89329e+05  2.53497e+01  2.53497e+01
4.236117557e-01  2.5268004e+01         -inf  6.89329e+05  2.52680e+01  2.52680e+01
4.253062027e-01  2.5184730e+01         -inf  6.89329e+05  2.51847e+01  2.51847e+01
4.270074275e-01  2.5093585e+01         -inf  6.89329e+05  2.50936e+01  2.50936e+01
4.287154572e-01  2.4999033e+01         -inf  6.89329e+05  2.49990e+01  2.49990e+01
4.304303191e-01  2.4910685e+01         -inf  6.89329e+05  2.49107e+01  2.49107e+01
4.321520403e-01  2.4830736e+01         -inf  6.89329e+05  2.48307e+01  2.48307e+01
4.338806485e-01  2.4746321e+01         -inf  6.89329e+05  2.47463e+01  2.47463e+01
4.356161711e-01  2.4655435e+01         -inf  6.89329e+05  2.46554e+01  2.46554e+01
4.373586358e-01  2.4571850e+01         -inf  6.89329e+05  2.45719e+01  2.45719e+01
4.391080703e-01  2.4502378e+01         -inf  6.89329e+05  2.45024e+01  2.45024e+01
4.408645026e-01  2.4435933e+01         -inf  6.89329e+05  2.44359e+01  2.44359e+01
4.426279606e-01  2.4362978e+01         -inf  6.89329e+05  2.43630e+01  2.43630e+01
4.443984725e-01  2.4272427e+01         -inf  6.89329e+05  2.42724e+01  2.42724e+01
4.461760664e-01  2.4171846e+01         -inf  6.89329e+05  2.41718e+01  2.41718e+01
4.479607706e-01  2.4088293e+01         -inf  6.89329e+05  2.40883e+01  2.40883e+01
4.497526137e-01  2.4023659e+01         -inf  6.89329e+05  2.40237e+01  2.40237e+01
4.515516242e-01  2.3946954e+01         -inf  6.89329e+05  2.39470e+01  2.39470e+01
4.533578307e-01  2.3856510e+01         -inf  6.89329e+05  2.38565e+01  2.38565e+01
4.551712620e-01  2.3781051e+01         -inf  6.89329e+05  2.37811e+01  2.37811e+01
4.569919470e-01  2.3733709e+01         -inf  6.89329e+05  2.37337e+01  2.37337e+01
4.588199148e-01  2.3699801e+01         -inf  6.89329e+05  2.36998e+01  2.36998e+01
4.606551945e-01  2.3660973e+01         -inf  6.89329e+05  2.36610e+01  2.36610e+01
4.624978152e-01  2.3584982e+01         -inf  6.89329e+05  2.35850e+01  2.35850e+01
4.643478065e-01  2.3471032e+01         -inf  6.89329e+05  2.34710e+01  2.34710e+01
4.662051977e-01  2.3369001e+01         -inf  6.89329e+05  2.33690e+01  2.33690e+01
4.680700185e-01  2.3311513e+01         -inf  6.89329e+05  2.33115e+01  2.33115e+01
4.699422986e-01  2.3263070e+01         -inf  6.89329e+05  2.32631e+01  2.32631e+01
4.718220678e-01  2.3186620e+01         -inf  6.89329e+05  2.31866e+01  2.31866e+01
4.737093561e-01  2.3111720e+01         -inf  6.89329e+05  2.31117e+01  2.31117e+01
4.756041935e-01  2.3074971e+01         -inf  6.89329e+05  2.30750e+01  2.30750e+01
4.775066103e-01  2.3079702e+01         -inf  6.89329e+05  2.30797e+01  2.30797e+01
4.794166367e-01  2.3103167e+01         -inf  6.89329e+05  2.31032e+01  2.31032e+01
4.813343033e-01  2.3110396e+01         -inf  6.89329e+05  2.31104e+01  2.31104e+01
4.832596405e-01  2.3047607e+01         -inf  6.89329e+05  2.30476e+01  2.30476e+01
4.851926790e-01  2.2925699e+01         -inf  6.89329e+05  2.29257e+01  2.29257e+01
4.871334497e-01  2.2815900e+01         -inf  6.89329e+05  2.28159e+01  2.28159e+01
4.890819835e-01  2.2766507e+01         -inf  6.89329e+05  2.27665e+01  2.27665e+01
4.910383115e-01  2.2742094e+01         -inf  6.89329e+05  2.27421e+01  2.27421e+01
4.930024647e-01  2.2690808e+01         -inf  6.89329e+05  2.26908e+01  2.26908e+01
4.949744746e-01  2.2634109e+01         -inf  6.89329e+05  2.26341e+01  2.26341e+01
4.969543725e-01  2.2621580e+01         -inf  6.89329e+05  2.26216e+01  2.26216e+01
4.989421900e-01  2.2669006e+01         -inf  6.89329e+05  2.26690e+01  2.26690e+01
5.009379587e-01  2.2753865e+01         -inf  6.89329e+05  2.27539e+01  2.27539e+01
5.029417106e-01  2.2841675e+01         -inf  6.89329e+05  2.28417e+01  2.28417e+01
5.049534774e-01  2.2873241e+01         -inf  6.89329e+05  2.28732e+01  2.28732e+01
5.069732913e-01  2.2813970e+01         -inf  6.89329e+05  2.28140e+01  2.28140e+01
5.090011845e-01  2.2700081e+01         -inf  6.89329e+05  2.27001e+01  2.27001e+01
5.110371892e-01  2.2609430e+01         -inf  6.89329e+05  2.26094e+01  2.26094e+01
5.130813380e-01  2.2580399e+01         -inf  6.89329e+05  2.25804e+01  2.25804e+01
5.151336633e-01  2.2582330e+01         -inf  6.89329e+05  2.25823e+01  2.25823e+01
5.171941980e-01  2.2576084e+01         -inf  6.89329e+05  2.25761e+01  2.25761e+01
5.192629748e-01  2.2567871e+01         -inf  6.89329e+05  2.25679e+01  2.25679e+01
5.213400267e-01  2.2585017e+01         -inf  6.89329e+05  2.25850e+01  2.25850e+01
5.234253868e-01  2.2646069e+01         -inf  6.89329e+05  2.26461e+01  2.26461e+01
5.255190883e-01  2.2743229e+01         -inf  6.89329e+05  2.27432e+01  2.27432e+01
5.276211647e-01  2.2852992e+01         -inf  6.89329e+05  2.28530e+01  2.28530e+01
5.297316493e-01  2.2948710e+01         -inf  6.89329e+05  2.29487e+01  2.29487e+01
5.318505759e-01  2.3003022e+01         -inf  6.89329e+05  2.30030e+01  2.30030e+01
5.339779782e-01  2.2996815e+01         -inf  6.89329e+05  2.29968e+01  2.29968e+01
5.361138902e-01  2.2941481e+01         -inf  6.89329e+05  2.29415e+01  2.29415e+01
5.382583457e-01  2.2897615e+01         -inf  6.89329e+05  2.28976e+01  2.28976e+01
5.404113791e-01  2.2910446e+01         -inf  6.89329e+05  2.29104e+01  2.29104e+01
5.425730246e-01  2.2959762e+01         -inf  6.89329e+05  2.29598e+01  2.29598e+01
5.447433167e-01  2.3002265e+01         -inf  6.89329e+05  2.30023e+01  2.30023e+01
5.469222900e-01  2.3018767e+01         -inf  6.89329e+05  2.30188e+01  2.30188e+01
5.491099791e-01  2.3020432e+01         -inf  6.89329e+05  2.30204e+01  2.30204e+01
5.513064191e-01  2.3023687e+01         -inf  6.89329e+05  2.30237e+01  2.30237e+01
5.535116447e-01  2.3038448e+01         -inf  6.89329e+05  2.30384e+01  2.30384e+01
5.557256913e-01  2.3077734e+01         -inf  6.89329e+05  2.30777e+01  2.30777e+01
5.579485941e-01  2.3155396e+01         -inf  6.89329e+05  2.31554e+01  2.31554e+01
5.601803884e-01  2.3265757e+01         -inf  6.89329e+05  2.32658e+01  2.32658e+01
5.624211100e-01  2.3376645e+01         -inf  6.89329e+05  2.33766e+01  2.33766e+01
5.646707944e-01  2.3458581e+01         -inf  6.89329e+05  2.34586e+01  2.34586e+01
5.669294776e-01  2.3514440e+01         -inf  6.89329e+05  2.35144e+01  2.35144e+01
5.691971955e-01  2.3564508e+01         -inf  6.89329e+05  2.35645e+01  2.35645e+01
5.714739843e-01  2.3612533e+01         -inf  6.89329e+05  2.36125e+01  2.36125e+01
5.737598803e-01  2.3625968e+01         -inf  6.89329e+05  2.36260e+01  2.36260e+01
5.760549198e-01  2.3577943e+01         -inf  6.89329e+05  2.35779e+01  2.35779e+01
5.783591395e-01  2.3485148e+01         -inf  6.89329e+05  2.34851e+01  2.34851e+01
5.806725760e-01  2.3376759e+01         -inf  6.89329e+05  2.33768e+01  2.33768e+01
5.829952663e-01  2.3277678e+01         -inf  6.89329e+05  2.32777e+01  2.32777e+01
5.853272474e-01  2.3201872e+01         -inf  6.89329e+05  2.32019e+01  2.32019e+01
5.876685564e-01  2.3155585e+01         -inf  6.89329e+05  2.31556e+01  2.31556e+01
5.900192306e-01  2.3145480e+01         -inf  6.89329e+05  2.31455e+01  2.31455e+01
5.923793075e-01  2.3189307e+01         -inf  6.89329e+05  2.31893e+01  2.31893e+01
5.947488247e-01  2.3290659e+01         -inf  6.89329e+05  2.32907e+01  2.32907e+01
5.971278200e-01  2.3409722e+01         -inf  6.89329e+05  2.34097e+01  2.34097e+01
5.995163313e-01  2.3500664e+01         -inf  6.89329e+05  2.35007e+01  2.35007e+01
6.019143966e-01  2.3525188e+01         -inf  6.89329e+05  2.35252e+01  2.35252e+01
6.043220542e-01  2.3471221e+01         -inf  6.89329e+05  2.34712e+01  2.34712e+01
6.067393425e-01  2.3350532e+01         -inf  6.89329e+05  2.33505e+01  2.33505e+01
6.091662998e-01  2.3183630e+01         -inf  6.89329e+05  2.31836e+01  2.31836e+01
6.116029650e-01  2.3000449e+01         -inf  6.89329e+05  2.30004e+01  2.30004e+01
6.140493769e-01  2.2822410e+01         -inf  6.89329e+05  2.28224e+01  2.28224e+01
6.165055744e-01  2.2658635e+01         -inf  6.89329e+05  2.26586e+01  2.26586e+01
6.189715967e-01  2.2512912e+01         -inf  6.89329e+05  2.25129e+01  2.25129e+01
6.214474831e-01  2.2384142e+01         -inf  6.89329e+05  2.23841e+01  2.23841e+01
6.239332730e-01  2.2262221e+01         -inf  6.89329e+05  2.22622e+01  2.22622e+01
6.264290061e-01  2.2134961e+01         -inf  6.89329e+05  2.21350e+01  2.21350e+01
6.289347221e-01  2.2005730e+01         -inf  6.89329e+05  2.20057e+01  2.20057e+01
6.314504610e-01  2.1851360e+01         -inf  6.89329e+05  2.18514e+01  2.18514e+01
6.339762629e-01  2.1698880e+01         -inf  6.89329e+05  2.16989e+01  2.16989e+01
6.365121679e-01  2.1531480e+01         -inf  6.89329e+05  2.15315e+01  2.15315e+01
6.390582166e-01  2.1356543e+01         -inf  6.89329e+05  2.13565e+01  2.13565e+01
6.416144494e-01  2.1178496e+01         -inf  6.89329e+05  2.11785e+01  2.11785e+01
6.441809072e-01  2.1018692e+01         -inf  6.89329e+05  2.10187e+01  2.10187e+01
6.467576309e-01  2.0867479e+01         -inf  6.89329e+05  2.08675e+01  2.08675e+01
6.493446614e-01  2.0722094e+01         -inf  6.89329e+05  2.07221e+01  2.07221e+01
6.519420400e-01  2.0585715e+01         -inf  6.89329e+05  2.05857e+01  2.05857e+01
6.545498082e-01  2.0441762e+01         -inf  6.89329e+05  2.04418e+01  2.04418e+01
6.571680074e-01  2.0295420e+01         -inf  6.89329e+05  2.02954e+01  2.02954e+01
6.597966795e-01  2.0154186e+01         -inf  6.89329e+05  2.01542e+01  2.01542e+01
6.624358662e-01  2.0017909e+01         -inf  6.89329e+05  2.00179e+01  2.00179e+01
6.650856096e-01  1.9870232e+01         -inf  6.89329e+05  1.98702e+01  1.98702e+01
6.677459521e-01  1.9709525e+01         -inf  6.89329e+05  1.97095e+01  1.97095e+01
6.704169359e-01  1.9550139e+01         -inf  6.89329e+05  1.95501e+01  1.95501e+01
6.730986036e-01  1.9397339e+01         -inf  6.89329e+05  1.93973e+01  1.93973e+01
6.757909981e-01  1.9254798e+01         -inf  6.89329e+05  1.92548e+01  1.92548e+01
6.784941620e-01  1.9118237e+01         -inf  6.89329e+05  1.91182e+01  1.91182e+01
6.812081387e-01  1.9001366e+01         -inf  6.89329e+05  1.90014e+01  1.90014e+01
6.839329712e-01  1.8906232e+01         -inf  6.89329e+05  1.89062e+01  1.89062e+01
6.866687031e-01  1.8921646e+01         -inf  6.89329e+05  1.89216e+01  1.89216e+01
6.894153779e-01  1.8804393e+01         -inf  6.89329e+05  1.88044e+01  1.88044e+01
6.921730395e-01  1.8556625e+01         -inf  6.89329e+05  1.85566e+01  1.85566e+01
6.949417316e-01  1.8392817e+01         -inf  6.89329e+05  1.83928e+01  1.83928e+01
6.977214985e-01  1.8265290e+01         -inf  6.89329e+05  1.82653e+01  1.82653e+01
7.005123845e-01  1.8151359e+01         -inf  6.89329e+05  1.81514e+01  1.81514e+01
7.033144341e-01  1.8057651e+01         -inf  6.89329e+05  1.80577e+01  1.80577e+01
7.061276918e-01  1.7979321e+01         -inf  6.89329e+05  1.79793e+01  1.79793e+01
7.089522026e-01  1.7909247e+01         -inf  6.89329e+05  1.79092e+01  1.79092e+01
7.117880114e-01  1.7849172e+01         -inf  6.89329e+05  1.78492e+01  1.78492e+01
7.146351634e-01  1.7809741e+01         -inf  6.89329e+05  1.78097e+01  1.78097e+01
7.174937041e-01  1.7747316e+01         -inf  6.89329e+05  1.77473e+01  1.77473e+01
7.203636789e-01  1.7632087e+01         -inf  6.89329e+05  1.76321e+01  1.76321e+01
7.232451336e-01  1.7524925e+01         -inf  6.89329e+05  1.75249e+01  1.75249e+01
7.261381142e-01  1.7445073e+01         -inf  6.89329e+05  1.74451e+01  1.74451e+01
7.290426666e-01  1.7357946e+01         -inf  6.89329e+05  1.73579e+01  1.73579e+01
7.319588373e-01  1.7284267e+01         -inf  6.89329e+05  1.72843e+01  1.72843e+01
7.348866726e-01  1.7236725e+01         -inf  6.89329e+05  1.72367e+01  1.72367e+01
7.378262193e-01  1.7200661e+01         -inf  6.89329e+05  1.72007e+01  1.72007e+01
7.407775242e-01  1.7174220e+01         -inf  6.89329e+05  1.71742e+01  1.71742e+01
7.437406343e-01  1.7171530e+01         -inf  6.89329e+05  1.71715e+01  1.71715e+01
7.467155968e-01  1.7175432e+01         -inf  6.89329e+05  1.71754e+01  1.71754e+01
7.497024592e-01  1.7121676e+01         -inf  6.89329e+05  1.71217e+01  1.71217e+01
7.527012690e-01  1.6998026e+01         -inf  6.89329e+05  1.69980e+01  1.69980e+01
7.557120741e-01  1.6885966e+01         -inf  6.89329e+05  1.68860e+01  1.68860e+01
7.587349224e-01  1.7018445e+01         -inf  6.89329e+05  1.70184e+01  1.70184e+01
7.617698621e-01  1.7628224e+01         -inf  6.89329e+05  1.76282e+01  1.76282e+01
7.648169416e-01  1.7171341e+01         -inf  6.89329e+05  1.71713e+01  1.71713e+01
7.678762093e-01  1.6755227e+01         -inf  6.89329e+05  1.67552e+01  1.67552e+01
7.709477142e-01  1.6670819e+01         -inf  6.89329e+05  1.66708e+01  1.66708e+01
7.740315050e-01  1.6687602e+01         -inf  6.89329e+05  1.66876e+01  1.66876e+01
7.771276310e-01  1.6727495e+01         -inf  6.89329e+05  1.67275e+01  1.67275e+01
7.802361416e-01  1.6720827e+01         -inf  6.89329e+05  1.67208e+01  1.67208e+01
7.833570861e-01  1.6634600e+01         -inf  6.89329e+05  1.66346e+01  1.66346e+01
7.864905145e-01  1.6532536e+01         -inf  6.89329e+05  1.65325e+01  1.65325e+01
7.896364765e-01  1.6459036e+01         -inf  6.89329e+05  1.64590e+01  1.64590e+01
7.927950224e-01  1.6397053e+01         -inf  6.89329e+05  1.63971e+01  1.63971e+01
7.959662025e-01  1.6343557e+01         -inf  6.89329e+05  1.63436e+01  1.63436e+01
7.991500673e-01  1.6306086e+01         -inf  6.89329e+05  1.63061e+01  1.63061e+01
8.023466676e-01  1.6276003e+01         -inf  6.89329e+05  1.62760e+01  1.62760e+01
8.055560543e-01  1.6261113e+01         -inf  6.89329e+05  1.62611e+01  1.62611e+01
8.087782785e-01  1.6277291e+01         -inf  6.89329e+05  1.62773e+01  1.62773e+01
8.120133916e-01  1.6308132e+01         -inf  6.89329e+05  1.63081e+01  1.63081e+01
8.152614452e-01  1.6332228e+01         -inf  6.89329e+05  1.63322e+01  1.63322e+01
8.185224910e-01  1.6309912e+01         -inf  6.89329e+05  1.63099e+01  1.63099e+01
8.217965809e-01  1.6226711e+01         -inf  6.89329e+05  1.62267e+01  1.62267e+01
8.250837672e-01  1.6123503e+01         -inf  6.89329e+05  1.61235e+01  1.61235e+01
8.283841023e-01  1.6046021e+01         -inf  6.89329e+05  1.60460e+01  1.60460e+01
8.316976387e-01  1.5994226e+01         -inf  6.89329e+05  1.59942e+01  1.59942e+01
8.350244293e-01  1.5960012e+01         -inf  6.89329e+05  1.59600e+01  1.59600e+01
8.383645270e-01  1.5938869e+01         -inf  6.89329e+05  1.59389e+01  1.59389e+01
8.417179851e-01  1.5925456e+01         -inf  6.89329e+05  1.59255e+01  1.59255e+01
8.450848570e-01  1.5923562e+01         -inf  6.89329e+05  1.59236e+01  1.59236e+01
8.484651965e-01  1.5942204e+01         -inf  6.89329e+05  1.59422e+01  1.59422e+01
8.518590573e-01  1.5990134e+01         -inf  6.89329e+05  1.59901e+01  1.59901e+01
8.552664935e-01  1.5984716e+01         -inf  6.89329e+05  1.59847e+01  1.59847e+01
8.586875595e-01  1.5926290e+01         -inf  6.89329e+05  1.59263e+01  1.59263e+01
8.621223097e-01  1.5855360e+01         -inf  6.89329e+05  1.58554e+01  1.58554e+01
8.655707989e-01  1.5789772e+01         -inf  6.89329e+05  1.57898e+01  1.57898e+01
8.690330821e-01  1.5746084e+01         -inf  6.89329e+05  1.57461e+01  1.57461e+01
8.725092145e-01  1.5711527e+01         -inf  6.89329e+05  1.57115e+01  1.57115e+01
8.759992513e-01  1.5689171e+01         -inf  6.89329e+05  1.56892e+01  1.56892e+01
8.795032483e-01  1.5677501e+01         -inf  6.89329e+05  1.56775e+01  1.56775e+01
8.830212613e-01  1.5678221e+01         -inf  6.89329e+05  1.56782e+01  1.56782e+01
8.865533464e-01  1.5675758e+01         -inf  6.89329e+05  1.56758e+01  1.56758e+01
8.900995597e-01  1.5663254e+01         -inf  6.89329e+05  1.56633e+01  1.56633e+01
8.936599580e-01  1.5645445e+01         -inf  6.89329e+05  1.56454e+01  1.56454e+01
8.972345978e-01  1.5653440e+01         -inf  6.89329e+05  1.56534e+01  1.56534e+01
9.008235362e-01  1.5633054e+01         -inf  6.89329e+05  1.56331e+01  1.56331e+01
9.044268304e-01  1.5589214e+01         -inf  6.89329e+05  1.55892e+01  1.55892e+01
9.080445377e-01  1.5549768e+01         -inf  6.89329e+05  1.55498e+01  1.55498e+01
9.116767158e-01  1.5519985e+01         -inf  6.89329e+05  1.55200e+01  1.55200e+01
9.153234227e-01  1.5497780e+01         -inf  6.89329e+05  1.54978e+01  1.54978e+01
9.189847164e-01  1.5480653e+01         -inf  6.89329e+05  1.54807e+01  1.54807e+01
9.226606552e-01  1.5467731e+01         -inf  6.89329e+05  1.54677e+01  1.54677e+01
9.263512979e-01  1.5456212e+01         -inf  6.89329e+05  1.54562e+01  1.54562e+01
9.300567031e-01  1.5444958e+01         -inf  6.89329e+05  1.54450e+01  1.54450e+01
9.337769299e-01  1.5431089e+01         -inf  6.89329e+05  1.54311e+01  1.54311e+01
9.375120376e-01  1.5429232e+01         -inf  6.89329e+05  1.54292e+01  1.54292e+01
9.412620857e-01  1.5444731e+01         -inf  6.89329e+05  1.54447e+01  1.54447e+01
9.450271341e-01  1.5448785e+01         -inf  6.89329e+05  1.54488e+01  1.54488e+01
9.488072426e-01  1.5409111e+01         -inf  6.89329e+05  1.54091e+01  1.54091e+01
9.526024716e-01  1.5374060e+01         -inf  6.89329e+05  1.53741e+01  1.53741e+01
9.564128815e-01  1.5357046e+01         -inf  6.89329e+05  1.53570e+01  1.53570e+01
9.602385330e-01  1.5338782e+01         -inf  6.89329e+05  1.53388e+01  1.53388e+01
9.640794871e-01  1.5325178e+01         -inf  6.89329e+05  1.53252e+01  1.53252e+01
9.679358051e-01  1.5311233e+01         -inf  6.89329e+05  1.53112e+01  1.53112e+01
9.718075483e-01  1.5297402e+01         -inf  6.89329e+05  1.52974e+01  1.52974e+01
9.756947785e-01  1.5284556e+01         -inf  6.89329e+05  1.52846e+01  1.52846e+01
9.795975576e-01  1.5273908e+01         -inf  6.89329e+05  1.52739e+01  1.52739e+01
9.835159478e-01  1.5265155e+01         -inf  6.89329e+05  1.52652e+01  1.52652e+01
9.874500116e-01  1.5264965e+01         -inf  6.89329e+05  1.52650e+01  1.52650e+01
9.913998117e-01  1.5291226e+01         -inf  6.89329e+05  1.52912e+01  1.52912e+01
9.953654109e-01  1.5266898e+01         -inf  6.89329e+05  1.52669e+01  1.52669e+01
9.993468726e-01  1.5234650e+01         -inf  6.89329e+05  1.52347e+01  1.52347e+01
1.003344260e+00  1.5217674e+01         -inf  6.89329e+05  1.52177e+01  1.52177e+01
1.007357637e+00  1.5205283e+01         -inf  6.89329e+05  1.52053e+01  1.52053e+01
1.011387068e+00  1.5194672e+01         -inf  6.89329e+05  1.51947e+01  1.51947e+01
1.015432616e+00  1.5184668e+01         -inf  6.89329e+05  1.51847e+01  1.51847e+01
1.019494346e+00  1.5174664e+01         -inf  6.89329e+05  1.51747e+01  1.51747e+01
1.023572324e+00  1.5164925e+01         -inf  6.89329e+05  1.51649e+01  1.51649e+01
1.027666613e+00  1.5155679e+01         -inf  6.89329e+05  1.51557e+01  1.51557e+01
1.031777280e+00  1.5146584e+01         -inf  6.89329e+05  1.51466e+01  1.51466e+01
1.035904389e+00  1.5141431e+01         -inf  6.89329e+05  1.51414e+01  1.51414e+01
1.040048006e+00  1.5137111e+01         -inf  6.89329e+05  1.51371e+01  1.51371e+01
1.044208198e+00  1.5126462e+01         -inf  6.89329e+05  1.51265e+01  1.51265e+01
1.048385031e+00  1.5132109e+01         -inf  6.89329e+05  1.51321e+01  1.51321e+01
1.052578571e+00  1.5127258e+01         -inf  6.89329e+05  1.51273e+01  1.51273e+01
1.056788885e+00  1.5098799e+01         -inf  6.89329e+05  1.50988e+01  1.50988e+01
1.061016041e+00  1.5089629e+01         -inf  6.89329e+05  1.50896e+01  1.50896e+01
1.065260105e+00  1.5085764e+01         -inf  6.89329e+05  1.50858e+01  1.50858e+01
1.069521146e+00  1.5074244e+01         -inf  6.89329e+05  1.50742e+01  1.50742e+01
1.073799230e+00  1.5065566e+01         -inf  6.89329e+05  1.50656e+01  1.50656e+01
1.078094427e+00  1.5057949e+01         -inf  6.89329e+05  1.50579e+01  1.50579e+01
1.082406805e+00  1.5050521e+01         -inf  6.89329e+05  1.50505e+01  1.50505e+01
1.086736432e+00  1.5043359e+01         -inf  6.89329e+05  1.50434e+01  1.50434e+01
1.091083378e+00  1.5036728e+01         -inf  6.89329e+05  1.50367e+01  1.50367e+01
1.095447711e+00  1.5030323e+01         -inf  6.89329e+05  1.50303e+01  1.50303e+01
1.099829502e+00  1.5023540e+01         -inf  6.89329e+05  1.50235e+01  1.50235e+01
1.104228820e+00  1.5016492e+01         -inf  6.89329e+05  1.50165e+01  1.50165e+01
1.108645735e+00  1.5010883e+01         -inf  6.89329e+05  1.50109e+01  1.50109e+01
1.113080318e+00  1.5009140e+01         -inf  6.89329e+05  1.50091e+01  1.50091e+01
1.117532640e+00  1.5007169e+01         -inf  6.89329e+05  1.50072e+01  1.50072e+01
1.122002770e+00  1.5010277e+01         -inf  6.89329e+05  1.50103e+01  1.50103e+01
1.126490781e+00  1.5019334e+01         -inf  6.89329e+05  1.50193e+01  1.50193e+01
1.130996744e+00  1.5013915e+01         -inf  6.89329e+05  1.50139e+01  1.50139e+01
1.135520731e+00  1.5015468e+01         -inf  6.89329e+05  1.50155e+01  1.50155e+01
1.140062814e+00  1.4986478e+01         -inf  6.89329e+05  1.49865e+01  1.49865e+01
1.144623065e+00  1.4979847e+01         -inf  6.89329e+05  1.49798e+01  1.49798e+01
1.149201558e+00  1.4988449e+01         -inf  6.89329e+05  1.49884e+01  1.49884e+01
1.153798364e+00  1.5015658e+01         -inf  6.89329e+05  1.50157e+01  1.50157e+01
1.158413557e+00  1.4997392e+01         -inf  6.89329e+05  1.49974e+01  1.49974e+01
1.163047212e+00  1.5018576e+01         -inf  6.89329e+05  1.50186e+01  1.50186e+01
1.167699401e+00  1.4987236e+01         -inf  6.89329e+05  1.49872e+01  1.49872e+01
1.172370198e+00  1.4965105e+01         -inf  6.89329e+05  1.49651e+01  1.49651e+01
1.177059679e+00  1.4946233e+01         -inf  6.89329e+05  1.49462e+01  1.49462e+01
1.181767918e+00  1.4934789e+01         -inf  6.89329e+05  1.49348e+01  1.49348e+01
1.186494989e+00  1.4926717e+01         -inf  6.89329e+05  1.49267e+01  1.49267e+01
1.191240969e+00  1.4918683e+01         -inf  6.89329e+05  1.49187e+01  1.49187e+01
1.196005933e+00  1.4907618e+01         -inf  6.89329e+05  1.49076e+01  1.49076e+01
1.200789957e+00  1.4952903e+01         -inf  6.89329e+05  1.49529e+01  1.49529e+01
1.205593117e+00  1.5220251e+01         -inf  6.89329e+05  1.52203e+01  1.52203e+01
1.210415489e+00  1.5013346e+01         -inf  6.89329e+05  1.50133e+01  1.50133e+01
1.215257151e+00  1.4915841e+01         -inf  6.89329e+05  1.49158e+01  1.49158e+01
1.220118180e+00  1.5141431e+01         -inf  6.89329e+05  1.51414e+01  1.51414e+01
1.224998652e+00  1.4978407e+01         -inf  6.89329e+05  1.49784e+01  1.49784e+01
1.229898647e+00  1.4880825e+01         -inf  6.89329e+05  1.48808e+01  1.48808e+01
1.234818242e+00  1.4875103e+01         -inf  6.89329e+05  1.48751e+01  1.48751e+01
1.239757515e+00  1.4864606e+01         -inf  6.89329e+05  1.48646e+01  1.48646e+01
1.244716545e+00  1.4856003e+01         -inf  6.89329e+05  1.48560e+01  1.48560e+01
1.249695411e+00  1.4853464e+01         -inf  6.89329e+05  1.48535e+01  1.48535e+01
1.254694192e+00  1.4854753e+01         -inf  6.89329e+05  1.48548e+01  1.48548e+01
1.259712969e+00  1.4870518e+01         -inf  6.89329e+05  1.48705e+01  1.48705e+01
1.264751821e+00  1.4928915e+01         -inf  6.89329e+05  1.49289e+01  1.49289e+01
1.269810828e+00  1.4987919e+01         -inf  6.89329e+05  1.49879e+01  1.49879e+01
1.274890072e+00  1.4862180e+01         -inf  6.89329e+05  1.48622e+01  1.48622e+01
1.279989632e+00  1.4835161e+01         -inf  6.89329e+05  1.48352e+01  1.48352e+01
1.285109591e+00  1.4826028e+01         -inf  6.89329e+05  1.48260e+01  1.48260e+01
1.290250029e+00  1.4844559e+01         -inf  6.89329e+05  1.48446e+01  1.48446e+01
1.295411029e+00  1.4839632e+01         -inf  6.89329e+05  1.48396e+01  1.48396e+01
1.300592673e+00  1.4814393e+01         -inf  6.89329e+05  1.48144e+01  1.48144e+01
1.305795044e+00  1.4810755e+01         -inf  6.89329e+05  1.48108e+01  1.48108e+01
1.311018224e+00  1.4825990e+01         -inf  6.89329e+05  1.48260e+01  1.48260e+01
1.316262297e+00  1.4908793e+01         -inf  6.89329e+05  1.49088e+01  1.49088e+01
1.321527346e+00  1.4879082e+01         -inf  6.89329e+05  1.48791e+01  1.48791e+01
1.326813455e+00  1.4824171e+01         -inf  6.89329e+05  1.48242e+01  1.48242e+01
1.332120709e+00  1.4912203e+01         -inf  6.89329e+05  1.49122e+01  1.49122e+01
1.337449192e+00  1.4864833e+01         -inf  6.89329e+05  1.48648e+01  1.48648e+01
1.342798989e+00  1.4885335e+01         -inf  6.89329e+05  1.48853e+01  1.48853e+01
1.348170185e+00  1.4842929e+01         -inf  6.89329e+05  1.48429e+01  1.48429e+01
1.353562866e+00  1.4848993e+01         -inf  6.89329e+05  1.48490e+01  1.48490e+01
1.358977117e+00  1.4866197e+01         -inf  6.89329e+05  1.48662e+01  1.48662e+01
1.364413026e+00  1.4856951e+01         -inf  6.89329e+05  1.48570e+01  1.48570e+01
1.369870678e+00  1.4844938e+01         -inf  6.89329e+05  1.48449e+01  1.48449e+01
1.375350160e+00  1.4854336e+01         -inf  6.89329e+05  1.48543e+01  1.48543e+01
1.380851561e+00  1.4860513e+01         -inf  6.89329e+05  1.48605e+01  1.48605e+01
1.386374967e+00  1.4861423e+01         -inf  6.89329e+05  1.48614e+01  1.48614e+01
1.391920467e+00  1.4851456e+01         -inf  6.89329e+05  1.48515e+01  1.48515e+01
1.397488149e+00  1.4846795e+01         -inf  6.89329e+05  1.48468e+01  1.48468e+01
1.403078102e+00  1.4850546e+01         -inf  6.89329e+05  1.48505e+01  1.48505e+01
1.408690414e+00  1.4845203e+01         -inf  6.89329e+05  1.48452e+01  1.48452e+01
1.414325176e+00  1.4804123e+01         -inf  6.89329e+05  1.48041e+01  1.48041e+01
1.419982476e+00  1.4785213e+01         -inf  6.89329e+05  1.47852e+01  1.47852e+01
1.425662406e+00  1.4774981e+01         -inf  6.89329e+05  1.47750e+01  1.47750e+01
1.431365056e+00  1.6504462e+01         -inf  6.89329e+05  1.65045e+01  1.65045e+01
1.437090516e+00  1.6071823e+01         -inf  6.89329e+05  1.60718e+01  1.60718e+01
1.442838878e+00  1.5352272e+01         -inf  6.89329e+05  1.53523e+01  1.53523e+01
1.448610234e+00  1.4872716e+01         -inf  6.89329e+05  1.48727e+01  1.48727e+01
1.454404675e+00  1.4747544e+01         -inf  6.89329e+05  1.47475e+01  1.47475e+01
1.460222293e+00  1.4735606e+01         -inf  6.89329e+05  1.47356e+01  1.47356e+01
1.466063182e+00  1.4731627e+01         -inf  6.89329e+05  1.47316e+01  1.47316e+01
1.471927435e+00  1.4858618e+01         -inf  6.89329e+05  1.48586e+01  1.48586e+01
1.477815145e+00  1.4833417e+01         -inf  6.89329e+05  1.48334e+01  1.48334e+01
1.483726405e+00  1.4747203e+01         -inf  6.89329e+05  1.47472e+01  1.47472e+01
1.489661311e+00  1.4725943e+01         -inf  6.89329e+05  1.47259e+01  1.47259e+01
1.495619956e+00  1.4751750e+01         -inf  6.89329e+05  1.47518e+01  1.47518e+01
1.501602436e+00  1.4730793e+01         -inf  6.89329e+05  1.47308e+01  1.47308e+01
1.507608846e+00  1.4714119e+01         -inf  6.89329e+05  1.47141e+01  1.47141e+01
1.513639281e+00  1.4713399e+01         -inf  6.89329e+05  1.47134e+01  1.47134e+01
1.519693838e+00  1.4714763e+01         -inf  6.89329e+05  1.47148e+01  1.47148e+01
1.525772614e+00  1.4736326e+01         -inf  6.89329e+05  1.47363e+01  1.47363e+01
1.531875704e+00  1.4864530e+01         -inf  6.89329e+05  1.48645e+01  1.48645e+01
1.538003207e+00  1.4956011e+01         -inf  6.89329e+05  1.49560e+01  1.49560e+01
1.544155220e+00  1.4827240e+01         -inf  6.89329e+05  1.48272e+01  1.48272e+01
1.550331841e+00  1.4703242e+01         -inf  6.89329e+05  1.47032e+01  1.47032e+01
1.556533168e+00  1.4700173e+01         -inf  6.89329e+05  1.47002e+01  1.47002e+01
1.562759301e+00  1.4701347e+01         -inf  6.89329e+05  1.47013e+01  1.47013e+01
1.569010338e+00  1.5207518e+01         -inf  6.89329e+05  1.52075e+01  1.52075e+01
1.575286379e+00  1.5660563e+01         -inf  6.89329e+05  1.56606e+01  1.56606e+01
1.581587525e+00  1.5195203e+01         -inf  6.89329e+05  1.51952e+01  1.51952e+01
1.587913875e+00  1.4730073e+01         -inf  6.89329e+05  1.47301e+01  1.47301e+01
1.594265530e+00  1.4721850e+01         -inf  6.89329e+05  1.47218e+01  1.47218e+01
1.600642593e+00  1.5566137e+01         -inf  6.89329e+05  1.55661e+01  1.55661e+01
1.607045163e+00  1.5601680e+01         -inf  6.89329e+05  1.56017e+01  1.56017e+01
1.613473344e+00  1.5122218e+01         -inf  6.89329e+05  1.51222e+01  1.51222e+01
1.619927237e+00  1.4745080e+01         -inf  6.89329e+05  1.47451e+01  1.47451e+01
1.626406946e+00  1.4747695e+01         -inf  6.89329e+05  1.47477e+01  1.47477e+01
1.632912574e+00  1.4827543e+01         -inf  6.89329e+05  1.48275e+01  1.48275e+01
1.639444224e+00  1.4971851e+01         -inf  6.89329e+05  1.49719e+01  1.49719e+01
1.646002001e+00  1.5027860e+01         -inf  6.89329e+05  1.50279e+01  1.50279e+01
1.652586009e+00  1.4956617e+01         -inf  6.89329e+05  1.49566e+01  1.49566e+01
1.659196353e+00  1.4781044e+01         -inf  6.89329e+05  1.47810e+01  1.47810e+01
1.665833138e+00  1.5238137e+01         -inf  6.89329e+05  1.52381e+01  1.52381e+01
1.672496471e+00  1.4775019e+01         -inf  6.89329e+05  1.47750e+01  1.47750e+01
1.679186457e+00  1.4815189e+01         -inf  6.89329e+05  1.48152e+01  1.48152e+01
1.685903203e+00  1.4814204e+01         -inf  6.89329e+05  1.48142e+01  1.48142e+01
1.692646815e+00  1.4813901e+01         -inf  6.89329e+05  1.48139e+01  1.48139e+01
1.699417403e+00  1.4827202e+01         -inf  6.89329e+05  1.48272e+01  1.48272e+01
1.706215072e+00  1.5002736e+01         -inf  6.89329e+05  1.50027e+01  1.50027e+01
1.713039933e+00  1.4842020e+01         -inf  6.89329e+05  1.48420e+01  1.48420e+01
1.719892092e+00  1.4822238e+01         -inf  6.89329e+05  1.48222e+01  1.48222e+01
1.726771661e+00  1.4940777e+01         -inf  6.89329e+05  1.49408e+01  1.49408e+01
1.733678747e+00  1.4801016e+01         -inf  6.89329e+05  1.48010e+01  1.48010e+01
1.740613462e+00  1.4750841e+01         -inf  6.89329e+05  1.47508e+01  1.47508e+01
1.747575916e+00  1.4719083e+01         -inf  6.89329e+05  1.47191e+01  1.47191e+01
1.754566220e+00  1.4710177e+01         -inf  6.89329e+05  1.47102e+01  1.47102e+01
1.761584485e+00  1.4711655e+01         -inf  6.89329e+05  1.47117e+01  1.47117e+01
1.768630823e+00  1.4771078e+01         -inf  6.89329e+05  1.47711e+01  1.47711e+01
1.775705346e+00  1.4823943e+01         -inf  6.89329e+05  1.48239e+01  1.48239e+01
1.782808167e+00  1.4756450e+01         -inf  6.89329e+05  1.47564e+01  1.47564e+01
1.789939400e+00  1.4886055e+01         -inf  6.89329e+05  1.48861e+01  1.48861e+01
1.797099158e+00  1.4730187e+01         -inf  6.89329e+05  1.47302e+01  1.47302e+01
1.804287554e+00  1.4733560e+01         -inf  6.89329e+05  1.47336e+01  1.47336e+01
1.811504704e+00  1.4729240e+01         -inf  6.89329e+05  1.47292e+01  1.47292e+01
1.818750723e+00  1.4704569e+01         -inf  6.89329e+05  1.47046e+01  1.47046e+01
1.826025726e+00  1.4678382e+01         -inf  6.89329e+05  1.46784e+01  1.46784e+01
1.833329829e+00  1.4673796e+01         -inf  6.89329e+05  1.46738e+01  1.46738e+01
1.840663148e+00  1.4678230e+01         -inf  6.89329e+05  1.46782e+01  1.46782e+01
1.848025801e+00  1.4672280e+01         -inf  6.89329e+05  1.46723e+01  1.46723e+01
1.855417904e+00  1.4668907e+01         -inf  6.89329e+05  1.46689e+01  1.46689e+01
1.862839576e+00  1.4663981e+01         -inf  6.89329e+05  1.46640e+01  1.46640e+01
1.870290934e+00  1.4676487e+01         -inf  6.89329e+05  1.46765e+01  1.46765e+01
1.877772098e+00  1.4956920e+01         -inf  6.89329e+05  1.49569e+01  1.49569e+01
1.885283186e+00  1.4958057e+01         -inf  6.89329e+05  1.49581e+01  1.49581e+01
1.892824319e+00  1.4695170e+01         -inf  6.89329e+05  1.46952e+01  1.46952e+01
1.900395616e+00  1.4657917e+01         -inf  6.89329e+05  1.46579e+01  1.46579e+01
1.907997199e+00  1.4653786e+01         -inf  6.89329e+05  1.46538e+01  1.46538e+01
1.915629188e+00  1.4649731e+01         -inf  6.89329e+05  1.46497e+01  1.46497e+01
1.923291704e+00  1.4647117e+01         -inf  6.89329e+05  1.46471e+01  1.46471e+01
1.930984871e+00  1.4644805e+01         -inf  6.89329e+05  1.46448e+01  1.46448e+01
1.938708811e+00  1.4716014e+01         -inf  6.89329e+05  1.47160e+01  1.47160e+01
1.946463646e+00  1.5841606e+01         -inf  6.89329e+05  1.58416e+01  1.58416e+01
1.954249500e+00  1.9150844e+01         -inf  6.89329e+05  1.91508e+01  1.91508e+01
1.962066498e+00  1.8601203e+01         -inf  6.89329e+05  1.86012e+01  1.86012e+01
1.969914764e+00  1.7413594e+01         -inf  6.89329e+05  1.74136e+01  1.74136e+01
1.977794423e+00  1.5306686e+01         -inf  6.89329e+05  1.53067e+01  1.53067e+01
1.985705601e+00  1.4907087e+01         -inf  6.89329e+05  1.49071e+01  1.49071e+01
1.993648424e+00  1.5417296e+01         -inf  6.89329e+05  1.54173e+01  1.54173e+01
2.001623017e+00  2.1387396e+01         -inf  6.89329e+05  2.13874e+01  2.13874e+01
2.009629509e+00  2.1855600e+01         -inf  6.89329e+05  2.18556e+01  2.18556e+01
2.017668027e+00  2.0157329e+01         -inf  6.89329e+05  2.01573e+01  2.01573e+01
2.025738699e+00  1.6414178e+01         -inf  6.89329e+05  1.64142e+01  1.64142e+01
2.033841654e+00  1.5904238e+01         -inf  6.89329e+05  1.59042e+01  1.59042e+01
2.041977021e+00  1.6171091e+01         -inf  6.89329e+05  1.61711e+01  1.61711e+01
2.050144929e+00  1.7691104e+01         -inf  6.89329e+05  1.76911e+01  1.76911e+01
2.058345509e+00  1.8139200e+01         -inf  6.89329e+05  1.81392e+01  1.81392e+01
2.066578891e+00  1.7699778e+01         -inf  6.89329e+05  1.76998e+01  1.76998e+01
2.074845206e+00  1.6341056e+01         -inf  6.89329e+05  1.63411e+01  1.63411e+01
2.083144587e+00  1.5727972e+01         -inf  6.89329e+05  1.57280e+01  1.57280e+01
2.091477165e+00  1.5283874e+01         -inf  6.89329e+05  1.52839e+01  1.52839e+01
2.099843074e+00  1.4999855e+01         -inf  6.89329e+05  1.49999e+01  1.49999e+01
2.108242446e+00  1.4971244e+01         -inf  6.89329e+05  1.49712e+01  1.49712e+01
2.116675416e+00  1.4859868e+01         -inf  6.89329e+05  1.48599e+01  1.48599e+01
2.125142118e+00  1.4737425e+01         -inf  6.89329e+05  1.47374e+01  1.47374e+01
2.133642686e+00  1.4680617e+01         -inf  6.89329e+05  1.46806e+01  1.46806e+01
2.142177257e+00  1.4761679e+01         -inf  6.89329e+05  1.47617e+01  1.47617e+01
2.150745966e+00  1.4924936e+01         -inf  6.89329e+05  1.49249e+01  1.49249e+01
2.159348950e+00  1.4930014e+01         -inf  6.89329e+05  1.49300e+01  1.49300e+01
2.167986346e+00  1.4902160e+01         -inf  6.89329e+05  1.49022e+01  1.49022e+01
2.176658291e+00  1.4866007e+01         -inf  6.89329e+05  1.48660e+01  1.48660e+01
2.185364924e+00  1.4732346e+01         -inf  6.89329e+05  1.47323e+01  1.47323e+01
2.194106384e+00  1.4805297e+01         -inf  6.89329e+05  1.48053e+01  1.48053e+01
2.202882810e+00  1.5458409e+01         -inf  6.89329e+05  1.54584e+01  1.54584e+01
2.211694341e+00  1.4741214e+01         -inf  6.89329e+05  1.47412e+01  1.47412e+01
2.220541118e+00  1.4916825e+01         -inf  6.89329e+05  1.49168e+01  1.49168e+01
2.229423283e+00  1.5053779e+01         -inf  6.89329e+05  1.50538e+01  1.50538e+01
2.238340976e+00  1.5119867e+01         -inf  6.89329e+05  1.51199e+01  1.51199e+01
2.247294340e+00  1.5271671e+01         -inf  6.89329e+05  1.52717e+01  1.52717e+01
2.256283517e+00  1.5376370e+01         -inf  6.89329e+05  1.53764e+01  1.53764e+01
2.265308651e+00  1.5486638e+01         -inf  6.89329e+05  1.54866e+01  1.54866e+01
2.274369886e+00  1.5698908e+01         -inf  6.89329e+05  1.56989e+01  1.56989e+01
2.283467365e+00  1.5714291e+01         -inf  6.89329e+05  1.57143e+01  1.57143e+01
2.292601235e+00  1.5966830e+01         -inf  6.89329e+05  1.59668e+01  1.59668e+01
2.301771640e+00  1.6344956e+01         -inf  6.89329e+05  1.63450e+01  1.63450e+01
2.310978726e+00  1.5317825e+01         -inf  6.89329e+05  1.53178e+01  1.53178e+01
2.320222641e+00  1.6179121e+01         -inf  6.89329e+05  1.61791e+01  1.61791e+01
2.329503532e+00  1.5710804e+01         -inf  6.89329e+05  1.57108e+01  1.57108e+01
2.338821546e+00  1.6089931e+01         -inf  6.89329e+05  1.60899e+01  1.60899e+01
2.348176832e+00  1.6352684e+01         -inf  6.89329e+05  1.63527e+01  1.63527e+01
2.357569539e+00  1.5826825e+01         -inf  6.89329e+05  1.58268e+01  1.58268e+01
2.366999817e+00  1.6001611e+01         -inf  6.89329e+05  1.60016e+01  1.60016e+01
2.376467817e+00  1.6073789e+01         -inf  6.89329e+05  1.60738e+01  1.60738e+01
2.385973688e+00  1.5382279e+01         -inf  6.89329e+05  1.53823e+01  1.53823e+01
2.395517583e+00  1.5388076e+01         -inf  6.89329e+05  1.53881e+01  1.53881e+01
2.405099653e+00  1.5051577e+01         -inf  6.89329e+05  1.50516e+01  1.50516e+01
2.414720052e+00  1.4860621e+01         -inf  6.89329e+05  1.48606e+01  1.48606e+01
2.424378932e+00  1.5051122e+01         -inf  6.89329e+05  1.50511e+01  1.50511e+01
2.434076448e+00  1.4834813e+01         -inf  6.89329e+05  1.48348e+01  1.48348e+01
2.443812753e+00  1.4758603e+01         -inf  6.89329e+05  1.47586e+01  1.47586e+01
2.453588004e+00  1.4716537e+01         -inf  6.89329e+05  1.47165e+01  1.47165e+01
2.463402356e+00  1.4671931e+01         -inf  6.89329e+05  1.46719e+01  1.46719e+01
2.473255966e+00  1.4695389e+01         -inf  6.89329e+05  1.46954e+01  1.46954e+01
2.483148990e+00  1.5320774e+01         -inf  6.89329e+05  1.53208e+01  1.53208e+01
2.493081586e+00  1.5102011e+01         -inf  6.89329e+05  1.51020e+01  1.51020e+01
2.503053912e+00  1.4911587e+01         -inf  6.89329e+05  1.49116e+01  1.49116e+01
2.513066128e+00  1.4737454e+01         -inf  6.89329e+05  1.47375e+01  1.47375e+01
2.523118392e+00  1.4676592e+01         -inf  6.89329e+05  1.46766e+01  1.46766e+01
2.533210866e+00  1.4666778e+01         -inf  6.89329e+05  1.46668e+01  1.46668e+01
2.543343709e+00  1.4645746e+01         -inf  6.89329e+05  1.46457e+01  1.46458e+01
2.553517084e+00  1.4707596e+01         -inf  6.89329e+05  1.47076e+01  1.47076e+01
2.563731152e+00  1.4941947e+01         -inf  6.89329e+05  1.49419e+01  1.49420e+01
2.573986077e+00  1.4919627e+01         -inf  6.89329e+05  1.49196e+01  1.49196e+01
2.584282021e+00  1.5036800e+01         -inf  6.89329e+05  1.50368e+01  1.50368e+01
2.594619149e+00  1.5152417e+01         -inf  6.89329e+05  1.51524e+01  1.51524e+01
2.604997626e+00  1.5040022e+01         -inf  6.89329e+05  1.50400e+01  1.50400e+01
2.615417616e+00  1.5027706e+01         -inf  6.89329e+05  1.50277e+01  1.50277e+01
2.625879287e+00  1.4844101e+01         -inf  6.89329e+05  1.48441e+01  1.48441e+01
2.636382804e+00  1.4754058e+01         -inf  6.89329e+05  1.47541e+01  1.47541e+01
2.646928335e+00  1.4745721e+01         -inf  6.89329e+05  1.47457e+01  1.47457e+01
2.657516049e+00  1.5131991e+01         -inf  6.89329e+05  1.51320e+01  1.51320e+01
2.668146113e+00  2.2590352e+01         -inf  6.89329e+05  2.25904e+01  2.25904e+01
2.678818697e+00  3.3140139e+01         -inf  6.89329e+05  3.31401e+01  3.31401e+01
2.689533972e+00  3.2521861e+01         -inf  6.89329e+05  3.25219e+01  3.25219e+01
2.700292108e+00  3.3235175e+01         -inf  6.89329e+05  3.32352e+01  3.32352e+01
2.711093276e+00  2.9404808e+01         -inf  6.89329e+05  2.94048e+01  2.94048e+01
2.721937650e+00  2.3307158e+01         -inf  6.89329e+05  2.33072e+01  2.33072e+01
2.732825400e+00  2.1634407e+01         -inf  6.89329e+05  2.16344e+01  2.16344e+01
2.743756702e+00  2.5654923e+01         -inf  6.89329e+05  2.56549e+01  2.56549e+01
2.754731729e+00  3.1844562e+01         -inf  6.89329e+05  3.18446e+01  3.18446e+01
2.765750655e+00  3.1034778e+01         -inf  6.89329e+05  3.10348e+01  3.10348e+01
2.776813658e+00  3.2353610e+01         -inf  6.89329e+05  3.23536e+01  3.23536e+01
2.787920913e+00  2.9552567e+01         -inf  6.89329e+05  2.95526e+01  2.95526e+01
2.799072596e+00  2.5464207e+01         -inf  6.89329e+05  2.54642e+01  2.54642e+01
2.810268887e+00  2.3137489e+01         -inf  6.89329e+05  2.31375e+01  2.31375e+01
2.821509962e+00  2.1020196e+01         -inf  6.89329e+05  2.10202e+01  2.10202e+01
2.832796002e+00  1.8613413e+01         -inf  6.89329e+05  1.86134e+01  1.86134e+01
2.844127186e+00  1.8757707e+01         -inf  6.89329e+05  1.87577e+01  1.87577e+01
2.855503695e+00  1.7552686e+01         -inf  6.89329e+05  1.75527e+01  1.75527e+01
2.866925710e+00  1.7072407e+01         -inf  6.89329e+05  1.70724e+01  1.70725e+01
2.878393413e+00  1.6277626e+01         -inf  6.89329e+05  1.62776e+01  1.62777e+01
2.889906986e+00  1.5893147e+01         -inf  6.89329e+05  1.58931e+01  1.58933e+01
2.901466614e+00  1.5163398e+01         -inf  6.89329e+05  1.51634e+01  1.51635e+01
2.913072481e+00  1.4757938e+01         -inf  6.89329e+05  1.47579e+01  1.47581e+01
2.924724770e+00  1.4666481e+01         -inf  6.89329e+05  1.46665e+01  1.46666e+01
2.936423670e+00  1.4621182e+01         -inf  6.89329e+05  1.46212e+01  1.46213e+01
2.948169364e+00  1.4674379e+01         -inf  6.89329e+05  1.46744e+01  1.46746e+01
2.959962042e+00  1.4946808e+01         -inf  6.89329e+05  1.49468e+01  1.49470e+01
2.971801890e+00  1.5028090e+01         -inf  6.89329e+05  1.50281e+01  1.50283e+01
2.983689097e+00  1.5187386e+01         -inf  6.89329e+05  1.51874e+01  1.51876e+01
2.995623854e+00  1.4833726e+01         -inf  6.89329e+05  1.48337e+01  1.48339e+01
3.007606349e+00  1.4785167e+01         -inf  6.89329e+05  1.47852e+01  1.47854e+01
3.019636775e+00  1.4761961e+01         -inf  6.89329e+05  1.47620e+01  1.47622e+01
3.031715322e+00  1.4635669e+01         -inf  6.89329e+05  1.46357e+01  1.46359e+01
3.043842183e+00  1.4613483e+01         -inf  6.89329e+05  1.46135e+01  1.46138e+01
3.056017552e+00  1.4615929e+01         -inf  6.89329e+05  1.46159e+01  1.46162e+01
3.068241622e+00  1.4606779e+01         -inf  6.89329e+05  1.46068e+01  1.46071e+01
3.080514588e+00  1.4602364e+01         -inf  6.89329e+05  1.46024e+01  1.46027e+01
3.092836647e+00  1.4602458e+01         -inf  6.89329e+05  1.46025e+01  1.46028e+01
3.105207993e+00  1.4611911e+01         -inf  6.89329e+05  1.46119e+01  1.46123e+01
3.117628825e+00  1.4704966e+01         -inf  6.89329e+05  1.47050e+01  1.47054e+01
3.130099341e+00  1.5148662e+01         -inf  6.89329e+05  1.51487e+01  1.51491e+01
3.142619738e+00  1.4920505e+01         -inf  6.89329e+05  1.49205e+01  1.49210e+01
3.155190217e+00  1.5090066e+01         -inf  6.89329e+05  1.50901e+01  1.50905e+01
3.167810978e+00  1.5006670e+01         -inf  6.89329e+05  1.50067e+01  1.50072e+01
3.180482222e+00  1.5593716e+01         -inf  6.89329e+05  1.55937e+01  1.55942e+01
3.193204151e+00  1.5611459e+01         -inf  6.89329e+05  1.56115e+01  1.56120e+01
3.205976967e+00  1.5814193e+01         -inf  6.89329e+05  1.58142e+01  1.58147e+01
3.218800875e+00  1.6446366e+01         -inf  6.89329e+05  1.64464e+01  1.64469e+01
3.231676079e+00  1.6116188e+01         -inf  6.89329e+05  1.61162e+01  1.61168e+01
3.244602783e+00  1.6841025e+01         -inf  6.89329e+05  1.68410e+01  1.68416e+01
3.257581194e+00  1.6967031e+01         -inf  6.89329e+05  1.69670e+01  1.69677e+01
3.270611519e+00  1.8708546e+01         -inf  6.89329e+05  1.87085e+01  1.87093e+01
3.283693965e+00  1.7630067e+01         -inf  6.89329e+05  1.76301e+01  1.76309e+01
3.296828741e+00  1.7497085e+01         -inf  6.89329e+05  1.74971e+01  1.74979e+01
3.310016056e+00  2.1737555e+01         -inf  6.89329e+05  2.17376e+01  2.17381e+01
3.323256120e+00  1.9437248e+01         -inf  6.89329e+05  1.94372e+01  1.94380e+01
3.336549144e+00  1.5526877e+01         -inf  6.89329e+05  1.55269e+01  1.55279e+01
3.349895341e+00  1.5694550e+01         -inf  6.89329e+05  1.56945e+01  1.56956e+01
3.363294922e+00  1.6875025e+01         -inf  6.89329e+05  1.68750e+01  1.68760e+01
3.376748102e+00  1.6733650e+01         -inf  6.89329e+05  1.67336e+01  1.67347e+01
3.390255094e+00  1.6835356e+01         -inf  6.89329e+05  1.68354e+01  1.68365e+01
3.403816115e+00  1.6625162e+01         -inf  6.89329e+05  1.66252e+01  1.66264e+01
3.417431379e+00  1.5801711e+01         -inf  6.89329e+05  1.58017e+01  1.58031e+01
3.431101105e+00  1.5965014e+01         -inf  6.89329e+05  1.59650e+01  1.59665e+01
3.444825509e+00  1.5786720e+01         -inf  6.89329e+05  1.57867e+01  1.57883e+01
3.458604811e+00  1.5461009e+01         -inf  6.89329e+05  1.54610e+01  1.54627e+01
3.472439231e+00  1.5825865e+01         -inf  6.89329e+05  1.58259e+01  1.58276e+01
3.486328987e+00  1.5747694e+01         -inf  6.89329e+05  1.57477e+01  1.57495e+01
3.500274303e+00  1.5327688e+01         -inf  6.89329e+05  1.53277e+01  1.53296e+01
3.514275401e+00  1.4928984e+01         -inf  6.89329e+05  1.49290e+01  1.49311e+01
3.528332502e+00  1.5222728e+01         -inf  6.89329e+05  1.52227e+01  1.52249e+01
3.542445832e+00  1.5941948e+01         -inf  6.89329e+05  1.59419e+01  1.59442e+01
3.556615616e+00  1.5224241e+01         -inf  6.89329e+05  1.52242e+01  1.52267e+01
3.570842078e+00  1.6548176e+01         -inf  6.89329e+05  1.65482e+01  1.65506e+01
3.585125446e+00  1.6084758e+01         -inf  6.89329e+05  1.60848e+01  1.60874e+01
3.599465948e+00  1.5672379e+01         -inf  6.89329e+05  1.56724e+01  1.56752e+01
3.613863812e+00  1.5548590e+01         -inf  6.89329e+05  1.55486e+01  1.55515e+01
3.628319267e+00  1.5187874e+01         -inf  6.89329e+05  1.51879e+01  1.51910e+01
3.642832544e+00  1.5342700e+01         -inf  6.89329e+05  1.53427e+01  1.53459e+01
3.657403874e+00  1.4861628e+01         -inf  6.89329e+05  1.48616e+01  1.48651e+01
3.672033490e+00  1.4963230e+01         -inf  6.89329e+05  1.49632e+01  1.49668e+01
3.686721624e+00  1.4993399e+01         -inf  6.89329e+05  1.49934e+01  1.49972e+01
3.701468510e+00  1.4807272e+01         -inf  6.89329e+05  1.48073e+01  1.48113e+01
3.716274384e+00  1.4891290e+01         -inf  6.89329e+05  1.48913e+01  1.48955e+01
3.731139482e+00  1.4945240e+01         -inf  6.89329e+05  1.49452e+01  1.49496e+01
3.746064040e+00  1.4843339e+01         -inf  6.89329e+05  1.48433e+01  1.48480e+01
3.761048296e+00  1.4786225e+01         -inf  6.89329e+05  1.47862e+01  1.47911e+01
3.776092489e+00  1.4803007e+01         -inf  6.89329e+05  1.48030e+01  1.48081e+01
3.791196859e+00  1.4942010e+01         -inf  6.89329e+05  1.49420e+01  1.49473e+01
3.806361647e+00  1.4999674e+01         -inf  6.89329e+05  1.49997e+01  1.50052e+01
3.821587093e+00  1.4881194e+01         -inf  6.89329e+05  1.48812e+01  1.48870e+01
3.836873442e+00  1.5063375e+01         -inf  6.89329e+05  1.50634e+01  1.50695e+01
3.852220935e+00  1.5213901e+01         -inf  6.89329e+05  1.52139e+01  1.52202e+01
3.867629819e+00  1.5824684e+01         -inf  6.89329e+05  1.58247e+01  1.58310e+01
3.883100338e+00  1.6412623e+01         -inf  6.89329e+05  1.64126e+01  1.64188e+01
3.898632740e+00  1.5932211e+01         -inf  6.89329e+05  1.59322e+01  1.59391e+01
3.914227271e+00  1.6220518e+01         -inf  6.89329e+05  1.62205e+01  1.62275e+01
3.929884180e+00  1.5967229e+01         -inf  6.89329e+05  1.59672e+01  1.59746e+01
3.945603716e+00  1.5599115e+01         -inf  6.89329e+05  1.55991e+01  1.56071e+01
3.961386131e+00  1.5396145e+01         -inf  6.89329e+05  1.53961e+01  1.54047e+01
3.977231676e+00  1.5566859e+01         -inf  6.89329e+05  1.55669e+01  1.55757e+01
3.993140603e+00  1.5603991e+01         -inf  6.89329e+05  1.56040e+01  1.56132e+01
4.009113165e+00  1.5945065e+01         -inf  6.89329e+05  1.59451e+01  1.59545e+01
4.025149618e+00  1.6369317e+01         -inf  6.89329e+05  1.63693e+01  1.63788e+01
4.041250216e+00  1.6894455e+01         -inf  6.89329e+05  1.68945e+01  1.69040e+01
4.057415217e+00  1.7041260e+01         -inf  6.89329e+05  1.70413e+01  1.70511e+01
4.073644878e+00  1.7519070e+01         -inf  6.89329e+05  1.75191e+01  1.75289e+01
4.089939457e+00  1.7863370e+01         -inf  6.89329e+05  1.78634e+01  1.78731e+01
4.106299215e+00  1.8048568e+01         -inf  6.89329e+05  1.80486e+01  1.80585e+01
4.122724412e+00  1.8287530e+01         -inf  6.89329e+05  1.82875e+01  1.82976e+01
4.139215310e+00  1.8534993e+01         -inf  6.89329e+05  1.85350e+01  1.85452e+01
4.155772171e+00  1.8742790e+01         -inf  6.89329e+05  1.87428e+01  1.87516e+01
4.172395260e+00  2.0131047e+01         -inf  6.89329e+05  2.01310e+01  2.01349e+01
4.189084841e+00  2.5760747e+01         -inf  6.89329e+05  2.57607e+01  2.57617e+01
4.205841180e+00  3.5345184e+01         -inf  6.89329e+05  3.53452e+01  3.53457e+01
4.222664545e+00  4.3366719e+01         -inf  6.89329e+05  4.33667e+01  4.33678e+01
4.239555203e+00  4.6695552e+01         -inf  6.89329e+05  4.66956e+01  4.66968e+01
4.256513424e+00  4.4719211e+01         -inf  6.89329e+05  4.47192e+01  4.47198e+01
4.273539477e+00  4.6398998e+01         -inf  6.89329e+05  4.63990e+01  4.64000e+01
4.290633635e+00  4.4889307e+01         -inf  6.89329e+05  4.48893e+01  4.48903e+01
4.307796170e+00  4.2069720e+01         -inf  6.89329e+05  4.20697e+01  4.20706e+01
4.325027355e+00  3.8549453e+01         -inf  6.89329e+05  3.85495e+01  3.85501e+01
4.342327464e+00  3.6083682e+01         -inf  6.89329e+05  3.60837e+01  3.60842e+01
4.359696774e+00  3.4866874e+01         -inf  6.89329e+05  3.48669e+01  3.48672e+01
4.377135561e+00  3.2498807e+01         -inf  6.89329e+05  3.24988e+01  3.24993e+01
4.394644103e+00  3.2570142e+01         -inf  6.89329e+05  3.25701e+01  3.25706e+01
4.412222680e+00  3.1685017e+01         -inf  6.89329e+05  3.16850e+01  3.16856e+01
4.429871570e+00  2.9433812e+01         -inf  6.89329e+05  2.94338e+01  2.94349e+01
4.447591057e+00  2.5764073e+01         -inf  6.89329e+05  2.57641e+01  2.57666e+01
4.465381421e+00  2.3723100e+01         -inf  6.89329e+05  2.37231e+01  2.37266e+01
4.483242946e+00  2.2519138e+01         -inf  6.89329e+05  2.25191e+01  2.25242e+01
4.501175918e+00  2.0955890e+01         -inf  6.89329e+05  2.09559e+01  2.09662e+01
4.519180622e+00  2.1819381e+01         -inf  6.89329e+05  2.18194e+01  2.18283e+01
4.537257344e+00  2.0965376e+01         -inf  6.89329e+05  2.09654e+01  2.09777e+01
4.555406374e+00  1.9696968e+01         -inf  6.89329e+05  1.96970e+01  1.97151e+01
4.573627999e+00  1.8416090e+01         -inf  6.89329e+05  1.84161e+01  1.84416e+01
4.591922511e+00  1.6883291e+01         -inf  6.89329e+05  1.68833e+01  1.69177e+01
4.610290201e+00  1.6107294e+01         -inf  6.89329e+05  1.61073e+01  1.61471e+01
4.628731362e+00  1.5590554e+01         -inf  6.89329e+05  1.55906e+01  1.56337e+01
4.647246288e+00  1.5290028e+01         -inf  6.89329e+05  1.52900e+01  1.53357e+01
4.665835273e+00  1.5072726e+01         -inf  6.89329e+05  1.50727e+01  1.51206e+01
4.684498614e+00  1.6334428e+01         -inf  6.89329e+05  1.63344e+01  1.63838e+01
4.703236608e+00  2.3394523e+01         -inf  6.89329e+05  2.33945e+01  2.34367e+01
4.722049555e+00  2.4175858e+01         -inf  6.89329e+05  2.41759e+01  2.42192e+01
4.740937753e+00  2.2364559e+01         -inf  6.89329e+05  2.23646e+01  2.24110e+01
4.759901504e+00  2.3177700e+01         -inf  6.89329e+05  2.31777e+01  2.32264e+01
4.778941110e+00  2.2455236e+01         -inf  6.89329e+05  2.24552e+01  2.25009e+01
4.798056874e+00  2.0895551e+01         -inf  6.89329e+05  2.08956e+01  2.09403e+01
4.817249102e+00  2.1624289e+01         -inf  6.89329e+05  2.16243e+01  2.16533e+01
4.836518098e+00  1.9416883e+01         -inf  6.89329e+05  1.94169e+01  1.94548e+01
4.855864171e+00  1.8568396e+01         -inf  6.89329e+05  1.85684e+01  1.86054e+01
4.875287627e+00  1.7330675e+01         -inf  6.89329e+05  1.73307e+01  1.73766e+01
4.894788778e+00  1.6344570e+01         -inf  6.89329e+05  1.63446e+01  1.64038e+01
4.914367933e+00  1.6332228e+01         -inf  6.89329e+05  1.63322e+01  1.64000e+01
4.934025405e+00  1.5495630e+01         -inf  6.89329e+05  1.54956e+01  1.55741e+01
4.953761506e+00  1.5321376e+01         -inf  6.89329e+05  1.53214e+01  1.54030e+01
4.973576552e+00  1.5014875e+01         -inf  6.89329e+05  1.50149e+01  1.51007e+01
4.993470859e+00  1.4819904e+01         -inf  6.89329e+05  1.48199e+01  1.49097e+01
5.013444742e+00  1.4640375e+01         -inf  6.89329e+05  1.46404e+01  1.47339e+01
5.033498521e+00  1.4588381e+01         -inf  6.89329e+05  1.45884e+01  1.46851e+01
5.053632515e+00  1.4556578e+01         -inf  6.89329e+05  1.45566e+01  1.46561e+01
5.073847045e+00  1.4593191e+01         -inf  6.89329e+05  1.45932e+01  1.46947e+01
5.094142433e+00  1.4695127e+01         -inf  6.89329e+05  1.46951e+01  1.47981e+01
5.114519003e+00  1.4696894e+01         -inf  6.89329e+05  1.46969e+01  1.48029e+01
5.134977079e+00  1.4583146e+01         -inf  6.89329e+05  1.45831e+01  1.46934e+01
5.155516987e+00  1.4758156e+01         -inf  6.89329e+05  1.47582e+01  1.48684e+01
5.176139055e+00  1.6963082e+01         -inf  6.89329e+05  1.69631e+01  1.70522e+01
5.196843612e+00  1.5434102e+01         -inf  6.89329e+05  1.54341e+01  1.55372e+01
5.217630986e+00  1.5774049e+01         -inf  6.89329e+05  1.57740e+01  1.58702e+01
5.238501510e+00  1.5417859e+01         -inf  6.89329e+05  1.54179e+01  1.55186e+01
5.259455516e+00  1.5111371e+01         -inf  6.89329e+05  1.51114e+01  1.52182e+01
5.280493338e+00  1.4784555e+01         -inf  6.89329e+05  1.47846e+01  1.48973e+01
5.301615311e+00  1.4668252e+01         -inf  6.89329e+05  1.46683e+01  1.47837e+01
5.322821773e+00  1.4836899e+01         -inf  6.89329e+05  1.48369e+01  1.49518e+01
5.344113060e+00  1.4654327e+01         -inf  6.89329e+05  1.46543e+01  1.47678e+01
5.365489512e+00  1.4667215e+01         -inf  6.89329e+05  1.46672e+01  1.47798e+01
5.386951470e+00  1.4670778e+01         -inf  6.89329e+05  1.46708e+01  1.47828e+01
5.408499276e+00  1.4690691e+01         -inf  6.89329e+05  1.46907e+01  1.48025e+01
5.430133273e+00  1.4717020e+01         -inf  6.89329e+05  1.47170e+01  1.48293e+01
5.451853806e+00  1.4743998e+01         -inf  6.89329e+05  1.47440e+01  1.48564e+01
5.473661221e+00  1.4834197e+01         -inf  6.89329e+05  1.48342e+01  1.49464e+01
5.495555866e+00  1.4967154e+01         -inf  6.89329e+05  1.49672e+01  1.50790e+01
5.517538090e+00  1.5042242e+01         -inf  6.89329e+05  1.50422e+01  1.51542e+01
5.539608242e+00  1.4962644e+01         -inf  6.89329e+05  1.49626e+01  1.50746e+01
5.561766675e+00  1.4764060e+01         -inf  6.89329e+05  1.47641e+01  1.48762e+01
5.584013742e+00  1.4851159e+01         -inf  6.89329e+05  1.48512e+01  1.49637e+01
5.606349797e+00  1.4907611e+01         -inf  6.89329e+05  1.49076e+01  1.50206e+01
5.628775196e+00  1.4844046e+01         -inf  6.89329e+05  1.48440e+01  1.49577e+01
5.651290297e+00  1.4757793e+01         -inf  6.89329e+05  1.47578e+01  1.48721e+01
5.673895458e+00  1.4730258e+01         -inf  6.89329e+05  1.47303e+01  1.48452e+01
5.696591040e+00  1.4702413e+01         -inf  6.89329e+05  1.47024e+01  1.48181e+01
5.719377404e+00  1.4978814e+01         -inf  6.89329e+05  1.49788e+01  1.50952e+01
5.742254913e+00  1.6448372e+01         -inf  6.89329e+05  1.64484e+01  1.65646e+01
5.765223933e+00  1.6395745e+01         -inf  6.89329e+05  1.63957e+01  1.65125e+01
5.788284829e+00  1.5691084e+01         -inf  6.89329e+05  1.56911e+01  1.58087e+01
5.811437968e+00  1.5779849e+01         -inf  6.89329e+05  1.57798e+01  1.58979e+01
5.834683720e+00  1.6059154e+01         -inf  6.89329e+05  1.60592e+01  1.61779e+01
5.858022455e+00  1.5756183e+01         -inf  6.89329e+05  1.57562e+01  1.58766e+01
5.881454545e+00  1.5340364e+01         -inf  6.89329e+05  1.53404e+01  1.54629e+01
5.904980363e+00  1.4981680e+01         -inf  6.89329e+05  1.49817e+01  1.51066e+01
5.928600284e+00  1.4777952e+01         -inf  6.89329e+05  1.47780e+01  1.49054e+01
5.952314685e+00  1.4697238e+01         -inf  6.89329e+05  1.46972e+01  1.48274e+01
5.976123944e+00  1.4640805e+01         -inf  6.89329e+05  1.46408e+01  1.47746e+01
6.000028440e+00  1.4648256e+01         -inf  6.89329e+05  1.46483e+01  1.47860e+01
6.024028554e+00  1.4624047e+01         -inf  6.89329e+05  1.46240e+01  1.47665e+01
6.048124668e+00  1.4642266e+01         -inf  6.89329e+05  1.46423e+01  1.47902e+01
6.072317167e+00  1.4647068e+01         -inf  6.89329e+05  1.46471e+01  1.48009e+01
6.096606435e+00  1.4635963e+01         -inf  6.89329e+05  1.46360e+01  1.47962e+01
6.120992861e+00  1.4654655e+01         -inf  6.89329e+05  1.46547e+01  1.48220e+01
6.145476832e+00  1.4626715e+01         -inf  6.89329e+05  1.46267e+01  1.48017e+01
6.170058740e+00  1.4647285e+01         -inf  6.89329e+05  1.46473e+01  1.48305e+01
6.194738975e+00  1.4635343e+01         -inf  6.89329e+05  1.46353e+01  1.48263e+01
6.219517931e+00  1.4640410e+01         -inf  6.89329e+05  1.46404e+01  1.48386e+01
6.244396002e+00  1.4615703e+01         -inf  6.89329e+05  1.46157e+01  1.48202e+01
6.269373586e+00  1.4546396e+01         -inf  6.89329e+05  1.45464e+01  1.47560e+01
6.294451081e+00  1.4636884e+01         -inf  6.89329e+05  1.46369e+01  1.48508e+01
6.319628885e+00  1.4538935e+01         -inf  6.89329e+05  1.45389e+01  1.47565e+01
6.344907401e+00  1.4631341e+01         -inf  6.89329e+05  1.46313e+01  1.48522e+01
6.370287030e+00  1.4544304e+01         -inf  6.89329e+05  1.45443e+01  1.47690e+01
6.395768178e+00  1.4585111e+01         -inf  6.89329e+05  1.45851e+01  1.48138e+01
6.421351251e+00  1.4598231e+01         -inf  6.89329e+05  1.45982e+01  1.48316e+01
6.447036656e+00  1.4671550e+01         -inf  6.89329e+05  1.46715e+01  1.49102e+01
6.472824803e+00  1.4818479e+01         -inf  6.89329e+05  1.48185e+01  1.50634e+01
6.498716102e+00  1.5373705e+01         -inf  6.89329e+05  1.53737e+01  1.56245e+01
6.524710966e+00  1.4768083e+01         -inf  6.89329e+05  1.47681e+01  1.50295e+01
6.550809810e+00  1.4492651e+01         -inf  6.89329e+05  1.44927e+01  1.47646e+01
6.577013049e+00  1.4472288e+01         -inf  6.89329e+05  1.44723e+01  1.47554e+01
6.603321102e+00  1.4454283e+01         -inf  6.89329e+05  1.44543e+01  1.47498e+01
6.629734386e+00  1.4429393e+01         -inf  6.89329e+05  1.44294e+01  1.47383e+01
6.656253324e+00  1.4476427e+01         -inf  6.89329e+05  1.44764e+01  1.47992e+01
6.682878337e+00  1.4414516e+01         -inf  6.89329e+05  1.44145e+01  1.47525e+01
6.709609850e+00  1.4396330e+01         -inf  6.89329e+05  1.43963e+01  1.47504e+01
6.736448290e+00  1.4449487e+01         -inf  6.89329e+05  1.44495e+01  1.48200e+01
6.763394083e+00  1.4325026e+01         -inf  6.89329e+05  1.43250e+01  1.47140e+01
6.790447659e+00  1.4571954e+01         -inf  6.89329e+05  1.45720e+01  1.49795e+01
6.817609450e+00  1.4382905e+01         -inf  6.89329e+05  1.43829e+01  1.48119e+01
6.844879888e+00  1.4365882e+01         -inf  6.89329e+05  1.43659e+01  1.48165e+01
6.872259407e+00  1.4343988e+01         -inf  6.89329e+05  1.43440e+01  1.48167e+01
6.899748445e+00  1.4410114e+01         -inf  6.89329e+05  1.44101e+01  1.49056e+01
6.927347438e+00  1.4271983e+01         -inf  6.89329e+05  1.42720e+01  1.47935e+01
6.955056828e+00  1.4174798e+01         -inf  6.89329e+05  1.41748e+01  1.47240e+01
6.982877056e+00  1.4216590e+01         -inf  6.89329e+05  1.42166e+01  1.47944e+01
7.010808564e+00  1.4176599e+01         -inf  6.89329e+05  1.41766e+01  1.47856e+01
7.038851798e+00  1.4067855e+01         -inf  6.89329e+05  1.40679e+01  1.47115e+01
7.067007205e+00  1.4039373e+01         -inf  6.89329e+05  1.40394e+01  1.47176e+01
7.095275234e+00  1.4006231e+01         -inf  6.89329e+05  1.40062e+01  1.47226e+01
7.123656335e+00  1.3940239e+01         -inf  6.89329e+05  1.39402e+01  1.46958e+01
7.152150960e+00  1.3947968e+01         -inf  6.89329e+05  1.39480e+01  1.47460e+01
7.180759564e+00  1.3919170e+01         -inf  6.89329e+05  1.39192e+01  1.47620e+01
7.209482602e+00  1.4032654e+01         -inf  6.89329e+05  1.40327e+01  1.49210e+01
7.238320533e+00  1.4178442e+01         -inf  6.89329e+05  1.41784e+01  1.51102e+01
7.267273815e+00  1.4444385e+01         -inf  6.89329e+05  1.44444e+01  1.54165e+01
7.296342910e+00  1.4400202e+01         -inf  6.89329e+05  1.44002e+01  1.54253e+01
7.325528282e+00  1.4923295e+01         -inf  6.89329e+05  1.49233e+01  1.59721e+01
7.354830395e+00  1.5566736e+01         -inf  6.89329e+05  1.55667e+01  1.66230e+01
7.384249717e+00  1.6374020e+01         -inf  6.89329e+05  1.63740e+01  1.74203e+01
7.413786715e+00  1.5903818e+01         -inf  6.89329e+05  1.59038e+01  1.70414e+01
7.443441862e+00  1.6731912e+01         -inf  6.89329e+05  1.67319e+01  1.78653e+01
7.473215630e+00  1.6326906e+01         -inf  6.89329e+05  1.63269e+01  1.75491e+01
7.503108492e+00  1.6795290e+01         -inf  6.89329e+05  1.67953e+01  1.80288e+01
7.533120926e+00  1.6105982e+01         -inf  6.89329e+05  1.61060e+01  1.74461e+01
7.563253410e+00  1.4974313e+01         -inf  6.89329e+05  1.49743e+01  1.64512e+01
7.593506424e+00  1.4768402e+01         -inf  6.89329e+05  1.47684e+01  1.62721e+01
7.623880449e+00  1.5496508e+01         -inf  6.89329e+05  1.54965e+01  1.69191e+01
7.654375971e+00  2.0511757e+01         -inf  6.89329e+05  2.05118e+01  2.14982e+01
7.684993475e+00  2.0743500e+01         -inf  6.89329e+05  2.07435e+01  2.16620e+01
7.715733449e+00  1.9075841e+01         -inf  6.89329e+05  1.90758e+01  2.02054e+01
7.746596383e+00  1.7609378e+01         -inf  6.89329e+05  1.76094e+01  1.89422e+01
7.777582768e+00  1.6512390e+01         -inf  6.89329e+05  1.65124e+01  1.80470e+01
7.808693099e+00  1.7194794e+01         -inf  6.89329e+05  1.71948e+01  1.86495e+01
7.839927872e+00  1.7800622e+01         -inf  6.89329e+05  1.78006e+01  1.91746e+01
7.871287583e+00  1.7863404e+01         -inf  6.89329e+05  1.78634e+01  1.92459e+01
7.902772733e+00  1.6833102e+01         -inf  6.89329e+05  1.68331e+01  1.83729e+01
7.934383824e+00  1.6298896e+01         -inf  6.89329e+05  1.62989e+01  1.79705e+01
7.966121360e+00  1.5034842e+01         -inf  6.89329e+05  1.50348e+01  1.69082e+01
7.997985845e+00  1.4381692e+01         -inf  6.89329e+05  1.43817e+01  1.63780e+01
8.029977788e+00  1.4331019e+01         -inf  6.89329e+05  1.43310e+01  1.63812e+01
8.062097700e+00  1.3673297e+01         -inf  6.89329e+05  1.36733e+01  1.58551e+01
8.094346090e+00  1.3344044e+01         -inf  6.89329e+05  1.33440e+01  1.56024e+01
8.126723475e+00  1.2928914e+01         -inf  6.89329e+05  1.29289e+01  1.52833e+01
8.159230369e+00  1.2627813e+01         -inf  6.89329e+05  1.26278e+01  1.50537e+01
8.191867290e+00  1.2695617e+01         -inf  6.89329e+05  1.26956e+01  1.51578e+01
8.224634759e+00  1.2371506e+01         -inf  6.89329e+05  1.23715e+01  1.49075e+01
8.257533298e+00  1.2340247e+01         -inf  6.89329e+05  1.23402e+01  1.49252e+01
8.290563432e+00  1.2144867e+01         -inf  6.89329e+05  1.21449e+01  1.47915e+01
8.323725685e+00  1.2249067e+01         -inf  6.89329e+05  1.22491e+01  1.49392e+01
8.357020588e+00  1.2278507e+01         -inf  6.89329e+05  1.22785e+01  1.50171e+01
8.390448670e+00  1.2482384e+01         -inf  6.89329e+05  1.24824e+01  1.52564e+01
8.424010465e+00  1.2590680e+01         -inf  6.89329e+05  1.25907e+01  1.54090e+01
8.457706507e+00  1.2829490e+01         -inf  6.89329e+05  1.28295e+01  1.56794e+01
8.491537333e+00  1.2871080e+01         -inf  6.89329e+05  1.28711e+01  1.57807e+01
8.525503482e+00  1.2931366e+01         -inf  6.89329e+05  1.29314e+01  1.59038e+01
8.559605496e+00  1.2764024e+01         -inf  6.89329e+05  1.27640e+01  1.58193e+01
8.593843918e+00  1.3008270e+01         -inf  6.89329e+05  1.30083e+01  1.60957e+01
8.628219294e+00  1.3203887e+01         -inf  6.89329e+05  1.32039e+01  1.63298e+01
8.662732171e+00  1.3156602e+01         -inf  6.89329e+05  1.31566e+01  1.63378e+01
8.697383100e+00  1.3395235e+01         -inf  6.89329e+05  1.33952e+01  1.66396e+01
8.732172632e+00  1.3324556e+01         -inf  6.89329e+05  1.33246e+01  1.66455e+01
8.767101323e+00  1.3263942e+01         -inf  6.89329e+05  1.32639e+01  1.66588e+01
8.802169728e+00  1.3880157e+01         -inf  6.89329e+05  1.38802e+01  1.73311e+01
8.837378407e+00  1.4061343e+01         -inf  6.89329e+05  1.40613e+01  1.75655e+01
8.872727920e+00  1.3870415e+01         -inf  6.89329e+05  1.38704e+01  1.74330e+01
8.908218832e+00  1.3861547e+01         -inf  6.89329e+05  1.38615e+01  1.74862e+01
8.943851707e+00  1.3939788e+01         -inf  6.89329e+05  1.39398e+01  1.76319e+01
8.979627114e+00  1.3539217e+01         -inf  6.89329e+05  1.35392e+01  1.73153e+01
9.015545623e+00  1.2996556e+01         -inf  6.89329e+05  1.29966e+01  1.68610e+01
9.051607805e+00  1.3172778e+01         -inf  6.89329e+05  1.31728e+01  1.71075e+01
9.087814236e+00  1.3233343e+01         -inf  6.89329e+05  1.32333e+01  1.72498e+01
9.124165493e+00  1.3246038e+01         -inf  6.89329e+05  1.32460e+01  1.73550e+01
9.160662155e+00  1.3416209e+01         -inf  6.89329e+05  1.34162e+01  1.75751e+01
9.197304804e+00  1.3975398e+01         -inf  6.89329e+05  1.39754e+01  1.80950e+01
9.234094023e+00  1.3527306e+01         -inf  6.89329e+05  1.35273e+01  1.76054e+01
9.271030399e+00  1.3400469e+01         -inf  6.89329e+05  1.34005e+01  1.74932e+01
9.308114521e+00  1.3501411e+01         -inf  6.89329e+05  1.35014e+01  1.76973e+01
9.345346979e+00  1.4412274e+01         -inf  6.89329e+05  1.44123e+01  1.86994e+01
9.382728367e+00  1.9905286e+01         -inf  6.89329e+05  1.99053e+01  2.39279e+01
9.420259280e+00  2.5340588e+01         -inf  6.89329e+05  2.53406e+01  2.82909e+01
9.457940318e+00  2.7415992e+01         -inf  6.89329e+05  2.74160e+01  2.97366e+01
9.495772079e+00  2.8673954e+01         -inf  6.89329e+05  2.86740e+01  3.06026e+01
9.533755167e+00  2.7568536e+01         -inf  6.89329e+05  2.75685e+01  2.99492e+01
9.571890188e+00  2.2465491e+01         -inf  6.89329e+05  2.24655e+01  2.63158e+01
9.610177749e+00  2.7165192e+01         -inf  6.89329e+05  2.71652e+01  2.97005e+01
9.648618460e+00  2.7438083e+01         -inf  6.89329e+05  2.74381e+01  3.01178e+01
9.687212933e+00  2.6193278e+01         -inf  6.89329e+05  2.61933e+01  2.92820e+01
9.725961785e+00  2.5792735e+01         -inf  6.89329e+05  2.57927e+01  2.89368e+01
9.764865632e+00  2.5729532e+01         -inf  6.89329e+05  2.57295e+01  2.89552e+01
9.803925095e+00  2.4911552e+01         -inf  6.89329e+05  2.49116e+01  2.84662e+01
9.843140795e+00  2.3684441e+01         -inf  6.89329e+05  2.36844e+01  2.76195e+01
9.882513358e+00  2.1835400e+01         -inf  6.89329e+05  2.18354e+01  2.63094e+01
9.922043412e+00  2.0013520e+01         -inf  6.89329e+05  2.00135e+01  2.49374e+01
9.961731585e+00  1.8100097e+01         -inf  6.89329e+05  1.81001e+01  2.34224e+01
1.000157851e+01  1.6029381e+01         -inf  6.89329e+05  1.60294e+01  2.16960e+01
1.004158483e+01  1.3630714e+01         -inf  6.89329e+05  1.36307e+01  1.95997e+01
1.008175117e+01  1.2329310e+01         -inf  6.89329e+05  1.23293e+01  1.84979e+01
1.012207817e+01  1.0789205e+01         -inf  6.89329e+05  1.07892e+01  1.71129e+01
1.016256648e+01  9.8082715e+00         -inf  6.89329e+05  9.80827e+00  1.61817e+01
1.020321675e+01  9.1136360e+00         -inf  6.89329e+05  9.11364e+00  1.54983e+01
1.024402962e+01  8.7364704e+00         -inf  6.89329e+05  8.73647e+00  1.51771e+01
1.028500573e+01  8.5082858e+00         -inf  6.89329e+05  8.50829e+00  1.50116e+01
1.032614576e+01  8.2811959e+00         -inf  6.89329e+05  8.28120e+00  1.48941e+01
1.036745034e+01  7.8113416e+00         -inf  6.89329e+05  7.81134e+00  1.47394e+01
1.040892014e+01  7.5226855e+00         -inf  6.89329e+05  7.52269e+00  1.46451e+01
1.045055582e+01  7.6720303e+00         -inf  6.89329e+05  7.67203e+00  1.47412e+01
1.049235805e+01  7.5528637e+00         -inf  6.89329e+05  7.55286e+00  1.47241e+01
1.053432748e+01  7.4697238e+00         -inf  6.89329e+05  7.46972e+00  1.47269e+01
1.057646479e+01  7.3446196e+00         -inf  6.89329e+05  7.34462e+00  1.47151e+01
1.061877065e+01  7.1893267e+00         -inf  6.89329e+05  7.18933e+00  1.46932e+01
1.066124573e+01  7.0118779e+00         -inf  6.89329e+05  7.01188e+00  1.46679e+01
1.070389071e+01  6.8229640e+00         -inf  6.89329e+05  6.82296e+00  1.46425e+01
1.074670627e+01  6.6390411e+00         -inf  6.89329e+05  6.63904e+00  1.46223e+01
1.078969310e+01  6.4701509e+00         -inf  6.89329e+05  6.47015e+00  1.46094e+01
1.083285187e+01  6.3080693e+00         -inf  6.89329e+05  6.30807e+00  1.46012e+01
1.087618328e+01  6.1712605e+00         -inf  6.89329e+05  6.17126e+00  1.45984e+01
1.091968801e+01  6.0446997e+00         -inf  6.89329e+05  6.04470e+00  1.45943e+01
1.096336676e+01  5.9164839e+00         -inf  6.89329e+05  5.91648e+00  1.45930e+01
1.100722023e+01  5.7972378e+00         -inf  6.89329e+05  5.79724e+00  1.45931e+01
1.105124911e+01  5.6734975e+00         -inf  6.89329e+05  5.67350e+00  1.45933e+01
1.109545411e+01  5.5534686e+00         -inf  6.89329e+05  5.55347e+00  1.45942e+01
1.113983593e+01  5.4267767e+00         -inf  6.89329e+05  5.42678e+00  1.45921e+01
1.118439527e+01  5.2996356e+00         -inf  6.89329e+05  5.29964e+00  1.45910e+01
1.122913285e+01  5.1693060e+00         -inf  6.89329e+05  5.16931e+00  1.45903e+01
1.127404938e+01  5.0395491e+00         -inf  6.89329e+05  5.03955e+00  1.45894e+01
1.131914558e+01  4.9083700e+00         -inf  6.89329e+05  4.90837e+00  1.45896e+01
1.136442216e+01  4.7737816e+00         -inf  6.89329e+05  4.77378e+00  1.45894e+01
1.140987985e+01  4.6383906e+00         -inf  6.89329e+05  4.63839e+00  1.45894e+01
1.145551937e+01  4.5025427e+00         -inf  6.89329e+05  4.50254e+00  1.45893e+01
1.150134145e+01  4.3653390e+00         -inf  6.89329e+05  4.36534e+00  1.45893e+01
1.154734681e+01  4.2218148e+00         -inf  6.89329e+05  4.22181e+00  1.45901e+01
1.159353620e+01  4.0768732e+00         -inf  6.89329e+05  4.07687e+00  1.45908e+01
1.163991035e+01  3.9412995e+00         -inf  6.89329e+05  3.94130e+00  1.45898e+01
1.168646999e+01  3.7976660e+00         -inf  6.89329e+05  3.79767e+00  1.45907e+01
1.173321587e+01  3.6536424e+00         -inf  6.89329e+05  3.65364e+00  1.45914e+01
1.178014873e+01  3.5079237e+00         -inf  6.89329e+05  3.50792e+00  1.45924e+01
1.182726932e+01  3.3619266e+00         -inf  6.89329e+05  3.36193e+00  1.45946e+01
1.187457840e+01  3.2147872e+00         -inf  6.89329e+05  3.21479e+00  1.45952e+01
1.192207672e+01  3.0702298e+00         -inf  6.89329e+05  3.07023e+00  1.46000e+01
1.196976502e+01  2.9198358e+00         -inf  6.89329e+05  2.91984e+00  1.46010e+01
1.201764408e+01  2.7765870e+00         -inf  6.89329e+05  2.77659e+00  1.46110e+01
1.206571466e+01  2.7183201e+00         -inf  6.89329e+05  2.71832e+00  1.46285e+01
1.211397752e+01  2.5059189e+00         -inf  6.89329e+05  2.50592e+00  1.46252e+01
1.216243343e+01  2.4232228e+00         -inf  6.89329e+05  2.42322e+00  1.46563e+01
1.221108316e+01  2.3419535e+00         -inf  6.89329e+05  2.34195e+00  1.46664e+01
1.225992749e+01  2.3204479e+00         -inf  6.89329e+05  2.32045e+00  1.47181e+01
1.230896720e+01  2.2906859e+00         -inf  6.89329e+05  2.29069e+00  1.47576e+01
1.235820307e+01  2.2641660e+00         -inf  6.89329e+05  2.26417e+00  1.48069e+01
1.240763589e+01  2.2497166e+00         -inf  6.89329e+05  2.24972e+00  1.48856e+01
1.245726643e+01  2.1364283e+00         -inf  6.89329e+05  2.13643e+00  1.48948e+01
1.250709549e+01  2.0752274e+00         -inf  6.89329e+05  2.07523e+00  1.50047e+01
1.255712388e+01  1.8230536e+00         -inf  6.89329e+05  1.82305e+00  1.49770e+01
1.260735237e+01  3.5498426e+00         -inf  6.89329e+05  3.54984e+00  1.54232e+01
1.265778178e+01  2.6136764e+00         -inf  6.89329e+05  2.61368e+00  1.54717e+01
1.270841291e+01  1.4201036e+00         -inf  6.89329e+05  1.42010e+00  1.51710e+01
1.275924656e+01  1.6858314e+00         -inf  6.89329e+05  1.68583e+00  1.53935e+01
1.281028355e+01  1.7539320e+00         -inf  6.89329e+05  1.75393e+00  1.54248e+01
1.286152468e+01  1.9946883e+00         -inf  6.89329e+05  1.99469e+00  1.56180e+01
1.291297078e+01  2.1208539e+00         -inf  6.89329e+05  2.12085e+00  1.56387e+01
1.296462266e+01  3.1465315e+00         -inf  6.89329e+05  3.14653e+00  1.61446e+01
1.301648115e+01  3.0014251e+00         -inf  6.89329e+05  3.00143e+00  1.59074e+01
1.306854708e+01  3.6261592e+00         -inf  6.89329e+05  3.62616e+00  1.65364e+01
1.312082127e+01  3.8112202e+00         -inf  6.89329e+05  3.81122e+00  1.63193e+01
1.317330455e+01  4.8884094e+00         -inf  6.89329e+05  4.88841e+00  1.67057e+01
1.322599777e+01  6.3148506e+00         -inf  6.89329e+05  6.31485e+00  1.73528e+01
1.327890176e+01  6.6233647e+00         -inf  6.89329e+05  6.62336e+00  1.73101e+01
1.333201737e+01  8.5348583e+00         -inf  6.89329e+05  8.53486e+00  1.87422e+01
1.338534544e+01  8.3255940e+00         -inf  6.89329e+05  8.32559e+00  1.82207e+01
1.343888682e+01  1.0508193e+01         -inf  6.89329e+05  1.05082e+01  1.99379e+01
1.349264237e+01  1.4680095e+01         -inf  6.89329e+05  1.46801e+01  2.23001e+01
1.354661294e+01  1.2255248e+01         -inf  6.89329e+05  1.22552e+01  2.07588e+01
1.360079939e+01  1.3276404e+01         -inf  6.89329e+05  1.32764e+01  2.17245e+01
1.365520258e+01  1.2976525e+01         -inf  6.89329e+05  1.29765e+01  2.14864e+01
1.370982339e+01  1.3427129e+01         -inf  6.89329e+05  1.34271e+01  2.22261e+01
1.376466269e+01  1.1479659e+01         -inf  6.89329e+05  1.14797e+01  2.07947e+01
1.381972134e+01  1.3549010e+01         -inf  6.89329e+05  1.35490e+01  2.25520e+01
1.387500022e+01  2.5783911e+01         -inf  6.89329e+05  2.57839e+01  3.08198e+01
1.393050023e+01  1.6282456e+01         -inf  6.89329e+05  1.62825e+01  2.39396e+01
1.398622223e+01  1.5120751e+01         -inf  6.89329e+05  1.51208e+01  2.32519e+01
1.404216712e+01  1.6897301e+01         -inf  6.89329e+05  1.68973e+01  2.43693e+01
1.409833578e+01  1.7628056e+01         -inf  6.89329e+05  1.76281e+01  2.48517e+01
1.415472913e+01  1.9286182e+01         -inf  6.89329e+05  1.92862e+01  2.58040e+01
1.421134804e+01  2.1754016e+01         -inf  6.89329e+05  2.17540e+01  2.76441e+01
1.426819344e+01  2.3284466e+01         -inf  6.89329e+05  2.32845e+01  2.86610e+01
1.432526621e+01  2.4651001e+01         -inf  6.89329e+05  2.46510e+01  2.97231e+01
1.438256727e+01  2.7577840e+01         -inf  6.89329e+05  2.75778e+01  3.20468e+01
1.444009754e+01  2.9167814e+01         -inf  6.89329e+05  2.91678e+01  3.34532e+01
1.449785793e+01  2.9205393e+01         -inf  6.89329e+05  2.92054e+01  3.34350e+01
1.455584937e+01  3.1436573e+01         -inf  6.89329e+05  3.14366e+01  3.54691e+01
1.461407276e+01  3.2997851e+01         -inf  6.89329e+05  3.29979e+01  3.69299e+01
1.467252905e+01  3.3052706e+01         -inf  6.89329e+05  3.30527e+01  3.70339e+01
1.473121917e+01  3.3307157e+01         -inf  6.89329e+05  3.33072e+01  3.73228e+01
1.479014405e+01  3.4574128e+01         -inf  6.89329e+05  3.45741e+01  3.85527e+01
1.484930462e+01  3.4144806e+01         -inf  6.89329e+05  3.41448e+01  3.82110e+01
1.490870184e+01  3.4037352e+01         -inf  6.89329e+05  3.40374e+01  3.81755e+01
1.496833665e+01  4.6460250e+01         -inf  6.89329e+05  4.64603e+01  4.98714e+01
1.502821000e+01  3.5010558e+01         -inf  6.89329e+05  3.50106e+01  3.92270e+01
1.508832284e+01  3.5837397e+01         -inf  6.89329e+05  3.58374e+01  4.00488e+01
1.514867613e+01  3.3605228e+01         -inf  6.89329e+05  3.36052e+01  3.80245e+01
1.520927083e+01  3.2101255e+01         -inf  6.89329e+05  3.21013e+01  3.67020e+01
1.527010791e+01  3.2715808e+01         -inf  6.89329e+05  3.27158e+01  3.73362e+01
1.533118835e+01  3.2788204e+01         -inf  6.89329e+05  3.27882e+01  3.74758e+01
1.539251310e+01  3.3931898e+01         -inf  6.89329e+05  3.39319e+01  3.86173e+01
1.545408315e+01  3.0312460e+01         -inf  6.89329e+05  3.03125e+01  3.55056e+01
1.551589948e+01  2.9599946e+01         -inf  6.89329e+05  2.95999e+01  3.49460e+01
1.557796308e+01  2.7417188e+01         -inf  6.89329e+05  2.74172e+01  3.32052e+01
1.564027493e+01  2.4879953e+01         -inf  6.89329e+05  2.48800e+01  3.12770e+01
1.570283603e+01  2.4632481e+01         -inf  6.89329e+05  2.46325e+01  3.12352e+01
1.576564738e+01  2.2607049e+01         -inf  6.89329e+05  2.26070e+01  2.98299e+01
1.582870997e+01  2.0144625e+01         -inf  6.89329e+05  2.01446e+01  2.83144e+01
1.589202481e+01  1.8495271e+01         -inf  6.89329e+05  1.84953e+01  2.72958e+01
1.595559291e+01  1.4815712e+01         -inf  6.89329e+05  1.48157e+01  2.51054e+01
1.601941528e+01  1.4332931e+01         -inf  6.89329e+05  1.43329e+01  2.50214e+01
1.608349294e+01  9.1598786e+00         -inf  6.89329e+05  9.15988e+00  2.21540e+01
1.614782691e+01  1.1860926e+01         -inf  6.89329e+05  1.18609e+01  2.37938e+01
1.621241822e+01  2.0081293e+01         -inf  6.89329e+05  2.00813e+01  2.90025e+01
1.627726789e+01  8.5371754e+00         -inf  6.89329e+05  8.53718e+00  2.19759e+01
1.634237696e+01  6.1646782e+00         -inf  6.89329e+05  6.16468e+00  2.07472e+01
1.640774647e+01  8.2450394e+00         -inf  6.89329e+05  8.24504e+00  2.20367e+01
1.647337746e+01  7.3678385e+00         -inf  6.89329e+05  7.36784e+00  2.17898e+01
1.653927097e+01  5.9518928e+00         -inf  6.89329e+05  5.95189e+00  2.08847e+01
1.660542805e+01  4.8814927e+00         -inf  6.89329e+05  4.88149e+00  2.03617e+01
1.667184976e+01  3.3924198e+00         -inf  6.89329e+05  3.39242e+00  1.97139e+01
1.673853716e+01  8.1965659e+00         -inf  6.89329e+05  8.19657e+00  2.25393e+01
1.680549131e+01  1.9545932e+00         -inf  6.89329e+05  1.95459e+00  1.92488e+01
1.687271328e+01  5.4690170e-01         -inf  6.89329e+05  5.46902e-01  1.85089e+01
1.694020413e+01  5.2693705e-01         -inf  6.89329e+05  5.26937e-01  1.90526e+01
1.700796495e+01 -9.7907757e-01         -inf  6.89329e+05 -9.79078e-01  1.79975e+01
1.707599681e+01 -4.2205553e+00         -inf  6.89329e+05 -4.22056e+00  1.68125e+01
1.714430079e+01 -4.6780854e+00         -inf  6.89329e+05 -4.67809e+00  1.66935e+01
1.721287800e+01 -5.8841842e+00         -inf  6.89329e+05 -5.88418e+00  1.63124e+01
1.728172951e+01 -6.9616241e+00         -inf  6.89329e+05 -6.96162e+00  1.62124e+01
1.735085643e+01 -7.3942528e+00         -inf  6.89329e+05 -7.39425e+00  1.61101e+01
1.742025985e+01 -9.3585550e+00         -inf  6.89329e+05 -9.35856e+00  1.56299e+01
1.748994089e+01 -9.2864971e+00         -inf  6.89329e+05 -9.28650e+00  1.56380e+01
1.755990065e+01 -1.0242766e+01         -inf  6.89329e+05 -1.02428e+01  1.54882e+01
1.763014026e+01 -1.1100629e+01         -inf  6.89329e+05 -1.11006e+01  1.51714e+01
1.770066082e+01 -1.1508488e+01         -inf  6.89329e+05 -1.15085e+01  1.51179e+01
1.777146346e+01 -1.1968385e+01         -inf  6.89329e+05 -1.19684e+01  1.50700e+01
1.784254932e+01 -1.2768608e+01         -inf  6.89329e+05 -1.27686e+01  1.49093e+01
1.791391951e+01 -1.2988240e+01         -inf  6.89329e+05 -1.29882e+01  1.48033e+01
1.798557519e+01 -1.3374497e+01         -inf  6.89329e+05 -1.33745e+01  1.47582e+01
1.805751749e+01 -1.3747696e+01         -inf  6.89329e+05 -1.37477e+01  1.47035e+01
1.812974756e+01 -1.3894729e+01         -inf  6.89329e+05 -1.38947e+01  1.47028e+01
1.820226655e+01 -1.4274379e+01         -inf  6.89329e+05 -1.42744e+01  1.46407e+01
1.827507562e+01 -1.3928445e+01         -inf  6.89329e+05 -1.39284e+01  1.46965e+01
1.834817592e+01 -1.1077504e+01         -inf  6.89329e+05 -1.10775e+01  1.55646e+01
1.842156862e+01 -1.4831558e+01         -inf  6.89329e+05 -1.48316e+01  1.46119e+01
1.849525490e+01 -1.5094465e+01         -inf  6.89329e+05 -1.50945e+01  1.46112e+01
1.856923592e+01 -1.5095799e+01         -inf  6.89329e+05 -1.50958e+01  1.46488e+01
1.864351286e+01 -1.5239543e+01         -inf  6.89329e+05 -1.52395e+01  1.46536e+01
1.871808691e+01 -1.5395265e+01         -inf  6.89329e+05 -1.53953e+01  1.46614e+01
1.879295926e+01 -1.5571800e+01         -inf  6.89329e+05 -1.55718e+01  1.46476e+01
1.886813110e+01 -1.5876036e+01         -inf  6.89329e+05 -1.58760e+01  1.46202e+01
1.894360362e+01 -1.5898878e+01         -inf  6.89329e+05 -1.58989e+01  1.46503e+01
1.901937804e+01 -1.6177512e+01         -inf  6.89329e+05 -1.61775e+01  1.46290e+01
1.909545555e+01 -1.6420061e+01         -inf  6.89329e+05 -1.64201e+01  1.46112e+01
1.917183737e+01 -1.6560782e+01         -inf  6.89329e+05 -1.65608e+01  1.46209e+01
1.924852472e+01 -1.6829633e+01         -inf  6.89329e+05 -1.68296e+01  1.46042e+01
1.932551882e+01 -1.6978698e+01         -inf  6.89329e+05 -1.69787e+01  1.46076e+01
1.940282089e+01 -1.7189967e+01         -inf  6.89329e+05 -1.71900e+01  1.46027e+01
1.948043218e+01 -1.7388268e+01         -inf  6.89329e+05 -1.73883e+01  1.46005e+01
1.955835391e+01 -1.7557869e+01         -inf  6.89329e+05 -1.75579e+01  1.46012e+01
1.963658732e+01 -1.7716039e+01         -inf  6.89329e+05 -1.77160e+01  1.46023e+01
1.971513367e+01 -1.7918360e+01         -inf  6.89329e+05 -1.79184e+01  1.46011e+01
1.979399421e+01 -1.8113128e+01         -inf  6.89329e+05 -1.81131e+01  1.45998e+01
1.987317018e+01 -1.8292783e+01         -inf  6.89329e+05 -1.82928e+01  1.46001e+01
1.995266286e+01 -1.8471786e+01         -inf  6.89329e+05 -1.84718e+01  1.46004e+01
