# WARNING | GENERATOR | Too many electrons per pixel (up to 9.04e+13) detected in the 1.54-19.95 um spectral range. Reduce exposure time per frame to less than 0.000 seconds.
# ------------------------------------------------------------------------
# Radiance spectrum
# NASA-GSFC Planetary Spectrum Generator (PSG) (Villanueva et al. 2018, 2022)
# Synthesized on Tue Oct  6 07:36:35 2026
# Doppler velocities [km/s] (vobs,vrot+vorb,vwidth,vrfl,vstr): 29.00000,-0.00000,0.00000,0.00000,-0.00000
# ------------------------------------------------------------------------
# Spectra synthesized with the Planetary and Universal Model of Atmospheric Scattering (PUMAS, Villanueva et al. 2018, 2022)
# Single scattering radiative transfer method
# Radiative transfer took 18.476 seconds
# ------------------------------------------------------------------------
# Spectral unit: Wavelength [um]
# Radiance unit: Contrast [transit atmospheric thickness, km]
# Wave/freq Total Noise Stellar Earth Transit
2.000000000e-01  4.1170936e+01         -inf  6.89329e+05  4.11709e+01  4.11709e+01
2.008000000e-01  4.1052806e+01         -inf  6.89329e+05  4.10528e+01  4.10528e+01
2.016032000e-01  4.0963736e+01         -inf  6.89329e+05  4.09637e+01  4.09637e+01
2.024096128e-01  4.0881081e+01         -inf  6.89329e+05  4.08811e+01  4.08811e+01
2.032192513e-01  4.0796538e+01         -inf  6.89329e+05  4.07965e+01  4.07965e+01
2.040321283e-01  4.0710861e+01         -inf  6.89329e+05  4.07109e+01  4.07109e+01
2.048482568e-01  4.0627070e+01         -inf  6.89329e+05  4.06271e+01  4.06271e+01
2.056676498e-01  4.0544411e+01         -inf  6.89329e+05  4.05444e+01  4.05444e+01
2.064903204e-01  4.0462883e+01         -inf  6.89329e+05  4.04629e+01  4.04629e+01
2.073162817e-01  4.0381353e+01         -inf  6.89329e+05  4.03814e+01  4.03814e+01
2.081455468e-01  4.0300578e+01         -inf  6.89329e+05  4.03006e+01  4.03006e+01
2.089781290e-01  4.0219802e+01         -inf  6.89329e+05  4.02198e+01  4.02198e+01
2.098140415e-01  4.0140534e+01         -inf  6.89329e+05  4.01405e+01  4.01405e+01
2.106532977e-01  4.0061266e+01         -inf  6.89329e+05  4.00613e+01  4.00613e+01
2.114959109e-01  3.9981241e+01         -inf  6.89329e+05  3.99812e+01  3.99812e+01
2.123418945e-01  3.9909143e+01         -inf  6.89329e+05  3.99091e+01  3.99091e+01
2.131912621e-01  3.9842328e+01         -inf  6.89329e+05  3.98423e+01  3.98423e+01
2.140440271e-01  3.9762679e+01         -inf  6.89329e+05  3.97627e+01  3.97627e+01
2.149002032e-01  3.9695863e+01         -inf  6.89329e+05  3.96959e+01  3.96959e+01
2.157598041e-01  3.9631311e+01         -inf  6.89329e+05  3.96313e+01  3.96313e+01
2.166228433e-01  3.9567514e+01         -inf  6.89329e+05  3.95675e+01  3.95675e+01
2.174893346e-01  3.9509379e+01         -inf  6.89329e+05  3.95094e+01  3.95094e+01
2.183592920e-01  3.9449733e+01         -inf  6.89329e+05  3.94497e+01  3.94497e+01
2.192327292e-01  3.9394994e+01         -inf  6.89329e+05  3.93950e+01  3.93950e+01
2.201096601e-01  3.9342897e+01         -inf  6.89329e+05  3.93429e+01  3.93429e+01
2.209900987e-01  3.9294575e+01         -inf  6.89329e+05  3.92946e+01  3.92946e+01
2.218740591e-01  3.9249273e+01         -inf  6.89329e+05  3.92493e+01  3.92493e+01
2.227615553e-01  3.9205858e+01         -inf  6.89329e+05  3.92059e+01  3.92059e+01
2.236526016e-01  3.9166218e+01         -inf  6.89329e+05  3.91662e+01  3.91662e+01
2.245472120e-01  3.9131486e+01         -inf  6.89329e+05  3.91315e+01  3.91315e+01
2.254454008e-01  3.9095243e+01         -inf  6.89329e+05  3.90952e+01  3.90952e+01
2.263471824e-01  3.9068061e+01         -inf  6.89329e+05  3.90681e+01  3.90681e+01
2.272525711e-01  3.9040502e+01         -inf  6.89329e+05  3.90405e+01  3.90405e+01
2.281615814e-01  3.9017850e+01         -inf  6.89329e+05  3.90178e+01  3.90178e+01
2.290742278e-01  3.8999728e+01         -inf  6.89329e+05  3.89997e+01  3.89997e+01
2.299905247e-01  3.8978209e+01         -inf  6.89329e+05  3.89782e+01  3.89782e+01
2.309104868e-01  3.8968393e+01         -inf  6.89329e+05  3.89684e+01  3.89684e+01
2.318341287e-01  3.8953669e+01         -inf  6.89329e+05  3.89537e+01  3.89537e+01
2.327614652e-01  3.8948006e+01         -inf  6.89329e+05  3.89480e+01  3.89480e+01
2.336925111e-01  3.8935925e+01         -inf  6.89329e+05  3.89359e+01  3.89359e+01
2.346272811e-01  3.8936302e+01         -inf  6.89329e+05  3.89363e+01  3.89363e+01
2.355657903e-01  3.8927241e+01         -inf  6.89329e+05  3.89272e+01  3.89272e+01
2.365080534e-01  3.8925353e+01         -inf  6.89329e+05  3.89254e+01  3.89254e+01
2.374540856e-01  3.8926486e+01         -inf  6.89329e+05  3.89265e+01  3.89265e+01
2.384039020e-01  3.8922711e+01         -inf  6.89329e+05  3.89227e+01  3.89227e+01
2.393575176e-01  3.8921201e+01         -inf  6.89329e+05  3.89212e+01  3.89212e+01
2.403149477e-01  3.8924976e+01         -inf  6.89329e+05  3.89250e+01  3.89250e+01
2.412762074e-01  3.8917425e+01         -inf  6.89329e+05  3.89174e+01  3.89174e+01
2.422413123e-01  3.8915160e+01         -inf  6.89329e+05  3.89152e+01  3.89152e+01
2.432102775e-01  3.8919690e+01         -inf  6.89329e+05  3.89197e+01  3.89197e+01
2.441831186e-01  3.8908364e+01         -inf  6.89329e+05  3.89084e+01  3.89084e+01
2.451598511e-01  3.8904966e+01         -inf  6.89329e+05  3.89050e+01  3.89050e+01
2.461404905e-01  3.8891752e+01         -inf  6.89329e+05  3.88918e+01  3.88918e+01
2.471250525e-01  3.8876651e+01         -inf  6.89329e+05  3.88767e+01  3.88767e+01
2.481135527e-01  3.8853998e+01         -inf  6.89329e+05  3.88540e+01  3.88540e+01
2.491060069e-01  3.8852866e+01         -inf  6.89329e+05  3.88529e+01  3.88529e+01
2.501024309e-01  3.8821530e+01         -inf  6.89329e+05  3.88215e+01  3.88215e+01
2.511028406e-01  3.8772071e+01         -inf  6.89329e+05  3.87721e+01  3.87721e+01
2.521072520e-01  3.8775091e+01         -inf  6.89329e+05  3.87751e+01  3.87751e+01
2.531156810e-01  3.8714306e+01         -inf  6.89329e+05  3.87143e+01  3.87143e+01
2.541281437e-01  3.8675041e+01         -inf  6.89329e+05  3.86750e+01  3.86750e+01
2.551446563e-01  3.8647479e+01         -inf  6.89329e+05  3.86475e+01  3.86475e+01
2.561652349e-01  3.8577631e+01         -inf  6.89329e+05  3.85776e+01  3.85776e+01
2.571898959e-01  3.8504762e+01         -inf  6.89329e+05  3.85048e+01  3.85048e+01
2.582186555e-01  3.8470781e+01         -inf  6.89329e+05  3.84708e+01  3.84708e+01
2.592515301e-01  3.8394513e+01         -inf  6.89329e+05  3.83945e+01  3.83945e+01
2.602885362e-01  3.8314467e+01         -inf  6.89329e+05  3.83145e+01  3.83145e+01
2.613296904e-01  3.8234799e+01         -inf  6.89329e+05  3.82348e+01  3.82348e+01
2.623750091e-01  3.8158905e+01         -inf  6.89329e+05  3.81589e+01  3.81589e+01
2.634245092e-01  3.8028637e+01         -inf  6.89329e+05  3.80286e+01  3.80286e+01
2.644782072e-01  3.7982193e+01         -inf  6.89329e+05  3.79822e+01  3.79822e+01
2.655361200e-01  3.7852451e+01         -inf  6.89329e+05  3.78525e+01  3.78525e+01
2.665982645e-01  3.7735016e+01         -inf  6.89329e+05  3.77350e+01  3.77350e+01
2.676646576e-01  3.7630342e+01         -inf  6.89329e+05  3.76303e+01  3.76303e+01
2.687353162e-01  3.7467588e+01         -inf  6.89329e+05  3.74676e+01  3.74676e+01
2.698102574e-01  3.7389683e+01         -inf  6.89329e+05  3.73897e+01  3.73897e+01
2.708894985e-01  3.7212044e+01         -inf  6.89329e+05  3.72120e+01  3.72120e+01
2.719730565e-01  3.7096184e+01         -inf  6.89329e+05  3.70962e+01  3.70962e+01
2.730609487e-01  3.6949127e+01         -inf  6.89329e+05  3.69491e+01  3.69491e+01
2.741531925e-01  3.6755651e+01         -inf  6.89329e+05  3.67557e+01  3.67557e+01
2.752498053e-01  3.6632757e+01         -inf  6.89329e+05  3.66328e+01  3.66328e+01
2.763508045e-01  3.6462273e+01         -inf  6.89329e+05  3.64623e+01  3.64623e+01
2.774562077e-01  3.6298432e+01         -inf  6.89329e+05  3.62984e+01  3.62984e+01
2.785660325e-01  3.6124200e+01         -inf  6.89329e+05  3.61242e+01  3.61242e+01
2.796802967e-01  3.5960048e+01         -inf  6.89329e+05  3.59600e+01  3.59600e+01
2.807990178e-01  3.5761972e+01         -inf  6.89329e+05  3.57620e+01  3.57620e+01
2.819222139e-01  3.5572616e+01         -inf  6.89329e+05  3.55726e+01  3.55726e+01
2.830499028e-01  3.5420349e+01         -inf  6.89329e+05  3.54203e+01  3.54203e+01
2.841821024e-01  3.5219952e+01         -inf  6.89329e+05  3.52200e+01  3.52200e+01
2.853188308e-01  3.5031524e+01         -inf  6.89329e+05  3.50315e+01  3.50315e+01
2.864601061e-01  3.4863264e+01         -inf  6.89329e+05  3.48633e+01  3.48633e+01
2.876059465e-01  3.4667799e+01         -inf  6.89329e+05  3.46678e+01  3.46678e+01
2.887563703e-01  3.4475313e+01         -inf  6.89329e+05  3.44753e+01  3.44753e+01
2.899113958e-01  3.4293550e+01         -inf  6.89329e+05  3.42936e+01  3.42936e+01
2.910710414e-01  3.4123608e+01         -inf  6.89329e+05  3.41236e+01  3.41236e+01
2.922353256e-01  3.3932730e+01         -inf  6.89329e+05  3.39327e+01  3.39327e+01
2.934042669e-01  3.3759265e+01         -inf  6.89329e+05  3.37593e+01  3.37593e+01
2.945778839e-01  3.3589044e+01         -inf  6.89329e+05  3.35890e+01  3.35890e+01
2.957561955e-01  3.3408504e+01         -inf  6.89329e+05  3.34085e+01  3.34085e+01
2.969392202e-01  3.3246020e+01         -inf  6.89329e+05  3.32460e+01  3.32460e+01
2.981269771e-01  3.3087123e+01         -inf  6.89329e+05  3.30871e+01  3.30871e+01
2.993194850e-01  3.2938840e+01         -inf  6.89329e+05  3.29388e+01  3.29388e+01
3.005167630e-01  3.2793237e+01         -inf  6.89329e+05  3.27932e+01  3.27932e+01
3.017188300e-01  3.2647215e+01         -inf  6.89329e+05  3.26472e+01  3.26472e+01
3.029257054e-01  3.2510259e+01         -inf  6.89329e+05  3.25103e+01  3.25103e+01
3.041374082e-01  3.2387889e+01         -inf  6.89329e+05  3.23879e+01  3.23879e+01
3.053539578e-01  3.2248093e+01         -inf  6.89329e+05  3.22481e+01  3.22481e+01
3.065753736e-01  3.2137509e+01         -inf  6.89329e+05  3.21375e+01  3.21375e+01
3.078016751e-01  3.2005154e+01         -inf  6.89329e+05  3.20052e+01  3.20052e+01
3.090328818e-01  3.1897930e+01         -inf  6.89329e+05  3.18979e+01  3.18979e+01
3.102690134e-01  3.1773280e+01         -inf  6.89329e+05  3.17733e+01  3.17733e+01
3.115100894e-01  3.1670360e+01         -inf  6.89329e+05  3.16704e+01  3.16704e+01
3.127561298e-01  3.1548843e+01         -inf  6.89329e+05  3.15488e+01  3.15488e+01
3.140071543e-01  3.1452572e+01         -inf  6.89329e+05  3.14526e+01  3.14526e+01
3.152631829e-01  3.1339971e+01         -inf  6.89329e+05  3.13400e+01  3.13400e+01
3.165242356e-01  3.1229221e+01         -inf  6.89329e+05  3.12292e+01  3.12292e+01
3.177903326e-01  3.1141261e+01         -inf  6.89329e+05  3.11413e+01  3.11413e+01
3.190614939e-01  3.1018902e+01         -inf  6.89329e+05  3.10189e+01  3.10189e+01
3.203377399e-01  3.0937820e+01         -inf  6.89329e+05  3.09378e+01  3.09378e+01
3.216190908e-01  3.0819540e+01         -inf  6.89329e+05  3.08195e+01  3.08195e+01
3.229055672e-01  3.0742386e+01         -inf  6.89329e+05  3.07424e+01  3.07424e+01
3.241971895e-01  3.0615219e+01         -inf  6.89329e+05  3.06152e+01  3.06152e+01
3.254939782e-01  3.0552919e+01         -inf  6.89329e+05  3.05529e+01  3.05529e+01
3.267959541e-01  3.0425559e+01         -inf  6.89329e+05  3.04256e+01  3.04256e+01
3.281031380e-01  3.0361254e+01         -inf  6.89329e+05  3.03613e+01  3.03613e+01
3.294155505e-01  3.0234608e+01         -inf  6.89329e+05  3.02346e+01  3.02346e+01
3.307332127e-01  3.0169848e+01         -inf  6.89329e+05  3.01698e+01  3.01698e+01
3.320561456e-01  3.0061345e+01         -inf  6.89329e+05  3.00613e+01  3.00613e+01
3.333843702e-01  2.9976130e+01         -inf  6.89329e+05  2.99761e+01  2.99761e+01
3.347179076e-01  2.9881121e+01         -inf  6.89329e+05  2.98811e+01  2.98811e+01
3.360567793e-01  2.9784750e+01         -inf  6.89329e+05  2.97847e+01  2.97847e+01
3.374010064e-01  2.9711100e+01         -inf  6.89329e+05  2.97111e+01  2.97111e+01
3.387506104e-01  2.9606446e+01         -inf  6.89329e+05  2.96064e+01  2.96064e+01
3.401056128e-01  2.9523833e+01         -inf  6.89329e+05  2.95238e+01  2.95238e+01
3.414660353e-01  2.9429158e+01         -inf  6.89329e+05  2.94292e+01  2.94292e+01
3.428318994e-01  2.9339737e+01         -inf  6.89329e+05  2.93397e+01  2.93397e+01
3.442032270e-01  2.9259768e+01         -inf  6.89329e+05  2.92598e+01  2.92598e+01
3.455800399e-01  2.9164332e+01         -inf  6.89329e+05  2.91643e+01  2.91643e+01
3.469623601e-01  2.9076572e+01         -inf  6.89329e+05  2.90766e+01  2.90766e+01
3.483502095e-01  2.8987713e+01         -inf  6.89329e+05  2.89877e+01  2.89877e+01
3.497436104e-01  2.8898815e+01         -inf  6.89329e+05  2.88988e+01  2.88988e+01
3.511425848e-01  2.8813319e+01         -inf  6.89329e+05  2.88133e+01  2.88133e+01
3.525471552e-01  2.8724608e+01         -inf  6.89329e+05  2.87246e+01  2.87246e+01
3.539573438e-01  2.8635253e+01         -inf  6.89329e+05  2.86353e+01  2.86353e+01
3.553731732e-01  2.8547674e+01         -inf  6.89329e+05  2.85477e+01  2.85477e+01
3.567946659e-01  2.8459565e+01         -inf  6.89329e+05  2.84596e+01  2.84596e+01
3.582218445e-01  2.8371681e+01         -inf  6.89329e+05  2.83717e+01  2.83717e+01
3.596547319e-01  2.8284363e+01         -inf  6.89329e+05  2.82844e+01  2.82844e+01
3.610933508e-01  2.8196136e+01         -inf  6.89329e+05  2.81961e+01  2.81961e+01
3.625377242e-01  2.8108135e+01         -inf  6.89329e+05  2.81081e+01  2.81081e+01
3.639878751e-01  2.8020322e+01         -inf  6.89329e+05  2.80203e+01  2.80203e+01
3.654438266e-01  2.7932507e+01         -inf  6.89329e+05  2.79325e+01  2.79325e+01
3.669056019e-01  2.7844616e+01         -inf  6.89329e+05  2.78446e+01  2.78446e+01
3.683732243e-01  2.7756837e+01         -inf  6.89329e+05  2.77568e+01  2.77568e+01
3.698467172e-01  2.7668981e+01         -inf  6.89329e+05  2.76690e+01  2.76690e+01
3.713261041e-01  2.7581124e+01         -inf  6.89329e+05  2.75811e+01  2.75811e+01
3.728114085e-01  2.7493304e+01         -inf  6.89329e+05  2.74933e+01  2.74933e+01
3.743026542e-01  2.7405520e+01         -inf  6.89329e+05  2.74055e+01  2.74055e+01
3.757998648e-01  2.7317697e+01         -inf  6.89329e+05  2.73177e+01  2.73177e+01
3.773030642e-01  2.7229911e+01         -inf  6.89329e+05  2.72299e+01  2.72299e+01
3.788122765e-01  2.7142161e+01         -inf  6.89329e+05  2.71422e+01  2.71422e+01
3.803275256e-01  2.7054410e+01         -inf  6.89329e+05  2.70544e+01  2.70544e+01
3.818488357e-01  2.6966621e+01         -inf  6.89329e+05  2.69666e+01  2.69666e+01
3.833762310e-01  2.6878943e+01         -inf  6.89329e+05  2.68789e+01  2.68789e+01
3.849097360e-01  2.6791264e+01         -inf  6.89329e+05  2.67913e+01  2.67913e+01
3.864493749e-01  2.6703622e+01         -inf  6.89329e+05  2.67036e+01  2.67036e+01
3.879951724e-01  2.6615979e+01         -inf  6.89329e+05  2.66160e+01  2.66160e+01
3.895471531e-01  2.6528410e+01         -inf  6.89329e+05  2.65284e+01  2.65284e+01
3.911053417e-01  2.6440840e+01         -inf  6.89329e+05  2.64408e+01  2.64408e+01
3.926697631e-01  2.6353382e+01         -inf  6.89329e+05  2.63534e+01  2.63534e+01
3.942404421e-01  2.6265999e+01         -inf  6.89329e+05  2.62660e+01  2.62660e+01
3.958174039e-01  2.6178652e+01         -inf  6.89329e+05  2.61787e+01  2.61787e+01
3.974006735e-01  2.6091266e+01         -inf  6.89329e+05  2.60913e+01  2.60913e+01
3.989902762e-01  2.6003955e+01         -inf  6.89329e+05  2.60040e+01  2.60040e+01
4.005862373e-01  2.5916794e+01         -inf  6.89329e+05  2.59168e+01  2.59168e+01
4.021885823e-01  2.5829707e+01         -inf  6.89329e+05  2.58297e+01  2.58297e+01
4.037973366e-01  2.5742582e+01         -inf  6.89329e+05  2.57426e+01  2.57426e+01
4.054125259e-01  2.5655530e+01         -inf  6.89329e+05  2.56555e+01  2.56555e+01
4.070341760e-01  2.5568819e+01         -inf  6.89329e+05  2.55688e+01  2.55688e+01
4.086623127e-01  2.5482370e+01         -inf  6.89329e+05  2.54824e+01  2.54824e+01
4.102969620e-01  2.5395732e+01         -inf  6.89329e+05  2.53957e+01  2.53957e+01
4.119381498e-01  2.5308941e+01         -inf  6.89329e+05  2.53089e+01  2.53089e+01
4.135859024e-01  2.5222224e+01         -inf  6.89329e+05  2.52222e+01  2.52222e+01
4.152402460e-01  2.5136074e+01         -inf  6.89329e+05  2.51361e+01  2.51361e+01
4.169012070e-01  2.5050225e+01         -inf  6.89329e+05  2.50502e+01  2.50502e+01
4.185688119e-01  2.4964073e+01         -inf  6.89329e+05  2.49641e+01  2.49641e+01
4.202430871e-01  2.4877995e+01         -inf  6.89329e+05  2.48780e+01  2.48780e+01
4.219240595e-01  2.4792672e+01         -inf  6.89329e+05  2.47927e+01  2.47927e+01
4.236117557e-01  2.4708143e+01         -inf  6.89329e+05  2.47081e+01  2.47081e+01
4.253062027e-01  2.4623537e+01         -inf  6.89329e+05  2.46235e+01  2.46235e+01
4.270074275e-01  2.4537909e+01         -inf  6.89329e+05  2.45379e+01  2.45379e+01
4.287154572e-01  2.4451901e+01         -inf  6.89329e+05  2.44519e+01  2.44519e+01
4.304303191e-01  2.4366951e+01         -inf  6.89329e+05  2.43670e+01  2.43670e+01
4.321520403e-01  2.4283438e+01         -inf  6.89329e+05  2.42834e+01  2.42834e+01
4.338806485e-01  2.4199356e+01         -inf  6.89329e+05  2.41994e+01  2.41994e+01
4.356161711e-01  2.4114517e+01         -inf  6.89329e+05  2.41145e+01  2.41145e+01
4.373586358e-01  2.4030925e+01         -inf  6.89329e+05  2.40309e+01  2.40309e+01
4.391080703e-01  2.3949792e+01         -inf  6.89329e+05  2.39498e+01  2.39498e+01
4.408645026e-01  2.3869490e+01         -inf  6.89329e+05  2.38695e+01  2.38695e+01
4.426279606e-01  2.3788279e+01         -inf  6.89329e+05  2.37883e+01  2.37883e+01
4.443984725e-01  2.3704342e+01         -inf  6.89329e+05  2.37043e+01  2.37043e+01
4.461760664e-01  2.3618966e+01         -inf  6.89329e+05  2.36190e+01  2.36190e+01
4.479607706e-01  2.3536579e+01         -inf  6.89329e+05  2.35366e+01  2.35366e+01
4.497526137e-01  2.3457634e+01         -inf  6.89329e+05  2.34576e+01  2.34576e+01
4.515516242e-01  2.3376872e+01         -inf  6.89329e+05  2.33769e+01  2.33769e+01
4.533578307e-01  2.3293876e+01         -inf  6.89329e+05  2.32939e+01  2.32939e+01
4.551712620e-01  2.3213718e+01         -inf  6.89329e+05  2.32137e+01  2.32137e+01
4.569919470e-01  2.3138781e+01         -inf  6.89329e+05  2.31388e+01  2.31388e+01
4.588199148e-01  2.3066531e+01         -inf  6.89329e+05  2.30665e+01  2.30665e+01
4.606551945e-01  2.2993901e+01         -inf  6.89329e+05  2.29939e+01  2.29939e+01
4.624978152e-01  2.2914874e+01         -inf  6.89329e+05  2.29149e+01  2.29149e+01
4.643478065e-01  2.2829147e+01         -inf  6.89329e+05  2.28291e+01  2.28291e+01
4.662051977e-01  2.2745917e+01         -inf  6.89329e+05  2.27459e+01  2.27459e+01
4.680700185e-01  2.2671126e+01         -inf  6.89329e+05  2.26711e+01  2.26711e+01
4.699422986e-01  2.2598227e+01         -inf  6.89329e+05  2.25982e+01  2.25982e+01
4.718220678e-01  2.2520406e+01         -inf  6.89329e+05  2.25204e+01  2.25204e+01
4.737093561e-01  2.2443228e+01         -inf  6.89329e+05  2.24432e+01  2.24432e+01
4.756041935e-01  2.2373695e+01         -inf  6.89329e+05  2.23737e+01  2.23737e+01
4.775066103e-01  2.2312678e+01         -inf  6.89329e+05  2.23127e+01  2.23127e+01
4.794166367e-01  2.2255635e+01         -inf  6.89329e+05  2.22556e+01  2.22556e+01
4.813343033e-01  2.2196055e+01         -inf  6.89329e+05  2.21961e+01  2.21961e+01
4.832596405e-01  2.2123226e+01         -inf  6.89329e+05  2.21232e+01  2.21232e+01
4.851926790e-01  2.2038549e+01         -inf  6.89329e+05  2.20385e+01  2.20385e+01
4.871334497e-01  2.1956709e+01         -inf  6.89329e+05  2.19567e+01  2.19567e+01
4.890819835e-01  2.1887587e+01         -inf  6.89329e+05  2.18876e+01  2.18876e+01
4.910383115e-01  2.1823802e+01         -inf  6.89329e+05  2.18238e+01  2.18238e+01
4.930024647e-01  2.1754830e+01         -inf  6.89329e+05  2.17548e+01  2.17548e+01
4.949744746e-01  2.1685252e+01         -inf  6.89329e+05  2.16853e+01  2.16853e+01
4.969543725e-01  2.1625288e+01         -inf  6.89329e+05  2.16253e+01  2.16253e+01
4.989421900e-01  2.1578422e+01         -inf  6.89329e+05  2.15784e+01  2.15784e+01
5.009379587e-01  2.1540641e+01         -inf  6.89329e+05  2.15406e+01  2.15406e+01
5.029417106e-01  2.1504564e+01         -inf  6.89329e+05  2.15046e+01  2.15046e+01
5.049534774e-01  2.1457092e+01         -inf  6.89329e+05  2.14571e+01  2.14571e+01
5.069732913e-01  2.1389668e+01         -inf  6.89329e+05  2.13897e+01  2.13897e+01
5.090011845e-01  2.1310318e+01         -inf  6.89329e+05  2.13103e+01  2.13103e+01
5.110371892e-01  2.1236571e+01         -inf  6.89329e+05  2.12366e+01  2.12366e+01
5.130813380e-01  2.1177171e+01         -inf  6.89329e+05  2.11772e+01  2.11772e+01
5.151336633e-01  2.1125266e+01         -inf  6.89329e+05  2.11253e+01  2.11253e+01
5.171941980e-01  2.1072112e+01         -inf  6.89329e+05  2.10721e+01  2.10721e+01
5.192629748e-01  2.1019033e+01         -inf  6.89329e+05  2.10190e+01  2.10190e+01
5.213400267e-01  2.0972428e+01         -inf  6.89329e+05  2.09724e+01  2.09724e+01
5.234253868e-01  2.0937029e+01         -inf  6.89329e+05  2.09370e+01  2.09370e+01
5.255190883e-01  2.0911284e+01         -inf  6.89329e+05  2.09113e+01  2.09113e+01
5.276211647e-01  2.0889855e+01         -inf  6.89329e+05  2.08899e+01  2.08899e+01
5.297316493e-01  2.0866079e+01         -inf  6.89329e+05  2.08661e+01  2.08661e+01
5.318505759e-01  2.0832837e+01         -inf  6.89329e+05  2.08328e+01  2.08328e+01
5.339779782e-01  2.0784678e+01         -inf  6.89329e+05  2.07847e+01  2.07847e+01
5.361138902e-01  2.0724365e+01         -inf  6.89329e+05  2.07244e+01  2.07244e+01
5.382583457e-01  2.0667573e+01         -inf  6.89329e+05  2.06676e+01  2.06676e+01
5.404113791e-01  2.0625963e+01         -inf  6.89329e+05  2.06260e+01  2.06260e+01
5.425730246e-01  2.0594575e+01         -inf  6.89329e+05  2.05946e+01  2.05946e+01
5.447433167e-01  2.0562203e+01         -inf  6.89329e+05  2.05622e+01  2.05622e+01
5.469222900e-01  2.0523394e+01         -inf  6.89329e+05  2.05234e+01  2.05234e+01
5.491099791e-01  2.0481064e+01         -inf  6.89329e+05  2.04811e+01  2.04811e+01
5.513064191e-01  2.0439793e+01         -inf  6.89329e+05  2.04398e+01  2.04398e+01
5.535116447e-01  2.0402233e+01         -inf  6.89329e+05  2.04022e+01  2.04022e+01
5.557256913e-01  2.0372094e+01         -inf  6.89329e+05  2.03721e+01  2.03721e+01
5.579485941e-01  2.0353654e+01         -inf  6.89329e+05  2.03537e+01  2.03537e+01
5.601803884e-01  2.0345703e+01         -inf  6.89329e+05  2.03457e+01  2.03457e+01
5.624211100e-01  2.0339039e+01         -inf  6.89329e+05  2.03390e+01  2.03390e+01
5.646707944e-01  2.0324991e+01         -inf  6.89329e+05  2.03250e+01  2.03250e+01
5.669294776e-01  2.0303977e+01         -inf  6.89329e+05  2.03040e+01  2.03040e+01
5.691971955e-01  2.0281978e+01         -inf  6.89329e+05  2.02820e+01  2.02820e+01
5.714739843e-01  2.0260093e+01         -inf  6.89329e+05  2.02601e+01  2.02601e+01
5.737598803e-01  2.0228060e+01         -inf  6.89329e+05  2.02281e+01  2.02281e+01
5.760549198e-01  2.0177548e+01         -inf  6.89329e+05  2.01775e+01  2.01775e+01
5.783591395e-01  2.0113140e+01         -inf  6.89329e+05  2.01131e+01  2.01131e+01
5.806725760e-01  2.0044188e+01         -inf  6.89329e+05  2.00442e+01  2.00442e+01
5.829952663e-01  1.9978567e+01         -inf  6.89329e+05  1.99786e+01  1.99786e+01
5.853272474e-01  1.9920632e+01         -inf  6.89329e+05  1.99206e+01  1.99206e+01
5.876685564e-01  1.9872163e+01         -inf  6.89329e+05  1.98722e+01  1.98722e+01
5.900192306e-01  1.9835168e+01         -inf  6.89329e+05  1.98352e+01  1.98352e+01
5.923793075e-01  1.9815553e+01         -inf  6.89329e+05  1.98156e+01  1.98156e+01
5.947488247e-01  1.9815023e+01         -inf  6.89329e+05  1.98150e+01  1.98150e+01
5.971278200e-01  1.9821271e+01         -inf  6.89329e+05  1.98213e+01  1.98213e+01
5.995163313e-01  1.9819453e+01         -inf  6.89329e+05  1.98195e+01  1.98195e+01
6.019143966e-01  1.9796392e+01         -inf  6.89329e+05  1.97964e+01  1.97964e+01
6.043220542e-01  1.9747809e+01         -inf  6.89329e+05  1.97478e+01  1.97478e+01
6.067393425e-01  1.9677413e+01         -inf  6.89329e+05  1.96774e+01  1.96774e+01
6.091662998e-01  1.9592287e+01         -inf  6.89329e+05  1.95923e+01  1.95923e+01
6.116029650e-01  1.9502652e+01         -inf  6.89329e+05  1.95027e+01  1.95027e+01
6.140493769e-01  1.9415516e+01         -inf  6.89329e+05  1.94155e+01  1.94155e+01
6.165055744e-01  1.9333453e+01         -inf  6.89329e+05  1.93335e+01  1.93335e+01
6.189715967e-01  1.9257638e+01         -inf  6.89329e+05  1.92576e+01  1.92576e+01
6.214474831e-01  1.9187692e+01         -inf  6.89329e+05  1.91877e+01  1.91877e+01
6.239332730e-01  1.9120282e+01         -inf  6.89329e+05  1.91203e+01  1.91203e+01
6.264290061e-01  1.9051508e+01         -inf  6.89329e+05  1.90515e+01  1.90515e+01
6.289347221e-01  1.8980688e+01         -inf  6.89329e+05  1.89807e+01  1.89807e+01
6.314504610e-01  1.8906157e+01         -inf  6.89329e+05  1.89062e+01  1.89062e+01
6.339762629e-01  1.8831624e+01         -inf  6.89329e+05  1.88316e+01  1.88316e+01
6.365121679e-01  1.8752583e+01         -inf  6.89329e+05  1.87526e+01  1.87526e+01
6.390582166e-01  1.8671875e+01         -inf  6.89329e+05  1.86719e+01  1.86719e+01
6.416144494e-01  1.8590788e+01         -inf  6.89329e+05  1.85908e+01  1.85908e+01
6.441809072e-01  1.8515759e+01         -inf  6.89329e+05  1.85158e+01  1.85158e+01
6.467576309e-01  1.8443646e+01         -inf  6.89329e+05  1.84436e+01  1.84436e+01
6.493446614e-01  1.8373728e+01         -inf  6.89329e+05  1.83737e+01  1.83737e+01
6.519420400e-01  1.8306916e+01         -inf  6.89329e+05  1.83069e+01  1.83069e+01
6.545498082e-01  1.8238323e+01         -inf  6.89329e+05  1.82383e+01  1.82383e+01
6.571680074e-01  1.8169464e+01         -inf  6.89329e+05  1.81695e+01  1.81695e+01
6.597966795e-01  1.8102460e+01         -inf  6.89329e+05  1.81025e+01  1.81025e+01
6.624358662e-01  1.8037387e+01         -inf  6.89329e+05  1.80374e+01  1.80374e+01
6.650856096e-01  1.7969435e+01         -inf  6.89329e+05  1.79694e+01  1.79694e+01
6.677459521e-01  1.7898262e+01         -inf  6.89329e+05  1.78983e+01  1.78983e+01
6.704169359e-01  1.7827922e+01         -inf  6.89329e+05  1.78279e+01  1.78279e+01
6.730986036e-01  1.7759892e+01         -inf  6.89329e+05  1.77599e+01  1.77599e+01
6.757909981e-01  1.7695119e+01         -inf  6.89329e+05  1.76951e+01  1.76951e+01
6.784941620e-01  1.7632391e+01         -inf  6.89329e+05  1.76324e+01  1.76324e+01
6.812081387e-01  1.7575419e+01         -inf  6.89329e+05  1.75754e+01  1.75754e+01
6.839329712e-01  1.7524811e+01         -inf  6.89329e+05  1.75248e+01  1.75248e+01
6.866687031e-01  1.7492916e+01         -inf  6.89329e+05  1.74929e+01  1.74929e+01
6.894153779e-01  1.7435148e+01         -inf  6.89329e+05  1.74351e+01  1.74351e+01
6.921730395e-01  1.7352416e+01         -inf  6.89329e+05  1.73524e+01  1.73524e+01
6.949417316e-01  1.7289267e+01         -inf  6.89329e+05  1.72893e+01  1.72893e+01
6.977214985e-01  1.7231649e+01         -inf  6.89329e+05  1.72316e+01  1.72316e+01
7.005123845e-01  1.7177932e+01         -inf  6.89329e+05  1.71779e+01  1.71779e+01
7.033144341e-01  1.7129973e+01         -inf  6.89329e+05  1.71300e+01  1.71300e+01
7.061276918e-01  1.7086370e+01         -inf  6.89329e+05  1.70864e+01  1.70864e+01
7.089522026e-01  1.7045267e+01         -inf  6.89329e+05  1.70453e+01  1.70453e+01
7.117880114e-01  1.7007118e+01         -inf  6.89329e+05  1.70071e+01  1.70071e+01
7.146351634e-01  1.6974804e+01         -inf  6.89329e+05  1.69748e+01  1.69748e+01
7.174937041e-01  1.6936655e+01         -inf  6.89329e+05  1.69367e+01  1.69367e+01
7.203636789e-01  1.6884678e+01         -inf  6.89329e+05  1.68847e+01  1.68847e+01
7.232451336e-01  1.6835277e+01         -inf  6.89329e+05  1.68353e+01  1.68353e+01
7.261381142e-01  1.6793528e+01         -inf  6.89329e+05  1.67935e+01  1.67935e+01
7.290426666e-01  1.6749696e+01         -inf  6.89329e+05  1.67497e+01  1.67497e+01
7.319588373e-01  1.6709575e+01         -inf  6.89329e+05  1.67096e+01  1.67096e+01
7.348866726e-01  1.6676767e+01         -inf  6.89329e+05  1.66768e+01  1.66768e+01
7.378262193e-01  1.6647254e+01         -inf  6.89329e+05  1.66473e+01  1.66473e+01
7.407775242e-01  1.6620620e+01         -inf  6.89329e+05  1.66206e+01  1.66206e+01
7.437406343e-01  1.6600541e+01         -inf  6.89329e+05  1.66005e+01  1.66005e+01
7.467155968e-01  1.6582583e+01         -inf  6.89329e+05  1.65826e+01  1.65826e+01
7.497024592e-01  1.6549471e+01         -inf  6.89329e+05  1.65495e+01  1.65495e+01
7.527012690e-01  1.6498021e+01         -inf  6.89329e+05  1.64980e+01  1.64980e+01
7.557120741e-01  1.6449943e+01         -inf  6.89329e+05  1.64499e+01  1.64499e+01
7.587349224e-01  1.6465477e+01         -inf  6.89329e+05  1.64655e+01  1.64655e+01
7.617698621e-01  1.6662749e+01         -inf  6.89329e+05  1.66627e+01  1.66627e+01
7.648169416e-01  1.6493210e+01         -inf  6.89329e+05  1.64932e+01  1.64932e+01
7.678762093e-01  1.6336850e+01         -inf  6.89329e+05  1.63369e+01  1.63369e+01
7.709477142e-01  1.6304646e+01         -inf  6.89329e+05  1.63046e+01  1.63046e+01
7.740315050e-01  1.6292333e+01         -inf  6.89329e+05  1.62923e+01  1.62923e+01
7.771276310e-01  1.6286271e+01         -inf  6.89329e+05  1.62863e+01  1.62863e+01
7.802361416e-01  1.6268085e+01         -inf  6.89329e+05  1.62681e+01  1.62681e+01
7.833570861e-01  1.6229515e+01         -inf  6.89329e+05  1.62295e+01  1.62295e+01
7.864905145e-01  1.6185792e+01         -inf  6.89329e+05  1.61858e+01  1.61858e+01
7.896364765e-01  1.6150707e+01         -inf  6.89329e+05  1.61507e+01  1.61507e+01
7.927950224e-01  1.6118502e+01         -inf  6.89329e+05  1.61185e+01  1.61185e+01
7.959662025e-01  1.6088949e+01         -inf  6.89329e+05  1.60889e+01  1.60889e+01
7.991500673e-01  1.6063828e+01         -inf  6.89329e+05  1.60638e+01  1.60638e+01
8.023466676e-01  1.6040792e+01         -inf  6.89329e+05  1.60408e+01  1.60408e+01
8.055560543e-01  1.6021923e+01         -inf  6.89329e+05  1.60219e+01  1.60219e+01
8.087782785e-01  1.6011579e+01         -inf  6.89329e+05  1.60116e+01  1.60116e+01
8.120133916e-01  1.6005328e+01         -inf  6.89329e+05  1.60053e+01  1.60053e+01
8.152614452e-01  1.5997598e+01         -inf  6.89329e+05  1.59976e+01  1.59976e+01
8.185224910e-01  1.5977744e+01         -inf  6.89329e+05  1.59777e+01  1.59777e+01
8.217965809e-01  1.5941787e+01         -inf  6.89329e+05  1.59418e+01  1.59418e+01
8.250837672e-01  1.5900676e+01         -inf  6.89329e+05  1.59007e+01  1.59007e+01
8.283841023e-01  1.5866727e+01         -inf  6.89329e+05  1.58667e+01  1.58667e+01
8.316976387e-01  1.5839787e+01         -inf  6.89329e+05  1.58398e+01  1.58398e+01
8.350244293e-01  1.5817583e+01         -inf  6.89329e+05  1.58176e+01  1.58176e+01
8.383645270e-01  1.5799244e+01         -inf  6.89329e+05  1.57992e+01  1.57992e+01
8.417179851e-01  1.5782951e+01         -inf  6.89329e+05  1.57830e+01  1.57830e+01
8.450848570e-01  1.5769803e+01         -inf  6.89329e+05  1.57698e+01  1.57698e+01
8.484651965e-01  1.5762415e+01         -inf  6.89329e+05  1.57624e+01  1.57624e+01
8.518590573e-01  1.5763134e+01         -inf  6.89329e+05  1.57631e+01  1.57631e+01
8.552664935e-01  1.5749835e+01         -inf  6.89329e+05  1.57498e+01  1.57498e+01
8.586875595e-01  1.5722970e+01         -inf  6.89329e+05  1.57230e+01  1.57230e+01
8.621223097e-01  1.5693150e+01         -inf  6.89329e+05  1.56931e+01  1.56931e+01
8.655707989e-01  1.5663784e+01         -inf  6.89329e+05  1.56638e+01  1.56638e+01
8.690330821e-01  1.5642224e+01         -inf  6.89329e+05  1.56422e+01  1.56422e+01
8.725092145e-01  1.5620361e+01         -inf  6.89329e+05  1.56204e+01  1.56204e+01
8.759992513e-01  1.5602665e+01         -inf  6.89329e+05  1.56027e+01  1.56027e+01
8.795032483e-01  1.5589365e+01         -inf  6.89329e+05  1.55894e+01  1.55894e+01
8.830212613e-01  1.5583643e+01         -inf  6.89329e+05  1.55836e+01  1.55836e+01
8.865533464e-01  1.5573110e+01         -inf  6.89329e+05  1.55731e+01  1.55731e+01
8.900995597e-01  1.5558218e+01         -inf  6.89329e+05  1.55582e+01  1.55582e+01
8.936599580e-01  1.5541887e+01         -inf  6.89329e+05  1.55419e+01  1.55419e+01
8.972345978e-01  1.5533588e+01         -inf  6.89329e+05  1.55336e+01  1.55336e+01
9.008235362e-01  1.5517295e+01         -inf  6.89329e+05  1.55173e+01  1.55173e+01
9.044268304e-01  1.5494521e+01         -inf  6.89329e+05  1.54945e+01  1.54945e+01
9.080445377e-01  1.5473718e+01         -inf  6.89329e+05  1.54737e+01  1.54737e+01
9.116767158e-01  1.5456098e+01         -inf  6.89329e+05  1.54561e+01  1.54561e+01
9.153234227e-01  1.5440790e+01         -inf  6.89329e+05  1.54408e+01  1.54408e+01
9.189847164e-01  1.5426997e+01         -inf  6.89329e+05  1.54270e+01  1.54270e+01
9.226606552e-01  1.5414833e+01         -inf  6.89329e+05  1.54148e+01  1.54148e+01
9.263512979e-01  1.5402556e+01         -inf  6.89329e+05  1.54026e+01  1.54026e+01
9.300567031e-01  1.5390847e+01         -inf  6.89329e+05  1.53908e+01  1.53908e+01
9.337769299e-01  1.5378608e+01         -inf  6.89329e+05  1.53786e+01  1.53786e+01
9.375120376e-01  1.5369475e+01         -inf  6.89329e+05  1.53695e+01  1.53695e+01
9.412620857e-01  1.5365497e+01         -inf  6.89329e+05  1.53655e+01  1.53655e+01
9.450271341e-01  1.5358448e+01         -inf  6.89329e+05  1.53584e+01  1.53584e+01
9.488072426e-01  1.5339388e+01         -inf  6.89329e+05  1.53394e+01  1.53394e+01
9.526024716e-01  1.5321730e+01         -inf  6.89329e+05  1.53217e+01  1.53217e+01
9.564128815e-01  1.5309263e+01         -inf  6.89329e+05  1.53093e+01  1.53093e+01
9.602385330e-01  1.5296607e+01         -inf  6.89329e+05  1.52966e+01  1.52966e+01
9.640794871e-01  1.5285542e+01         -inf  6.89329e+05  1.52855e+01  1.52855e+01
9.679358051e-01  1.5274287e+01         -inf  6.89329e+05  1.52743e+01  1.52743e+01
9.718075483e-01  1.5263601e+01         -inf  6.89329e+05  1.52636e+01  1.52636e+01
9.756947785e-01  1.5252536e+01         -inf  6.89329e+05  1.52525e+01  1.52525e+01
9.795975576e-01  1.5242722e+01         -inf  6.89329e+05  1.52427e+01  1.52427e+01
9.835159478e-01  1.5233362e+01         -inf  6.89329e+05  1.52334e+01  1.52334e+01
9.874500116e-01  1.5226655e+01         -inf  6.89329e+05  1.52267e+01  1.52267e+01
9.913998117e-01  1.5227375e+01         -inf  6.89329e+05  1.52274e+01  1.52274e+01
9.953654109e-01  1.5213809e+01         -inf  6.89329e+05  1.52138e+01  1.52138e+01
9.993468726e-01  1.5198196e+01         -inf  6.89329e+05  1.51982e+01  1.51982e+01
1.003344260e+00  1.5186866e+01         -inf  6.89329e+05  1.51869e+01  1.51869e+01
1.007357637e+00  1.5176938e+01         -inf  6.89329e+05  1.51769e+01  1.51769e+01
1.011387068e+00  1.5167729e+01         -inf  6.89329e+05  1.51677e+01  1.51677e+01
1.015432616e+00  1.5158521e+01         -inf  6.89329e+05  1.51585e+01  1.51585e+01
1.019494346e+00  1.5149313e+01         -inf  6.89329e+05  1.51493e+01  1.51493e+01
1.023572324e+00  1.5140294e+01         -inf  6.89329e+05  1.51403e+01  1.51403e+01
1.027666613e+00  1.5131654e+01         -inf  6.89329e+05  1.51317e+01  1.51317e+01
1.031777280e+00  1.5123052e+01         -inf  6.89329e+05  1.51231e+01  1.51231e+01
1.035904389e+00  1.5118088e+01         -inf  6.89329e+05  1.51181e+01  1.51181e+01
1.040048006e+00  1.5113389e+01         -inf  6.89329e+05  1.51134e+01  1.51134e+01
1.044208198e+00  1.5100429e+01         -inf  6.89329e+05  1.51004e+01  1.51004e+01
1.048385031e+00  1.5102627e+01         -inf  6.89329e+05  1.51026e+01  1.51026e+01
1.052578571e+00  1.5102627e+01         -inf  6.89329e+05  1.51026e+01  1.51026e+01
1.056788885e+00  1.5076972e+01         -inf  6.89329e+05  1.50770e+01  1.50770e+01
1.061016041e+00  1.5068938e+01         -inf  6.89329e+05  1.50689e+01  1.50689e+01
1.065260105e+00  1.5065149e+01         -inf  6.89329e+05  1.50651e+01  1.50651e+01
1.069521146e+00  1.5054387e+01         -inf  6.89329e+05  1.50544e+01  1.50544e+01
1.073799230e+00  1.5046504e+01         -inf  6.89329e+05  1.50465e+01  1.50465e+01
1.078094427e+00  1.5039380e+01         -inf  6.89329e+05  1.50394e+01  1.50394e+01
1.082406805e+00  1.5032332e+01         -inf  6.89329e+05  1.50323e+01  1.50323e+01
1.086736432e+00  1.5025586e+01         -inf  6.89329e+05  1.50256e+01  1.50256e+01
1.091083378e+00  1.5019258e+01         -inf  6.89329e+05  1.50193e+01  1.50193e+01
1.095447711e+00  1.5013157e+01         -inf  6.89329e+05  1.50132e+01  1.50132e+01
1.099829502e+00  1.5006790e+01         -inf  6.89329e+05  1.50068e+01  1.50068e+01
1.104228820e+00  1.5000121e+01         -inf  6.89329e+05  1.50001e+01  1.50001e+01
1.108645735e+00  1.4994664e+01         -inf  6.89329e+05  1.49947e+01  1.49947e+01
1.113080318e+00  1.4992845e+01         -inf  6.89329e+05  1.49928e+01  1.49928e+01
1.117532640e+00  1.4991026e+01         -inf  6.89329e+05  1.49910e+01  1.49910e+01
1.122002770e+00  1.4993186e+01         -inf  6.89329e+05  1.49932e+01  1.49932e+01
1.126490781e+00  1.5001561e+01         -inf  6.89329e+05  1.50016e+01  1.50016e+01
1.130996744e+00  1.4997203e+01         -inf  6.89329e+05  1.49972e+01  1.49972e+01
1.135520731e+00  1.4997695e+01         -inf  6.89329e+05  1.49977e+01  1.49977e+01
1.140062814e+00  1.4970866e+01         -inf  6.89329e+05  1.49709e+01  1.49709e+01
1.144623065e+00  1.4964120e+01         -inf  6.89329e+05  1.49641e+01  1.49641e+01
1.149201558e+00  1.4971472e+01         -inf  6.89329e+05  1.49715e+01  1.49715e+01
1.153798364e+00  1.4995687e+01         -inf  6.89329e+05  1.49957e+01  1.49957e+01
1.158413557e+00  1.4979051e+01         -inf  6.89329e+05  1.49791e+01  1.49791e+01
1.163047212e+00  1.4997771e+01         -inf  6.89329e+05  1.49978e+01  1.49978e+01
1.167699401e+00  1.4969426e+01         -inf  6.89329e+05  1.49694e+01  1.49694e+01
1.172370198e+00  1.4949303e+01         -inf  6.89329e+05  1.49493e+01  1.49493e+01
1.177059679e+00  1.4932136e+01         -inf  6.89329e+05  1.49321e+01  1.49321e+01
1.181767918e+00  1.4921601e+01         -inf  6.89329e+05  1.49216e+01  1.49216e+01
1.186494989e+00  1.4914136e+01         -inf  6.89329e+05  1.49141e+01  1.49141e+01
1.191240969e+00  1.4906670e+01         -inf  6.89329e+05  1.49067e+01  1.49067e+01
1.196005933e+00  1.4896514e+01         -inf  6.89329e+05  1.48965e+01  1.48965e+01
1.200789957e+00  1.4937328e+01         -inf  6.89329e+05  1.49373e+01  1.49373e+01
1.205593117e+00  1.5193573e+01         -inf  6.89329e+05  1.51936e+01  1.51936e+01
1.210415489e+00  1.4992011e+01         -inf  6.89329e+05  1.49920e+01  1.49920e+01
1.215257151e+00  1.4902161e+01         -inf  6.89329e+05  1.49022e+01  1.49022e+01
1.220118180e+00  1.5119755e+01         -inf  6.89329e+05  1.51198e+01  1.51198e+01
1.224998652e+00  1.4961430e+01         -inf  6.89329e+05  1.49614e+01  1.49614e+01
1.229898647e+00  1.4869684e+01         -inf  6.89329e+05  1.48697e+01  1.48697e+01
1.234818242e+00  1.4865591e+01         -inf  6.89329e+05  1.48656e+01  1.48656e+01
1.239757515e+00  1.4855890e+01         -inf  6.89329e+05  1.48559e+01  1.48559e+01
1.244716545e+00  1.4847704e+01         -inf  6.89329e+05  1.48477e+01  1.48477e+01
1.249695411e+00  1.4844445e+01         -inf  6.89329e+05  1.48444e+01  1.48444e+01
1.254694192e+00  1.4841830e+01         -inf  6.89329e+05  1.48418e+01  1.48418e+01
1.259712969e+00  1.4839670e+01         -inf  6.89329e+05  1.48397e+01  1.48397e+01
1.264751821e+00  1.4844369e+01         -inf  6.89329e+05  1.48444e+01  1.48444e+01
1.269810828e+00  1.4845620e+01         -inf  6.89329e+05  1.48456e+01  1.48456e+01
1.274890072e+00  1.4827392e+01         -inf  6.89329e+05  1.48274e+01  1.48274e+01
1.279989632e+00  1.4821442e+01         -inf  6.89329e+05  1.48214e+01  1.48214e+01
1.285109591e+00  1.4817956e+01         -inf  6.89329e+05  1.48180e+01  1.48180e+01
1.290250029e+00  1.4836449e+01         -inf  6.89329e+05  1.48364e+01  1.48364e+01
1.295411029e+00  1.4832546e+01         -inf  6.89329e+05  1.48325e+01  1.48325e+01
1.300592673e+00  1.4808330e+01         -inf  6.89329e+05  1.48083e+01  1.48083e+01
1.305795044e+00  1.4804843e+01         -inf  6.89329e+05  1.48048e+01  1.48048e+01
1.311018224e+00  1.4818335e+01         -inf  6.89329e+05  1.48183e+01  1.48183e+01
1.316262297e+00  1.4898106e+01         -inf  6.89329e+05  1.48981e+01  1.48981e+01
1.321527346e+00  1.4869153e+01         -inf  6.89329e+05  1.48692e+01  1.48692e+01
1.326813455e+00  1.4818183e+01         -inf  6.89329e+05  1.48182e+01  1.48182e+01
1.332120709e+00  1.4900683e+01         -inf  6.89329e+05  1.49007e+01  1.49007e+01
1.337449192e+00  1.4856041e+01         -inf  6.89329e+05  1.48560e+01  1.48560e+01
1.342798989e+00  1.4874459e+01         -inf  6.89329e+05  1.48745e+01  1.48745e+01
1.348170185e+00  1.4833000e+01         -inf  6.89329e+05  1.48330e+01  1.48330e+01
1.353562866e+00  1.4839215e+01         -inf  6.89329e+05  1.48392e+01  1.48392e+01
1.358977117e+00  1.4854033e+01         -inf  6.89329e+05  1.48540e+01  1.48540e+01
1.364413026e+00  1.4843005e+01         -inf  6.89329e+05  1.48430e+01  1.48430e+01
1.369870678e+00  1.4830158e+01         -inf  6.89329e+05  1.48302e+01  1.48302e+01
1.375350160e+00  1.4839784e+01         -inf  6.89329e+05  1.48398e+01  1.48398e+01
1.380851561e+00  1.4845999e+01         -inf  6.89329e+05  1.48460e+01  1.48460e+01
1.386374967e+00  1.4847174e+01         -inf  6.89329e+05  1.48472e+01  1.48472e+01
1.391920467e+00  1.4838988e+01         -inf  6.89329e+05  1.48390e+01  1.48390e+01
1.397488149e+00  1.4835198e+01         -inf  6.89329e+05  1.48352e+01  1.48352e+01
1.403078102e+00  1.4840163e+01         -inf  6.89329e+05  1.48402e+01  1.48402e+01
1.408690414e+00  1.4835918e+01         -inf  6.89329e+05  1.48359e+01  1.48359e+01
1.414325176e+00  1.4797757e+01         -inf  6.89329e+05  1.47978e+01  1.47978e+01
1.419982476e+00  1.4779642e+01         -inf  6.89329e+05  1.47796e+01  1.47796e+01
1.425662406e+00  1.4769865e+01         -inf  6.89329e+05  1.47699e+01  1.47699e+01
1.431365056e+00  1.6391976e+01         -inf  6.89329e+05  1.63920e+01  1.63920e+01
1.437090516e+00  1.5995969e+01         -inf  6.89329e+05  1.59960e+01  1.59960e+01
1.442838878e+00  1.5270157e+01         -inf  6.89329e+05  1.52702e+01  1.52702e+01
1.448610234e+00  1.4842778e+01         -inf  6.89329e+05  1.48428e+01  1.48428e+01
1.454404675e+00  1.4742655e+01         -inf  6.89329e+05  1.47427e+01  1.47427e+01
1.460222293e+00  1.4733408e+01         -inf  6.89329e+05  1.47334e+01  1.47334e+01
1.466063182e+00  1.4729694e+01         -inf  6.89329e+05  1.47297e+01  1.47297e+01
1.471927435e+00  1.4848765e+01         -inf  6.89329e+05  1.48488e+01  1.48488e+01
1.477815145e+00  1.4827051e+01         -inf  6.89329e+05  1.48271e+01  1.48271e+01
1.483726405e+00  1.4742731e+01         -inf  6.89329e+05  1.47427e+01  1.47427e+01
1.489661311e+00  1.4723934e+01         -inf  6.89329e+05  1.47239e+01  1.47239e+01
1.495619956e+00  1.4749135e+01         -inf  6.89329e+05  1.47491e+01  1.47491e+01
1.501602436e+00  1.4728974e+01         -inf  6.89329e+05  1.47290e+01  1.47290e+01
1.507608846e+00  1.4713399e+01         -inf  6.89329e+05  1.47134e+01  1.47134e+01
1.513639281e+00  1.4712148e+01         -inf  6.89329e+05  1.47121e+01  1.47121e+01
1.519693838e+00  1.4712072e+01         -inf  6.89329e+05  1.47121e+01  1.47121e+01
1.525772614e+00  1.4731210e+01         -inf  6.89329e+05  1.47312e+01  1.47312e+01
1.531875704e+00  1.4849334e+01         -inf  6.89329e+05  1.48493e+01  1.48493e+01
1.538003207e+00  1.4945097e+01         -inf  6.89329e+05  1.49451e+01  1.49451e+01
1.544155220e+00  1.4816667e+01         -inf  6.89329e+05  1.48167e+01  1.48167e+01
1.550331841e+00  1.4702712e+01         -inf  6.89329e+05  1.47027e+01  1.47027e+01
1.556533168e+00  1.4700135e+01         -inf  6.89329e+05  1.47001e+01  1.47001e+01
1.562759301e+00  1.4700665e+01         -inf  6.89329e+05  1.47007e+01  1.47007e+01
1.569010338e+00  1.5153936e+01         -inf  6.89329e+05  1.51539e+01  1.51539e+01
1.575286379e+00  1.5609713e+01         -inf  6.89329e+05  1.56097e+01  1.56097e+01
1.581587525e+00  1.5154428e+01         -inf  6.89329e+05  1.51544e+01  1.51544e+01
1.587913875e+00  1.4722873e+01         -inf  6.89329e+05  1.47229e+01  1.47229e+01
1.594265530e+00  1.4717529e+01         -inf  6.89329e+05  1.47175e+01  1.47175e+01
1.600642593e+00  1.5509375e+01         -inf  6.89329e+05  1.55094e+01  1.55094e+01
1.607045163e+00  1.5558521e+01         -inf  6.89329e+05  1.55585e+01  1.55585e+01
1.613473344e+00  1.5074812e+01         -inf  6.89329e+05  1.50748e+01  1.50748e+01
1.619927237e+00  1.4731741e+01         -inf  6.89329e+05  1.47317e+01  1.47317e+01
1.626406946e+00  1.4740078e+01         -inf  6.89329e+05  1.47401e+01  1.47401e+01
1.632912574e+00  1.4813749e+01         -inf  6.89329e+05  1.48137e+01  1.48137e+01
1.639444224e+00  1.4948166e+01         -inf  6.89329e+05  1.49482e+01  1.49482e+01
1.646002001e+00  1.5009898e+01         -inf  6.89329e+05  1.50099e+01  1.50099e+01
1.652586009e+00  1.4939640e+01         -inf  6.89329e+05  1.49396e+01  1.49396e+01
1.659196353e+00  1.4775398e+01         -inf  6.89329e+05  1.47754e+01  1.47754e+01
1.665833138e+00  1.5197552e+01         -inf  6.89329e+05  1.51976e+01  1.51976e+01
1.672496471e+00  1.4767515e+01         -inf  6.89329e+05  1.47675e+01  1.47675e+01
1.679186457e+00  1.4807534e+01         -inf  6.89329e+05  1.48075e+01  1.48075e+01
1.685903203e+00  1.4802797e+01         -inf  6.89329e+05  1.48028e+01  1.48028e+01
1.692646815e+00  1.4800675e+01         -inf  6.89329e+05  1.48007e+01  1.48007e+01
1.699417403e+00  1.4813863e+01         -inf  6.89329e+05  1.48139e+01  1.48139e+01
1.706215072e+00  1.4985607e+01         -inf  6.89329e+05  1.49856e+01  1.49856e+01
1.713039933e+00  1.4837434e+01         -inf  6.89329e+05  1.48374e+01  1.48374e+01
1.719892092e+00  1.4819737e+01         -inf  6.89329e+05  1.48197e+01  1.48197e+01
1.726771661e+00  1.4925505e+01         -inf  6.89329e+05  1.49255e+01  1.49255e+01
1.733678747e+00  1.4789912e+01         -inf  6.89329e+05  1.47899e+01  1.47899e+01
1.740613462e+00  1.4743754e+01         -inf  6.89329e+05  1.47438e+01  1.47438e+01
1.747575916e+00  1.4715142e+01         -inf  6.89329e+05  1.47151e+01  1.47151e+01
1.754566220e+00  1.4706729e+01         -inf  6.89329e+05  1.47067e+01  1.47067e+01
1.761584485e+00  1.4708320e+01         -inf  6.89329e+05  1.47083e+01  1.47083e+01
1.768630823e+00  1.4764256e+01         -inf  6.89329e+05  1.47643e+01  1.47643e+01
1.775705346e+00  1.4818297e+01         -inf  6.89329e+05  1.48183e+01  1.48183e+01
1.782808167e+00  1.4755199e+01         -inf  6.89329e+05  1.47552e+01  1.47552e+01
1.789939400e+00  1.4877453e+01         -inf  6.89329e+05  1.48775e+01  1.48775e+01
1.797099158e+00  1.4726284e+01         -inf  6.89329e+05  1.47263e+01  1.47263e+01
1.804287554e+00  1.4731134e+01         -inf  6.89329e+05  1.47311e+01  1.47311e+01
1.811504704e+00  1.4722039e+01         -inf  6.89329e+05  1.47220e+01  1.47220e+01
1.818750723e+00  1.4698467e+01         -inf  6.89329e+05  1.46985e+01  1.46985e+01
1.826025726e+00  1.4673910e+01         -inf  6.89329e+05  1.46739e+01  1.46739e+01
1.833329829e+00  1.4669059e+01         -inf  6.89329e+05  1.46691e+01  1.46691e+01
1.840663148e+00  1.4672091e+01         -inf  6.89329e+05  1.46721e+01  1.46721e+01
1.848025801e+00  1.4665080e+01         -inf  6.89329e+05  1.46651e+01  1.46651e+01
1.855417904e+00  1.4661442e+01         -inf  6.89329e+05  1.46614e+01  1.46614e+01
1.862839576e+00  1.4656970e+01         -inf  6.89329e+05  1.46570e+01  1.46570e+01
1.870290934e+00  1.4668074e+01         -inf  6.89329e+05  1.46681e+01  1.46681e+01
1.877772098e+00  1.4935850e+01         -inf  6.89329e+05  1.49359e+01  1.49359e+01
1.885283186e+00  1.4931719e+01         -inf  6.89329e+05  1.49317e+01  1.49317e+01
1.892824319e+00  1.4683119e+01         -inf  6.89329e+05  1.46831e+01  1.46831e+01
1.900395616e+00  1.4651929e+01         -inf  6.89329e+05  1.46519e+01  1.46519e+01
1.907997199e+00  1.4649580e+01         -inf  6.89329e+05  1.46496e+01  1.46496e+01
1.915629188e+00  1.4647647e+01         -inf  6.89329e+05  1.46476e+01  1.46476e+01
1.923291704e+00  1.4647117e+01         -inf  6.89329e+05  1.46471e+01  1.46471e+01
1.930984871e+00  1.4646359e+01         -inf  6.89329e+05  1.46464e+01  1.46464e+01
1.938708811e+00  1.4695322e+01         -inf  6.89329e+05  1.46953e+01  1.46953e+01
1.946463646e+00  1.5639913e+01         -inf  6.89329e+05  1.56399e+01  1.56399e+01
1.954249500e+00  1.8825488e+01         -inf  6.89329e+05  1.88255e+01  1.88255e+01
1.962066498e+00  1.8404672e+01         -inf  6.89329e+05  1.84047e+01  1.84047e+01
1.969914764e+00  1.7215322e+01         -inf  6.89329e+05  1.72153e+01  1.72153e+01
1.977794423e+00  1.5228587e+01         -inf  6.89329e+05  1.52286e+01  1.52286e+01
1.985705601e+00  1.4884009e+01         -inf  6.89329e+05  1.48840e+01  1.48840e+01
1.993648424e+00  1.5319456e+01         -inf  6.89329e+05  1.53195e+01  1.53195e+01
2.001623017e+00  2.0945093e+01         -inf  6.89329e+05  2.09451e+01  2.09451e+01
2.009629509e+00  2.1467464e+01         -inf  6.89329e+05  2.14675e+01  2.14675e+01
2.017668027e+00  1.9725088e+01         -inf  6.89329e+05  1.97251e+01  1.97251e+01
2.025738699e+00  1.6149457e+01         -inf  6.89329e+05  1.61495e+01  1.61495e+01
2.033841654e+00  1.5768591e+01         -inf  6.89329e+05  1.57686e+01  1.57686e+01
2.041977021e+00  1.6070194e+01         -inf  6.89329e+05  1.60702e+01  1.60702e+01
2.050144929e+00  1.7456626e+01         -inf  6.89329e+05  1.74566e+01  1.74566e+01
2.058345509e+00  1.7985798e+01         -inf  6.89329e+05  1.79858e+01  1.79858e+01
2.066578891e+00  1.7515909e+01         -inf  6.89329e+05  1.75159e+01  1.75159e+01
2.074845206e+00  1.6115054e+01         -inf  6.89329e+05  1.61151e+01  1.61151e+01
2.083144587e+00  1.5589403e+01         -inf  6.89329e+05  1.55894e+01  1.55894e+01
2.091477165e+00  1.5191110e+01         -inf  6.89329e+05  1.51911e+01  1.51911e+01
2.099843074e+00  1.4965257e+01         -inf  6.89329e+05  1.49653e+01  1.49653e+01
2.108242446e+00  1.4907731e+01         -inf  6.89329e+05  1.49077e+01  1.49077e+01
2.116675416e+00  1.4812915e+01         -inf  6.89329e+05  1.48129e+01  1.48129e+01
2.125142118e+00  1.4708889e+01         -inf  6.89329e+05  1.47089e+01  1.47089e+01
2.133642686e+00  1.4676903e+01         -inf  6.89329e+05  1.46769e+01  1.46769e+01
2.142177257e+00  1.4720978e+01         -inf  6.89329e+05  1.47210e+01  1.47210e+01
2.150745966e+00  1.4887419e+01         -inf  6.89329e+05  1.48874e+01  1.48874e+01
2.159348950e+00  1.4900682e+01         -inf  6.89329e+05  1.49007e+01  1.49007e+01
2.167986346e+00  1.4879461e+01         -inf  6.89329e+05  1.48795e+01  1.48795e+01
2.176658291e+00  1.4857632e+01         -inf  6.89329e+05  1.48576e+01  1.48576e+01
2.185364924e+00  1.4732233e+01         -inf  6.89329e+05  1.47322e+01  1.47322e+01
2.194106384e+00  1.4797756e+01         -inf  6.89329e+05  1.47978e+01  1.47978e+01
2.202882810e+00  1.5395772e+01         -inf  6.89329e+05  1.53958e+01  1.53958e+01
2.211694341e+00  1.4732081e+01         -inf  6.89329e+05  1.47321e+01  1.47321e+01
2.220541118e+00  1.4897802e+01         -inf  6.89329e+05  1.48978e+01  1.48978e+01
2.229423283e+00  1.5015733e+01         -inf  6.89329e+05  1.50157e+01  1.50157e+01
2.238340976e+00  1.5065716e+01         -inf  6.89329e+05  1.50657e+01  1.50657e+01
2.247294340e+00  1.5199749e+01         -inf  6.89329e+05  1.51997e+01  1.51997e+01
2.256283517e+00  1.5266177e+01         -inf  6.89329e+05  1.52662e+01  1.52662e+01
2.265308651e+00  1.5391755e+01         -inf  6.89329e+05  1.53918e+01  1.53918e+01
2.274369886e+00  1.5614562e+01         -inf  6.89329e+05  1.56146e+01  1.56146e+01
2.283467365e+00  1.5645254e+01         -inf  6.89329e+05  1.56453e+01  1.56453e+01
2.292601235e+00  1.5866612e+01         -inf  6.89329e+05  1.58666e+01  1.58666e+01
2.301771640e+00  1.6243531e+01         -inf  6.89329e+05  1.62435e+01  1.62435e+01
2.310978726e+00  1.5286525e+01         -inf  6.89329e+05  1.52865e+01  1.52865e+01
2.320222641e+00  1.6060606e+01         -inf  6.89329e+05  1.60606e+01  1.60606e+01
2.329503532e+00  1.5648966e+01         -inf  6.89329e+05  1.56490e+01  1.56490e+01
2.338821546e+00  1.5970164e+01         -inf  6.89329e+05  1.59702e+01  1.59702e+01
2.348176832e+00  1.6209697e+01         -inf  6.89329e+05  1.62097e+01  1.62097e+01
2.357569539e+00  1.5747028e+01         -inf  6.89329e+05  1.57470e+01  1.57470e+01
2.366999817e+00  1.5896695e+01         -inf  6.89329e+05  1.58967e+01  1.58967e+01
2.376467817e+00  1.5954363e+01         -inf  6.89329e+05  1.59544e+01  1.59544e+01
2.385973688e+00  1.5327410e+01         -inf  6.89329e+05  1.53274e+01  1.53274e+01
2.395517583e+00  1.5318543e+01         -inf  6.89329e+05  1.53185e+01  1.53185e+01
2.405099653e+00  1.5003072e+01         -inf  6.89329e+05  1.50031e+01  1.50031e+01
2.414720052e+00  1.4829585e+01         -inf  6.89329e+05  1.48296e+01  1.48296e+01
2.424378932e+00  1.5012204e+01         -inf  6.89329e+05  1.50122e+01  1.50122e+01
2.434076448e+00  1.4812796e+01         -inf  6.89329e+05  1.48128e+01  1.48128e+01
2.443812753e+00  1.4747121e+01         -inf  6.89329e+05  1.47471e+01  1.47471e+01
2.453588004e+00  1.4706230e+01         -inf  6.89329e+05  1.47062e+01  1.47062e+01
2.463402356e+00  1.4663936e+01         -inf  6.89329e+05  1.46639e+01  1.46639e+01
2.473255966e+00  1.4663595e+01         -inf  6.89329e+05  1.46636e+01  1.46636e+01
2.483148990e+00  1.4851297e+01         -inf  6.89329e+05  1.48513e+01  1.48513e+01
2.493081586e+00  1.4780733e+01         -inf  6.89329e+05  1.47807e+01  1.47807e+01
2.503053912e+00  1.4721614e+01         -inf  6.89329e+05  1.47216e+01  1.47216e+01
2.513066128e+00  1.4674660e+01         -inf  6.89329e+05  1.46747e+01  1.46747e+01
2.523118392e+00  1.4655522e+01         -inf  6.89329e+05  1.46555e+01  1.46555e+01
2.533210866e+00  1.4658251e+01         -inf  6.89329e+05  1.46583e+01  1.46583e+01
2.543343709e+00  1.4638659e+01         -inf  6.89329e+05  1.46387e+01  1.46387e+01
2.553517084e+00  1.4690201e+01         -inf  6.89329e+05  1.46902e+01  1.46902e+01
2.563731152e+00  1.4904772e+01         -inf  6.89329e+05  1.49048e+01  1.49048e+01
2.573986077e+00  1.4878586e+01         -inf  6.89329e+05  1.48786e+01  1.48786e+01
2.584282021e+00  1.4964117e+01         -inf  6.89329e+05  1.49641e+01  1.49641e+01
2.594619149e+00  1.4971469e+01         -inf  6.89329e+05  1.49715e+01  1.49715e+01
2.604997626e+00  1.4878738e+01         -inf  6.89329e+05  1.48787e+01  1.48787e+01
2.615417616e+00  1.4860851e+01         -inf  6.89329e+05  1.48609e+01  1.48609e+01
2.625879287e+00  1.4727872e+01         -inf  6.89329e+05  1.47279e+01  1.47279e+01
2.636382804e+00  1.4669738e+01         -inf  6.89329e+05  1.46697e+01  1.46697e+01
2.646928335e+00  1.4660301e+01         -inf  6.89329e+05  1.46603e+01  1.46603e+01
2.657516049e+00  1.4947251e+01         -inf  6.89329e+05  1.49473e+01  1.49473e+01
2.668146113e+00  2.1557545e+01         -inf  6.89329e+05  2.15575e+01  2.15576e+01
2.678818697e+00  3.1993410e+01         -inf  6.89329e+05  3.19934e+01  3.19934e+01
2.689533972e+00  3.1567389e+01         -inf  6.89329e+05  3.15674e+01  3.15674e+01
2.700292108e+00  3.2226341e+01         -inf  6.89329e+05  3.22263e+01  3.22264e+01
2.711093276e+00  2.8384443e+01         -inf  6.89329e+05  2.83844e+01  2.83845e+01
2.721937650e+00  2.2488410e+01         -inf  6.89329e+05  2.24884e+01  2.24884e+01
2.732825400e+00  2.0934067e+01         -inf  6.89329e+05  2.09341e+01  2.09341e+01
2.743756702e+00  2.4785017e+01         -inf  6.89329e+05  2.47850e+01  2.47850e+01
2.754731729e+00  3.0859707e+01         -inf  6.89329e+05  3.08597e+01  3.08597e+01
2.765750655e+00  3.0225450e+01         -inf  6.89329e+05  3.02255e+01  3.02255e+01
2.776813658e+00  3.1375824e+01         -inf  6.89329e+05  3.13758e+01  3.13758e+01
2.787920913e+00  2.8513737e+01         -inf  6.89329e+05  2.85137e+01  2.85138e+01
2.799072596e+00  2.4430545e+01         -inf  6.89329e+05  2.44305e+01  2.44306e+01
2.810268887e+00  2.2196495e+01         -inf  6.89329e+05  2.21965e+01  2.21965e+01
2.821509962e+00  2.0322854e+01         -inf  6.89329e+05  2.03229e+01  2.03229e+01
2.832796002e+00  1.8195270e+01         -inf  6.89329e+05  1.81953e+01  1.81953e+01
2.844127186e+00  1.8418469e+01         -inf  6.89329e+05  1.84185e+01  1.84185e+01
2.855503695e+00  1.7153683e+01         -inf  6.89329e+05  1.71537e+01  1.71537e+01
2.866925710e+00  1.6495805e+01         -inf  6.89329e+05  1.64958e+01  1.64959e+01
2.878393413e+00  1.5834142e+01         -inf  6.89329e+05  1.58341e+01  1.58342e+01
2.889906986e+00  1.5464911e+01         -inf  6.89329e+05  1.54649e+01  1.54650e+01
2.901466614e+00  1.4942902e+01         -inf  6.89329e+05  1.49429e+01  1.49430e+01
2.913072481e+00  1.4686938e+01         -inf  6.89329e+05  1.46869e+01  1.46871e+01
2.924724770e+00  1.4640693e+01         -inf  6.89329e+05  1.46407e+01  1.46408e+01
2.936423670e+00  1.4615103e+01         -inf  6.89329e+05  1.46151e+01  1.46152e+01
2.948169364e+00  1.4644123e+01         -inf  6.89329e+05  1.46441e+01  1.46443e+01
2.959962042e+00  1.4828863e+01         -inf  6.89329e+05  1.48289e+01  1.48290e+01
2.971801890e+00  1.4958917e+01         -inf  6.89329e+05  1.49589e+01  1.49591e+01
2.983689097e+00  1.5107000e+01         -inf  6.89329e+05  1.51070e+01  1.51072e+01
2.995623854e+00  1.4789303e+01         -inf  6.89329e+05  1.47893e+01  1.47895e+01
3.007606349e+00  1.4764204e+01         -inf  6.89329e+05  1.47642e+01  1.47644e+01
3.019636775e+00  1.4738801e+01         -inf  6.89329e+05  1.47388e+01  1.47390e+01
3.031715322e+00  1.4628088e+01         -inf  6.89329e+05  1.46281e+01  1.46283e+01
3.043842183e+00  1.4611436e+01         -inf  6.89329e+05  1.46114e+01  1.46117e+01
3.056017552e+00  1.4610588e+01         -inf  6.89329e+05  1.46106e+01  1.46108e+01
3.068241622e+00  1.4605987e+01         -inf  6.89329e+05  1.46060e+01  1.46063e+01
3.080514588e+00  1.4603620e+01         -inf  6.89329e+05  1.46036e+01  1.46039e+01
3.092836647e+00  1.4604285e+01         -inf  6.89329e+05  1.46043e+01  1.46046e+01
3.105207993e+00  1.4612225e+01         -inf  6.89329e+05  1.46122e+01  1.46126e+01
3.117628825e+00  1.4674433e+01         -inf  6.89329e+05  1.46744e+01  1.46748e+01
3.130099341e+00  1.4825165e+01         -inf  6.89329e+05  1.48252e+01  1.48255e+01
3.142619738e+00  1.4727178e+01         -inf  6.89329e+05  1.47272e+01  1.47276e+01
3.155190217e+00  1.4884392e+01         -inf  6.89329e+05  1.48844e+01  1.48848e+01
3.167810978e+00  1.4889181e+01         -inf  6.89329e+05  1.48892e+01  1.48896e+01
3.180482222e+00  1.5427924e+01         -inf  6.89329e+05  1.54279e+01  1.54284e+01
3.193204151e+00  1.5461283e+01         -inf  6.89329e+05  1.54613e+01  1.54617e+01
3.205976967e+00  1.5654816e+01         -inf  6.89329e+05  1.56548e+01  1.56553e+01
3.218800875e+00  1.6259459e+01         -inf  6.89329e+05  1.62595e+01  1.62599e+01
3.231676079e+00  1.5916207e+01         -inf  6.89329e+05  1.59162e+01  1.59167e+01
3.244602783e+00  1.6646903e+01         -inf  6.89329e+05  1.66469e+01  1.66474e+01
3.257581194e+00  1.6790383e+01         -inf  6.89329e+05  1.67904e+01  1.67910e+01
3.270611519e+00  1.6930461e+01         -inf  6.89329e+05  1.69305e+01  1.69311e+01
3.283693965e+00  1.6007421e+01         -inf  6.89329e+05  1.60074e+01  1.60081e+01
3.296828741e+00  1.6217874e+01         -inf  6.89329e+05  1.62179e+01  1.62186e+01
3.310016056e+00  2.1084700e+01         -inf  6.89329e+05  2.10847e+01  2.10852e+01
3.323256120e+00  1.8796220e+01         -inf  6.89329e+05  1.87962e+01  1.87969e+01
3.336549144e+00  1.5296050e+01         -inf  6.89329e+05  1.52961e+01  1.52969e+01
3.349895341e+00  1.5568316e+01         -inf  6.89329e+05  1.55683e+01  1.55692e+01
3.363294922e+00  1.6707249e+01         -inf  6.89329e+05  1.67072e+01  1.67081e+01
3.376748102e+00  1.6569932e+01         -inf  6.89329e+05  1.65699e+01  1.65709e+01
3.390255094e+00  1.6657212e+01         -inf  6.89329e+05  1.66572e+01  1.66582e+01
3.403816115e+00  1.6448727e+01         -inf  6.89329e+05  1.64487e+01  1.64498e+01
3.417431379e+00  1.5683472e+01         -inf  6.89329e+05  1.56835e+01  1.56847e+01
3.431101105e+00  1.5837086e+01         -inf  6.89329e+05  1.58371e+01  1.58383e+01
3.444825509e+00  1.5680891e+01         -inf  6.89329e+05  1.56809e+01  1.56822e+01
3.458604811e+00  1.5359127e+01         -inf  6.89329e+05  1.53591e+01  1.53606e+01
3.472439231e+00  1.5681370e+01         -inf  6.89329e+05  1.56814e+01  1.56829e+01
3.486328987e+00  1.5643339e+01         -inf  6.89329e+05  1.56433e+01  1.56450e+01
3.500274303e+00  1.5280447e+01         -inf  6.89329e+05  1.52804e+01  1.52822e+01
3.514275401e+00  1.4902332e+01         -inf  6.89329e+05  1.49023e+01  1.49042e+01
3.528332502e+00  1.5180552e+01         -inf  6.89329e+05  1.51806e+01  1.51825e+01
3.542445832e+00  1.5854843e+01         -inf  6.89329e+05  1.58548e+01  1.58568e+01
3.556615616e+00  1.5155071e+01         -inf  6.89329e+05  1.51551e+01  1.51572e+01
3.570842078e+00  1.5801344e+01         -inf  6.89329e+05  1.58013e+01  1.58035e+01
3.585125446e+00  1.5580900e+01         -inf  6.89329e+05  1.55809e+01  1.55832e+01
3.599465948e+00  1.5191357e+01         -inf  6.89329e+05  1.51914e+01  1.51938e+01
3.613863812e+00  1.5133589e+01         -inf  6.89329e+05  1.51336e+01  1.51362e+01
3.628319267e+00  1.4980312e+01         -inf  6.89329e+05  1.49803e+01  1.49831e+01
3.642832544e+00  1.5233454e+01         -inf  6.89329e+05  1.52335e+01  1.52363e+01
3.657403874e+00  1.4771651e+01         -inf  6.89329e+05  1.47717e+01  1.47747e+01
3.672033490e+00  1.4915411e+01         -inf  6.89329e+05  1.49154e+01  1.49186e+01
3.686721624e+00  1.4940143e+01         -inf  6.89329e+05  1.49401e+01  1.49435e+01
3.701468510e+00  1.4768704e+01         -inf  6.89329e+05  1.47687e+01  1.47723e+01
3.716274384e+00  1.4860132e+01         -inf  6.89329e+05  1.48601e+01  1.48638e+01
3.731139482e+00  1.4907471e+01         -inf  6.89329e+05  1.49075e+01  1.49114e+01
3.746064040e+00  1.4822003e+01         -inf  6.89329e+05  1.48220e+01  1.48261e+01
3.761048296e+00  1.4778064e+01         -inf  6.89329e+05  1.47781e+01  1.47824e+01
3.776092489e+00  1.4792217e+01         -inf  6.89329e+05  1.47922e+01  1.47967e+01
3.791196859e+00  1.4918812e+01         -inf  6.89329e+05  1.49188e+01  1.49235e+01
3.806361647e+00  1.4983773e+01         -inf  6.89329e+05  1.49838e+01  1.49887e+01
3.821587093e+00  1.4876658e+01         -inf  6.89329e+05  1.48767e+01  1.48818e+01
3.836873442e+00  1.5045787e+01         -inf  6.89329e+05  1.50458e+01  1.50512e+01
3.852220935e+00  1.5113983e+01         -inf  6.89329e+05  1.51140e+01  1.51196e+01
3.867629819e+00  1.5459273e+01         -inf  6.89329e+05  1.54593e+01  1.54649e+01
3.883100338e+00  1.5909913e+01         -inf  6.89329e+05  1.59099e+01  1.59155e+01
3.898632740e+00  1.5593937e+01         -inf  6.89329e+05  1.55939e+01  1.56001e+01
3.914227271e+00  1.5809842e+01         -inf  6.89329e+05  1.58098e+01  1.58161e+01
3.929884180e+00  1.5642106e+01         -inf  6.89329e+05  1.56421e+01  1.56487e+01
3.945603716e+00  1.5405352e+01         -inf  6.89329e+05  1.54054e+01  1.54125e+01
3.961386131e+00  1.5311162e+01         -inf  6.89329e+05  1.53112e+01  1.53188e+01
3.977231676e+00  1.5516055e+01         -inf  6.89329e+05  1.55161e+01  1.55240e+01
3.993140603e+00  1.5557281e+01         -inf  6.89329e+05  1.55573e+01  1.55655e+01
4.009113165e+00  1.5872722e+01         -inf  6.89329e+05  1.58727e+01  1.58811e+01
4.025149618e+00  1.6201270e+01         -inf  6.89329e+05  1.62013e+01  1.62098e+01
4.041250216e+00  1.6646785e+01         -inf  6.89329e+05  1.66468e+01  1.66553e+01
4.057415217e+00  1.6841988e+01         -inf  6.89329e+05  1.68420e+01  1.68508e+01
4.073644878e+00  1.7285558e+01         -inf  6.89329e+05  1.72856e+01  1.72943e+01
4.089939457e+00  1.7627118e+01         -inf  6.89329e+05  1.76271e+01  1.76358e+01
4.106299215e+00  1.7871391e+01         -inf  6.89329e+05  1.78714e+01  1.78802e+01
4.122724412e+00  1.8140027e+01         -inf  6.89329e+05  1.81400e+01  1.81490e+01
4.139215310e+00  1.8386898e+01         -inf  6.89329e+05  1.83869e+01  1.83960e+01
4.155772171e+00  1.8584787e+01         -inf  6.89329e+05  1.85848e+01  1.85928e+01
4.172395260e+00  1.9794383e+01         -inf  6.89329e+05  1.97944e+01  1.97980e+01
4.189084841e+00  2.4981798e+01         -inf  6.89329e+05  2.49818e+01  2.49850e+01
4.205841180e+00  3.4073640e+01         -inf  6.89329e+05  3.40736e+01  3.40827e+01
4.222664545e+00  4.2168555e+01         -inf  6.89329e+05  4.21686e+01  4.21861e+01
4.239555203e+00  4.5529471e+01         -inf  6.89329e+05  4.55295e+01  4.55489e+01
4.256513424e+00  4.3634030e+01         -inf  6.89329e+05  4.36340e+01  4.36459e+01
4.273539477e+00  4.5268987e+01         -inf  6.89329e+05  4.52690e+01  4.52841e+01
4.290633635e+00  4.3677294e+01         -inf  6.89329e+05  4.36773e+01  4.36926e+01
4.307796170e+00  4.0847189e+01         -inf  6.89329e+05  4.08472e+01  4.08626e+01
4.325027355e+00  3.7375840e+01         -inf  6.89329e+05  3.73758e+01  3.73878e+01
4.342327464e+00  3.5026111e+01         -inf  6.89329e+05  3.50261e+01  3.50361e+01
4.359696774e+00  3.4005580e+01         -inf  6.89329e+05  3.40056e+01  3.40118e+01
4.377135561e+00  3.1625254e+01         -inf  6.89329e+05  3.16253e+01  3.16290e+01
4.394644103e+00  3.1716971e+01         -inf  6.89329e+05  3.17170e+01  3.17194e+01
4.412222680e+00  3.0757416e+01         -inf  6.89329e+05  3.07574e+01  3.07591e+01
4.429871570e+00  2.8432481e+01         -inf  6.89329e+05  2.84325e+01  2.84341e+01
4.447591057e+00  2.4718179e+01         -inf  6.89329e+05  2.47182e+01  2.47209e+01
4.465381421e+00  2.2290843e+01         -inf  6.89329e+05  2.22908e+01  2.22944e+01
4.483242946e+00  2.0849448e+01         -inf  6.89329e+05  2.08494e+01  2.08545e+01
4.501175918e+00  1.9461928e+01         -inf  6.89329e+05  1.94619e+01  1.94719e+01
4.519180622e+00  2.0070401e+01         -inf  6.89329e+05  2.00704e+01  2.00789e+01
4.537257344e+00  1.9322986e+01         -inf  6.89329e+05  1.93230e+01  1.93346e+01
4.555406374e+00  1.8263927e+01         -inf  6.89329e+05  1.82639e+01  1.82810e+01
4.573627999e+00  1.7227927e+01         -inf  6.89329e+05  1.72279e+01  1.72517e+01
4.591922511e+00  1.6078622e+01         -inf  6.89329e+05  1.60786e+01  1.61103e+01
4.610290201e+00  1.5559167e+01         -inf  6.89329e+05  1.55592e+01  1.55955e+01
4.628731362e+00  1.5249524e+01         -inf  6.89329e+05  1.52495e+01  1.52887e+01
4.647246288e+00  1.5035460e+01         -inf  6.89329e+05  1.50355e+01  1.50769e+01
4.665835273e+00  1.4887945e+01         -inf  6.89329e+05  1.48879e+01  1.49314e+01
4.684498614e+00  1.5304183e+01         -inf  6.89329e+05  1.53042e+01  1.53492e+01
4.703236608e+00  1.9087265e+01         -inf  6.89329e+05  1.90873e+01  1.91275e+01
4.722049555e+00  1.9593465e+01         -inf  6.89329e+05  1.95935e+01  1.96355e+01
4.740937753e+00  1.8512568e+01         -inf  6.89329e+05  1.85126e+01  1.85571e+01
4.759901504e+00  1.8864884e+01         -inf  6.89329e+05  1.88649e+01  1.89118e+01
4.778941110e+00  1.8734227e+01         -inf  6.89329e+05  1.87342e+01  1.87780e+01
4.798056874e+00  1.8003335e+01         -inf  6.89329e+05  1.80033e+01  1.80461e+01
4.817249102e+00  2.0241013e+01         -inf  6.89329e+05  2.02410e+01  2.02688e+01
4.836518098e+00  1.7880990e+01         -inf  6.89329e+05  1.78810e+01  1.79174e+01
4.855864171e+00  1.7805912e+01         -inf  6.89329e+05  1.78059e+01  1.78413e+01
4.875287627e+00  1.6693374e+01         -inf  6.89329e+05  1.66934e+01  1.67373e+01
4.894788778e+00  1.5763272e+01         -inf  6.89329e+05  1.57633e+01  1.58191e+01
4.914367933e+00  1.5835589e+01         -inf  6.89329e+05  1.58356e+01  1.58989e+01
4.934025405e+00  1.5107767e+01         -inf  6.89329e+05  1.51078e+01  1.51800e+01
4.953761506e+00  1.5024787e+01         -inf  6.89329e+05  1.50248e+01  1.50999e+01
4.973576552e+00  1.4807055e+01         -inf  6.89329e+05  1.48071e+01  1.48858e+01
4.993470859e+00  1.4671344e+01         -inf  6.89329e+05  1.46713e+01  1.47537e+01
5.013444742e+00  1.4556450e+01         -inf  6.89329e+05  1.45564e+01  1.46421e+01
5.033498521e+00  1.4537793e+01         -inf  6.89329e+05  1.45378e+01  1.46265e+01
5.053632515e+00  1.4529009e+01         -inf  6.89329e+05  1.45290e+01  1.46206e+01
5.073847045e+00  1.4566568e+01         -inf  6.89329e+05  1.45666e+01  1.46605e+01
5.094142433e+00  1.4669019e+01         -inf  6.89329e+05  1.46690e+01  1.47647e+01
5.114519003e+00  1.4680961e+01         -inf  6.89329e+05  1.46810e+01  1.47798e+01
5.134977079e+00  1.4579857e+01         -inf  6.89329e+05  1.45799e+01  1.46827e+01
5.155516987e+00  1.4747906e+01         -inf  6.89329e+05  1.47479e+01  1.48515e+01
5.176139055e+00  1.6824343e+01         -inf  6.89329e+05  1.68243e+01  1.69093e+01
5.196843612e+00  1.5403371e+01         -inf  6.89329e+05  1.54034e+01  1.55017e+01
5.217630986e+00  1.5683954e+01         -inf  6.89329e+05  1.56840e+01  1.57765e+01
5.238501510e+00  1.5332616e+01         -inf  6.89329e+05  1.53326e+01  1.54298e+01
5.259455516e+00  1.5024567e+01         -inf  6.89329e+05  1.50246e+01  1.51279e+01
5.280493338e+00  1.4719568e+01         -inf  6.89329e+05  1.47196e+01  1.48288e+01
5.301615311e+00  1.4617974e+01         -inf  6.89329e+05  1.46180e+01  1.47300e+01
5.322821773e+00  1.4709962e+01         -inf  6.89329e+05  1.47100e+01  1.48217e+01
5.344113060e+00  1.4579557e+01         -inf  6.89329e+05  1.45796e+01  1.46901e+01
5.365489512e+00  1.4572050e+01         -inf  6.89329e+05  1.45720e+01  1.46817e+01
5.386951470e+00  1.4557393e+01         -inf  6.89329e+05  1.45574e+01  1.46665e+01
5.408499276e+00  1.4553220e+01         -inf  6.89329e+05  1.45532e+01  1.46620e+01
5.430133273e+00  1.4557869e+01         -inf  6.89329e+05  1.45579e+01  1.46670e+01
5.451853806e+00  1.4566168e+01         -inf  6.89329e+05  1.45662e+01  1.46753e+01
5.473661221e+00  1.4591668e+01         -inf  6.89329e+05  1.45917e+01  1.47005e+01
5.495555866e+00  1.4635763e+01         -inf  6.89329e+05  1.46358e+01  1.47441e+01
5.517538090e+00  1.4666774e+01         -inf  6.89329e+05  1.46668e+01  1.47752e+01
5.539608242e+00  1.4639969e+01         -inf  6.89329e+05  1.46400e+01  1.47483e+01
5.561766675e+00  1.4573839e+01         -inf  6.89329e+05  1.45738e+01  1.46823e+01
5.584013742e+00  1.4600404e+01         -inf  6.89329e+05  1.46004e+01  1.47092e+01
5.606349797e+00  1.4615186e+01         -inf  6.89329e+05  1.46152e+01  1.47245e+01
5.628775196e+00  1.4593030e+01         -inf  6.89329e+05  1.45930e+01  1.47029e+01
5.651290297e+00  1.4567210e+01         -inf  6.89329e+05  1.45672e+01  1.46778e+01
5.673895458e+00  1.4559463e+01         -inf  6.89329e+05  1.45595e+01  1.46706e+01
5.696591040e+00  1.4550309e+01         -inf  6.89329e+05  1.45503e+01  1.46622e+01
5.719377404e+00  1.4633011e+01         -inf  6.89329e+05  1.46330e+01  1.47457e+01
5.742254913e+00  1.5146928e+01         -inf  6.89329e+05  1.51469e+01  1.52598e+01
5.765223933e+00  1.5185719e+01         -inf  6.89329e+05  1.51857e+01  1.52991e+01
5.788284829e+00  1.4886950e+01         -inf  6.89329e+05  1.48869e+01  1.50010e+01
5.811437968e+00  1.4931357e+01         -inf  6.89329e+05  1.49314e+01  1.50459e+01
5.834683720e+00  1.5061607e+01         -inf  6.89329e+05  1.50616e+01  1.51770e+01
5.858022455e+00  1.4926167e+01         -inf  6.89329e+05  1.49262e+01  1.50430e+01
5.881454545e+00  1.4755303e+01         -inf  6.89329e+05  1.47553e+01  1.48741e+01
5.904980363e+00  1.4626431e+01         -inf  6.89329e+05  1.46264e+01  1.47475e+01
5.928600284e+00  1.4562412e+01         -inf  6.89329e+05  1.45624e+01  1.46859e+01
5.952314685e+00  1.4545259e+01         -inf  6.89329e+05  1.45453e+01  1.46714e+01
5.976123944e+00  1.4521630e+01         -inf  6.89329e+05  1.45216e+01  1.46512e+01
6.000028440e+00  1.4535137e+01         -inf  6.89329e+05  1.45351e+01  1.46687e+01
6.024028554e+00  1.4516959e+01         -inf  6.89329e+05  1.45170e+01  1.46550e+01
6.048124668e+00  1.4533314e+01         -inf  6.89329e+05  1.45333e+01  1.46767e+01
6.072317167e+00  1.4538270e+01         -inf  6.89329e+05  1.45383e+01  1.46874e+01
6.096606435e+00  1.4529453e+01         -inf  6.89329e+05  1.45295e+01  1.46849e+01
6.120992861e+00  1.4544421e+01         -inf  6.89329e+05  1.45444e+01  1.47067e+01
6.145476832e+00  1.4524223e+01         -inf  6.89329e+05  1.45242e+01  1.46940e+01
6.170058740e+00  1.4545617e+01         -inf  6.89329e+05  1.45456e+01  1.47234e+01
6.194738975e+00  1.4537058e+01         -inf  6.89329e+05  1.45371e+01  1.47224e+01
6.219517931e+00  1.4542844e+01         -inf  6.89329e+05  1.45428e+01  1.47353e+01
6.244396002e+00  1.4519542e+01         -inf  6.89329e+05  1.45195e+01  1.47181e+01
6.269373586e+00  1.4450352e+01         -inf  6.89329e+05  1.44504e+01  1.46539e+01
6.294451081e+00  1.4536636e+01         -inf  6.89329e+05  1.45366e+01  1.47444e+01
6.319628885e+00  1.4434924e+01         -inf  6.89329e+05  1.44349e+01  1.46462e+01
6.344907401e+00  1.4520177e+01         -inf  6.89329e+05  1.45202e+01  1.47347e+01
6.370287030e+00  1.4424895e+01         -inf  6.89329e+05  1.44249e+01  1.46432e+01
6.395768178e+00  1.4454678e+01         -inf  6.89329e+05  1.44547e+01  1.46769e+01
6.421351251e+00  1.4453453e+01         -inf  6.89329e+05  1.44535e+01  1.46802e+01
6.447036656e+00  1.4515540e+01         -inf  6.89329e+05  1.45155e+01  1.47475e+01
6.472824803e+00  1.4652927e+01         -inf  6.89329e+05  1.46529e+01  1.48909e+01
6.498716102e+00  1.5187826e+01         -inf  6.89329e+05  1.51878e+01  1.54314e+01
6.524710966e+00  1.4641704e+01         -inf  6.89329e+05  1.46417e+01  1.48957e+01
6.550809810e+00  1.4380599e+01         -inf  6.89329e+05  1.43806e+01  1.46450e+01
6.577013049e+00  1.4366893e+01         -inf  6.89329e+05  1.43669e+01  1.46420e+01
6.603321102e+00  1.4356186e+01         -inf  6.89329e+05  1.43562e+01  1.46435e+01
6.629734386e+00  1.4338767e+01         -inf  6.89329e+05  1.43388e+01  1.46390e+01
6.656253324e+00  1.4392211e+01         -inf  6.89329e+05  1.43922e+01  1.47060e+01
6.682878337e+00  1.4337773e+01         -inf  6.89329e+05  1.43378e+01  1.46664e+01
6.709609850e+00  1.4326683e+01         -inf  6.89329e+05  1.43267e+01  1.46710e+01
6.736448290e+00  1.4383861e+01         -inf  6.89329e+05  1.43839e+01  1.47442e+01
6.763394083e+00  1.4269306e+01         -inf  6.89329e+05  1.42693e+01  1.46476e+01
6.790447659e+00  1.4508783e+01         -inf  6.89329e+05  1.45088e+01  1.49050e+01
6.817609450e+00  1.4333346e+01         -inf  6.89329e+05  1.43333e+01  1.47505e+01
6.844879888e+00  1.4318418e+01         -inf  6.89329e+05  1.43184e+01  1.47566e+01
6.872259407e+00  1.4299625e+01         -inf  6.89329e+05  1.42996e+01  1.47593e+01
6.899748445e+00  1.4358311e+01         -inf  6.89329e+05  1.43583e+01  1.48402e+01
6.927347438e+00  1.4232275e+01         -inf  6.89329e+05  1.42323e+01  1.47395e+01
6.955056828e+00  1.4149394e+01         -inf  6.89329e+05  1.41494e+01  1.46836e+01
6.982877056e+00  1.4177691e+01         -inf  6.89329e+05  1.41777e+01  1.47399e+01
7.010808564e+00  1.4138748e+01         -inf  6.89329e+05  1.41387e+01  1.47314e+01
7.038851798e+00  1.4039549e+01         -inf  6.89329e+05  1.40395e+01  1.46662e+01
7.067007205e+00  1.4013470e+01         -inf  6.89329e+05  1.40135e+01  1.46742e+01
7.095275234e+00  1.3989069e+01         -inf  6.89329e+05  1.39891e+01  1.46875e+01
7.123656335e+00  1.3928545e+01         -inf  6.89329e+05  1.39285e+01  1.46659e+01
7.152150960e+00  1.3933829e+01         -inf  6.89329e+05  1.39338e+01  1.47136e+01
7.180759564e+00  1.3898856e+01         -inf  6.89329e+05  1.38989e+01  1.47237e+01
7.209482602e+00  1.4000616e+01         -inf  6.89329e+05  1.40006e+01  1.48712e+01
7.238320533e+00  1.4118103e+01         -inf  6.89329e+05  1.41181e+01  1.50325e+01
7.267273815e+00  1.4348732e+01         -inf  6.89329e+05  1.43487e+01  1.53033e+01
7.296342910e+00  1.4307294e+01         -inf  6.89329e+05  1.43073e+01  1.53138e+01
7.325528282e+00  1.4765168e+01         -inf  6.89329e+05  1.47652e+01  1.57929e+01
7.354830395e+00  1.5365980e+01         -inf  6.89329e+05  1.53660e+01  1.63968e+01
7.384249717e+00  1.6141419e+01         -inf  6.89329e+05  1.61414e+01  1.71572e+01
7.413786715e+00  1.5745096e+01         -inf  6.89329e+05  1.57451e+01  1.68465e+01
7.443441862e+00  1.6553535e+01         -inf  6.89329e+05  1.65535e+01  1.76442e+01
7.473215630e+00  1.6209931e+01         -inf  6.89329e+05  1.62099e+01  1.73817e+01
7.503108492e+00  1.6685741e+01         -inf  6.89329e+05  1.66857e+01  1.78619e+01
7.533120926e+00  1.6049713e+01         -inf  6.89329e+05  1.60497e+01  1.73249e+01
7.563253410e+00  1.4940866e+01         -inf  6.89329e+05  1.49409e+01  1.63469e+01
7.593506424e+00  1.4564760e+01         -inf  6.89329e+05  1.45648e+01  1.60012e+01
7.623880449e+00  1.4967188e+01         -inf  6.89329e+05  1.49672e+01  1.63332e+01
7.654375971e+00  1.9919515e+01         -inf  6.89329e+05  1.99195e+01  2.08514e+01
7.684993475e+00  1.9984084e+01         -inf  6.89329e+05  1.99841e+01  2.08579e+01
7.715733449e+00  1.8190145e+01         -inf  6.89329e+05  1.81901e+01  1.92734e+01
7.746596383e+00  1.6785899e+01         -inf  6.89329e+05  1.67859e+01  1.80599e+01
7.777582768e+00  1.5979890e+01         -inf  6.89329e+05  1.59799e+01  1.74388e+01
7.808693099e+00  1.6432552e+01         -inf  6.89329e+05  1.64326e+01  1.78232e+01
7.839927872e+00  1.6948005e+01         -inf  6.89329e+05  1.69480e+01  1.82639e+01
7.871287583e+00  1.7097553e+01         -inf  6.89329e+05  1.70976e+01  1.84178e+01
7.902772733e+00  1.6178405e+01         -inf  6.89329e+05  1.61784e+01  1.76468e+01
7.934383824e+00  1.5860005e+01         -inf  6.89329e+05  1.58600e+01  1.74461e+01
7.966121360e+00  1.4717121e+01         -inf  6.89329e+05  1.47171e+01  1.64938e+01
7.997985845e+00  1.4208228e+01         -inf  6.89329e+05  1.42082e+01  1.60978e+01
8.029977788e+00  1.4221108e+01         -inf  6.89329e+05  1.42211e+01  1.61592e+01
8.062097700e+00  1.3618770e+01         -inf  6.89329e+05  1.36188e+01  1.56797e+01
8.094346090e+00  1.3323177e+01         -inf  6.89329e+05  1.33232e+01  1.54548e+01
8.126723475e+00  1.2954947e+01         -inf  6.89329e+05  1.29549e+01  1.51750e+01
8.159230369e+00  1.2684255e+01         -inf  6.89329e+05  1.26843e+01  1.49703e+01
8.191867290e+00  1.2733557e+01         -inf  6.89329e+05  1.27336e+01  1.50551e+01
8.224634759e+00  1.2445834e+01         -inf  6.89329e+05  1.24458e+01  1.48349e+01
8.257533298e+00  1.2392247e+01         -inf  6.89329e+05  1.23922e+01  1.48286e+01
8.290563432e+00  1.2204610e+01         -inf  6.89329e+05  1.22046e+01  1.46981e+01
8.323725685e+00  1.2253174e+01         -inf  6.89329e+05  1.22532e+01  1.47896e+01
8.357020588e+00  1.2216046e+01         -inf  6.89329e+05  1.22160e+01  1.47997e+01
8.390448670e+00  1.2325377e+01         -inf  6.89329e+05  1.23254e+01  1.49460e+01
8.424010465e+00  1.2353406e+01         -inf  6.89329e+05  1.23534e+01  1.50178e+01
8.457706507e+00  1.2492284e+01         -inf  6.89329e+05  1.24923e+01  1.51905e+01
8.491537333e+00  1.2450147e+01         -inf  6.89329e+05  1.24501e+01  1.52049e+01
8.525503482e+00  1.2419888e+01         -inf  6.89329e+05  1.24199e+01  1.52346e+01
8.559605496e+00  1.2200759e+01         -inf  6.89329e+05  1.22008e+01  1.50914e+01
8.593843918e+00  1.2371509e+01         -inf  6.89329e+05  1.23715e+01  1.52973e+01
8.628219294e+00  1.2459679e+01         -inf  6.89329e+05  1.24597e+01  1.54259e+01
8.662732171e+00  1.2415099e+01         -inf  6.89329e+05  1.24151e+01  1.54358e+01
8.697383100e+00  1.2427855e+01         -inf  6.89329e+05  1.24279e+01  1.55110e+01
8.732172632e+00  1.2317352e+01         -inf  6.89329e+05  1.23174e+01  1.54725e+01
8.767101323e+00  1.2212846e+01         -inf  6.89329e+05  1.22128e+01  1.54379e+01
8.802169728e+00  1.2416431e+01         -inf  6.89329e+05  1.24164e+01  1.57001e+01
8.837378407e+00  1.2514762e+01         -inf  6.89329e+05  1.25148e+01  1.58549e+01
8.872727920e+00  1.2455620e+01         -inf  6.89329e+05  1.24556e+01  1.58539e+01
8.908218832e+00  1.2417462e+01         -inf  6.89329e+05  1.24175e+01  1.58760e+01
8.943851707e+00  1.2399060e+01         -inf  6.89329e+05  1.23991e+01  1.59219e+01
8.979627114e+00  1.2146603e+01         -inf  6.89329e+05  1.21466e+01  1.57439e+01
9.015545623e+00  1.1820356e+01         -inf  6.89329e+05  1.18204e+01  1.54945e+01
9.051607805e+00  1.1812865e+01         -inf  6.89329e+05  1.18129e+01  1.55553e+01
9.087814236e+00  1.1808922e+01         -inf  6.89329e+05  1.18089e+01  1.56302e+01
9.124165493e+00  1.1777461e+01         -inf  6.89329e+05  1.17775e+01  1.56938e+01
9.160662155e+00  1.1774554e+01         -inf  6.89329e+05  1.17746e+01  1.57650e+01
9.197304804e+00  1.1982274e+01         -inf  6.89329e+05  1.19823e+01  1.59694e+01
9.234094023e+00  1.1796228e+01         -inf  6.89329e+05  1.17962e+01  1.57572e+01
9.271030399e+00  1.1763592e+01         -inf  6.89329e+05  1.17636e+01  1.57417e+01
9.308114521e+00  1.1734978e+01         -inf  6.89329e+05  1.17350e+01  1.58088e+01
9.345346979e+00  1.2012235e+01         -inf  6.89329e+05  1.20122e+01  1.61757e+01
9.382728367e+00  1.4980665e+01         -inf  6.89329e+05  1.49807e+01  1.90194e+01
9.420259280e+00  1.9011747e+01         -inf  6.89329e+05  1.90117e+01  2.22032e+01
9.457940318e+00  2.0960956e+01         -inf  6.89329e+05  2.09610e+01  2.34754e+01
9.495772079e+00  2.2112502e+01         -inf  6.89329e+05  2.21125e+01  2.42431e+01
9.533755167e+00  2.1161465e+01         -inf  6.89329e+05  2.11615e+01  2.37244e+01
9.571890188e+00  1.7004764e+01         -inf  6.89329e+05  1.70048e+01  2.08963e+01
9.610177749e+00  2.0624573e+01         -inf  6.89329e+05  2.06246e+01  2.34386e+01
9.648618460e+00  2.0562138e+01         -inf  6.89329e+05  2.05621e+01  2.35719e+01
9.687212933e+00  1.9746989e+01         -inf  6.89329e+05  1.97470e+01  2.30006e+01
9.725961785e+00  1.9600982e+01         -inf  6.89329e+05  1.96010e+01  2.28769e+01
9.764865632e+00  1.9421966e+01         -inf  6.89329e+05  1.94220e+01  2.28085e+01
9.803925095e+00  1.8639527e+01         -inf  6.89329e+05  1.86395e+01  2.23723e+01
9.843140795e+00  1.7595454e+01         -inf  6.89329e+05  1.75955e+01  2.17009e+01
9.882513358e+00  1.6089987e+01         -inf  6.89329e+05  1.60900e+01  2.06992e+01
9.922043412e+00  1.4706755e+01         -inf  6.89329e+05  1.47068e+01  1.96906e+01
9.961731585e+00  1.3347961e+01         -inf  6.89329e+05  1.33480e+01  1.86480e+01
1.000157851e+01  1.2044266e+01         -inf  6.89329e+05  1.20443e+01  1.75943e+01
1.004158483e+01  1.0713195e+01         -inf  6.89329e+05  1.07132e+01  1.64756e+01
1.008175117e+01  9.9873259e+00         -inf  6.89329e+05  9.98733e+00  1.59107e+01
1.012207817e+01  9.2827101e+00         -inf  6.89329e+05  9.28271e+00  1.53491e+01
1.016256648e+01  8.9075012e+00         -inf  6.89329e+05  8.90750e+00  1.50379e+01
1.020321675e+01  8.7031138e+00         -inf  6.89329e+05  8.70311e+00  1.48595e+01
1.024402962e+01  8.5865084e+00         -inf  6.89329e+05  8.58651e+00  1.48007e+01
1.028500573e+01  8.5068314e+00         -inf  6.89329e+05  8.50683e+00  1.47845e+01
1.032614576e+01  8.3744648e+00         -inf  6.89329e+05  8.37446e+00  1.47581e+01
1.036745034e+01  8.0302107e+00         -inf  6.89329e+05  8.03021e+00  1.46705e+01
1.040892014e+01  7.8286748e+00         -inf  6.89329e+05  7.82867e+00  1.46198e+01
1.045055582e+01  7.8929789e+00         -inf  6.89329e+05  7.89298e+00  1.46902e+01
1.049235805e+01  7.7914409e+00         -inf  6.89329e+05  7.79144e+00  1.46838e+01
1.053432748e+01  7.7054061e+00         -inf  6.89329e+05  7.70541e+00  1.46860e+01
1.057646479e+01  7.5842977e+00         -inf  6.89329e+05  7.58430e+00  1.46772e+01
1.061877065e+01  7.4402992e+00         -inf  6.89329e+05  7.44030e+00  1.46606e+01
1.066124573e+01  7.2829134e+00         -inf  6.89329e+05  7.28291e+00  1.46423e+01
1.070389071e+01  7.1204803e+00         -inf  6.89329e+05  7.12048e+00  1.46254e+01
1.074670627e+01  6.9648428e+00         -inf  6.89329e+05  6.96484e+00  1.46132e+01
1.078969310e+01  6.8212114e+00         -inf  6.89329e+05  6.82121e+00  1.46058e+01
1.083285187e+01  6.6810421e+00         -inf  6.89329e+05  6.68104e+00  1.46013e+01
1.087618328e+01  6.5604703e+00         -inf  6.89329e+05  6.56047e+00  1.46000e+01
1.091968801e+01  6.4439135e+00         -inf  6.89329e+05  6.44391e+00  1.45977e+01
1.096336676e+01  6.3243140e+00         -inf  6.89329e+05  6.32431e+00  1.45970e+01
1.100722023e+01  6.2117976e+00         -inf  6.89329e+05  6.21180e+00  1.45972e+01
1.105124911e+01  6.0942643e+00         -inf  6.89329e+05  6.09426e+00  1.45973e+01
1.109545411e+01  5.9789095e+00         -inf  6.89329e+05  5.97891e+00  1.45979e+01
1.113983593e+01  5.8587475e+00         -inf  6.89329e+05  5.85875e+00  1.45966e+01
1.118439527e+01  5.7383247e+00         -inf  6.89329e+05  5.73832e+00  1.45960e+01
1.122913285e+01  5.6133865e+00         -inf  6.89329e+05  5.61339e+00  1.45956e+01
1.127404938e+01  5.4893177e+00         -inf  6.89329e+05  5.48932e+00  1.45951e+01
1.131914558e+01  5.3628010e+00         -inf  6.89329e+05  5.36280e+00  1.45951e+01
1.136442216e+01  5.2328624e+00         -inf  6.89329e+05  5.23286e+00  1.45950e+01
1.140987985e+01  5.1019091e+00         -inf  6.89329e+05  5.10191e+00  1.45950e+01
1.145551937e+01  4.9708985e+00         -inf  6.89329e+05  4.97090e+00  1.45949e+01
1.150134145e+01  4.8383434e+00         -inf  6.89329e+05  4.83834e+00  1.45949e+01
1.154734681e+01  4.6963430e+00         -inf  6.89329e+05  4.69634e+00  1.45953e+01
1.159353620e+01  4.5536726e+00         -inf  6.89329e+05  4.55367e+00  1.45956e+01
1.163991035e+01  4.4266036e+00         -inf  6.89329e+05  4.42660e+00  1.45950e+01
1.168646999e+01  4.2860943e+00         -inf  6.89329e+05  4.28609e+00  1.45953e+01
1.173321587e+01  4.1453310e+00         -inf  6.89329e+05  4.14533e+00  1.45955e+01
1.178014873e+01  4.0026129e+00         -inf  6.89329e+05  4.00261e+00  1.45957e+01
1.182726932e+01  3.8580228e+00         -inf  6.89329e+05  3.85802e+00  1.45963e+01
1.187457840e+01  3.7143824e+00         -inf  6.89329e+05  3.71438e+00  1.45965e+01
1.192207672e+01  3.5697379e+00         -inf  6.89329e+05  3.56974e+00  1.45976e+01
1.196976502e+01  3.4214717e+00         -inf  6.89329e+05  3.42147e+00  1.45980e+01
1.201764408e+01  3.2695436e+00         -inf  6.89329e+05  3.26954e+00  1.46005e+01
1.206571466e+01  3.1310160e+00         -inf  6.89329e+05  3.13102e+00  1.46084e+01
1.211397752e+01  2.9759423e+00         -inf  6.89329e+05  2.97594e+00  1.46054e+01
1.216243343e+01  2.8522582e+00         -inf  6.89329e+05  2.85226e+00  1.46157e+01
1.221108316e+01  2.7447027e+00         -inf  6.89329e+05  2.74470e+00  1.46234e+01
1.225992749e+01  2.6703365e+00         -inf  6.89329e+05  2.67034e+00  1.46453e+01
1.230896720e+01  2.6031668e+00         -inf  6.89329e+05  2.60317e+00  1.46678e+01
1.235820307e+01  2.5376459e+00         -inf  6.89329e+05  2.53765e+00  1.46955e+01
1.240763589e+01  2.4670685e+00         -inf  6.89329e+05  2.46707e+00  1.47314e+01
1.245726643e+01  2.3485990e+00         -inf  6.89329e+05  2.34860e+00  1.47444e+01
1.250709549e+01  2.2119618e+00         -inf  6.89329e+05  2.21196e+00  1.47782e+01
1.255712388e+01  1.9754900e+00         -inf  6.89329e+05  1.97549e+00  1.47641e+01
1.260735237e+01  3.3006939e+00         -inf  6.89329e+05  3.30069e+00  1.50512e+01
1.265778178e+01  2.5553219e+00         -inf  6.89329e+05  2.55532e+00  1.50974e+01
1.270841291e+01  1.4346018e+00         -inf  6.89329e+05  1.43460e+00  1.48107e+01
1.275924656e+01  1.5082474e+00         -inf  6.89329e+05  1.50825e+00  1.49016e+01
1.281028355e+01  1.4985100e+00         -inf  6.89329e+05  1.49851e+00  1.49272e+01
1.286152468e+01  1.5642485e+00         -inf  6.89329e+05  1.56425e+00  1.49876e+01
1.291297078e+01  1.6576563e+00         -inf  6.89329e+05  1.65766e+00  1.50216e+01
1.296462266e+01  2.2276404e+00         -inf  6.89329e+05  2.22764e+00  1.51928e+01
1.301648115e+01  2.3216288e+00         -inf  6.89329e+05  2.32163e+00  1.51662e+01
1.306854708e+01  2.5834620e+00         -inf  6.89329e+05  2.58346e+00  1.54324e+01
1.312082127e+01  2.9588678e+00         -inf  6.89329e+05  2.95887e+00  1.54343e+01
1.317330455e+01  3.9269727e+00         -inf  6.89329e+05  3.92697e+00  1.57045e+01
1.322599777e+01  5.1268027e+00         -inf  6.89329e+05  5.12680e+00  1.60932e+01
1.327890176e+01  5.7336553e+00         -inf  6.89329e+05  5.73366e+00  1.63123e+01
1.333201737e+01  7.0022024e+00         -inf  6.89329e+05  7.00220e+00  1.70924e+01
1.338534544e+01  7.4583279e+00         -inf  6.89329e+05  7.45833e+00  1.71928e+01
1.343888682e+01  8.8889439e+00         -inf  6.89329e+05  8.88894e+00  1.81537e+01
1.349264237e+01  1.3371716e+01         -inf  6.89329e+05  1.33717e+01  2.08318e+01
1.354661294e+01  1.1172849e+01         -inf  6.89329e+05  1.11728e+01  1.94736e+01
1.360079939e+01  1.1816168e+01         -inf  6.89329e+05  1.18162e+01  2.00485e+01
1.365520258e+01  1.1888246e+01         -inf  6.89329e+05  1.18882e+01  2.01649e+01
1.370982339e+01  1.1596758e+01         -inf  6.89329e+05  1.15968e+01  2.01912e+01
1.376466269e+01  1.0284177e+01         -inf  6.89329e+05  1.02842e+01  1.93839e+01
1.381972134e+01  1.1402244e+01         -inf  6.89329e+05  1.14022e+01  2.02300e+01
1.387500022e+01  2.4833219e+01         -inf  6.89329e+05  2.48332e+01  2.94143e+01
1.393050023e+01  1.4544839e+01         -inf  6.89329e+05  1.45448e+01  2.19983e+01
1.398622223e+01  1.3608383e+01         -inf  6.89329e+05  1.36084e+01  2.14973e+01
1.404216712e+01  1.5416284e+01         -inf  6.89329e+05  1.54163e+01  2.26133e+01
1.409833578e+01  1.6064910e+01         -inf  6.89329e+05  1.60649e+01  2.30110e+01
1.415472913e+01  1.8154437e+01         -inf  6.89329e+05  1.81544e+01  2.43297e+01
1.421134804e+01  2.0641190e+01         -inf  6.89329e+05  2.06412e+01  2.61501e+01
1.426819344e+01  2.2314375e+01         -inf  6.89329e+05  2.23144e+01  2.72493e+01
1.432526621e+01  2.3847621e+01         -inf  6.89329e+05  2.38476e+01  2.84054e+01
1.438256727e+01  2.6905567e+01         -inf  6.89329e+05  2.69056e+01  3.07571e+01
1.444009754e+01  2.8620908e+01         -inf  6.89329e+05  2.86209e+01  3.22239e+01
1.449785793e+01  2.8755094e+01         -inf  6.89329e+05  2.87551e+01  3.22580e+01
1.455584937e+01  3.1050284e+01         -inf  6.89329e+05  3.10503e+01  3.42895e+01
1.461407276e+01  3.2639006e+01         -inf  6.89329e+05  3.26390e+01  3.57267e+01
1.467252905e+01  3.2719169e+01         -inf  6.89329e+05  3.27192e+01  3.58324e+01
1.473121917e+01  3.3008946e+01         -inf  6.89329e+05  3.30089e+01  3.61223e+01
1.479014405e+01  3.4274020e+01         -inf  6.89329e+05  3.42740e+01  3.73203e+01
1.484930462e+01  3.3882152e+01         -inf  6.89329e+05  3.38822e+01  3.70107e+01
1.490870184e+01  3.3886944e+01         -inf  6.89329e+05  3.38869e+01  3.70978e+01
1.496833665e+01  4.5406295e+01         -inf  6.89329e+05  4.54063e+01  4.87312e+01
1.502821000e+01  3.4710669e+01         -inf  6.89329e+05  3.47107e+01  3.78818e+01
1.508832284e+01  3.5435014e+01         -inf  6.89329e+05  3.54350e+01  3.86920e+01
1.514867613e+01  3.3385484e+01         -inf  6.89329e+05  3.33855e+01  3.68000e+01
1.520927083e+01  3.1949060e+01         -inf  6.89329e+05  3.19491e+01  3.55141e+01
1.527010791e+01  3.2517282e+01         -inf  6.89329e+05  3.25173e+01  3.61417e+01
1.533118835e+01  3.2575148e+01         -inf  6.89329e+05  3.25751e+01  3.62581e+01
1.539251310e+01  3.3588588e+01         -inf  6.89329e+05  3.35886e+01  3.73148e+01
1.545408315e+01  3.0067423e+01         -inf  6.89329e+05  3.00674e+01  3.43430e+01
1.551589948e+01  2.9307510e+01         -inf  6.89329e+05  2.93075e+01  3.37251e+01
1.557796308e+01  2.7092302e+01         -inf  6.89329e+05  2.70923e+01  3.20211e+01
1.564027493e+01  2.4465150e+01         -inf  6.89329e+05  2.44652e+01  3.00874e+01
1.570283603e+01  2.4144755e+01         -inf  6.89329e+05  2.41448e+01  2.99883e+01
1.576564738e+01  2.2024739e+01         -inf  6.89329e+05  2.20247e+01  2.85664e+01
1.582870997e+01  1.9517628e+01         -inf  6.89329e+05  1.95176e+01  2.70762e+01
1.589202481e+01  1.7828095e+01         -inf  6.89329e+05  1.78281e+01  2.60581e+01
1.595559291e+01  1.4143616e+01         -inf  6.89329e+05  1.41436e+01  2.39510e+01
1.601941528e+01  1.3687586e+01         -inf  6.89329e+05  1.36876e+01  2.38945e+01
1.608349294e+01  8.6065209e+00         -inf  6.89329e+05  8.60652e+00  2.12111e+01
1.614782691e+01  1.1212145e+01         -inf  6.89329e+05  1.12121e+01  2.27101e+01
1.621241822e+01  1.9095167e+01         -inf  6.89329e+05  1.90952e+01  2.74650e+01
1.627726789e+01  7.8557552e+00         -inf  6.89329e+05  7.85576e+00  2.09271e+01
1.634237696e+01  5.5668033e+00         -inf  6.89329e+05  5.56680e+00  1.98178e+01
1.640774647e+01  7.6459584e+00         -inf  6.89329e+05  7.64596e+00  2.10440e+01
1.647337746e+01  6.7099886e+00         -inf  6.89329e+05  6.70999e+00  2.07623e+01
1.653927097e+01  5.3834536e+00         -inf  6.89329e+05  5.38345e+00  1.99565e+01
1.660542805e+01  4.3586306e+00         -inf  6.89329e+05  4.35863e+00  1.94799e+01
1.667184976e+01  2.8067328e+00         -inf  6.89329e+05  2.80673e+00  1.88124e+01
1.673853716e+01  7.2382232e+00         -inf  6.89329e+05  7.23822e+00  2.12854e+01
1.680549131e+01  1.2966696e+00         -inf  6.89329e+05  1.29667e+00  1.83313e+01
1.687271328e+01  4.0177742e-02         -inf  6.89329e+05  4.01777e-02  1.77402e+01
1.694020413e+01 -4.8325805e-01         -inf  6.89329e+05 -4.83258e-01  1.78844e+01
1.700796495e+01 -1.5547988e+00         -inf  6.89329e+05 -1.55480e+00  1.72187e+01
1.707599681e+01 -4.5778017e+00         -inf  6.89329e+05 -4.57780e+00  1.62617e+01
1.714430079e+01 -5.0440957e+00         -inf  6.89329e+05 -5.04410e+00  1.61626e+01
1.721287800e+01 -6.2288355e+00         -inf  6.89329e+05 -6.22884e+00  1.58287e+01
1.728172951e+01 -7.3552575e+00         -inf  6.89329e+05 -7.35526e+00  1.57237e+01
1.735085643e+01 -7.7992160e+00         -inf  6.89329e+05 -7.79922e+00  1.56237e+01
1.742025985e+01 -9.6678384e+00         -inf  6.89329e+05 -9.66784e+00  1.52951e+01
1.748994089e+01 -9.6029773e+00         -inf  6.89329e+05 -9.60298e+00  1.52858e+01
1.755990065e+01 -1.0553863e+01         -inf  6.89329e+05 -1.05539e+01  1.51791e+01
1.763014026e+01 -1.1313095e+01         -inf  6.89329e+05 -1.13131e+01  1.49592e+01
1.770066082e+01 -1.1719786e+01         -inf  6.89329e+05 -1.17198e+01  1.49199e+01
1.777146346e+01 -1.2182464e+01         -inf  6.89329e+05 -1.21825e+01  1.48809e+01
1.784254932e+01 -1.2941527e+01         -inf  6.89329e+05 -1.29415e+01  1.47770e+01
1.791391951e+01 -1.3095789e+01         -inf  6.89329e+05 -1.30958e+01  1.47192e+01
1.798557519e+01 -1.3470937e+01         -inf  6.89329e+05 -1.34709e+01  1.46908e+01
1.805751749e+01 -1.3823972e+01         -inf  6.89329e+05 -1.38240e+01  1.46573e+01
1.812974756e+01 -1.3958200e+01         -inf  6.89329e+05 -1.39582e+01  1.46625e+01
1.820226655e+01 -1.4318066e+01         -inf  6.89329e+05 -1.43181e+01  1.46226e+01
1.827507562e+01 -1.3958387e+01         -inf  6.89329e+05 -1.39584e+01  1.46544e+01
1.834817592e+01 -1.1302633e+01         -inf  6.89329e+05 -1.13026e+01  1.52136e+01
1.842156862e+01 -1.4841386e+01         -inf  6.89329e+05 -1.48414e+01  1.46060e+01
1.849525490e+01 -1.5109116e+01         -inf  6.89329e+05 -1.51091e+01  1.46055e+01
1.856923592e+01 -1.5109440e+01         -inf  6.89329e+05 -1.51094e+01  1.46292e+01
1.864351286e+01 -1.5247110e+01         -inf  6.89329e+05 -1.52471e+01  1.46318e+01
1.871808691e+01 -1.5398526e+01         -inf  6.89329e+05 -1.53985e+01  1.46368e+01
1.879295926e+01 -1.5560415e+01         -inf  6.89329e+05 -1.55604e+01  1.46277e+01
1.886813110e+01 -1.5855033e+01         -inf  6.89329e+05 -1.58550e+01  1.46105e+01
1.894360362e+01 -1.5874813e+01         -inf  6.89329e+05 -1.58748e+01  1.46281e+01
1.901937804e+01 -1.6143910e+01         -inf  6.89329e+05 -1.61439e+01  1.46150e+01
1.909545555e+01 -1.6374633e+01         -inf  6.89329e+05 -1.63746e+01  1.46043e+01
1.917183737e+01 -1.6511667e+01         -inf  6.89329e+05 -1.65117e+01  1.46094e+01
1.924852472e+01 -1.6770534e+01         -inf  6.89329e+05 -1.67705e+01  1.45999e+01
1.932551882e+01 -1.6911891e+01         -inf  6.89329e+05 -1.69119e+01  1.46016e+01
1.940282089e+01 -1.7114964e+01         -inf  6.89329e+05 -1.71150e+01  1.45988e+01
1.948043218e+01 -1.7305461e+01         -inf  6.89329e+05 -1.73055e+01  1.45975e+01
1.955835391e+01 -1.7466915e+01         -inf  6.89329e+05 -1.74669e+01  1.45978e+01
1.963658732e+01 -1.7615958e+01         -inf  6.89329e+05 -1.76160e+01  1.45983e+01
1.971513367e+01 -1.7811081e+01         -inf  6.89329e+05 -1.78111e+01  1.45975e+01
1.979399421e+01 -1.7997879e+01         -inf  6.89329e+05 -1.79979e+01  1.45968e+01
1.987317018e+01 -1.8169588e+01         -inf  6.89329e+05 -1.81696e+01  1.45968e+01
1.995266286e+01 -1.8340669e+01         -inf  6.89329e+05 -1.83407e+01  1.45968e+01
