# WARNING | GENERATOR | Too many electrons per pixel (up to 9.04e+13) detected in the 1.54-19.95 um spectral range. Reduce exposure time per frame to less than 0.000 seconds.
# ------------------------------------------------------------------------
# Radiance spectrum
# NASA-GSFC Planetary Spectrum Generator (PSG) (Villanueva et al. 2018, 2022)
# Synthesized on Tue Oct  6 07:35:36 2026
# Doppler velocities [km/s] (vobs,vrot+vorb,vwidth,vrfl,vstr): 29.00000,-0.00000,0.00000,0.00000,-0.00000
# ------------------------------------------------------------------------
# Spectra synthesized with the Planetary and Universal Model of Atmospheric Scattering (PUMAS, Villanueva et al. 2018, 2022)
# Single scattering radiative transfer method
# Radiative transfer took 19.189 seconds
# ------------------------------------------------------------------------
# Spectral unit: Wavelength [um]
# Radiance unit: Contrast [transit atmospheric thickness, km]
# Wave/freq Total Noise Stellar Earth Transit
2.000000000e-01  6.5568359e+01         -inf  6.89329e+05  6.55684e+01  6.55684e+01
2.008000000e-01  6.5119053e+01         -inf  6.89329e+05  6.51191e+01  6.51191e+01
2.016032000e-01  6.4856222e+01         -inf  6.89329e+05  6.48562e+01  6.48562e+01
2.024096128e-01  6.4827269e+01         -inf  6.89329e+05  6.48273e+01  6.48273e+01
2.032192513e-01  6.4756201e+01         -inf  6.89329e+05  6.47562e+01  6.47562e+01
2.040321283e-01  6.4569315e+01         -inf  6.89329e+05  6.45693e+01  6.45693e+01
2.048482568e-01  6.4424540e+01         -inf  6.89329e+05  6.44245e+01  6.44245e+01
2.056676498e-01  6.4330905e+01         -inf  6.89329e+05  6.43309e+01  6.43309e+01
2.064903204e-01  6.4269985e+01         -inf  6.89329e+05  6.42700e+01  6.42700e+01
2.073162817e-01  6.4201919e+01         -inf  6.89329e+05  6.42019e+01  6.42019e+01
2.081455468e-01  6.4141374e+01         -inf  6.89329e+05  6.41414e+01  6.41414e+01
2.089781290e-01  6.4046982e+01         -inf  6.89329e+05  6.40470e+01  6.40470e+01
2.098140415e-01  6.3974401e+01         -inf  6.89329e+05  6.39744e+01  6.39744e+01
2.106532977e-01  6.3683694e+01         -inf  6.89329e+05  6.36837e+01  6.36837e+01
2.114959109e-01  6.3298947e+01         -inf  6.89329e+05  6.32989e+01  6.32989e+01
2.123418945e-01  6.2974733e+01         -inf  6.89329e+05  6.29747e+01  6.29747e+01
2.131912621e-01  6.2685485e+01         -inf  6.89329e+05  6.26855e+01  6.26855e+01
2.140440271e-01  6.2257795e+01         -inf  6.89329e+05  6.22578e+01  6.22578e+01
2.149002032e-01  6.2418793e+01         -inf  6.89329e+05  6.24188e+01  6.24188e+01
2.157598041e-01  6.2579788e+01         -inf  6.89329e+05  6.25798e+01  6.25798e+01
2.166228433e-01  6.2730622e+01         -inf  6.89329e+05  6.27306e+01  6.27306e+01
2.174893346e-01  6.2898755e+01         -inf  6.89329e+05  6.28988e+01  6.28988e+01
2.183592920e-01  6.3065003e+01         -inf  6.89329e+05  6.30650e+01  6.30650e+01
2.192327292e-01  6.3262464e+01         -inf  6.89329e+05  6.32625e+01  6.32625e+01
2.201096601e-01  6.3487374e+01         -inf  6.89329e+05  6.34874e+01  6.34874e+01
2.209900987e-01  6.3693472e+01         -inf  6.89329e+05  6.36935e+01  6.36935e+01
2.218740591e-01  6.3936418e+01         -inf  6.89329e+05  6.39364e+01  6.39364e+01
2.227615553e-01  6.4172963e+01         -inf  6.89329e+05  6.41730e+01  6.41730e+01
2.236526016e-01  6.4395961e+01         -inf  6.89329e+05  6.43960e+01  6.43960e+01
2.245472120e-01  6.4643393e+01         -inf  6.89329e+05  6.46434e+01  6.46434e+01
2.254454008e-01  6.4854718e+01         -inf  6.89329e+05  6.48547e+01  6.48547e+01
2.263471824e-01  6.5103261e+01         -inf  6.89329e+05  6.51033e+01  6.51033e+01
2.272525711e-01  6.5330738e+01         -inf  6.89329e+05  6.53307e+01  6.53307e+01
2.281615814e-01  6.5577758e+01         -inf  6.89329e+05  6.55778e+01  6.55778e+01
2.290742278e-01  6.5849959e+01         -inf  6.89329e+05  6.58500e+01  6.58500e+01
2.299905247e-01  6.6070643e+01         -inf  6.89329e+05  6.60706e+01  6.60706e+01
2.309104868e-01  6.6343950e+01         -inf  6.89329e+05  6.63439e+01  6.63439e+01
2.318341287e-01  6.6572512e+01         -inf  6.89329e+05  6.65725e+01  6.65725e+01
2.327614652e-01  6.6843166e+01         -inf  6.89329e+05  6.68432e+01  6.68432e+01
2.336925111e-01  6.7059306e+01         -inf  6.89329e+05  6.70593e+01  6.70593e+01
2.346272811e-01  6.7312273e+01         -inf  6.89329e+05  6.73123e+01  6.73123e+01
2.355657903e-01  6.7523135e+01         -inf  6.89329e+05  6.75231e+01  6.75231e+01
2.365080534e-01  6.7737748e+01         -inf  6.89329e+05  6.77377e+01  6.77377e+01
2.374540856e-01  6.7963630e+01         -inf  6.89329e+05  6.79636e+01  6.79636e+01
2.384039020e-01  6.8156431e+01         -inf  6.89329e+05  6.81564e+01  6.81564e+01
2.393575176e-01  6.8341333e+01         -inf  6.89329e+05  6.83413e+01  6.83413e+01
2.403149477e-01  6.8544270e+01         -inf  6.89329e+05  6.85443e+01  6.85443e+01
2.412762074e-01  6.8696843e+01         -inf  6.89329e+05  6.86968e+01  6.86968e+01
2.422413123e-01  6.8870833e+01         -inf  6.89329e+05  6.88708e+01  6.88708e+01
2.432102775e-01  6.9143270e+01         -inf  6.89329e+05  6.91433e+01  6.91433e+01
2.441831186e-01  6.9263138e+01         -inf  6.89329e+05  6.92631e+01  6.92631e+01
2.451598511e-01  6.9413816e+01         -inf  6.89329e+05  6.94138e+01  6.94138e+01
2.461404905e-01  6.9503244e+01         -inf  6.89329e+05  6.95032e+01  6.95032e+01
2.471250525e-01  6.9676837e+01         -inf  6.89329e+05  6.96768e+01  6.96768e+01
2.481135527e-01  6.9620852e+01         -inf  6.89329e+05  6.96209e+01  6.96209e+01
2.491060069e-01  6.9915049e+01         -inf  6.89329e+05  6.99150e+01  6.99150e+01
2.501024309e-01  6.9850800e+01         -inf  6.89329e+05  6.98508e+01  6.98508e+01
2.511028406e-01  6.9788429e+01         -inf  6.89329e+05  6.97884e+01  6.97884e+01
2.521072520e-01  7.0071347e+01         -inf  6.89329e+05  7.00713e+01  7.00713e+01
2.531156810e-01  6.9933083e+01         -inf  6.89329e+05  6.99331e+01  6.99331e+01
2.541281437e-01  6.9919933e+01         -inf  6.89329e+05  6.99199e+01  6.99199e+01
2.551446563e-01  6.9989817e+01         -inf  6.89329e+05  6.99898e+01  6.99898e+01
2.561652349e-01  6.9975164e+01         -inf  6.89329e+05  6.99752e+01  6.99752e+01
2.571898959e-01  6.9823372e+01         -inf  6.89329e+05  6.98234e+01  6.98234e+01
2.582186555e-01  6.9837650e+01         -inf  6.89329e+05  6.98376e+01  6.98376e+01
2.592515301e-01  6.9782793e+01         -inf  6.89329e+05  6.97828e+01  6.97828e+01
2.602885362e-01  6.9683976e+01         -inf  6.89329e+05  6.96840e+01  6.96840e+01
2.613296904e-01  6.9545704e+01         -inf  6.89329e+05  6.95457e+01  6.95457e+01
2.623750091e-01  6.9440119e+01         -inf  6.89329e+05  6.94401e+01  6.94401e+01
2.634245092e-01  6.9214289e+01         -inf  6.89329e+05  6.92143e+01  6.92143e+01
2.644782072e-01  6.9210908e+01         -inf  6.89329e+05  6.92109e+01  6.92109e+01
2.655361200e-01  6.8940353e+01         -inf  6.89329e+05  6.89404e+01  6.89404e+01
2.665982645e-01  6.8726907e+01         -inf  6.89329e+05  6.87269e+01  6.87269e+01
2.676646576e-01  6.8545397e+01         -inf  6.89329e+05  6.85454e+01  6.85454e+01
2.687353162e-01  6.8217314e+01         -inf  6.89329e+05  6.82173e+01  6.82173e+01
2.698102574e-01  6.8096674e+01         -inf  6.89329e+05  6.80967e+01  6.80967e+01
2.708894985e-01  6.7693774e+01         -inf  6.89329e+05  6.76938e+01  6.76938e+01
2.719730565e-01  6.7474649e+01         -inf  6.89329e+05  6.74746e+01  6.74746e+01
2.730609487e-01  6.7162298e+01         -inf  6.89329e+05  6.71623e+01  6.71623e+01
2.741531925e-01  6.6699194e+01         -inf  6.89329e+05  6.66992e+01  6.66992e+01
2.752498053e-01  6.6437556e+01         -inf  6.89329e+05  6.64376e+01  6.64376e+01
2.763508045e-01  6.6040567e+01         -inf  6.89329e+05  6.60406e+01  6.60406e+01
2.774562077e-01  6.5642426e+01         -inf  6.89329e+05  6.56424e+01  6.56424e+01
2.785660325e-01  6.5210420e+01         -inf  6.89329e+05  6.52104e+01  6.52104e+01
2.796802967e-01  6.4800947e+01         -inf  6.89329e+05  6.48009e+01  6.48009e+01
2.807990178e-01  6.4265848e+01         -inf  6.89329e+05  6.42658e+01  6.42658e+01
2.819222139e-01  6.3743491e+01         -inf  6.89329e+05  6.37435e+01  6.37435e+01
2.830499028e-01  6.3333548e+01         -inf  6.89329e+05  6.33335e+01  6.33335e+01
2.841821024e-01  6.2738521e+01         -inf  6.89329e+05  6.27385e+01  6.27385e+01
2.853188308e-01  6.2169018e+01         -inf  6.89329e+05  6.21690e+01  6.21690e+01
2.864601061e-01  6.1647244e+01         -inf  6.89329e+05  6.16472e+01  6.16472e+01
2.876059465e-01  6.1006911e+01         -inf  6.89329e+05  6.10069e+01  6.10069e+01
2.887563703e-01  6.0323995e+01         -inf  6.89329e+05  6.03240e+01  6.03240e+01
2.899113958e-01  5.9690305e+01         -inf  6.89329e+05  5.96903e+01  5.96903e+01
2.910710414e-01  5.9054670e+01         -inf  6.89329e+05  5.90547e+01  5.90547e+01
2.922353256e-01  5.8292504e+01         -inf  6.89329e+05  5.82925e+01  5.82925e+01
2.934042669e-01  5.7594618e+01         -inf  6.89329e+05  5.75946e+01  5.75946e+01
2.945778839e-01  5.6930164e+01         -inf  6.89329e+05  5.69302e+01  5.69302e+01
2.957561955e-01  5.6148166e+01         -inf  6.89329e+05  5.61482e+01  5.61482e+01
2.969392202e-01  5.5436114e+01         -inf  6.89329e+05  5.54361e+01  5.54361e+01
2.981269771e-01  5.4657700e+01         -inf  6.89329e+05  5.46577e+01  5.46577e+01
2.993194850e-01  5.3954900e+01         -inf  6.89329e+05  5.39549e+01  5.39549e+01
3.005167630e-01  5.3227538e+01         -inf  6.89329e+05  5.32275e+01  5.32275e+01
3.017188300e-01  5.2442829e+01         -inf  6.89329e+05  5.24428e+01  5.24428e+01
3.029257054e-01  5.1712281e+01         -inf  6.89329e+05  5.17123e+01  5.17123e+01
3.041374082e-01  5.1061914e+01         -inf  6.89329e+05  5.10619e+01  5.10619e+01
3.053539578e-01  5.0206842e+01         -inf  6.89329e+05  5.02068e+01  5.02068e+01
3.065753736e-01  4.9624920e+01         -inf  6.89329e+05  4.96249e+01  4.96249e+01
3.078016751e-01  4.8732714e+01         -inf  6.89329e+05  4.87327e+01  4.87327e+01
3.090328818e-01  4.8154806e+01         -inf  6.89329e+05  4.81548e+01  4.81548e+01
3.102690134e-01  4.7236756e+01         -inf  6.89329e+05  4.72368e+01  4.72368e+01
3.115100894e-01  4.6677945e+01         -inf  6.89329e+05  4.66779e+01  4.66779e+01
3.127561298e-01  4.5697456e+01         -inf  6.89329e+05  4.56975e+01  4.56975e+01
3.140071543e-01  4.5188674e+01         -inf  6.89329e+05  4.51887e+01  4.51887e+01
3.152631829e-01  4.4260770e+01         -inf  6.89329e+05  4.42608e+01  4.42608e+01
3.165242356e-01  4.3351595e+01         -inf  6.89329e+05  4.33516e+01  4.33516e+01
3.177903326e-01  4.2947517e+01         -inf  6.89329e+05  4.29475e+01  4.29475e+01
3.190614939e-01  4.1520027e+01         -inf  6.89329e+05  4.15200e+01  4.15200e+01
3.203377399e-01  4.1392469e+01         -inf  6.89329e+05  4.13925e+01  4.13925e+01
3.216190908e-01  3.9781931e+01         -inf  6.89329e+05  3.97819e+01  3.97819e+01
3.229055672e-01  3.9975956e+01         -inf  6.89329e+05  3.99760e+01  3.99760e+01
3.241971895e-01  3.7631663e+01         -inf  6.89329e+05  3.76317e+01  3.76317e+01
3.254939782e-01  3.8605571e+01         -inf  6.89329e+05  3.86056e+01  3.86056e+01
3.267959541e-01  3.6055306e+01         -inf  6.89329e+05  3.60553e+01  3.60553e+01
3.281031380e-01  3.7116992e+01         -inf  6.89329e+05  3.71170e+01  3.71170e+01
3.294155505e-01  3.4350524e+01         -inf  6.89329e+05  3.43505e+01  3.43505e+01
3.307332127e-01  3.5488796e+01         -inf  6.89329e+05  3.54888e+01  3.54888e+01
3.320561456e-01  3.3955665e+01         -inf  6.89329e+05  3.39557e+01  3.39557e+01
3.333843702e-01  3.3718231e+01         -inf  6.89329e+05  3.37182e+01  3.37182e+01
3.347179076e-01  3.3078356e+01         -inf  6.89329e+05  3.30784e+01  3.30784e+01
3.360567793e-01  3.2049147e+01         -inf  6.89329e+05  3.20491e+01  3.20491e+01
3.374010064e-01  3.2931282e+01         -inf  6.89329e+05  3.29313e+01  3.29313e+01
3.387506104e-01  3.1501180e+01         -inf  6.89329e+05  3.15012e+01  3.15012e+01
3.401056128e-01  3.1706872e+01         -inf  6.89329e+05  3.17069e+01  3.17069e+01
3.414660353e-01  3.0972710e+01         -inf  6.89329e+05  3.09727e+01  3.09727e+01
3.428318994e-01  3.0714677e+01         -inf  6.89329e+05  3.07147e+01  3.07147e+01
3.442032270e-01  3.1088190e+01         -inf  6.89329e+05  3.10882e+01  3.10882e+01
3.455800399e-01  3.0461964e+01         -inf  6.89329e+05  3.04620e+01  3.04620e+01
3.469623601e-01  3.0273699e+01         -inf  6.89329e+05  3.02737e+01  3.02737e+01
3.483502095e-01  3.0057035e+01         -inf  6.89329e+05  3.00570e+01  3.00570e+01
3.497436104e-01  2.9888682e+01         -inf  6.89329e+05  2.98887e+01  2.98887e+01
3.511425848e-01  2.9878550e+01         -inf  6.89329e+05  2.98786e+01  2.98786e+01
3.525471552e-01  2.9734465e+01         -inf  6.89329e+05  2.97345e+01  2.97345e+01
3.539573438e-01  2.9509390e+01         -inf  6.89329e+05  2.95094e+01  2.95094e+01
3.553731732e-01  2.9397398e+01         -inf  6.89329e+05  2.93974e+01  2.93974e+01
3.567946659e-01  2.9282946e+01         -inf  6.89329e+05  2.92829e+01  2.92829e+01
3.582218445e-01  2.9165315e+01         -inf  6.89329e+05  2.91653e+01  2.91653e+01
3.596547319e-01  2.9084512e+01         -inf  6.89329e+05  2.90845e+01  2.90845e+01
3.610933508e-01  2.8957765e+01         -inf  6.89329e+05  2.89578e+01  2.89578e+01
3.625377242e-01  2.8830487e+01         -inf  6.89329e+05  2.88305e+01  2.88305e+01
3.639878751e-01  2.8722340e+01         -inf  6.89329e+05  2.87223e+01  2.87223e+01
3.654438266e-01  2.8624816e+01         -inf  6.89329e+05  2.86248e+01  2.86248e+01
3.669056019e-01  2.8511825e+01         -inf  6.89329e+05  2.85118e+01  2.85118e+01
3.683732243e-01  2.8409534e+01         -inf  6.89329e+05  2.84095e+01  2.84095e+01
3.698467172e-01  2.8304141e+01         -inf  6.89329e+05  2.83041e+01  2.83041e+01
3.713261041e-01  2.8198556e+01         -inf  6.89329e+05  2.81986e+01  2.81986e+01
3.728114085e-01  2.8094256e+01         -inf  6.89329e+05  2.80943e+01  2.80943e+01
3.743026542e-01  2.7993811e+01         -inf  6.89329e+05  2.79938e+01  2.79938e+01
3.757998648e-01  2.7889469e+01         -inf  6.89329e+05  2.78895e+01  2.78895e+01
3.773030642e-01  2.7787471e+01         -inf  6.89329e+05  2.77875e+01  2.77875e+01
3.788122765e-01  2.7687362e+01         -inf  6.89329e+05  2.76874e+01  2.76874e+01
3.803275256e-01  2.7588348e+01         -inf  6.89329e+05  2.75883e+01  2.75883e+01
3.818488357e-01  2.7485286e+01         -inf  6.89329e+05  2.74853e+01  2.74853e+01
3.833762310e-01  2.7381654e+01         -inf  6.89329e+05  2.73817e+01  2.73817e+01
3.849097360e-01  2.7278626e+01         -inf  6.89329e+05  2.72786e+01  2.72786e+01
3.864493749e-01  2.7177526e+01         -inf  6.89329e+05  2.71775e+01  2.71775e+01
3.879951724e-01  2.7077748e+01         -inf  6.89329e+05  2.70777e+01  2.70777e+01
3.895471531e-01  2.6978384e+01         -inf  6.89329e+05  2.69784e+01  2.69784e+01
3.911053417e-01  2.6877506e+01         -inf  6.89329e+05  2.68775e+01  2.68775e+01
3.926697631e-01  2.6778328e+01         -inf  6.89329e+05  2.67783e+01  2.67783e+01
3.942404421e-01  2.6680813e+01         -inf  6.89329e+05  2.66808e+01  2.66808e+01
3.958174039e-01  2.6583221e+01         -inf  6.89329e+05  2.65832e+01  2.65832e+01
3.974006735e-01  2.6482147e+01         -inf  6.89329e+05  2.64821e+01  2.64821e+01
3.989902762e-01  2.6382661e+01         -inf  6.89329e+05  2.63827e+01  2.63827e+01
4.005862373e-01  2.6286540e+01         -inf  6.89329e+05  2.62865e+01  2.62865e+01
4.021885823e-01  2.6191665e+01         -inf  6.89329e+05  2.61917e+01  2.61917e+01
4.037973366e-01  2.6093347e+01         -inf  6.89329e+05  2.60933e+01  2.60933e+01
4.054125259e-01  2.5994573e+01         -inf  6.89329e+05  2.59946e+01  2.59946e+01
4.070341760e-01  2.5902380e+01         -inf  6.89329e+05  2.59024e+01  2.59024e+01
4.086623127e-01  2.5814461e+01         -inf  6.89329e+05  2.58145e+01  2.58145e+01
4.102969620e-01  2.5721245e+01         -inf  6.89329e+05  2.57212e+01  2.57212e+01
4.119381498e-01  2.5621141e+01         -inf  6.89329e+05  2.56211e+01  2.56211e+01
4.135859024e-01  2.5521149e+01         -inf  6.89329e+05  2.55211e+01  2.55211e+01
4.152402460e-01  2.5431257e+01         -inf  6.89329e+05  2.54313e+01  2.54313e+01
4.169012070e-01  2.5346321e+01         -inf  6.89329e+05  2.53463e+01  2.53463e+01
4.185688119e-01  2.5252416e+01         -inf  6.89329e+05  2.52524e+01  2.52524e+01
4.202430871e-01  2.5155597e+01         -inf  6.89329e+05  2.51556e+01  2.51556e+01
4.219240595e-01  2.5073872e+01         -inf  6.89329e+05  2.50739e+01  2.50739e+01
4.236117557e-01  2.5005768e+01         -inf  6.89329e+05  2.50058e+01  2.50058e+01
4.253062027e-01  2.4933501e+01         -inf  6.89329e+05  2.49335e+01  2.49335e+01
4.270074275e-01  2.4837017e+01         -inf  6.89329e+05  2.48370e+01  2.48370e+01
4.287154572e-01  2.4728576e+01         -inf  6.89329e+05  2.47286e+01  2.47286e+01
4.304303191e-01  2.4637424e+01         -inf  6.89329e+05  2.46374e+01  2.46374e+01
4.321520403e-01  2.4572039e+01         -inf  6.89329e+05  2.45720e+01  2.45720e+01
4.338806485e-01  2.4494508e+01         -inf  6.89329e+05  2.44945e+01  2.44945e+01
4.356161711e-01  2.4396352e+01         -inf  6.89329e+05  2.43964e+01  2.43964e+01
4.373586358e-01  2.4316927e+01         -inf  6.89329e+05  2.43169e+01  2.43169e+01
4.391080703e-01  2.4280335e+01         -inf  6.89329e+05  2.42803e+01  2.42803e+01
4.408645026e-01  2.4261377e+01         -inf  6.89329e+05  2.42614e+01  2.42614e+01
4.426279606e-01  2.4219450e+01         -inf  6.89329e+05  2.42194e+01  2.42194e+01
4.443984725e-01  2.4116409e+01         -inf  6.89329e+05  2.41164e+01  2.41164e+01
4.461760664e-01  2.3986499e+01         -inf  6.89329e+05  2.39865e+01  2.39865e+01
4.479607706e-01  2.3901051e+01         -inf  6.89329e+05  2.39011e+01  2.39011e+01
4.497526137e-01  2.3872101e+01         -inf  6.89329e+05  2.38721e+01  2.38721e+01
4.515516242e-01  2.3814239e+01         -inf  6.89329e+05  2.38142e+01  2.38142e+01
4.533578307e-01  2.3714484e+01         -inf  6.89329e+05  2.37145e+01  2.37145e+01
4.551712620e-01  2.3653442e+01         -inf  6.89329e+05  2.36534e+01  2.36534e+01
4.569919470e-01  2.3675051e+01         -inf  6.89329e+05  2.36751e+01  2.36751e+01
4.588199148e-01  2.3739650e+01         -inf  6.89329e+05  2.37397e+01  2.37397e+01
4.606551945e-01  2.3791496e+01         -inf  6.89329e+05  2.37915e+01  2.37915e+01
4.624978152e-01  2.3736320e+01         -inf  6.89329e+05  2.37363e+01  2.37363e+01
4.643478065e-01  2.3568179e+01         -inf  6.89329e+05  2.35682e+01  2.35682e+01
4.662051977e-01  2.3423309e+01         -inf  6.89329e+05  2.34233e+01  2.34233e+01
4.680700185e-01  2.3403781e+01         -inf  6.89329e+05  2.34038e+01  2.34038e+01
4.699422986e-01  2.3419714e+01         -inf  6.89329e+05  2.34197e+01  2.34197e+01
4.718220678e-01  2.3360750e+01         -inf  6.89329e+05  2.33608e+01  2.33608e+01
4.737093561e-01  2.3302619e+01         -inf  6.89329e+05  2.33026e+01  2.33026e+01
4.756041935e-01  2.3355830e+01         -inf  6.89329e+05  2.33558e+01  2.33558e+01
4.775066103e-01  2.3522955e+01         -inf  6.89329e+05  2.35230e+01  2.35230e+01
4.794166367e-01  2.3711684e+01         -inf  6.89329e+05  2.37117e+01  2.37117e+01
4.813343033e-01  2.3863095e+01         -inf  6.89329e+05  2.38631e+01  2.38631e+01
4.832596405e-01  2.3833199e+01         -inf  6.89329e+05  2.38332e+01  2.38332e+01
4.851926790e-01  2.3636677e+01         -inf  6.89329e+05  2.36367e+01  2.36367e+01
4.871334497e-01  2.3461003e+01         -inf  6.89329e+05  2.34610e+01  2.34610e+01
4.890819835e-01  2.3446394e+01         -inf  6.89329e+05  2.34464e+01  2.34464e+01
4.910383115e-01  2.3507893e+01         -inf  6.89329e+05  2.35079e+01  2.35079e+01
4.930024647e-01  2.3499983e+01         -inf  6.89329e+05  2.35000e+01  2.35000e+01
4.949744746e-01  2.3472016e+01         -inf  6.89329e+05  2.34720e+01  2.34720e+01
4.969543725e-01  2.3556447e+01         -inf  6.89329e+05  2.35564e+01  2.35564e+01
4.989421900e-01  2.3799027e+01         -inf  6.89329e+05  2.37990e+01  2.37990e+01
5.009379587e-01  2.4139114e+01         -inf  6.89329e+05  2.41391e+01  2.41391e+01
5.029417106e-01  2.4485426e+01         -inf  6.89329e+05  2.44854e+01  2.44854e+01
5.049534774e-01  2.4690813e+01         -inf  6.89329e+05  2.46908e+01  2.46908e+01
5.069732913e-01  2.4659370e+01         -inf  6.89329e+05  2.46594e+01  2.46594e+01
5.090011845e-01  2.4478388e+01         -inf  6.89329e+05  2.44784e+01  2.44784e+01
5.110371892e-01  2.4344777e+01         -inf  6.89329e+05  2.43448e+01  2.43448e+01
5.130813380e-01  2.4364416e+01         -inf  6.89329e+05  2.43644e+01  2.43644e+01
5.151336633e-01  2.4467793e+01         -inf  6.89329e+05  2.44678e+01  2.44678e+01
5.171941980e-01  2.4552477e+01         -inf  6.89329e+05  2.45525e+01  2.45525e+01
5.192629748e-01  2.4629440e+01         -inf  6.89329e+05  2.46294e+01  2.46294e+01
5.213400267e-01  2.4766073e+01         -inf  6.89329e+05  2.47661e+01  2.47661e+01
5.234253868e-01  2.5009552e+01         -inf  6.89329e+05  2.50096e+01  2.50096e+01
5.255190883e-01  2.5338489e+01         -inf  6.89329e+05  2.53385e+01  2.53385e+01
5.276211647e-01  2.5696540e+01         -inf  6.89329e+05  2.56965e+01  2.56965e+01
5.297316493e-01  2.6020071e+01         -inf  6.89329e+05  2.60201e+01  2.60201e+01
5.318505759e-01  2.6242318e+01         -inf  6.89329e+05  2.62423e+01  2.62423e+01
5.339779782e-01  2.6314722e+01         -inf  6.89329e+05  2.63147e+01  2.63147e+01
5.361138902e-01  2.6264713e+01         -inf  6.89329e+05  2.62647e+01  2.62647e+01
5.382583457e-01  2.6235093e+01         -inf  6.89329e+05  2.62351e+01  2.62351e+01
5.404113791e-01  2.6331782e+01         -inf  6.89329e+05  2.63318e+01  2.63318e+01
5.425730246e-01  2.6514906e+01         -inf  6.89329e+05  2.65149e+01  2.65149e+01
5.447433167e-01  2.6685277e+01         -inf  6.89329e+05  2.66853e+01  2.66853e+01
5.469222900e-01  2.6796749e+01         -inf  6.89329e+05  2.67967e+01  2.67967e+01
5.491099791e-01  2.6871681e+01         -inf  6.89329e+05  2.68717e+01  2.68717e+01
5.513064191e-01  2.6946725e+01         -inf  6.89329e+05  2.69467e+01  2.69467e+01
5.535116447e-01  2.7048056e+01         -inf  6.89329e+05  2.70481e+01  2.70481e+01
5.557256913e-01  2.7199236e+01         -inf  6.89329e+05  2.71992e+01  2.71992e+01
5.579485941e-01  2.7433508e+01         -inf  6.89329e+05  2.74335e+01  2.74335e+01
5.601803884e-01  2.7739969e+01         -inf  6.89329e+05  2.77400e+01  2.77400e+01
5.624211100e-01  2.8048761e+01         -inf  6.89329e+05  2.80488e+01  2.80488e+01
5.646707944e-01  2.8293136e+01         -inf  6.89329e+05  2.82931e+01  2.82931e+01
5.669294776e-01  2.8476166e+01         -inf  6.89329e+05  2.84762e+01  2.84762e+01
5.691971955e-01  2.8642778e+01         -inf  6.89329e+05  2.86428e+01  2.86428e+01
5.714739843e-01  2.8803185e+01         -inf  6.89329e+05  2.88032e+01  2.88032e+01
5.737598803e-01  2.8891366e+01         -inf  6.89329e+05  2.88914e+01  2.88914e+01
5.760549198e-01  2.8847541e+01         -inf  6.89329e+05  2.88475e+01  2.88475e+01
5.783591395e-01  2.8707516e+01         -inf  6.89329e+05  2.87075e+01  2.87075e+01
5.806725760e-01  2.8508951e+01         -inf  6.89329e+05  2.85090e+01  2.85090e+01
5.829952663e-01  2.8321498e+01         -inf  6.89329e+05  2.83215e+01  2.83215e+01
5.853272474e-01  2.8195039e+01         -inf  6.89329e+05  2.81950e+01  2.81950e+01
5.876685564e-01  2.8134494e+01         -inf  6.89329e+05  2.81345e+01  2.81345e+01
5.900192306e-01  2.8152230e+01         -inf  6.89329e+05  2.81522e+01  2.81522e+01
5.923793075e-01  2.8283758e+01         -inf  6.89329e+05  2.82838e+01  2.82838e+01
5.947488247e-01  2.8537199e+01         -inf  6.89329e+05  2.85372e+01  2.85372e+01
5.971278200e-01  2.8830184e+01         -inf  6.89329e+05  2.88302e+01  2.88302e+01
5.995163313e-01  2.9066854e+01         -inf  6.89329e+05  2.90669e+01  2.90669e+01
6.019143966e-01  2.9165656e+01         -inf  6.89329e+05  2.91657e+01  2.91657e+01
6.043220542e-01  2.9098843e+01         -inf  6.89329e+05  2.90988e+01  2.90988e+01
6.067393425e-01  2.8888454e+01         -inf  6.89329e+05  2.88885e+01  2.88885e+01
6.091662998e-01  2.8579817e+01         -inf  6.89329e+05  2.85798e+01  2.85798e+01
6.116029650e-01  2.8235352e+01         -inf  6.89329e+05  2.82354e+01  2.82354e+01
6.140493769e-01  2.7898848e+01         -inf  6.89329e+05  2.78988e+01  2.78988e+01
6.165055744e-01  2.7591373e+01         -inf  6.89329e+05  2.75914e+01  2.75914e+01
6.189715967e-01  2.7321782e+01         -inf  6.89329e+05  2.73218e+01  2.73218e+01
6.214474831e-01  2.7090267e+01         -inf  6.89329e+05  2.70903e+01  2.70903e+01
6.239332730e-01  2.6875009e+01         -inf  6.89329e+05  2.68750e+01  2.68750e+01
6.264290061e-01  2.6651044e+01         -inf  6.89329e+05  2.66510e+01  2.66510e+01
6.289347221e-01  2.6724767e+01         -inf  6.89329e+05  2.67248e+01  2.67248e+01
6.314504610e-01  2.6232596e+01         -inf  6.89329e+05  2.62326e+01  2.62326e+01
6.339762629e-01  2.5855470e+01         -inf  6.89329e+05  2.58555e+01  2.58555e+01
6.365121679e-01  2.5524365e+01         -inf  6.89329e+05  2.55244e+01  2.55244e+01
6.390582166e-01  2.5185146e+01         -inf  6.89329e+05  2.51851e+01  2.51851e+01
6.416144494e-01  2.4842087e+01         -inf  6.89329e+05  2.48421e+01  2.48421e+01
6.441809072e-01  2.4538174e+01         -inf  6.89329e+05  2.45382e+01  2.45382e+01
6.467576309e-01  2.4253809e+01         -inf  6.89329e+05  2.42538e+01  2.42538e+01
6.493446614e-01  2.3981882e+01         -inf  6.89329e+05  2.39819e+01  2.39819e+01
6.519420400e-01  2.3727919e+01         -inf  6.89329e+05  2.37279e+01  2.37279e+01
6.545498082e-01  2.3459867e+01         -inf  6.89329e+05  2.34599e+01  2.34599e+01
6.571680074e-01  2.3186241e+01         -inf  6.89329e+05  2.31862e+01  2.31862e+01
6.597966795e-01  2.2920930e+01         -inf  6.89329e+05  2.29209e+01  2.29209e+01
6.624358662e-01  2.2664616e+01         -inf  6.89329e+05  2.26646e+01  2.26646e+01
6.650856096e-01  2.2386224e+01         -inf  6.89329e+05  2.23862e+01  2.23862e+01
6.677459521e-01  2.2080604e+01         -inf  6.89329e+05  2.20806e+01  2.20806e+01
6.704169359e-01  2.1775575e+01         -inf  6.89329e+05  2.17756e+01  2.17756e+01
6.730986036e-01  2.1483819e+01         -inf  6.89329e+05  2.14838e+01  2.14838e+01
6.757909981e-01  2.1213023e+01         -inf  6.89329e+05  2.12130e+01  2.12130e+01
6.784941620e-01  2.0955845e+01         -inf  6.89329e+05  2.09558e+01  2.09558e+01
6.812081387e-01  2.0739699e+01         -inf  6.89329e+05  2.07397e+01  2.07397e+01
6.839329712e-01  2.0567996e+01         -inf  6.89329e+05  2.05680e+01  2.05680e+01
6.866687031e-01  2.1586258e+01         -inf  6.89329e+05  2.15863e+01  2.15863e+01
6.894153779e-01  2.1512590e+01         -inf  6.89329e+05  2.15126e+01  2.15126e+01
6.921730395e-01  2.0427260e+01         -inf  6.89329e+05  2.04273e+01  2.04273e+01
6.949417316e-01  1.9658025e+01         -inf  6.89329e+05  1.96580e+01  1.96580e+01
6.977214985e-01  1.9361969e+01         -inf  6.89329e+05  1.93620e+01  1.93620e+01
7.005123845e-01  1.9146337e+01         -inf  6.89329e+05  1.91463e+01  1.91463e+01
7.033144341e-01  1.8974402e+01         -inf  6.89329e+05  1.89744e+01  1.89744e+01
7.061276918e-01  1.8836699e+01         -inf  6.89329e+05  1.88367e+01  1.88367e+01
7.089522026e-01  1.8716945e+01         -inf  6.89329e+05  1.87169e+01  1.87169e+01
7.117880114e-01  1.8617943e+01         -inf  6.89329e+05  1.86179e+01  1.86179e+01
7.146351634e-01  1.8560526e+01         -inf  6.89329e+05  1.85605e+01  1.85605e+01
7.174937041e-01  1.8456409e+01         -inf  6.89329e+05  1.84564e+01  1.84564e+01
7.203636789e-01  1.8244800e+01         -inf  6.89329e+05  1.82448e+01  1.82448e+01
7.232451336e-01  1.8045606e+01         -inf  6.89329e+05  1.80456e+01  1.80456e+01
7.261381142e-01  1.7902353e+01         -inf  6.89329e+05  1.79024e+01  1.79024e+01
7.290426666e-01  1.7748339e+01         -inf  6.89329e+05  1.77483e+01  1.77483e+01
7.319588373e-01  1.7620231e+01         -inf  6.89329e+05  1.76202e+01  1.76202e+01
7.348866726e-01  1.7546517e+01         -inf  6.89329e+05  1.75465e+01  1.75465e+01
7.378262193e-01  1.7499394e+01         -inf  6.89329e+05  1.74994e+01  1.74994e+01
7.407775242e-01  1.7472385e+01         -inf  6.89329e+05  1.74724e+01  1.74724e+01
7.437406343e-01  1.7493295e+01         -inf  6.89329e+05  1.74933e+01  1.74933e+01
7.467155968e-01  1.7528107e+01         -inf  6.89329e+05  1.75281e+01  1.75281e+01
7.497024592e-01  1.7448937e+01         -inf  6.89329e+05  1.74489e+01  1.74489e+01
7.527012690e-01  1.7225777e+01         -inf  6.89329e+05  1.72258e+01  1.72258e+01
7.557120741e-01  1.7020983e+01         -inf  6.89329e+05  1.70210e+01  1.70210e+01
7.587349224e-01  1.8712551e+01         -inf  6.89329e+05  1.87126e+01  1.87126e+01
7.617698621e-01  2.3395682e+01         -inf  6.89329e+05  2.33957e+01  2.33957e+01
7.648169416e-01  2.0593742e+01         -inf  6.89329e+05  2.05937e+01  2.05937e+01
7.678762093e-01  1.7620004e+01         -inf  6.89329e+05  1.76200e+01  1.76200e+01
7.709477142e-01  1.6794740e+01         -inf  6.89329e+05  1.67947e+01  1.67947e+01
7.740315050e-01  1.6750870e+01         -inf  6.89329e+05  1.67509e+01  1.67509e+01
7.771276310e-01  1.6841869e+01         -inf  6.89329e+05  1.68419e+01  1.68419e+01
7.802361416e-01  1.6852893e+01         -inf  6.89329e+05  1.68529e+01  1.68529e+01
7.833570861e-01  1.6702718e+01         -inf  6.89329e+05  1.67027e+01  1.67027e+01
7.864905145e-01  1.6514994e+01         -inf  6.89329e+05  1.65150e+01  1.65150e+01
7.896364765e-01  1.6381823e+01         -inf  6.89329e+05  1.63818e+01  1.63818e+01
7.927950224e-01  1.6273086e+01         -inf  6.89329e+05  1.62731e+01  1.62731e+01
7.959662025e-01  1.6183556e+01         -inf  6.89329e+05  1.61836e+01  1.61836e+01
7.991500673e-01  1.6126534e+01         -inf  6.89329e+05  1.61265e+01  1.61265e+01
8.023466676e-01  1.6086410e+01         -inf  6.89329e+05  1.60864e+01  1.60864e+01
8.055560543e-01  1.6077809e+01         -inf  6.89329e+05  1.60778e+01  1.60778e+01
8.087782785e-01  1.6132559e+01         -inf  6.89329e+05  1.61326e+01  1.61326e+01
8.120133916e-01  1.6220573e+01         -inf  6.89329e+05  1.62206e+01  1.62206e+01
8.152614452e-01  1.6291992e+01         -inf  6.89329e+05  1.62920e+01  1.62920e+01
8.185224910e-01  1.6267971e+01         -inf  6.89329e+05  1.62680e+01  1.62680e+01
8.217965809e-01  1.6121192e+01         -inf  6.89329e+05  1.61212e+01  1.61212e+01
8.250837672e-01  1.5930496e+01         -inf  6.89329e+05  1.59305e+01  1.59305e+01
8.283841023e-01  1.5786248e+01         -inf  6.89329e+05  1.57862e+01  1.57862e+01
8.316976387e-01  1.5694021e+01         -inf  6.89329e+05  1.56940e+01  1.56940e+01
8.350244293e-01  1.5641352e+01         -inf  6.89329e+05  1.56414e+01  1.56414e+01
8.383645270e-01  1.5615586e+01         -inf  6.89329e+05  1.56156e+01  1.56156e+01
8.417179851e-01  1.5607667e+01         -inf  6.89329e+05  1.56077e+01  1.56077e+01
8.450848570e-01  1.5623657e+01         -inf  6.89329e+05  1.56237e+01  1.56237e+01
8.484651965e-01  1.5680343e+01         -inf  6.89329e+05  1.56803e+01  1.56803e+01
8.518590573e-01  1.5800722e+01         -inf  6.89329e+05  1.58007e+01  1.58007e+01
8.552664935e-01  1.5811180e+01         -inf  6.89329e+05  1.58112e+01  1.58112e+01
8.586875595e-01  1.5713763e+01         -inf  6.89329e+05  1.57138e+01  1.57138e+01
8.621223097e-01  1.5586978e+01         -inf  6.89329e+05  1.55870e+01  1.55870e+01
8.655707989e-01  1.5470763e+01         -inf  6.89329e+05  1.54708e+01  1.54708e+01
8.690330821e-01  1.5392855e+01         -inf  6.89329e+05  1.53929e+01  1.53929e+01
8.725092145e-01  1.5337797e+01         -inf  6.89329e+05  1.53378e+01  1.53378e+01
8.759992513e-01  1.5307937e+01         -inf  6.89329e+05  1.53079e+01  1.53079e+01
8.795032483e-01  1.5298463e+01         -inf  6.89329e+05  1.52985e+01  1.52985e+01
8.830212613e-01  1.5307406e+01         -inf  6.89329e+05  1.53074e+01  1.53074e+01
8.865533464e-01  1.5318888e+01         -inf  6.89329e+05  1.53189e+01  1.53189e+01
8.900995597e-01  1.5314303e+01         -inf  6.89329e+05  1.53143e+01  1.53143e+01
8.936599580e-01  1.5298388e+01         -inf  6.89329e+05  1.52984e+01  1.52984e+01
8.972345978e-01  1.5327490e+01         -inf  6.89329e+05  1.53275e+01  1.53275e+01
9.008235362e-01  1.5302670e+01         -inf  6.89329e+05  1.53027e+01  1.53027e+01
9.044268304e-01  1.5233930e+01         -inf  6.89329e+05  1.52339e+01  1.52339e+01
9.080445377e-01  1.5171254e+01         -inf  6.89329e+05  1.51713e+01  1.51713e+01
9.116767158e-01  1.5124947e+01         -inf  6.89329e+05  1.51249e+01  1.51249e+01
9.153234227e-01  1.5093608e+01         -inf  6.89329e+05  1.50936e+01  1.50936e+01
9.189847164e-01  1.5072728e+01         -inf  6.89329e+05  1.50727e+01  1.50727e+01
9.226606552e-01  1.5057949e+01         -inf  6.89329e+05  1.50579e+01  1.50579e+01
9.263512979e-01  1.5045671e+01         -inf  6.89329e+05  1.50457e+01  1.50457e+01
9.300567031e-01  1.5034454e+01         -inf  6.89329e+05  1.50345e+01  1.50345e+01
9.337769299e-01  1.5018424e+01         -inf  6.89329e+05  1.50184e+01  1.50184e+01
9.375120376e-01  1.5026268e+01         -inf  6.89329e+05  1.50263e+01  1.50263e+01
9.412620857e-01  1.5066058e+01         -inf  6.89329e+05  1.50661e+01  1.50661e+01
9.450271341e-01  1.5084968e+01         -inf  6.89329e+05  1.50850e+01  1.50850e+01
9.488072426e-01  1.5021645e+01         -inf  6.89329e+05  1.50216e+01  1.50216e+01
9.526024716e-01  1.4964348e+01         -inf  6.89329e+05  1.49643e+01  1.49643e+01
9.564128815e-01  1.4939791e+01         -inf  6.89329e+05  1.49398e+01  1.49398e+01
9.602385330e-01  1.4914970e+01         -inf  6.89329e+05  1.49150e+01  1.49150e+01
9.640794871e-01  1.4897954e+01         -inf  6.89329e+05  1.48980e+01  1.48980e+01
9.679358051e-01  1.4880750e+01         -inf  6.89329e+05  1.48807e+01  1.48807e+01
9.718075483e-01  1.4863317e+01         -inf  6.89329e+05  1.48633e+01  1.48633e+01
9.756947785e-01  1.4848841e+01         -inf  6.89329e+05  1.48488e+01  1.48488e+01
9.795975576e-01  1.4837889e+01         -inf  6.89329e+05  1.48379e+01  1.48379e+01
9.835159478e-01  1.4831409e+01         -inf  6.89329e+05  1.48314e+01  1.48314e+01
9.874500116e-01  1.4840883e+01         -inf  6.89329e+05  1.48409e+01  1.48409e+01
9.913998117e-01  1.4898220e+01         -inf  6.89329e+05  1.48982e+01  1.48982e+01
9.953654109e-01  1.4864303e+01         -inf  6.89329e+05  1.48643e+01  1.48643e+01
9.993468726e-01  1.4812726e+01         -inf  6.89329e+05  1.48127e+01  1.48127e+01
1.003344260e+00  1.4787790e+01         -inf  6.89329e+05  1.47878e+01  1.47878e+01
1.007357637e+00  1.4772556e+01         -inf  6.89329e+05  1.47726e+01  1.47726e+01
1.011387068e+00  1.4760504e+01         -inf  6.89329e+05  1.47605e+01  1.47605e+01
1.015432616e+00  1.4749666e+01         -inf  6.89329e+05  1.47497e+01  1.47497e+01
1.019494346e+00  1.4739093e+01         -inf  6.89329e+05  1.47391e+01  1.47391e+01
1.023572324e+00  1.4729353e+01         -inf  6.89329e+05  1.47294e+01  1.47294e+01
1.027666613e+00  1.4720031e+01         -inf  6.89329e+05  1.47200e+01  1.47200e+01
1.031777280e+00  1.4711390e+01         -inf  6.89329e+05  1.47114e+01  1.47114e+01
1.035904389e+00  1.4706843e+01         -inf  6.89329e+05  1.47068e+01  1.47068e+01
1.040048006e+00  1.4703735e+01         -inf  6.89329e+05  1.47037e+01  1.47037e+01
1.044208198e+00  1.4733257e+01         -inf  6.89329e+05  1.47333e+01  1.47333e+01
1.048385031e+00  1.4756942e+01         -inf  6.89329e+05  1.47569e+01  1.47569e+01
1.052578571e+00  1.4767856e+01         -inf  6.89329e+05  1.47679e+01  1.47679e+01
1.056788885e+00  1.4769259e+01         -inf  6.89329e+05  1.47693e+01  1.47693e+01
1.061016041e+00  1.4800258e+01         -inf  6.89329e+05  1.48003e+01  1.48003e+01
1.065260105e+00  1.4849144e+01         -inf  6.89329e+05  1.48491e+01  1.48491e+01
1.069521146e+00  1.4797946e+01         -inf  6.89329e+05  1.47979e+01  1.47979e+01
1.073799230e+00  1.4721736e+01         -inf  6.89329e+05  1.47217e+01  1.47217e+01
1.078094427e+00  1.4675085e+01         -inf  6.89329e+05  1.46751e+01  1.46751e+01
1.082406805e+00  1.4647079e+01         -inf  6.89329e+05  1.46471e+01  1.46471e+01
1.086736432e+00  1.4628509e+01         -inf  6.89329e+05  1.46285e+01  1.46285e+01
1.091083378e+00  1.4615548e+01         -inf  6.89329e+05  1.46155e+01  1.46155e+01
1.095447711e+00  1.4605505e+01         -inf  6.89329e+05  1.46055e+01  1.46055e+01
1.099829502e+00  1.4591256e+01         -inf  6.89329e+05  1.45913e+01  1.45913e+01
1.104228820e+00  1.4584472e+01         -inf  6.89329e+05  1.45845e+01  1.45845e+01
1.108645735e+00  1.4579242e+01         -inf  6.89329e+05  1.45792e+01  1.45792e+01
1.113080318e+00  1.4577991e+01         -inf  6.89329e+05  1.45780e+01  1.45780e+01
1.117532640e+00  1.4576096e+01         -inf  6.89329e+05  1.45761e+01  1.45761e+01
1.122002770e+00  1.4580758e+01         -inf  6.89329e+05  1.45808e+01  1.45808e+01
1.126490781e+00  1.4590081e+01         -inf  6.89329e+05  1.45901e+01  1.45901e+01
1.130996744e+00  1.4583411e+01         -inf  6.89329e+05  1.45834e+01  1.45834e+01
1.135520731e+00  1.4587011e+01         -inf  6.89329e+05  1.45870e+01  1.45870e+01
1.140062814e+00  1.4557223e+01         -inf  6.89329e+05  1.45572e+01  1.45572e+01
1.144623065e+00  1.4551577e+01         -inf  6.89329e+05  1.45516e+01  1.45516e+01
1.149201558e+00  1.4561885e+01         -inf  6.89329e+05  1.45619e+01  1.45619e+01
1.153798364e+00  1.4592203e+01         -inf  6.89329e+05  1.45922e+01  1.45922e+01
1.158413557e+00  1.4572951e+01         -inf  6.89329e+05  1.45730e+01  1.45730e+01
1.163047212e+00  1.4596713e+01         -inf  6.89329e+05  1.45967e+01  1.45967e+01
1.167699401e+00  1.4563211e+01         -inf  6.89329e+05  1.45632e+01  1.45632e+01
1.172370198e+00  1.4539714e+01         -inf  6.89329e+05  1.45397e+01  1.45397e+01
1.177059679e+00  1.4519818e+01         -inf  6.89329e+05  1.45198e+01  1.45198e+01
1.181767918e+00  1.4507956e+01         -inf  6.89329e+05  1.45080e+01  1.45080e+01
1.186494989e+00  1.4499808e+01         -inf  6.89329e+05  1.44998e+01  1.44998e+01
1.191240969e+00  1.4491698e+01         -inf  6.89329e+05  1.44917e+01  1.44917e+01
1.196005933e+00  1.4481882e+01         -inf  6.89329e+05  1.44819e+01  1.44819e+01
1.200789957e+00  1.4534295e+01         -inf  6.89329e+05  1.45343e+01  1.45343e+01
1.205593117e+00  1.4795597e+01         -inf  6.89329e+05  1.47956e+01  1.47956e+01
1.210415489e+00  1.4605391e+01         -inf  6.89329e+05  1.46054e+01  1.46054e+01
1.215257151e+00  1.4504507e+01         -inf  6.89329e+05  1.45045e+01  1.45045e+01
1.220118180e+00  1.4723062e+01         -inf  6.89329e+05  1.47231e+01  1.47231e+01
1.224998652e+00  1.4578484e+01         -inf  6.89329e+05  1.45785e+01  1.45785e+01
1.229898647e+00  1.4491394e+01         -inf  6.89329e+05  1.44914e+01  1.44914e+01
1.234818242e+00  1.4499126e+01         -inf  6.89329e+05  1.44991e+01  1.44991e+01
1.239757515e+00  1.4513944e+01         -inf  6.89329e+05  1.45139e+01  1.45139e+01
1.244716545e+00  1.4551652e+01         -inf  6.89329e+05  1.45517e+01  1.45517e+01
1.249695411e+00  1.4649618e+01         -inf  6.89329e+05  1.46496e+01  1.46496e+01
1.254694192e+00  1.4822579e+01         -inf  6.89329e+05  1.48226e+01  1.48226e+01
1.259712969e+00  1.5363109e+01         -inf  6.89329e+05  1.53631e+01  1.53631e+01
1.264751821e+00  1.6186625e+01         -inf  6.89329e+05  1.61866e+01  1.61866e+01
1.269810828e+00  1.7231725e+01         -inf  6.89329e+05  1.72317e+01  1.72317e+01
1.274890072e+00  1.5333249e+01         -inf  6.89329e+05  1.53332e+01  1.53332e+01
1.279989632e+00  1.4844066e+01         -inf  6.89329e+05  1.48441e+01  1.48441e+01
1.285109591e+00  1.4546006e+01         -inf  6.89329e+05  1.45460e+01  1.45460e+01
1.290250029e+00  1.4488476e+01         -inf  6.89329e+05  1.44885e+01  1.44885e+01
1.295411029e+00  1.4438412e+01         -inf  6.89329e+05  1.44384e+01  1.44384e+01
1.300592673e+00  1.4401726e+01         -inf  6.89329e+05  1.44017e+01  1.44017e+01
1.305795044e+00  1.4392327e+01         -inf  6.89329e+05  1.43923e+01  1.43923e+01
1.311018224e+00  1.4406843e+01         -inf  6.89329e+05  1.44068e+01  1.44068e+01
1.316262297e+00  1.4484232e+01         -inf  6.89329e+05  1.44842e+01  1.44842e+01
1.321527346e+00  1.4455959e+01         -inf  6.89329e+05  1.44560e+01  1.44560e+01
1.326813455e+00  1.4399301e+01         -inf  6.89329e+05  1.43993e+01  1.43993e+01
1.332120709e+00  1.4488514e+01         -inf  6.89329e+05  1.44885e+01  1.44885e+01
1.337449192e+00  1.4440648e+01         -inf  6.89329e+05  1.44406e+01  1.44406e+01
1.342798989e+00  1.4462592e+01         -inf  6.89329e+05  1.44626e+01  1.44626e+01
1.348170185e+00  1.4423253e+01         -inf  6.89329e+05  1.44233e+01  1.44233e+01
1.353562866e+00  1.4426967e+01         -inf  6.89329e+05  1.44270e+01  1.44270e+01
1.358977117e+00  1.4444059e+01         -inf  6.89329e+05  1.44441e+01  1.44441e+01
1.364413026e+00  1.4436479e+01         -inf  6.89329e+05  1.44365e+01  1.44365e+01
1.369870678e+00  1.4427232e+01         -inf  6.89329e+05  1.44272e+01  1.44272e+01
1.375350160e+00  1.4436442e+01         -inf  6.89329e+05  1.44364e+01  1.44364e+01
1.380851561e+00  1.4442354e+01         -inf  6.89329e+05  1.44424e+01  1.44424e+01
1.386374967e+00  1.4443150e+01         -inf  6.89329e+05  1.44431e+01  1.44431e+01
1.391920467e+00  1.4431098e+01         -inf  6.89329e+05  1.44311e+01  1.44311e+01
1.397488149e+00  1.4425906e+01         -inf  6.89329e+05  1.44259e+01  1.44259e+01
1.403078102e+00  1.4428293e+01         -inf  6.89329e+05  1.44283e+01  1.44283e+01
1.408690414e+00  1.4422988e+01         -inf  6.89329e+05  1.44230e+01  1.44230e+01
1.414325176e+00  1.4381905e+01         -inf  6.89329e+05  1.43819e+01  1.43819e+01
1.419982476e+00  1.4364017e+01         -inf  6.89329e+05  1.43640e+01  1.43640e+01
1.425662406e+00  1.4354201e+01         -inf  6.89329e+05  1.43542e+01  1.43542e+01
1.431365056e+00  1.6226597e+01         -inf  6.89329e+05  1.62266e+01  1.62266e+01
1.437090516e+00  1.5716794e+01         -inf  6.89329e+05  1.57168e+01  1.57168e+01
1.442838878e+00  1.5094896e+01         -inf  6.89329e+05  1.50949e+01  1.50949e+01
1.448610234e+00  1.4524138e+01         -inf  6.89329e+05  1.45241e+01  1.45241e+01
1.454404675e+00  1.4335630e+01         -inf  6.89329e+05  1.43356e+01  1.43356e+01
1.460222293e+00  1.4314710e+01         -inf  6.89329e+05  1.43147e+01  1.43147e+01
1.466063182e+00  1.4310162e+01         -inf  6.89329e+05  1.43102e+01  1.43102e+01
1.471927435e+00  1.4439132e+01         -inf  6.89329e+05  1.44391e+01  1.44391e+01
1.477815145e+00  1.4409041e+01         -inf  6.89329e+05  1.44090e+01  1.44090e+01
1.483726405e+00  1.4330628e+01         -inf  6.89329e+05  1.43306e+01  1.43306e+01
1.489661311e+00  1.4306296e+01         -inf  6.89329e+05  1.43063e+01  1.43063e+01
1.495619956e+00  1.4329794e+01         -inf  6.89329e+05  1.43298e+01  1.43298e+01
1.501602436e+00  1.4309669e+01         -inf  6.89329e+05  1.43097e+01  1.43097e+01
1.507608846e+00  1.4292880e+01         -inf  6.89329e+05  1.42929e+01  1.42929e+01
1.513639281e+00  1.4293069e+01         -inf  6.89329e+05  1.42931e+01  1.42931e+01
1.519693838e+00  1.4296632e+01         -inf  6.89329e+05  1.42966e+01  1.42966e+01
1.525772614e+00  1.4323882e+01         -inf  6.89329e+05  1.43239e+01  1.43239e+01
1.531875704e+00  1.4461455e+01         -inf  6.89329e+05  1.44615e+01  1.44615e+01
1.538003207e+00  1.4529596e+01         -inf  6.89329e+05  1.45296e+01  1.45296e+01
1.544155220e+00  1.4416090e+01         -inf  6.89329e+05  1.44161e+01  1.44161e+01
1.550331841e+00  1.4283746e+01         -inf  6.89329e+05  1.42837e+01  1.42837e+01
1.556533168e+00  1.4279577e+01         -inf  6.89329e+05  1.42796e+01  1.42796e+01
1.562759301e+00  1.4282571e+01         -inf  6.89329e+05  1.42826e+01  1.42826e+01
1.569010338e+00  1.4884388e+01         -inf  6.89329e+05  1.48844e+01  1.48844e+01
1.575286379e+00  1.5269247e+01         -inf  6.89329e+05  1.52692e+01  1.52692e+01
1.581587525e+00  1.4834365e+01         -inf  6.89329e+05  1.48344e+01  1.48344e+01
1.587913875e+00  1.4328354e+01         -inf  6.89329e+05  1.43284e+01  1.43284e+01
1.594265530e+00  1.4311375e+01         -inf  6.89329e+05  1.43114e+01  1.43114e+01
1.600642593e+00  1.5204373e+01         -inf  6.89329e+05  1.52044e+01  1.52044e+01
1.607045163e+00  1.5195657e+01         -inf  6.89329e+05  1.51957e+01  1.51957e+01
1.613473344e+00  1.4788813e+01         -inf  6.89329e+05  1.47888e+01  1.47888e+01
1.619927237e+00  1.4362539e+01         -inf  6.89329e+05  1.43625e+01  1.43625e+01
1.626406946e+00  1.4340747e+01         -inf  6.89329e+05  1.43407e+01  1.43407e+01
1.632912574e+00  1.4422646e+01         -inf  6.89329e+05  1.44226e+01  1.44226e+01
1.639444224e+00  1.4576362e+01         -inf  6.89329e+05  1.45764e+01  1.45764e+01
1.646002001e+00  1.4609560e+01         -inf  6.89329e+05  1.46096e+01  1.46096e+01
1.652586009e+00  1.4545513e+01         -inf  6.89329e+05  1.45455e+01  1.45455e+01
1.659196353e+00  1.4365798e+01         -inf  6.89329e+05  1.43658e+01  1.43658e+01
1.665833138e+00  1.4842664e+01         -inf  6.89329e+05  1.48427e+01  1.48427e+01
1.672496471e+00  1.4361857e+01         -inf  6.89329e+05  1.43619e+01  1.43619e+01
1.679186457e+00  1.4397936e+01         -inf  6.89329e+05  1.43979e+01  1.43979e+01
1.685903203e+00  1.4405365e+01         -inf  6.89329e+05  1.44054e+01  1.44054e+01
1.692646815e+00  1.4408093e+01         -inf  6.89329e+05  1.44081e+01  1.44081e+01
1.699417403e+00  1.4420486e+01         -inf  6.89329e+05  1.44205e+01  1.44205e+01
1.706215072e+00  1.4583714e+01         -inf  6.89329e+05  1.45837e+01  1.45837e+01
1.713039933e+00  1.4416469e+01         -inf  6.89329e+05  1.44165e+01  1.44165e+01
1.719892092e+00  1.4394791e+01         -inf  6.89329e+05  1.43948e+01  1.43948e+01
1.726771661e+00  1.4523835e+01         -inf  6.89329e+05  1.45238e+01  1.45238e+01
1.733678747e+00  1.4392100e+01         -inf  6.89329e+05  1.43921e+01  1.43921e+01
1.740613462e+00  1.4339686e+01         -inf  6.89329e+05  1.43397e+01  1.43397e+01
1.747575916e+00  1.4305349e+01         -inf  6.89329e+05  1.43053e+01  1.43053e+01
1.754566220e+00  1.4296632e+01         -inf  6.89329e+05  1.42966e+01  1.42966e+01
1.761584485e+00  1.4297769e+01         -inf  6.89329e+05  1.42978e+01  1.42978e+01
1.768630823e+00  1.4356475e+01         -inf  6.89329e+05  1.43565e+01  1.43565e+01
1.775705346e+00  1.4401954e+01         -inf  6.89329e+05  1.44020e+01  1.44020e+01
1.782808167e+00  1.4333584e+01         -inf  6.89329e+05  1.43336e+01  1.43336e+01
1.789939400e+00  1.4463463e+01         -inf  6.89329e+05  1.44635e+01  1.44635e+01
1.797099158e+00  1.4315051e+01         -inf  6.89329e+05  1.43151e+01  1.43151e+01
1.804287554e+00  1.4314786e+01         -inf  6.89329e+05  1.43148e+01  1.43148e+01
1.811504704e+00  1.4318235e+01         -inf  6.89329e+05  1.43182e+01  1.43182e+01
1.818750723e+00  1.4294131e+01         -inf  6.89329e+05  1.42941e+01  1.42941e+01
1.826025726e+00  1.4266995e+01         -inf  6.89329e+05  1.42670e+01  1.42670e+01
1.833329829e+00  1.4260817e+01         -inf  6.89329e+05  1.42608e+01  1.42608e+01
1.840663148e+00  1.4264948e+01         -inf  6.89329e+05  1.42649e+01  1.42649e+01
1.848025801e+00  1.4259680e+01         -inf  6.89329e+05  1.42597e+01  1.42597e+01
1.855417904e+00  1.4256496e+01         -inf  6.89329e+05  1.42565e+01  1.42565e+01
1.862839576e+00  1.4251607e+01         -inf  6.89329e+05  1.42516e+01  1.42516e+01
1.870290934e+00  1.4267753e+01         -inf  6.89329e+05  1.42678e+01  1.42678e+01
1.877772098e+00  1.4543770e+01         -inf  6.89329e+05  1.45438e+01  1.45438e+01
1.885283186e+00  1.4556427e+01         -inf  6.89329e+05  1.45564e+01  1.45564e+01
1.892824319e+00  1.4294358e+01         -inf  6.89329e+05  1.42944e+01  1.42944e+01
1.900395616e+00  1.4249182e+01         -inf  6.89329e+05  1.42492e+01  1.42492e+01
1.907997199e+00  1.4242852e+01         -inf  6.89329e+05  1.42429e+01  1.42429e+01
1.915629188e+00  1.4235689e+01         -inf  6.89329e+05  1.42357e+01  1.42357e+01
1.923291704e+00  1.4231710e+01         -inf  6.89329e+05  1.42317e+01  1.42317e+01
1.930984871e+00  1.4228299e+01         -inf  6.89329e+05  1.42283e+01  1.42283e+01
1.938708811e+00  1.4392024e+01         -inf  6.89329e+05  1.43920e+01  1.43920e+01
1.946463646e+00  1.5958951e+01         -inf  6.89329e+05  1.59590e+01  1.59590e+01
1.954249500e+00  1.9184435e+01         -inf  6.89329e+05  1.91844e+01  1.91844e+01
1.962066498e+00  1.8351306e+01         -inf  6.89329e+05  1.83513e+01  1.83513e+01
1.969914764e+00  1.7230172e+01         -inf  6.89329e+05  1.72302e+01  1.72302e+01
1.977794423e+00  1.5044344e+01         -inf  6.89329e+05  1.50443e+01  1.50443e+01
1.985705601e+00  1.4527587e+01         -inf  6.89329e+05  1.45276e+01  1.45276e+01
1.993648424e+00  1.5207670e+01         -inf  6.89329e+05  1.52077e+01  1.52077e+01
2.001623017e+00  2.1520729e+01         -inf  6.89329e+05  2.15207e+01  2.15207e+01
2.009629509e+00  2.1897505e+01         -inf  6.89329e+05  2.18975e+01  2.18975e+01
2.017668027e+00  2.0422830e+01         -inf  6.89329e+05  2.04228e+01  2.04228e+01
2.025738699e+00  1.6648353e+01         -inf  6.89329e+05  1.66484e+01  1.66484e+01
2.033841654e+00  1.5756503e+01         -inf  6.89329e+05  1.57565e+01  1.57565e+01
2.041977021e+00  1.5851040e+01         -inf  6.89329e+05  1.58510e+01  1.58510e+01
2.050144929e+00  1.7588753e+01         -inf  6.89329e+05  1.75888e+01  1.75888e+01
2.058345509e+00  1.7777960e+01         -inf  6.89329e+05  1.77780e+01  1.77780e+01
2.066578891e+00  1.7465756e+01         -inf  6.89329e+05  1.74658e+01  1.74658e+01
2.074845206e+00  1.6411033e+01         -inf  6.89329e+05  1.64110e+01  1.64110e+01
2.083144587e+00  1.5602513e+01         -inf  6.89329e+05  1.56025e+01  1.56025e+01
2.091477165e+00  1.5091978e+01         -inf  6.89329e+05  1.50920e+01  1.50920e+01
2.099843074e+00  1.4646245e+01         -inf  6.89329e+05  1.46462e+01  1.46462e+01
2.108242446e+00  1.4629153e+01         -inf  6.89329e+05  1.46292e+01  1.46292e+01
2.116675416e+00  1.4493175e+01         -inf  6.89329e+05  1.44932e+01  1.44932e+01
2.125142118e+00  1.4351434e+01         -inf  6.89329e+05  1.43514e+01  1.43514e+01
2.133642686e+00  1.4258429e+01         -inf  6.89329e+05  1.42584e+01  1.42584e+01
2.142177257e+00  1.4385619e+01         -inf  6.89329e+05  1.43856e+01  1.43856e+01
2.150745966e+00  1.4525464e+01         -inf  6.89329e+05  1.45255e+01  1.45255e+01
2.159348950e+00  1.4519855e+01         -inf  6.89329e+05  1.45199e+01  1.45199e+01
2.167986346e+00  1.4490484e+01         -inf  6.89329e+05  1.44905e+01  1.44905e+01
2.176658291e+00  1.4437123e+01         -inf  6.89329e+05  1.44371e+01  1.44371e+01
2.185364924e+00  1.4302089e+01         -inf  6.89329e+05  1.43021e+01  1.43021e+01
2.194106384e+00  1.4383875e+01         -inf  6.89329e+05  1.43839e+01  1.43839e+01
2.202882810e+00  1.5080154e+01         -inf  6.89329e+05  1.50802e+01  1.50802e+01
2.211694341e+00  1.4334303e+01         -inf  6.89329e+05  1.43343e+01  1.43343e+01
2.220541118e+00  1.4511745e+01         -inf  6.89329e+05  1.45117e+01  1.45117e+01
2.229423283e+00  1.4675197e+01         -inf  6.89329e+05  1.46752e+01  1.46752e+01
2.238340976e+00  1.4769182e+01         -inf  6.89329e+05  1.47692e+01  1.47692e+01
2.247294340e+00  1.4941457e+01         -inf  6.89329e+05  1.49415e+01  1.49415e+01
2.256283517e+00  1.5093985e+01         -inf  6.89329e+05  1.50940e+01  1.50940e+01
2.265308651e+00  1.5163067e+01         -inf  6.89329e+05  1.51631e+01  1.51631e+01
2.274369886e+00  1.5334271e+01         -inf  6.89329e+05  1.53343e+01  1.53343e+01
2.283467365e+00  1.5319909e+01         -inf  6.89329e+05  1.53199e+01  1.53199e+01
2.292601235e+00  1.5608157e+01         -inf  6.89329e+05  1.56082e+01  1.56082e+01
2.301771640e+00  1.5943717e+01         -inf  6.89329e+05  1.59437e+01  1.59437e+01
2.310978726e+00  1.4889918e+01         -inf  6.89329e+05  1.48899e+01  1.48899e+01
2.320222641e+00  1.5841111e+01         -inf  6.89329e+05  1.58411e+01  1.58411e+01
2.329503532e+00  1.5305585e+01         -inf  6.89329e+05  1.53056e+01  1.53056e+01
2.338821546e+00  1.5765670e+01         -inf  6.89329e+05  1.57657e+01  1.57657e+01
2.348176832e+00  1.6046396e+01         -inf  6.89329e+05  1.60464e+01  1.60464e+01
2.357569539e+00  1.5438058e+01         -inf  6.89329e+05  1.54381e+01  1.54381e+01
2.366999817e+00  1.5652148e+01         -inf  6.89329e+05  1.56521e+01  1.56522e+01
2.376467817e+00  1.5751233e+01         -inf  6.89329e+05  1.57512e+01  1.57512e+01
2.385973688e+00  1.5000003e+01         -inf  6.89329e+05  1.50000e+01  1.50000e+01
2.395517583e+00  1.5038466e+01         -inf  6.89329e+05  1.50385e+01  1.50385e+01
2.405099653e+00  1.4701949e+01         -inf  6.89329e+05  1.47019e+01  1.47020e+01
2.414720052e+00  1.4495254e+01         -inf  6.89329e+05  1.44953e+01  1.44953e+01
2.424378932e+00  1.4676519e+01         -inf  6.89329e+05  1.46765e+01  1.46765e+01
2.434076448e+00  1.4449017e+01         -inf  6.89329e+05  1.44490e+01  1.44490e+01
2.443812753e+00  1.4359045e+01         -inf  6.89329e+05  1.43590e+01  1.43591e+01
2.453588004e+00  1.4317886e+01         -inf  6.89329e+05  1.43179e+01  1.43179e+01
2.463402356e+00  1.4273164e+01         -inf  6.89329e+05  1.42732e+01  1.42732e+01
2.473255966e+00  1.4331415e+01         -inf  6.89329e+05  1.43314e+01  1.43314e+01
2.483148990e+00  1.5539187e+01         -inf  6.89329e+05  1.55392e+01  1.55392e+01
2.493081586e+00  1.5097198e+01         -inf  6.89329e+05  1.50972e+01  1.50972e+01
2.503053912e+00  1.4799642e+01         -inf  6.89329e+05  1.47996e+01  1.47997e+01
2.513066128e+00  1.4464780e+01         -inf  6.89329e+05  1.44648e+01  1.44648e+01
2.523118392e+00  1.4328231e+01         -inf  6.89329e+05  1.43282e+01  1.43282e+01
2.533210866e+00  1.4277446e+01         -inf  6.89329e+05  1.42774e+01  1.42775e+01
2.543343709e+00  1.4246787e+01         -inf  6.89329e+05  1.42468e+01  1.42468e+01
2.553517084e+00  1.4311180e+01         -inf  6.89329e+05  1.43112e+01  1.43112e+01
2.563731152e+00  1.4549146e+01         -inf  6.89329e+05  1.45491e+01  1.45492e+01
2.573986077e+00  1.4523376e+01         -inf  6.89329e+05  1.45234e+01  1.45234e+01
2.584282021e+00  1.4679402e+01         -inf  6.89329e+05  1.46794e+01  1.46794e+01
2.594619149e+00  1.4932512e+01         -inf  6.89329e+05  1.49325e+01  1.49325e+01
2.604997626e+00  1.4787180e+01         -inf  6.89329e+05  1.47872e+01  1.47872e+01
2.615417616e+00  1.4793509e+01         -inf  6.89329e+05  1.47935e+01  1.47935e+01
2.625879287e+00  1.4557258e+01         -inf  6.89329e+05  1.45573e+01  1.45573e+01
2.636382804e+00  1.4426698e+01         -inf  6.89329e+05  1.44267e+01  1.44267e+01
2.646928335e+00  1.4409074e+01         -inf  6.89329e+05  1.44091e+01  1.44091e+01
2.657516049e+00  1.5134491e+01         -inf  6.89329e+05  1.51345e+01  1.51345e+01
2.668146113e+00  2.5199332e+01         -inf  6.89329e+05  2.51993e+01  2.51993e+01
2.678818697e+00  3.5370448e+01         -inf  6.89329e+05  3.53704e+01  3.53704e+01
2.689533972e+00  3.3948750e+01         -inf  6.89329e+05  3.39487e+01  3.39488e+01
2.700292108e+00  3.4934248e+01         -inf  6.89329e+05  3.49342e+01  3.49342e+01
2.711093276e+00  3.1405173e+01         -inf  6.89329e+05  3.14052e+01  3.14052e+01
2.721937650e+00  2.4770005e+01         -inf  6.89329e+05  2.47700e+01  2.47700e+01
2.732825400e+00  2.2863926e+01         -inf  6.89329e+05  2.28639e+01  2.28639e+01
2.743756702e+00  2.7103995e+01         -inf  6.89329e+05  2.71040e+01  2.71040e+01
2.754731729e+00  3.2783600e+01         -inf  6.89329e+05  3.27836e+01  3.27836e+01
2.765750655e+00  3.1610225e+01         -inf  6.89329e+05  3.16102e+01  3.16102e+01
2.776813658e+00  3.3882704e+01         -inf  6.89329e+05  3.38827e+01  3.38827e+01
2.787920913e+00  3.1513728e+01         -inf  6.89329e+05  3.15137e+01  3.15137e+01
2.799072596e+00  2.7729036e+01         -inf  6.89329e+05  2.77290e+01  2.77290e+01
2.810268887e+00  2.5267203e+01         -inf  6.89329e+05  2.52672e+01  2.52672e+01
2.821509962e+00  2.2484399e+01         -inf  6.89329e+05  2.24844e+01  2.24844e+01
2.832796002e+00  1.9364823e+01         -inf  6.89329e+05  1.93648e+01  1.93648e+01
2.844127186e+00  1.9025424e+01         -inf  6.89329e+05  1.90254e+01  1.90255e+01
2.855503695e+00  1.7769847e+01         -inf  6.89329e+05  1.77698e+01  1.77699e+01
2.866925710e+00  1.7455730e+01         -inf  6.89329e+05  1.74557e+01  1.74558e+01
2.878393413e+00  1.6449365e+01         -inf  6.89329e+05  1.64494e+01  1.64495e+01
2.889906986e+00  1.6037920e+01         -inf  6.89329e+05  1.60379e+01  1.60380e+01
2.901466614e+00  1.5092609e+01         -inf  6.89329e+05  1.50926e+01  1.50927e+01
2.913072481e+00  1.4477077e+01         -inf  6.89329e+05  1.44771e+01  1.44772e+01
2.924724770e+00  1.4301859e+01         -inf  6.89329e+05  1.43019e+01  1.43020e+01
2.936423670e+00  1.4225481e+01         -inf  6.89329e+05  1.42255e+01  1.42256e+01
2.948169364e+00  1.4316126e+01         -inf  6.89329e+05  1.43161e+01  1.43163e+01
2.959962042e+00  1.4681078e+01         -inf  6.89329e+05  1.46811e+01  1.46813e+01
2.971801890e+00  1.4711505e+01         -inf  6.89329e+05  1.47115e+01  1.47117e+01
2.983689097e+00  1.4858493e+01         -inf  6.89329e+05  1.48585e+01  1.48587e+01
2.995623854e+00  1.4483592e+01         -inf  6.89329e+05  1.44836e+01  1.44838e+01
3.007606349e+00  1.4408425e+01         -inf  6.89329e+05  1.44084e+01  1.44087e+01
3.019636775e+00  1.4397762e+01         -inf  6.89329e+05  1.43978e+01  1.43980e+01
3.031715322e+00  1.4246336e+01         -inf  6.89329e+05  1.42463e+01  1.42466e+01
3.043842183e+00  1.4208987e+01         -inf  6.89329e+05  1.42090e+01  1.42093e+01
3.056017552e+00  1.4216095e+01         -inf  6.89329e+05  1.42161e+01  1.42164e+01
3.068241622e+00  1.4201221e+01         -inf  6.89329e+05  1.42012e+01  1.42015e+01
3.080514588e+00  1.4192712e+01         -inf  6.89329e+05  1.41927e+01  1.41931e+01
3.092836647e+00  1.4192389e+01         -inf  6.89329e+05  1.41924e+01  1.41927e+01
3.105207993e+00  1.4206125e+01         -inf  6.89329e+05  1.42061e+01  1.42065e+01
3.117628825e+00  1.4362174e+01         -inf  6.89329e+05  1.43622e+01  1.43626e+01
3.130099341e+00  1.5167340e+01         -inf  6.89329e+05  1.51673e+01  1.51678e+01
3.142619738e+00  1.4754895e+01         -inf  6.89329e+05  1.47549e+01  1.47554e+01
3.155190217e+00  1.5011696e+01         -inf  6.89329e+05  1.50117e+01  1.50122e+01
3.167810978e+00  1.4843677e+01         -inf  6.89329e+05  1.48437e+01  1.48442e+01
3.180482222e+00  1.5547180e+01         -inf  6.89329e+05  1.55472e+01  1.55477e+01
3.193204151e+00  1.5484099e+01         -inf  6.89329e+05  1.54841e+01  1.54846e+01
3.205976967e+00  1.5640532e+01         -inf  6.89329e+05  1.56405e+01  1.56411e+01
3.218800875e+00  1.6297234e+01         -inf  6.89329e+05  1.62972e+01  1.62978e+01
3.231676079e+00  1.5989668e+01         -inf  6.89329e+05  1.59897e+01  1.59903e+01
3.244602783e+00  1.6639886e+01         -inf  6.89329e+05  1.66399e+01  1.66405e+01
3.257581194e+00  1.6695164e+01         -inf  6.89329e+05  1.66952e+01  1.66958e+01
3.270611519e+00  2.0636491e+01         -inf  6.89329e+05  2.06365e+01  2.06372e+01
3.283693965e+00  1.9040319e+01         -inf  6.89329e+05  1.90403e+01  1.90411e+01
3.296828741e+00  1.8557948e+01         -inf  6.89329e+05  1.85579e+01  1.85588e+01
3.310016056e+00  2.2263033e+01         -inf  6.89329e+05  2.22630e+01  2.22636e+01
3.323256120e+00  2.0269585e+01         -inf  6.89329e+05  2.02696e+01  2.02703e+01
3.336549144e+00  1.5681285e+01         -inf  6.89329e+05  1.56813e+01  1.56823e+01
3.349895341e+00  1.5558404e+01         -inf  6.89329e+05  1.55584e+01  1.55595e+01
3.363294922e+00  1.6691205e+01         -inf  6.89329e+05  1.66912e+01  1.66922e+01
3.376748102e+00  1.6519366e+01         -inf  6.89329e+05  1.65194e+01  1.65204e+01
3.390255094e+00  1.6629182e+01         -inf  6.89329e+05  1.66292e+01  1.66303e+01
3.403816115e+00  1.6424552e+01         -inf  6.89329e+05  1.64246e+01  1.64258e+01
3.417431379e+00  1.5554545e+01         -inf  6.89329e+05  1.55545e+01  1.55559e+01
3.431101105e+00  1.5709101e+01         -inf  6.89329e+05  1.57091e+01  1.57105e+01
3.444825509e+00  1.5493968e+01         -inf  6.89329e+05  1.54940e+01  1.54955e+01
3.458604811e+00  1.5205683e+01         -inf  6.89329e+05  1.52057e+01  1.52073e+01
3.472439231e+00  1.5619774e+01         -inf  6.89329e+05  1.56198e+01  1.56215e+01
3.486328987e+00  1.5445923e+01         -inf  6.89329e+05  1.54459e+01  1.54478e+01
3.500274303e+00  1.4950031e+01         -inf  6.89329e+05  1.49500e+01  1.49520e+01
3.514275401e+00  1.4549787e+01         -inf  6.89329e+05  1.45498e+01  1.45519e+01
3.528332502e+00  1.4836614e+01         -inf  6.89329e+05  1.48366e+01  1.48388e+01
3.542445832e+00  1.5559210e+01         -inf  6.89329e+05  1.55592e+01  1.55614e+01
3.556615616e+00  1.4872575e+01         -inf  6.89329e+05  1.48726e+01  1.48750e+01
3.570842078e+00  1.7231608e+01         -inf  6.89329e+05  1.72316e+01  1.72341e+01
3.585125446e+00  1.6259044e+01         -inf  6.89329e+05  1.62590e+01  1.62617e+01
3.599465948e+00  1.5847359e+01         -inf  6.89329e+05  1.58474e+01  1.58502e+01
3.613863812e+00  1.5729674e+01         -inf  6.89329e+05  1.57297e+01  1.57326e+01
3.628319267e+00  1.5160477e+01         -inf  6.89329e+05  1.51605e+01  1.51636e+01
3.642832544e+00  1.5121777e+01         -inf  6.89329e+05  1.51218e+01  1.51250e+01
3.657403874e+00  1.4637848e+01         -inf  6.89329e+05  1.46378e+01  1.46413e+01
3.672033490e+00  1.4631219e+01         -inf  6.89329e+05  1.46312e+01  1.46348e+01
3.686721624e+00  1.4662639e+01         -inf  6.89329e+05  1.46626e+01  1.46664e+01
3.701468510e+00  1.4466840e+01         -inf  6.89329e+05  1.44668e+01  1.44709e+01
3.716274384e+00  1.4523044e+01         -inf  6.89329e+05  1.45230e+01  1.45272e+01
3.731139482e+00  1.4584310e+01         -inf  6.89329e+05  1.45843e+01  1.45887e+01
3.746064040e+00  1.4458906e+01         -inf  6.89329e+05  1.44589e+01  1.44635e+01
3.761048296e+00  1.4378102e+01         -inf  6.89329e+05  1.43781e+01  1.43830e+01
3.776092489e+00  1.4396779e+01         -inf  6.89329e+05  1.43968e+01  1.44019e+01
3.791196859e+00  1.4542876e+01         -inf  6.89329e+05  1.45429e+01  1.45482e+01
3.806361647e+00  1.4572533e+01         -inf  6.89329e+05  1.45725e+01  1.45781e+01
3.821587093e+00  1.4439114e+01         -inf  6.89329e+05  1.44391e+01  1.44450e+01
3.836873442e+00  1.4629376e+01         -inf  6.89329e+05  1.46294e+01  1.46355e+01
3.852220935e+00  1.4948171e+01         -inf  6.89329e+05  1.49482e+01  1.49545e+01
3.867629819e+00  1.5876628e+01         -inf  6.89329e+05  1.58766e+01  1.58829e+01
3.883100338e+00  1.6497024e+01         -inf  6.89329e+05  1.64970e+01  1.65032e+01
3.898632740e+00  1.5842964e+01         -inf  6.89329e+05  1.58430e+01  1.58499e+01
3.914227271e+00  1.6183175e+01         -inf  6.89329e+05  1.61832e+01  1.61902e+01
3.929884180e+00  1.5833898e+01         -inf  6.89329e+05  1.58339e+01  1.58413e+01
3.945603716e+00  1.5316349e+01         -inf  6.89329e+05  1.53163e+01  1.53244e+01
3.961386131e+00  1.4948196e+01         -inf  6.89329e+05  1.49482e+01  1.49568e+01
3.977231676e+00  1.5006644e+01         -inf  6.89329e+05  1.50066e+01  1.50156e+01
3.993140603e+00  1.4986183e+01         -inf  6.89329e+05  1.49862e+01  1.49955e+01
4.009113165e+00  1.5304086e+01         -inf  6.89329e+05  1.53041e+01  1.53137e+01
4.025149618e+00  1.5801792e+01         -inf  6.89329e+05  1.58018e+01  1.58116e+01
4.041250216e+00  1.6349297e+01         -inf  6.89329e+05  1.63493e+01  1.63592e+01
4.057415217e+00  1.6330406e+01         -inf  6.89329e+05  1.63304e+01  1.63407e+01
4.073644878e+00  1.6770007e+01         -inf  6.89329e+05  1.67700e+01  1.67803e+01
4.089939457e+00  1.7074145e+01         -inf  6.89329e+05  1.70741e+01  1.70845e+01
4.106299215e+00  1.7088688e+01         -inf  6.89329e+05  1.70887e+01  1.70994e+01
4.122724412e+00  1.7190014e+01         -inf  6.89329e+05  1.71900e+01  1.72010e+01
4.139215310e+00  1.7371652e+01         -inf  6.89329e+05  1.73717e+01  1.73829e+01
4.155772171e+00  1.7567160e+01         -inf  6.89329e+05  1.75672e+01  1.75769e+01
4.172395260e+00  1.9432998e+01         -inf  6.89329e+05  1.94330e+01  1.94371e+01
4.189084841e+00  2.7585177e+01         -inf  6.89329e+05  2.75852e+01  2.75863e+01
4.205841180e+00  4.0206899e+01         -inf  6.89329e+05  4.02069e+01  4.02077e+01
4.222664545e+00  4.8457628e+01         -inf  6.89329e+05  4.84576e+01  4.84594e+01
4.239555203e+00  5.1442851e+01         -inf  6.89329e+05  5.14429e+01  5.14451e+01
4.256513424e+00  4.9449229e+01         -inf  6.89329e+05  4.94492e+01  4.94512e+01
4.273539477e+00  5.1642792e+01         -inf  6.89329e+05  5.16428e+01  5.16452e+01
4.290633635e+00  5.0861710e+01         -inf  6.89329e+05  5.08617e+01  5.08641e+01
4.307796170e+00  4.8752130e+01         -inf  6.89329e+05  4.87521e+01  4.87542e+01
4.325027355e+00  4.5446924e+01         -inf  6.89329e+05  4.54469e+01  4.54485e+01
4.342327464e+00  4.2797480e+01         -inf  6.89329e+05  4.27975e+01  4.27989e+01
4.359696774e+00  3.9990955e+01         -inf  6.89329e+05  3.99910e+01  3.99922e+01
4.377135561e+00  3.6508022e+01         -inf  6.89329e+05  3.65080e+01  3.65093e+01
4.394644103e+00  3.5193128e+01         -inf  6.89329e+05  3.51931e+01  3.51942e+01
4.412222680e+00  3.3641645e+01         -inf  6.89329e+05  3.36416e+01  3.36428e+01
4.429871570e+00  3.1411461e+01         -inf  6.89329e+05  3.14115e+01  3.14130e+01
4.447591057e+00  2.7853580e+01         -inf  6.89329e+05  2.78536e+01  2.78565e+01
4.465381421e+00  2.6315793e+01         -inf  6.89329e+05  2.63158e+01  2.63196e+01
4.483242946e+00  2.4931806e+01         -inf  6.89329e+05  2.49318e+01  2.49372e+01
4.501175918e+00  2.2724082e+01         -inf  6.89329e+05  2.27241e+01  2.27348e+01
4.519180622e+00  2.3823058e+01         -inf  6.89329e+05  2.38231e+01  2.38323e+01
4.537257344e+00  2.2833619e+01         -inf  6.89329e+05  2.28336e+01  2.28463e+01
4.555406374e+00  2.1299405e+01         -inf  6.89329e+05  2.12994e+01  2.13179e+01
4.573627999e+00  1.9716605e+01         -inf  6.89329e+05  1.97166e+01  1.97424e+01
4.591922511e+00  1.7628956e+01         -inf  6.89329e+05  1.76290e+01  1.76636e+01
4.610290201e+00  1.6517366e+01         -inf  6.89329e+05  1.65174e+01  1.65574e+01
4.628731362e+00  1.5672067e+01         -inf  6.89329e+05  1.56721e+01  1.57154e+01
4.647246288e+00  1.5231296e+01         -inf  6.89329e+05  1.52313e+01  1.52771e+01
4.665835273e+00  1.4950461e+01         -inf  6.89329e+05  1.49505e+01  1.49985e+01
4.684498614e+00  1.7960911e+01         -inf  6.89329e+05  1.79609e+01  1.80101e+01
4.703236608e+00  2.8263306e+01         -inf  6.89329e+05  2.82633e+01  2.83061e+01
4.722049555e+00  2.8712244e+01         -inf  6.89329e+05  2.87122e+01  2.87566e+01
4.740937753e+00  2.6001416e+01         -inf  6.89329e+05  2.60014e+01  2.60484e+01
4.759901504e+00  2.7796612e+01         -inf  6.89329e+05  2.77966e+01  2.78460e+01
4.778941110e+00  2.6546186e+01         -inf  6.89329e+05  2.65462e+01  2.65928e+01
4.798056874e+00  2.4111967e+01         -inf  6.89329e+05  2.41120e+01  2.41574e+01
4.817249102e+00  2.4057304e+01         -inf  6.89329e+05  2.40573e+01  2.40872e+01
4.836518098e+00  2.2217109e+01         -inf  6.89329e+05  2.22171e+01  2.22557e+01
4.855864171e+00  2.0157036e+01         -inf  6.89329e+05  2.01570e+01  2.01947e+01
4.875287627e+00  1.8505002e+01         -inf  6.89329e+05  1.85050e+01  1.85516e+01
4.894788778e+00  1.7117382e+01         -inf  6.89329e+05  1.71174e+01  1.71772e+01
4.914367933e+00  1.6924409e+01         -inf  6.89329e+05  1.69244e+01  1.69926e+01
4.934025405e+00  1.5884057e+01         -inf  6.89329e+05  1.58841e+01  1.59628e+01
4.953761506e+00  1.5554306e+01         -inf  6.89329e+05  1.55543e+01  1.56363e+01
4.973576552e+00  1.5075148e+01         -inf  6.89329e+05  1.50751e+01  1.51612e+01
4.993470859e+00  1.4762508e+01         -inf  6.89329e+05  1.47625e+01  1.48526e+01
5.013444742e+00  1.4474867e+01         -inf  6.89329e+05  1.44749e+01  1.45687e+01
5.033498521e+00  1.4349001e+01         -inf  6.89329e+05  1.43490e+01  1.44461e+01
5.053632515e+00  1.4263868e+01         -inf  6.89329e+05  1.42639e+01  1.43641e+01
5.073847045e+00  1.4287124e+01         -inf  6.89329e+05  1.42871e+01  1.43896e+01
5.094142433e+00  1.4363261e+01         -inf  6.89329e+05  1.43633e+01  1.44675e+01
5.114519003e+00  1.4347867e+01         -inf  6.89329e+05  1.43479e+01  1.44555e+01
5.134977079e+00  1.4218960e+01         -inf  6.89329e+05  1.42190e+01  1.43312e+01
5.155516987e+00  1.4377987e+01         -inf  6.89329e+05  1.43780e+01  1.44908e+01
5.176139055e+00  1.6666966e+01         -inf  6.89329e+05  1.66670e+01  1.67586e+01
5.196843612e+00  1.5021183e+01         -inf  6.89329e+05  1.50212e+01  1.51276e+01
5.217630986e+00  1.5469270e+01         -inf  6.89329e+05  1.54693e+01  1.55688e+01
5.238501510e+00  1.5133675e+01         -inf  6.89329e+05  1.51337e+01  1.52383e+01
5.259455516e+00  1.4873354e+01         -inf  6.89329e+05  1.48734e+01  1.49849e+01
5.280493338e+00  1.4528019e+01         -inf  6.89329e+05  1.45280e+01  1.46466e+01
5.301615311e+00  1.4370607e+01         -inf  6.89329e+05  1.43706e+01  1.44928e+01
5.322821773e+00  1.4630028e+01         -inf  6.89329e+05  1.46300e+01  1.47522e+01
5.344113060e+00  1.4380465e+01         -inf  6.89329e+05  1.43805e+01  1.45017e+01
5.365489512e+00  1.4426608e+01         -inf  6.89329e+05  1.44266e+01  1.45470e+01
5.386951470e+00  1.4451977e+01         -inf  6.89329e+05  1.44520e+01  1.45719e+01
5.408499276e+00  1.4508010e+01         -inf  6.89329e+05  1.45080e+01  1.46276e+01
5.430133273e+00  1.4550722e+01         -inf  6.89329e+05  1.45507e+01  1.46708e+01
5.451853806e+00  1.4597094e+01         -inf  6.89329e+05  1.45971e+01  1.47172e+01
5.473661221e+00  1.4809232e+01         -inf  6.89329e+05  1.48092e+01  1.49291e+01
5.495555866e+00  1.5014526e+01         -inf  6.89329e+05  1.50145e+01  1.51339e+01
5.517538090e+00  1.5060622e+01         -inf  6.89329e+05  1.50606e+01  1.51800e+01
5.539608242e+00  1.4920429e+01         -inf  6.89329e+05  1.49204e+01  1.50398e+01
5.561766675e+00  1.4609717e+01         -inf  6.89329e+05  1.46097e+01  1.47293e+01
5.584013742e+00  1.4761235e+01         -inf  6.89329e+05  1.47612e+01  1.48812e+01
5.606349797e+00  1.4896057e+01         -inf  6.89329e+05  1.48961e+01  1.50165e+01
5.628775196e+00  1.4835484e+01         -inf  6.89329e+05  1.48355e+01  1.49566e+01
5.651290297e+00  1.4695395e+01         -inf  6.89329e+05  1.46954e+01  1.48172e+01
5.673895458e+00  1.4655086e+01         -inf  6.89329e+05  1.46551e+01  1.47775e+01
5.696591040e+00  1.4634434e+01         -inf  6.89329e+05  1.46344e+01  1.47577e+01
5.719377404e+00  1.5394328e+01         -inf  6.89329e+05  1.53943e+01  1.55182e+01
5.742254913e+00  1.7747227e+01         -inf  6.89329e+05  1.77472e+01  1.78708e+01
5.765223933e+00  1.7131609e+01         -inf  6.89329e+05  1.71316e+01  1.72558e+01
5.788284829e+00  1.6357393e+01         -inf  6.89329e+05  1.63574e+01  1.64824e+01
5.811437968e+00  1.6476723e+01         -inf  6.89329e+05  1.64767e+01  1.66022e+01
5.834683720e+00  1.6785062e+01         -inf  6.89329e+05  1.67851e+01  1.69112e+01
5.858022455e+00  1.6525895e+01         -inf  6.89329e+05  1.65259e+01  1.66535e+01
5.881454545e+00  1.6071480e+01         -inf  6.89329e+05  1.60715e+01  1.62011e+01
5.904980363e+00  1.5609951e+01         -inf  6.89329e+05  1.56100e+01  1.57419e+01
5.928600284e+00  1.5298088e+01         -inf  6.89329e+05  1.52981e+01  1.54324e+01
5.952314685e+00  1.5189037e+01         -inf  6.89329e+05  1.51890e+01  1.53257e+01
5.976123944e+00  1.5169178e+01         -inf  6.89329e+05  1.51692e+01  1.53091e+01
6.000028440e+00  1.5290048e+01         -inf  6.89329e+05  1.52900e+01  1.54336e+01
6.024028554e+00  1.5419793e+01         -inf  6.89329e+05  1.54198e+01  1.55673e+01
6.048124668e+00  1.5612905e+01         -inf  6.89329e+05  1.56129e+01  1.57653e+01
6.072317167e+00  1.5806916e+01         -inf  6.89329e+05  1.58069e+01  1.59644e+01
6.096606435e+00  1.5987239e+01         -inf  6.89329e+05  1.59872e+01  1.61501e+01
6.120992861e+00  1.6193730e+01         -inf  6.89329e+05  1.61937e+01  1.63627e+01
6.145476832e+00  1.6332787e+01         -inf  6.89329e+05  1.63328e+01  1.65084e+01
6.170058740e+00  1.6482955e+01         -inf  6.89329e+05  1.64830e+01  1.66657e+01
6.194738975e+00  1.6581476e+01         -inf  6.89329e+05  1.65815e+01  1.67711e+01
6.219517931e+00  1.6659160e+01         -inf  6.89329e+05  1.66592e+01  1.68553e+01
6.244396002e+00  1.6687506e+01         -inf  6.89329e+05  1.66875e+01  1.68896e+01
6.269373586e+00  1.6661573e+01         -inf  6.89329e+05  1.66616e+01  1.68687e+01
6.294451081e+00  1.6736990e+01         -inf  6.89329e+05  1.67370e+01  1.69483e+01
6.319628885e+00  1.6717762e+01         -inf  6.89329e+05  1.67178e+01  1.69326e+01
6.344907401e+00  1.6864013e+01         -inf  6.89329e+05  1.68640e+01  1.70816e+01
6.370287030e+00  1.7008461e+01         -inf  6.89329e+05  1.70085e+01  1.72284e+01
6.395768178e+00  1.7248651e+01         -inf  6.89329e+05  1.72487e+01  1.74709e+01
6.421351251e+00  1.7465355e+01         -inf  6.89329e+05  1.74654e+01  1.76910e+01
6.447036656e+00  1.7445582e+01         -inf  6.89329e+05  1.74456e+01  1.76770e+01
6.472824803e+00  1.7289685e+01         -inf  6.89329e+05  1.72897e+01  1.75295e+01
6.498716102e+00  1.7382622e+01         -inf  6.89329e+05  1.73826e+01  1.76310e+01
6.524710966e+00  1.6615582e+01         -inf  6.89329e+05  1.66156e+01  1.68769e+01
6.550809810e+00  1.6218551e+01         -inf  6.89329e+05  1.62186e+01  1.64920e+01
6.577013049e+00  1.6059365e+01         -inf  6.89329e+05  1.60594e+01  1.63451e+01
6.603321102e+00  1.5923532e+01         -inf  6.89329e+05  1.59235e+01  1.62226e+01
6.629734386e+00  1.5796006e+01         -inf  6.89329e+05  1.57960e+01  1.61092e+01
6.656253324e+00  1.5705554e+01         -inf  6.89329e+05  1.57056e+01  1.60336e+01
6.682878337e+00  1.5535369e+01         -inf  6.89329e+05  1.55354e+01  1.58796e+01
6.709609850e+00  1.5387991e+01         -inf  6.89329e+05  1.53880e+01  1.57495e+01
6.736448290e+00  1.5293678e+01         -inf  6.89329e+05  1.52937e+01  1.56730e+01
6.763394083e+00  1.5053551e+01         -inf  6.89329e+05  1.50536e+01  1.54528e+01
6.790447659e+00  1.5131800e+01         -inf  6.89329e+05  1.51318e+01  1.55511e+01
6.817609450e+00  1.4836225e+01         -inf  6.89329e+05  1.48362e+01  1.52787e+01
6.844879888e+00  1.4699221e+01         -inf  6.89329e+05  1.46992e+01  1.51652e+01
6.872259407e+00  1.4572301e+01         -inf  6.89329e+05  1.45723e+01  1.50621e+01
6.899748445e+00  1.4543515e+01         -inf  6.89329e+05  1.45435e+01  1.50581e+01
6.927347438e+00  1.4319163e+01         -inf  6.89329e+05  1.43192e+01  1.48617e+01
6.955056828e+00  1.4131020e+01         -inf  6.89329e+05  1.41310e+01  1.47033e+01
6.982877056e+00  1.4140181e+01         -inf  6.89329e+05  1.41402e+01  1.47431e+01
7.010808564e+00  1.4061793e+01         -inf  6.89329e+05  1.40618e+01  1.46979e+01
7.038851798e+00  1.3903469e+01         -inf  6.89329e+05  1.39035e+01  1.45763e+01
7.067007205e+00  1.3825108e+01         -inf  6.89329e+05  1.38251e+01  1.45349e+01
7.095275234e+00  1.3742755e+01         -inf  6.89329e+05  1.37428e+01  1.44932e+01
7.123656335e+00  1.3651830e+01         -inf  6.89329e+05  1.36518e+01  1.44439e+01
7.152150960e+00  1.3643440e+01         -inf  6.89329e+05  1.36434e+01  1.44807e+01
7.180759564e+00  1.3616544e+01         -inf  6.89329e+05  1.36165e+01  1.45014e+01
7.209482602e+00  1.3719615e+01         -inf  6.89329e+05  1.37196e+01  1.46526e+01
7.238320533e+00  1.3915338e+01         -inf  6.89329e+05  1.39153e+01  1.48934e+01
7.267273815e+00  1.4217148e+01         -inf  6.89329e+05  1.42171e+01  1.52367e+01
7.296342910e+00  1.4148133e+01         -inf  6.89329e+05  1.41481e+01  1.52223e+01
7.325528282e+00  1.4751429e+01         -inf  6.89329e+05  1.47514e+01  1.58482e+01
7.354830395e+00  1.5410043e+01         -inf  6.89329e+05  1.54100e+01  1.65110e+01
7.384249717e+00  1.6224684e+01         -inf  6.89329e+05  1.62247e+01  1.73137e+01
7.413786715e+00  1.5643846e+01         -inf  6.89329e+05  1.56438e+01  1.68230e+01
7.443441862e+00  1.6458641e+01         -inf  6.89329e+05  1.64586e+01  1.76313e+01
7.473215630e+00  1.5959252e+01         -inf  6.89329e+05  1.59593e+01  1.72170e+01
7.503108492e+00  1.6390179e+01         -inf  6.89329e+05  1.63902e+01  1.76564e+01
7.533120926e+00  1.5661432e+01         -inf  6.89329e+05  1.56614e+01  1.70294e+01
7.563253410e+00  1.4619014e+01         -inf  6.89329e+05  1.46190e+01  1.61174e+01
7.593506424e+00  1.4792361e+01         -inf  6.89329e+05  1.47924e+01  1.63114e+01
7.623880449e+00  1.5967363e+01         -inf  6.89329e+05  1.59674e+01  1.74014e+01
7.654375971e+00  2.0839869e+01         -inf  6.89329e+05  2.08399e+01  2.18597e+01
7.684993475e+00  2.1348836e+01         -inf  6.89329e+05  2.13488e+01  2.22948e+01
7.715733449e+00  1.9762696e+01         -inf  6.89329e+05  1.97627e+01  2.09108e+01
7.746596383e+00  1.8155331e+01         -inf  6.89329e+05  1.81553e+01  1.95027e+01
7.777582768e+00  1.6796682e+01         -inf  6.89329e+05  1.67967e+01  1.83426e+01
7.808693099e+00  1.7707484e+01         -inf  6.89329e+05  1.77075e+01  1.91741e+01
7.839927872e+00  1.8397878e+01         -inf  6.89329e+05  1.83979e+01  1.97859e+01
7.871287583e+00  1.8422246e+01         -inf  6.89329e+05  1.84222e+01  1.98206e+01
7.902772733e+00  1.7307666e+01         -inf  6.89329e+05  1.73077e+01  1.88594e+01
7.934383824e+00  1.6505091e+01         -inf  6.89329e+05  1.65051e+01  1.81887e+01
7.966121360e+00  1.5146861e+01         -inf  6.89329e+05  1.51469e+01  1.70269e+01
7.997985845e+00  1.4331939e+01         -inf  6.89329e+05  1.43319e+01  1.63339e+01
8.029977788e+00  1.4187450e+01         -inf  6.89329e+05  1.41875e+01  1.62446e+01
8.062097700e+00  1.3498429e+01         -inf  6.89329e+05  1.34984e+01  1.56836e+01
8.094346090e+00  1.3163625e+01         -inf  6.89329e+05  1.31636e+01  1.54235e+01
8.126723475e+00  1.2700201e+01         -inf  6.89329e+05  1.27002e+01  1.50545e+01
8.159230369e+00  1.2381233e+01         -inf  6.89329e+05  1.23812e+01  1.48062e+01
8.191867290e+00  1.2488408e+01         -inf  6.89329e+05  1.24884e+01  1.49499e+01
8.224634759e+00  1.2152331e+01         -inf  6.89329e+05  1.21523e+01  1.46870e+01
8.257533298e+00  1.2188281e+01         -inf  6.89329e+05  1.21883e+01  1.47717e+01
8.290563432e+00  1.2024696e+01         -inf  6.89329e+05  1.20247e+01  1.46695e+01
8.323725685e+00  1.2223079e+01         -inf  6.89329e+05  1.22231e+01  1.49110e+01
8.357020588e+00  1.2357955e+01         -inf  6.89329e+05  1.23580e+01  1.50936e+01
8.390448670e+00  1.2691347e+01         -inf  6.89329e+05  1.26913e+01  1.54616e+01
8.424010465e+00  1.2903003e+01         -inf  6.89329e+05  1.29030e+01  1.57172e+01
8.457706507e+00  1.3257494e+01         -inf  6.89329e+05  1.32575e+01  1.61026e+01
8.491537333e+00  1.3402578e+01         -inf  6.89329e+05  1.34026e+01  1.63076e+01
8.525503482e+00  1.3550464e+01         -inf  6.89329e+05  1.35505e+01  1.65180e+01
8.559605496e+00  1.3377025e+01         -inf  6.89329e+05  1.33770e+01  1.64280e+01
8.593843918e+00  1.3656249e+01         -inf  6.89329e+05  1.36562e+01  1.67393e+01
8.628219294e+00  1.3884498e+01         -inf  6.89329e+05  1.38845e+01  1.70064e+01
8.662732171e+00  1.3770294e+01         -inf  6.89329e+05  1.37703e+01  1.69478e+01
8.697383100e+00  1.4388994e+01         -inf  6.89329e+05  1.43890e+01  1.76287e+01
8.732172632e+00  1.4325705e+01         -inf  6.89329e+05  1.43257e+01  1.76420e+01
8.767101323e+00  1.4323853e+01         -inf  6.89329e+05  1.43239e+01  1.77135e+01
8.802169728e+00  1.5199872e+01         -inf  6.89329e+05  1.51999e+01  1.86442e+01
8.837378407e+00  1.5291231e+01         -inf  6.89329e+05  1.52912e+01  1.87920e+01
8.872727920e+00  1.4905902e+01         -inf  6.89329e+05  1.49059e+01  1.84701e+01
8.908218832e+00  1.4943041e+01         -inf  6.89329e+05  1.49430e+01  1.85735e+01
8.943851707e+00  1.5014945e+01         -inf  6.89329e+05  1.50149e+01  1.87140e+01
8.979627114e+00  1.4533040e+01         -inf  6.89329e+05  1.45330e+01  1.83126e+01
9.015545623e+00  1.3954678e+01         -inf  6.89329e+05  1.39547e+01  1.78187e+01
9.051607805e+00  1.4428663e+01         -inf  6.89329e+05  1.44287e+01  1.83594e+01
9.087814236e+00  1.4376565e+01         -inf  6.89329e+05  1.43766e+01  1.83901e+01
9.124165493e+00  1.4417369e+01         -inf  6.89329e+05  1.44174e+01  1.85225e+01
9.160662155e+00  1.4783965e+01         -inf  6.89329e+05  1.47840e+01  1.89433e+01
9.197304804e+00  1.5660012e+01         -inf  6.89329e+05  1.56600e+01  1.97867e+01
9.234094023e+00  1.5189686e+01         -inf  6.89329e+05  1.51897e+01  1.92771e+01
9.271030399e+00  1.5028653e+01         -inf  6.89329e+05  1.50287e+01  1.91327e+01
9.308114521e+00  1.5805766e+01         -inf  6.89329e+05  1.58058e+01  2.00098e+01
9.345346979e+00  1.8366564e+01         -inf  6.89329e+05  1.83666e+01  2.26492e+01
9.382728367e+00  2.6952115e+01         -inf  6.89329e+05  2.69521e+01  3.10203e+01
9.420259280e+00  3.3565863e+01         -inf  6.89329e+05  3.35659e+01  3.69234e+01
9.457940318e+00  3.5601830e+01         -inf  6.89329e+05  3.56018e+01  3.85912e+01
9.495772079e+00  3.6770627e+01         -inf  6.89329e+05  3.67706e+01  3.95045e+01
9.533755167e+00  3.5253820e+01         -inf  6.89329e+05  3.52538e+01  3.83628e+01
9.571890188e+00  2.8899438e+01         -inf  6.89329e+05  2.88994e+01  3.30597e+01
9.610177749e+00  3.5238070e+01         -inf  6.89329e+05  3.52381e+01  3.84844e+01
9.648618460e+00  3.6456049e+01         -inf  6.89329e+05  3.64560e+01  3.97910e+01
9.687212933e+00  3.4916322e+01         -inf  6.89329e+05  3.49163e+01  3.85950e+01
9.725961785e+00  3.3524189e+01         -inf  6.89329e+05  3.35242e+01  3.72927e+01
9.764865632e+00  3.4012430e+01         -inf  6.89329e+05  3.40124e+01  3.78497e+01
9.803925095e+00  3.2949878e+01         -inf  6.89329e+05  3.29499e+01  3.70280e+01
9.843140795e+00  3.1343299e+01         -inf  6.89329e+05  3.13433e+01  3.56993e+01
9.882513358e+00  2.9303437e+01         -inf  6.89329e+05  2.93034e+01  3.40271e+01
9.922043412e+00  2.7123143e+01         -inf  6.89329e+05  2.71231e+01  3.21759e+01
9.961731585e+00  2.5299552e+01         -inf  6.89329e+05  2.52996e+01  3.06410e+01
1.000157851e+01  2.2701810e+01         -inf  6.89329e+05  2.27018e+01  2.83199e+01
1.004158483e+01  1.9385376e+01         -inf  6.89329e+05  1.93854e+01  2.52850e+01
1.008175117e+01  1.7651778e+01         -inf  6.89329e+05  1.76518e+01  2.37485e+01
1.012207817e+01  1.5189069e+01         -inf  6.89329e+05  1.51891e+01  2.14665e+01
1.016256648e+01  1.3276329e+01         -inf  6.89329e+05  1.32763e+01  1.96264e+01
1.020321675e+01  1.1469231e+01         -inf  6.89329e+05  1.14692e+01  1.78480e+01
1.024402962e+01  1.0249707e+01         -inf  6.89329e+05  1.02497e+01  1.66912e+01
1.028500573e+01  9.3956778e+00         -inf  6.89329e+05  9.39568e+00  1.59037e+01
1.032614576e+01  8.6389291e+00         -inf  6.89329e+05  8.63893e+00  1.52587e+01
1.036745034e+01  7.8791224e+00         -inf  6.89329e+05  7.87912e+00  1.48106e+01
1.040892014e+01  7.3596275e+00         -inf  6.89329e+05  7.35963e+00  1.44829e+01
1.045055582e+01  7.5031047e+00         -inf  6.89329e+05  7.50310e+00  1.45787e+01
1.049235805e+01  7.3059357e+00         -inf  6.89329e+05  7.30594e+00  1.44842e+01
1.053432748e+01  7.2054325e+00         -inf  6.89329e+05  7.20543e+00  1.44702e+01
1.057646479e+01  7.0703164e+00         -inf  6.89329e+05  7.07032e+00  1.44489e+01
1.061877065e+01  6.9038792e+00         -inf  6.89329e+05  6.90388e+00  1.44157e+01
1.066124573e+01  6.7166131e+00         -inf  6.89329e+05  6.71661e+00  1.43799e+01
1.070389071e+01  6.5098514e+00         -inf  6.89329e+05  6.50985e+00  1.43354e+01
1.074670627e+01  6.3041885e+00         -inf  6.89329e+05  6.30419e+00  1.42922e+01
1.078969310e+01  6.1137856e+00         -inf  6.89329e+05  6.11379e+00  1.42565e+01
1.083285187e+01  5.9337089e+00         -inf  6.89329e+05  5.93371e+00  1.42294e+01
1.087618328e+01  5.7859057e+00         -inf  6.89329e+05  5.78591e+00  1.42148e+01
1.091968801e+01  5.6508211e+00         -inf  6.89329e+05  5.65082e+00  1.42019e+01
1.096336676e+01  5.5193234e+00         -inf  6.89329e+05  5.51932e+00  1.41971e+01
1.100722023e+01  5.3965983e+00         -inf  6.89329e+05  5.39660e+00  1.41934e+01
1.105124911e+01  5.2709166e+00         -inf  6.89329e+05  5.27092e+00  1.41913e+01
1.109545411e+01  5.1509572e+00         -inf  6.89329e+05  5.15096e+00  1.41921e+01
1.113983593e+01  5.0202878e+00         -inf  6.89329e+05  5.02029e+00  1.41859e+01
1.118439527e+01  4.8899717e+00         -inf  6.89329e+05  4.88997e+00  1.41813e+01
1.122913285e+01  4.7584662e+00         -inf  6.89329e+05  4.75847e+00  1.41794e+01
1.127404938e+01  4.6261034e+00         -inf  6.89329e+05  4.62610e+00  1.41757e+01
1.131914558e+01  4.4952720e+00         -inf  6.89329e+05  4.49527e+00  1.41761e+01
1.136442216e+01  4.3603727e+00         -inf  6.89329e+05  4.36037e+00  1.41756e+01
1.140987985e+01  4.2255887e+00         -inf  6.89329e+05  4.22559e+00  1.41763e+01
1.145551937e+01  4.0892218e+00         -inf  6.89329e+05  4.08922e+00  1.41756e+01
1.150134145e+01  3.9523162e+00         -inf  6.89329e+05  3.95232e+00  1.41758e+01
1.154734681e+01  3.8122129e+00         -inf  6.89329e+05  3.81221e+00  1.41805e+01
1.159353620e+01  3.6711729e+00         -inf  6.89329e+05  3.67117e+00  1.41856e+01
1.163991035e+01  3.5317979e+00         -inf  6.89329e+05  3.53180e+00  1.41802e+01
1.168646999e+01  3.3930624e+00         -inf  6.89329e+05  3.39306e+00  1.41861e+01
1.173321587e+01  3.2525537e+00         -inf  6.89329e+05  3.25255e+00  1.41905e+01
1.178014873e+01  3.1118653e+00         -inf  6.89329e+05  3.11187e+00  1.41966e+01
1.182726932e+01  2.9752940e+00         -inf  6.89329e+05  2.97529e+00  1.42084e+01
1.187457840e+01  2.8307024e+00         -inf  6.89329e+05  2.83070e+00  1.42118e+01
1.192207672e+01  2.7049234e+00         -inf  6.89329e+05  2.70492e+00  1.42353e+01
1.196976502e+01  2.5570767e+00         -inf  6.89329e+05  2.55708e+00  1.42393e+01
1.201764408e+01  2.4473312e+00         -inf  6.89329e+05  2.44733e+00  1.42834e+01
1.206571466e+01  2.4489008e+00         -inf  6.89329e+05  2.44890e+00  1.43687e+01
1.211397752e+01  2.2060267e+00         -inf  6.89329e+05  2.20603e+00  1.43293e+01
1.216243343e+01  2.1931475e+00         -inf  6.89329e+05  2.19315e+00  1.44323e+01
1.221108316e+01  2.1023362e+00         -inf  6.89329e+05  2.10234e+00  1.44360e+01
1.225992749e+01  2.1452273e+00         -inf  6.89329e+05  2.14523e+00  1.45546e+01
1.230896720e+01  2.1382887e+00         -inf  6.89329e+05  2.13829e+00  1.46195e+01
1.235820307e+01  2.1386094e+00         -inf  6.89329e+05  2.13861e+00  1.46982e+01
1.240763589e+01  2.2040744e+00         -inf  6.89329e+05  2.20407e+00  1.48585e+01
1.245726643e+01  2.0525211e+00         -inf  6.89329e+05  2.05252e+00  1.48316e+01
1.250709549e+01  2.1395125e+00         -inf  6.89329e+05  2.13951e+00  1.50895e+01
1.255712388e+01  1.8183701e+00         -inf  6.89329e+05  1.81837e+00  1.49940e+01
1.260735237e+01  3.9927974e+00         -inf  6.89329e+05  3.99280e+00  1.59046e+01
1.265778178e+01  2.9249435e+00         -inf  6.89329e+05  2.92494e+00  1.58119e+01
1.270841291e+01  1.5855420e+00         -inf  6.89329e+05  1.58554e+00  1.53583e+01
1.275924656e+01  2.0287718e+00         -inf  6.89329e+05  2.02877e+00  1.57642e+01
1.281028355e+01  2.0076905e+00         -inf  6.89329e+05  2.00769e+00  1.57151e+01
1.286152468e+01  2.5128701e+00         -inf  6.89329e+05  2.51287e+00  1.61739e+01
1.291297078e+01  2.4536538e+00         -inf  6.89329e+05  2.45365e+00  1.60144e+01
1.296462266e+01  4.0606112e+00         -inf  6.89329e+05  4.06061e+00  1.71055e+01
1.301648115e+01  3.5390280e+00         -inf  6.89329e+05  3.53903e+00  1.64976e+01
1.306854708e+01  4.4680031e+00         -inf  6.89329e+05  4.46800e+00  1.74392e+01
1.312082127e+01  4.6067418e+00         -inf  6.89329e+05  4.60674e+00  1.71804e+01
1.317330455e+01  5.6628947e+00         -inf  6.89329e+05  5.66289e+00  1.75624e+01
1.322599777e+01  7.7960211e+00         -inf  6.89329e+05  7.79602e+00  1.89244e+01
1.327890176e+01  7.5741406e+00         -inf  6.89329e+05  7.57414e+00  1.83684e+01
1.333201737e+01  1.0051034e+01         -inf  6.89329e+05  1.00510e+01  2.04095e+01
1.338534544e+01  9.5303675e+00         -inf  6.89329e+05  9.53037e+00  1.95683e+01
1.343888682e+01  1.2130833e+01         -inf  6.89329e+05  1.21308e+01  2.17730e+01
1.349264237e+01  1.8070465e+01         -inf  6.89329e+05  1.80705e+01  2.60355e+01
1.354661294e+01  1.4187808e+01         -inf  6.89329e+05  1.41878e+01  2.29414e+01
1.360079939e+01  1.5350930e+01         -inf  6.89329e+05  1.53509e+01  2.41057e+01
1.365520258e+01  1.4634821e+01         -inf  6.89329e+05  1.46348e+01  2.34405e+01
1.370982339e+01  1.5549803e+01         -inf  6.89329e+05  1.55498e+01  2.46821e+01
1.376466269e+01  1.3227911e+01         -inf  6.89329e+05  1.32279e+01  2.27894e+01
1.381972134e+01  1.6011746e+01         -inf  6.89329e+05  1.60117e+01  2.53730e+01
1.387500022e+01  2.8912905e+01         -inf  6.89329e+05  2.89129e+01  3.57583e+01
1.393050023e+01  1.9450127e+01         -inf  6.89329e+05  1.94501e+01  2.76015e+01
1.398622223e+01  1.7480486e+01         -inf  6.89329e+05  1.74805e+01  2.60366e+01
1.404216712e+01  1.9440135e+01         -inf  6.89329e+05  1.94401e+01  2.74351e+01
1.409833578e+01  2.0274817e+01         -inf  6.89329e+05  2.02748e+01  2.80215e+01
1.415472913e+01  2.1822149e+01         -inf  6.89329e+05  2.18221e+01  2.90195e+01
1.421134804e+01  2.4786831e+01         -inf  6.89329e+05  2.47868e+01  3.15629e+01
1.426819344e+01  2.5851571e+01         -inf  6.89329e+05  2.58516e+01  3.23093e+01
1.432526621e+01  2.6717813e+01         -inf  6.89329e+05  2.67178e+01  3.30529e+01
1.438256727e+01  2.9220862e+01         -inf  6.89329e+05  2.92209e+01  3.54577e+01
1.444009754e+01  3.0418568e+01         -inf  6.89329e+05  3.04186e+01  3.68609e+01
1.449785793e+01  3.0796083e+01         -inf  6.89329e+05  3.07961e+01  3.71213e+01
1.455584937e+01  3.1436648e+01         -inf  6.89329e+05  3.14366e+01  3.80891e+01
1.461407276e+01  3.2807039e+01         -inf  6.89329e+05  3.28070e+01  3.98540e+01
1.467252905e+01  3.2442090e+01         -inf  6.89329e+05  3.24421e+01  3.95347e+01
1.473121917e+01  3.2404959e+01         -inf  6.89329e+05  3.24050e+01  3.96087e+01
1.479014405e+01  3.3231433e+01         -inf  6.89329e+05  3.32314e+01  4.08196e+01
1.484930462e+01  3.2981797e+01         -inf  6.89329e+05  3.29818e+01  4.05772e+01
1.490870184e+01  3.4511530e+01         -inf  6.89329e+05  3.45115e+01  4.24740e+01
1.496833665e+01  4.5509132e+01         -inf  6.89329e+05  4.55091e+01  5.71997e+01
1.502821000e+01  3.4367810e+01         -inf  6.89329e+05  3.43678e+01  4.23419e+01
1.508832284e+01  3.5134740e+01         -inf  6.89329e+05  3.51347e+01  4.36281e+01
1.514867613e+01  3.1971853e+01         -inf  6.89329e+05  3.19719e+01  3.99624e+01
1.520927083e+01  3.0879092e+01         -inf  6.89329e+05  3.08791e+01  3.85640e+01
1.527010791e+01  3.1505140e+01         -inf  6.89329e+05  3.15051e+01  3.95939e+01
1.533118835e+01  3.2219561e+01         -inf  6.89329e+05  3.22196e+01  4.05421e+01
1.539251310e+01  3.4277483e+01         -inf  6.89329e+05  3.42775e+01  4.31977e+01
1.545408315e+01  3.0322802e+01         -inf  6.89329e+05  3.03228e+01  3.86022e+01
1.551589948e+01  2.9831761e+01         -inf  6.89329e+05  2.98318e+01  3.80030e+01
1.557796308e+01  2.7897377e+01         -inf  6.89329e+05  2.78974e+01  3.60717e+01
1.564027493e+01  2.5882226e+01         -inf  6.89329e+05  2.58822e+01  3.40763e+01
1.570283603e+01  2.5891557e+01         -inf  6.89329e+05  2.58916e+01  3.44185e+01
1.576564738e+01  2.4206519e+01         -inf  6.89329e+05  2.42065e+01  3.29978e+01
1.582870997e+01  2.1938804e+01         -inf  6.89329e+05  2.19388e+01  3.13615e+01
1.589202481e+01  2.0253026e+01         -inf  6.89329e+05  2.02530e+01  3.01357e+01
1.595559291e+01  1.6463225e+01         -inf  6.89329e+05  1.64632e+01  2.74945e+01
1.601941528e+01  1.5899097e+01         -inf  6.89329e+05  1.58991e+01  2.73677e+01
1.608349294e+01  1.0336599e+01         -inf  6.89329e+05  1.03366e+01  2.37935e+01
1.614782691e+01  1.3338481e+01         -inf  6.89329e+05  1.33385e+01  2.60403e+01
1.621241822e+01  2.3416185e+01         -inf  6.89329e+05  2.34162e+01  3.43315e+01
1.627726789e+01  1.0291999e+01         -inf  6.89329e+05  1.02920e+01  2.41743e+01
1.634237696e+01  7.3417333e+00         -inf  6.89329e+05  7.34173e+00  2.22274e+01
1.640774647e+01  9.4077221e+00         -inf  6.89329e+05  9.40772e+00  2.36832e+01
1.647337746e+01  8.7197733e+00         -inf  6.89329e+05  8.71977e+00  2.35893e+01
1.653927097e+01  6.9729256e+00         -inf  6.89329e+05  6.97293e+00  2.22803e+01
1.660542805e+01  5.7741495e+00         -inf  6.89329e+05  5.77415e+00  2.16320e+01
1.667184976e+01  4.6262135e+00         -inf  6.89329e+05  4.62621e+00  2.12498e+01
1.673853716e+01  1.0878501e+01         -inf  6.89329e+05  1.08785e+01  2.57972e+01
1.680549131e+01  3.5681991e+00         -inf  6.89329e+05  3.56820e+00  2.11192e+01
1.687271328e+01  1.6095427e+00         -inf  6.89329e+05  1.60954e+00  1.98182e+01
1.694020413e+01  1.9906902e+00         -inf  6.89329e+05  1.99069e+00  2.07148e+01
1.700796495e+01 -1.0033916e-01         -inf  6.89329e+05 -1.00339e-01  1.91639e+01
1.707599681e+01 -3.6330041e+00         -inf  6.89329e+05 -3.63300e+00  1.75458e+01
1.714430079e+01 -4.0052721e+00         -inf  6.89329e+05 -4.00527e+00  1.75079e+01
1.721287800e+01 -5.2792435e+00         -inf  6.89329e+05 -5.27924e+00  1.70463e+01
1.728172951e+01 -6.6299705e+00         -inf  6.89329e+05 -6.62997e+00  1.66782e+01
1.735085643e+01 -6.8835376e+00         -inf  6.89329e+05 -6.88354e+00  1.67557e+01
1.742025985e+01 -9.3735243e+00         -inf  6.89329e+05 -9.37352e+00  1.57928e+01
1.748994089e+01 -9.1533937e+00         -inf  6.89329e+05 -9.15339e+00  1.59380e+01
1.755990065e+01 -1.0284561e+01         -inf  6.89329e+05 -1.02846e+01  1.56361e+01
1.763014026e+01 -1.1272686e+01         -inf  6.89329e+05 -1.12727e+01  1.52068e+01
1.770066082e+01 -1.1725455e+01         -inf  6.89329e+05 -1.17255e+01  1.51185e+01
1.777146346e+01 -1.2225381e+01         -inf  6.89329e+05 -1.22254e+01  1.50484e+01
1.784254932e+01 -1.3185289e+01         -inf  6.89329e+05 -1.31853e+01  1.47701e+01
1.791391951e+01 -1.3440006e+01         -inf  6.89329e+05 -1.34400e+01  1.46290e+01
1.798557519e+01 -1.3891395e+01         -inf  6.89329e+05 -1.38914e+01  1.45369e+01
1.805751749e+01 -1.4341611e+01         -inf  6.89329e+05 -1.43416e+01  1.44228e+01
1.812974756e+01 -1.4480053e+01         -inf  6.89329e+05 -1.44801e+01  1.44315e+01
1.820226655e+01 -1.4948986e+01         -inf  6.89329e+05 -1.49490e+01  1.43036e+01
1.827507562e+01 -1.4416946e+01         -inf  6.89329e+05 -1.44169e+01  1.45021e+01
1.834817592e+01 -1.0495292e+01         -inf  6.89329e+05 -1.04953e+01  1.62962e+01
1.842156862e+01 -1.5560896e+01         -inf  6.89329e+05 -1.55609e+01  1.42322e+01
1.849525490e+01 -1.5839819e+01         -inf  6.89329e+05 -1.58398e+01  1.42286e+01
1.856923592e+01 -1.5775890e+01         -inf  6.89329e+05 -1.57759e+01  1.43189e+01
1.864351286e+01 -1.5907356e+01         -inf  6.89329e+05 -1.59074e+01  1.43352e+01
1.871808691e+01 -1.6060393e+01         -inf  6.89329e+05 -1.60604e+01  1.43465e+01
1.879295926e+01 -1.6251861e+01         -inf  6.89329e+05 -1.62519e+01  1.43173e+01
1.886813110e+01 -1.6608963e+01         -inf  6.89329e+05 -1.66090e+01  1.42498e+01
1.894360362e+01 -1.6560301e+01         -inf  6.89329e+05 -1.65603e+01  1.43380e+01
1.901937804e+01 -1.6879079e+01         -inf  6.89329e+05 -1.68791e+01  1.42867e+01
1.909545555e+01 -1.7163274e+01         -inf  6.89329e+05 -1.71633e+01  1.42335e+01
1.917183737e+01 -1.7268389e+01         -inf  6.89329e+05 -1.72684e+01  1.42758e+01
1.924852472e+01 -1.7589400e+01         -inf  6.89329e+05 -1.75894e+01  1.42170e+01
1.932551882e+01 -1.7720226e+01         -inf  6.89329e+05 -1.77202e+01  1.42365e+01
1.940282089e+01 -1.7950493e+01         -inf  6.89329e+05 -1.79505e+01  1.42174e+01
1.948043218e+01 -1.8162305e+01         -inf  6.89329e+05 -1.81623e+01  1.42050e+01
1.955835391e+01 -1.8326056e+01         -inf  6.89329e+05 -1.83261e+01  1.42111e+01
1.963658732e+01 -1.8475065e+01         -inf  6.89329e+05 -1.84751e+01  1.42194e+01
1.971513367e+01 -1.8691564e+01         -inf  6.89329e+05 -1.86916e+01  1.42090e+01
1.979399421e+01 -1.8897789e+01         -inf  6.89329e+05 -1.88978e+01  1.41998e+01
1.987317018e+01 -1.9078954e+01         -inf  6.89329e+05 -1.90790e+01  1.42000e+01
1.995266286e+01 -1.9258102e+01         -inf  6.89329e+05 -1.92581e+01  1.42013e+01
