# WARNING | GENERATOR | Too many electrons per pixel (up to 9.04e+13) detected in the 1.54-19.95 um spectral range. Reduce exposure time per frame to less than 0.000 seconds.
# ------------------------------------------------------------------------
# Radiance spectrum
# NASA-GSFC Planetary Spectrum Generator (PSG) (Villanueva et al. 2018, 2022)
# Synthesized on Tue Jul 14 13:01:39 2026
# Doppler velocities [km/s] (vobs,vrot+vorb,vwidth,vrfl,vstr): 47.10000,-0.00000,0.03000,0.00000,-0.00000
# ------------------------------------------------------------------------
# Spectra synthesized with the Planetary and Universal Model of Atmospheric Scattering (PUMAS, Villanueva et al. 2018, 2022)
# Single scattering radiative transfer method
# Radiative transfer took 3.141 seconds
# ------------------------------------------------------------------------
# Spectral unit: Wavelength [um]
# Radiance unit: Contrast [transit atmospheric thickness, km]
# Wave/freq Total Noise Stellar Proxima-Centauri-b Transit
2.000000000e-01  5.5210932e+01         -inf  1.00779e+05  5.52109e+01  5.52109e+01
2.008000000e-01  5.4849509e+01         -inf  1.00779e+05  5.48495e+01  5.48495e+01
2.016032000e-01  5.4694168e+01         -inf  1.00779e+05  5.46942e+01  5.46942e+01
2.024096128e-01  5.4696802e+01         -inf  1.00779e+05  5.46968e+01  5.46968e+01
2.032192513e-01  5.4675815e+01         -inf  1.00779e+05  5.46758e+01  5.46758e+01
2.040321283e-01  5.4637528e+01         -inf  1.00779e+05  5.46375e+01  5.46375e+01
2.048482568e-01  5.4642709e+01         -inf  1.00779e+05  5.46427e+01  5.46427e+01
2.056676498e-01  5.4703827e+01         -inf  1.00779e+05  5.47038e+01  5.47038e+01
2.064903204e-01  5.4803759e+01         -inf  1.00779e+05  5.48038e+01  5.48038e+01
2.073162817e-01  5.4902371e+01         -inf  1.00779e+05  5.49024e+01  5.49024e+01
2.081455468e-01  5.5017578e+01         -inf  1.00779e+05  5.50176e+01  5.50176e+01
2.089781290e-01  5.5117241e+01         -inf  1.00779e+05  5.51172e+01  5.51172e+01
2.098140415e-01  5.5267128e+01         -inf  1.00779e+05  5.52671e+01  5.52671e+01
2.106532977e-01  5.5411392e+01         -inf  1.00779e+05  5.54114e+01  5.54114e+01
2.114959109e-01  5.5521585e+01         -inf  1.00779e+05  5.55216e+01  5.55216e+01
2.123418945e-01  5.5799212e+01         -inf  1.00779e+05  5.57992e+01  5.57992e+01
2.131912621e-01  5.6142497e+01         -inf  1.00779e+05  5.61425e+01  5.61425e+01
2.140440271e-01  5.6199826e+01         -inf  1.00779e+05  5.61998e+01  5.61998e+01
2.149002032e-01  5.6512540e+01         -inf  1.00779e+05  5.65125e+01  5.65125e+01
2.157598041e-01  5.6834368e+01         -inf  1.00779e+05  5.68344e+01  5.68344e+01
2.166228433e-01  5.7153020e+01         -inf  1.00779e+05  5.71530e+01  5.71530e+01
2.174893346e-01  5.7499482e+01         -inf  1.00779e+05  5.74995e+01  5.74995e+01
2.183592920e-01  5.7823983e+01         -inf  1.00779e+05  5.78240e+01  5.78240e+01
2.192327292e-01  5.8166723e+01         -inf  1.00779e+05  5.81667e+01  5.81667e+01
2.201096601e-01  5.8516906e+01         -inf  1.00779e+05  5.85169e+01  5.85169e+01
2.209900987e-01  5.8856977e+01         -inf  1.00779e+05  5.88570e+01  5.88570e+01
2.218740591e-01  5.9218443e+01         -inf  1.00779e+05  5.92184e+01  5.92184e+01
2.227615553e-01  5.9578660e+01         -inf  1.00779e+05  5.95787e+01  5.95787e+01
2.236526016e-01  5.9927889e+01         -inf  1.00779e+05  5.99279e+01  5.99279e+01
2.245472120e-01  6.0308159e+01         -inf  1.00779e+05  6.03082e+01  6.03082e+01
2.254454008e-01  6.0642435e+01         -inf  1.00779e+05  6.06424e+01  6.06424e+01
2.263471824e-01  6.1025998e+01         -inf  1.00779e+05  6.10260e+01  6.10260e+01
2.272525711e-01  6.1379712e+01         -inf  1.00779e+05  6.13797e+01  6.13797e+01
2.281615814e-01  6.1741214e+01         -inf  1.00779e+05  6.17412e+01  6.17412e+01
2.290742278e-01  6.2119361e+01         -inf  1.00779e+05  6.21194e+01  6.21194e+01
2.299905247e-01  6.2449861e+01         -inf  1.00779e+05  6.24499e+01  6.24499e+01
2.309104868e-01  6.2832792e+01         -inf  1.00779e+05  6.28328e+01  6.28328e+01
2.318341287e-01  6.3156853e+01         -inf  1.00779e+05  6.31569e+01  6.31569e+01
2.327614652e-01  6.3531061e+01         -inf  1.00779e+05  6.35311e+01  6.35311e+01
2.336925111e-01  6.3840707e+01         -inf  1.00779e+05  6.38407e+01  6.38407e+01
2.346272811e-01  6.4192866e+01         -inf  1.00779e+05  6.41929e+01  6.41929e+01
2.355657903e-01  6.4490819e+01         -inf  1.00779e+05  6.44908e+01  6.44908e+01
2.365080534e-01  6.4799630e+01         -inf  1.00779e+05  6.47996e+01  6.47996e+01
2.374540856e-01  6.5116230e+01         -inf  1.00779e+05  6.51162e+01  6.51162e+01
2.384039020e-01  6.5392924e+01         -inf  1.00779e+05  6.53929e+01  6.53929e+01
2.393575176e-01  6.5650934e+01         -inf  1.00779e+05  6.56509e+01  6.56509e+01
2.403149477e-01  6.5939966e+01         -inf  1.00779e+05  6.59400e+01  6.59400e+01
2.412762074e-01  6.6156228e+01         -inf  1.00779e+05  6.61562e+01  6.61562e+01
2.422413123e-01  6.6390979e+01         -inf  1.00779e+05  6.63910e+01  6.63910e+01
2.432102775e-01  6.6635451e+01         -inf  1.00779e+05  6.66355e+01  6.66355e+01
2.441831186e-01  6.6819697e+01         -inf  1.00779e+05  6.68197e+01  6.68197e+01
2.451598511e-01  6.7014982e+01         -inf  1.00779e+05  6.70150e+01  6.70150e+01
2.461404905e-01  6.7170645e+01         -inf  1.00779e+05  6.71706e+01  6.71706e+01
2.471250525e-01  6.7308512e+01         -inf  1.00779e+05  6.73085e+01  6.73085e+01
2.481135527e-01  6.7416052e+01         -inf  1.00779e+05  6.74161e+01  6.74161e+01
2.491060069e-01  6.7590723e+01         -inf  1.00779e+05  6.75907e+01  6.75907e+01
2.501024309e-01  6.7661800e+01         -inf  1.00779e+05  6.76618e+01  6.76618e+01
2.511028406e-01  6.7645586e+01         -inf  1.00779e+05  6.76456e+01  6.76456e+01
2.521072520e-01  6.7833397e+01         -inf  1.00779e+05  6.78334e+01  6.78334e+01
2.531156810e-01  6.7788614e+01         -inf  1.00779e+05  6.77886e+01  6.77886e+01
2.541281437e-01  6.7808508e+01         -inf  1.00779e+05  6.78085e+01  6.78085e+01
2.551446563e-01  6.7870731e+01         -inf  1.00779e+05  6.78707e+01  6.78707e+01
2.561652349e-01  6.7802987e+01         -inf  1.00779e+05  6.78030e+01  6.78030e+01
2.571898959e-01  6.7696418e+01         -inf  1.00779e+05  6.76964e+01  6.76964e+01
2.582186555e-01  6.7734541e+01         -inf  1.00779e+05  6.77345e+01  6.77345e+01
2.592515301e-01  6.7642782e+01         -inf  1.00779e+05  6.76428e+01  6.76428e+01
2.602885362e-01  6.7501591e+01         -inf  1.00779e+05  6.75016e+01  6.75016e+01
2.613296904e-01  6.7403080e+01         -inf  1.00779e+05  6.74031e+01  6.74031e+01
2.623750091e-01  6.7277836e+01         -inf  1.00779e+05  6.72778e+01  6.72778e+01
2.634245092e-01  6.6999380e+01         -inf  1.00779e+05  6.69994e+01  6.69994e+01
2.644782072e-01  6.6978783e+01         -inf  1.00779e+05  6.69788e+01  6.69788e+01
2.655361200e-01  6.6686903e+01         -inf  1.00779e+05  6.66869e+01  6.66869e+01
2.665982645e-01  6.6445940e+01         -inf  1.00779e+05  6.64459e+01  6.64459e+01
2.676646576e-01  6.6220395e+01         -inf  1.00779e+05  6.62204e+01  6.62204e+01
2.687353162e-01  6.5817236e+01         -inf  1.00779e+05  6.58172e+01  6.58172e+01
2.698102574e-01  6.5687053e+01         -inf  1.00779e+05  6.56871e+01  6.56871e+01
2.708894985e-01  6.5221175e+01         -inf  1.00779e+05  6.52212e+01  6.52212e+01
2.719730565e-01  6.4956134e+01         -inf  1.00779e+05  6.49561e+01  6.49561e+01
2.730609487e-01  6.4597265e+01         -inf  1.00779e+05  6.45973e+01  6.45973e+01
2.741531925e-01  6.4051163e+01         -inf  1.00779e+05  6.40512e+01  6.40512e+01
2.752498053e-01  6.3755470e+01         -inf  1.00779e+05  6.37555e+01  6.37555e+01
2.763508045e-01  6.3300330e+01         -inf  1.00779e+05  6.33003e+01  6.33003e+01
2.774562077e-01  6.2858402e+01         -inf  1.00779e+05  6.28584e+01  6.28584e+01
2.785660325e-01  6.2380482e+01         -inf  1.00779e+05  6.23805e+01  6.23805e+01
2.796802967e-01  6.1938755e+01         -inf  1.00779e+05  6.19388e+01  6.19388e+01
2.807990178e-01  6.1369185e+01         -inf  1.00779e+05  6.13692e+01  6.13692e+01
2.819222139e-01  6.0826323e+01         -inf  1.00779e+05  6.08263e+01  6.08263e+01
2.830499028e-01  6.0420025e+01         -inf  1.00779e+05  6.04200e+01  6.04200e+01
2.841821024e-01  5.9831897e+01         -inf  1.00779e+05  5.98319e+01  5.98319e+01
2.853188308e-01  5.9293120e+01         -inf  1.00779e+05  5.92931e+01  5.92931e+01
2.864601061e-01  5.8819241e+01         -inf  1.00779e+05  5.88192e+01  5.88192e+01
2.876059465e-01  5.8237727e+01         -inf  1.00779e+05  5.82377e+01  5.82377e+01
2.887563703e-01  5.7645716e+01         -inf  1.00779e+05  5.76457e+01  5.76457e+01
2.899113958e-01  5.7115187e+01         -inf  1.00779e+05  5.71152e+01  5.71152e+01
2.910710414e-01  5.6601382e+01         -inf  1.00779e+05  5.66014e+01  5.66014e+01
2.922353256e-01  5.5979724e+01         -inf  1.00779e+05  5.59797e+01  5.59797e+01
2.934042669e-01  5.5432202e+01         -inf  1.00779e+05  5.54322e+01  5.54322e+01
2.945778839e-01  5.4863998e+01         -inf  1.00779e+05  5.48640e+01  5.48640e+01
2.957561955e-01  5.4199143e+01         -inf  1.00779e+05  5.41991e+01  5.41991e+01
2.969392202e-01  5.3593768e+01         -inf  1.00779e+05  5.35938e+01  5.35938e+01
2.981269771e-01  5.2942487e+01         -inf  1.00779e+05  5.29425e+01  5.29425e+01
2.993194850e-01  5.2321975e+01         -inf  1.00779e+05  5.23220e+01  5.23220e+01
3.005167630e-01  5.1660464e+01         -inf  1.00779e+05  5.16605e+01  5.16605e+01
3.017188300e-01  5.0931846e+01         -inf  1.00779e+05  5.09318e+01  5.09318e+01
3.029257054e-01  5.0226522e+01         -inf  1.00779e+05  5.02265e+01  5.02265e+01
3.041374082e-01  4.9619726e+01         -inf  1.00779e+05  4.96197e+01  4.96197e+01
3.053539578e-01  4.8719314e+01         -inf  1.00779e+05  4.87193e+01  4.87193e+01
3.065753736e-01  4.8170833e+01         -inf  1.00779e+05  4.81708e+01  4.81708e+01
3.078016751e-01  4.7194000e+01         -inf  1.00779e+05  4.71940e+01  4.71940e+01
3.090328818e-01  4.6622971e+01         -inf  1.00779e+05  4.66230e+01  4.66230e+01
3.102690134e-01  4.5594377e+01         -inf  1.00779e+05  4.55944e+01  4.55944e+01
3.115100894e-01  4.5016261e+01         -inf  1.00779e+05  4.50163e+01  4.50163e+01
3.127561298e-01  4.3865064e+01         -inf  1.00779e+05  4.38651e+01  4.38651e+01
3.140071543e-01  4.3392619e+01         -inf  1.00779e+05  4.33926e+01  4.33926e+01
3.152631829e-01  4.2300259e+01         -inf  1.00779e+05  4.23003e+01  4.23003e+01
3.165242356e-01  4.1199006e+01         -inf  1.00779e+05  4.11990e+01  4.11990e+01
3.177903326e-01  4.0947775e+01         -inf  1.00779e+05  4.09478e+01  4.09478e+01
3.190614939e-01  3.9052631e+01         -inf  1.00779e+05  3.90526e+01  3.90526e+01
3.203377399e-01  3.9196108e+01         -inf  1.00779e+05  3.91961e+01  3.91961e+01
3.216190908e-01  3.7117930e+01         -inf  1.00779e+05  3.71179e+01  3.71179e+01
3.229055672e-01  3.7626575e+01         -inf  1.00779e+05  3.76266e+01  3.76266e+01
3.241971895e-01  3.4446740e+01         -inf  1.00779e+05  3.44467e+01  3.44467e+01
3.254939782e-01  3.6235698e+01         -inf  1.00779e+05  3.62357e+01  3.62357e+01
3.267959541e-01  3.2678879e+01         -inf  1.00779e+05  3.26789e+01  3.26789e+01
3.281031380e-01  3.4555966e+01         -inf  1.00779e+05  3.45560e+01  3.45560e+01
3.294155505e-01  3.0566368e+01         -inf  1.00779e+05  3.05664e+01  3.05664e+01
3.307332127e-01  3.2695708e+01         -inf  1.00779e+05  3.26957e+01  3.26957e+01
3.320561456e-01  3.0485721e+01         -inf  1.00779e+05  3.04857e+01  3.04857e+01
3.333843702e-01  3.0459103e+01         -inf  1.00779e+05  3.04591e+01  3.04591e+01
3.347179076e-01  2.9564863e+01         -inf  1.00779e+05  2.95649e+01  2.95649e+01
3.360567793e-01  2.8283362e+01         -inf  1.00779e+05  2.82834e+01  2.82834e+01
3.374010064e-01  2.9771753e+01         -inf  1.00779e+05  2.97718e+01  2.97718e+01
3.387506104e-01  2.7702918e+01         -inf  1.00779e+05  2.77029e+01  2.77029e+01
3.401056128e-01  2.8156926e+01         -inf  1.00779e+05  2.81569e+01  2.81569e+01
3.414660353e-01  2.7243676e+01         -inf  1.00779e+05  2.72437e+01  2.72437e+01
3.428318994e-01  2.6921006e+01         -inf  1.00779e+05  2.69210e+01  2.69210e+01
3.442032270e-01  2.7678846e+01         -inf  1.00779e+05  2.76788e+01  2.76788e+01
3.455800399e-01  2.6737220e+01         -inf  1.00779e+05  2.67372e+01  2.67372e+01
3.469623601e-01  2.6624336e+01         -inf  1.00779e+05  2.66243e+01  2.66243e+01
3.483502095e-01  2.6419728e+01         -inf  1.00779e+05  2.64197e+01  2.64197e+01
3.497436104e-01  2.6204530e+01         -inf  1.00779e+05  2.62045e+01  2.62045e+01
3.511425848e-01  2.6334091e+01         -inf  1.00779e+05  2.63341e+01  2.63341e+01
3.525471552e-01  2.6162989e+01         -inf  1.00779e+05  2.61630e+01  2.61630e+01
3.539573438e-01  2.5916384e+01         -inf  1.00779e+05  2.59164e+01  2.59164e+01
3.553731732e-01  2.5847233e+01         -inf  1.00779e+05  2.58472e+01  2.58472e+01
3.567946659e-01  2.5734157e+01         -inf  1.00779e+05  2.57342e+01  2.57342e+01
3.582218445e-01  2.5639426e+01         -inf  1.00779e+05  2.56394e+01  2.56394e+01
3.596547319e-01  2.5596735e+01         -inf  1.00779e+05  2.55967e+01  2.55967e+01
3.610933508e-01  2.5477392e+01         -inf  1.00779e+05  2.54774e+01  2.54774e+01
3.625377242e-01  2.5374188e+01         -inf  1.00779e+05  2.53742e+01  2.53742e+01
3.639878751e-01  2.5286420e+01         -inf  1.00779e+05  2.52864e+01  2.52864e+01
3.654438266e-01  2.5201033e+01         -inf  1.00779e+05  2.52010e+01  2.52010e+01
3.669056019e-01  2.5111057e+01         -inf  1.00779e+05  2.51111e+01  2.51111e+01
3.683732243e-01  2.5029284e+01         -inf  1.00779e+05  2.50293e+01  2.50293e+01
3.698467172e-01  2.4941952e+01         -inf  1.00779e+05  2.49420e+01  2.49420e+01
3.713261041e-01  2.4853208e+01         -inf  1.00779e+05  2.48532e+01  2.48532e+01
3.728114085e-01  2.4767462e+01         -inf  1.00779e+05  2.47675e+01  2.47675e+01
3.743026542e-01  2.4683744e+01         -inf  1.00779e+05  2.46837e+01  2.46837e+01
3.757998648e-01  2.4597378e+01         -inf  1.00779e+05  2.45974e+01  2.45974e+01
3.773030642e-01  2.4513305e+01         -inf  1.00779e+05  2.45133e+01  2.45133e+01
3.788122765e-01  2.4430730e+01         -inf  1.00779e+05  2.44307e+01  2.44307e+01
3.803275256e-01  2.4348596e+01         -inf  1.00779e+05  2.43486e+01  2.43486e+01
3.818488357e-01  2.4259667e+01         -inf  1.00779e+05  2.42597e+01  2.42597e+01
3.833762310e-01  2.4173472e+01         -inf  1.00779e+05  2.41735e+01  2.41735e+01
3.849097360e-01  2.4087540e+01         -inf  1.00779e+05  2.40875e+01  2.40875e+01
3.864493749e-01  2.4003108e+01         -inf  1.00779e+05  2.40031e+01  2.40031e+01
3.879951724e-01  2.3918144e+01         -inf  1.00779e+05  2.39181e+01  2.39181e+01
3.895471531e-01  2.3832915e+01         -inf  1.00779e+05  2.38329e+01  2.38329e+01
3.911053417e-01  2.3749009e+01         -inf  1.00779e+05  2.37490e+01  2.37490e+01
3.926697631e-01  2.3666248e+01         -inf  1.00779e+05  2.36662e+01  2.36662e+01
3.942404421e-01  2.3584810e+01         -inf  1.00779e+05  2.35848e+01  2.35848e+01
3.958174039e-01  2.3502488e+01         -inf  1.00779e+05  2.35025e+01  2.35025e+01
3.974006735e-01  2.3417695e+01         -inf  1.00779e+05  2.34177e+01  2.34177e+01
3.989902762e-01  2.3332283e+01         -inf  1.00779e+05  2.33323e+01  2.33323e+01
4.005862373e-01  2.3250046e+01         -inf  1.00779e+05  2.32500e+01  2.32500e+01
4.021885823e-01  2.3169573e+01         -inf  1.00779e+05  2.31696e+01  2.31696e+01
4.037973366e-01  2.3084423e+01         -inf  1.00779e+05  2.30844e+01  2.30844e+01
4.054125259e-01  2.2998654e+01         -inf  1.00779e+05  2.29987e+01  2.29987e+01
4.070341760e-01  2.2922854e+01         -inf  1.00779e+05  2.29229e+01  2.29229e+01
4.086623127e-01  2.2853055e+01         -inf  1.00779e+05  2.28531e+01  2.28531e+01
4.102969620e-01  2.2773724e+01         -inf  1.00779e+05  2.27737e+01  2.27737e+01
4.119381498e-01  2.2683186e+01         -inf  1.00779e+05  2.26832e+01  2.26832e+01
4.135859024e-01  2.2593352e+01         -inf  1.00779e+05  2.25934e+01  2.25934e+01
4.152402460e-01  2.2519136e+01         -inf  1.00779e+05  2.25191e+01  2.25191e+01
4.169012070e-01  2.2451009e+01         -inf  1.00779e+05  2.24510e+01  2.24510e+01
4.185688119e-01  2.2368938e+01         -inf  1.00779e+05  2.23689e+01  2.23689e+01
4.202430871e-01  2.2283512e+01         -inf  1.00779e+05  2.22835e+01  2.22835e+01
4.219240595e-01  2.2219619e+01         -inf  1.00779e+05  2.22196e+01  2.22196e+01
4.236117557e-01  2.2175316e+01         -inf  1.00779e+05  2.21753e+01  2.21753e+01
4.253062027e-01  2.2122630e+01         -inf  1.00779e+05  2.21226e+01  2.21226e+01
4.270074275e-01  2.2033053e+01         -inf  1.00779e+05  2.20331e+01  2.20331e+01
4.287154572e-01  2.1927765e+01         -inf  1.00779e+05  2.19278e+01  2.19278e+01
4.304303191e-01  2.1848865e+01         -inf  1.00779e+05  2.18489e+01  2.18489e+01
4.321520403e-01  2.1806325e+01         -inf  1.00779e+05  2.18063e+01  2.18063e+01
4.338806485e-01  2.1743310e+01         -inf  1.00779e+05  2.17433e+01  2.17433e+01
4.356161711e-01  2.1650727e+01         -inf  1.00779e+05  2.16507e+01  2.16507e+01
4.373586358e-01  2.1587974e+01         -inf  1.00779e+05  2.15880e+01  2.15880e+01
4.391080703e-01  2.1586121e+01         -inf  1.00779e+05  2.15861e+01  2.15861e+01
4.408645026e-01  2.1599625e+01         -inf  1.00779e+05  2.15996e+01  2.15996e+01
4.426279606e-01  2.1580384e+01         -inf  1.00779e+05  2.15804e+01  2.15804e+01
4.443984725e-01  2.1484357e+01         -inf  1.00779e+05  2.14844e+01  2.14844e+01
4.461760664e-01  2.1345256e+01         -inf  1.00779e+05  2.13453e+01  2.13453e+01
4.479607706e-01  2.1273497e+01         -inf  1.00779e+05  2.12735e+01  2.12735e+01
4.497526137e-01  2.1280470e+01         -inf  1.00779e+05  2.12805e+01  2.12805e+01
4.515516242e-01  2.1236868e+01         -inf  1.00779e+05  2.12369e+01  2.12369e+01
4.533578307e-01  2.1131920e+01         -inf  1.00779e+05  2.11319e+01  2.11319e+01
4.551712620e-01  2.1085757e+01         -inf  1.00779e+05  2.10858e+01  2.10858e+01
4.569919470e-01  2.1154781e+01         -inf  1.00779e+05  2.11548e+01  2.11548e+01
4.588199148e-01  2.1272085e+01         -inf  1.00779e+05  2.12721e+01  2.12721e+01
4.606551945e-01  2.1369881e+01         -inf  1.00779e+05  2.13699e+01  2.13699e+01
4.624978152e-01  2.1318777e+01         -inf  1.00779e+05  2.13188e+01  2.13188e+01
4.643478065e-01  2.1115415e+01         -inf  1.00779e+05  2.11154e+01  2.11154e+01
4.662051977e-01  2.0958917e+01         -inf  1.00779e+05  2.09589e+01  2.09589e+01
4.680700185e-01  2.0974364e+01         -inf  1.00779e+05  2.09744e+01  2.09744e+01
4.699422986e-01  2.1025383e+01         -inf  1.00779e+05  2.10254e+01  2.10254e+01
4.718220678e-01  2.0969950e+01         -inf  1.00779e+05  2.09700e+01  2.09700e+01
4.737093561e-01  2.0921844e+01         -inf  1.00779e+05  2.09218e+01  2.09218e+01
4.756041935e-01  2.1026618e+01         -inf  1.00779e+05  2.10266e+01  2.10266e+01
4.775066103e-01  2.1279146e+01         -inf  1.00779e+05  2.12791e+01  2.12791e+01
4.794166367e-01  2.1542344e+01         -inf  1.00779e+05  2.15423e+01  2.15423e+01
4.813343033e-01  2.1745251e+01         -inf  1.00779e+05  2.17453e+01  2.17453e+01
4.832596405e-01  2.1713037e+01         -inf  1.00779e+05  2.17130e+01  2.17130e+01
4.851926790e-01  2.1466351e+01         -inf  1.00779e+05  2.14664e+01  2.14664e+01
4.871334497e-01  2.1264936e+01         -inf  1.00779e+05  2.12649e+01  2.12649e+01
4.890819835e-01  2.1281529e+01         -inf  1.00779e+05  2.12815e+01  2.12815e+01
4.910383115e-01  2.1383650e+01         -inf  1.00779e+05  2.13836e+01  2.13836e+01
4.930024647e-01  2.1387445e+01         -inf  1.00779e+05  2.13874e+01  2.13874e+01
4.949744746e-01  2.1370763e+01         -inf  1.00779e+05  2.13708e+01  2.13708e+01
4.969543725e-01  2.1500244e+01         -inf  1.00779e+05  2.15002e+01  2.15002e+01
4.989421900e-01  2.1826624e+01         -inf  1.00779e+05  2.18266e+01  2.18266e+01
5.009379587e-01  2.2271951e+01         -inf  1.00779e+05  2.22720e+01  2.22720e+01
5.029417106e-01  2.2716277e+01         -inf  1.00779e+05  2.27163e+01  2.27163e+01
5.049534774e-01  2.2971828e+01         -inf  1.00779e+05  2.29718e+01  2.29718e+01
5.069732913e-01  2.2929384e+01         -inf  1.00779e+05  2.29294e+01  2.29294e+01
5.090011845e-01  2.2707276e+01         -inf  1.00779e+05  2.27073e+01  2.27073e+01
5.110371892e-01  2.2557347e+01         -inf  1.00779e+05  2.25573e+01  2.25573e+01
5.130813380e-01  2.2603676e+01         -inf  1.00779e+05  2.26037e+01  2.26037e+01
5.151336633e-01  2.2746457e+01         -inf  1.00779e+05  2.27465e+01  2.27465e+01
5.171941980e-01  2.2861438e+01         -inf  1.00779e+05  2.28614e+01  2.28614e+01
5.192629748e-01  2.2965563e+01         -inf  1.00779e+05  2.29656e+01  2.29656e+01
5.213400267e-01  2.3143190e+01         -inf  1.00779e+05  2.31432e+01  2.31432e+01
5.234253868e-01  2.3451048e+01         -inf  1.00779e+05  2.34510e+01  2.34510e+01
5.255190883e-01  2.3860178e+01         -inf  1.00779e+05  2.38602e+01  2.38602e+01
5.276211647e-01  2.4297603e+01         -inf  1.00779e+05  2.42976e+01  2.42976e+01
5.297316493e-01  2.4684979e+01         -inf  1.00779e+05  2.46850e+01  2.46850e+01
5.318505759e-01  2.4945216e+01         -inf  1.00779e+05  2.49452e+01  2.49452e+01
5.339779782e-01  2.5025667e+01         -inf  1.00779e+05  2.50257e+01  2.50257e+01
5.361138902e-01  2.4961095e+01         -inf  1.00779e+05  2.49611e+01  2.49611e+01
5.382583457e-01  2.4929779e+01         -inf  1.00779e+05  2.49298e+01  2.49298e+01
5.404113791e-01  2.5055571e+01         -inf  1.00779e+05  2.50556e+01  2.50556e+01
5.425730246e-01  2.5281216e+01         -inf  1.00779e+05  2.52812e+01  2.52812e+01
5.447433167e-01  2.5485683e+01         -inf  1.00779e+05  2.54857e+01  2.54857e+01
5.469222900e-01  2.5615434e+01         -inf  1.00779e+05  2.56154e+01  2.56154e+01
5.491099791e-01  2.5700904e+01         -inf  1.00779e+05  2.57009e+01  2.57009e+01
5.513064191e-01  2.5788579e+01         -inf  1.00779e+05  2.57886e+01  2.57886e+01
5.535116447e-01  2.5905094e+01         -inf  1.00779e+05  2.59051e+01  2.59051e+01
5.557256913e-01  2.6082552e+01         -inf  1.00779e+05  2.60826e+01  2.60826e+01
5.579485941e-01  2.6357551e+01         -inf  1.00779e+05  2.63576e+01  2.63576e+01
5.601803884e-01  2.6714644e+01         -inf  1.00779e+05  2.67146e+01  2.67146e+01
5.624211100e-01  2.7066514e+01         -inf  1.00779e+05  2.70665e+01  2.70665e+01
5.646707944e-01  2.7341383e+01         -inf  1.00779e+05  2.73414e+01  2.73414e+01
5.669294776e-01  2.7549400e+01         -inf  1.00779e+05  2.75494e+01  2.75494e+01
5.691971955e-01  2.7743039e+01         -inf  1.00779e+05  2.77430e+01  2.77430e+01
5.714739843e-01  2.7936583e+01         -inf  1.00779e+05  2.79366e+01  2.79366e+01
5.737598803e-01  2.8049269e+01         -inf  1.00779e+05  2.80493e+01  2.80493e+01
5.760549198e-01  2.8010561e+01         -inf  1.00779e+05  2.80106e+01  2.80106e+01
5.783591395e-01  2.7851759e+01         -inf  1.00779e+05  2.78518e+01  2.78518e+01
5.806725760e-01  2.7602308e+01         -inf  1.00779e+05  2.76023e+01  2.76023e+01
5.829952663e-01  2.7367043e+01         -inf  1.00779e+05  2.73670e+01  2.73670e+01
5.853272474e-01  2.7215105e+01         -inf  1.00779e+05  2.72151e+01  2.72151e+01
5.876685564e-01  2.7144293e+01         -inf  1.00779e+05  2.71443e+01  2.71443e+01
5.900192306e-01  2.7165193e+01         -inf  1.00779e+05  2.71652e+01  2.71652e+01
5.923793075e-01  2.7317838e+01         -inf  1.00779e+05  2.73178e+01  2.73178e+01
5.947488247e-01  2.7609274e+01         -inf  1.00779e+05  2.76093e+01  2.76093e+01
5.971278200e-01  2.7939229e+01         -inf  1.00779e+05  2.79392e+01  2.79392e+01
5.995163313e-01  2.8199865e+01         -inf  1.00779e+05  2.81999e+01  2.81999e+01
6.019143966e-01  2.8300908e+01         -inf  1.00779e+05  2.83009e+01  2.83009e+01
6.043220542e-01  2.8218381e+01         -inf  1.00779e+05  2.82184e+01  2.82184e+01
6.067393425e-01  2.7977584e+01         -inf  1.00779e+05  2.79776e+01  2.79776e+01
6.091662998e-01  2.7624793e+01         -inf  1.00779e+05  2.76248e+01  2.76248e+01
6.116029650e-01  2.7229479e+01         -inf  1.00779e+05  2.72295e+01  2.72295e+01
6.140493769e-01  2.6843753e+01         -inf  1.00779e+05  2.68438e+01  2.68438e+01
6.165055744e-01  2.6490989e+01         -inf  1.00779e+05  2.64910e+01  2.64910e+01
6.189715967e-01  2.6182569e+01         -inf  1.00779e+05  2.61826e+01  2.61826e+01
6.214474831e-01  2.5921852e+01         -inf  1.00779e+05  2.59219e+01  2.59219e+01
6.239332730e-01  2.5687497e+01         -inf  1.00779e+05  2.56875e+01  2.56875e+01
6.264290061e-01  2.5446166e+01         -inf  1.00779e+05  2.54462e+01  2.54462e+01
6.289347221e-01  2.5479597e+01         -inf  1.00779e+05  2.54796e+01  2.54796e+01
6.314504610e-01  2.4940100e+01         -inf  1.00779e+05  2.49401e+01  2.49401e+01
6.339762629e-01  2.4487192e+01         -inf  1.00779e+05  2.44872e+01  2.44872e+01
6.365121679e-01  2.4048456e+01         -inf  1.00779e+05  2.40485e+01  2.40485e+01
6.390582166e-01  2.3602809e+01         -inf  1.00779e+05  2.36028e+01  2.36028e+01
6.416144494e-01  2.3156514e+01         -inf  1.00779e+05  2.31565e+01  2.31565e+01
6.441809072e-01  2.2765429e+01         -inf  1.00779e+05  2.27654e+01  2.27654e+01
6.467576309e-01  2.2401502e+01         -inf  1.00779e+05  2.24015e+01  2.24015e+01
6.493446614e-01  2.2052998e+01         -inf  1.00779e+05  2.20530e+01  2.20530e+01
6.519420400e-01  2.1727335e+01         -inf  1.00779e+05  2.17273e+01  2.17273e+01
6.545498082e-01  2.1379325e+01         -inf  1.00779e+05  2.13793e+01  2.13793e+01
6.571680074e-01  2.1020881e+01         -inf  1.00779e+05  2.10209e+01  2.10209e+01
6.597966795e-01  2.0673981e+01         -inf  1.00779e+05  2.06740e+01  2.06740e+01
6.624358662e-01  2.0338891e+01         -inf  1.00779e+05  2.03389e+01  2.03389e+01
6.650856096e-01  1.9970326e+01         -inf  1.00779e+05  1.99703e+01  1.99703e+01
6.677459521e-01  1.9561746e+01         -inf  1.00779e+05  1.95617e+01  1.95617e+01
6.704169359e-01  1.9153846e+01         -inf  1.00779e+05  1.91538e+01  1.91538e+01
6.730986036e-01  1.8761108e+01         -inf  1.00779e+05  1.87611e+01  1.87611e+01
6.757909981e-01  1.8394661e+01         -inf  1.00779e+05  1.83947e+01  1.83947e+01
6.784941620e-01  1.8042941e+01         -inf  1.00779e+05  1.80429e+01  1.80429e+01
6.812081387e-01  1.7745160e+01         -inf  1.00779e+05  1.77452e+01  1.77452e+01
6.839329712e-01  1.7510512e+01         -inf  1.00779e+05  1.75105e+01  1.75105e+01
6.866687031e-01  1.8595989e+01         -inf  1.00779e+05  1.85960e+01  1.85960e+01
6.894153779e-01  1.8858500e+01         -inf  1.00779e+05  1.88585e+01  1.88585e+01
6.921730395e-01  1.7235493e+01         -inf  1.00779e+05  1.72355e+01  1.72355e+01
6.949417316e-01  1.6211711e+01         -inf  1.00779e+05  1.62117e+01  1.62117e+01
6.977214985e-01  1.5817735e+01         -inf  1.00779e+05  1.58177e+01  1.58177e+01
7.005123845e-01  1.5512167e+01         -inf  1.00779e+05  1.55122e+01  1.55122e+01
7.033144341e-01  1.5267102e+01         -inf  1.00779e+05  1.52671e+01  1.52671e+01
7.061276918e-01  1.5068057e+01         -inf  1.00779e+05  1.50681e+01  1.50681e+01
7.089522026e-01  1.4892330e+01         -inf  1.00779e+05  1.48923e+01  1.48923e+01
7.117880114e-01  1.4745225e+01         -inf  1.00779e+05  1.47452e+01  1.47452e+01
7.146351634e-01  1.4659964e+01         -inf  1.00779e+05  1.46600e+01  1.46600e+01
7.174937041e-01  1.4507729e+01         -inf  1.00779e+05  1.45077e+01  1.45077e+01
7.203636789e-01  1.4192998e+01         -inf  1.00779e+05  1.41930e+01  1.41930e+01
7.232451336e-01  1.3898753e+01         -inf  1.00779e+05  1.38988e+01  1.38988e+01
7.261381142e-01  1.3687118e+01         -inf  1.00779e+05  1.36871e+01  1.36871e+01
7.290426666e-01  1.3452677e+01         -inf  1.00779e+05  1.34527e+01  1.34527e+01
7.319588373e-01  1.3257288e+01         -inf  1.00779e+05  1.32573e+01  1.32573e+01
7.348866726e-01  1.3143109e+01         -inf  1.00779e+05  1.31431e+01  1.31431e+01
7.378262193e-01  1.3064279e+01         -inf  1.00779e+05  1.30643e+01  1.30643e+01
7.407775242e-01  1.3015496e+01         -inf  1.00779e+05  1.30155e+01  1.30155e+01
7.437406343e-01  1.3040152e+01         -inf  1.00779e+05  1.30402e+01  1.30402e+01
7.467155968e-01  1.3092824e+01         -inf  1.00779e+05  1.30928e+01  1.30928e+01
7.497024592e-01  1.2976257e+01         -inf  1.00779e+05  1.29763e+01  1.29763e+01
7.527012690e-01  1.2648460e+01         -inf  1.00779e+05  1.26485e+01  1.26485e+01
7.557120741e-01  1.2363956e+01         -inf  1.00779e+05  1.23640e+01  1.23640e+01
7.587349224e-01  1.4138038e+01         -inf  1.00779e+05  1.41380e+01  1.41380e+01
7.617698621e-01  2.0678306e+01         -inf  1.00779e+05  2.06783e+01  2.06783e+01
7.648169416e-01  1.7536565e+01         -inf  1.00779e+05  1.75366e+01  1.75366e+01
7.678762093e-01  1.3077182e+01         -inf  1.00779e+05  1.30772e+01  1.30772e+01
7.709477142e-01  1.1830532e+01         -inf  1.00779e+05  1.18305e+01  1.18305e+01
7.740315050e-01  1.1799064e+01         -inf  1.00779e+05  1.17991e+01  1.17991e+01
7.771276310e-01  1.1925199e+01         -inf  1.00779e+05  1.19252e+01  1.19252e+01
7.802361416e-01  1.1925464e+01         -inf  1.00779e+05  1.19255e+01  1.19255e+01
7.833570861e-01  1.1678407e+01         -inf  1.00779e+05  1.16784e+01  1.16784e+01
7.864905145e-01  1.1379982e+01         -inf  1.00779e+05  1.13800e+01  1.13800e+01
7.896364765e-01  1.1169591e+01         -inf  1.00779e+05  1.11696e+01  1.11696e+01
7.927950224e-01  1.0995704e+01         -inf  1.00779e+05  1.09957e+01  1.09957e+01
7.959662025e-01  1.0846654e+01         -inf  1.00779e+05  1.08467e+01  1.08467e+01
7.991500673e-01  1.0747109e+01         -inf  1.00779e+05  1.07471e+01  1.07471e+01
8.023466676e-01  1.0669841e+01         -inf  1.00779e+05  1.06698e+01  1.06698e+01
8.055560543e-01  1.0638279e+01         -inf  1.00779e+05  1.06383e+01  1.06383e+01
8.087782785e-01  1.0704231e+01         -inf  1.00779e+05  1.07042e+01  1.07042e+01
8.120133916e-01  1.0815977e+01         -inf  1.00779e+05  1.08160e+01  1.08160e+01
8.152614452e-01  1.0908537e+01         -inf  1.00779e+05  1.09085e+01  1.09085e+01
8.185224910e-01  1.0859738e+01         -inf  1.00779e+05  1.08597e+01  1.08597e+01
8.217965809e-01  1.0616708e+01         -inf  1.00779e+05  1.06167e+01  1.06167e+01
8.250837672e-01  1.0306209e+01         -inf  1.00779e+05  1.03062e+01  1.03062e+01
8.283841023e-01  1.0075448e+01         -inf  1.00779e+05  1.00754e+01  1.00754e+01
8.316976387e-01  9.9244321e+00         -inf  1.00779e+05  9.92443e+00  9.92443e+00
8.350244293e-01  9.8266411e+00         -inf  1.00779e+05  9.82664e+00  9.82664e+00
8.383645270e-01  9.7722631e+00         -inf  1.00779e+05  9.77226e+00  9.77226e+00
8.417179851e-01  9.7407855e+00         -inf  1.00779e+05  9.74079e+00  9.74079e+00
8.450848570e-01  9.7460907e+00         -inf  1.00779e+05  9.74609e+00  9.74609e+00
8.484651965e-01  9.8155887e+00         -inf  1.00779e+05  9.81559e+00  9.81559e+00
8.518590573e-01  9.9764216e+00         -inf  1.00779e+05  9.97642e+00  9.97642e+00
8.552664935e-01  9.9749185e+00         -inf  1.00779e+05  9.97492e+00  9.97492e+00
8.586875595e-01  9.8002037e+00         -inf  1.00779e+05  9.80020e+00  9.80020e+00
8.621223097e-01  9.5922375e+00         -inf  1.00779e+05  9.59224e+00  9.59224e+00
8.655707989e-01  9.3893048e+00         -inf  1.00779e+05  9.38930e+00  9.38930e+00
8.690330821e-01  9.2584343e+00         -inf  1.00779e+05  9.25843e+00  9.25843e+00
8.725092145e-01  9.1582457e+00         -inf  1.00779e+05  9.15825e+00  9.15825e+00
8.759992513e-01  9.0965225e+00         -inf  1.00779e+05  9.09652e+00  9.09652e+00
8.795032483e-01  9.0686672e+00         -inf  1.00779e+05  9.06867e+00  9.06867e+00
8.830212613e-01  9.0828159e+00         -inf  1.00779e+05  9.08282e+00  9.08282e+00
8.865533464e-01  9.0832581e+00         -inf  1.00779e+05  9.08326e+00  9.08326e+00
8.900995597e-01  9.0652185e+00         -inf  1.00779e+05  9.06522e+00  9.06522e+00
8.936599580e-01  9.0178200e+00         -inf  1.00779e+05  9.01782e+00  9.01782e+00
8.972345978e-01  9.0602664e+00         -inf  1.00779e+05  9.06027e+00  9.06027e+00
9.008235362e-01  9.0156977e+00         -inf  1.00779e+05  9.01570e+00  9.01570e+00
9.044268304e-01  8.8873841e+00         -inf  1.00779e+05  8.88738e+00  8.88738e+00
9.080445377e-01  8.7754636e+00         -inf  1.00779e+05  8.77546e+00  8.77546e+00
9.116767158e-01  8.6983668e+00         -inf  1.00779e+05  8.69837e+00  8.69837e+00
9.153234227e-01  8.6487195e+00         -inf  1.00779e+05  8.64872e+00  8.64872e+00
9.189847164e-01  8.6125759e+00         -inf  1.00779e+05  8.61258e+00  8.61258e+00
9.226606552e-01  8.5827553e+00         -inf  1.00779e+05  8.58276e+00  8.58276e+00
9.263512979e-01  8.5379887e+00         -inf  1.00779e+05  8.53799e+00  8.53799e+00
9.300567031e-01  8.5009690e+00         -inf  1.00779e+05  8.50097e+00  8.50097e+00
9.337769299e-01  8.4906042e+00         -inf  1.00779e+05  8.49060e+00  8.49060e+00
9.375120376e-01  8.5017473e+00         -inf  1.00779e+05  8.50175e+00  8.50175e+00
9.412620857e-01  8.5406507e+00         -inf  1.00779e+05  8.54065e+00  8.54065e+00
9.450271341e-01  8.5552604e+00         -inf  1.00779e+05  8.55526e+00  8.55526e+00
9.488072426e-01  8.4185538e+00         -inf  1.00779e+05  8.41855e+00  8.41855e+00
9.526024716e-01  8.2848955e+00         -inf  1.00779e+05  8.28490e+00  8.28490e+00
9.564128815e-01  8.2141607e+00         -inf  1.00779e+05  8.21416e+00  8.21416e+00
9.602385330e-01  8.1518713e+00         -inf  1.00779e+05  8.15187e+00  8.15187e+00
9.640794871e-01  8.1091536e+00         -inf  1.00779e+05  8.10915e+00  8.10915e+00
9.679358051e-01  8.0649853e+00         -inf  1.00779e+05  8.06499e+00  8.06499e+00
9.718075483e-01  8.0227535e+00         -inf  1.00779e+05  8.02275e+00  8.02275e+00
9.756947785e-01  7.9844484e+00         -inf  1.00779e+05  7.98445e+00  7.98445e+00
9.795975576e-01  7.9509545e+00         -inf  1.00779e+05  7.95095e+00  7.95095e+00
9.835159478e-01  7.9234569e+00         -inf  1.00779e+05  7.92346e+00  7.92346e+00
9.874500116e-01  7.9257654e+00         -inf  1.00779e+05  7.92577e+00  7.92577e+00
9.913998117e-01  8.0173496e+00         -inf  1.00779e+05  8.01735e+00  8.01735e+00
9.953654109e-01  7.9426318e+00         -inf  1.00779e+05  7.94263e+00  7.94263e+00
9.993468726e-01  7.8385402e+00         -inf  1.00779e+05  7.83854e+00  7.83854e+00
1.003344260e+00  7.7860383e+00         -inf  1.00779e+05  7.78604e+00  7.78604e+00
1.007357637e+00  7.7486694e+00         -inf  1.00779e+05  7.74867e+00  7.74867e+00
1.011387068e+00  7.7174827e+00         -inf  1.00779e+05  7.71748e+00  7.71748e+00
1.015432616e+00  7.6876757e+00         -inf  1.00779e+05  7.68768e+00  7.68768e+00
1.019494346e+00  7.6576032e+00         -inf  1.00779e+05  7.65760e+00  7.65760e+00
1.023572324e+00  7.6284681e+00         -inf  1.00779e+05  7.62847e+00  7.62847e+00
1.027666613e+00  7.6009250e+00         -inf  1.00779e+05  7.60093e+00  7.60093e+00
1.031777280e+00  7.5735852e+00         -inf  1.00779e+05  7.57359e+00  7.57359e+00
1.035904389e+00  7.5581507e+00         -inf  1.00779e+05  7.55815e+00  7.55815e+00
1.040048006e+00  7.5471121e+00         -inf  1.00779e+05  7.54711e+00  7.54711e+00
1.044208198e+00  7.9450994e+00         -inf  1.00779e+05  7.94510e+00  7.94510e+00
1.048385031e+00  8.1178387e+00         -inf  1.00779e+05  8.11784e+00  8.11784e+00
1.052578571e+00  8.3101894e+00         -inf  1.00779e+05  8.31019e+00  8.31019e+00
1.056788885e+00  8.5095563e+00         -inf  1.00779e+05  8.50956e+00  8.50956e+00
1.061016041e+00  8.7947067e+00         -inf  1.00779e+05  8.79471e+00  8.79471e+00
1.065260105e+00  9.0156977e+00         -inf  1.00779e+05  9.01570e+00  9.01570e+00
1.069521146e+00  8.7367385e+00         -inf  1.00779e+05  8.73674e+00  8.73674e+00
1.073799230e+00  8.2667918e+00         -inf  1.00779e+05  8.26679e+00  8.26679e+00
1.078094427e+00  7.8981704e+00         -inf  1.00779e+05  7.89817e+00  7.89817e+00
1.082406805e+00  7.6501912e+00         -inf  1.00779e+05  7.65019e+00  7.65019e+00
1.086736432e+00  7.4906187e+00         -inf  1.00779e+05  7.49062e+00  7.49062e+00
1.091083378e+00  7.3888374e+00         -inf  1.00779e+05  7.38884e+00  7.38884e+00
1.095447711e+00  7.3200653e+00         -inf  1.00779e+05  7.32007e+00  7.32007e+00
1.099829502e+00  7.2062337e+00         -inf  1.00779e+05  7.20623e+00  7.20623e+00
1.104228820e+00  7.1869771e+00         -inf  1.00779e+05  7.18698e+00  7.18698e+00
1.108645735e+00  7.1746287e+00         -inf  1.00779e+05  7.17463e+00  7.17463e+00
1.113080318e+00  7.1877289e+00         -inf  1.00779e+05  7.18773e+00  7.18773e+00
1.117532640e+00  7.2289666e+00         -inf  1.00779e+05  7.22897e+00  7.22897e+00
1.122002770e+00  7.3234088e+00         -inf  1.00779e+05  7.32341e+00  7.32341e+00
1.126490781e+00  7.4119145e+00         -inf  1.00779e+05  7.41191e+00  7.41191e+00
1.130996744e+00  7.3904384e+00         -inf  1.00779e+05  7.39044e+00  7.39044e+00
1.135520731e+00  7.3795322e+00         -inf  1.00779e+05  7.37953e+00  7.37953e+00
1.140062814e+00  7.2540434e+00         -inf  1.00779e+05  7.25404e+00  7.25404e+00
1.144623065e+00  7.2248623e+00         -inf  1.00779e+05  7.22486e+00  7.22486e+00
1.149201558e+00  7.2343888e+00         -inf  1.00779e+05  7.23439e+00  7.23439e+00
1.153798364e+00  7.2883812e+00         -inf  1.00779e+05  7.28838e+00  7.28838e+00
1.158413557e+00  7.1894627e+00         -inf  1.00779e+05  7.18946e+00  7.18946e+00
1.163047212e+00  7.2566263e+00         -inf  1.00779e+05  7.25663e+00  7.25663e+00
1.167699401e+00  7.1377781e+00         -inf  1.00779e+05  7.13778e+00  7.13778e+00
1.172370198e+00  7.0562479e+00         -inf  1.00779e+05  7.05625e+00  7.05625e+00
1.177059679e+00  6.9876050e+00         -inf  1.00779e+05  6.98761e+00  6.98761e+00
1.181767918e+00  6.9482058e+00         -inf  1.00779e+05  6.94821e+00  6.94821e+00
1.186494989e+00  6.9201556e+00         -inf  1.00779e+05  6.92016e+00  6.92016e+00
1.191240969e+00  6.8911587e+00         -inf  1.00779e+05  6.89116e+00  6.89116e+00
1.196005933e+00  6.8818263e+00         -inf  1.00779e+05  6.88183e+00  6.88183e+00
1.200789957e+00  7.0113736e+00         -inf  1.00779e+05  7.01137e+00  7.01137e+00
1.205593117e+00  7.8012247e+00         -inf  1.00779e+05  7.80122e+00  7.80122e+00
1.210415489e+00  7.2755908e+00         -inf  1.00779e+05  7.27559e+00  7.27559e+00
1.215257151e+00  7.0161680e+00         -inf  1.00779e+05  7.01617e+00  7.01617e+00
1.220118180e+00  7.7023139e+00         -inf  1.00779e+05  7.70231e+00  7.70231e+00
1.224998652e+00  7.3685110e+00         -inf  1.00779e+05  7.36851e+00  7.36851e+00
1.229898647e+00  7.2454545e+00         -inf  1.00779e+05  7.24545e+00  7.24545e+00
1.234818242e+00  7.4314005e+00         -inf  1.00779e+05  7.43140e+00  7.43140e+00
1.239757515e+00  7.6681817e+00         -inf  1.00779e+05  7.66818e+00  7.66818e+00
1.244716545e+00  8.0134492e+00         -inf  1.00779e+05  8.01345e+00  8.01345e+00
1.249695411e+00  8.5621673e+00         -inf  1.00779e+05  8.56217e+00  8.56217e+00
1.254694192e+00  9.3843530e+00         -inf  1.00779e+05  9.38435e+00  9.38435e+00
1.259712969e+00  1.0809170e+01         -inf  1.00779e+05  1.08092e+01  1.08092e+01
1.264751821e+00  1.2629370e+01         -inf  1.00779e+05  1.26294e+01  1.26294e+01
1.269810828e+00  1.3681374e+01         -inf  1.00779e+05  1.36814e+01  1.36814e+01
1.274890072e+00  1.0547572e+01         -inf  1.00779e+05  1.05476e+01  1.05476e+01
1.279989632e+00  8.8658951e+00         -inf  1.00779e+05  8.86590e+00  8.86590e+00
1.285109591e+00  7.7568773e+00         -inf  1.00779e+05  7.75688e+00  7.75688e+00
1.290250029e+00  7.2906810e+00         -inf  1.00779e+05  7.29068e+00  7.29068e+00
1.295411029e+00  6.9760259e+00         -inf  1.00779e+05  6.97603e+00  6.97603e+00
1.300592673e+00  6.7448633e+00         -inf  1.00779e+05  6.74486e+00  6.74486e+00
1.305795044e+00  6.6419026e+00         -inf  1.00779e+05  6.64190e+00  6.64190e+00
1.311018224e+00  6.6480242e+00         -inf  1.00779e+05  6.64802e+00  6.64802e+00
1.316262297e+00  6.8933437e+00         -inf  1.00779e+05  6.89334e+00  6.89334e+00
1.321527346e+00  6.7899784e+00         -inf  1.00779e+05  6.78998e+00  6.78998e+00
1.326813455e+00  6.6124003e+00         -inf  1.00779e+05  6.61240e+00  6.61240e+00
1.332120709e+00  6.9338843e+00         -inf  1.00779e+05  6.93388e+00  6.93388e+00
1.337449192e+00  6.7994436e+00         -inf  1.00779e+05  6.79944e+00  6.79944e+00
1.342798989e+00  6.9483650e+00         -inf  1.00779e+05  6.94836e+00  6.94836e+00
1.348170185e+00  7.0039785e+00         -inf  1.00779e+05  7.00398e+00  7.00398e+00
1.353562866e+00  7.2995087e+00         -inf  1.00779e+05  7.29951e+00  7.29951e+00
1.358977117e+00  7.4926708e+00         -inf  1.00779e+05  7.49267e+00  7.49267e+00
1.364413026e+00  7.5045409e+00         -inf  1.00779e+05  7.50454e+00  7.50454e+00
1.369870678e+00  7.4666308e+00         -inf  1.00779e+05  7.46663e+00  7.46663e+00
1.375350160e+00  7.4821186e+00         -inf  1.00779e+05  7.48212e+00  7.48212e+00
1.380851561e+00  7.4989862e+00         -inf  1.00779e+05  7.49899e+00  7.49899e+00
1.386374967e+00  7.4987650e+00         -inf  1.00779e+05  7.49877e+00  7.49877e+00
1.391920467e+00  7.4678691e+00         -inf  1.00779e+05  7.46787e+00  7.46787e+00
1.397488149e+00  7.4463046e+00         -inf  1.00779e+05  7.44630e+00  7.44630e+00
1.403078102e+00  7.4275263e+00         -inf  1.00779e+05  7.42753e+00  7.42753e+00
1.408690414e+00  7.3124583e+00         -inf  1.00779e+05  7.31246e+00  7.31246e+00
1.414325176e+00  6.9865170e+00         -inf  1.00779e+05  6.98652e+00  6.98652e+00
1.419982476e+00  6.7481099e+00         -inf  1.00779e+05  6.74811e+00  6.74811e+00
1.425662406e+00  6.6588343e+00         -inf  1.00779e+05  6.65883e+00  6.65883e+00
1.431365056e+00  1.0588770e+01         -inf  1.00779e+05  1.05888e+01  1.05888e+01
1.437090516e+00  1.0270049e+01         -inf  1.00779e+05  1.02700e+01  1.02700e+01
1.442838878e+00  8.3810205e+00         -inf  1.00779e+05  8.38102e+00  8.38102e+00
1.448610234e+00  7.0374420e+00         -inf  1.00779e+05  7.03744e+00  7.03744e+00
1.454404675e+00  6.5632236e+00         -inf  1.00779e+05  6.56322e+00  6.56322e+00
1.460222293e+00  6.4785368e+00         -inf  1.00779e+05  6.47854e+00  6.47854e+00
1.466063182e+00  6.4684695e+00         -inf  1.00779e+05  6.46847e+00  6.46847e+00
1.471927435e+00  6.8563323e+00         -inf  1.00779e+05  6.85633e+00  6.85633e+00
1.477815145e+00  6.7390691e+00         -inf  1.00779e+05  6.73907e+00  6.73907e+00
1.483726405e+00  6.4129929e+00         -inf  1.00779e+05  6.41299e+00  6.41299e+00
1.489661311e+00  6.2920858e+00         -inf  1.00779e+05  6.29209e+00  6.29209e+00
1.495619956e+00  6.3593560e+00         -inf  1.00779e+05  6.35936e+00  6.35936e+00
1.501602436e+00  6.2766571e+00         -inf  1.00779e+05  6.27666e+00  6.27666e+00
1.507608846e+00  6.2094038e+00         -inf  1.00779e+05  6.20940e+00  6.20940e+00
1.513639281e+00  6.2079263e+00         -inf  1.00779e+05  6.20793e+00  6.20793e+00
1.519693838e+00  6.2233198e+00         -inf  1.00779e+05  6.22332e+00  6.22332e+00
1.525772614e+00  6.3068421e+00         -inf  1.00779e+05  6.30684e+00  6.30684e+00
1.531875704e+00  6.7199880e+00         -inf  1.00779e+05  6.71999e+00  6.71999e+00
1.538003207e+00  6.9863489e+00         -inf  1.00779e+05  6.98635e+00  6.98635e+00
1.544155220e+00  6.5905588e+00         -inf  1.00779e+05  6.59056e+00  6.59056e+00
1.550331841e+00  6.1694601e+00         -inf  1.00779e+05  6.16946e+00  6.16946e+00
1.556533168e+00  6.1552343e+00         -inf  1.00779e+05  6.15523e+00  6.15523e+00
1.562759301e+00  6.1642670e+00         -inf  1.00779e+05  6.16427e+00  6.16427e+00
1.569010338e+00  7.7365963e+00         -inf  1.00779e+05  7.73660e+00  7.73660e+00
1.575286379e+00  9.0642457e+00         -inf  1.00779e+05  9.06425e+00  9.06425e+00
1.581587525e+00  7.8112545e+00         -inf  1.00779e+05  7.81125e+00  7.81125e+00
1.587913875e+00  6.2911215e+00         -inf  1.00779e+05  6.29112e+00  6.29112e+00
1.594265530e+00  6.2433755e+00         -inf  1.00779e+05  6.24338e+00  6.24338e+00
1.600642593e+00  8.7678053e+00         -inf  1.00779e+05  8.76781e+00  8.76781e+00
1.607045163e+00  8.9260288e+00         -inf  1.00779e+05  8.92603e+00  8.92603e+00
1.613473344e+00  7.5768844e+00         -inf  1.00779e+05  7.57688e+00  7.57688e+00
1.619927237e+00  6.3971222e+00         -inf  1.00779e+05  6.39712e+00  6.39712e+00
1.626406946e+00  6.3668402e+00         -inf  1.00779e+05  6.36684e+00  6.36684e+00
1.632912574e+00  6.6363118e+00         -inf  1.00779e+05  6.63631e+00  6.63631e+00
1.639444224e+00  7.0231296e+00         -inf  1.00779e+05  7.02313e+00  7.02313e+00
1.646002001e+00  7.1675346e+00         -inf  1.00779e+05  7.16753e+00  7.16753e+00
1.652586009e+00  7.0221477e+00         -inf  1.00779e+05  7.02215e+00  7.02215e+00
1.659196353e+00  6.4751928e+00         -inf  1.00779e+05  6.47519e+00  6.47519e+00
1.665833138e+00  7.7190571e+00         -inf  1.00779e+05  7.71906e+00  7.71906e+00
1.672496471e+00  6.4513604e+00         -inf  1.00779e+05  6.45136e+00  6.45136e+00
1.679186457e+00  6.5154442e+00         -inf  1.00779e+05  6.51544e+00  6.51544e+00
1.685903203e+00  6.5330486e+00         -inf  1.00779e+05  6.53305e+00  6.53305e+00
1.692646815e+00  6.6026163e+00         -inf  1.00779e+05  6.60262e+00  6.60262e+00
1.699417403e+00  6.6833560e+00         -inf  1.00779e+05  6.68336e+00  6.68336e+00
1.706215072e+00  7.3125821e+00         -inf  1.00779e+05  7.31258e+00  7.31258e+00
1.713039933e+00  6.7252249e+00         -inf  1.00779e+05  6.72522e+00  6.72522e+00
1.719892092e+00  6.6337021e+00         -inf  1.00779e+05  6.63370e+00  6.63370e+00
1.726771661e+00  7.0927009e+00         -inf  1.00779e+05  7.09270e+00  7.09270e+00
1.733678747e+00  6.5948050e+00         -inf  1.00779e+05  6.59480e+00  6.59480e+00
1.740613462e+00  6.4001743e+00         -inf  1.00779e+05  6.40017e+00  6.40017e+00
1.747575916e+00  6.2785768e+00         -inf  1.00779e+05  6.27858e+00  6.27858e+00
1.754566220e+00  6.2456846e+00         -inf  1.00779e+05  6.24568e+00  6.24568e+00
1.761584485e+00  6.2593351e+00         -inf  1.00779e+05  6.25934e+00  6.25934e+00
1.768630823e+00  6.5030503e+00         -inf  1.00779e+05  6.50305e+00  6.50305e+00
1.775705346e+00  6.7090719e+00         -inf  1.00779e+05  6.70907e+00  6.70907e+00
1.782808167e+00  6.4647894e+00         -inf  1.00779e+05  6.46479e+00  6.46479e+00
1.789939400e+00  6.9624122e+00         -inf  1.00779e+05  6.96241e+00  6.96241e+00
1.797099158e+00  6.4731405e+00         -inf  1.00779e+05  6.47314e+00  6.47314e+00
1.804287554e+00  6.5503698e+00         -inf  1.00779e+05  6.55037e+00  6.55037e+00
1.811504704e+00  6.6800033e+00         -inf  1.00779e+05  6.68000e+00  6.68000e+00
1.818750723e+00  6.8290955e+00         -inf  1.00779e+05  6.82910e+00  6.82910e+00
1.826025726e+00  6.9214028e+00         -inf  1.00779e+05  6.92140e+00  6.92140e+00
1.833329829e+00  6.9713995e+00         -inf  1.00779e+05  6.97140e+00  6.97140e+00
1.840663148e+00  7.0234392e+00         -inf  1.00779e+05  7.02344e+00  7.02344e+00
1.848025801e+00  7.0281893e+00         -inf  1.00779e+05  7.02819e+00  7.02819e+00
1.855417904e+00  7.0246776e+00         -inf  1.00779e+05  7.02468e+00  7.02468e+00
1.862839576e+00  7.0048277e+00         -inf  1.00779e+05  7.00483e+00  7.00483e+00
1.870290934e+00  7.0186979e+00         -inf  1.00779e+05  7.01870e+00  7.01870e+00
1.877772098e+00  7.6635558e+00         -inf  1.00779e+05  7.66356e+00  7.66356e+00
1.885283186e+00  7.6779464e+00         -inf  1.00779e+05  7.67795e+00  7.67795e+00
1.892824319e+00  7.0423248e+00         -inf  1.00779e+05  7.04232e+00  7.04232e+00
1.900395616e+00  6.9450832e+00         -inf  1.00779e+05  6.94508e+00  6.94508e+00
1.907997199e+00  6.9244281e+00         -inf  1.00779e+05  6.92443e+00  6.92443e+00
1.915629188e+00  6.8880096e+00         -inf  1.00779e+05  6.88801e+00  6.88801e+00
1.923291704e+00  6.8038401e+00         -inf  1.00779e+05  6.80384e+00  6.80384e+00
1.930984871e+00  6.6022801e+00         -inf  1.00779e+05  6.60228e+00  6.60228e+00
1.938708811e+00  6.6588255e+00         -inf  1.00779e+05  6.65883e+00  6.65883e+00
1.946463646e+00  9.5062903e+00         -inf  1.00779e+05  9.50629e+00  9.50629e+00
1.954249500e+00  1.5532398e+01         -inf  1.00779e+05  1.55324e+01  1.55324e+01
1.962066498e+00  1.5153047e+01         -inf  1.00779e+05  1.51530e+01  1.51530e+01
1.969914764e+00  1.3013905e+01         -inf  1.00779e+05  1.30139e+01  1.30139e+01
1.977794423e+00  8.2625113e+00         -inf  1.00779e+05  8.26251e+00  8.26251e+00
1.985705601e+00  6.9850309e+00         -inf  1.00779e+05  6.98503e+00  6.98503e+00
1.993648424e+00  8.2670306e+00         -inf  1.00779e+05  8.26703e+00  8.26703e+00
2.001623017e+00  1.8003732e+01         -inf  1.00779e+05  1.80037e+01  1.80037e+01
2.009629509e+00  1.8908388e+01         -inf  1.00779e+05  1.89084e+01  1.89084e+01
2.017668027e+00  1.6895987e+01         -inf  1.00779e+05  1.68960e+01  1.68960e+01
2.025738699e+00  1.0856113e+01         -inf  1.00779e+05  1.08561e+01  1.08561e+01
2.033841654e+00  9.7169119e+00         -inf  1.00779e+05  9.71691e+00  9.71691e+00
2.041977021e+00  1.0331937e+01         -inf  1.00779e+05  1.03319e+01  1.03319e+01
2.050144929e+00  1.3225650e+01         -inf  1.00779e+05  1.32257e+01  1.32257e+01
2.058345509e+00  1.4349305e+01         -inf  1.00779e+05  1.43493e+01  1.43493e+01
2.066578891e+00  1.3747914e+01         -inf  1.00779e+05  1.37479e+01  1.37479e+01
2.074845206e+00  1.0734025e+01         -inf  1.00779e+05  1.07340e+01  1.07340e+01
2.083144587e+00  9.3107828e+00         -inf  1.00779e+05  9.31078e+00  9.31078e+00
2.091477165e+00  8.1723456e+00         -inf  1.00779e+05  8.17235e+00  8.17235e+00
2.099843074e+00  7.3191188e+00         -inf  1.00779e+05  7.31912e+00  7.31912e+00
2.108242446e+00  7.5243981e+00         -inf  1.00779e+05  7.52440e+00  7.52440e+00
2.116675416e+00  7.1091449e+00         -inf  1.00779e+05  7.10914e+00  7.10914e+00
2.125142118e+00  6.6683882e+00         -inf  1.00779e+05  6.66839e+00  6.66839e+00
2.133642686e+00  6.3384071e+00         -inf  1.00779e+05  6.33841e+00  6.33841e+00
2.142177257e+00  6.6099676e+00         -inf  1.00779e+05  6.60997e+00  6.60997e+00
2.150745966e+00  7.1991396e+00         -inf  1.00779e+05  7.19914e+00  7.19914e+00
2.159348950e+00  7.2299484e+00         -inf  1.00779e+05  7.22995e+00  7.22995e+00
2.167986346e+00  7.1231298e+00         -inf  1.00779e+05  7.12313e+00  7.12313e+00
2.176658291e+00  6.8993412e+00         -inf  1.00779e+05  6.89934e+00  6.89934e+00
2.185364924e+00  6.3991480e+00         -inf  1.00779e+05  6.39915e+00  6.39915e+00
2.194106384e+00  6.5836144e+00         -inf  1.00779e+05  6.58361e+00  6.58361e+00
2.202882810e+00  8.7392588e+00         -inf  1.00779e+05  8.73926e+00  8.73926e+00
2.211694341e+00  6.4015632e+00         -inf  1.00779e+05  6.40156e+00  6.40156e+00
2.220541118e+00  6.9666405e+00         -inf  1.00779e+05  6.96664e+00  6.96664e+00
2.229423283e+00  7.4072089e+00         -inf  1.00779e+05  7.40721e+00  7.40721e+00
2.238340976e+00  7.6978296e+00         -inf  1.00779e+05  7.69783e+00  7.69783e+00
2.247294340e+00  8.1445217e+00         -inf  1.00779e+05  8.14452e+00  8.14452e+00
2.256283517e+00  8.6875159e+00         -inf  1.00779e+05  8.68752e+00  8.68752e+00
2.265308651e+00  8.8958736e+00         -inf  1.00779e+05  8.89587e+00  8.89587e+00
2.274369886e+00  9.3355421e+00         -inf  1.00779e+05  9.33554e+00  9.33554e+00
2.283467365e+00  9.2602028e+00         -inf  1.00779e+05  9.26020e+00  9.26020e+00
2.292601235e+00  9.9812845e+00         -inf  1.00779e+05  9.98128e+00  9.98128e+00
2.301771640e+00  1.0974752e+01         -inf  1.00779e+05  1.09748e+01  1.09748e+01
2.310978726e+00  8.0152446e+00         -inf  1.00779e+05  8.01524e+00  8.01524e+00
2.320222641e+00  1.0442629e+01         -inf  1.00779e+05  1.04426e+01  1.04426e+01
2.329503532e+00  9.2512716e+00         -inf  1.00779e+05  9.25127e+00  9.25127e+00
2.338821546e+00  1.0299048e+01         -inf  1.00779e+05  1.02990e+01  1.02990e+01
2.348176832e+00  1.0871938e+01         -inf  1.00779e+05  1.08719e+01  1.08719e+01
2.357569539e+00  9.5363542e+00         -inf  1.00779e+05  9.53635e+00  9.53635e+00
2.366999817e+00  9.7789829e+00         -inf  1.00779e+05  9.77898e+00  9.77898e+00
2.376467817e+00  1.0027615e+01         -inf  1.00779e+05  1.00276e+01  1.00276e+01
2.385973688e+00  8.4445369e+00         -inf  1.00779e+05  8.44454e+00  8.44454e+00
2.395517583e+00  8.4912939e+00         -inf  1.00779e+05  8.49129e+00  8.49129e+00
2.405099653e+00  7.5103963e+00         -inf  1.00779e+05  7.51040e+00  7.51040e+00
2.414720052e+00  6.8843739e+00         -inf  1.00779e+05  6.88437e+00  6.88437e+00
2.424378932e+00  7.5671814e+00         -inf  1.00779e+05  7.56718e+00  7.56718e+00
2.434076448e+00  6.8541473e+00         -inf  1.00779e+05  6.85415e+00  6.85415e+00
2.443812753e+00  6.5927437e+00         -inf  1.00779e+05  6.59274e+00  6.59274e+00
2.453588004e+00  6.4868436e+00         -inf  1.00779e+05  6.48684e+00  6.48684e+00
2.463402356e+00  6.3741740e+00         -inf  1.00779e+05  6.37417e+00  6.37417e+00
2.473255966e+00  6.4372059e+00         -inf  1.00779e+05  6.43721e+00  6.43721e+00
2.483148990e+00  8.3502789e+00         -inf  1.00779e+05  8.35028e+00  8.35028e+00
2.493081586e+00  7.8027370e+00         -inf  1.00779e+05  7.80274e+00  7.80274e+00
2.503053912e+00  7.3423907e+00         -inf  1.00779e+05  7.34239e+00  7.34239e+00
2.513066128e+00  6.9532478e+00         -inf  1.00779e+05  6.95325e+00  6.95325e+00
2.523118392e+00  6.8828788e+00         -inf  1.00779e+05  6.88288e+00  6.88288e+00
2.533210866e+00  6.9403416e+00         -inf  1.00779e+05  6.94034e+00  6.94034e+00
2.543343709e+00  6.9263032e+00         -inf  1.00779e+05  6.92630e+00  6.92630e+00
2.553517084e+00  7.2024298e+00         -inf  1.00779e+05  7.20243e+00  7.20243e+00
2.563731152e+00  7.9267731e+00         -inf  1.00779e+05  7.92677e+00  7.92677e+00
2.573986077e+00  8.0142179e+00         -inf  1.00779e+05  8.01422e+00  8.01422e+00
2.584282021e+00  8.4386460e+00         -inf  1.00779e+05  8.43865e+00  8.43865e+00
2.594619149e+00  9.0909503e+00         -inf  1.00779e+05  9.09095e+00  9.09095e+00
2.604997626e+00  8.8492243e+00         -inf  1.00779e+05  8.84922e+00  8.84923e+00
2.615417616e+00  8.8587306e+00         -inf  1.00779e+05  8.85873e+00  8.85873e+00
2.625879287e+00  8.2398246e+00         -inf  1.00779e+05  8.23982e+00  8.23983e+00
2.636382804e+00  7.9024318e+00         -inf  1.00779e+05  7.90243e+00  7.90243e+00
2.646928335e+00  7.8966296e+00         -inf  1.00779e+05  7.89663e+00  7.89663e+00
2.657516049e+00  9.0641552e+00         -inf  1.00779e+05  9.06416e+00  9.06416e+00
2.668146113e+00  1.8606230e+01         -inf  1.00779e+05  1.86062e+01  1.86062e+01
2.678818697e+00  2.9119858e+01         -inf  1.00779e+05  2.91199e+01  2.91199e+01
2.689533972e+00  2.8690691e+01         -inf  1.00779e+05  2.86907e+01  2.86907e+01
2.700292108e+00  2.9379389e+01         -inf  1.00779e+05  2.93794e+01  2.93794e+01
2.711093276e+00  2.5811599e+01         -inf  1.00779e+05  2.58116e+01  2.58116e+01
2.721937650e+00  2.0042979e+01         -inf  1.00779e+05  2.00430e+01  2.00430e+01
2.732825400e+00  1.8378852e+01         -inf  1.00779e+05  1.83789e+01  1.83789e+01
2.743756702e+00  2.2213439e+01         -inf  1.00779e+05  2.22134e+01  2.22134e+01
2.754731729e+00  2.8011442e+01         -inf  1.00779e+05  2.80114e+01  2.80114e+01
2.765750655e+00  2.7369953e+01         -inf  1.00779e+05  2.73700e+01  2.73700e+01
2.776813658e+00  2.8540899e+01         -inf  1.00779e+05  2.85409e+01  2.85409e+01
2.787920913e+00  2.5888247e+01         -inf  1.00779e+05  2.58882e+01  2.58882e+01
2.799072596e+00  2.1991924e+01         -inf  1.00779e+05  2.19919e+01  2.19919e+01
2.810268887e+00  1.9747054e+01         -inf  1.00779e+05  1.97471e+01  1.97471e+01
2.821509962e+00  1.7671768e+01         -inf  1.00779e+05  1.76718e+01  1.76718e+01
2.832796002e+00  1.4675510e+01         -inf  1.00779e+05  1.46755e+01  1.46755e+01
2.844127186e+00  1.5153484e+01         -inf  1.00779e+05  1.51535e+01  1.51535e+01
2.855503695e+00  1.3623666e+01         -inf  1.00779e+05  1.36237e+01  1.36237e+01
2.866925710e+00  1.4024843e+01         -inf  1.00779e+05  1.40248e+01  1.40248e+01
2.878393413e+00  1.2311451e+01         -inf  1.00779e+05  1.23115e+01  1.23115e+01
2.889906986e+00  1.1472000e+01         -inf  1.00779e+05  1.14720e+01  1.14720e+01
2.901466614e+00  8.8963125e+00         -inf  1.00779e+05  8.89631e+00  8.89632e+00
2.913072481e+00  7.0935117e+00         -inf  1.00779e+05  7.09351e+00  7.09351e+00
2.924724770e+00  6.5390787e+00         -inf  1.00779e+05  6.53908e+00  6.53908e+00
2.936423670e+00  6.2035084e+00         -inf  1.00779e+05  6.20351e+00  6.20351e+00
2.948169364e+00  6.5032236e+00         -inf  1.00779e+05  6.50322e+00  6.50323e+00
2.959962042e+00  7.8147174e+00         -inf  1.00779e+05  7.81472e+00  7.81472e+00
2.971801890e+00  7.6765619e+00         -inf  1.00779e+05  7.67656e+00  7.67657e+00
2.983689097e+00  8.2324451e+00         -inf  1.00779e+05  8.23245e+00  8.23245e+00
2.995623854e+00  6.9860253e+00         -inf  1.00779e+05  6.98603e+00  6.98603e+00
3.007606349e+00  6.7113221e+00         -inf  1.00779e+05  6.71132e+00  6.71133e+00
3.019636775e+00  6.6368808e+00         -inf  1.00779e+05  6.63688e+00  6.63689e+00
3.031715322e+00  6.2167669e+00         -inf  1.00779e+05  6.21677e+00  6.21677e+00
3.043842183e+00  6.1508129e+00         -inf  1.00779e+05  6.15081e+00  6.15082e+00
3.056017552e+00  6.1832893e+00         -inf  1.00779e+05  6.18329e+00  6.18330e+00
3.068241622e+00  6.1768659e+00         -inf  1.00779e+05  6.17687e+00  6.17687e+00
3.080514588e+00  6.1845531e+00         -inf  1.00779e+05  6.18455e+00  6.18456e+00
3.092836647e+00  6.1989905e+00         -inf  1.00779e+05  6.19899e+00  6.19900e+00
3.105207993e+00  6.2432150e+00         -inf  1.00779e+05  6.24322e+00  6.24323e+00
3.117628825e+00  6.5044902e+00         -inf  1.00779e+05  6.50449e+00  6.50450e+00
3.130099341e+00  7.8134450e+00         -inf  1.00779e+05  7.81345e+00  7.81346e+00
3.142619738e+00  7.1467084e+00         -inf  1.00779e+05  7.14671e+00  7.14672e+00
3.155190217e+00  7.6109673e+00         -inf  1.00779e+05  7.61097e+00  7.61098e+00
3.167810978e+00  7.3128939e+00         -inf  1.00779e+05  7.31289e+00  7.31291e+00
3.180482222e+00  8.6235758e+00         -inf  1.00779e+05  8.62358e+00  8.62359e+00
3.193204151e+00  8.7862412e+00         -inf  1.00779e+05  8.78624e+00  8.78626e+00
3.205976967e+00  9.5883243e+00         -inf  1.00779e+05  9.58832e+00  9.58835e+00
3.218800875e+00  1.0793143e+01         -inf  1.00779e+05  1.07931e+01  1.07932e+01
3.231676079e+00  1.0567968e+01         -inf  1.00779e+05  1.05680e+01  1.05680e+01
3.244602783e+00  1.1954603e+01         -inf  1.00779e+05  1.19546e+01  1.19546e+01
3.257581194e+00  1.2615284e+01         -inf  1.00779e+05  1.26153e+01  1.26153e+01
3.270611519e+00  1.5582721e+01         -inf  1.00779e+05  1.55827e+01  1.55828e+01
3.283693965e+00  1.3479334e+01         -inf  1.00779e+05  1.34793e+01  1.34794e+01
3.296828741e+00  1.3205997e+01         -inf  1.00779e+05  1.32060e+01  1.32060e+01
3.310016056e+00  1.8638866e+01         -inf  1.00779e+05  1.86389e+01  1.86389e+01
3.323256120e+00  1.6330461e+01         -inf  1.00779e+05  1.63305e+01  1.63305e+01
3.336549144e+00  9.0414788e+00         -inf  1.00779e+05  9.04148e+00  9.04152e+00
3.349895341e+00  9.5661961e+00         -inf  1.00779e+05  9.56620e+00  9.56624e+00
3.363294922e+00  1.1590580e+01         -inf  1.00779e+05  1.15906e+01  1.15906e+01
3.376748102e+00  1.1531174e+01         -inf  1.00779e+05  1.15312e+01  1.15312e+01
3.390255094e+00  1.1543279e+01         -inf  1.00779e+05  1.15433e+01  1.15433e+01
3.403816115e+00  1.0981848e+01         -inf  1.00779e+05  1.09818e+01  1.09819e+01
3.417431379e+00  9.3705815e+00         -inf  1.00779e+05  9.37058e+00  9.37065e+00
3.431101105e+00  9.7386812e+00         -inf  1.00779e+05  9.73868e+00  9.73875e+00
3.444825509e+00  9.5239887e+00         -inf  1.00779e+05  9.52399e+00  9.52406e+00
3.458604811e+00  8.8474041e+00         -inf  1.00779e+05  8.84740e+00  8.84748e+00
3.472439231e+00  9.6049738e+00         -inf  1.00779e+05  9.60497e+00  9.60506e+00
3.486328987e+00  9.2826659e+00         -inf  1.00779e+05  9.28267e+00  9.28275e+00
3.500274303e+00  8.4007696e+00         -inf  1.00779e+05  8.40077e+00  8.40086e+00
3.514275401e+00  7.1818101e+00         -inf  1.00779e+05  7.18181e+00  7.18190e+00
3.528332502e+00  7.9459211e+00         -inf  1.00779e+05  7.94592e+00  7.94602e+00
3.542445832e+00  1.0208749e+01         -inf  1.00779e+05  1.02087e+01  1.02089e+01
3.556615616e+00  8.3309740e+00         -inf  1.00779e+05  8.33097e+00  8.33109e+00
3.570842078e+00  1.1001412e+01         -inf  1.00779e+05  1.10014e+01  1.10015e+01
3.585125446e+00  1.0606143e+01         -inf  1.00779e+05  1.06061e+01  1.06063e+01
3.599465948e+00  9.2247853e+00         -inf  1.00779e+05  9.22479e+00  9.22492e+00
3.613863812e+00  8.9517947e+00         -inf  1.00779e+05  8.95179e+00  8.95194e+00
3.628319267e+00  8.0677955e+00         -inf  1.00779e+05  8.06780e+00  8.06795e+00
3.642832544e+00  7.9393181e+00         -inf  1.00779e+05  7.93932e+00  7.93948e+00
3.657403874e+00  6.8558812e+00         -inf  1.00779e+05  6.85588e+00  6.85605e+00
3.672033490e+00  6.9624240e+00         -inf  1.00779e+05  6.96242e+00  6.96261e+00
3.686721624e+00  7.0839264e+00         -inf  1.00779e+05  7.08393e+00  7.08412e+00
3.701468510e+00  6.6183359e+00         -inf  1.00779e+05  6.61834e+00  6.61854e+00
3.716274384e+00  6.9045798e+00         -inf  1.00779e+05  6.90458e+00  6.90480e+00
3.731139482e+00  7.1681227e+00         -inf  1.00779e+05  7.16812e+00  7.16836e+00
3.746064040e+00  6.8759704e+00         -inf  1.00779e+05  6.87597e+00  6.87622e+00
3.761048296e+00  6.6921697e+00         -inf  1.00779e+05  6.69217e+00  6.69243e+00
3.776092489e+00  6.8415707e+00         -inf  1.00779e+05  6.84157e+00  6.84185e+00
3.791196859e+00  7.3246094e+00         -inf  1.00779e+05  7.32461e+00  7.32491e+00
3.806361647e+00  7.5478393e+00         -inf  1.00779e+05  7.54784e+00  7.54816e+00
3.821587093e+00  7.2877984e+00         -inf  1.00779e+05  7.28780e+00  7.28814e+00
3.836873442e+00  7.9280544e+00         -inf  1.00779e+05  7.92805e+00  7.92843e+00
3.852220935e+00  8.7301584e+00         -inf  1.00779e+05  8.73016e+00  8.73057e+00
3.867629819e+00  1.1214431e+01         -inf  1.00779e+05  1.12144e+01  1.12149e+01
3.883100338e+00  1.3179550e+01         -inf  1.00779e+05  1.31795e+01  1.31801e+01
3.898632740e+00  1.1776138e+01         -inf  1.00779e+05  1.17761e+01  1.17767e+01
3.914227271e+00  1.2594884e+01         -inf  1.00779e+05  1.25949e+01  1.25955e+01
3.929884180e+00  1.1924613e+01         -inf  1.00779e+05  1.19246e+01  1.19253e+01
3.945603716e+00  1.0784884e+01         -inf  1.00779e+05  1.07849e+01  1.07856e+01
3.961386131e+00  1.0194015e+01         -inf  1.00779e+05  1.01940e+01  1.01947e+01
3.977231676e+00  1.0597905e+01         -inf  1.00779e+05  1.05979e+01  1.05987e+01
3.993140603e+00  1.0914413e+01         -inf  1.00779e+05  1.09144e+01  1.09153e+01
4.009113165e+00  1.1739862e+01         -inf  1.00779e+05  1.17399e+01  1.17408e+01
4.025149618e+00  1.2790285e+01         -inf  1.00779e+05  1.27903e+01  1.27914e+01
4.041250216e+00  1.3867392e+01         -inf  1.00779e+05  1.38674e+01  1.38686e+01
4.057415217e+00  1.4052298e+01         -inf  1.00779e+05  1.40523e+01  1.40537e+01
4.073644878e+00  1.4724095e+01         -inf  1.00779e+05  1.47241e+01  1.47256e+01
4.089939457e+00  1.5096590e+01         -inf  1.00779e+05  1.50966e+01  1.50983e+01
4.106299215e+00  1.5144408e+01         -inf  1.00779e+05  1.51444e+01  1.51462e+01
4.122724412e+00  1.5317769e+01         -inf  1.00779e+05  1.53178e+01  1.53198e+01
4.139215310e+00  1.5559153e+01         -inf  1.00779e+05  1.55592e+01  1.55613e+01
4.155772171e+00  1.5746770e+01         -inf  1.00779e+05  1.57468e+01  1.57491e+01
4.172395260e+00  1.7074168e+01         -inf  1.00779e+05  1.70742e+01  1.70769e+01
4.189084841e+00  2.2200329e+01         -inf  1.00779e+05  2.22003e+01  2.22014e+01
4.205841180e+00  3.1201000e+01         -inf  1.00779e+05  3.12010e+01  3.12011e+01
4.222664545e+00  3.8575881e+01         -inf  1.00779e+05  3.85759e+01  3.85760e+01
4.239555203e+00  4.1286737e+01         -inf  1.00779e+05  4.12867e+01  4.12868e+01
4.256513424e+00  3.9498717e+01         -inf  1.00779e+05  3.94987e+01  3.94988e+01
4.273539477e+00  4.0905877e+01         -inf  1.00779e+05  4.09059e+01  4.09060e+01
4.290633635e+00  3.9788275e+01         -inf  1.00779e+05  3.97883e+01  3.97884e+01
4.307796170e+00  3.7353084e+01         -inf  1.00779e+05  3.73531e+01  3.73532e+01
4.325027355e+00  3.4102283e+01         -inf  1.00779e+05  3.41023e+01  3.41024e+01
4.342327464e+00  3.1762064e+01         -inf  1.00779e+05  3.17621e+01  3.17622e+01
4.359696774e+00  3.0777468e+01         -inf  1.00779e+05  3.07775e+01  3.07776e+01
4.377135561e+00  2.8638617e+01         -inf  1.00779e+05  2.86386e+01  2.86390e+01
4.394644103e+00  2.8724122e+01         -inf  1.00779e+05  2.87241e+01  2.87245e+01
4.412222680e+00  2.7953073e+01         -inf  1.00779e+05  2.79531e+01  2.79535e+01
4.429871570e+00  2.5816848e+01         -inf  1.00779e+05  2.58168e+01  2.58180e+01
4.447591057e+00  2.2640166e+01         -inf  1.00779e+05  2.26402e+01  2.26430e+01
4.465381421e+00  2.2613650e+01         -inf  1.00779e+05  2.26136e+01  2.26166e+01
4.483242946e+00  2.2812991e+01         -inf  1.00779e+05  2.28130e+01  2.28163e+01
4.501175918e+00  2.0884483e+01         -inf  1.00779e+05  2.08845e+01  2.08892e+01
4.519180622e+00  2.2369531e+01         -inf  1.00779e+05  2.23695e+01  2.23736e+01
4.537257344e+00  2.1087657e+01         -inf  1.00779e+05  2.10877e+01  2.10927e+01
4.555406374e+00  1.9164002e+01         -inf  1.00779e+05  1.91640e+01  1.91702e+01
4.573627999e+00  1.7009758e+01         -inf  1.00779e+05  1.70098e+01  1.70165e+01
4.591922511e+00  1.3978303e+01         -inf  1.00779e+05  1.39783e+01  1.39846e+01
4.610290201e+00  1.2219333e+01         -inf  1.00779e+05  1.22193e+01  1.22250e+01
4.628731362e+00  1.0733907e+01         -inf  1.00779e+05  1.07339e+01  1.07393e+01
4.647246288e+00  9.6452073e+00         -inf  1.00779e+05  9.64521e+00  9.65060e+00
4.665835273e+00  8.7367086e+00         -inf  1.00779e+05  8.73671e+00  8.74218e+00
4.684498614e+00  1.0671736e+01         -inf  1.00779e+05  1.06717e+01  1.06774e+01
4.703236608e+00  2.3211928e+01         -inf  1.00779e+05  2.32119e+01  2.32174e+01
4.722049555e+00  2.5159788e+01         -inf  1.00779e+05  2.51598e+01  2.51653e+01
4.740937753e+00  2.2060888e+01         -inf  1.00779e+05  2.20609e+01  2.20670e+01
4.759901504e+00  2.3540901e+01         -inf  1.00779e+05  2.35409e+01  2.35472e+01
4.778941110e+00  2.1916072e+01         -inf  1.00779e+05  2.19161e+01  2.19234e+01
4.798056874e+00  1.9497616e+01         -inf  1.00779e+05  1.94976e+01  1.95064e+01
4.817249102e+00  1.9673402e+01         -inf  1.00779e+05  1.96734e+01  1.96838e+01
4.836518098e+00  1.7859337e+01         -inf  1.00779e+05  1.78593e+01  1.78708e+01
4.855864171e+00  1.5842573e+01         -inf  1.00779e+05  1.58426e+01  1.58550e+01
4.875287627e+00  1.3505997e+01         -inf  1.00779e+05  1.35060e+01  1.35183e+01
4.894788778e+00  1.1348852e+01         -inf  1.00779e+05  1.13489e+01  1.13603e+01
4.914367933e+00  1.0765366e+01         -inf  1.00779e+05  1.07654e+01  1.07762e+01
4.934025405e+00  9.0654989e+00         -inf  1.00779e+05  9.06550e+00  9.07592e+00
4.953761506e+00  8.6811224e+00         -inf  1.00779e+05  8.68112e+00  8.69203e+00
4.973576552e+00  7.7944847e+00         -inf  1.00779e+05  7.79448e+00  7.80573e+00
4.993470859e+00  7.2276991e+00         -inf  1.00779e+05  7.22770e+00  7.23933e+00
5.013444742e+00  6.4853354e+00         -inf  1.00779e+05  6.48534e+00  6.49742e+00
5.033498521e+00  6.3729746e+00         -inf  1.00779e+05  6.37297e+00  6.38565e+00
5.053632515e+00  6.3442751e+00         -inf  1.00779e+05  6.34428e+00  6.35760e+00
5.073847045e+00  6.5352010e+00         -inf  1.00779e+05  6.53520e+00  6.54930e+00
5.094142433e+00  6.8716341e+00         -inf  1.00779e+05  6.87163e+00  6.88661e+00
5.114519003e+00  6.9505566e+00         -inf  1.00779e+05  6.95056e+00  6.96627e+00
5.134977079e+00  6.6475226e+00         -inf  1.00779e+05  6.64752e+00  6.66381e+00
5.155516987e+00  7.2170105e+00         -inf  1.00779e+05  7.21701e+00  7.23441e+00
5.176139055e+00  1.1311071e+01         -inf  1.00779e+05  1.13111e+01  1.13322e+01
5.196843612e+00  9.0486011e+00         -inf  1.00779e+05  9.04860e+00  9.06946e+00
5.217630986e+00  9.9361187e+00         -inf  1.00779e+05  9.93612e+00  9.95936e+00
5.238501510e+00  9.0947795e+00         -inf  1.00779e+05  9.09478e+00  9.11872e+00
5.259455516e+00  8.3023867e+00         -inf  1.00779e+05  8.30239e+00  8.32645e+00
5.280493338e+00  7.5450132e+00         -inf  1.00779e+05  7.54501e+00  7.56929e+00
5.301615311e+00  7.3185340e+00         -inf  1.00779e+05  7.31853e+00  7.34377e+00
5.322821773e+00  7.9574886e+00         -inf  1.00779e+05  7.95749e+00  7.98440e+00
5.344113060e+00  7.3246158e+00         -inf  1.00779e+05  7.32462e+00  7.35314e+00
5.365489512e+00  7.3655349e+00         -inf  1.00779e+05  7.36553e+00  7.39596e+00
5.386951470e+00  7.3483695e+00         -inf  1.00779e+05  7.34837e+00  7.38078e+00
5.408499276e+00  7.4778691e+00         -inf  1.00779e+05  7.47787e+00  7.51253e+00
5.430133273e+00  7.5816808e+00         -inf  1.00779e+05  7.58168e+00  7.61854e+00
5.451853806e+00  7.6771217e+00         -inf  1.00779e+05  7.67712e+00  7.71646e+00
5.473661221e+00  7.9312308e+00         -inf  1.00779e+05  7.93123e+00  7.97333e+00
5.495555866e+00  8.2534157e+00         -inf  1.00779e+05  8.25342e+00  8.29861e+00
5.517538090e+00  8.4761991e+00         -inf  1.00779e+05  8.47620e+00  8.52461e+00
5.539608242e+00  8.3445075e+00         -inf  1.00779e+05  8.34451e+00  8.39652e+00
5.561766675e+00  7.9587887e+00         -inf  1.00779e+05  7.95879e+00  8.01469e+00
5.584013742e+00  8.2642654e+00         -inf  1.00779e+05  8.26427e+00  8.32413e+00
5.606349797e+00  8.5267320e+00         -inf  1.00779e+05  8.52673e+00  8.59079e+00
5.628775196e+00  8.4678900e+00         -inf  1.00779e+05  8.46789e+00  8.53642e+00
5.651290297e+00  8.3489918e+00         -inf  1.00779e+05  8.34899e+00  8.42222e+00
5.673895458e+00  8.4054335e+00         -inf  1.00779e+05  8.40543e+00  8.48368e+00
5.696591040e+00  8.4518278e+00         -inf  1.00779e+05  8.45183e+00  8.53523e+00
5.719377404e+00  9.2227654e+00         -inf  1.00779e+05  9.22277e+00  9.31140e+00
5.742254913e+00  1.2323422e+01         -inf  1.00779e+05  1.23234e+01  1.24170e+01
5.765223933e+00  1.2271135e+01         -inf  1.00779e+05  1.22711e+01  1.23707e+01
5.788284829e+00  1.1221696e+01         -inf  1.00779e+05  1.12217e+01  1.13282e+01
5.811437968e+00  1.1529146e+01         -inf  1.00779e+05  1.15291e+01  1.16422e+01
5.834683720e+00  1.2025789e+01         -inf  1.00779e+05  1.20258e+01  1.21450e+01
5.858022455e+00  1.1690776e+01         -inf  1.00779e+05  1.16908e+01  1.18167e+01
5.881454545e+00  1.1208808e+01         -inf  1.00779e+05  1.12088e+01  1.13414e+01
5.904980363e+00  1.0840901e+01         -inf  1.00779e+05  1.08409e+01  1.09801e+01
5.928600284e+00  1.0781521e+01         -inf  1.00779e+05  1.07815e+01  1.09270e+01
5.952314685e+00  1.0991364e+01         -inf  1.00779e+05  1.09914e+01  1.11431e+01
5.976123944e+00  1.1305996e+01         -inf  1.00779e+05  1.13060e+01  1.14633e+01
6.000028440e+00  1.1766595e+01         -inf  1.00779e+05  1.17666e+01  1.19293e+01
6.024028554e+00  1.2217965e+01         -inf  1.00779e+05  1.22180e+01  1.23857e+01
6.048124668e+00  1.2681507e+01         -inf  1.00779e+05  1.26815e+01  1.28538e+01
6.072317167e+00  1.3125701e+01         -inf  1.00779e+05  1.31257e+01  1.33024e+01
6.096606435e+00  1.3535432e+01         -inf  1.00779e+05  1.35354e+01  1.37164e+01
6.120992861e+00  1.3913626e+01         -inf  1.00779e+05  1.39136e+01  1.40986e+01
6.145476832e+00  1.4200832e+01         -inf  1.00779e+05  1.42008e+01  1.43899e+01
6.170058740e+00  1.4463405e+01         -inf  1.00779e+05  1.44634e+01  1.46566e+01
6.194738975e+00  1.4640281e+01         -inf  1.00779e+05  1.46403e+01  1.48383e+01
6.219517931e+00  1.4786112e+01         -inf  1.00779e+05  1.47861e+01  1.49896e+01
6.244396002e+00  1.4838846e+01         -inf  1.00779e+05  1.48388e+01  1.50490e+01
6.269373586e+00  1.4821811e+01         -inf  1.00779e+05  1.48218e+01  1.50396e+01
6.294451081e+00  1.4914555e+01         -inf  1.00779e+05  1.49146e+01  1.51404e+01
6.319628885e+00  1.4873814e+01         -inf  1.00779e+05  1.48738e+01  1.51089e+01
6.344907401e+00  1.5045221e+01         -inf  1.00779e+05  1.50452e+01  1.52889e+01
6.370287030e+00  1.5210804e+01         -inf  1.00779e+05  1.52108e+01  1.54628e+01
6.395768178e+00  1.5508868e+01         -inf  1.00779e+05  1.55089e+01  1.57682e+01
6.421351251e+00  1.5735314e+01         -inf  1.00779e+05  1.57353e+01  1.60023e+01
6.447036656e+00  1.5678007e+01         -inf  1.00779e+05  1.56780e+01  1.59549e+01
6.472824803e+00  1.5438073e+01         -inf  1.00779e+05  1.54381e+01  1.57267e+01
6.498716102e+00  1.5476485e+01         -inf  1.00779e+05  1.54765e+01  1.57760e+01
6.524710966e+00  1.4631284e+01         -inf  1.00779e+05  1.46313e+01  1.49449e+01
6.550809810e+00  1.4088575e+01         -inf  1.00779e+05  1.40886e+01  1.44137e+01
6.577013049e+00  1.3856545e+01         -inf  1.00779e+05  1.38565e+01  1.41914e+01
6.603321102e+00  1.3648553e+01         -inf  1.00779e+05  1.36486e+01  1.39924e+01
6.629734386e+00  1.3429796e+01         -inf  1.00779e+05  1.34298e+01  1.37825e+01
6.656253324e+00  1.3261823e+01         -inf  1.00779e+05  1.32618e+01  1.36230e+01
6.682878337e+00  1.2949843e+01         -inf  1.00779e+05  1.29498e+01  1.33196e+01
6.709609850e+00  1.2669651e+01         -inf  1.00779e+05  1.26697e+01  1.30475e+01
6.736448290e+00  1.2419670e+01         -inf  1.00779e+05  1.24197e+01  1.28052e+01
6.763394083e+00  1.1948872e+01         -inf  1.00779e+05  1.19489e+01  1.23421e+01
6.790447659e+00  1.1918113e+01         -inf  1.00779e+05  1.19181e+01  1.23168e+01
6.817609450e+00  1.1294318e+01         -inf  1.00779e+05  1.12943e+01  1.16994e+01
6.844879888e+00  1.0895316e+01         -inf  1.00779e+05  1.08953e+01  1.13059e+01
6.872259407e+00  1.0494196e+01         -inf  1.00779e+05  1.04942e+01  1.09100e+01
6.899748445e+00  1.0229288e+01         -inf  1.00779e+05  1.02293e+01  1.06493e+01
6.927347438e+00  9.6469984e+00         -inf  1.00779e+05  9.64700e+00  1.00709e+01
6.955056828e+00  9.1357768e+00         -inf  1.00779e+05  9.13578e+00  9.56200e+00
6.982877056e+00  8.9327289e+00         -inf  1.00779e+05  8.93273e+00  9.36083e+00
7.010808564e+00  8.6047441e+00         -inf  1.00779e+05  8.60474e+00  9.03391e+00
7.038851798e+00  8.1802703e+00         -inf  1.00779e+05  8.18027e+00  8.60934e+00
7.067007205e+00  7.9520586e+00         -inf  1.00779e+05  7.95206e+00  8.38206e+00
7.095275234e+00  7.7533021e+00         -inf  1.00779e+05  7.75330e+00  8.18364e+00
7.123656335e+00  7.4962119e+00         -inf  1.00779e+05  7.49621e+00  7.92776e+00
7.152150960e+00  7.4501645e+00         -inf  1.00779e+05  7.45016e+00  7.88292e+00
7.180759564e+00  7.3659844e+00         -inf  1.00779e+05  7.36598e+00  7.80133e+00
7.209482602e+00  7.6405816e+00         -inf  1.00779e+05  7.64058e+00  8.08038e+00
7.238320533e+00  8.0200285e+00         -inf  1.00779e+05  8.02003e+00  8.46909e+00
7.267273815e+00  8.6823942e+00         -inf  1.00779e+05  8.68239e+00  9.14366e+00
7.296342910e+00  8.6481970e+00         -inf  1.00779e+05  8.64820e+00  9.11916e+00
7.325528282e+00  9.9181849e+00         -inf  1.00779e+05  9.91818e+00  1.04127e+01
7.354830395e+00  1.1288724e+01         -inf  1.00779e+05  1.12887e+01  1.18065e+01
7.384249717e+00  1.2572781e+01         -inf  1.00779e+05  1.25728e+01  1.30981e+01
7.413786715e+00  1.1882861e+01         -inf  1.00779e+05  1.18829e+01  1.24043e+01
7.443441862e+00  1.3271546e+01         -inf  1.00779e+05  1.32715e+01  1.37934e+01
7.473215630e+00  1.2872139e+01         -inf  1.00779e+05  1.28721e+01  1.34071e+01
7.503108492e+00  1.3526978e+01         -inf  1.00779e+05  1.35270e+01  1.40568e+01
7.533120926e+00  1.2781249e+01         -inf  1.00779e+05  1.27812e+01  1.33284e+01
7.563253410e+00  1.1230221e+01         -inf  1.00779e+05  1.12302e+01  1.18086e+01
7.593506424e+00  1.1217744e+01         -inf  1.00779e+05  1.12177e+01  1.18378e+01
7.623880449e+00  1.3098363e+01         -inf  1.00779e+05  1.30984e+01  1.37735e+01
7.654375971e+00  1.8607977e+01         -inf  1.00779e+05  1.86080e+01  1.91885e+01
7.684993475e+00  1.9516362e+01         -inf  1.00779e+05  1.95164e+01  2.01643e+01
7.715733449e+00  1.8366640e+01         -inf  1.00779e+05  1.83666e+01  1.90763e+01
7.746596383e+00  1.7029292e+01         -inf  1.00779e+05  1.70293e+01  1.77649e+01
7.777582768e+00  1.5120330e+01         -inf  1.00779e+05  1.51203e+01  1.58590e+01
7.808693099e+00  1.6416073e+01         -inf  1.00779e+05  1.64161e+01  1.71973e+01
7.839927872e+00  1.7219119e+01         -inf  1.00779e+05  1.72191e+01  1.80324e+01
7.871287583e+00  1.7015446e+01         -inf  1.00779e+05  1.70154e+01  1.78375e+01
7.902772733e+00  1.5639856e+01         -inf  1.00779e+05  1.56399e+01  1.64960e+01
7.934383824e+00  1.4494095e+01         -inf  1.00779e+05  1.44941e+01  1.53653e+01
7.966121360e+00  1.2455481e+01         -inf  1.00779e+05  1.24555e+01  1.33327e+01
7.997985845e+00  1.0768227e+01         -inf  1.00779e+05  1.07682e+01  1.16393e+01
8.029977788e+00  1.0628764e+01         -inf  1.00779e+05  1.06288e+01  1.15288e+01
8.062097700e+00  9.2249125e+00         -inf  1.00779e+05  9.22491e+00  1.01168e+01
8.094346090e+00  8.3262283e+00         -inf  1.00779e+05  8.32623e+00  9.22439e+00
8.126723475e+00  7.3898512e+00         -inf  1.00779e+05  7.38985e+00  8.28638e+00
8.159230369e+00  6.7442727e+00         -inf  1.00779e+05  6.74427e+00  7.64928e+00
8.191867290e+00  7.1066470e+00         -inf  1.00779e+05  7.10665e+00  8.04553e+00
8.224634759e+00  6.1540280e+00         -inf  1.00779e+05  6.15403e+00  7.09354e+00
8.257533298e+00  6.1699454e+00         -inf  1.00779e+05  6.16995e+00  7.13496e+00
8.290563432e+00  5.6560895e+00         -inf  1.00779e+05  5.65609e+00  6.63148e+00
8.323725685e+00  6.2329314e+00         -inf  1.00779e+05  6.23293e+00  7.24228e+00
8.357020588e+00  6.5472980e+00         -inf  1.00779e+05  6.54730e+00  7.58384e+00
8.390448670e+00  7.4268984e+00         -inf  1.00779e+05  7.42690e+00  8.50421e+00
8.424010465e+00  7.9756079e+00         -inf  1.00779e+05  7.97561e+00  9.08476e+00
8.457706507e+00  8.9156661e+00         -inf  1.00779e+05  8.91567e+00  1.00644e+01
8.491537333e+00  9.0089227e+00         -inf  1.00779e+05  9.00892e+00  1.01814e+01
8.525503482e+00  9.0708747e+00         -inf  1.00779e+05  9.07087e+00  1.02622e+01
8.559605496e+00  8.0077375e+00         -inf  1.00779e+05  8.00774e+00  9.20600e+00
8.593843918e+00  9.1575124e+00         -inf  1.00779e+05  9.15751e+00  1.04009e+01
8.628219294e+00  9.7808178e+00         -inf  1.00779e+05  9.78082e+00  1.10685e+01
8.662732171e+00  9.7490392e+00         -inf  1.00779e+05  9.74904e+00  1.10716e+01
8.697383100e+00  1.0086286e+01         -inf  1.00779e+05  1.00863e+01  1.14349e+01
8.732172632e+00  9.6077502e+00         -inf  1.00779e+05  9.60775e+00  1.09741e+01
8.767101323e+00  9.1757251e+00         -inf  1.00779e+05  9.17573e+00  1.05591e+01
8.802169728e+00  1.0081119e+01         -inf  1.00779e+05  1.00811e+01  1.14827e+01
8.837378407e+00  1.0313451e+01         -inf  1.00779e+05  1.03135e+01  1.17379e+01
8.872727920e+00  9.7927527e+00         -inf  1.00779e+05  9.79275e+00  1.12484e+01
8.908218832e+00  1.0031602e+01         -inf  1.00779e+05  1.00316e+01  1.15206e+01
8.943851707e+00  1.0334055e+01         -inf  1.00779e+05  1.03341e+01  1.18581e+01
8.979627114e+00  9.7567467e+00         -inf  1.00779e+05  9.75675e+00  1.13216e+01
9.015545623e+00  8.9034782e+00         -inf  1.00779e+05  8.90348e+00  1.05121e+01
9.051607805e+00  9.3629897e+00         -inf  1.00779e+05  9.36299e+00  1.10096e+01
9.087814236e+00  9.6544266e+00         -inf  1.00779e+05  9.65443e+00  1.13389e+01
9.124165493e+00  9.6674661e+00         -inf  1.00779e+05  9.66747e+00  1.13932e+01
9.160662155e+00  1.0319911e+01         -inf  1.00779e+05  1.03199e+01  1.20953e+01
9.197304804e+00  1.1575673e+01         -inf  1.00779e+05  1.15757e+01  1.34127e+01
9.234094023e+00  1.0611348e+01         -inf  1.00779e+05  1.06113e+01  1.25354e+01
9.271030399e+00  1.0416511e+01         -inf  1.00779e+05  1.04165e+01  1.24136e+01
9.308114521e+00  1.0827422e+01         -inf  1.00779e+05  1.08274e+01  1.28596e+01
9.345346979e+00  1.1914412e+01         -inf  1.00779e+05  1.19144e+01  1.39681e+01
9.382728367e+00  2.1193007e+01         -inf  1.00779e+05  2.11930e+01  2.31142e+01
9.420259280e+00  3.0356673e+01         -inf  1.00779e+05  3.03567e+01  3.20395e+01
9.457940318e+00  3.3312463e+01         -inf  1.00779e+05  3.33125e+01  3.48510e+01
9.495772079e+00  3.4979519e+01         -inf  1.00779e+05  3.49795e+01  3.64011e+01
9.533755167e+00  3.3797360e+01         -inf  1.00779e+05  3.37974e+01  3.53515e+01
9.571890188e+00  2.7058754e+01         -inf  1.00779e+05  2.70588e+01  2.90232e+01
9.610177749e+00  3.3567313e+01         -inf  1.00779e+05  3.35673e+01  3.51519e+01
9.648618460e+00  3.4748980e+01         -inf  1.00779e+05  3.47490e+01  3.64218e+01
9.687212933e+00  3.2934349e+01         -inf  1.00779e+05  3.29343e+01  3.47932e+01
9.725961785e+00  3.1756430e+01         -inf  1.00779e+05  3.17564e+01  3.36734e+01
9.764865632e+00  3.1958119e+01         -inf  1.00779e+05  3.19581e+01  3.39363e+01
9.803925095e+00  3.0795622e+01         -inf  1.00779e+05  3.07956e+01  3.28991e+01
9.843140795e+00  2.8948651e+01         -inf  1.00779e+05  2.89487e+01  3.11796e+01
9.882513358e+00  2.5977093e+01         -inf  1.00779e+05  2.59771e+01  2.83774e+01
9.922043412e+00  2.3092731e+01         -inf  1.00779e+05  2.30927e+01  2.56322e+01
9.961731585e+00  2.0073647e+01         -inf  1.00779e+05  2.00736e+01  2.27413e+01
1.000157851e+01  1.6515357e+01         -inf  1.00779e+05  1.65154e+01  1.93036e+01
1.004158483e+01  1.2467097e+01         -inf  1.00779e+05  1.24671e+01  1.53686e+01
1.008175117e+01  1.0372889e+01         -inf  1.00779e+05  1.03729e+01  1.33621e+01
1.012207817e+01  7.8824855e+00         -inf  1.00779e+05  7.88249e+00  1.09647e+01
1.016256648e+01  6.1557081e+00         -inf  1.00779e+05  6.15571e+00  9.33696e+00
1.020321675e+01  4.9168127e+00         -inf  1.00779e+05  4.91681e+00  8.20716e+00
1.024402962e+01  4.2356912e+00         -inf  1.00779e+05  4.23569e+00  7.62308e+00
1.028500573e+01  3.8247457e+00         -inf  1.00779e+05  3.82475e+00  7.30240e+00
1.032614576e+01  3.5115931e+00         -inf  1.00779e+05  3.51159e+00  7.05461e+00
1.036745034e+01  2.9579469e+00         -inf  1.00779e+05  2.95795e+00  6.50398e+00
1.040892014e+01  2.5306493e+00         -inf  1.00779e+05  2.53065e+00  6.11084e+00
1.045055582e+01  2.8606457e+00         -inf  1.00779e+05  2.86065e+00  6.56913e+00
1.049235805e+01  2.7585703e+00         -inf  1.00779e+05  2.75857e+00  6.55160e+00
1.053432748e+01  2.6969042e+00         -inf  1.00779e+05  2.69690e+00  6.57356e+00
1.057646479e+01  2.5915401e+00         -inf  1.00779e+05  2.59154e+00  6.54191e+00
1.061877065e+01  2.4433066e+00         -inf  1.00779e+05  2.44331e+00  6.45832e+00
1.066124573e+01  2.2731704e+00         -inf  1.00779e+05  2.27317e+00  6.34836e+00
1.070389071e+01  2.0925268e+00         -inf  1.00779e+05  2.09253e+00  6.22751e+00
1.074670627e+01  1.9207988e+00         -inf  1.00779e+05  1.92080e+00  6.11931e+00
1.078969310e+01  1.7647539e+00         -inf  1.00779e+05  1.76475e+00  6.03198e+00
1.083285187e+01  1.6329976e+00         -inf  1.00779e+05  1.63300e+00  5.97519e+00
1.087618328e+01  1.5187700e+00         -inf  1.00779e+05  1.51877e+00  5.94021e+00
1.091968801e+01  1.4034104e+00         -inf  1.00779e+05  1.40341e+00  5.90651e+00
1.096336676e+01  1.3039104e+00         -inf  1.00779e+05  1.30391e+00  5.89112e+00
1.100722023e+01  1.2093697e+00         -inf  1.00779e+05  1.20937e+00  5.88238e+00
1.105124911e+01  1.1183908e+00         -inf  1.00779e+05  1.11839e+00  5.87889e+00
1.109545411e+01  1.0277735e+00         -inf  1.00779e+05  1.02777e+00  5.87709e+00
1.113983593e+01  9.2515148e-01         -inf  1.00779e+05  9.25151e-01  5.86388e+00
1.118439527e+01  8.2236951e-01         -inf  1.00779e+05  8.22370e-01  5.85165e+00
1.122913285e+01  7.2434180e-01         -inf  1.00779e+05  7.24342e-01  5.84602e+00
1.127404938e+01  6.2345339e-01         -inf  1.00779e+05  6.23453e-01  5.83864e+00
1.131914558e+01  5.2750334e-01         -inf  1.00779e+05  5.27503e-01  5.83798e+00
1.136442216e+01  4.3088624e-01         -inf  1.00779e+05  4.30886e-01  5.83806e+00
1.140987985e+01  3.3430903e-01         -inf  1.00779e+05  3.34309e-01  5.83957e+00
1.145551937e+01  2.3412142e-01         -inf  1.00779e+05  2.34121e-01  5.83854e+00
1.150134145e+01  1.3347937e-01         -inf  1.00779e+05  1.33479e-01  5.83844e+00
1.154734681e+01  4.3896762e-02         -inf  1.00779e+05  4.38968e-02  5.85218e+00
1.159353620e+01 -4.8121930e-02         -inf  1.00779e+05 -4.81219e-02  5.86466e+00
1.163991035e+01 -1.6808165e-01         -inf  1.00779e+05 -1.68082e-01  5.84736e+00
1.168646999e+01 -2.6812291e-01         -inf  1.00779e+05 -2.68123e-01  5.85372e+00
1.173321587e+01 -3.7016794e-01         -inf  1.00779e+05 -3.70168e-01  5.85940e+00
1.178014873e+01 -4.7299703e-01         -inf  1.00779e+05 -4.72997e-01  5.86570e+00
1.182726932e+01 -5.7195768e-01         -inf  1.00779e+05 -5.71958e-01  5.87759e+00
1.187457840e+01 -6.7913812e-01         -inf  1.00779e+05 -6.79138e-01  5.88215e+00
1.192207672e+01 -7.7721950e-01         -inf  1.00779e+05 -7.77219e-01  5.89729e+00
1.196976502e+01 -8.8399403e-01         -inf  1.00779e+05 -8.83994e-01  5.90545e+00
1.201764408e+01 -9.6460545e-01         -inf  1.00779e+05 -9.64605e-01  5.94214e+00
1.206571466e+01 -9.2816860e-01         -inf  1.00779e+05 -9.28169e-01  6.12155e+00
1.211397752e+01 -1.1275064e+00         -inf  1.00779e+05 -1.12751e+00  6.02343e+00
1.216243343e+01 -1.1349934e+00         -inf  1.00779e+05 -1.13499e+00  6.14750e+00
1.221108316e+01 -1.1927437e+00         -inf  1.00779e+05 -1.19274e+00  6.23028e+00
1.225992749e+01 -1.1596661e+00         -inf  1.00779e+05 -1.15967e+00  6.41214e+00
1.230896720e+01 -1.1628907e+00         -inf  1.00779e+05 -1.16289e+00  6.56535e+00
1.235820307e+01 -1.1540260e+00         -inf  1.00779e+05 -1.15403e+00  6.73387e+00
1.240763589e+01 -1.0932266e+00         -inf  1.00779e+05 -1.09323e+00  6.95012e+00
1.245726643e+01 -1.1876952e+00         -inf  1.00779e+05 -1.18770e+00  7.00151e+00
1.250709549e+01 -1.0893986e+00         -inf  1.00779e+05 -1.08940e+00  7.22355e+00
1.255712388e+01 -1.2764997e+00         -inf  1.00779e+05 -1.27650e+00  7.14386e+00
1.260735237e+01 -6.0643617e-01         -inf  1.00779e+05 -6.06436e-01  8.39085e+00
1.265778178e+01 -8.6312152e-01         -inf  1.00779e+05 -8.63122e-01  8.15992e+00
1.270841291e+01 -1.3347827e+00         -inf  1.00779e+05 -1.33478e+00  7.43915e+00
1.275924656e+01 -1.0105016e+00         -inf  1.00779e+05 -1.01050e+00  7.94522e+00
1.281028355e+01 -1.0816992e+00         -inf  1.00779e+05 -1.08170e+00  8.05036e+00
1.286152468e+01 -8.0172459e-01         -inf  1.00779e+05 -8.01725e-01  8.49768e+00
1.291297078e+01 -9.6777423e-01         -inf  1.00779e+05 -9.67774e-01  8.51313e+00
1.296462266e+01  6.2958298e-02         -inf  1.00779e+05  6.29583e-02  9.82876e+00
1.301648115e+01 -7.5460378e-01         -inf  1.00779e+05 -7.54604e-01  9.30760e+00
1.306854708e+01  2.0331419e-01         -inf  1.00779e+05  2.03314e-01  1.05801e+01
1.312082127e+01 -5.1799972e-01         -inf  1.00779e+05 -5.18000e-01  1.03370e+01
1.317330455e+01 -2.4173075e-01         -inf  1.00779e+05 -2.41731e-01  1.12076e+01
1.322599777e+01  6.6057694e-01         -inf  1.00779e+05  6.60577e-01  1.28014e+01
1.327890176e+01  1.1501485e-01         -inf  1.00779e+05  1.15015e-01  1.27777e+01
1.333201737e+01  2.5326872e+00         -inf  1.00779e+05  2.53269e+00  1.55658e+01
1.338534544e+01  1.1663645e+00         -inf  1.00779e+05  1.16636e+00  1.45588e+01
1.343888682e+01  4.3476058e+00         -inf  1.00779e+05  4.34761e+00  1.78250e+01
1.349264237e+01  6.4538180e+00         -inf  1.00779e+05  6.45382e+00  1.90897e+01
1.354661294e+01  4.5833401e+00         -inf  1.00779e+05  4.58334e+00  1.80665e+01
1.360079939e+01  6.7681709e+00         -inf  1.00779e+05  6.76817e+00  2.01036e+01
1.365520258e+01  5.7381264e+00         -inf  1.00779e+05  5.73813e+00  1.91857e+01
1.370982339e+01  7.3705236e+00         -inf  1.00779e+05  7.37052e+00  2.12007e+01
1.376466269e+01  4.2334012e+00         -inf  1.00779e+05  4.23340e+00  1.87140e+01
1.381972134e+01  7.5985545e+00         -inf  1.00779e+05  7.59855e+00  2.19459e+01
1.387500022e+01  1.8933717e+01         -inf  1.00779e+05  1.89337e+01  2.72861e+01
1.393050023e+01  9.6187119e+00         -inf  1.00779e+05  9.61871e+00  2.26174e+01
1.398622223e+01  7.9946038e+00         -inf  1.00779e+05  7.99460e+00  2.16207e+01
1.404216712e+01  1.0101499e+01         -inf  1.00779e+05  1.01015e+01  2.27321e+01
1.409833578e+01  1.0969223e+01         -inf  1.00779e+05  1.09692e+01  2.32961e+01
1.415472913e+01  1.2188996e+01         -inf  1.00779e+05  1.21890e+01  2.30544e+01
1.421134804e+01  1.4855555e+01         -inf  1.00779e+05  1.48556e+01  2.45055e+01
1.426819344e+01  1.6761120e+01         -inf  1.00779e+05  1.67611e+01  2.53127e+01
1.432526621e+01  1.8652530e+01         -inf  1.00779e+05  1.86525e+01  2.64842e+01
1.438256727e+01  2.1631155e+01         -inf  1.00779e+05  2.16312e+01  2.84961e+01
1.444009754e+01  2.3313993e+01         -inf  1.00779e+05  2.33140e+01  2.99516e+01
1.449785793e+01  2.3377806e+01         -inf  1.00779e+05  2.33778e+01  2.98952e+01
1.455584937e+01  2.5201806e+01         -inf  1.00779e+05  2.52018e+01  3.16571e+01
1.461407276e+01  2.6482496e+01         -inf  1.00779e+05  2.64825e+01  3.29800e+01
1.467252905e+01  2.6438339e+01         -inf  1.00779e+05  2.64383e+01  3.30351e+01
1.473121917e+01  2.6624710e+01         -inf  1.00779e+05  2.66247e+01  3.33210e+01
1.479014405e+01  2.7520593e+01         -inf  1.00779e+05  2.75206e+01  3.43159e+01
1.484930462e+01  2.7222895e+01         -inf  1.00779e+05  2.72229e+01  3.41287e+01
1.490870184e+01  2.6880347e+01         -inf  1.00779e+05  2.68803e+01  3.38943e+01
1.496833665e+01  3.6582441e+01         -inf  1.00779e+05  3.65824e+01  4.35522e+01
1.502821000e+01  2.7604389e+01         -inf  1.00779e+05  2.76044e+01  3.48431e+01
1.508832284e+01  2.8131779e+01         -inf  1.00779e+05  2.81318e+01  3.54815e+01
1.514867613e+01  2.6328622e+01         -inf  1.00779e+05  2.63286e+01  3.38175e+01
1.520927083e+01  2.5025906e+01         -inf  1.00779e+05  2.50259e+01  3.26423e+01
1.527010791e+01  2.5451186e+01         -inf  1.00779e+05  2.54512e+01  3.31931e+01
1.533118835e+01  2.5454175e+01         -inf  1.00779e+05  2.54542e+01  3.33254e+01
1.539251310e+01  2.6255410e+01         -inf  1.00779e+05  2.62554e+01  3.42443e+01
1.545408315e+01  2.3148481e+01         -inf  1.00779e+05  2.31485e+01  3.14892e+01
1.551589948e+01  2.2514171e+01         -inf  1.00779e+05  2.25142e+01  3.10255e+01
1.557796308e+01  2.0369846e+01         -inf  1.00779e+05  2.03698e+01  2.94095e+01
1.564027493e+01  1.7729328e+01         -inf  1.00779e+05  1.77293e+01  2.76085e+01
1.570283603e+01  1.7174995e+01         -inf  1.00779e+05  1.71750e+01  2.75353e+01
1.576564738e+01  1.4746659e+01         -inf  1.00779e+05  1.47467e+01  2.61836e+01
1.582870997e+01  1.1561891e+01         -inf  1.00779e+05  1.15619e+01  2.47444e+01
1.589202481e+01  9.3241547e+00         -inf  1.00779e+05  9.32415e+00  2.37735e+01
1.595559291e+01  4.4246722e+00         -inf  1.00779e+05  4.42467e+00  2.16926e+01
1.601941528e+01  3.6648783e+00         -inf  1.00779e+05  3.66488e+00  2.16120e+01
1.608349294e+01 -2.5740963e+00         -inf  1.00779e+05 -2.57410e+00  1.89223e+01
1.614782691e+01 -1.6544220e-01         -inf  1.00779e+05 -1.65442e-01  2.02144e+01
1.621241822e+01  9.8425774e+00         -inf  1.00779e+05  9.84258e+00  2.52149e+01
1.627726789e+01 -4.0885168e+00         -inf  1.00779e+05 -4.08852e+00  1.85818e+01
1.634237696e+01 -6.7719550e+00         -inf  1.00779e+05 -6.77196e+00  1.74520e+01
1.640774647e+01 -4.2607259e+00         -inf  1.00779e+05 -4.26073e+00  1.87041e+01
1.647337746e+01 -5.2900619e+00         -inf  1.00779e+05 -5.29006e+00  1.84318e+01
1.653927097e+01 -6.8235044e+00         -inf  1.00779e+05 -6.82350e+00  1.75857e+01
1.660542805e+01 -7.7472136e+00         -inf  1.00779e+05 -7.74721e+00  1.70883e+01
1.667184976e+01 -9.6557420e+00         -inf  1.00779e+05 -9.65574e+00  1.63038e+01
1.673853716e+01 -5.4353990e+00         -inf  1.00779e+05 -5.43540e+00  1.88788e+01
1.680549131e+01 -1.1347729e+01         -inf  1.00779e+05 -1.13477e+01  1.55388e+01
1.687271328e+01 -1.2353001e+01         -inf  1.00779e+05 -1.23530e+01  1.47572e+01
1.694020413e+01 -9.2880022e+00         -inf  1.00779e+05 -9.28800e+00  1.70314e+01
1.700796495e+01 -1.1103336e+01         -inf  1.00779e+05 -1.11033e+01  1.49820e+01
1.707599681e+01 -1.5168224e+01         -inf  1.00779e+05 -1.51682e+01  1.23737e+01
1.714430079e+01 -1.5656312e+01         -inf  1.00779e+05 -1.56563e+01  1.20027e+01
1.721287800e+01 -1.5595518e+01         -inf  1.00779e+05 -1.55955e+01  1.18418e+01
1.728172951e+01 -1.5116260e+01         -inf  1.00779e+05 -1.51163e+01  1.19386e+01
1.735085643e+01 -1.5768975e+01         -inf  1.00779e+05 -1.57690e+01  1.15242e+01
1.742025985e+01 -1.6034496e+01         -inf  1.00779e+05 -1.60345e+01  1.05135e+01
1.748994089e+01 -1.6616971e+01         -inf  1.00779e+05 -1.66170e+01  1.04346e+01
1.755990065e+01 -1.6811058e+01         -inf  1.00779e+05 -1.68111e+01  1.00368e+01
1.763014026e+01 -1.7860819e+01         -inf  1.00779e+05 -1.78608e+01  8.99386e+00
1.770066082e+01 -1.8234038e+01         -inf  1.00779e+05 -1.82340e+01  8.75717e+00
1.777146346e+01 -1.8579685e+01         -inf  1.00779e+05 -1.85797e+01  8.55733e+00
1.784254932e+01 -1.9200561e+01         -inf  1.00779e+05 -1.92006e+01  7.96044e+00
1.791391951e+01 -1.9961163e+01         -inf  1.00779e+05 -1.99612e+01  7.47816e+00
1.798557519e+01 -2.0330641e+01         -inf  1.00779e+05 -2.03306e+01  7.29570e+00
1.805751749e+01 -2.0740204e+01         -inf  1.00779e+05 -2.07402e+01  7.10764e+00
1.812974756e+01 -2.1142714e+01         -inf  1.00779e+05 -2.11427e+01  6.99655e+00
1.820226655e+01 -2.1526288e+01         -inf  1.00779e+05 -2.15263e+01  6.85306e+00
1.827507562e+01 -2.1884261e+01         -inf  1.00779e+05 -2.18843e+01  7.02845e+00
1.834817592e+01 -2.2184931e+01         -inf  1.00779e+05 -2.21849e+01  9.03904e+00
1.842156862e+01 -2.2538161e+01         -inf  1.00779e+05 -2.25382e+01  6.78649e+00
1.849525490e+01 -2.2818870e+01         -inf  1.00779e+05 -2.28189e+01  6.75643e+00
1.856923592e+01 -2.3108914e+01         -inf  1.00779e+05 -2.31089e+01  6.86676e+00
1.864351286e+01 -2.3426964e+01         -inf  1.00779e+05 -2.34270e+01  6.88195e+00
1.871808691e+01 -2.3742842e+01         -inf  1.00779e+05 -2.37428e+01  6.89910e+00
1.879295926e+01 -2.4092180e+01         -inf  1.00779e+05 -2.40922e+01  6.88258e+00
1.886813110e+01 -2.4423517e+01         -inf  1.00779e+05 -2.44235e+01  6.80789e+00
1.894360362e+01 -2.4740811e+01         -inf  1.00779e+05 -2.47408e+01  6.89878e+00
1.901937804e+01 -2.5073694e+01         -inf  1.00779e+05 -2.50737e+01  6.83919e+00
1.909545555e+01 -2.5413236e+01         -inf  1.00779e+05 -2.54132e+01  6.80089e+00
1.917183737e+01 -2.5737498e+01         -inf  1.00779e+05 -2.57375e+01  6.82437e+00
1.924852472e+01 -2.6070889e+01         -inf  1.00779e+05 -2.60709e+01  6.78281e+00
1.932551882e+01 -2.6411198e+01         -inf  1.00779e+05 -2.64112e+01  6.79788e+00
1.940282089e+01 -2.6748865e+01         -inf  1.00779e+05 -2.67489e+01  6.78697e+00
1.948043218e+01 -2.7088445e+01         -inf  1.00779e+05 -2.70884e+01  6.78444e+00
1.955835391e+01 -2.7434549e+01         -inf  1.00779e+05 -2.74345e+01  6.79156e+00
1.963658732e+01 -2.7787588e+01         -inf  1.00779e+05 -2.77876e+01  6.80110e+00
1.971513367e+01 -2.8135303e+01         -inf  1.00779e+05 -2.81353e+01  6.80111e+00
1.979399421e+01 -2.8487362e+01         -inf  1.00779e+05 -2.84874e+01  6.80121e+00
1.987317018e+01 -2.8844512e+01         -inf  1.00779e+05 -2.88445e+01  6.80680e+00
1.995266286e+01 -2.9204324e+01         -inf  1.00779e+05 -2.92043e+01  6.81258e+00
