# WARNING | GENERATOR | Too many electrons per pixel (up to 9.04e+13) detected in the 1.54-19.95 um spectral range. Reduce exposure time per frame to less than 0.000 seconds.
# ------------------------------------------------------------------------
# Radiance spectrum
# NASA-GSFC Planetary Spectrum Generator (PSG) (Villanueva et al. 2018, 2022)
# Synthesized on Tue Jul 14 13:01:43 2026
# Doppler velocities [km/s] (vobs,vrot+vorb,vwidth,vrfl,vstr): 47.10000,-0.00000,0.03000,0.00000,-0.00000
# ------------------------------------------------------------------------
# Spectra synthesized with the Planetary and Universal Model of Atmospheric Scattering (PUMAS, Villanueva et al. 2018, 2022)
# Single scattering radiative transfer method
# Radiative transfer took 3.099 seconds
# ------------------------------------------------------------------------
# Spectral unit: Wavelength [um]
# Radiance unit: Contrast [transit atmospheric thickness, km]
# Wave/freq Total Noise Stellar Proxima-Centauri-b Transit
2.000000000e-01  5.0719124e+01         -inf  1.00779e+05  5.07191e+01  5.07191e+01
2.008000000e-01  5.0529855e+01         -inf  1.00779e+05  5.05299e+01  5.05299e+01
2.016032000e-01  5.0474760e+01         -inf  1.00779e+05  5.04748e+01  5.04748e+01
2.024096128e-01  5.0472915e+01         -inf  1.00779e+05  5.04729e+01  5.04729e+01
2.032192513e-01  5.0470806e+01         -inf  1.00779e+05  5.04708e+01  5.04708e+01
2.040321283e-01  5.0504197e+01         -inf  1.00779e+05  5.05042e+01  5.05042e+01
2.048482568e-01  5.0550592e+01         -inf  1.00779e+05  5.05506e+01  5.05506e+01
2.056676498e-01  5.0649884e+01         -inf  1.00779e+05  5.06499e+01  5.06499e+01
2.064903204e-01  5.0780718e+01         -inf  1.00779e+05  5.07807e+01  5.07807e+01
2.073162817e-01  5.0906805e+01         -inf  1.00779e+05  5.09068e+01  5.09068e+01
2.081455468e-01  5.1047738e+01         -inf  1.00779e+05  5.10477e+01  5.10477e+01
2.089781290e-01  5.1179355e+01         -inf  1.00779e+05  5.11794e+01  5.11794e+01
2.098140415e-01  5.1356481e+01         -inf  1.00779e+05  5.13565e+01  5.13565e+01
2.106532977e-01  5.1576563e+01         -inf  1.00779e+05  5.15766e+01  5.15766e+01
2.114959109e-01  5.1773796e+01         -inf  1.00779e+05  5.17738e+01  5.17738e+01
2.123418945e-01  5.2130645e+01         -inf  1.00779e+05  5.21306e+01  5.21306e+01
2.131912621e-01  5.2540707e+01         -inf  1.00779e+05  5.25407e+01  5.25407e+01
2.140440271e-01  5.2657185e+01         -inf  1.00779e+05  5.26572e+01  5.26572e+01
2.149002032e-01  5.2916487e+01         -inf  1.00779e+05  5.29165e+01  5.29165e+01
2.157598041e-01  5.3182103e+01         -inf  1.00779e+05  5.31821e+01  5.31821e+01
2.166228433e-01  5.3426541e+01         -inf  1.00779e+05  5.34265e+01  5.34265e+01
2.174893346e-01  5.3709350e+01         -inf  1.00779e+05  5.37093e+01  5.37093e+01
2.183592920e-01  5.3943580e+01         -inf  1.00779e+05  5.39436e+01  5.39436e+01
2.192327292e-01  5.4193610e+01         -inf  1.00779e+05  5.41936e+01  5.41936e+01
2.201096601e-01  5.4437922e+01         -inf  1.00779e+05  5.44379e+01  5.44379e+01
2.209900987e-01  5.4681611e+01         -inf  1.00779e+05  5.46816e+01  5.46816e+01
2.218740591e-01  5.4921602e+01         -inf  1.00779e+05  5.49216e+01  5.49216e+01
2.227615553e-01  5.5150872e+01         -inf  1.00779e+05  5.51509e+01  5.51509e+01
2.236526016e-01  5.5378202e+01         -inf  1.00779e+05  5.53782e+01  5.53782e+01
2.245472120e-01  5.5609475e+01         -inf  1.00779e+05  5.56095e+01  5.56095e+01
2.254454008e-01  5.5811855e+01         -inf  1.00779e+05  5.58119e+01  5.58119e+01
2.263471824e-01  5.6037669e+01         -inf  1.00779e+05  5.60377e+01  5.60377e+01
2.272525711e-01  5.6240211e+01         -inf  1.00779e+05  5.62402e+01  5.62402e+01
2.281615814e-01  5.6445029e+01         -inf  1.00779e+05  5.64450e+01  5.64450e+01
2.290742278e-01  5.6649051e+01         -inf  1.00779e+05  5.66491e+01  5.66491e+01
2.299905247e-01  5.6825941e+01         -inf  1.00779e+05  5.68259e+01  5.68259e+01
2.309104868e-01  5.7028546e+01         -inf  1.00779e+05  5.70285e+01  5.70285e+01
2.318341287e-01  5.7197964e+01         -inf  1.00779e+05  5.71980e+01  5.71980e+01
2.327614652e-01  5.7385021e+01         -inf  1.00779e+05  5.73850e+01  5.73850e+01
2.336925111e-01  5.7539684e+01         -inf  1.00779e+05  5.75397e+01  5.75397e+01
2.346272811e-01  5.7716374e+01         -inf  1.00779e+05  5.77164e+01  5.77164e+01
2.355657903e-01  5.7857161e+01         -inf  1.00779e+05  5.78572e+01  5.78572e+01
2.365080534e-01  5.8009179e+01         -inf  1.00779e+05  5.80092e+01  5.80092e+01
2.374540856e-01  5.8158824e+01         -inf  1.00779e+05  5.81588e+01  5.81588e+01
2.384039020e-01  5.8288982e+01         -inf  1.00779e+05  5.82890e+01  5.82890e+01
2.393575176e-01  5.8413169e+01         -inf  1.00779e+05  5.84132e+01  5.84132e+01
2.403149477e-01  5.8545867e+01         -inf  1.00779e+05  5.85459e+01  5.85459e+01
2.412762074e-01  5.8647934e+01         -inf  1.00779e+05  5.86479e+01  5.86479e+01
2.422413123e-01  5.8754914e+01         -inf  1.00779e+05  5.87549e+01  5.87549e+01
2.432102775e-01  5.8864875e+01         -inf  1.00779e+05  5.88649e+01  5.88649e+01
2.441831186e-01  5.8948157e+01         -inf  1.00779e+05  5.89482e+01  5.89482e+01
2.451598511e-01  5.9037668e+01         -inf  1.00779e+05  5.90377e+01  5.90377e+01
2.461404905e-01  5.9108926e+01         -inf  1.00779e+05  5.91089e+01  5.91089e+01
2.471250525e-01  5.9169213e+01         -inf  1.00779e+05  5.91692e+01  5.91692e+01
2.481135527e-01  5.9221338e+01         -inf  1.00779e+05  5.92213e+01  5.92213e+01
2.491060069e-01  5.9297244e+01         -inf  1.00779e+05  5.92972e+01  5.92972e+01
2.501024309e-01  5.9330590e+01         -inf  1.00779e+05  5.93306e+01  5.93306e+01
2.511028406e-01  5.9326290e+01         -inf  1.00779e+05  5.93263e+01  5.93263e+01
2.521072520e-01  5.9406934e+01         -inf  1.00779e+05  5.94069e+01  5.94069e+01
2.531156810e-01  5.9386312e+01         -inf  1.00779e+05  5.93863e+01  5.93863e+01
2.541281437e-01  5.9398685e+01         -inf  1.00779e+05  5.93987e+01  5.93987e+01
2.551446563e-01  5.9424484e+01         -inf  1.00779e+05  5.94245e+01  5.94245e+01
2.561652349e-01  5.9388945e+01         -inf  1.00779e+05  5.93889e+01  5.93889e+01
2.571898959e-01  5.9344279e+01         -inf  1.00779e+05  5.93443e+01  5.93443e+01
2.582186555e-01  5.9359636e+01         -inf  1.00779e+05  5.93596e+01  5.93596e+01
2.592515301e-01  5.9314970e+01         -inf  1.00779e+05  5.93150e+01  5.93150e+01
2.602885362e-01  5.9252227e+01         -inf  1.00779e+05  5.92522e+01  5.92522e+01
2.613296904e-01  5.9203788e+01         -inf  1.00779e+05  5.92038e+01  5.92038e+01
2.623750091e-01  5.9150433e+01         -inf  1.00779e+05  5.91504e+01  5.91504e+01
2.634245092e-01  5.9015993e+01         -inf  1.00779e+05  5.90160e+01  5.90160e+01
2.644782072e-01  5.9010201e+01         -inf  1.00779e+05  5.90102e+01  5.90102e+01
2.655361200e-01  5.8874265e+01         -inf  1.00779e+05  5.88743e+01  5.88743e+01
2.665982645e-01  5.8759477e+01         -inf  1.00779e+05  5.87595e+01  5.87595e+01
2.676646576e-01  5.8657675e+01         -inf  1.00779e+05  5.86577e+01  5.86577e+01
2.687353162e-01  5.8464774e+01         -inf  1.00779e+05  5.84648e+01  5.84648e+01
2.698102574e-01  5.8407816e+01         -inf  1.00779e+05  5.84078e+01  5.84078e+01
2.708894985e-01  5.8185155e+01         -inf  1.00779e+05  5.81852e+01  5.81852e+01
2.719730565e-01  5.8061577e+01         -inf  1.00779e+05  5.80616e+01  5.80616e+01
2.730609487e-01  5.7885160e+01         -inf  1.00779e+05  5.78852e+01  5.78852e+01
2.741531925e-01  5.7620525e+01         -inf  1.00779e+05  5.76205e+01  5.76205e+01
2.752498053e-01  5.7479206e+01         -inf  1.00779e+05  5.74792e+01  5.74792e+01
2.763508045e-01  5.7246770e+01         -inf  1.00779e+05  5.72468e+01  5.72468e+01
2.774562077e-01  5.7023367e+01         -inf  1.00779e+05  5.70234e+01  5.70234e+01
2.785660325e-01  5.6774498e+01         -inf  1.00779e+05  5.67745e+01  5.67745e+01
2.796802967e-01  5.6539579e+01         -inf  1.00779e+05  5.65396e+01  5.65396e+01
2.807990178e-01  5.6227393e+01         -inf  1.00779e+05  5.62274e+01  5.62274e+01
2.819222139e-01  5.5921778e+01         -inf  1.00779e+05  5.59218e+01  5.59218e+01
2.830499028e-01  5.5690516e+01         -inf  1.00779e+05  5.56905e+01  5.56905e+01
2.841821024e-01  5.5343343e+01         -inf  1.00779e+05  5.53433e+01  5.53433e+01
2.853188308e-01  5.5009675e+01         -inf  1.00779e+05  5.50097e+01  5.50097e+01
2.864601061e-01  5.4713926e+01         -inf  1.00779e+05  5.47139e+01  5.47139e+01
2.876059465e-01  5.4334121e+01         -inf  1.00779e+05  5.43341e+01  5.43341e+01
2.887563703e-01  5.3935588e+01         -inf  1.00779e+05  5.39356e+01  5.39356e+01
2.899113958e-01  5.3557056e+01         -inf  1.00779e+05  5.35571e+01  5.35571e+01
2.910710414e-01  5.3196244e+01         -inf  1.00779e+05  5.31962e+01  5.31962e+01
2.922353256e-01  5.2739053e+01         -inf  1.00779e+05  5.27391e+01  5.27391e+01
2.934042669e-01  5.2323381e+01         -inf  1.00779e+05  5.23234e+01  5.23234e+01
2.945778839e-01  5.1886158e+01         -inf  1.00779e+05  5.18862e+01  5.18862e+01
2.957561955e-01  5.1376776e+01         -inf  1.00779e+05  5.13768e+01  5.13768e+01
2.969392202e-01  5.0916909e+01         -inf  1.00779e+05  5.09169e+01  5.09169e+01
2.981269771e-01  5.0445324e+01         -inf  1.00779e+05  5.04453e+01  5.04453e+01
2.993194850e-01  4.9999276e+01         -inf  1.00779e+05  4.99993e+01  4.99993e+01
3.005167630e-01  4.9541510e+01         -inf  1.00779e+05  4.95415e+01  4.95415e+01
3.017188300e-01  4.9054884e+01         -inf  1.00779e+05  4.90549e+01  4.90549e+01
3.029257054e-01  4.8605139e+01         -inf  1.00779e+05  4.86051e+01  4.86051e+01
3.041374082e-01  4.8234385e+01         -inf  1.00779e+05  4.82344e+01  4.82344e+01
3.053539578e-01  4.7705115e+01         -inf  1.00779e+05  4.77051e+01  4.77051e+01
3.065753736e-01  4.7396992e+01         -inf  1.00779e+05  4.73970e+01  4.73970e+01
3.078016751e-01  4.6862466e+01         -inf  1.00779e+05  4.68625e+01  4.68625e+01
3.090328818e-01  4.6554391e+01         -inf  1.00779e+05  4.65544e+01  4.65544e+01
3.102690134e-01  4.5989022e+01         -inf  1.00779e+05  4.59890e+01  4.59890e+01
3.115100894e-01  4.5653822e+01         -inf  1.00779e+05  4.56538e+01  4.56538e+01
3.127561298e-01  4.4917148e+01         -inf  1.00779e+05  4.49171e+01  4.49171e+01
3.140071543e-01  4.4579694e+01         -inf  1.00779e+05  4.45797e+01  4.45797e+01
3.152631829e-01  4.3701722e+01         -inf  1.00779e+05  4.37017e+01  4.37017e+01
3.165242356e-01  4.2676100e+01         -inf  1.00779e+05  4.26761e+01  4.26761e+01
3.177903326e-01  4.2423694e+01         -inf  1.00779e+05  4.24237e+01  4.24237e+01
3.190614939e-01  4.0334398e+01         -inf  1.00779e+05  4.03344e+01  4.03344e+01
3.203377399e-01  4.0499848e+01         -inf  1.00779e+05  4.04998e+01  4.04998e+01
3.216190908e-01  3.8012369e+01         -inf  1.00779e+05  3.80124e+01  3.80124e+01
3.229055672e-01  3.8623324e+01         -inf  1.00779e+05  3.86233e+01  3.86233e+01
3.241971895e-01  3.4852804e+01         -inf  1.00779e+05  3.48528e+01  3.48528e+01
3.254939782e-01  3.6931790e+01         -inf  1.00779e+05  3.69318e+01  3.69318e+01
3.267959541e-01  3.2921441e+01         -inf  1.00779e+05  3.29214e+01  3.29214e+01
3.281031380e-01  3.4947842e+01         -inf  1.00779e+05  3.49478e+01  3.49478e+01
3.294155505e-01  3.0837212e+01         -inf  1.00779e+05  3.08372e+01  3.08372e+01
3.307332127e-01  3.2900472e+01         -inf  1.00779e+05  3.29005e+01  3.29005e+01
3.320561456e-01  3.0730304e+01         -inf  1.00779e+05  3.07303e+01  3.07303e+01
3.333843702e-01  3.0689584e+01         -inf  1.00779e+05  3.06896e+01  3.06896e+01
3.347179076e-01  2.9874534e+01         -inf  1.00779e+05  2.98745e+01  2.98745e+01
3.360567793e-01  2.8780705e+01         -inf  1.00779e+05  2.87807e+01  2.87807e+01
3.374010064e-01  3.0019623e+01         -inf  1.00779e+05  3.00196e+01  3.00196e+01
3.387506104e-01  2.8275779e+01         -inf  1.00779e+05  2.82758e+01  2.82758e+01
3.401056128e-01  2.8616809e+01         -inf  1.00779e+05  2.86168e+01  2.86168e+01
3.414660353e-01  2.7874597e+01         -inf  1.00779e+05  2.78746e+01  2.78746e+01
3.428318994e-01  2.7605217e+01         -inf  1.00779e+05  2.76052e+01  2.76052e+01
3.442032270e-01  2.8170769e+01         -inf  1.00779e+05  2.81708e+01  2.81708e+01
3.455800399e-01  2.7420834e+01         -inf  1.00779e+05  2.74208e+01  2.74208e+01
3.469623601e-01  2.7313076e+01         -inf  1.00779e+05  2.73131e+01  2.73131e+01
3.483502095e-01  2.7136709e+01         -inf  1.00779e+05  2.71367e+01  2.71367e+01
3.497436104e-01  2.6953282e+01         -inf  1.00779e+05  2.69533e+01  2.69533e+01
3.511425848e-01  2.7025860e+01         -inf  1.00779e+05  2.70259e+01  2.70259e+01
3.525471552e-01  2.6874884e+01         -inf  1.00779e+05  2.68749e+01  2.68749e+01
3.539573438e-01  2.6669049e+01         -inf  1.00779e+05  2.66690e+01  2.66690e+01
3.553731732e-01  2.6593910e+01         -inf  1.00779e+05  2.65939e+01  2.65939e+01
3.567946659e-01  2.6486491e+01         -inf  1.00779e+05  2.64865e+01  2.64865e+01
3.582218445e-01  2.6391947e+01         -inf  1.00779e+05  2.63919e+01  2.63919e+01
3.596547319e-01  2.6334532e+01         -inf  1.00779e+05  2.63345e+01  2.63345e+01
3.610933508e-01  2.6222170e+01         -inf  1.00779e+05  2.62222e+01  2.62222e+01
3.625377242e-01  2.6124711e+01         -inf  1.00779e+05  2.61247e+01  2.61247e+01
3.639878751e-01  2.6037835e+01         -inf  1.00779e+05  2.60378e+01  2.60378e+01
3.654438266e-01  2.5951399e+01         -inf  1.00779e+05  2.59514e+01  2.59514e+01
3.669056019e-01  2.5861346e+01         -inf  1.00779e+05  2.58613e+01  2.58613e+01
3.683732243e-01  2.5777289e+01         -inf  1.00779e+05  2.57773e+01  2.57773e+01
3.698467172e-01  2.5689085e+01         -inf  1.00779e+05  2.56891e+01  2.56891e+01
3.713261041e-01  2.5599998e+01         -inf  1.00779e+05  2.56000e+01  2.56000e+01
3.728114085e-01  2.5512939e+01         -inf  1.00779e+05  2.55129e+01  2.55129e+01
3.743026542e-01  2.5427378e+01         -inf  1.00779e+05  2.54274e+01  2.54274e+01
3.757998648e-01  2.5339787e+01         -inf  1.00779e+05  2.53398e+01  2.53398e+01
3.773030642e-01  2.5253518e+01         -inf  1.00779e+05  2.52535e+01  2.52535e+01
3.788122765e-01  2.5167160e+01         -inf  1.00779e+05  2.51672e+01  2.51672e+01
3.803275256e-01  2.5081065e+01         -inf  1.00779e+05  2.50811e+01  2.50811e+01
3.818488357e-01  2.4993205e+01         -inf  1.00779e+05  2.49932e+01  2.49932e+01
3.833762310e-01  2.4907813e+01         -inf  1.00779e+05  2.49078e+01  2.49078e+01
3.849097360e-01  2.4821274e+01         -inf  1.00779e+05  2.48213e+01  2.48213e+01
3.864493749e-01  2.4735351e+01         -inf  1.00779e+05  2.47354e+01  2.47354e+01
3.879951724e-01  2.4648898e+01         -inf  1.00779e+05  2.46489e+01  2.46489e+01
3.895471531e-01  2.4562355e+01         -inf  1.00779e+05  2.45624e+01  2.45624e+01
3.911053417e-01  2.4476693e+01         -inf  1.00779e+05  2.44767e+01  2.44767e+01
3.926697631e-01  2.4391824e+01         -inf  1.00779e+05  2.43918e+01  2.43918e+01
3.942404421e-01  2.4307925e+01         -inf  1.00779e+05  2.43079e+01  2.43079e+01
3.958174039e-01  2.4223319e+01         -inf  1.00779e+05  2.42233e+01  2.42233e+01
3.974006735e-01  2.4137035e+01         -inf  1.00779e+05  2.41370e+01  2.41370e+01
3.989902762e-01  2.4050397e+01         -inf  1.00779e+05  2.40504e+01  2.40504e+01
4.005862373e-01  2.3965876e+01         -inf  1.00779e+05  2.39659e+01  2.39659e+01
4.021885823e-01  2.3882588e+01         -inf  1.00779e+05  2.38826e+01  2.38826e+01
4.037973366e-01  2.3796035e+01         -inf  1.00779e+05  2.37960e+01  2.37960e+01
4.054125259e-01  2.3709128e+01         -inf  1.00779e+05  2.37091e+01  2.37091e+01
4.070341760e-01  2.3629102e+01         -inf  1.00779e+05  2.36291e+01  2.36291e+01
4.086623127e-01  2.3553222e+01         -inf  1.00779e+05  2.35532e+01  2.35532e+01
4.102969620e-01  2.3470724e+01         -inf  1.00779e+05  2.34707e+01  2.34707e+01
4.119381498e-01  2.3380460e+01         -inf  1.00779e+05  2.33805e+01  2.33805e+01
4.135859024e-01  2.3290635e+01         -inf  1.00779e+05  2.32906e+01  2.32906e+01
4.152402460e-01  2.3211751e+01         -inf  1.00779e+05  2.32118e+01  2.32118e+01
4.169012070e-01  2.3137013e+01         -inf  1.00779e+05  2.31370e+01  2.31370e+01
4.185688119e-01  2.3052480e+01         -inf  1.00779e+05  2.30525e+01  2.30525e+01
4.202430871e-01  2.2965828e+01         -inf  1.00779e+05  2.29658e+01  2.29658e+01
4.219240595e-01  2.2893911e+01         -inf  1.00779e+05  2.28939e+01  2.28939e+01
4.236117557e-01  2.2835583e+01         -inf  1.00779e+05  2.28356e+01  2.28356e+01
4.253062027e-01  2.2771430e+01         -inf  1.00779e+05  2.27714e+01  2.27714e+01
4.270074275e-01  2.2681862e+01         -inf  1.00779e+05  2.26819e+01  2.26819e+01
4.287154572e-01  2.2581350e+01         -inf  1.00779e+05  2.25814e+01  2.25814e+01
4.304303191e-01  2.2499192e+01         -inf  1.00779e+05  2.24992e+01  2.24992e+01
4.321520403e-01  2.2441920e+01         -inf  1.00779e+05  2.24419e+01  2.24419e+01
4.338806485e-01  2.2370615e+01         -inf  1.00779e+05  2.23706e+01  2.23706e+01
4.356161711e-01  2.2278835e+01         -inf  1.00779e+05  2.22788e+01  2.22788e+01
4.373586358e-01  2.2207705e+01         -inf  1.00779e+05  2.22077e+01  2.22077e+01
4.391080703e-01  2.2178405e+01         -inf  1.00779e+05  2.21784e+01  2.21784e+01
4.408645026e-01  2.2159696e+01         -inf  1.00779e+05  2.21597e+01  2.21597e+01
4.426279606e-01  2.2118394e+01         -inf  1.00779e+05  2.21184e+01  2.21184e+01
4.443984725e-01  2.2023433e+01         -inf  1.00779e+05  2.20234e+01  2.20234e+01
4.461760664e-01  2.1898288e+01         -inf  1.00779e+05  2.18983e+01  2.18983e+01
4.479607706e-01  2.1821505e+01         -inf  1.00779e+05  2.18215e+01  2.18215e+01
4.497526137e-01  2.1799706e+01         -inf  1.00779e+05  2.17997e+01  2.17997e+01
4.515516242e-01  2.1742251e+01         -inf  1.00779e+05  2.17423e+01  2.17423e+01
4.533578307e-01  2.1641813e+01         -inf  1.00779e+05  2.16418e+01  2.16418e+01
4.551712620e-01  2.1582061e+01         -inf  1.00779e+05  2.15821e+01  2.15821e+01
4.569919470e-01  2.1602184e+01         -inf  1.00779e+05  2.16022e+01  2.16022e+01
4.588199148e-01  2.1656464e+01         -inf  1.00779e+05  2.16565e+01  2.16565e+01
4.606551945e-01  2.1697769e+01         -inf  1.00779e+05  2.16978e+01  2.16978e+01
4.624978152e-01  2.1634575e+01         -inf  1.00779e+05  2.16346e+01  2.16346e+01
4.643478065e-01  2.1464321e+01         -inf  1.00779e+05  2.14643e+01  2.14643e+01
4.662051977e-01  2.1326897e+01         -inf  1.00779e+05  2.13269e+01  2.13269e+01
4.680700185e-01  2.1309244e+01         -inf  1.00779e+05  2.13092e+01  2.13092e+01
4.699422986e-01  2.1315334e+01         -inf  1.00779e+05  2.13153e+01  2.13153e+01
4.718220678e-01  2.1244017e+01         -inf  1.00779e+05  2.12440e+01  2.12440e+01
4.737093561e-01  2.1175347e+01         -inf  1.00779e+05  2.11753e+01  2.11753e+01
4.756041935e-01  2.1206769e+01         -inf  1.00779e+05  2.12068e+01  2.12068e+01
4.775066103e-01  2.1348080e+01         -inf  1.00779e+05  2.13481e+01  2.13481e+01
4.794166367e-01  2.1531047e+01         -inf  1.00779e+05  2.15310e+01  2.15310e+01
4.813343033e-01  2.1669526e+01         -inf  1.00779e+05  2.16695e+01  2.16695e+01
4.832596405e-01  2.1626897e+01         -inf  1.00779e+05  2.16269e+01  2.16269e+01
4.851926790e-01  2.1423280e+01         -inf  1.00779e+05  2.14233e+01  2.14233e+01
4.871334497e-01  2.1251873e+01         -inf  1.00779e+05  2.12519e+01  2.12519e+01
4.890819835e-01  2.1238015e+01         -inf  1.00779e+05  2.12380e+01  2.12380e+01
4.910383115e-01  2.1286296e+01         -inf  1.00779e+05  2.12863e+01  2.12863e+01
4.930024647e-01  2.1263347e+01         -inf  1.00779e+05  2.12633e+01  2.12633e+01
4.949744746e-01  2.1225482e+01         -inf  1.00779e+05  2.12255e+01  2.12255e+01
4.969543725e-01  2.1295210e+01         -inf  1.00779e+05  2.12952e+01  2.12952e+01
4.989421900e-01  2.1512512e+01         -inf  1.00779e+05  2.15125e+01  2.15125e+01
5.009379587e-01  2.1823535e+01         -inf  1.00779e+05  2.18235e+01  2.18235e+01
5.029417106e-01  2.2140016e+01         -inf  1.00779e+05  2.21400e+01  2.21400e+01
5.049534774e-01  2.2315459e+01         -inf  1.00779e+05  2.23155e+01  2.23155e+01
5.069732913e-01  2.2259685e+01         -inf  1.00779e+05  2.22597e+01  2.22597e+01
5.090011845e-01  2.2064030e+01         -inf  1.00779e+05  2.20640e+01  2.20640e+01
5.110371892e-01  2.1924853e+01         -inf  1.00779e+05  2.19249e+01  2.19249e+01
5.130813380e-01  2.1937738e+01         -inf  1.00779e+05  2.19377e+01  2.19377e+01
5.151336633e-01  2.2026169e+01         -inf  1.00779e+05  2.20262e+01  2.20262e+01
5.171941980e-01  2.2093595e+01         -inf  1.00779e+05  2.20936e+01  2.20936e+01
5.192629748e-01  2.2153253e+01         -inf  1.00779e+05  2.21533e+01  2.21533e+01
5.213400267e-01  2.2271951e+01         -inf  1.00779e+05  2.22720e+01  2.22720e+01
5.234253868e-01  2.2496633e+01         -inf  1.00779e+05  2.24966e+01  2.24966e+01
5.255190883e-01  2.2807433e+01         -inf  1.00779e+05  2.28074e+01  2.28074e+01
5.276211647e-01  2.3147514e+01         -inf  1.00779e+05  2.31475e+01  2.31475e+01
5.297316493e-01  2.3451665e+01         -inf  1.00779e+05  2.34517e+01  2.34517e+01
5.318505759e-01  2.3652749e+01         -inf  1.00779e+05  2.36527e+01  2.36527e+01
5.339779782e-01  2.3703658e+01         -inf  1.00779e+05  2.37037e+01  2.37037e+01
5.361138902e-01  2.3633249e+01         -inf  1.00779e+05  2.36332e+01  2.36332e+01
5.382583457e-01  2.3589398e+01         -inf  1.00779e+05  2.35894e+01  2.35894e+01
5.404113791e-01  2.3680100e+01         -inf  1.00779e+05  2.36801e+01  2.36801e+01
5.425730246e-01  2.3858678e+01         -inf  1.00779e+05  2.38587e+01  2.38587e+01
5.447433167e-01  2.4020753e+01         -inf  1.00779e+05  2.40208e+01  2.40208e+01
5.469222900e-01  2.4117978e+01         -inf  1.00779e+05  2.41180e+01  2.41180e+01
5.491099791e-01  2.4176560e+01         -inf  1.00779e+05  2.41766e+01  2.41766e+01
5.513064191e-01  2.4237523e+01         -inf  1.00779e+05  2.42375e+01  2.42375e+01
5.535116447e-01  2.4324864e+01         -inf  1.00779e+05  2.43249e+01  2.43249e+01
5.557256913e-01  2.4468489e+01         -inf  1.00779e+05  2.44685e+01  2.44685e+01
5.579485941e-01  2.4703416e+01         -inf  1.00779e+05  2.47034e+01  2.47034e+01
5.601803884e-01  2.5018346e+01         -inf  1.00779e+05  2.50183e+01  2.50183e+01
5.624211100e-01  2.5333436e+01         -inf  1.00779e+05  2.53334e+01  2.53334e+01
5.646707944e-01  2.5578123e+01         -inf  1.00779e+05  2.55781e+01  2.55781e+01
5.669294776e-01  2.5757972e+01         -inf  1.00779e+05  2.57580e+01  2.57580e+01
5.691971955e-01  2.5920529e+01         -inf  1.00779e+05  2.59205e+01  2.59205e+01
5.714739843e-01  2.6078319e+01         -inf  1.00779e+05  2.60783e+01  2.60783e+01
5.737598803e-01  2.6152758e+01         -inf  1.00779e+05  2.61528e+01  2.61528e+01
5.760549198e-01  2.6079465e+01         -inf  1.00779e+05  2.60795e+01  2.60795e+01
5.783591395e-01  2.5894598e+01         -inf  1.00779e+05  2.58946e+01  2.58946e+01
5.806725760e-01  2.5668975e+01         -inf  1.00779e+05  2.56690e+01  2.56690e+01
5.829952663e-01  2.5465042e+01         -inf  1.00779e+05  2.54650e+01  2.54650e+01
5.853272474e-01  2.5318970e+01         -inf  1.00779e+05  2.53190e+01  2.53190e+01
5.876685564e-01  2.5242404e+01         -inf  1.00779e+05  2.52424e+01  2.52424e+01
5.900192306e-01  2.5250519e+01         -inf  1.00779e+05  2.52505e+01  2.52505e+01
5.923793075e-01  2.5385655e+01         -inf  1.00779e+05  2.53857e+01  2.53857e+01
5.947488247e-01  2.5659007e+01         -inf  1.00779e+05  2.56590e+01  2.56590e+01
5.971278200e-01  2.5975302e+01         -inf  1.00779e+05  2.59753e+01  2.59753e+01
5.995163313e-01  2.6225874e+01         -inf  1.00779e+05  2.62259e+01  2.62259e+01
6.019143966e-01  2.6315482e+01         -inf  1.00779e+05  2.63155e+01  2.63155e+01
6.043220542e-01  2.6216613e+01         -inf  1.00779e+05  2.62166e+01  2.62166e+01
6.067393425e-01  2.5956603e+01         -inf  1.00779e+05  2.59566e+01  2.59566e+01
6.091662998e-01  2.5585356e+01         -inf  1.00779e+05  2.55854e+01  2.55854e+01
6.116029650e-01  2.5175716e+01         -inf  1.00779e+05  2.51757e+01  2.51757e+01
6.140493769e-01  2.4779548e+01         -inf  1.00779e+05  2.47795e+01  2.47795e+01
6.165055744e-01  2.4417938e+01         -inf  1.00779e+05  2.44179e+01  2.44179e+01
6.189715967e-01  2.4099010e+01         -inf  1.00779e+05  2.40990e+01  2.40990e+01
6.214474831e-01  2.3821534e+01         -inf  1.00779e+05  2.38215e+01  2.38215e+01
6.239332730e-01  2.3560810e+01         -inf  1.00779e+05  2.35608e+01  2.35608e+01
6.264290061e-01  2.3286841e+01         -inf  1.00779e+05  2.32868e+01  2.32868e+01
6.289347221e-01  2.3099865e+01         -inf  1.00779e+05  2.30999e+01  2.30999e+01
6.314504610e-01  2.2698011e+01         -inf  1.00779e+05  2.26980e+01  2.26980e+01
6.339762629e-01  2.2342816e+01         -inf  1.00779e+05  2.23428e+01  2.23428e+01
6.365121679e-01  2.1975423e+01         -inf  1.00779e+05  2.19754e+01  2.19754e+01
6.390582166e-01  2.1592829e+01         -inf  1.00779e+05  2.15928e+01  2.15928e+01
6.416144494e-01  2.1203239e+01         -inf  1.00779e+05  2.12032e+01  2.12032e+01
6.441809072e-01  2.0855819e+01         -inf  1.00779e+05  2.08558e+01  2.08558e+01
6.467576309e-01  2.0528065e+01         -inf  1.00779e+05  2.05281e+01  2.05281e+01
6.493446614e-01  2.0213537e+01         -inf  1.00779e+05  2.02135e+01  2.02135e+01
6.519420400e-01  1.9920093e+01         -inf  1.00779e+05  1.99201e+01  1.99201e+01
6.545498082e-01  1.9609950e+01         -inf  1.00779e+05  1.96100e+01  1.96100e+01
6.571680074e-01  1.9293347e+01         -inf  1.00779e+05  1.92933e+01  1.92933e+01
6.597966795e-01  1.8988383e+01         -inf  1.00779e+05  1.89884e+01  1.89884e+01
6.624358662e-01  1.8694973e+01         -inf  1.00779e+05  1.86950e+01  1.86950e+01
6.650856096e-01  1.8376559e+01         -inf  1.00779e+05  1.83766e+01  1.83766e+01
6.677459521e-01  1.8028458e+01         -inf  1.00779e+05  1.80285e+01  1.80285e+01
6.704169359e-01  1.7683077e+01         -inf  1.00779e+05  1.76831e+01  1.76831e+01
6.730986036e-01  1.7352426e+01         -inf  1.00779e+05  1.73524e+01  1.73524e+01
6.757909981e-01  1.7044192e+01         -inf  1.00779e+05  1.70442e+01  1.70442e+01
6.784941620e-01  1.6749016e+01         -inf  1.00779e+05  1.67490e+01  1.67490e+01
6.812081387e-01  1.6496135e+01         -inf  1.00779e+05  1.64961e+01  1.64961e+01
6.839329712e-01  1.6291651e+01         -inf  1.00779e+05  1.62917e+01  1.62917e+01
6.866687031e-01  1.6667314e+01         -inf  1.00779e+05  1.66673e+01  1.66673e+01
6.894153779e-01  1.6548602e+01         -inf  1.00779e+05  1.65486e+01  1.65486e+01
6.921730395e-01  1.5714644e+01         -inf  1.00779e+05  1.57146e+01  1.57146e+01
6.949417316e-01  1.5190771e+01         -inf  1.00779e+05  1.51908e+01  1.51908e+01
6.977214985e-01  1.4902755e+01         -inf  1.00779e+05  1.49028e+01  1.49028e+01
7.005123845e-01  1.4654309e+01         -inf  1.00779e+05  1.46543e+01  1.46543e+01
7.033144341e-01  1.4450209e+01         -inf  1.00779e+05  1.44502e+01  1.44502e+01
7.061276918e-01  1.4279326e+01         -inf  1.00779e+05  1.42793e+01  1.42793e+01
7.089522026e-01  1.4125668e+01         -inf  1.00779e+05  1.41257e+01  1.41257e+01
7.117880114e-01  1.3993125e+01         -inf  1.00779e+05  1.39931e+01  1.39931e+01
7.146351634e-01  1.3905469e+01         -inf  1.00779e+05  1.39055e+01  1.39055e+01
7.174937041e-01  1.3769917e+01         -inf  1.00779e+05  1.37699e+01  1.37699e+01
7.203636789e-01  1.3517628e+01         -inf  1.00779e+05  1.35176e+01  1.35176e+01
7.232451336e-01  1.3280353e+01         -inf  1.00779e+05  1.32804e+01  1.32804e+01
7.261381142e-01  1.3103252e+01         -inf  1.00779e+05  1.31033e+01  1.31033e+01
7.290426666e-01  1.2908913e+01         -inf  1.00779e+05  1.29089e+01  1.29089e+01
7.319588373e-01  1.2742673e+01         -inf  1.00779e+05  1.27427e+01  1.27427e+01
7.348866726e-01  1.2633700e+01         -inf  1.00779e+05  1.26337e+01  1.26337e+01
7.378262193e-01  1.2549561e+01         -inf  1.00779e+05  1.25496e+01  1.25496e+01
7.407775242e-01  1.2485572e+01         -inf  1.00779e+05  1.24856e+01  1.24856e+01
7.437406343e-01  1.2472756e+01         -inf  1.00779e+05  1.24728e+01  1.24728e+01
7.467155968e-01  1.2476115e+01         -inf  1.00779e+05  1.24761e+01  1.24761e+01
7.497024592e-01  1.2355117e+01         -inf  1.00779e+05  1.23551e+01  1.23551e+01
7.527012690e-01  1.2080323e+01         -inf  1.00779e+05  1.20803e+01  1.20803e+01
7.557120741e-01  1.1829559e+01         -inf  1.00779e+05  1.18296e+01  1.18296e+01
7.587349224e-01  1.2648106e+01         -inf  1.00779e+05  1.26481e+01  1.26481e+01
7.617698621e-01  1.6184151e+01         -inf  1.00779e+05  1.61842e+01  1.61842e+01
7.648169416e-01  1.4083254e+01         -inf  1.00779e+05  1.40833e+01  1.40833e+01
7.678762093e-01  1.1856254e+01         -inf  1.00779e+05  1.18563e+01  1.18563e+01
7.709477142e-01  1.1331363e+01         -inf  1.00779e+05  1.13314e+01  1.13314e+01
7.740315050e-01  1.1337639e+01         -inf  1.00779e+05  1.13376e+01  1.13376e+01
7.771276310e-01  1.1413308e+01         -inf  1.00779e+05  1.14133e+01  1.14133e+01
7.802361416e-01  1.1391650e+01         -inf  1.00779e+05  1.13917e+01  1.13917e+01
7.833570861e-01  1.1195492e+01         -inf  1.00779e+05  1.11955e+01  1.11955e+01
7.864905145e-01  1.0961138e+01         -inf  1.00779e+05  1.09611e+01  1.09611e+01
7.896364765e-01  1.0789809e+01         -inf  1.00779e+05  1.07898e+01  1.07898e+01
7.927950224e-01  1.0643849e+01         -inf  1.00779e+05  1.06438e+01  1.06438e+01
7.959662025e-01  1.0515567e+01         -inf  1.00779e+05  1.05156e+01  1.05156e+01
7.991500673e-01  1.0422029e+01         -inf  1.00779e+05  1.04220e+01  1.04220e+01
8.023466676e-01  1.0343962e+01         -inf  1.00779e+05  1.03440e+01  1.03440e+01
8.055560543e-01  1.0297987e+01         -inf  1.00779e+05  1.02980e+01  1.02980e+01
8.087782785e-01  1.0320090e+01         -inf  1.00779e+05  1.03201e+01  1.03201e+01
8.120133916e-01  1.0374906e+01         -inf  1.00779e+05  1.03749e+01  1.03749e+01
8.152614452e-01  1.0417432e+01         -inf  1.00779e+05  1.04174e+01  1.04174e+01
8.185224910e-01  1.0361290e+01         -inf  1.00779e+05  1.03613e+01  1.03613e+01
8.217965809e-01  1.0167930e+01         -inf  1.00779e+05  1.01679e+01  1.01679e+01
8.250837672e-01  9.9279688e+00         -inf  1.00779e+05  9.92797e+00  9.92797e+00
8.283841023e-01  9.7443223e+00         -inf  1.00779e+05  9.74432e+00  9.74432e+00
8.316976387e-01  9.6161999e+00         -inf  1.00779e+05  9.61620e+00  9.61620e+00
8.350244293e-01  9.5252129e+00         -inf  1.00779e+05  9.52521e+00  9.52521e+00
8.383645270e-01  9.4650848e+00         -inf  1.00779e+05  9.46508e+00  9.46508e+00
8.417179851e-01  9.4210494e+00         -inf  1.00779e+05  9.42105e+00  9.42105e+00
8.450848570e-01  9.4024802e+00         -inf  1.00779e+05  9.40248e+00  9.40248e+00
8.484651965e-01  9.4288308e+00         -inf  1.00779e+05  9.42883e+00  9.42883e+00
8.518590573e-01  9.5196423e+00         -inf  1.00779e+05  9.51964e+00  9.51964e+00
8.552664935e-01  9.4975364e+00         -inf  1.00779e+05  9.49754e+00  9.49754e+00
8.586875595e-01  9.3556148e+00         -inf  1.00779e+05  9.35561e+00  9.35561e+00
8.621223097e-01  9.1896377e+00         -inf  1.00779e+05  9.18964e+00  9.18964e+00
8.655707989e-01  9.0274589e+00         -inf  1.00779e+05  9.02746e+00  9.02746e+00
8.690330821e-01  8.9188659e+00         -inf  1.00779e+05  8.91887e+00  8.91887e+00
8.725092145e-01  8.8266576e+00         -inf  1.00779e+05  8.82666e+00  8.82666e+00
8.759992513e-01  8.7619421e+00         -inf  1.00779e+05  8.76194e+00  8.76194e+00
8.795032483e-01  8.7234999e+00         -inf  1.00779e+05  8.72350e+00  8.72350e+00
8.830212613e-01  8.7219877e+00         -inf  1.00779e+05  8.72199e+00  8.72199e+00
8.865533464e-01  8.7036198e+00         -inf  1.00779e+05  8.70362e+00  8.70362e+00
8.900995597e-01  8.6616133e+00         -inf  1.00779e+05  8.66161e+00  8.66161e+00
8.936599580e-01  8.6053330e+00         -inf  1.00779e+05  8.60533e+00  8.60533e+00
8.972345978e-01  8.6141589e+00         -inf  1.00779e+05  8.61416e+00  8.61416e+00
9.008235362e-01  8.5611503e+00         -inf  1.00779e+05  8.56115e+00  8.56115e+00
9.044268304e-01  8.4456778e+00         -inf  1.00779e+05  8.44568e+00  8.44568e+00
9.080445377e-01  8.3418331e+00         -inf  1.00779e+05  8.34183e+00  8.34183e+00
9.116767158e-01  8.2610697e+00         -inf  1.00779e+05  8.26107e+00  8.26107e+00
9.153234227e-01  8.1971269e+00         -inf  1.00779e+05  8.19713e+00  8.19713e+00
9.189847164e-01  8.1423814e+00         -inf  1.00779e+05  8.14238e+00  8.14238e+00
9.226606552e-01  8.0996372e+00         -inf  1.00779e+05  8.09964e+00  8.09964e+00
9.263512979e-01  8.0634817e+00         -inf  1.00779e+05  8.06348e+00  8.06348e+00
9.300567031e-01  8.0439004e+00         -inf  1.00779e+05  8.04390e+00  8.04390e+00
9.337769299e-01  8.0590065e+00         -inf  1.00779e+05  8.05901e+00  8.05901e+00
9.375120376e-01  8.0697966e+00         -inf  1.00779e+05  8.06980e+00  8.06980e+00
9.412620857e-01  8.0768897e+00         -inf  1.00779e+05  8.07689e+00  8.07689e+00
9.450271341e-01  8.0709994e+00         -inf  1.00779e+05  8.07100e+00  8.07100e+00
9.488072426e-01  7.9546868e+00         -inf  1.00779e+05  7.95469e+00  7.95469e+00
9.526024716e-01  7.8378769e+00         -inf  1.00779e+05  7.83788e+00  7.83788e+00
9.564128815e-01  7.7603621e+00         -inf  1.00779e+05  7.76036e+00  7.76036e+00
9.602385330e-01  7.6962552e+00         -inf  1.00779e+05  7.69626e+00  7.69626e+00
9.640794871e-01  7.6492094e+00         -inf  1.00779e+05  7.64921e+00  7.64921e+00
9.679358051e-01  7.6004651e+00         -inf  1.00779e+05  7.60047e+00  7.60047e+00
9.718075483e-01  7.5553734e+00         -inf  1.00779e+05  7.55537e+00  7.55537e+00
9.756947785e-01  7.5125015e+00         -inf  1.00779e+05  7.51250e+00  7.51250e+00
9.795975576e-01  7.4726101e+00         -inf  1.00779e+05  7.47261e+00  7.47261e+00
9.835159478e-01  7.4367695e+00         -inf  1.00779e+05  7.43677e+00  7.43677e+00
9.874500116e-01  7.4234664e+00         -inf  1.00779e+05  7.42347e+00  7.42347e+00
9.913998117e-01  7.4729462e+00         -inf  1.00779e+05  7.47295e+00  7.47295e+00
9.953654109e-01  7.4060325e+00         -inf  1.00779e+05  7.40603e+00  7.40603e+00
9.993468726e-01  7.3191188e+00         -inf  1.00779e+05  7.31912e+00  7.31912e+00
1.003344260e+00  7.2679307e+00         -inf  1.00779e+05  7.26793e+00  7.26793e+00
1.007357637e+00  7.2276751e+00         -inf  1.00779e+05  7.22768e+00  7.22768e+00
1.011387068e+00  7.1920544e+00         -inf  1.00779e+05  7.19205e+00  7.19205e+00
1.015432616e+00  7.1569819e+00         -inf  1.00779e+05  7.15698e+00  7.15698e+00
1.019494346e+00  7.1215465e+00         -inf  1.00779e+05  7.12155e+00  7.12155e+00
1.023572324e+00  7.0871016e+00         -inf  1.00779e+05  7.08710e+00  7.08710e+00
1.027666613e+00  7.0541161e+00         -inf  1.00779e+05  7.05412e+00  7.05412e+00
1.031777280e+00  7.0213251e+00         -inf  1.00779e+05  7.02133e+00  7.02133e+00
1.035904389e+00  7.0023421e+00         -inf  1.00779e+05  7.00234e+00  7.00234e+00
1.040048006e+00  6.9870831e+00         -inf  1.00779e+05  6.98708e+00  6.98708e+00
1.044208198e+00  6.9478342e+00         -inf  1.00779e+05  6.94783e+00  6.94783e+00
1.048385031e+00  6.9634029e+00         -inf  1.00779e+05  6.96340e+00  6.96340e+00
1.052578571e+00  6.9617841e+00         -inf  1.00779e+05  6.96178e+00  6.96178e+00
1.056788885e+00  6.8656382e+00         -inf  1.00779e+05  6.86564e+00  6.86564e+00
1.061016041e+00  6.8399584e+00         -inf  1.00779e+05  6.83996e+00  6.83996e+00
1.065260105e+00  6.8413472e+00         -inf  1.00779e+05  6.84135e+00  6.84135e+00
1.069521146e+00  6.7915618e+00         -inf  1.00779e+05  6.79156e+00  6.79156e+00
1.073799230e+00  6.7443149e+00         -inf  1.00779e+05  6.74431e+00  6.74431e+00
1.078094427e+00  6.7089038e+00         -inf  1.00779e+05  6.70890e+00  6.70890e+00
1.082406805e+00  6.6781633e+00         -inf  1.00779e+05  6.67816e+00  6.67816e+00
1.086736432e+00  6.6504304e+00         -inf  1.00779e+05  6.65043e+00  6.65043e+00
1.091083378e+00  6.6259086e+00         -inf  1.00779e+05  6.62591e+00  6.62591e+00
1.095447711e+00  6.6030321e+00         -inf  1.00779e+05  6.60303e+00  6.60303e+00
1.099829502e+00  6.5789701e+00         -inf  1.00779e+05  6.57897e+00  6.57897e+00
1.104228820e+00  6.5559961e+00         -inf  1.00779e+05  6.55600e+00  6.55600e+00
1.108645735e+00  6.5411872e+00         -inf  1.00779e+05  6.54119e+00  6.54119e+00
1.113080318e+00  6.5571107e+00         -inf  1.00779e+05  6.55711e+00  6.55711e+00
1.117532640e+00  6.6090475e+00         -inf  1.00779e+05  6.60905e+00  6.60905e+00
1.122002770e+00  6.7257646e+00         -inf  1.00779e+05  6.72576e+00  6.72576e+00
1.126490781e+00  6.8310239e+00         -inf  1.00779e+05  6.83102e+00  6.83102e+00
1.130996744e+00  6.8043974e+00         -inf  1.00779e+05  6.80440e+00  6.80440e+00
1.135520731e+00  6.7887665e+00         -inf  1.00779e+05  6.78877e+00  6.78877e+00
1.140062814e+00  6.6415134e+00         -inf  1.00779e+05  6.64151e+00  6.64151e+00
1.144623065e+00  6.6062875e+00         -inf  1.00779e+05  6.60629e+00  6.60629e+00
1.149201558e+00  6.6131788e+00         -inf  1.00779e+05  6.61318e+00  6.61318e+00
1.153798364e+00  6.6676009e+00         -inf  1.00779e+05  6.66760e+00  6.66760e+00
1.158413557e+00  6.5478574e+00         -inf  1.00779e+05  6.54786e+00  6.54786e+00
1.163047212e+00  6.6216004e+00         -inf  1.00779e+05  6.62160e+00  6.62160e+00
1.167699401e+00  6.4834112e+00         -inf  1.00779e+05  6.48341e+00  6.48341e+00
1.172370198e+00  6.3886295e+00         -inf  1.00779e+05  6.38863e+00  6.38863e+00
1.177059679e+00  6.3088150e+00         -inf  1.00779e+05  6.30881e+00  6.30881e+00
1.181767918e+00  6.2626792e+00         -inf  1.00779e+05  6.26268e+00  6.26268e+00
1.186494989e+00  6.2294772e+00         -inf  1.00779e+05  6.22948e+00  6.22948e+00
1.191240969e+00  6.1947976e+00         -inf  1.00779e+05  6.19480e+00  6.19480e+00
1.196005933e+00  6.1460070e+00         -inf  1.00779e+05  6.14601e+00  6.14601e+00
1.200789957e+00  6.2820802e+00         -inf  1.00779e+05  6.28208e+00  6.28208e+00
1.205593117e+00  7.1918952e+00         -inf  1.00779e+05  7.19190e+00  7.19190e+00
1.210415489e+00  6.5359059e+00         -inf  1.00779e+05  6.53591e+00  6.53591e+00
1.215257151e+00  6.1669742e+00         -inf  1.00779e+05  6.16697e+00  6.16697e+00
1.220118180e+00  6.9198902e+00         -inf  1.00779e+05  6.91989e+00  6.91989e+00
1.224998652e+00  6.4010147e+00         -inf  1.00779e+05  6.40101e+00  6.40101e+00
1.229898647e+00  6.0530516e+00         -inf  1.00779e+05  6.05305e+00  6.05305e+00
1.234818242e+00  6.0278640e+00         -inf  1.00779e+05  6.02786e+00  6.02786e+00
1.239757515e+00  5.9943954e+00         -inf  1.00779e+05  5.99440e+00  5.99440e+00
1.244716545e+00  5.9873708e+00         -inf  1.00779e+05  5.98737e+00  5.98737e+00
1.249695411e+00  6.0570151e+00         -inf  1.00779e+05  6.05702e+00  6.05702e+00
1.254694192e+00  6.2512846e+00         -inf  1.00779e+05  6.25128e+00  6.25128e+00
1.259712969e+00  6.7793542e+00         -inf  1.00779e+05  6.77935e+00  6.77935e+00
1.264751821e+00  7.7683666e+00         -inf  1.00779e+05  7.76837e+00  7.76837e+00
1.269810828e+00  8.5081059e+00         -inf  1.00779e+05  8.50811e+00  8.50811e+00
1.274890072e+00  6.7867584e+00         -inf  1.00779e+05  6.78676e+00  6.78676e+00
1.279989632e+00  6.1899849e+00         -inf  1.00779e+05  6.18998e+00  6.18998e+00
1.285109591e+00  5.9182919e+00         -inf  1.00779e+05  5.91829e+00  5.91829e+00
1.290250029e+00  5.9262810e+00         -inf  1.00779e+05  5.92628e+00  5.92628e+00
1.295411029e+00  5.8835487e+00         -inf  1.00779e+05  5.88355e+00  5.88355e+00
1.300592673e+00  5.7768231e+00         -inf  1.00779e+05  5.77682e+00  5.77682e+00
1.305795044e+00  5.7617205e+00         -inf  1.00779e+05  5.76172e+00  5.76172e+00
1.311018224e+00  5.8276956e+00         -inf  1.00779e+05  5.82770e+00  5.82770e+00
1.316262297e+00  6.1487230e+00         -inf  1.00779e+05  6.14872e+00  6.14872e+00
1.321527346e+00  6.0508930e+00         -inf  1.00779e+05  6.05089e+00  6.05089e+00
1.326813455e+00  5.8529813e+00         -inf  1.00779e+05  5.85298e+00  5.85298e+00
1.332120709e+00  6.2189583e+00         -inf  1.00779e+05  6.21896e+00  6.21896e+00
1.337449192e+00  6.0750365e+00         -inf  1.00779e+05  6.07504e+00  6.07504e+00
1.342798989e+00  6.2541863e+00         -inf  1.00779e+05  6.25419e+00  6.25419e+00
1.348170185e+00  6.3342934e+00         -inf  1.00779e+05  6.33429e+00  6.33429e+00
1.353562866e+00  6.6941749e+00         -inf  1.00779e+05  6.69417e+00  6.69417e+00
1.358977117e+00  6.9901172e+00         -inf  1.00779e+05  6.99012e+00  6.99012e+00
1.364413026e+00  7.0945320e+00         -inf  1.00779e+05  7.09453e+00  7.09453e+00
1.369870678e+00  7.0564071e+00         -inf  1.00779e+05  7.05641e+00  7.05641e+00
1.375350160e+00  7.0321699e+00         -inf  1.00779e+05  7.03217e+00  7.03217e+00
1.380851561e+00  7.0359028e+00         -inf  1.00779e+05  7.03590e+00  7.03590e+00
1.386374967e+00  7.0233330e+00         -inf  1.00779e+05  7.02333e+00  7.02333e+00
1.391920467e+00  6.9816606e+00         -inf  1.00779e+05  6.98166e+00  6.98166e+00
1.397488149e+00  6.9428452e+00         -inf  1.00779e+05  6.94285e+00  6.94285e+00
1.403078102e+00  6.8755368e+00         -inf  1.00779e+05  6.87554e+00  6.87554e+00
1.408690414e+00  6.7039765e+00         -inf  1.00779e+05  6.70398e+00  6.70398e+00
1.414325176e+00  6.3136895e+00         -inf  1.00779e+05  6.31369e+00  6.31369e+00
1.419982476e+00  6.0272536e+00         -inf  1.00779e+05  6.02725e+00  6.02725e+00
1.425662406e+00  5.9194421e+00         -inf  1.00779e+05  5.91944e+00  5.91944e+00
1.431365056e+00  1.0411508e+01         -inf  1.00779e+05  1.04115e+01  1.04115e+01
1.437090516e+00  1.0156525e+01         -inf  1.00779e+05  1.01565e+01  1.01565e+01
1.442838878e+00  7.9646015e+00         -inf  1.00779e+05  7.96460e+00  7.96460e+00
1.448610234e+00  6.3785001e+00         -inf  1.00779e+05  6.37850e+00  6.37850e+00
1.454404675e+00  5.8080721e+00         -inf  1.00779e+05  5.80807e+00  5.80807e+00
1.460222293e+00  5.7053000e+00         -inf  1.00779e+05  5.70530e+00  5.70530e+00
1.466063182e+00  5.6938602e+00         -inf  1.00779e+05  5.69386e+00  5.69386e+00
1.471927435e+00  6.1487672e+00         -inf  1.00779e+05  6.14877e+00  6.14877e+00
1.477815145e+00  6.0064983e+00         -inf  1.00779e+05  6.00650e+00  6.00650e+00
1.483726405e+00  5.6180628e+00         -inf  1.00779e+05  5.61806e+00  5.61806e+00
1.489661311e+00  5.4707921e+00         -inf  1.00779e+05  5.47079e+00  5.47079e+00
1.495619956e+00  5.5476794e+00         -inf  1.00779e+05  5.54768e+00  5.54768e+00
1.501602436e+00  5.4486017e+00         -inf  1.00779e+05  5.44860e+00  5.44860e+00
1.507608846e+00  5.3683244e+00         -inf  1.00779e+05  5.36832e+00  5.36832e+00
1.513639281e+00  5.3654134e+00         -inf  1.00779e+05  5.36541e+00  5.36541e+00
1.519693838e+00  5.3815167e+00         -inf  1.00779e+05  5.38152e+00  5.38152e+00
1.525772614e+00  5.4817811e+00         -inf  1.00779e+05  5.48178e+00  5.48178e+00
1.531875704e+00  5.9708178e+00         -inf  1.00779e+05  5.97082e+00  5.97082e+00
1.538003207e+00  6.2797977e+00         -inf  1.00779e+05  6.27980e+00  6.27980e+00
1.544155220e+00  5.8158313e+00         -inf  1.00779e+05  5.81583e+00  5.81583e+00
1.550331841e+00  5.3188286e+00         -inf  1.00779e+05  5.31883e+00  5.31883e+00
1.556533168e+00  5.3016368e+00         -inf  1.00779e+05  5.30164e+00  5.30164e+00
1.562759301e+00  5.3118563e+00         -inf  1.00779e+05  5.31186e+00  5.31186e+00
1.569010338e+00  7.1755575e+00         -inf  1.00779e+05  7.17556e+00  7.17556e+00
1.575286379e+00  8.7198918e+00         -inf  1.00779e+05  8.71989e+00  8.71989e+00
1.581587525e+00  7.2585546e+00         -inf  1.00779e+05  7.25855e+00  7.25855e+00
1.587913875e+00  5.4622628e+00         -inf  1.00779e+05  5.46226e+00  5.46226e+00
1.594265530e+00  5.4053266e+00         -inf  1.00779e+05  5.40533e+00  5.40533e+00
1.600642593e+00  8.3800919e+00         -inf  1.00779e+05  8.38009e+00  8.38009e+00
1.607045163e+00  8.5582319e+00         -inf  1.00779e+05  8.55823e+00  8.55823e+00
1.613473344e+00  6.9836244e+00         -inf  1.00779e+05  6.98362e+00  6.98362e+00
1.619927237e+00  5.5895291e+00         -inf  1.00779e+05  5.58953e+00  5.58953e+00
1.626406946e+00  5.5475290e+00         -inf  1.00779e+05  5.54753e+00  5.54753e+00
1.632912574e+00  5.8571484e+00         -inf  1.00779e+05  5.85715e+00  5.85715e+00
1.639444224e+00  6.2988182e+00         -inf  1.00779e+05  6.29882e+00  6.29882e+00
1.646002001e+00  6.4634182e+00         -inf  1.00779e+05  6.46342e+00  6.46342e+00
1.652586009e+00  6.2961022e+00         -inf  1.00779e+05  6.29610e+00  6.29610e+00
1.659196353e+00  5.6660257e+00         -inf  1.00779e+05  5.66603e+00  5.66603e+00
1.665833138e+00  7.0556464e+00         -inf  1.00779e+05  7.05565e+00  7.05565e+00
1.672496471e+00  5.6374391e+00         -inf  1.00779e+05  5.63744e+00  5.63744e+00
1.679186457e+00  5.7012390e+00         -inf  1.00779e+05  5.70124e+00  5.70124e+00
1.685903203e+00  5.7224731e+00         -inf  1.00779e+05  5.72247e+00  5.72247e+00
1.692646815e+00  5.8097796e+00         -inf  1.00779e+05  5.80978e+00  5.80978e+00
1.699417403e+00  5.9067109e+00         -inf  1.00779e+05  5.90671e+00  5.90671e+00
1.706215072e+00  6.6227416e+00         -inf  1.00779e+05  6.62274e+00  6.62274e+00
1.713039933e+00  5.9482221e+00         -inf  1.00779e+05  5.94822e+00  5.94822e+00
1.719892092e+00  5.8423468e+00         -inf  1.00779e+05  5.84235e+00  5.84235e+00
1.726771661e+00  6.3683973e+00         -inf  1.00779e+05  6.36840e+00  6.36840e+00
1.733678747e+00  5.8015781e+00         -inf  1.00779e+05  5.80158e+00  5.80158e+00
1.740613462e+00  5.5778325e+00         -inf  1.00779e+05  5.57783e+00  5.57783e+00
1.747575916e+00  5.4378957e+00         -inf  1.00779e+05  5.43790e+00  5.43790e+00
1.754566220e+00  5.3966910e+00         -inf  1.00779e+05  5.39669e+00  5.39669e+00
1.761584485e+00  5.4149089e+00         -inf  1.00779e+05  5.41491e+00  5.41491e+00
1.768630823e+00  5.6956474e+00         -inf  1.00779e+05  5.69565e+00  5.69565e+00
1.775705346e+00  5.9328102e+00         -inf  1.00779e+05  5.93281e+00  5.93281e+00
1.782808167e+00  5.6544177e+00         -inf  1.00779e+05  5.65442e+00  5.65442e+00
1.789939400e+00  6.2286014e+00         -inf  1.00779e+05  6.22860e+00  6.22860e+00
1.797099158e+00  5.6770675e+00         -inf  1.00779e+05  5.67707e+00  5.67707e+00
1.804287554e+00  5.7720012e+00         -inf  1.00779e+05  5.77200e+00  5.77200e+00
1.811504704e+00  5.9272276e+00         -inf  1.00779e+05  5.92723e+00  5.92723e+00
1.818750723e+00  6.1177056e+00         -inf  1.00779e+05  6.11771e+00  6.11771e+00
1.826025726e+00  6.2662799e+00         -inf  1.00779e+05  6.26628e+00  6.26628e+00
1.833329829e+00  6.4058714e+00         -inf  1.00779e+05  6.40587e+00  6.40587e+00
1.840663148e+00  6.5568453e+00         -inf  1.00779e+05  6.55685e+00  6.55685e+00
1.848025801e+00  6.6266959e+00         -inf  1.00779e+05  6.62670e+00  6.62670e+00
1.855417904e+00  6.6403014e+00         -inf  1.00779e+05  6.64030e+00  6.64030e+00
1.862839576e+00  6.6061283e+00         -inf  1.00779e+05  6.60613e+00  6.60613e+00
1.870290934e+00  6.5972023e+00         -inf  1.00779e+05  6.59720e+00  6.59720e+00
1.877772098e+00  7.3109900e+00         -inf  1.00779e+05  7.31099e+00  7.31099e+00
1.885283186e+00  7.2881424e+00         -inf  1.00779e+05  7.28814e+00  7.28814e+00
1.892824319e+00  6.5447612e+00         -inf  1.00779e+05  6.54476e+00  6.54476e+00
1.900395616e+00  6.4321369e+00         -inf  1.00779e+05  6.43214e+00  6.43214e+00
1.907997199e+00  6.3849670e+00         -inf  1.00779e+05  6.38497e+00  6.38497e+00
1.915629188e+00  6.2865478e+00         -inf  1.00779e+05  6.28655e+00  6.28655e+00
1.923291704e+00  6.1169094e+00         -inf  1.00779e+05  6.11691e+00  6.11691e+00
1.930984871e+00  5.8556001e+00         -inf  1.00779e+05  5.85560e+00  5.85560e+00
1.938708811e+00  5.9307223e+00         -inf  1.00779e+05  5.93072e+00  5.93072e+00
1.946463646e+00  9.3170611e+00         -inf  1.00779e+05  9.31706e+00  9.31706e+00
1.954249500e+00  1.5889907e+01         -inf  1.00779e+05  1.58899e+01  1.58899e+01
1.962066498e+00  1.5531779e+01         -inf  1.00779e+05  1.55318e+01  1.55318e+01
1.969914764e+00  1.3219376e+01         -inf  1.00779e+05  1.32194e+01  1.32194e+01
1.977794423e+00  7.8129261e+00         -inf  1.00779e+05  7.81293e+00  7.81293e+00
1.985705601e+00  6.2755690e+00         -inf  1.00779e+05  6.27557e+00  6.27557e+00
1.993648424e+00  7.7957498e+00         -inf  1.00779e+05  7.79575e+00  7.79575e+00
2.001623017e+00  1.8427333e+01         -inf  1.00779e+05  1.84273e+01  1.84273e+01
2.009629509e+00  1.9393645e+01         -inf  1.00779e+05  1.93936e+01  1.93936e+01
2.017668027e+00  1.7295550e+01         -inf  1.00779e+05  1.72955e+01  1.72955e+01
2.025738699e+00  1.0862655e+01         -inf  1.00779e+05  1.08627e+01  1.08627e+01
2.033841654e+00  9.4872792e+00         -inf  1.00779e+05  9.48728e+00  9.48728e+00
2.041977021e+00  1.0176153e+01         -inf  1.00779e+05  1.01762e+01  1.01762e+01
2.050144929e+00  1.3423691e+01         -inf  1.00779e+05  1.34237e+01  1.34237e+01
2.058345509e+00  1.4667121e+01         -inf  1.00779e+05  1.46671e+01  1.46671e+01
2.066578891e+00  1.4054360e+01         -inf  1.00779e+05  1.40544e+01  1.40544e+01
2.074845206e+00  1.0714398e+01         -inf  1.00779e+05  1.07144e+01  1.07144e+01
2.083144587e+00  9.0731771e+00         -inf  1.00779e+05  9.07318e+00  9.07318e+00
2.091477165e+00  7.7463697e+00         -inf  1.00779e+05  7.74637e+00  7.74637e+00
2.099843074e+00  6.7460045e+00         -inf  1.00779e+05  6.74600e+00  6.74600e+00
2.108242446e+00  6.9745132e+00         -inf  1.00779e+05  6.97451e+00  6.97451e+00
2.116675416e+00  6.5397010e+00         -inf  1.00779e+05  6.53970e+00  6.53970e+00
2.125142118e+00  6.0740545e+00         -inf  1.00779e+05  6.07405e+00  6.07405e+00
2.133642686e+00  5.7353816e+00         -inf  1.00779e+05  5.73538e+00  5.73538e+00
2.142177257e+00  6.0056578e+00         -inf  1.00779e+05  6.00566e+00  6.00566e+00
2.150745966e+00  6.7322134e+00         -inf  1.00779e+05  6.73221e+00  6.73221e+00
2.159348950e+00  6.8101562e+00         -inf  1.00779e+05  6.81016e+00  6.81016e+00
2.167986346e+00  6.6455473e+00         -inf  1.00779e+05  6.64555e+00  6.64555e+00
2.176658291e+00  6.3207403e+00         -inf  1.00779e+05  6.32074e+00  6.32074e+00
2.185364924e+00  5.7231101e+00         -inf  1.00779e+05  5.72311e+00  5.72311e+00
2.194106384e+00  5.8997038e+00         -inf  1.00779e+05  5.89970e+00  5.89970e+00
2.202882810e+00  8.2895563e+00         -inf  1.00779e+05  8.28956e+00  8.28956e+00
2.211694341e+00  5.6260169e+00         -inf  1.00779e+05  5.62602e+00  5.62602e+00
2.220541118e+00  6.2496833e+00         -inf  1.00779e+05  6.24968e+00  6.24968e+00
2.229423283e+00  6.7380607e+00         -inf  1.00779e+05  6.73806e+00  6.73806e+00
2.238340976e+00  7.0759296e+00         -inf  1.00779e+05  7.07593e+00  7.07593e+00
2.247294340e+00  7.5789630e+00         -inf  1.00779e+05  7.57896e+00  7.57896e+00
2.256283517e+00  8.1933416e+00         -inf  1.00779e+05  8.19334e+00  8.19334e+00
2.265308651e+00  8.4238159e+00         -inf  1.00779e+05  8.42382e+00  8.42382e+00
2.274369886e+00  8.8981728e+00         -inf  1.00779e+05  8.89817e+00  8.89817e+00
2.283467365e+00  8.8060350e+00         -inf  1.00779e+05  8.80604e+00  8.80604e+00
2.292601235e+00  9.6149620e+00         -inf  1.00779e+05  9.61496e+00  9.61496e+00
2.301771640e+00  1.0697601e+01         -inf  1.00779e+05  1.06976e+01  1.06976e+01
2.310978726e+00  7.3863695e+00         -inf  1.00779e+05  7.38637e+00  7.38637e+00
2.320222641e+00  1.0106305e+01         -inf  1.00779e+05  1.01063e+01  1.01063e+01
2.329503532e+00  8.7917442e+00         -inf  1.00779e+05  8.79174e+00  8.79174e+00
2.338821546e+00  9.9725312e+00         -inf  1.00779e+05  9.97253e+00  9.97253e+00
2.348176832e+00  1.0595224e+01         -inf  1.00779e+05  1.05952e+01  1.05952e+01
2.357569539e+00  9.1066034e+00         -inf  1.00779e+05  9.10660e+00  9.10660e+00
2.366999817e+00  9.3609203e+00         -inf  1.00779e+05  9.36092e+00  9.36092e+00
2.376467817e+00  9.6319390e+00         -inf  1.00779e+05  9.63194e+00  9.63194e+00
2.385973688e+00  7.9141259e+00         -inf  1.00779e+05  7.91413e+00  7.91413e+00
2.395517583e+00  7.9762407e+00         -inf  1.00779e+05  7.97624e+00  7.97624e+00
2.405099653e+00  6.8612506e+00         -inf  1.00779e+05  6.86125e+00  6.86125e+00
2.414720052e+00  6.1376377e+00         -inf  1.00779e+05  6.13764e+00  6.13764e+00
2.424378932e+00  6.9168295e+00         -inf  1.00779e+05  6.91683e+00  6.91683e+00
2.434076448e+00  6.1051163e+00         -inf  1.00779e+05  6.10512e+00  6.10512e+00
2.443812753e+00  5.8048339e+00         -inf  1.00779e+05  5.80483e+00  5.80483e+00
2.453588004e+00  5.6875164e+00         -inf  1.00779e+05  5.68752e+00  5.68752e+00
2.463402356e+00  5.5573853e+00         -inf  1.00779e+05  5.55739e+00  5.55739e+00
2.473255966e+00  5.5989518e+00         -inf  1.00779e+05  5.59895e+00  5.59895e+00
2.483148990e+00  7.1198038e+00         -inf  1.00779e+05  7.11980e+00  7.11980e+00
2.493081586e+00  6.7034191e+00         -inf  1.00779e+05  6.70342e+00  6.70342e+00
2.503053912e+00  6.3882843e+00         -inf  1.00779e+05  6.38828e+00  6.38828e+00
2.513066128e+00  6.1489971e+00         -inf  1.00779e+05  6.14900e+00  6.14900e+00
2.523118392e+00  6.1580829e+00         -inf  1.00779e+05  6.15808e+00  6.15808e+00
2.533210866e+00  6.3048956e+00         -inf  1.00779e+05  6.30490e+00  6.30490e+00
2.543343709e+00  6.3971838e+00         -inf  1.00779e+05  6.39718e+00  6.39718e+00
2.553517084e+00  6.9430482e+00         -inf  1.00779e+05  6.94305e+00  6.94305e+00
2.563731152e+00  7.8849119e+00         -inf  1.00779e+05  7.88491e+00  7.88491e+00
2.573986077e+00  8.1667287e+00         -inf  1.00779e+05  8.16673e+00  8.16673e+00
2.584282021e+00  8.6822264e+00         -inf  1.00779e+05  8.68223e+00  8.68223e+00
2.594619149e+00  9.3198894e+00         -inf  1.00779e+05  9.31989e+00  9.31989e+00
2.604997626e+00  9.1282670e+00         -inf  1.00779e+05  9.12827e+00  9.12827e+00
2.615417616e+00  9.1543532e+00         -inf  1.00779e+05  9.15435e+00  9.15435e+00
2.625879287e+00  8.5670207e+00         -inf  1.00779e+05  8.56702e+00  8.56702e+00
2.636382804e+00  8.2443437e+00         -inf  1.00779e+05  8.24434e+00  8.24435e+00
2.646928335e+00  8.2309889e+00         -inf  1.00779e+05  8.23099e+00  8.23099e+00
2.657516049e+00  9.3550820e+00         -inf  1.00779e+05  9.35508e+00  9.35508e+00
2.668146113e+00  1.8948826e+01         -inf  1.00779e+05  1.89488e+01  1.89488e+01
2.678818697e+00  2.9736669e+01         -inf  1.00779e+05  2.97367e+01  2.97367e+01
2.689533972e+00  2.9339808e+01         -inf  1.00779e+05  2.93398e+01  2.93398e+01
2.700292108e+00  3.0035225e+01         -inf  1.00779e+05  3.00352e+01  3.00352e+01
2.711093276e+00  2.6362754e+01         -inf  1.00779e+05  2.63628e+01  2.63628e+01
2.721937650e+00  2.0470155e+01         -inf  1.00779e+05  2.04702e+01  2.04702e+01
2.732825400e+00  1.8784681e+01         -inf  1.00779e+05  1.87847e+01  1.87847e+01
2.743756702e+00  2.2701362e+01         -inf  1.00779e+05  2.27014e+01  2.27014e+01
2.754731729e+00  2.8636029e+01         -inf  1.00779e+05  2.86360e+01  2.86360e+01
2.765750655e+00  2.8013558e+01         -inf  1.00779e+05  2.80136e+01  2.80136e+01
2.776813658e+00  2.9182361e+01         -inf  1.00779e+05  2.91824e+01  2.91824e+01
2.787920913e+00  2.6445216e+01         -inf  1.00779e+05  2.64452e+01  2.64452e+01
2.799072596e+00  2.2441034e+01         -inf  1.00779e+05  2.24410e+01  2.24410e+01
2.810268887e+00  2.0147236e+01         -inf  1.00779e+05  2.01472e+01  2.01472e+01
2.821509962e+00  1.8051943e+01         -inf  1.00779e+05  1.80519e+01  1.80519e+01
2.832796002e+00  1.4992072e+01         -inf  1.00779e+05  1.49921e+01  1.49921e+01
2.844127186e+00  1.5515431e+01         -inf  1.00779e+05  1.55154e+01  1.55154e+01
2.855503695e+00  1.3761695e+01         -inf  1.00779e+05  1.37617e+01  1.37617e+01
2.866925710e+00  1.4050645e+01         -inf  1.00779e+05  1.40506e+01  1.40506e+01
2.878393413e+00  1.2261601e+01         -inf  1.00779e+05  1.22616e+01  1.22616e+01
2.889906986e+00  1.1323138e+01         -inf  1.00779e+05  1.13231e+01  1.13231e+01
2.901466614e+00  8.4519624e+00         -inf  1.00779e+05  8.45196e+00  8.45197e+00
2.913072481e+00  6.3861139e+00         -inf  1.00779e+05  6.38611e+00  6.38612e+00
2.924724770e+00  5.7437304e+00         -inf  1.00779e+05  5.74373e+00  5.74373e+00
2.936423670e+00  5.3576768e+00         -inf  1.00779e+05  5.35768e+00  5.35768e+00
2.948169364e+00  5.7057652e+00         -inf  1.00779e+05  5.70577e+00  5.70577e+00
2.959962042e+00  7.1997634e+00         -inf  1.00779e+05  7.19976e+00  7.19977e+00
2.971801890e+00  7.0778885e+00         -inf  1.00779e+05  7.07789e+00  7.07789e+00
2.983689097e+00  7.7139130e+00         -inf  1.00779e+05  7.71391e+00  7.71392e+00
2.995623854e+00  6.2619309e+00         -inf  1.00779e+05  6.26193e+00  6.26194e+00
3.007606349e+00  5.9557631e+00         -inf  1.00779e+05  5.95576e+00  5.95577e+00
3.019636775e+00  5.8738460e+00         -inf  1.00779e+05  5.87385e+00  5.87385e+00
3.031715322e+00  5.3703796e+00         -inf  1.00779e+05  5.37038e+00  5.37039e+00
3.043842183e+00  5.2945337e+00         -inf  1.00779e+05  5.29453e+00  5.29454e+00
3.056017552e+00  5.3267755e+00         -inf  1.00779e+05  5.32678e+00  5.32678e+00
3.068241622e+00  5.3292965e+00         -inf  1.00779e+05  5.32930e+00  5.32930e+00
3.080514588e+00  5.3431961e+00         -inf  1.00779e+05  5.34320e+00  5.34320e+00
3.092836647e+00  5.3629087e+00         -inf  1.00779e+05  5.36291e+00  5.36292e+00
3.105207993e+00  5.4180130e+00         -inf  1.00779e+05  5.41801e+00  5.41802e+00
3.117628825e+00  5.6891421e+00         -inf  1.00779e+05  5.68914e+00  5.68915e+00
3.130099341e+00  6.7106345e+00         -inf  1.00779e+05  6.71063e+00  6.71065e+00
3.142619738e+00  6.1367580e+00         -inf  1.00779e+05  6.13676e+00  6.13677e+00
3.155190217e+00  6.7659821e+00         -inf  1.00779e+05  6.76598e+00  6.76600e+00
3.167810978e+00  6.5399684e+00         -inf  1.00779e+05  6.53997e+00  6.53998e+00
3.180482222e+00  8.0401044e+00         -inf  1.00779e+05  8.04010e+00  8.04012e+00
3.193204151e+00  8.2520725e+00         -inf  1.00779e+05  8.25207e+00  8.25209e+00
3.205976967e+00  9.1876694e+00         -inf  1.00779e+05  9.18767e+00  9.18769e+00
3.218800875e+00  1.0487958e+01         -inf  1.00779e+05  1.04880e+01  1.04880e+01
3.231676079e+00  1.0245796e+01         -inf  1.00779e+05  1.02458e+01  1.02458e+01
3.244602783e+00  1.1775698e+01         -inf  1.00779e+05  1.17757e+01  1.17757e+01
3.257581194e+00  1.2502419e+01         -inf  1.00779e+05  1.25024e+01  1.25025e+01
3.270611519e+00  1.4583859e+01         -inf  1.00779e+05  1.45839e+01  1.45839e+01
3.283693965e+00  1.2161167e+01         -inf  1.00779e+05  1.21612e+01  1.21612e+01
3.296828741e+00  1.2204207e+01         -inf  1.00779e+05  1.22042e+01  1.22042e+01
3.310016056e+00  1.8260402e+01         -inf  1.00779e+05  1.82604e+01  1.82604e+01
3.323256120e+00  1.6141341e+01         -inf  1.00779e+05  1.61413e+01  1.61414e+01
3.336549144e+00  8.4308324e+00         -inf  1.00779e+05  8.43083e+00  8.43087e+00
3.349895341e+00  9.1583771e+00         -inf  1.00779e+05  9.15838e+00  9.15842e+00
3.363294922e+00  1.1303288e+01         -inf  1.00779e+05  1.13033e+01  1.13033e+01
3.376748102e+00  1.1321052e+01         -inf  1.00779e+05  1.13211e+01  1.13211e+01
3.390255094e+00  1.1291788e+01         -inf  1.00779e+05  1.12918e+01  1.12918e+01
3.403816115e+00  1.0661377e+01         -inf  1.00779e+05  1.06614e+01  1.06614e+01
3.417431379e+00  8.9397582e+00         -inf  1.00779e+05  8.93976e+00  8.93982e+00
3.431101105e+00  9.3252137e+00         -inf  1.00779e+05  9.32521e+00  9.32528e+00
3.444825509e+00  9.1319957e+00         -inf  1.00779e+05  9.13200e+00  9.13207e+00
3.458604811e+00  8.3638365e+00         -inf  1.00779e+05  8.36384e+00  8.36392e+00
3.472439231e+00  9.2159921e+00         -inf  1.00779e+05  9.21599e+00  9.21608e+00
3.486328987e+00  8.8666047e+00         -inf  1.00779e+05  8.86660e+00  8.86669e+00
3.500274303e+00  7.8555575e+00         -inf  1.00779e+05  7.85556e+00  7.85565e+00
3.514275401e+00  6.4687509e+00         -inf  1.00779e+05  6.46875e+00  6.46884e+00
3.528332502e+00  7.3456976e+00         -inf  1.00779e+05  7.34570e+00  7.34580e+00
3.542445832e+00  9.9021214e+00         -inf  1.00779e+05  9.90212e+00  9.90224e+00
3.556615616e+00  7.7870296e+00         -inf  1.00779e+05  7.78703e+00  7.78714e+00
3.570842078e+00  1.0242159e+01         -inf  1.00779e+05  1.02422e+01  1.02423e+01
3.585125446e+00  9.8709825e+00         -inf  1.00779e+05  9.87098e+00  9.87112e+00
3.599465948e+00  8.3161998e+00         -inf  1.00779e+05  8.31620e+00  8.31634e+00
3.613863812e+00  8.0557477e+00         -inf  1.00779e+05  8.05575e+00  8.05589e+00
3.628319267e+00  7.2258497e+00         -inf  1.00779e+05  7.22585e+00  7.22600e+00
3.642832544e+00  7.2307022e+00         -inf  1.00779e+05  7.23070e+00  7.23087e+00
3.657403874e+00  5.9475046e+00         -inf  1.00779e+05  5.94750e+00  5.94767e+00
3.672033490e+00  6.1614645e+00         -inf  1.00779e+05  6.16146e+00  6.16165e+00
3.686721624e+00  6.3006664e+00         -inf  1.00779e+05  6.30067e+00  6.30086e+00
3.701468510e+00  5.7863326e+00         -inf  1.00779e+05  5.78633e+00  5.78654e+00
3.716274384e+00  6.1715041e+00         -inf  1.00779e+05  6.17150e+00  6.17172e+00
3.731139482e+00  6.5020091e+00         -inf  1.00779e+05  6.50201e+00  6.50225e+00
3.746064040e+00  6.1919471e+00         -inf  1.00779e+05  6.19195e+00  6.19220e+00
3.761048296e+00  5.9998372e+00         -inf  1.00779e+05  5.99984e+00  6.00010e+00
3.776092489e+00  6.2057764e+00         -inf  1.00779e+05  6.20578e+00  6.20606e+00
3.791196859e+00  6.7880180e+00         -inf  1.00779e+05  6.78802e+00  6.78832e+00
3.806361647e+00  7.0907531e+00         -inf  1.00779e+05  7.09075e+00  7.09108e+00
3.821587093e+00  6.8483586e+00         -inf  1.00779e+05  6.84836e+00  6.84871e+00
3.836873442e+00  7.6243746e+00         -inf  1.00779e+05  7.62437e+00  7.62475e+00
3.852220935e+00  8.5681647e+00         -inf  1.00779e+05  8.56816e+00  8.56859e+00
3.867629819e+00  1.1239617e+01         -inf  1.00779e+05  1.12396e+01  1.12401e+01
3.883100338e+00  1.3304500e+01         -inf  1.00779e+05  1.33045e+01  1.33051e+01
3.898632740e+00  1.1909155e+01         -inf  1.00779e+05  1.19092e+01  1.19097e+01
3.914227271e+00  1.2796642e+01         -inf  1.00779e+05  1.27966e+01  1.27973e+01
3.929884180e+00  1.2209913e+01         -inf  1.00779e+05  1.22099e+01  1.22106e+01
3.945603716e+00  1.1190542e+01         -inf  1.00779e+05  1.11905e+01  1.11912e+01
3.961386131e+00  1.0760870e+01         -inf  1.00779e+05  1.07609e+01  1.07616e+01
3.977231676e+00  1.1300587e+01         -inf  1.00779e+05  1.13006e+01  1.13014e+01
3.993140603e+00  1.1728869e+01         -inf  1.00779e+05  1.17289e+01  1.17298e+01
4.009113165e+00  1.2597422e+01         -inf  1.00779e+05  1.25974e+01  1.25984e+01
4.025149618e+00  1.3606341e+01         -inf  1.00779e+05  1.36063e+01  1.36075e+01
4.041250216e+00  1.4627024e+01         -inf  1.00779e+05  1.46270e+01  1.46283e+01
4.057415217e+00  1.4890615e+01         -inf  1.00779e+05  1.48906e+01  1.48921e+01
4.073644878e+00  1.5556845e+01         -inf  1.00779e+05  1.55568e+01  1.55585e+01
4.089939457e+00  1.5955970e+01         -inf  1.00779e+05  1.59560e+01  1.59577e+01
4.106299215e+00  1.6089288e+01         -inf  1.00779e+05  1.60893e+01  1.60912e+01
4.122724412e+00  1.6316156e+01         -inf  1.00779e+05  1.63162e+01  1.63182e+01
4.139215310e+00  1.6576765e+01         -inf  1.00779e+05  1.65768e+01  1.65790e+01
4.155772171e+00  1.6767728e+01         -inf  1.00779e+05  1.67677e+01  1.67701e+01
4.172395260e+00  1.7913156e+01         -inf  1.00779e+05  1.79132e+01  1.79158e+01
4.189084841e+00  2.2762090e+01         -inf  1.00779e+05  2.27621e+01  2.27630e+01
4.205841180e+00  3.1811191e+01         -inf  1.00779e+05  3.18112e+01  3.18113e+01
4.222664545e+00  3.9378053e+01         -inf  1.00779e+05  3.93781e+01  3.93781e+01
4.239555203e+00  4.2154120e+01         -inf  1.00779e+05  4.21541e+01  4.21542e+01
4.256513424e+00  4.0331323e+01         -inf  1.00779e+05  4.03313e+01  4.03314e+01
4.273539477e+00  4.1774461e+01         -inf  1.00779e+05  4.17745e+01  4.17746e+01
4.290633635e+00  4.0628057e+01         -inf  1.00779e+05  4.06281e+01  4.06282e+01
4.307796170e+00  3.8125747e+01         -inf  1.00779e+05  3.81257e+01  3.81258e+01
4.325027355e+00  3.4778357e+01         -inf  1.00779e+05  3.47784e+01  3.47785e+01
4.342327464e+00  3.2378907e+01         -inf  1.00779e+05  3.23789e+01  3.23790e+01
4.359696774e+00  3.1417849e+01         -inf  1.00779e+05  3.14178e+01  3.14180e+01
4.377135561e+00  2.9258064e+01         -inf  1.00779e+05  2.92581e+01  2.92584e+01
4.394644103e+00  2.9368507e+01         -inf  1.00779e+05  2.93685e+01  2.93688e+01
4.412222680e+00  2.8579730e+01         -inf  1.00779e+05  2.85797e+01  2.85801e+01
4.429871570e+00  2.6389674e+01         -inf  1.00779e+05  2.63897e+01  2.63907e+01
4.447591057e+00  2.3047256e+01         -inf  1.00779e+05  2.30473e+01  2.30500e+01
4.465381421e+00  2.2448996e+01         -inf  1.00779e+05  2.24490e+01  2.24519e+01
4.483242946e+00  2.2428511e+01         -inf  1.00779e+05  2.24285e+01  2.24317e+01
4.501175918e+00  2.0674445e+01         -inf  1.00779e+05  2.06744e+01  2.06791e+01
4.519180622e+00  2.1978481e+01         -inf  1.00779e+05  2.19785e+01  2.19825e+01
4.537257344e+00  2.0777717e+01         -inf  1.00779e+05  2.07777e+01  2.07827e+01
4.555406374e+00  1.8996158e+01         -inf  1.00779e+05  1.89962e+01  1.90023e+01
4.573627999e+00  1.6983537e+01         -inf  1.00779e+05  1.69835e+01  1.69903e+01
4.591922511e+00  1.4164592e+01         -inf  1.00779e+05  1.41646e+01  1.41710e+01
4.610290201e+00  1.2441106e+01         -inf  1.00779e+05  1.24411e+01  1.24469e+01
4.628731362e+00  1.0926397e+01         -inf  1.00779e+05  1.09264e+01  1.09320e+01
4.647246288e+00  9.6927394e+00         -inf  1.00779e+05  9.69274e+00  9.69826e+00
4.665835273e+00  8.6113941e+00         -inf  1.00779e+05  8.61139e+00  8.61697e+00
4.684498614e+00  1.0003400e+01         -inf  1.00779e+05  1.00034e+01  1.00091e+01
4.703236608e+00  2.1600179e+01         -inf  1.00779e+05  2.16002e+01  2.16060e+01
4.722049555e+00  2.3506620e+01         -inf  1.00779e+05  2.35066e+01  2.35125e+01
4.740937753e+00  2.0578486e+01         -inf  1.00779e+05  2.05785e+01  2.05849e+01
4.759901504e+00  2.1725149e+01         -inf  1.00779e+05  2.17251e+01  2.17317e+01
4.778941110e+00  2.0264282e+01         -inf  1.00779e+05  2.02643e+01  2.02720e+01
4.798056874e+00  1.8185629e+01         -inf  1.00779e+05  1.81856e+01  1.81947e+01
4.817249102e+00  1.9210188e+01         -inf  1.00779e+05  1.92102e+01  1.92206e+01
4.836518098e+00  1.7227063e+01         -inf  1.00779e+05  1.72271e+01  1.72387e+01
4.855864171e+00  1.5663180e+01         -inf  1.00779e+05  1.56632e+01  1.56757e+01
4.875287627e+00  1.3291608e+01         -inf  1.00779e+05  1.32916e+01  1.33040e+01
4.894788778e+00  1.0860148e+01         -inf  1.00779e+05  1.08601e+01  1.08717e+01
4.914367933e+00  1.0164777e+01         -inf  1.00779e+05  1.01648e+01  1.01757e+01
4.934025405e+00  8.2909700e+00         -inf  1.00779e+05  8.29097e+00  8.30149e+00
4.953761506e+00  8.0210781e+00         -inf  1.00779e+05  8.02108e+00  8.03209e+00
4.973576552e+00  7.0656694e+00         -inf  1.00779e+05  7.06567e+00  7.07702e+00
4.993470859e+00  6.4560988e+00         -inf  1.00779e+05  6.45610e+00  6.46784e+00
5.013444742e+00  5.5376176e+00         -inf  1.00779e+05  5.53762e+00  5.54981e+00
5.033498521e+00  5.4615139e+00         -inf  1.00779e+05  5.46151e+00  5.47430e+00
5.053632515e+00  5.4772302e+00         -inf  1.00779e+05  5.47723e+00  5.49068e+00
5.073847045e+00  5.7354177e+00         -inf  1.00779e+05  5.73542e+00  5.74967e+00
5.094142433e+00  6.1561373e+00         -inf  1.00779e+05  6.15614e+00  6.17129e+00
5.114519003e+00  6.2550189e+00         -inf  1.00779e+05  6.25502e+00  6.27093e+00
5.134977079e+00  5.8918502e+00         -inf  1.00779e+05  5.89185e+00  5.90837e+00
5.155516987e+00  6.5826566e+00         -inf  1.00779e+05  6.58266e+00  6.60033e+00
5.176139055e+00  1.1191671e+01         -inf  1.00779e+05  1.11917e+01  1.12130e+01
5.196843612e+00  8.7440894e+00         -inf  1.00779e+05  8.74409e+00  8.76528e+00
5.217630986e+00  9.8110792e+00         -inf  1.00779e+05  9.81108e+00  9.83469e+00
5.238501510e+00  8.8461102e+00         -inf  1.00779e+05  8.84611e+00  8.87049e+00
5.259455516e+00  7.9107755e+00         -inf  1.00779e+05  7.91078e+00  7.93540e+00
5.280493338e+00  6.9905887e+00         -inf  1.00779e+05  6.99059e+00  7.01554e+00
5.301615311e+00  6.6969022e+00         -inf  1.00779e+05  6.69690e+00  6.72295e+00
5.322821773e+00  7.3628393e+00         -inf  1.00779e+05  7.36284e+00  7.39070e+00
5.344113060e+00  6.7056428e+00         -inf  1.00779e+05  6.70564e+00  6.73533e+00
5.365489512e+00  6.7489911e+00         -inf  1.00779e+05  6.74899e+00  6.78077e+00
5.386951470e+00  6.7171969e+00         -inf  1.00779e+05  6.71720e+00  6.75117e+00
5.408499276e+00  6.7502958e+00         -inf  1.00779e+05  6.75030e+00  6.78663e+00
5.430133273e+00  6.8338140e+00         -inf  1.00779e+05  6.83381e+00  6.87254e+00
5.451853806e+00  6.9409292e+00         -inf  1.00779e+05  6.94093e+00  6.98237e+00
5.473661221e+00  7.1811028e+00         -inf  1.00779e+05  7.18110e+00  7.22559e+00
5.495555866e+00  7.5011261e+00         -inf  1.00779e+05  7.50113e+00  7.54900e+00
5.517538090e+00  7.7512149e+00         -inf  1.00779e+05  7.75121e+00  7.80260e+00
5.539608242e+00  7.6866524e+00         -inf  1.00779e+05  7.68665e+00  7.74195e+00
5.561766675e+00  7.4060060e+00         -inf  1.00779e+05  7.40601e+00  7.46548e+00
5.584013742e+00  7.6670067e+00         -inf  1.00779e+05  7.66701e+00  7.73073e+00
5.606349797e+00  7.8815234e+00         -inf  1.00779e+05  7.88152e+00  7.94973e+00
5.628775196e+00  7.8376411e+00         -inf  1.00779e+05  7.83764e+00  7.91055e+00
5.651290297e+00  7.7563657e+00         -inf  1.00779e+05  7.75637e+00  7.83420e+00
5.673895458e+00  7.8049216e+00         -inf  1.00779e+05  7.80492e+00  7.88799e+00
5.696591040e+00  7.8283944e+00         -inf  1.00779e+05  7.82839e+00  7.91682e+00
5.719377404e+00  8.4223154e+00         -inf  1.00779e+05  8.42232e+00  8.51621e+00
5.742254913e+00  1.1029412e+01         -inf  1.00779e+05  1.10294e+01  1.11287e+01
5.765223933e+00  1.1042136e+01         -inf  1.00779e+05  1.10421e+01  1.11476e+01
5.788284829e+00  9.9930616e+00         -inf  1.00779e+05  9.99306e+00  1.01055e+01
5.811437968e+00  1.0206373e+01         -inf  1.00779e+05  1.02064e+01  1.03256e+01
5.834683720e+00  1.0624607e+01         -inf  1.00779e+05  1.06246e+01  1.07503e+01
5.858022455e+00  1.0189133e+01         -inf  1.00779e+05  1.01891e+01  1.03217e+01
5.881454545e+00  9.5814664e+00         -inf  1.00779e+05  9.58147e+00  9.72080e+00
5.904980363e+00  9.0362680e+00         -inf  1.00779e+05  9.03627e+00  9.18230e+00
5.928600284e+00  8.7678929e+00         -inf  1.00779e+05  8.76789e+00  8.92055e+00
5.952314685e+00  8.7247642e+00         -inf  1.00779e+05  8.72476e+00  8.88402e+00
5.976123944e+00  8.7194968e+00         -inf  1.00779e+05  8.71950e+00  8.88491e+00
6.000028440e+00  8.8486603e+00         -inf  1.00779e+05  8.84866e+00  9.02003e+00
6.024028554e+00  8.9219632e+00         -inf  1.00779e+05  8.92196e+00  9.09918e+00
6.048124668e+00  9.0786389e+00         -inf  1.00779e+05  9.07864e+00  9.26118e+00
6.072317167e+00  9.2163377e+00         -inf  1.00779e+05  9.21634e+00  9.40416e+00
6.096606435e+00  9.3387139e+00         -inf  1.00779e+05  9.33871e+00  9.53176e+00
6.120992861e+00  9.5153552e+00         -inf  1.00779e+05  9.51536e+00  9.71329e+00
6.145476832e+00  9.5748781e+00         -inf  1.00779e+05  9.57488e+00  9.77766e+00
6.170058740e+00  9.7274250e+00         -inf  1.00779e+05  9.72743e+00  9.93478e+00
6.194738975e+00  9.7881654e+00         -inf  1.00779e+05  9.78817e+00  1.00009e+01
6.219517931e+00  9.8757911e+00         -inf  1.00779e+05  9.87579e+00  1.00945e+01
6.244396002e+00  9.8683848e+00         -inf  1.00779e+05  9.86838e+00  1.00945e+01
6.269373586e+00  9.7711646e+00         -inf  1.00779e+05  9.77116e+00  1.00060e+01
6.294451081e+00  9.9752833e+00         -inf  1.00779e+05  9.97528e+00  1.02194e+01
6.319628885e+00  9.8201753e+00         -inf  1.00779e+05  9.82018e+00  1.00751e+01
6.344907401e+00  1.0075960e+01         -inf  1.00779e+05  1.00760e+01  1.03415e+01
6.370287030e+00  1.0053049e+01         -inf  1.00779e+05  1.00530e+01  1.03298e+01
6.395768178e+00  1.0308510e+01         -inf  1.00779e+05  1.03085e+01  1.05961e+01
6.421351251e+00  1.0446562e+01         -inf  1.00779e+05  1.04466e+01  1.07450e+01
6.447036656e+00  1.0512815e+01         -inf  1.00779e+05  1.05128e+01  1.08219e+01
6.472824803e+00  1.0565312e+01         -inf  1.00779e+05  1.05653e+01  1.08844e+01
6.498716102e+00  1.1319378e+01         -inf  1.00779e+05  1.13194e+01  1.16469e+01
6.524710966e+00  1.0135065e+01         -inf  1.00779e+05  1.01351e+01  1.04748e+01
6.550809810e+00  9.4398495e+00         -inf  1.00779e+05  9.43985e+00  9.79004e+00
6.577013049e+00  9.3026678e+00         -inf  1.00779e+05  9.30267e+00  9.66174e+00
6.603321102e+00  9.1824000e+00         -inf  1.00779e+05  9.18240e+00  9.54962e+00
6.629734386e+00  9.0477980e+00         -inf  1.00779e+05  9.04780e+00  9.42291e+00
6.656253324e+00  9.0627706e+00         -inf  1.00779e+05  9.06277e+00  9.44528e+00
6.682878337e+00  8.8307402e+00         -inf  1.00779e+05  8.83074e+00  9.22076e+00
6.709609850e+00  8.7057572e+00         -inf  1.00779e+05  8.70576e+00  9.10271e+00
6.736448290e+00  8.7020909e+00         -inf  1.00779e+05  8.70209e+00  9.10563e+00
6.763394083e+00  8.3421271e+00         -inf  1.00779e+05  8.34213e+00  8.75232e+00
6.790447659e+00  8.7710598e+00         -inf  1.00779e+05  8.77106e+00  9.18548e+00
6.817609450e+00  8.2313888e+00         -inf  1.00779e+05  8.23139e+00  8.65155e+00
6.844879888e+00  8.1045191e+00         -inf  1.00779e+05  8.10452e+00  8.52960e+00
6.872259407e+00  7.9568282e+00         -inf  1.00779e+05  7.95683e+00  8.38686e+00
6.899748445e+00  8.0079818e+00         -inf  1.00779e+05  8.00798e+00  8.44215e+00
6.927347438e+00  7.6177412e+00         -inf  1.00779e+05  7.61774e+00  8.05591e+00
6.955056828e+00  7.3135879e+00         -inf  1.00779e+05  7.31359e+00  7.75440e+00
6.982877056e+00  7.3568359e+00         -inf  1.00779e+05  7.35684e+00  7.79960e+00
7.010808564e+00  7.1960501e+00         -inf  1.00779e+05  7.19605e+00  7.63997e+00
7.038851798e+00  6.8712858e+00         -inf  1.00779e+05  6.87129e+00  7.31512e+00
7.067007205e+00  6.7716966e+00         -inf  1.00779e+05  6.77170e+00  7.21640e+00
7.095275234e+00  6.6908228e+00         -inf  1.00779e+05  6.69082e+00  7.13553e+00
7.123656335e+00  6.5018323e+00         -inf  1.00779e+05  6.50183e+00  6.94749e+00
7.152150960e+00  6.5431830e+00         -inf  1.00779e+05  6.54318e+00  6.98944e+00
7.180759564e+00  6.5034056e+00         -inf  1.00779e+05  6.50341e+00  6.95147e+00
7.209482602e+00  6.8810491e+00         -inf  1.00779e+05  6.88105e+00  7.33257e+00
7.238320533e+00  7.3920739e+00         -inf  1.00779e+05  7.39207e+00  7.85166e+00
7.267273815e+00  8.1938585e+00         -inf  1.00779e+05  8.19386e+00  8.66462e+00
7.296342910e+00  8.1591615e+00         -inf  1.00779e+05  8.15916e+00  8.63856e+00
7.325528282e+00  9.6406640e+00         -inf  1.00779e+05  9.64066e+00  1.01422e+01
7.354830395e+00  1.1170403e+01         -inf  1.00779e+05  1.11704e+01  1.16935e+01
7.384249717e+00  1.2523346e+01         -inf  1.00779e+05  1.25233e+01  1.30523e+01
7.413786715e+00  1.1791298e+01         -inf  1.00779e+05  1.17913e+01  1.23162e+01
7.443441862e+00  1.3234181e+01         -inf  1.00779e+05  1.32342e+01  1.37583e+01
7.473215630e+00  1.2843148e+01         -inf  1.00779e+05  1.28431e+01  1.33802e+01
7.503108492e+00  1.3493950e+01         -inf  1.00779e+05  1.34940e+01  1.40249e+01
7.533120926e+00  1.2768956e+01         -inf  1.00779e+05  1.27690e+01  1.33177e+01
7.563253410e+00  1.1175201e+01         -inf  1.00779e+05  1.11752e+01  1.17561e+01
7.593506424e+00  1.1185694e+01         -inf  1.00779e+05  1.11857e+01  1.18086e+01
7.623880449e+00  1.3094368e+01         -inf  1.00779e+05  1.30944e+01  1.37721e+01
7.654375971e+00  1.8550699e+01         -inf  1.00779e+05  1.85507e+01  1.91284e+01
7.684993475e+00  1.9421359e+01         -inf  1.00779e+05  1.94214e+01  2.00652e+01
7.715733449e+00  1.8258907e+01         -inf  1.00779e+05  1.82589e+01  1.89667e+01
7.746596383e+00  1.6971374e+01         -inf  1.00779e+05  1.69714e+01  1.77066e+01
7.777582768e+00  1.5104819e+01         -inf  1.00779e+05  1.51048e+01  1.58448e+01
7.808693099e+00  1.6370707e+01         -inf  1.00779e+05  1.63707e+01  1.71524e+01
7.839927872e+00  1.7148553e+01         -inf  1.00779e+05  1.71486e+01  1.79610e+01
7.871287583e+00  1.6960249e+01         -inf  1.00779e+05  1.69602e+01  1.77812e+01
7.902772733e+00  1.5627829e+01         -inf  1.00779e+05  1.56278e+01  1.64842e+01
7.934383824e+00  1.4529502e+01         -inf  1.00779e+05  1.45295e+01  1.54017e+01
7.966121360e+00  1.2460187e+01         -inf  1.00779e+05  1.24602e+01  1.33398e+01
7.997985845e+00  1.0656953e+01         -inf  1.00779e+05  1.06570e+01  1.15308e+01
8.029977788e+00  1.0562654e+01         -inf  1.00779e+05  1.05627e+01  1.14656e+01
8.062097700e+00  8.9885464e+00         -inf  1.00779e+05  8.98855e+00  9.88376e+00
8.094346090e+00  7.9400124e+00         -inf  1.00779e+05  7.94001e+00  8.84145e+00
8.126723475e+00  6.8606285e+00         -inf  1.00779e+05  6.86063e+00  7.76023e+00
8.159230369e+00  6.1274252e+00         -inf  1.00779e+05  6.12743e+00  7.03526e+00
8.191867290e+00  6.5755099e+00         -inf  1.00779e+05  6.57551e+00  7.51747e+00
8.224634759e+00  5.4185320e+00         -inf  1.00779e+05  5.41853e+00  6.36073e+00
8.257533298e+00  5.4401334e+00         -inf  1.00779e+05  5.44013e+00  6.40795e+00
8.290563432e+00  4.7765057e+00         -inf  1.00779e+05  4.77651e+00  5.75456e+00
8.323725685e+00  5.4473911e+00         -inf  1.00779e+05  5.44739e+00  6.45967e+00
8.357020588e+00  5.7700072e+00         -inf  1.00779e+05  5.77001e+00  6.80975e+00
8.390448670e+00  6.7616951e+00         -inf  1.00779e+05  6.76170e+00  7.84273e+00
8.424010465e+00  7.3478279e+00         -inf  1.00779e+05  7.34783e+00  8.46109e+00
8.457706507e+00  8.3933560e+00         -inf  1.00779e+05  8.39336e+00  9.54670e+00
8.491537333e+00  8.4164208e+00         -inf  1.00779e+05  8.41642e+00  9.59374e+00
8.525503482e+00  8.3880751e+00         -inf  1.00779e+05  8.38808e+00  9.58446e+00
8.559605496e+00  7.0140569e+00         -inf  1.00779e+05  7.01406e+00  8.21720e+00
8.593843918e+00  8.3688763e+00         -inf  1.00779e+05  8.36888e+00  9.61815e+00
8.628219294e+00  9.0273320e+00         -inf  1.00779e+05  9.02733e+00  1.03217e+01
8.662732171e+00  9.0267735e+00         -inf  1.00779e+05  9.02677e+00  1.03565e+01
8.697383100e+00  9.1835298e+00         -inf  1.00779e+05  9.18353e+00  1.05404e+01
8.732172632e+00  8.5420420e+00         -inf  1.00779e+05  8.54204e+00  9.91683e+00
8.767101323e+00  7.9490507e+00         -inf  1.00779e+05  7.94905e+00  9.34085e+00
8.802169728e+00  8.5510607e+00         -inf  1.00779e+05  8.55106e+00  9.96272e+00
8.837378407e+00  8.7199473e+00         -inf  1.00779e+05  8.71995e+00  1.01557e+01
8.872727920e+00  8.2473511e+00         -inf  1.00779e+05  8.24735e+00  9.71426e+00
8.908218832e+00  8.4033008e+00         -inf  1.00779e+05  8.40330e+00  9.90357e+00
8.943851707e+00  8.6473878e+00         -inf  1.00779e+05  8.64739e+00  1.01830e+01
8.979627114e+00  8.0521064e+00         -inf  1.00779e+05  8.05211e+00  9.62752e+00
9.015545623e+00  7.2372138e+00         -inf  1.00779e+05  7.23721e+00  8.85519e+00
9.051607805e+00  7.6074146e+00         -inf  1.00779e+05  7.60741e+00  9.26409e+00
9.087814236e+00  7.8842253e+00         -inf  1.00779e+05  7.88423e+00  9.57942e+00
9.124165493e+00  7.9661880e+00         -inf  1.00779e+05  7.96619e+00  9.70356e+00
9.160662155e+00  8.5914901e+00         -inf  1.00779e+05  8.59149e+00  1.03800e+01
9.197304804e+00  9.7595114e+00         -inf  1.00779e+05  9.75951e+00  1.16130e+01
9.234094023e+00  8.9497249e+00         -inf  1.00779e+05  8.94972e+00  1.08902e+01
9.271030399e+00  8.8423081e+00         -inf  1.00779e+05  8.84231e+00  1.08570e+01
9.308114521e+00  9.2228811e+00         -inf  1.00779e+05  9.22288e+00  1.12754e+01
9.345346979e+00  1.0057383e+01         -inf  1.00779e+05  1.00574e+01  1.21358e+01
9.382728367e+00  1.9013295e+01         -inf  1.00779e+05  1.90133e+01  2.09998e+01
9.420259280e+00  2.8890686e+01         -inf  1.00779e+05  2.88907e+01  3.06938e+01
9.457940318e+00  3.2245311e+01         -inf  1.00779e+05  3.22453e+01  3.39090e+01
9.495772079e+00  3.4292353e+01         -inf  1.00779e+05  3.42924e+01  3.58391e+01
9.533755167e+00  3.2961205e+01         -inf  1.00779e+05  3.29612e+01  3.46294e+01
9.571890188e+00  2.5384651e+01         -inf  1.00779e+05  2.53847e+01  2.74269e+01
9.610177749e+00  3.2776293e+01         -inf  1.00779e+05  3.27763e+01  3.44800e+01
9.648618460e+00  3.3906341e+01         -inf  1.00779e+05  3.39063e+01  3.57259e+01
9.687212933e+00  3.1861526e+01         -inf  1.00779e+05  3.18615e+01  3.38496e+01
9.725961785e+00  3.0663793e+01         -inf  1.00779e+05  3.06638e+01  3.27013e+01
9.764865632e+00  3.0856955e+01         -inf  1.00779e+05  3.08570e+01  3.29640e+01
9.803925095e+00  2.9461221e+01         -inf  1.00779e+05  2.94612e+01  3.16950e+01
9.843140795e+00  2.7372682e+01         -inf  1.00779e+05  2.73727e+01  2.97267e+01
9.882513358e+00  2.4106247e+01         -inf  1.00779e+05  2.41062e+01  2.66151e+01
9.922043412e+00  2.0964718e+01         -inf  1.00779e+05  2.09647e+01  2.35939e+01
9.961731585e+00  1.7723692e+01         -inf  1.00779e+05  1.77237e+01  2.04631e+01
1.000157851e+01  1.4074882e+01         -inf  1.00779e+05  1.40749e+01  1.69174e+01
1.004158483e+01  1.0145423e+01         -inf  1.00779e+05  1.01454e+01  1.30825e+01
1.008175117e+01  8.1363165e+00         -inf  1.00779e+05  8.13632e+00  1.11517e+01
1.012207817e+01  5.9416422e+00         -inf  1.00779e+05  5.94164e+00  9.04187e+00
1.016256648e+01  4.5546442e+00         -inf  1.00779e+05  4.55464e+00  7.74991e+00
1.020321675e+01  3.6640767e+00         -inf  1.00779e+05  3.66408e+00  6.96605e+00
1.024402962e+01  3.2212640e+00         -inf  1.00779e+05  3.22126e+00  6.61941e+00
1.028500573e+01  2.9784728e+00         -inf  1.00779e+05  2.97847e+00  6.46640e+00
1.032614576e+01  2.7511086e+00         -inf  1.00779e+05  2.75111e+00  6.30393e+00
1.036745034e+01  2.1117600e+00         -inf  1.00779e+05  2.11176e+00  5.66624e+00
1.040892014e+01  1.6249780e+00         -inf  1.00779e+05  1.62498e+00  5.21285e+00
1.045055582e+01  2.0869523e+00         -inf  1.00779e+05  2.08695e+00  5.80433e+00
1.049235805e+01  1.9824752e+00         -inf  1.00779e+05  1.98248e+00  5.78470e+00
1.053432748e+01  1.9277431e+00         -inf  1.00779e+05  1.92774e+00  5.81387e+00
1.057646479e+01  1.8184955e+00         -inf  1.00779e+05  1.81850e+00  5.77843e+00
1.061877065e+01  1.6536007e+00         -inf  1.00779e+05  1.65360e+00  5.67810e+00
1.066124573e+01  1.4584975e+00         -inf  1.00779e+05  1.45850e+00  5.54299e+00
1.070389071e+01  1.2486820e+00         -inf  1.00779e+05  1.24868e+00  5.39275e+00
1.074670627e+01  1.0488687e+00         -inf  1.00779e+05  1.04887e+00  5.25629e+00
1.078969310e+01  8.6938463e-01         -inf  1.00779e+05  8.69385e-01  5.14543e+00
1.083285187e+01  7.2231871e-01         -inf  1.00779e+05  7.22319e-01  5.07334e+00
1.087618328e+01  5.9957365e-01         -inf  1.00779e+05  5.99574e-01  5.02992e+00
1.091968801e+01  4.7676923e-01         -inf  1.00779e+05  4.76769e-01  4.98889e+00
1.096336676e+01  3.7361875e-01         -inf  1.00779e+05  3.73619e-01  4.96998e+00
1.100722023e+01  2.7728672e-01         -inf  1.00779e+05  2.77287e-01  4.95961e+00
1.105124911e+01  1.8553204e-01         -inf  1.00779e+05  1.85532e-01  4.95550e+00
1.109545411e+01  9.4648707e-02         -inf  1.00779e+05  9.46487e-02  4.95361e+00
1.113983593e+01 -1.0751963e-02         -inf  1.00779e+05 -1.07520e-02  4.93778e+00
1.118439527e+01 -1.1627919e-01         -inf  1.00779e+05 -1.16279e-01  4.92296e+00
1.122913285e+01 -2.1561331e-01         -inf  1.00779e+05 -2.15613e-01  4.91619e+00
1.127404938e+01 -3.1818534e-01         -inf  1.00779e+05 -3.18185e-01  4.90731e+00
1.131914558e+01 -4.1438905e-01         -inf  1.00779e+05 -4.14389e-01  4.90658e+00
1.136442216e+01 -5.1121218e-01         -inf  1.00779e+05 -5.11212e-01  4.90666e+00
1.140987985e+01 -6.0770169e-01         -inf  1.00779e+05 -6.07702e-01  4.90846e+00
1.145551937e+01 -7.0833146e-01         -inf  1.00779e+05 -7.08331e-01  4.90720e+00
1.150134145e+01 -8.0928860e-01         -inf  1.00779e+05 -8.09289e-01  4.90698e+00
1.154734681e+01 -8.9650303e-01         -inf  1.00779e+05 -8.96503e-01  4.92334e+00
1.159353620e+01 -9.8663208e-01         -inf  1.00779e+05 -9.86632e-01  4.93795e+00
1.163991035e+01 -1.1102338e+00         -inf  1.00779e+05 -1.11023e+00  4.91720e+00
1.168646999e+01 -1.2101486e+00         -inf  1.00779e+05 -1.21015e+00  4.92394e+00
1.173321587e+01 -1.3119990e+00         -inf  1.00779e+05 -1.31200e+00  4.93006e+00
1.178014873e+01 -1.4147303e+00         -inf  1.00779e+05 -1.41473e+00  4.93671e+00
1.182726932e+01 -1.5136416e+00         -inf  1.00779e+05 -1.51364e+00  4.94893e+00
1.187457840e+01 -1.6209220e+00         -inf  1.00779e+05 -1.62092e+00  4.95366e+00
1.192207672e+01 -1.7219028e+00         -inf  1.00779e+05 -1.72190e+00  4.96620e+00
1.196976502e+01 -1.8280266e+00         -inf  1.00779e+05 -1.82803e+00  4.97530e+00
1.201764408e+01 -1.9135491e+00         -inf  1.00779e+05 -1.91355e+00  5.00745e+00
1.206571466e+01 -1.8419858e+00         -inf  1.00779e+05 -1.84199e+00  5.22280e+00
1.211397752e+01 -2.0709957e+00         -inf  1.00779e+05 -2.07100e+00  5.09504e+00
1.216243343e+01 -2.0777208e+00         -inf  1.00779e+05 -2.07772e+00  5.22057e+00
1.221108316e+01 -2.1071204e+00         -inf  1.00779e+05 -2.10712e+00  5.33240e+00
1.225992749e+01 -2.0641407e+00         -inf  1.00779e+05 -2.06414e+00  5.52527e+00
1.230896720e+01 -2.0427378e+00         -inf  1.00779e+05 -2.04274e+00  5.70423e+00
1.235820307e+01 -2.0155552e+00         -inf  1.00779e+05 -2.01556e+00  5.89232e+00
1.240763589e+01 -1.9601761e+00         -inf  1.00779e+05 -1.96018e+00  6.10464e+00
1.245726643e+01 -2.0290616e+00         -inf  1.00779e+05 -2.02906e+00  6.18233e+00
1.250709549e+01 -1.9866833e+00         -inf  1.00779e+05 -1.98668e+00  6.34985e+00
1.255712388e+01 -2.1700818e+00         -inf  1.00779e+05 -2.17008e+00  6.27372e+00
1.260735237e+01 -1.2556063e+00         -inf  1.00779e+05 -1.25561e+00  7.77343e+00
1.265778178e+01 -1.6901540e+00         -inf  1.00779e+05 -1.69015e+00  7.36298e+00
1.270841291e+01 -2.3606545e+00         -inf  1.00779e+05 -2.36065e+00  6.43921e+00
1.275924656e+01 -2.0711346e+00         -inf  1.00779e+05 -2.07113e+00  6.91457e+00
1.281028355e+01 -2.0938497e+00         -inf  1.00779e+05 -2.09385e+00  7.07014e+00
1.286152468e+01 -1.8869889e+00         -inf  1.00779e+05 -1.88699e+00  7.44778e+00
1.291297078e+01 -1.9687563e+00         -inf  1.00779e+05 -1.96876e+00  7.55040e+00
1.296462266e+01 -1.0633811e+00         -inf  1.00779e+05 -1.06338e+00  8.74807e+00
1.301648115e+01 -1.6555818e+00         -inf  1.00779e+05 -1.65558e+00  8.45662e+00
1.306854708e+01 -8.9431886e-01         -inf  1.00779e+05 -8.94319e-01  9.54617e+00
1.312082127e+01 -1.3838293e+00         -inf  1.00779e+05 -1.38383e+00  9.53529e+00
1.317330455e+01 -9.5650322e-01         -inf  1.00779e+05 -9.56503e-01  1.05634e+01
1.322599777e+01 -4.8263432e-02         -inf  1.00779e+05 -4.82634e-02  1.21652e+01
1.327890176e+01 -2.6574190e-01         -inf  1.00779e+05 -2.65742e-01  1.24490e+01
1.333201737e+01  1.8557733e+00         -inf  1.00779e+05  1.85577e+00  1.49467e+01
1.338534544e+01  9.6491536e-01         -inf  1.00779e+05  9.64915e-01  1.43742e+01
1.343888682e+01  3.7096899e+00         -inf  1.00779e+05  3.70969e+00  1.72063e+01
1.349264237e+01  6.5006387e+00         -inf  1.00779e+05  6.50064e+00  1.90802e+01
1.354661294e+01  4.5048736e+00         -inf  1.00779e+05  4.50487e+00  1.79400e+01
1.360079939e+01  6.3191945e+00         -inf  1.00779e+05  6.31919e+00  1.96103e+01
1.365520258e+01  5.6223886e+00         -inf  1.00779e+05  5.62239e+00  1.90109e+01
1.370982339e+01  6.7060391e+00         -inf  1.00779e+05  6.70604e+00  2.05073e+01
1.376466269e+01  3.9655986e+00         -inf  1.00779e+05  3.96560e+00  1.84091e+01
1.381972134e+01  6.8194548e+00         -inf  1.00779e+05  6.81945e+00  2.11630e+01
1.387500022e+01  1.9498488e+01         -inf  1.00779e+05  1.94985e+01  2.76525e+01
1.393050023e+01  9.1905456e+00         -inf  1.00779e+05  9.19055e+00  2.21142e+01
1.398622223e+01  7.6260652e+00         -inf  1.00779e+05  7.62607e+00  2.11671e+01
1.404216712e+01  9.8099114e+00         -inf  1.00779e+05  9.80991e+00  2.23300e+01
1.409833578e+01  1.0679708e+01         -inf  1.00779e+05  1.06797e+01  2.28894e+01
1.415472913e+01  1.2388462e+01         -inf  1.00779e+05  1.23885e+01  2.31074e+01
1.421134804e+01  1.5229112e+01         -inf  1.00779e+05  1.52291e+01  2.47169e+01
1.426819344e+01  1.7281122e+01         -inf  1.00779e+05  1.72811e+01  2.56487e+01
1.432526621e+01  1.9211025e+01         -inf  1.00779e+05  1.92110e+01  2.68305e+01
1.438256727e+01  2.2377762e+01         -inf  1.00779e+05  2.23778e+01  2.89814e+01
1.444009754e+01  2.4124443e+01         -inf  1.00779e+05  2.41244e+01  3.04698e+01
1.449785793e+01  2.4217279e+01         -inf  1.00779e+05  2.42173e+01  3.04310e+01
1.455584937e+01  2.6155547e+01         -inf  1.00779e+05  2.61555e+01  3.22743e+01
1.461407276e+01  2.7504777e+01         -inf  1.00779e+05  2.75048e+01  3.36425e+01
1.467252905e+01  2.7484724e+01         -inf  1.00779e+05  2.74847e+01  3.37167e+01
1.473121917e+01  2.7684231e+01         -inf  1.00779e+05  2.76842e+01  3.40047e+01
1.479014405e+01  2.8640456e+01         -inf  1.00779e+05  2.86405e+01  3.50429e+01
1.484930462e+01  2.8317704e+01         -inf  1.00779e+05  2.83177e+01  3.48319e+01
1.490870184e+01  2.7991029e+01         -inf  1.00779e+05  2.79910e+01  3.46031e+01
1.496833665e+01  3.7799357e+01         -inf  1.00779e+05  3.77994e+01  4.44714e+01
1.502821000e+01  2.8763483e+01         -inf  1.00779e+05  2.87635e+01  3.55817e+01
1.508832284e+01  2.9288251e+01         -inf  1.00779e+05  2.92883e+01  3.62368e+01
1.514867613e+01  2.7462977e+01         -inf  1.00779e+05  2.74630e+01  3.45359e+01
1.520927083e+01  2.6139007e+01         -inf  1.00779e+05  2.61390e+01  3.33420e+01
1.527010791e+01  2.6568209e+01         -inf  1.00779e+05  2.65682e+01  3.38943e+01
1.533118835e+01  2.6578452e+01         -inf  1.00779e+05  2.65785e+01  3.40266e+01
1.539251310e+01  2.7382156e+01         -inf  1.00779e+05  2.73822e+01  3.49582e+01
1.545408315e+01  2.4195989e+01         -inf  1.00779e+05  2.41960e+01  3.21489e+01
1.551589948e+01  2.3541494e+01         -inf  1.00779e+05  2.35415e+01  3.16621e+01
1.557796308e+01  2.1330425e+01         -inf  1.00779e+05  2.13304e+01  3.00102e+01
1.564027493e+01  1.8588442e+01         -inf  1.00779e+05  1.85884e+01  2.81485e+01
1.570283603e+01  1.8026390e+01         -inf  1.00779e+05  1.80264e+01  2.80683e+01
1.576564738e+01  1.5519414e+01         -inf  1.00779e+05  1.55194e+01  2.66711e+01
1.582870997e+01  1.2270649e+01         -inf  1.00779e+05  1.22706e+01  2.51939e+01
1.589202481e+01  9.9966227e+00         -inf  1.00779e+05  9.99662e+00  2.42027e+01
1.595559291e+01  5.0182345e+00         -inf  1.00779e+05  5.01823e+00  2.20756e+01
1.601941528e+01  4.2674292e+00         -inf  1.00779e+05  4.26743e+00  2.20058e+01
1.608349294e+01 -2.0874281e+00         -inf  1.00779e+05 -2.08743e+00  1.92650e+01
1.614782691e+01  3.8508056e-01         -inf  1.00779e+05  3.85081e-01  2.05812e+01
1.621241822e+01  1.0502921e+01         -inf  1.00779e+05  1.05029e+01  2.56220e+01
1.627726789e+01 -3.6241308e+00         -inf  1.00779e+05 -3.62413e+00  1.89029e+01
1.634237696e+01 -6.3576734e+00         -inf  1.00779e+05 -6.35767e+00  1.77556e+01
1.640774647e+01 -3.7848834e+00         -inf  1.00779e+05 -3.78488e+00  1.90360e+01
1.647337746e+01 -4.8518102e+00         -inf  1.00779e+05 -4.85181e+00  1.87450e+01
1.653927097e+01 -6.4246813e+00         -inf  1.00779e+05 -6.42468e+00  1.78731e+01
1.660542805e+01 -7.3780037e+00         -inf  1.00779e+05 -7.37800e+00  1.73618e+01
1.667184976e+01 -9.3487641e+00         -inf  1.00779e+05 -9.34876e+00  1.65464e+01
1.673853716e+01 -5.0497463e+00         -inf  1.00779e+05 -5.04975e+00  1.91480e+01
1.680549131e+01 -1.1114427e+01         -inf  1.00779e+05 -1.11144e+01  1.57466e+01
1.687271328e+01 -1.2147324e+01         -inf  1.00779e+05 -1.21473e+01  1.49580e+01
1.694020413e+01 -9.4886640e+00         -inf  1.00779e+05 -9.48866e+00  1.68587e+01
1.700796495e+01 -1.1148828e+01         -inf  1.00779e+05 -1.11488e+01  1.49650e+01
1.707599681e+01 -1.5179578e+01         -inf  1.00779e+05 -1.51796e+01  1.24610e+01
1.714430079e+01 -1.5685151e+01         -inf  1.00779e+05 -1.56852e+01  1.20804e+01
1.721287800e+01 -1.5706246e+01         -inf  1.00779e+05 -1.57062e+01  1.18584e+01
1.728172951e+01 -1.5306743e+01         -inf  1.00779e+05 -1.53067e+01  1.18919e+01
1.735085643e+01 -1.5977680e+01         -inf  1.00779e+05 -1.59777e+01  1.14658e+01
1.742025985e+01 -1.6350516e+01         -inf  1.00779e+05 -1.63505e+01  1.03666e+01
1.748994089e+01 -1.6937734e+01         -inf  1.00779e+05 -1.69377e+01  1.02864e+01
1.755990065e+01 -1.7216050e+01         -inf  1.00779e+05 -1.72161e+01  9.81568e+00
1.763014026e+01 -1.8363615e+01         -inf  1.00779e+05 -1.83636e+01  8.68385e+00
1.770066082e+01 -1.8795438e+01         -inf  1.00779e+05 -1.87954e+01  8.39489e+00
1.777146346e+01 -1.9195064e+01         -inf  1.00779e+05 -1.91951e+01  8.14740e+00
1.784254932e+01 -1.9928416e+01         -inf  1.00779e+05 -1.99284e+01  7.44535e+00
1.791391951e+01 -2.0733738e+01         -inf  1.00779e+05 -2.07337e+01  6.92561e+00
1.798557519e+01 -2.1152950e+01         -inf  1.00779e+05 -2.11529e+01  6.70108e+00
1.805751749e+01 -2.1603298e+01         -inf  1.00779e+05 -2.16033e+01  6.48001e+00
1.812974756e+01 -2.2025539e+01         -inf  1.00779e+05 -2.20255e+01  6.35665e+00
1.820226655e+01 -2.2428702e+01         -inf  1.00779e+05 -2.24287e+01  6.22580e+00
1.827507562e+01 -2.2701039e+01         -inf  1.00779e+05 -2.27010e+01  6.50156e+00
1.834817592e+01 -2.2531321e+01         -inf  1.00779e+05 -2.25313e+01  8.95654e+00
1.842156862e+01 -2.3457037e+01         -inf  1.00779e+05 -2.34570e+01  6.17801e+00
1.849525490e+01 -2.3761497e+01         -inf  1.00779e+05 -2.37615e+01  6.13382e+00
1.856923592e+01 -2.4018574e+01         -inf  1.00779e+05 -2.40186e+01  6.28488e+00
1.864351286e+01 -2.4337594e+01         -inf  1.00779e+05 -2.43376e+01  6.30824e+00
1.871808691e+01 -2.4656321e+01         -inf  1.00779e+05 -2.46563e+01  6.33180e+00
1.879295926e+01 -2.5010747e+01         -inf  1.00779e+05 -2.50107e+01  6.31968e+00
1.886813110e+01 -2.5376936e+01         -inf  1.00779e+05 -2.53769e+01  6.22124e+00
1.894360362e+01 -2.5664455e+01         -inf  1.00779e+05 -2.56645e+01  6.34998e+00
1.901937804e+01 -2.6026396e+01         -inf  1.00779e+05 -2.60264e+01  6.27248e+00
1.909545555e+01 -2.6385215e+01         -inf  1.00779e+05 -2.63852e+01  6.22566e+00
1.917183737e+01 -2.6707448e+01         -inf  1.00779e+05 -2.67074e+01  6.26090e+00
1.924852472e+01 -2.7065609e+01         -inf  1.00779e+05 -2.70656e+01  6.20610e+00
1.932551882e+01 -2.7405435e+01         -inf  1.00779e+05 -2.74054e+01  6.23249e+00
1.940282089e+01 -2.7755898e+01         -inf  1.00779e+05 -2.77559e+01  6.22054e+00
1.948043218e+01 -2.8104773e+01         -inf  1.00779e+05 -2.81048e+01  6.22030e+00
1.955835391e+01 -2.8454245e+01         -inf  1.00779e+05 -2.84542e+01  6.23542e+00
1.963658732e+01 -2.8809068e+01         -inf  1.00779e+05 -2.88091e+01  6.25488e+00
1.971513367e+01 -2.9165760e+01         -inf  1.00779e+05 -2.91658e+01  6.25911e+00
1.979399421e+01 -2.9526341e+01         -inf  1.00779e+05 -2.95263e+01  6.26386e+00
1.987317018e+01 -2.9888671e+01         -inf  1.00779e+05 -2.98887e+01  6.27728e+00
1.995266286e+01 -3.0253430e+01         -inf  1.00779e+05 -3.02534e+01  6.29117e+00
