# WARNING | GENERATOR | Too many electrons per pixel (up to 9.04e+13) detected in the 1.54-19.95 um spectral range. Reduce exposure time per frame to less than 0.000 seconds.
# ------------------------------------------------------------------------
# Radiance spectrum
# NASA-GSFC Planetary Spectrum Generator (PSG) (Villanueva et al. 2018, 2022)
# Synthesized on Tue Jul 14 13:01:48 2026
# Doppler velocities [km/s] (vobs,vrot+vorb,vwidth,vrfl,vstr): 47.10000,-0.00000,0.03000,0.00000,-0.00000
# ------------------------------------------------------------------------
# Spectra synthesized with the Planetary and Universal Model of Atmospheric Scattering (PUMAS, Villanueva et al. 2018, 2022)
# Single scattering radiative transfer method
# Radiative transfer took 3.123 seconds
# ------------------------------------------------------------------------
# Spectral unit: Wavelength [um]
# Radiance unit: Contrast [transit atmospheric thickness, km]
# Wave/freq Total Noise Stellar Proxima-Centauri-b Transit
2.000000000e-01  4.6478689e+01         -inf  1.00779e+05  4.64787e+01  4.64787e+01
2.008000000e-01  4.6386105e+01         -inf  1.00779e+05  4.63861e+01  4.63861e+01
2.016032000e-01  4.6353748e+01         -inf  1.00779e+05  4.63537e+01  4.63537e+01
2.024096128e-01  4.6337394e+01         -inf  1.00779e+05  4.63374e+01  4.63374e+01
2.032192513e-01  4.6327370e+01         -inf  1.00779e+05  4.63274e+01  4.63274e+01
2.040321283e-01  4.6359903e+01         -inf  1.00779e+05  4.63599e+01  4.63599e+01
2.048482568e-01  4.6395337e+01         -inf  1.00779e+05  4.63953e+01  4.63953e+01
2.056676498e-01  4.6474557e+01         -inf  1.00779e+05  4.64746e+01  4.64746e+01
2.064903204e-01  4.6579361e+01         -inf  1.00779e+05  4.65794e+01  4.65794e+01
2.073162817e-01  4.6679680e+01         -inf  1.00779e+05  4.66797e+01  4.66797e+01
2.081455468e-01  4.6792307e+01         -inf  1.00779e+05  4.67923e+01  4.67923e+01
2.089781290e-01  4.6898249e+01         -inf  1.00779e+05  4.68982e+01  4.68982e+01
2.098140415e-01  4.7041203e+01         -inf  1.00779e+05  4.70412e+01  4.70412e+01
2.106532977e-01  4.7227496e+01         -inf  1.00779e+05  4.72275e+01  4.72275e+01
2.114959109e-01  4.7396640e+01         -inf  1.00779e+05  4.73966e+01  4.73966e+01
2.123418945e-01  4.7695357e+01         -inf  1.00779e+05  4.76954e+01  4.76954e+01
2.131912621e-01  4.8037045e+01         -inf  1.00779e+05  4.80370e+01  4.80370e+01
2.140440271e-01  4.8138749e+01         -inf  1.00779e+05  4.81387e+01  4.81387e+01
2.149002032e-01  4.8345930e+01         -inf  1.00779e+05  4.83459e+01  4.83459e+01
2.157598041e-01  4.8559345e+01         -inf  1.00779e+05  4.85593e+01  4.85593e+01
2.166228433e-01  4.8756757e+01         -inf  1.00779e+05  4.87568e+01  4.87568e+01
2.174893346e-01  4.8990373e+01         -inf  1.00779e+05  4.89904e+01  4.89904e+01
2.183592920e-01  4.9182059e+01         -inf  1.00779e+05  4.91821e+01  4.91821e+01
2.192327292e-01  4.9391053e+01         -inf  1.00779e+05  4.93911e+01  4.93911e+01
2.201096601e-01  4.9595558e+01         -inf  1.00779e+05  4.95956e+01  4.95956e+01
2.209900987e-01  4.9803836e+01         -inf  1.00779e+05  4.98038e+01  4.98038e+01
2.218740591e-01  5.0009558e+01         -inf  1.00779e+05  5.00096e+01  5.00096e+01
2.227615553e-01  5.0207278e+01         -inf  1.00779e+05  5.02073e+01  5.02073e+01
2.236526016e-01  5.0406221e+01         -inf  1.00779e+05  5.04062e+01  5.04062e+01
2.245472120e-01  5.0609640e+01         -inf  1.00779e+05  5.06096e+01  5.06096e+01
2.254454008e-01  5.0789505e+01         -inf  1.00779e+05  5.07895e+01  5.07895e+01
2.263471824e-01  5.0991418e+01         -inf  1.00779e+05  5.09914e+01  5.09914e+01
2.272525711e-01  5.1174347e+01         -inf  1.00779e+05  5.11743e+01  5.11743e+01
2.281615814e-01  5.1358853e+01         -inf  1.00779e+05  5.13589e+01  5.13589e+01
2.290742278e-01  5.1544320e+01         -inf  1.00779e+05  5.15443e+01  5.15443e+01
2.299905247e-01  5.1705094e+01         -inf  1.00779e+05  5.17051e+01  5.17051e+01
2.309104868e-01  5.1891166e+01         -inf  1.00779e+05  5.18912e+01  5.18912e+01
2.318341287e-01  5.2047891e+01         -inf  1.00779e+05  5.20479e+01  5.20479e+01
2.327614652e-01  5.2219546e+01         -inf  1.00779e+05  5.22195e+01  5.22195e+01
2.336925111e-01  5.2362735e+01         -inf  1.00779e+05  5.23627e+01  5.23627e+01
2.346272811e-01  5.2527091e+01         -inf  1.00779e+05  5.25271e+01  5.25271e+01
2.355657903e-01  5.2657537e+01         -inf  1.00779e+05  5.26575e+01  5.26575e+01
2.365080534e-01  5.2799926e+01         -inf  1.00779e+05  5.27999e+01  5.27999e+01
2.374540856e-01  5.2938798e+01         -inf  1.00779e+05  5.29388e+01  5.29388e+01
2.384039020e-01  5.3060364e+01         -inf  1.00779e+05  5.30604e+01  5.30604e+01
2.393575176e-01  5.3177184e+01         -inf  1.00779e+05  5.31772e+01  5.31772e+01
2.403149477e-01  5.3301556e+01         -inf  1.00779e+05  5.33016e+01  5.33016e+01
2.412762074e-01  5.3396590e+01         -inf  1.00779e+05  5.33966e+01  5.33966e+01
2.422413123e-01  5.3496541e+01         -inf  1.00779e+05  5.34965e+01  5.34965e+01
2.432102775e-01  5.3597282e+01         -inf  1.00779e+05  5.35973e+01  5.35973e+01
2.441831186e-01  5.3674307e+01         -inf  1.00779e+05  5.36743e+01  5.36743e+01
2.451598511e-01  5.3758533e+01         -inf  1.00779e+05  5.37585e+01  5.37585e+01
2.461404905e-01  5.3825895e+01         -inf  1.00779e+05  5.38259e+01  5.38259e+01
2.471250525e-01  5.3879732e+01         -inf  1.00779e+05  5.38797e+01  5.38797e+01
2.481135527e-01  5.3931812e+01         -inf  1.00779e+05  5.39318e+01  5.39318e+01
2.491060069e-01  5.3999085e+01         -inf  1.00779e+05  5.39991e+01  5.39991e+01
2.501024309e-01  5.4032545e+01         -inf  1.00779e+05  5.40325e+01  5.40325e+01
2.511028406e-01  5.4029647e+01         -inf  1.00779e+05  5.40296e+01  5.40296e+01
2.521072520e-01  5.4100871e+01         -inf  1.00779e+05  5.41009e+01  5.41009e+01
2.531156810e-01  5.4082867e+01         -inf  1.00779e+05  5.40829e+01  5.40829e+01
2.541281437e-01  5.4094899e+01         -inf  1.00779e+05  5.40949e+01  5.40949e+01
2.551446563e-01  5.4117908e+01         -inf  1.00779e+05  5.41179e+01  5.41179e+01
2.561652349e-01  5.4081462e+01         -inf  1.00779e+05  5.40815e+01  5.40815e+01
2.571898959e-01  5.4040010e+01         -inf  1.00779e+05  5.40400e+01  5.40400e+01
2.582186555e-01  5.4054062e+01         -inf  1.00779e+05  5.40541e+01  5.40541e+01
2.592515301e-01  5.4009975e+01         -inf  1.00779e+05  5.40100e+01  5.40100e+01
2.602885362e-01  5.3949464e+01         -inf  1.00779e+05  5.39495e+01  5.39495e+01
2.613296904e-01  5.3903005e+01         -inf  1.00779e+05  5.39030e+01  5.39030e+01
2.623750091e-01  5.3852506e+01         -inf  1.00779e+05  5.38525e+01  5.38525e+01
2.634245092e-01  5.3722963e+01         -inf  1.00779e+05  5.37230e+01  5.37230e+01
2.644782072e-01  5.3717693e+01         -inf  1.00779e+05  5.37177e+01  5.37177e+01
2.655361200e-01  5.3587796e+01         -inf  1.00779e+05  5.35878e+01  5.35878e+01
2.665982645e-01  5.3477746e+01         -inf  1.00779e+05  5.34777e+01  5.34777e+01
2.676646576e-01  5.3380956e+01         -inf  1.00779e+05  5.33810e+01  5.33810e+01
2.687353162e-01  5.3195805e+01         -inf  1.00779e+05  5.31958e+01  5.31958e+01
2.698102574e-01  5.3141787e+01         -inf  1.00779e+05  5.31418e+01  5.31418e+01
2.708894985e-01  5.2930014e+01         -inf  1.00779e+05  5.29300e+01  5.29300e+01
2.719730565e-01  5.2812487e+01         -inf  1.00779e+05  5.28125e+01  5.28125e+01
2.730609487e-01  5.2644624e+01         -inf  1.00779e+05  5.26446e+01  5.26446e+01
2.741531925e-01  5.2393920e+01         -inf  1.00779e+05  5.23939e+01  5.23939e+01
2.752498053e-01  5.2260922e+01         -inf  1.00779e+05  5.22609e+01  5.22609e+01
2.763508045e-01  5.2041127e+01         -inf  1.00779e+05  5.20411e+01  5.20411e+01
2.774562077e-01  5.1831427e+01         -inf  1.00779e+05  5.18314e+01  5.18314e+01
2.785660325e-01  5.1598175e+01         -inf  1.00779e+05  5.15982e+01  5.15982e+01
2.796802967e-01  5.1379060e+01         -inf  1.00779e+05  5.13791e+01  5.13791e+01
2.807990178e-01  5.1089122e+01         -inf  1.00779e+05  5.10891e+01  5.10891e+01
2.819222139e-01  5.0807869e+01         -inf  1.00779e+05  5.08079e+01  5.08079e+01
2.830499028e-01  5.0595845e+01         -inf  1.00779e+05  5.05958e+01  5.05958e+01
2.841821024e-01  5.0280916e+01         -inf  1.00779e+05  5.02809e+01  5.02809e+01
2.853188308e-01  4.9980031e+01         -inf  1.00779e+05  4.99800e+01  4.99800e+01
2.864601061e-01  4.9716834e+01         -inf  1.00779e+05  4.97168e+01  4.97168e+01
2.876059465e-01  4.9382089e+01         -inf  1.00779e+05  4.93821e+01  4.93821e+01
2.887563703e-01  4.9037570e+01         -inf  1.00779e+05  4.90376e+01  4.90376e+01
2.899113958e-01  4.8710261e+01         -inf  1.00779e+05  4.87103e+01  4.87103e+01
2.910710414e-01  4.8402185e+01         -inf  1.00779e+05  4.84022e+01  4.84022e+01
2.922353256e-01  4.8016388e+01         -inf  1.00779e+05  4.80164e+01  4.80164e+01
2.934042669e-01  4.7667402e+01         -inf  1.00779e+05  4.76674e+01  4.76674e+01
2.945778839e-01  4.7302486e+01         -inf  1.00779e+05  4.73025e+01  4.73025e+01
2.957561955e-01  4.6878380e+01         -inf  1.00779e+05  4.68784e+01  4.68784e+01
2.969392202e-01  4.6493636e+01         -inf  1.00779e+05  4.64936e+01  4.64936e+01
2.981269771e-01  4.6096120e+01         -inf  1.00779e+05  4.60961e+01  4.60961e+01
2.993194850e-01  4.5713617e+01         -inf  1.00779e+05  4.57136e+01  4.57136e+01
3.005167630e-01  4.5313504e+01         -inf  1.00779e+05  4.53135e+01  4.53135e+01
3.017188300e-01  4.4878100e+01         -inf  1.00779e+05  4.48781e+01  4.48781e+01
3.029257054e-01  4.4465006e+01         -inf  1.00779e+05  4.44650e+01  4.44650e+01
3.041374082e-01  4.4116359e+01         -inf  1.00779e+05  4.41164e+01  4.41164e+01
3.053539578e-01  4.3607251e+01         -inf  1.00779e+05  4.36073e+01  4.36073e+01
3.065753736e-01  4.3305004e+01         -inf  1.00779e+05  4.33050e+01  4.33050e+01
3.078016751e-01  4.2779558e+01         -inf  1.00779e+05  4.27796e+01  4.27796e+01
3.090328818e-01  4.2479297e+01         -inf  1.00779e+05  4.24793e+01  4.24793e+01
3.102690134e-01  4.1957391e+01         -inf  1.00779e+05  4.19574e+01  4.19574e+01
3.115100894e-01  4.1671434e+01         -inf  1.00779e+05  4.16714e+01  4.16714e+01
3.127561298e-01  4.1126058e+01         -inf  1.00779e+05  4.11261e+01  4.11261e+01
3.140071543e-01  4.0907384e+01         -inf  1.00779e+05  4.09074e+01  4.09074e+01
3.152631829e-01  4.0421788e+01         -inf  1.00779e+05  4.04218e+01  4.04218e+01
3.165242356e-01  3.9950501e+01         -inf  1.00779e+05  3.99505e+01  3.99505e+01
3.177903326e-01  3.9841542e+01         -inf  1.00779e+05  3.98415e+01  3.98415e+01
3.190614939e-01  3.9055095e+01         -inf  1.00779e+05  3.90551e+01  3.90551e+01
3.203377399e-01  3.9110110e+01         -inf  1.00779e+05  3.91101e+01  3.91101e+01
3.216190908e-01  3.8207282e+01         -inf  1.00779e+05  3.82073e+01  3.82073e+01
3.229055672e-01  3.8433969e+01         -inf  1.00779e+05  3.84340e+01  3.84340e+01
3.241971895e-01  3.6736575e+01         -inf  1.00779e+05  3.67366e+01  3.67366e+01
3.254939782e-01  3.7772109e+01         -inf  1.00779e+05  3.77721e+01  3.77721e+01
3.267959541e-01  3.5377126e+01         -inf  1.00779e+05  3.53771e+01  3.53771e+01
3.281031380e-01  3.6813182e+01         -inf  1.00779e+05  3.68132e+01  3.68132e+01
3.294155505e-01  3.3166285e+01         -inf  1.00779e+05  3.31663e+01  3.31663e+01
3.307332127e-01  3.5419489e+01         -inf  1.00779e+05  3.54195e+01  3.54195e+01
3.320561456e-01  3.3116947e+01         -inf  1.00779e+05  3.31169e+01  3.31169e+01
3.333843702e-01  3.3109370e+01         -inf  1.00779e+05  3.31094e+01  3.31094e+01
3.347179076e-01  3.1972112e+01         -inf  1.00779e+05  3.19721e+01  3.19721e+01
3.360567793e-01  3.0103273e+01         -inf  1.00779e+05  3.01033e+01  3.01033e+01
3.374010064e-01  3.2313742e+01         -inf  1.00779e+05  3.23137e+01  3.23137e+01
3.387506104e-01  2.9254209e+01         -inf  1.00779e+05  2.92542e+01  2.92542e+01
3.401056128e-01  3.0045626e+01         -inf  1.00779e+05  3.00456e+01  3.00456e+01
3.414660353e-01  2.8584805e+01         -inf  1.00779e+05  2.85848e+01  2.85848e+01
3.428318994e-01  2.8080041e+01         -inf  1.00779e+05  2.80800e+01  2.80800e+01
3.442032270e-01  2.9423819e+01         -inf  1.00779e+05  2.94238e+01  2.94238e+01
3.455800399e-01  2.7881210e+01         -inf  1.00779e+05  2.78812e+01  2.78812e+01
3.469623601e-01  2.7744802e+01         -inf  1.00779e+05  2.77448e+01  2.77448e+01
3.483502095e-01  2.7444114e+01         -inf  1.00779e+05  2.74441e+01  2.74441e+01
3.497436104e-01  2.7121894e+01         -inf  1.00779e+05  2.71219e+01  2.71219e+01
3.511425848e-01  2.7419688e+01         -inf  1.00779e+05  2.74197e+01  2.74197e+01
3.525471552e-01  2.7178508e+01         -inf  1.00779e+05  2.71785e+01  2.71785e+01
3.539573438e-01  2.6800011e+01         -inf  1.00779e+05  2.68000e+01  2.68000e+01
3.553731732e-01  2.6741189e+01         -inf  1.00779e+05  2.67412e+01  2.67412e+01
3.567946659e-01  2.6602200e+01         -inf  1.00779e+05  2.66022e+01  2.66022e+01
3.582218445e-01  2.6495222e+01         -inf  1.00779e+05  2.64952e+01  2.64952e+01
3.596547319e-01  2.6480229e+01         -inf  1.00779e+05  2.64802e+01  2.64802e+01
3.610933508e-01  2.6329064e+01         -inf  1.00779e+05  2.63291e+01  2.63291e+01
3.625377242e-01  2.6214849e+01         -inf  1.00779e+05  2.62148e+01  2.62148e+01
3.639878751e-01  2.6126740e+01         -inf  1.00779e+05  2.61267e+01  2.61267e+01
3.654438266e-01  2.6039688e+01         -inf  1.00779e+05  2.60397e+01  2.60397e+01
3.669056019e-01  2.5943726e+01         -inf  1.00779e+05  2.59437e+01  2.59437e+01
3.683732243e-01  2.5862581e+01         -inf  1.00779e+05  2.58626e+01  2.58626e+01
3.698467172e-01  2.5771291e+01         -inf  1.00779e+05  2.57713e+01  2.57713e+01
3.713261041e-01  2.5677442e+01         -inf  1.00779e+05  2.56774e+01  2.56774e+01
3.728114085e-01  2.5588884e+01         -inf  1.00779e+05  2.55889e+01  2.55889e+01
3.743026542e-01  2.5504030e+01         -inf  1.00779e+05  2.55040e+01  2.55040e+01
3.757998648e-01  2.5414147e+01         -inf  1.00779e+05  2.54141e+01  2.54141e+01
3.773030642e-01  2.5327438e+01         -inf  1.00779e+05  2.53274e+01  2.53274e+01
3.788122765e-01  2.5240551e+01         -inf  1.00779e+05  2.52406e+01  2.52406e+01
3.803275256e-01  2.5154193e+01         -inf  1.00779e+05  2.51542e+01  2.51542e+01
3.818488357e-01  2.5063422e+01         -inf  1.00779e+05  2.50634e+01  2.50634e+01
3.833762310e-01  2.4978914e+01         -inf  1.00779e+05  2.49789e+01  2.49789e+01
3.849097360e-01  2.4891670e+01         -inf  1.00779e+05  2.48917e+01  2.48917e+01
3.864493749e-01  2.4805660e+01         -inf  1.00779e+05  2.48057e+01  2.48057e+01
3.879951724e-01  2.4718590e+01         -inf  1.00779e+05  2.47186e+01  2.47186e+01
3.895471531e-01  2.4631078e+01         -inf  1.00779e+05  2.46311e+01  2.46311e+01
3.911053417e-01  2.4545858e+01         -inf  1.00779e+05  2.45459e+01  2.45459e+01
3.926697631e-01  2.4462490e+01         -inf  1.00779e+05  2.44625e+01  2.44625e+01
3.942404421e-01  2.4381503e+01         -inf  1.00779e+05  2.43815e+01  2.43815e+01
3.958174039e-01  2.4298926e+01         -inf  1.00779e+05  2.42989e+01  2.42989e+01
3.974006735e-01  2.4212114e+01         -inf  1.00779e+05  2.42121e+01  2.42121e+01
3.989902762e-01  2.4124154e+01         -inf  1.00779e+05  2.41242e+01  2.41242e+01
4.005862373e-01  2.4041751e+01         -inf  1.00779e+05  2.40418e+01  2.40418e+01
4.021885823e-01  2.3962258e+01         -inf  1.00779e+05  2.39623e+01  2.39623e+01
4.037973366e-01  2.3874736e+01         -inf  1.00779e+05  2.38747e+01  2.38747e+01
4.054125259e-01  2.3786065e+01         -inf  1.00779e+05  2.37861e+01  2.37861e+01
4.070341760e-01  2.3714687e+01         -inf  1.00779e+05  2.37147e+01  2.37147e+01
4.086623127e-01  2.3653719e+01         -inf  1.00779e+05  2.36537e+01  2.36537e+01
4.102969620e-01  2.3576075e+01         -inf  1.00779e+05  2.35761e+01  2.35761e+01
4.119381498e-01  2.3479194e+01         -inf  1.00779e+05  2.34792e+01  2.34792e+01
4.135859024e-01  2.3383371e+01         -inf  1.00779e+05  2.33834e+01  2.33834e+01
4.152402460e-01  2.3314636e+01         -inf  1.00779e+05  2.33146e+01  2.33146e+01
4.169012070e-01  2.3256223e+01         -inf  1.00779e+05  2.32562e+01  2.32562e+01
4.185688119e-01  2.3173632e+01         -inf  1.00779e+05  2.31736e+01  2.31736e+01
4.202430871e-01  2.3085482e+01         -inf  1.00779e+05  2.30855e+01  2.30855e+01
4.219240595e-01  2.3034038e+01         -inf  1.00779e+05  2.30340e+01  2.30340e+01
4.236117557e-01  2.3015949e+01         -inf  1.00779e+05  2.30159e+01  2.30159e+01
4.253062027e-01  2.2983211e+01         -inf  1.00779e+05  2.29832e+01  2.29832e+01
4.270074275e-01  2.2887822e+01         -inf  1.00779e+05  2.28878e+01  2.28878e+01
4.287154572e-01  2.2765694e+01         -inf  1.00779e+05  2.27657e+01  2.27657e+01
4.304303191e-01  2.2688569e+01         -inf  1.00779e+05  2.26886e+01  2.26886e+01
4.321520403e-01  2.2672508e+01         -inf  1.00779e+05  2.26725e+01  2.26725e+01
4.338806485e-01  2.2621767e+01         -inf  1.00779e+05  2.26218e+01  2.26218e+01
4.356161711e-01  2.2521254e+01         -inf  1.00779e+05  2.25213e+01  2.25213e+01
4.373586358e-01  2.2470777e+01         -inf  1.00779e+05  2.24708e+01  2.24708e+01
4.391080703e-01  2.2521784e+01         -inf  1.00779e+05  2.25218e+01  2.25218e+01
4.408645026e-01  2.2597146e+01         -inf  1.00779e+05  2.25971e+01  2.25971e+01
4.426279606e-01  2.2617090e+01         -inf  1.00779e+05  2.26171e+01  2.26171e+01
4.443984725e-01  2.2509076e+01         -inf  1.00779e+05  2.25091e+01  2.25091e+01
4.461760664e-01  2.2328608e+01         -inf  1.00779e+05  2.23286e+01  2.23286e+01
4.479607706e-01  2.2263921e+01         -inf  1.00779e+05  2.22639e+01  2.22639e+01
4.497526137e-01  2.2330020e+01         -inf  1.00779e+05  2.23300e+01  2.23300e+01
4.515516242e-01  2.2310781e+01         -inf  1.00779e+05  2.23108e+01  2.23108e+01
4.533578307e-01  2.2189878e+01         -inf  1.00779e+05  2.21899e+01  2.21899e+01
4.551712620e-01  2.2164991e+01         -inf  1.00779e+05  2.21650e+01  2.21650e+01
4.569919470e-01  2.2326931e+01         -inf  1.00779e+05  2.23269e+01  2.23269e+01
4.588199148e-01  2.2564142e+01         -inf  1.00779e+05  2.25641e+01  2.25641e+01
4.606551945e-01  2.2766753e+01         -inf  1.00779e+05  2.27668e+01  2.27668e+01
4.624978152e-01  2.2731014e+01         -inf  1.00779e+05  2.27310e+01  2.27310e+01
4.643478065e-01  2.2453039e+01         -inf  1.00779e+05  2.24530e+01  2.24530e+01
4.662051977e-01  2.2248741e+01         -inf  1.00779e+05  2.22487e+01  2.22487e+01
4.680700185e-01  2.2317224e+01         -inf  1.00779e+05  2.23172e+01  2.23172e+01
4.699422986e-01  2.2437948e+01         -inf  1.00779e+05  2.24379e+01  2.24379e+01
4.718220678e-01  2.2383676e+01         -inf  1.00779e+05  2.23837e+01  2.23837e+01
4.737093561e-01  2.2334962e+01         -inf  1.00779e+05  2.23350e+01  2.23350e+01
4.756041935e-01  2.2508370e+01         -inf  1.00779e+05  2.25084e+01  2.25084e+01
4.775066103e-01  2.2916854e+01         -inf  1.00779e+05  2.29169e+01  2.29169e+01
4.794166367e-01  2.3401636e+01         -inf  1.00779e+05  2.34016e+01  2.34016e+01
4.813343033e-01  2.3779536e+01         -inf  1.00779e+05  2.37795e+01  2.37795e+01
4.832596405e-01  2.3781301e+01         -inf  1.00779e+05  2.37813e+01  2.37813e+01
4.851926790e-01  2.3453342e+01         -inf  1.00779e+05  2.34533e+01  2.34533e+01
4.871334497e-01  2.3189339e+01         -inf  1.00779e+05  2.31893e+01  2.31893e+01
4.890819835e-01  2.3251723e+01         -inf  1.00779e+05  2.32517e+01  2.32517e+01
4.910383115e-01  2.3440371e+01         -inf  1.00779e+05  2.34404e+01  2.34404e+01
4.930024647e-01  2.3481400e+01         -inf  1.00779e+05  2.34814e+01  2.34814e+01
4.949744746e-01  2.3491724e+01         -inf  1.00779e+05  2.34917e+01  2.34917e+01
4.969543725e-01  2.3716363e+01         -inf  1.00779e+05  2.37164e+01  2.37164e+01
4.989421900e-01  2.4222436e+01         -inf  1.00779e+05  2.42224e+01  2.42224e+01
5.009379587e-01  2.4884877e+01         -inf  1.00779e+05  2.48849e+01  2.48849e+01
5.029417106e-01  2.5527758e+01         -inf  1.00779e+05  2.55278e+01  2.55278e+01
5.049534774e-01  2.5900243e+01         -inf  1.00779e+05  2.59002e+01  2.59002e+01
5.069732913e-01  2.5867873e+01         -inf  1.00779e+05  2.58679e+01  2.58679e+01
5.090011845e-01  2.5592942e+01         -inf  1.00779e+05  2.55929e+01  2.55929e+01
5.110371892e-01  2.5414941e+01         -inf  1.00779e+05  2.54149e+01  2.54149e+01
5.130813380e-01  2.5502972e+01         -inf  1.00779e+05  2.55030e+01  2.55030e+01
5.151336633e-01  2.5719427e+01         -inf  1.00779e+05  2.57194e+01  2.57194e+01
5.171941980e-01  2.5896097e+01         -inf  1.00779e+05  2.58961e+01  2.58961e+01
5.192629748e-01  2.6056269e+01         -inf  1.00779e+05  2.60563e+01  2.60563e+01
5.213400267e-01  2.6310102e+01         -inf  1.00779e+05  2.63101e+01  2.63101e+01
5.234253868e-01  2.6726990e+01         -inf  1.00779e+05  2.67270e+01  2.67270e+01
5.255190883e-01  2.7261401e+01         -inf  1.00779e+05  2.72614e+01  2.72614e+01
5.276211647e-01  2.7815872e+01         -inf  1.00779e+05  2.78159e+01  2.78159e+01
5.297316493e-01  2.8294824e+01         -inf  1.00779e+05  2.82948e+01  2.82948e+01
5.318505759e-01  2.8613900e+01         -inf  1.00779e+05  2.86139e+01  2.86139e+01
5.339779782e-01  2.8722077e+01         -inf  1.00779e+05  2.87221e+01  2.87221e+01
5.361138902e-01  2.8665564e+01         -inf  1.00779e+05  2.86656e+01  2.86656e+01
5.382583457e-01  2.8644757e+01         -inf  1.00779e+05  2.86448e+01  2.86448e+01
5.404113791e-01  2.8803892e+01         -inf  1.00779e+05  2.88039e+01  2.88039e+01
5.425730246e-01  2.9074192e+01         -inf  1.00779e+05  2.90742e+01  2.90742e+01
5.447433167e-01  2.9315918e+01         -inf  1.00779e+05  2.93159e+01  2.93159e+01
5.469222900e-01  2.9470805e+01         -inf  1.00779e+05  2.94708e+01  2.94708e+01
5.491099791e-01  2.9575177e+01         -inf  1.00779e+05  2.95752e+01  2.95752e+01
5.513064191e-01  2.9680606e+01         -inf  1.00779e+05  2.96806e+01  2.96806e+01
5.535116447e-01  2.9816003e+01         -inf  1.00779e+05  2.98160e+01  2.98160e+01
5.557256913e-01  3.0015128e+01         -inf  1.00779e+05  3.00151e+01  3.00151e+01
5.579485941e-01  3.0313759e+01         -inf  1.00779e+05  3.03138e+01  3.03138e+01
5.601803884e-01  3.0690554e+01         -inf  1.00779e+05  3.06906e+01  3.06906e+01
5.624211100e-01  3.1051816e+01         -inf  1.00779e+05  3.10518e+01  3.10518e+01
5.646707944e-01  3.1326694e+01         -inf  1.00779e+05  3.13267e+01  3.13267e+01
5.669294776e-01  3.1527975e+01         -inf  1.00779e+05  3.15280e+01  3.15280e+01
5.691971955e-01  3.1706779e+01         -inf  1.00779e+05  3.17068e+01  3.17068e+01
5.714739843e-01  3.1876502e+01         -inf  1.00779e+05  3.18765e+01  3.18765e+01
5.737598803e-01  3.1963829e+01         -inf  1.00779e+05  3.19638e+01  3.19638e+01
5.760549198e-01  3.1911485e+01         -inf  1.00779e+05  3.19115e+01  3.19115e+01
5.783591395e-01  3.1751633e+01         -inf  1.00779e+05  3.17516e+01  3.17516e+01
5.806725760e-01  3.1551681e+01         -inf  1.00779e+05  3.15517e+01  3.15517e+01
5.829952663e-01  3.1371022e+01         -inf  1.00779e+05  3.13710e+01  3.13710e+01
5.853272474e-01  3.1244558e+01         -inf  1.00779e+05  3.12446e+01  3.12446e+01
5.876685564e-01  3.1187185e+01         -inf  1.00779e+05  3.11872e+01  3.11872e+01
5.900192306e-01  3.1214770e+01         -inf  1.00779e+05  3.12148e+01  3.12148e+01
5.923793075e-01  3.1367937e+01         -inf  1.00779e+05  3.13679e+01  3.13679e+01
5.947488247e-01  3.1650644e+01         -inf  1.00779e+05  3.16506e+01  3.16506e+01
5.971278200e-01  3.1962859e+01         -inf  1.00779e+05  3.19629e+01  3.19629e+01
5.995163313e-01  3.2204655e+01         -inf  1.00779e+05  3.22047e+01  3.22047e+01
6.019143966e-01  3.2298233e+01         -inf  1.00779e+05  3.22982e+01  3.22982e+01
6.043220542e-01  3.2225098e+01         -inf  1.00779e+05  3.22251e+01  3.22251e+01
6.067393425e-01  3.2006919e+01         -inf  1.00779e+05  3.20069e+01  3.20069e+01
6.091662998e-01  3.1680342e+01         -inf  1.00779e+05  3.16803e+01  3.16803e+01
6.116029650e-01  3.1305983e+01         -inf  1.00779e+05  3.13060e+01  3.13060e+01
6.140493769e-01  3.0931956e+01         -inf  1.00779e+05  3.09320e+01  3.09320e+01
6.165055744e-01  3.0581440e+01         -inf  1.00779e+05  3.05814e+01  3.05814e+01
6.189715967e-01  3.0266250e+01         -inf  1.00779e+05  3.02663e+01  3.02663e+01
6.214474831e-01  2.9988508e+01         -inf  1.00779e+05  2.99885e+01  2.99885e+01
6.239332730e-01  2.9723711e+01         -inf  1.00779e+05  2.97237e+01  2.97237e+01
6.264290061e-01  2.9438717e+01         -inf  1.00779e+05  2.94387e+01  2.94387e+01
6.289347221e-01  2.9125147e+01         -inf  1.00779e+05  2.91251e+01  2.91251e+01
6.314504610e-01  2.8770831e+01         -inf  1.00779e+05  2.87708e+01  2.87708e+01
6.339762629e-01  2.8403183e+01         -inf  1.00779e+05  2.84032e+01  2.84032e+01
6.365121679e-01  2.7979524e+01         -inf  1.00779e+05  2.79795e+01  2.79795e+01
6.390582166e-01  2.7523652e+01         -inf  1.00779e+05  2.75237e+01  2.75237e+01
6.416144494e-01  2.7046231e+01         -inf  1.00779e+05  2.70462e+01  2.70462e+01
6.441809072e-01  2.6613400e+01         -inf  1.00779e+05  2.66134e+01  2.66134e+01
6.467576309e-01  2.6198268e+01         -inf  1.00779e+05  2.61983e+01  2.61983e+01
6.493446614e-01  2.5793254e+01         -inf  1.00779e+05  2.57933e+01  2.57933e+01
6.519420400e-01  2.5411236e+01         -inf  1.00779e+05  2.54112e+01  2.54112e+01
6.545498082e-01  2.4997968e+01         -inf  1.00779e+05  2.49980e+01  2.49980e+01
6.571680074e-01  2.4567560e+01         -inf  1.00779e+05  2.45676e+01  2.45676e+01
6.597966795e-01  2.4147181e+01         -inf  1.00779e+05  2.41472e+01  2.41472e+01
6.624358662e-01  2.3737892e+01         -inf  1.00779e+05  2.37379e+01  2.37379e+01
6.650856096e-01  2.3282076e+01         -inf  1.00779e+05  2.32821e+01  2.32821e+01
6.677459521e-01  2.2770106e+01         -inf  1.00779e+05  2.27701e+01  2.27701e+01
6.704169359e-01  2.2252801e+01         -inf  1.00779e+05  2.22528e+01  2.22528e+01
6.730986036e-01  2.1750811e+01         -inf  1.00779e+05  2.17508e+01  2.17508e+01
6.757909981e-01  2.1278793e+01         -inf  1.00779e+05  2.12788e+01  2.12788e+01
6.784941620e-01  2.0822276e+01         -inf  1.00779e+05  2.08223e+01  2.08223e+01
6.812081387e-01  2.0434494e+01         -inf  1.00779e+05  2.04345e+01  2.04345e+01
6.839329712e-01  2.0129231e+01         -inf  1.00779e+05  2.01292e+01  2.01292e+01
6.866687031e-01  1.9931570e+01         -inf  1.00779e+05  1.99316e+01  1.99316e+01
6.894153779e-01  1.9495353e+01         -inf  1.00779e+05  1.94954e+01  1.94954e+01
6.921730395e-01  1.8854350e+01         -inf  1.00779e+05  1.88544e+01  1.88544e+01
6.949417316e-01  1.8331701e+01         -inf  1.00779e+05  1.83317e+01  1.83317e+01
6.977214985e-01  1.7868796e+01         -inf  1.00779e+05  1.78688e+01  1.78688e+01
7.005123845e-01  1.7457346e+01         -inf  1.00779e+05  1.74573e+01  1.74573e+01
7.033144341e-01  1.7128538e+01         -inf  1.00779e+05  1.71285e+01  1.71285e+01
7.061276918e-01  1.6862866e+01         -inf  1.00779e+05  1.68629e+01  1.68629e+01
7.089522026e-01  1.6629687e+01         -inf  1.00779e+05  1.66297e+01  1.66297e+01
7.117880114e-01  1.6437220e+01         -inf  1.00779e+05  1.64372e+01  1.64372e+01
7.146351634e-01  1.6333608e+01         -inf  1.00779e+05  1.63336e+01  1.63336e+01
7.174937041e-01  1.6132653e+01         -inf  1.00779e+05  1.61327e+01  1.61327e+01
7.203636789e-01  1.5695475e+01         -inf  1.00779e+05  1.56955e+01  1.56955e+01
7.232451336e-01  1.5285654e+01         -inf  1.00779e+05  1.52857e+01  1.52857e+01
7.261381142e-01  1.4994904e+01         -inf  1.00779e+05  1.49949e+01  1.49949e+01
7.290426666e-01  1.4668976e+01         -inf  1.00779e+05  1.46690e+01  1.46690e+01
7.319588373e-01  1.4400376e+01         -inf  1.00779e+05  1.44004e+01  1.44004e+01
7.348866726e-01  1.4249195e+01         -inf  1.00779e+05  1.42492e+01  1.42492e+01
7.378262193e-01  1.4148553e+01         -inf  1.00779e+05  1.41486e+01  1.41486e+01
7.407775242e-01  1.4089528e+01         -inf  1.00779e+05  1.40895e+01  1.40895e+01
7.437406343e-01  1.4136271e+01         -inf  1.00779e+05  1.41363e+01  1.41363e+01
7.467155968e-01  1.4214823e+01         -inf  1.00779e+05  1.42148e+01  1.42148e+01
7.497024592e-01  1.4034567e+01         -inf  1.00779e+05  1.40346e+01  1.40346e+01
7.527012690e-01  1.3530972e+01         -inf  1.00779e+05  1.35310e+01  1.35310e+01
7.557120741e-01  1.3070730e+01         -inf  1.00779e+05  1.30707e+01  1.30707e+01
7.587349224e-01  1.3137188e+01         -inf  1.00779e+05  1.31372e+01  1.31372e+01
7.617698621e-01  1.4302476e+01         -inf  1.00779e+05  1.43025e+01  1.43025e+01
7.648169416e-01  1.3358739e+01         -inf  1.00779e+05  1.33587e+01  1.33587e+01
7.678762093e-01  1.2500951e+01         -inf  1.00779e+05  1.25010e+01  1.25010e+01
7.709477142e-01  1.2340003e+01         -inf  1.00779e+05  1.23400e+01  1.23400e+01
7.740315050e-01  1.2467453e+01         -inf  1.00779e+05  1.24675e+01  1.24675e+01
7.771276310e-01  1.2702284e+01         -inf  1.00779e+05  1.27023e+01  1.27023e+01
7.802361416e-01  1.2726058e+01         -inf  1.00779e+05  1.27261e+01  1.27261e+01
7.833570861e-01  1.2377744e+01         -inf  1.00779e+05  1.23777e+01  1.23777e+01
7.864905145e-01  1.1949948e+01         -inf  1.00779e+05  1.19499e+01  1.19499e+01
7.896364765e-01  1.1651270e+01         -inf  1.00779e+05  1.16513e+01  1.16513e+01
7.927950224e-01  1.1407297e+01         -inf  1.00779e+05  1.14073e+01  1.14073e+01
7.959662025e-01  1.1199736e+01         -inf  1.00779e+05  1.11997e+01  1.11997e+01
7.991500673e-01  1.1066956e+01         -inf  1.00779e+05  1.10670e+01  1.10670e+01
8.023466676e-01  1.0967680e+01         -inf  1.00779e+05  1.09677e+01  1.09677e+01
8.055560543e-01  1.0937534e+01         -inf  1.00779e+05  1.09375e+01  1.09375e+01
8.087782785e-01  1.1054492e+01         -inf  1.00779e+05  1.10545e+01  1.10545e+01
8.120133916e-01  1.1239869e+01         -inf  1.00779e+05  1.12399e+01  1.12399e+01
8.152614452e-01  1.1395098e+01         -inf  1.00779e+05  1.13951e+01  1.13951e+01
8.185224910e-01  1.1337462e+01         -inf  1.00779e+05  1.13375e+01  1.13375e+01
8.217965809e-01  1.0987836e+01         -inf  1.00779e+05  1.09878e+01  1.09878e+01
8.250837672e-01  1.0534841e+01         -inf  1.00779e+05  1.05348e+01  1.05348e+01
8.283841023e-01  1.0200997e+01         -inf  1.00779e+05  1.02010e+01  1.02010e+01
8.316976387e-01  9.9877390e+00         -inf  1.00779e+05  9.98774e+00  9.98774e+00
8.350244293e-01  9.8551120e+00         -inf  1.00779e+05  9.85511e+00  9.85511e+00
8.383645270e-01  9.7880902e+00         -inf  1.00779e+05  9.78809e+00  9.78809e+00
8.417179851e-01  9.7559053e+00         -inf  1.00779e+05  9.75591e+00  9.75591e+00
8.450848570e-01  9.7797787e+00         -inf  1.00779e+05  9.77978e+00  9.77978e+00
8.484651965e-01  9.9009129e+00         -inf  1.00779e+05  9.90091e+00  9.90091e+00
8.518590573e-01  1.0159619e+01         -inf  1.00779e+05  1.01596e+01  1.01596e+01
8.552664935e-01  1.0171644e+01         -inf  1.00779e+05  1.01716e+01  1.01716e+01
8.586875595e-01  9.9203648e+00         -inf  1.00779e+05  9.92036e+00  9.92036e+00
8.621223097e-01  9.6154041e+00         -inf  1.00779e+05  9.61540e+00  9.61540e+00
8.655707989e-01  9.3206865e+00         -inf  1.00779e+05  9.32069e+00  9.32069e+00
8.690330821e-01  9.1356080e+00         -inf  1.00779e+05  9.13561e+00  9.13561e+00
8.725092145e-01  9.0002224e+00         -inf  1.00779e+05  9.00022e+00  9.00022e+00
8.759992513e-01  8.9214304e+00         -inf  1.00779e+05  8.92143e+00  8.92143e+00
8.795032483e-01  8.8915404e+00         -inf  1.00779e+05  8.89154e+00  8.89154e+00
8.830212613e-01  8.9176278e+00         -inf  1.00779e+05  8.91763e+00  8.91763e+00
8.865533464e-01  8.9303620e+00         -inf  1.00779e+05  8.93036e+00  8.93036e+00
8.900995597e-01  8.9013564e+00         -inf  1.00779e+05  8.90136e+00  8.90136e+00
8.936599580e-01  8.8404619e+00         -inf  1.00779e+05  8.84046e+00  8.84046e+00
8.972345978e-01  8.9132062e+00         -inf  1.00779e+05  8.91321e+00  8.91321e+00
9.008235362e-01  8.8517459e+00         -inf  1.00779e+05  8.85175e+00  8.85175e+00
9.044268304e-01  8.6608086e+00         -inf  1.00779e+05  8.66081e+00  8.66081e+00
9.080445377e-01  8.4892511e+00         -inf  1.00779e+05  8.48925e+00  8.48925e+00
9.116767158e-01  8.3648803e+00         -inf  1.00779e+05  8.36488e+00  8.36488e+00
9.153234227e-01  8.2786782e+00         -inf  1.00779e+05  8.27868e+00  8.27868e+00
9.189847164e-01  8.2142933e+00         -inf  1.00779e+05  8.21429e+00  8.21429e+00
9.226606552e-01  8.1723721e+00         -inf  1.00779e+05  8.17237e+00  8.17237e+00
9.263512979e-01  8.1422134e+00         -inf  1.00779e+05  8.14221e+00  8.14221e+00
9.300567031e-01  8.1269129e+00         -inf  1.00779e+05  8.12691e+00  8.12691e+00
9.337769299e-01  8.1363762e+00         -inf  1.00779e+05  8.13638e+00  8.13638e+00
9.375120376e-01  8.1753437e+00         -inf  1.00779e+05  8.17534e+00  8.17534e+00
9.412620857e-01  8.2595750e+00         -inf  1.00779e+05  8.25958e+00  8.25958e+00
9.450271341e-01  8.3000276e+00         -inf  1.00779e+05  8.30003e+00  8.30003e+00
9.488072426e-01  8.1092155e+00         -inf  1.00779e+05  8.10922e+00  8.10922e+00
9.526024716e-01  7.9284452e+00         -inf  1.00779e+05  7.92845e+00  7.92845e+00
9.564128815e-01  7.8368774e+00         -inf  1.00779e+05  7.83688e+00  7.83688e+00
9.602385330e-01  7.7542681e+00         -inf  1.00779e+05  7.75427e+00  7.75427e+00
9.640794871e-01  7.6997135e+00         -inf  1.00779e+05  7.69971e+00  7.69971e+00
9.679358051e-01  7.6433895e+00         -inf  1.00779e+05  7.64339e+00  7.64339e+00
9.718075483e-01  7.5883740e+00         -inf  1.00779e+05  7.58837e+00  7.58837e+00
9.756947785e-01  7.5404607e+00         -inf  1.00779e+05  7.54046e+00  7.54046e+00
9.795975576e-01  7.4994019e+00         -inf  1.00779e+05  7.49940e+00  7.49940e+00
9.835159478e-01  7.4677010e+00         -inf  1.00779e+05  7.46770e+00  7.46770e+00
9.874500116e-01  7.4805353e+00         -inf  1.00779e+05  7.48054e+00  7.48054e+00
9.913998117e-01  7.6294588e+00         -inf  1.00779e+05  7.62946e+00  7.62946e+00
9.953654109e-01  7.5248757e+00         -inf  1.00779e+05  7.52488e+00  7.52488e+00
9.993468726e-01  7.3749238e+00         -inf  1.00779e+05  7.37492e+00  7.37492e+00
1.003344260e+00  7.3040464e+00         -inf  1.00779e+05  7.30405e+00  7.30405e+00
1.007357637e+00  7.2559805e+00         -inf  1.00779e+05  7.25598e+00  7.25598e+00
1.011387068e+00  7.2170871e+00         -inf  1.00779e+05  7.21709e+00  7.21709e+00
1.015432616e+00  7.1806967e+00         -inf  1.00779e+05  7.18070e+00  7.18070e+00
1.019494346e+00  7.1441204e+00         -inf  1.00779e+05  7.14412e+00  7.14412e+00
1.023572324e+00  7.1087027e+00         -inf  1.00779e+05  7.10870e+00  7.10870e+00
1.027666613e+00  7.0753811e+00         -inf  1.00779e+05  7.07538e+00  7.07538e+00
1.031777280e+00  7.0423690e+00         -inf  1.00779e+05  7.04237e+00  7.04237e+00
1.035904389e+00  7.0233330e+00         -inf  1.00779e+05  7.02333e+00  7.02333e+00
1.040048006e+00  7.0104979e+00         -inf  1.00779e+05  7.01050e+00  7.01050e+00
1.044208198e+00  6.9768397e+00         -inf  1.00779e+05  6.97684e+00  6.97684e+00
1.048385031e+00  7.0037220e+00         -inf  1.00779e+05  7.00372e+00  7.00372e+00
1.052578571e+00  6.9793077e+00         -inf  1.00779e+05  6.97931e+00  6.97931e+00
1.056788885e+00  6.8711581e+00         -inf  1.00779e+05  6.87116e+00  6.87116e+00
1.061016041e+00  6.8351550e+00         -inf  1.00779e+05  6.83515e+00  6.83515e+00
1.065260105e+00  6.8208333e+00         -inf  1.00779e+05  6.82083e+00  6.82083e+00
1.069521146e+00  6.7786643e+00         -inf  1.00779e+05  6.77866e+00  6.77866e+00
1.073799230e+00  6.7467653e+00         -inf  1.00779e+05  6.74677e+00  6.74677e+00
1.078094427e+00  6.7186700e+00         -inf  1.00779e+05  6.71867e+00  6.71867e+00
1.082406805e+00  6.6913264e+00         -inf  1.00779e+05  6.69133e+00  6.69133e+00
1.086736432e+00  6.6653805e+00         -inf  1.00779e+05  6.66538e+00  6.66538e+00
1.091083378e+00  6.6417345e+00         -inf  1.00779e+05  6.64173e+00  6.64173e+00
1.095447711e+00  6.6192827e+00         -inf  1.00779e+05  6.61928e+00  6.61928e+00
1.099829502e+00  6.5961762e+00         -inf  1.00779e+05  6.59618e+00  6.59618e+00
1.104228820e+00  6.5729722e+00         -inf  1.00779e+05  6.57297e+00  6.57297e+00
1.108645735e+00  6.5577654e+00         -inf  1.00779e+05  6.55777e+00  6.55777e+00
1.113080318e+00  6.5726007e+00         -inf  1.00779e+05  6.57260e+00  6.57260e+00
1.117532640e+00  6.6222374e+00         -inf  1.00779e+05  6.62224e+00  6.62224e+00
1.122002770e+00  6.7350530e+00         -inf  1.00779e+05  6.73505e+00  6.73505e+00
1.126490781e+00  6.8371719e+00         -inf  1.00779e+05  6.83717e+00  6.83717e+00
1.130996744e+00  6.8106073e+00         -inf  1.00779e+05  6.81061e+00  6.81061e+00
1.135520731e+00  6.7948348e+00         -inf  1.00779e+05  6.79483e+00  6.79483e+00
1.140062814e+00  6.6501296e+00         -inf  1.00779e+05  6.65013e+00  6.65013e+00
1.144623065e+00  6.6151869e+00         -inf  1.00779e+05  6.61519e+00  6.61519e+00
1.149201558e+00  6.6217243e+00         -inf  1.00779e+05  6.62172e+00  6.62172e+00
1.153798364e+00  6.6750937e+00         -inf  1.00779e+05  6.67509e+00  6.67509e+00
1.158413557e+00  6.5577034e+00         -inf  1.00779e+05  6.55770e+00  6.55770e+00
1.163047212e+00  6.6296505e+00         -inf  1.00779e+05  6.62965e+00  6.62965e+00
1.167699401e+00  6.4937793e+00         -inf  1.00779e+05  6.49378e+00  6.49378e+00
1.172370198e+00  6.4003600e+00         -inf  1.00779e+05  6.40036e+00  6.40036e+00
1.177059679e+00  6.3215984e+00         -inf  1.00779e+05  6.32160e+00  6.32160e+00
1.181767918e+00  6.2758255e+00         -inf  1.00779e+05  6.27583e+00  6.27583e+00
1.186494989e+00  6.2427740e+00         -inf  1.00779e+05  6.24277e+00  6.24277e+00
1.191240969e+00  6.2083068e+00         -inf  1.00779e+05  6.20831e+00  6.20831e+00
1.196005933e+00  6.1596135e+00         -inf  1.00779e+05  6.15961e+00  6.15961e+00
1.200789957e+00  6.2956245e+00         -inf  1.00779e+05  6.29562e+00  6.29562e+00
1.205593117e+00  7.2061895e+00         -inf  1.00779e+05  7.20619e+00  7.20619e+00
1.210415489e+00  6.5484678e+00         -inf  1.00779e+05  6.54847e+00  6.54847e+00
1.215257151e+00  6.1789175e+00         -inf  1.00779e+05  6.17892e+00  6.17892e+00
1.220118180e+00  6.9319913e+00         -inf  1.00779e+05  6.93199e+00  6.93199e+00
1.224998652e+00  6.4104451e+00         -inf  1.00779e+05  6.41045e+00  6.41045e+00
1.229898647e+00  6.0582449e+00         -inf  1.00779e+05  6.05824e+00  6.05824e+00
1.234818242e+00  6.0272890e+00         -inf  1.00779e+05  6.02729e+00  6.02729e+00
1.239757515e+00  5.9826818e+00         -inf  1.00779e+05  5.98268e+00  5.98268e+00
1.244716545e+00  5.9487706e+00         -inf  1.00779e+05  5.94877e+00  5.94877e+00
1.249695411e+00  5.9430818e+00         -inf  1.00779e+05  5.94308e+00  5.94308e+00
1.254694192e+00  5.9575028e+00         -inf  1.00779e+05  5.95750e+00  5.95750e+00
1.259712969e+00  6.0317656e+00         -inf  1.00779e+05  6.03177e+00  6.03177e+00
1.264751821e+00  6.2570969e+00         -inf  1.00779e+05  6.25710e+00  6.25710e+00
1.269810828e+00  6.4450793e+00         -inf  1.00779e+05  6.44508e+00  6.44508e+00
1.274890072e+00  5.9972177e+00         -inf  1.00779e+05  5.99722e+00  5.99722e+00
1.279989632e+00  5.8780457e+00         -inf  1.00779e+05  5.87805e+00  5.87805e+00
1.285109591e+00  5.8346938e+00         -inf  1.00779e+05  5.83469e+00  5.83469e+00
1.290250029e+00  5.9058881e+00         -inf  1.00779e+05  5.90589e+00  5.90589e+00
1.295411029e+00  5.8856190e+00         -inf  1.00779e+05  5.88562e+00  5.88562e+00
1.300592673e+00  5.7844761e+00         -inf  1.00779e+05  5.78448e+00  5.78448e+00
1.305795044e+00  5.7722843e+00         -inf  1.00779e+05  5.77228e+00  5.77228e+00
1.311018224e+00  5.8384717e+00         -inf  1.00779e+05  5.83847e+00  5.83847e+00
1.316262297e+00  6.1586846e+00         -inf  1.00779e+05  6.15868e+00  6.15868e+00
1.321527346e+00  6.0588995e+00         -inf  1.00779e+05  6.05890e+00  6.05890e+00
1.326813455e+00  5.8617313e+00         -inf  1.00779e+05  5.86173e+00  5.86173e+00
1.332120709e+00  6.2193653e+00         -inf  1.00779e+05  6.21937e+00  6.21937e+00
1.337449192e+00  6.0804775e+00         -inf  1.00779e+05  6.08048e+00  6.08048e+00
1.342798989e+00  6.2555310e+00         -inf  1.00779e+05  6.25553e+00  6.25553e+00
1.348170185e+00  6.3306751e+00         -inf  1.00779e+05  6.33068e+00  6.33068e+00
1.353562866e+00  6.6837276e+00         -inf  1.00779e+05  6.68373e+00  6.68373e+00
1.358977117e+00  6.9683389e+00         -inf  1.00779e+05  6.96834e+00  6.96834e+00
1.364413026e+00  7.0630326e+00         -inf  1.00779e+05  7.06303e+00  7.06303e+00
1.369870678e+00  7.0253056e+00         -inf  1.00779e+05  7.02531e+00  7.02531e+00
1.375350160e+00  7.0044651e+00         -inf  1.00779e+05  7.00447e+00  7.00447e+00
1.380851561e+00  7.0088968e+00         -inf  1.00779e+05  7.00890e+00  7.00890e+00
1.386374967e+00  6.9972734e+00         -inf  1.00779e+05  6.99727e+00  6.99727e+00
1.391920467e+00  6.9566182e+00         -inf  1.00779e+05  6.95662e+00  6.95662e+00
1.397488149e+00  6.9193683e+00         -inf  1.00779e+05  6.91937e+00  6.91937e+00
1.403078102e+00  6.8568099e+00         -inf  1.00779e+05  6.85681e+00  6.85681e+00
1.408690414e+00  6.6906099e+00         -inf  1.00779e+05  6.69061e+00  6.69061e+00
1.414325176e+00  6.3069748e+00         -inf  1.00779e+05  6.30697e+00  6.30697e+00
1.419982476e+00  6.0257407e+00         -inf  1.00779e+05  6.02574e+00  6.02574e+00
1.425662406e+00  5.9202029e+00         -inf  1.00779e+05  5.92020e+00  5.92020e+00
1.431365056e+00  1.0431135e+01         -inf  1.00779e+05  1.04311e+01  1.04311e+01
1.437090516e+00  1.0175357e+01         -inf  1.00779e+05  1.01754e+01  1.01754e+01
1.442838878e+00  7.9700673e+00         -inf  1.00779e+05  7.97007e+00  7.97007e+00
1.448610234e+00  6.3792786e+00         -inf  1.00779e+05  6.37928e+00  6.37928e+00
1.454404675e+00  5.8101778e+00         -inf  1.00779e+05  5.81018e+00  5.81018e+00
1.460222293e+00  5.7086090e+00         -inf  1.00779e+05  5.70861e+00  5.70861e+00
1.466063182e+00  5.6970718e+00         -inf  1.00779e+05  5.69707e+00  5.69707e+00
1.471927435e+00  6.1527483e+00         -inf  1.00779e+05  6.15275e+00  6.15275e+00
1.477815145e+00  6.0117712e+00         -inf  1.00779e+05  6.01177e+00  6.01177e+00
1.483726405e+00  5.6248313e+00         -inf  1.00779e+05  5.62483e+00  5.62483e+00
1.489661311e+00  5.4794453e+00         -inf  1.00779e+05  5.47945e+00  5.47945e+00
1.495619956e+00  5.5570315e+00         -inf  1.00779e+05  5.55703e+00  5.55703e+00
1.501602436e+00  5.4583166e+00         -inf  1.00779e+05  5.45832e+00  5.45832e+00
1.507608846e+00  5.3782784e+00         -inf  1.00779e+05  5.37828e+00  5.37828e+00
1.513639281e+00  5.3760398e+00         -inf  1.00779e+05  5.37604e+00  5.37604e+00
1.519693838e+00  5.3938419e+00         -inf  1.00779e+05  5.39384e+00  5.39384e+00
1.525772614e+00  5.4922481e+00         -inf  1.00779e+05  5.49225e+00  5.49225e+00
1.531875704e+00  5.9798949e+00         -inf  1.00779e+05  5.97989e+00  5.97989e+00
1.538003207e+00  6.2906350e+00         -inf  1.00779e+05  6.29063e+00  6.29063e+00
1.544155220e+00  5.8253599e+00         -inf  1.00779e+05  5.82536e+00  5.82536e+00
1.550331841e+00  5.3286410e+00         -inf  1.00779e+05  5.32864e+00  5.32864e+00
1.556533168e+00  5.3114935e+00         -inf  1.00779e+05  5.31149e+00  5.31149e+00
1.562759301e+00  5.3221466e+00         -inf  1.00779e+05  5.32215e+00  5.32215e+00
1.569010338e+00  7.1859864e+00         -inf  1.00779e+05  7.18599e+00  7.18599e+00
1.575286379e+00  8.7374283e+00         -inf  1.00779e+05  8.73743e+00  8.73743e+00
1.581587525e+00  7.2696821e+00         -inf  1.00779e+05  7.26968e+00  7.26968e+00
1.587913875e+00  5.4722255e+00         -inf  1.00779e+05  5.47223e+00  5.47223e+00
1.594265530e+00  5.4147938e+00         -inf  1.00779e+05  5.41479e+00  5.41479e+00
1.600642593e+00  8.3944543e+00         -inf  1.00779e+05  8.39445e+00  8.39445e+00
1.607045163e+00  8.5749110e+00         -inf  1.00779e+05  8.57491e+00  8.57491e+00
1.613473344e+00  6.9921960e+00         -inf  1.00779e+05  6.99220e+00  6.99220e+00
1.619927237e+00  5.5957402e+00         -inf  1.00779e+05  5.59574e+00  5.59574e+00
1.626406946e+00  5.5529084e+00         -inf  1.00779e+05  5.55291e+00  5.55291e+00
1.632912574e+00  5.8600945e+00         -inf  1.00779e+05  5.86009e+00  5.86009e+00
1.639444224e+00  6.2981812e+00         -inf  1.00779e+05  6.29818e+00  6.29818e+00
1.646002001e+00  6.4618877e+00         -inf  1.00779e+05  6.46189e+00  6.46189e+00
1.652586009e+00  6.2921831e+00         -inf  1.00779e+05  6.29218e+00  6.29218e+00
1.659196353e+00  5.6681669e+00         -inf  1.00779e+05  5.66817e+00  5.66817e+00
1.665833138e+00  7.0261371e+00         -inf  1.00779e+05  7.02614e+00  7.02614e+00
1.672496471e+00  5.6410578e+00         -inf  1.00779e+05  5.64106e+00  5.64106e+00
1.679186457e+00  5.7013186e+00         -inf  1.00779e+05  5.70132e+00  5.70132e+00
1.685903203e+00  5.7217033e+00         -inf  1.00779e+05  5.72170e+00  5.72170e+00
1.692646815e+00  5.8083021e+00         -inf  1.00779e+05  5.80830e+00  5.80830e+00
1.699417403e+00  5.9036851e+00         -inf  1.00779e+05  5.90369e+00  5.90369e+00
1.706215072e+00  6.6055356e+00         -inf  1.00779e+05  6.60554e+00  6.60554e+00
1.713039933e+00  5.9432322e+00         -inf  1.00779e+05  5.94323e+00  5.94323e+00
1.719892092e+00  5.8390821e+00         -inf  1.00779e+05  5.83908e+00  5.83908e+00
1.726771661e+00  6.3614703e+00         -inf  1.00779e+05  6.36147e+00  6.36147e+00
1.733678747e+00  5.8031706e+00         -inf  1.00779e+05  5.80317e+00  5.80317e+00
1.740613462e+00  5.5803452e+00         -inf  1.00779e+05  5.58035e+00  5.58035e+00
1.747575916e+00  5.4414968e+00         -inf  1.00779e+05  5.44150e+00  5.44150e+00
1.754566220e+00  5.4061671e+00         -inf  1.00779e+05  5.40617e+00  5.40617e+00
1.761584485e+00  5.4208724e+00         -inf  1.00779e+05  5.42087e+00  5.42087e+00
1.768630823e+00  5.6963552e+00         -inf  1.00779e+05  5.69636e+00  5.69636e+00
1.775705346e+00  5.9276877e+00         -inf  1.00779e+05  5.92769e+00  5.92769e+00
1.782808167e+00  5.6524978e+00         -inf  1.00779e+05  5.65250e+00  5.65250e+00
1.789939400e+00  6.2153754e+00         -inf  1.00779e+05  6.21538e+00  6.21538e+00
1.797099158e+00  5.6753422e+00         -inf  1.00779e+05  5.67534e+00  5.67534e+00
1.804287554e+00  5.7686834e+00         -inf  1.00779e+05  5.76868e+00  5.76868e+00
1.811504704e+00  5.9321467e+00         -inf  1.00779e+05  5.93215e+00  5.93215e+00
1.818750723e+00  6.1132556e+00         -inf  1.00779e+05  6.11326e+00  6.11326e+00
1.826025726e+00  6.2521162e+00         -inf  1.00779e+05  6.25212e+00  6.25212e+00
1.833329829e+00  6.3805614e+00         -inf  1.00779e+05  6.38056e+00  6.38056e+00
1.840663148e+00  6.5210086e+00         -inf  1.00779e+05  6.52101e+00  6.52101e+00
1.848025801e+00  6.5847998e+00         -inf  1.00779e+05  6.58480e+00  6.58480e+00
1.855417904e+00  6.5968839e+00         -inf  1.00779e+05  6.59688e+00  6.59688e+00
1.862839576e+00  6.5640286e+00         -inf  1.00779e+05  6.56403e+00  6.56403e+00
1.870290934e+00  6.5584908e+00         -inf  1.00779e+05  6.55849e+00  6.55849e+00
1.877772098e+00  7.2846308e+00         -inf  1.00779e+05  7.28463e+00  7.28463e+00
1.885283186e+00  7.2773864e+00         -inf  1.00779e+05  7.27739e+00  7.27739e+00
1.892824319e+00  6.5249629e+00         -inf  1.00779e+05  6.52496e+00  6.52496e+00
1.900395616e+00  6.4045533e+00         -inf  1.00779e+05  6.40455e+00  6.40455e+00
1.907997199e+00  6.3569409e+00         -inf  1.00779e+05  6.35694e+00  6.35694e+00
1.915629188e+00  6.2642186e+00         -inf  1.00779e+05  6.26422e+00  6.26422e+00
1.923291704e+00  6.1032762e+00         -inf  1.00779e+05  6.10328e+00  6.10328e+00
1.930984871e+00  5.8470978e+00         -inf  1.00779e+05  5.84710e+00  5.84710e+00
1.938708811e+00  5.9255997e+00         -inf  1.00779e+05  5.92560e+00  5.92560e+00
1.946463646e+00  9.3234277e+00         -inf  1.00779e+05  9.32343e+00  9.32343e+00
1.954249500e+00  1.5917203e+01         -inf  1.00779e+05  1.59172e+01  1.59172e+01
1.962066498e+00  1.5562522e+01         -inf  1.00779e+05  1.55625e+01  1.55625e+01
1.969914764e+00  1.3245357e+01         -inf  1.00779e+05  1.32454e+01  1.32454e+01
1.977794423e+00  7.8251760e+00         -inf  1.00779e+05  7.82518e+00  7.82518e+00
1.985705601e+00  6.2866893e+00         -inf  1.00779e+05  6.28669e+00  6.28669e+00
1.993648424e+00  7.8031882e+00         -inf  1.00779e+05  7.80319e+00  7.80319e+00
2.001623017e+00  1.8449939e+01         -inf  1.00779e+05  1.84499e+01  1.84499e+01
2.009629509e+00  1.9420838e+01         -inf  1.00779e+05  1.94208e+01  1.94208e+01
2.017668027e+00  1.7327344e+01         -inf  1.00779e+05  1.73273e+01  1.73273e+01
2.025738699e+00  1.0876358e+01         -inf  1.00779e+05  1.08764e+01  1.08764e+01
2.033841654e+00  9.5554536e+00         -inf  1.00779e+05  9.55545e+00  9.55545e+00
2.041977021e+00  1.0248652e+01         -inf  1.00779e+05  1.02487e+01  1.02487e+01
2.050144929e+00  1.3463016e+01         -inf  1.00779e+05  1.34630e+01  1.34630e+01
2.058345509e+00  1.4700342e+01         -inf  1.00779e+05  1.47003e+01  1.47003e+01
2.066578891e+00  1.4082283e+01         -inf  1.00779e+05  1.40823e+01  1.40823e+01
2.074845206e+00  1.0729074e+01         -inf  1.00779e+05  1.07291e+01  1.07291e+01
2.083144587e+00  9.0854688e+00         -inf  1.00779e+05  9.08547e+00  9.08547e+00
2.091477165e+00  7.7575318e+00         -inf  1.00779e+05  7.75753e+00  7.75753e+00
2.099843074e+00  6.7614586e+00         -inf  1.00779e+05  6.76146e+00  6.76146e+00
2.108242446e+00  7.0318869e+00         -inf  1.00779e+05  7.03189e+00  7.03189e+00
2.116675416e+00  6.5925757e+00         -inf  1.00779e+05  6.59258e+00  6.59258e+00
2.125142118e+00  6.1232261e+00         -inf  1.00779e+05  6.12323e+00  6.12323e+00
2.133642686e+00  5.7743281e+00         -inf  1.00779e+05  5.77433e+00  5.77433e+00
2.142177257e+00  6.1751575e+00         -inf  1.00779e+05  6.17516e+00  6.17516e+00
2.150745966e+00  6.8463805e+00         -inf  1.00779e+05  6.84638e+00  6.84638e+00
2.159348950e+00  6.8904953e+00         -inf  1.00779e+05  6.89050e+00  6.89050e+00
2.167986346e+00  6.6872926e+00         -inf  1.00779e+05  6.68729e+00  6.68729e+00
2.176658291e+00  6.3432462e+00         -inf  1.00779e+05  6.34325e+00  6.34325e+00
2.185364924e+00  5.7462817e+00         -inf  1.00779e+05  5.74628e+00  5.74628e+00
2.194106384e+00  5.9124616e+00         -inf  1.00779e+05  5.91246e+00  5.91246e+00
2.202882810e+00  8.2443190e+00         -inf  1.00779e+05  8.24432e+00  8.24432e+00
2.211694341e+00  5.6478793e+00         -inf  1.00779e+05  5.64788e+00  5.64788e+00
2.220541118e+00  6.2491260e+00         -inf  1.00779e+05  6.24913e+00  6.24913e+00
2.229423283e+00  6.7219696e+00         -inf  1.00779e+05  6.72197e+00  6.72197e+00
2.238340976e+00  7.0512236e+00         -inf  1.00779e+05  7.05122e+00  7.05122e+00
2.247294340e+00  7.5440606e+00         -inf  1.00779e+05  7.54406e+00  7.54406e+00
2.256283517e+00  8.1978344e+00         -inf  1.00779e+05  8.19783e+00  8.19783e+00
2.265308651e+00  8.4051200e+00         -inf  1.00779e+05  8.40512e+00  8.40512e+00
2.274369886e+00  8.8554601e+00         -inf  1.00779e+05  8.85546e+00  8.85546e+00
2.283467365e+00  8.7471914e+00         -inf  1.00779e+05  8.74719e+00  8.74719e+00
2.292601235e+00  9.5392722e+00         -inf  1.00779e+05  9.53927e+00  9.53927e+00
2.301771640e+00  1.0606541e+01         -inf  1.00779e+05  1.06065e+01  1.06065e+01
2.310978726e+00  7.3590377e+00         -inf  1.00779e+05  7.35904e+00  7.35904e+00
2.320222641e+00  1.0011612e+01         -inf  1.00779e+05  1.00116e+01  1.00116e+01
2.329503532e+00  8.7268780e+00         -inf  1.00779e+05  8.72688e+00  8.72688e+00
2.338821546e+00  9.8858817e+00         -inf  1.00779e+05  9.88588e+00  9.88588e+00
2.348176832e+00  1.0514064e+01         -inf  1.00779e+05  1.05141e+01  1.05141e+01
2.357569539e+00  9.0480631e+00         -inf  1.00779e+05  9.04806e+00  9.04806e+00
2.366999817e+00  9.2874382e+00         -inf  1.00779e+05  9.28744e+00  9.28744e+00
2.376467817e+00  9.5470534e+00         -inf  1.00779e+05  9.54705e+00  9.54705e+00
2.385973688e+00  7.8764305e+00         -inf  1.00779e+05  7.87643e+00  7.87643e+00
2.395517583e+00  7.9386252e+00         -inf  1.00779e+05  7.93863e+00  7.93863e+00
2.405099653e+00  6.8416214e+00         -inf  1.00779e+05  6.84162e+00  6.84162e+00
2.414720052e+00  6.1335151e+00         -inf  1.00779e+05  6.13352e+00  6.13352e+00
2.424378932e+00  6.8968024e+00         -inf  1.00779e+05  6.89680e+00  6.89680e+00
2.434076448e+00  6.0976583e+00         -inf  1.00779e+05  6.09766e+00  6.09766e+00
2.443812753e+00  5.7987734e+00         -inf  1.00779e+05  5.79877e+00  5.79877e+00
2.453588004e+00  5.6824025e+00         -inf  1.00779e+05  5.68240e+00  5.68240e+00
2.463402356e+00  5.5600396e+00         -inf  1.00779e+05  5.56004e+00  5.56004e+00
2.473255966e+00  5.6540903e+00         -inf  1.00779e+05  5.65409e+00  5.65409e+00
2.483148990e+00  8.2077574e+00         -inf  1.00779e+05  8.20776e+00  8.20776e+00
2.493081586e+00  7.4848516e+00         -inf  1.00779e+05  7.48485e+00  7.48485e+00
2.503053912e+00  6.8708484e+00         -inf  1.00779e+05  6.87085e+00  6.87085e+00
2.513066128e+00  6.3306927e+00         -inf  1.00779e+05  6.33069e+00  6.33069e+00
2.523118392e+00  6.2092444e+00         -inf  1.00779e+05  6.20924e+00  6.20924e+00
2.533210866e+00  6.3041525e+00         -inf  1.00779e+05  6.30415e+00  6.30415e+00
2.543343709e+00  6.3733776e+00         -inf  1.00779e+05  6.37338e+00  6.37338e+00
2.553517084e+00  6.8878942e+00         -inf  1.00779e+05  6.88789e+00  6.88789e+00
2.563731152e+00  7.8058764e+00         -inf  1.00779e+05  7.80588e+00  7.80588e+00
2.573986077e+00  8.0840793e+00         -inf  1.00779e+05  8.08408e+00  8.08408e+00
2.584282021e+00  8.6229130e+00         -inf  1.00779e+05  8.62291e+00  8.62291e+00
2.594619149e+00  9.4091992e+00         -inf  1.00779e+05  9.40920e+00  9.40920e+00
2.604997626e+00  9.1730118e+00         -inf  1.00779e+05  9.17301e+00  9.17301e+00
2.615417616e+00  9.1639920e+00         -inf  1.00779e+05  9.16399e+00  9.16399e+00
2.625879287e+00  8.5240847e+00         -inf  1.00779e+05  8.52408e+00  8.52409e+00
2.636382804e+00  8.1814620e+00         -inf  1.00779e+05  8.18146e+00  8.18146e+00
2.646928335e+00  8.1778623e+00         -inf  1.00779e+05  8.17786e+00  8.17786e+00
2.657516049e+00  9.3450899e+00         -inf  1.00779e+05  9.34509e+00  9.34509e+00
2.668146113e+00  1.9042153e+01         -inf  1.00779e+05  1.90422e+01  1.90422e+01
2.678818697e+00  2.9891722e+01         -inf  1.00779e+05  2.98917e+01  2.98917e+01
2.689533972e+00  2.9432458e+01         -inf  1.00779e+05  2.94325e+01  2.94325e+01
2.700292108e+00  3.0151488e+01         -inf  1.00779e+05  3.01515e+01  3.01515e+01
2.711093276e+00  2.6499720e+01         -inf  1.00779e+05  2.64997e+01  2.64997e+01
2.721937650e+00  2.0562490e+01         -inf  1.00779e+05  2.05625e+01  2.05625e+01
2.732825400e+00  1.8850462e+01         -inf  1.00779e+05  1.88505e+01  1.88505e+01
2.743756702e+00  2.2783959e+01         -inf  1.00779e+05  2.27840e+01  2.27840e+01
2.754731729e+00  2.8734861e+01         -inf  1.00779e+05  2.87349e+01  2.87349e+01
2.765750655e+00  2.8064963e+01         -inf  1.00779e+05  2.80650e+01  2.80650e+01
2.776813658e+00  2.9279950e+01         -inf  1.00779e+05  2.92800e+01  2.92800e+01
2.787920913e+00  2.6564629e+01         -inf  1.00779e+05  2.65646e+01  2.65646e+01
2.799072596e+00  2.2547108e+01         -inf  1.00779e+05  2.25471e+01  2.25471e+01
2.810268887e+00  2.0231895e+01         -inf  1.00779e+05  2.02319e+01  2.02319e+01
2.821509962e+00  1.8113494e+01         -inf  1.00779e+05  1.81135e+01  1.81135e+01
2.832796002e+00  1.5031211e+01         -inf  1.00779e+05  1.50312e+01  1.50312e+01
2.844127186e+00  1.5551828e+01         -inf  1.00779e+05  1.55518e+01  1.55518e+01
2.855503695e+00  1.3864640e+01         -inf  1.00779e+05  1.38646e+01  1.38646e+01
2.866925710e+00  1.4283828e+01         -inf  1.00779e+05  1.42838e+01  1.42838e+01
2.878393413e+00  1.2463296e+01         -inf  1.00779e+05  1.24633e+01  1.24633e+01
2.889906986e+00  1.1527601e+01         -inf  1.00779e+05  1.15276e+01  1.15276e+01
2.901466614e+00  8.5751820e+00         -inf  1.00779e+05  8.57518e+00  8.57519e+00
2.913072481e+00  6.4478366e+00         -inf  1.00779e+05  6.44784e+00  6.44784e+00
2.924724770e+00  5.7713966e+00         -inf  1.00779e+05  5.77140e+00  5.77140e+00
2.936423670e+00  5.3703297e+00         -inf  1.00779e+05  5.37033e+00  5.37033e+00
2.948169364e+00  5.7263182e+00         -inf  1.00779e+05  5.72632e+00  5.72632e+00
2.959962042e+00  7.2693950e+00         -inf  1.00779e+05  7.26940e+00  7.26940e+00
2.971801890e+00  7.1106619e+00         -inf  1.00779e+05  7.11066e+00  7.11067e+00
2.983689097e+00  7.7609586e+00         -inf  1.00779e+05  7.76096e+00  7.76096e+00
2.995623854e+00  6.2909574e+00         -inf  1.00779e+05  6.29096e+00  6.29096e+00
3.007606349e+00  5.9735286e+00         -inf  1.00779e+05  5.97353e+00  5.97353e+00
3.019636775e+00  5.8897804e+00         -inf  1.00779e+05  5.88978e+00  5.88979e+00
3.031715322e+00  5.3916239e+00         -inf  1.00779e+05  5.39162e+00  5.39163e+00
3.043842183e+00  5.3126019e+00         -inf  1.00779e+05  5.31260e+00  5.31261e+00
3.056017552e+00  5.3574255e+00         -inf  1.00779e+05  5.35743e+00  5.35743e+00
3.068241622e+00  5.3444537e+00         -inf  1.00779e+05  5.34445e+00  5.34446e+00
3.080514588e+00  5.3511510e+00         -inf  1.00779e+05  5.35115e+00  5.35116e+00
3.092836647e+00  5.3668467e+00         -inf  1.00779e+05  5.36685e+00  5.36686e+00
3.105207993e+00  5.4180756e+00         -inf  1.00779e+05  5.41808e+00  5.41809e+00
3.117628825e+00  5.7534288e+00         -inf  1.00779e+05  5.75343e+00  5.75344e+00
3.130099341e+00  7.5104293e+00         -inf  1.00779e+05  7.51043e+00  7.51044e+00
3.142619738e+00  6.6504891e+00         -inf  1.00779e+05  6.65049e+00  6.65050e+00
3.155190217e+00  7.1271231e+00         -inf  1.00779e+05  7.12712e+00  7.12714e+00
3.167810978e+00  6.7173281e+00         -inf  1.00779e+05  6.71733e+00  6.71734e+00
3.180482222e+00  8.0561401e+00         -inf  1.00779e+05  8.05614e+00  8.05616e+00
3.193204151e+00  8.2659940e+00         -inf  1.00779e+05  8.26599e+00  8.26601e+00
3.205976967e+00  9.2187970e+00         -inf  1.00779e+05  9.21880e+00  9.21882e+00
3.218800875e+00  1.0415727e+01         -inf  1.00779e+05  1.04157e+01  1.04158e+01
3.231676079e+00  1.0412897e+01         -inf  1.00779e+05  1.04129e+01  1.04129e+01
3.244602783e+00  1.1707637e+01         -inf  1.00779e+05  1.17076e+01  1.17077e+01
3.257581194e+00  1.2524340e+01         -inf  1.00779e+05  1.25243e+01  1.25244e+01
3.270611519e+00  1.5772035e+01         -inf  1.00779e+05  1.57720e+01  1.57721e+01
3.283693965e+00  1.3641845e+01         -inf  1.00779e+05  1.36418e+01  1.36419e+01
3.296828741e+00  1.3288185e+01         -inf  1.00779e+05  1.32882e+01  1.32882e+01
3.310016056e+00  1.8153112e+01         -inf  1.00779e+05  1.81531e+01  1.81531e+01
3.323256120e+00  1.6284265e+01         -inf  1.00779e+05  1.62843e+01  1.62843e+01
3.336549144e+00  8.8087908e+00         -inf  1.00779e+05  8.80879e+00  8.80883e+00
3.349895341e+00  9.2914625e+00         -inf  1.00779e+05  9.29146e+00  9.29151e+00
3.363294922e+00  1.1236814e+01         -inf  1.00779e+05  1.12368e+01  1.12369e+01
3.376748102e+00  1.1228854e+01         -inf  1.00779e+05  1.12289e+01  1.12289e+01
3.390255094e+00  1.1176516e+01         -inf  1.00779e+05  1.11765e+01  1.11766e+01
3.403816115e+00  1.0554052e+01         -inf  1.00779e+05  1.05541e+01  1.05541e+01
3.417431379e+00  8.8902395e+00         -inf  1.00779e+05  8.89024e+00  8.89030e+00
3.431101105e+00  9.2648216e+00         -inf  1.00779e+05  9.26482e+00  9.26489e+00
3.444825509e+00  9.0889342e+00         -inf  1.00779e+05  9.08893e+00  9.08901e+00
3.458604811e+00  8.3284024e+00         -inf  1.00779e+05  8.32840e+00  8.32848e+00
3.472439231e+00  9.1670070e+00         -inf  1.00779e+05  9.16701e+00  9.16709e+00
3.486328987e+00  8.8267788e+00         -inf  1.00779e+05  8.82678e+00  8.82686e+00
3.500274303e+00  7.8342907e+00         -inf  1.00779e+05  7.83429e+00  7.83437e+00
3.514275401e+00  6.4660839e+00         -inf  1.00779e+05  6.46608e+00  6.46617e+00
3.528332502e+00  7.3245800e+00         -inf  1.00779e+05  7.32458e+00  7.32467e+00
3.542445832e+00  9.8364316e+00         -inf  1.00779e+05  9.83643e+00  9.83654e+00
3.556615616e+00  7.7935361e+00         -inf  1.00779e+05  7.79354e+00  7.79364e+00
3.570842078e+00  1.1057730e+01         -inf  1.00779e+05  1.10577e+01  1.10579e+01
3.585125446e+00  1.0549302e+01         -inf  1.00779e+05  1.05493e+01  1.05494e+01
3.599465948e+00  9.0336086e+00         -inf  1.00779e+05  9.03361e+00  9.03374e+00
3.613863812e+00  8.6396673e+00         -inf  1.00779e+05  8.63967e+00  8.63981e+00
3.628319267e+00  7.6446589e+00         -inf  1.00779e+05  7.64466e+00  7.64480e+00
3.642832544e+00  7.3993026e+00         -inf  1.00779e+05  7.39930e+00  7.39946e+00
3.657403874e+00  6.2089959e+00         -inf  1.00779e+05  6.20900e+00  6.20916e+00
3.672033490e+00  6.2112727e+00         -inf  1.00779e+05  6.21127e+00  6.21145e+00
3.686721624e+00  6.3638326e+00         -inf  1.00779e+05  6.36383e+00  6.36402e+00
3.701468510e+00  5.8533884e+00         -inf  1.00779e+05  5.85339e+00  5.85358e+00
3.716274384e+00  6.2064956e+00         -inf  1.00779e+05  6.20650e+00  6.20671e+00
3.731139482e+00  6.5192802e+00         -inf  1.00779e+05  6.51928e+00  6.51950e+00
3.746064040e+00  6.2041505e+00         -inf  1.00779e+05  6.20415e+00  6.20439e+00
3.761048296e+00  6.0113604e+00         -inf  1.00779e+05  6.01136e+00  6.01161e+00
3.776092489e+00  6.2152918e+00         -inf  1.00779e+05  6.21529e+00  6.21556e+00
3.791196859e+00  6.7924115e+00         -inf  1.00779e+05  6.79241e+00  6.79270e+00
3.806361647e+00  7.1063547e+00         -inf  1.00779e+05  7.10635e+00  7.10667e+00
3.821587093e+00  6.8735771e+00         -inf  1.00779e+05  6.87358e+00  6.87391e+00
3.836873442e+00  7.6474506e+00         -inf  1.00779e+05  7.64745e+00  7.64781e+00
3.852220935e+00  8.6110215e+00         -inf  1.00779e+05  8.61102e+00  8.61143e+00
3.867629819e+00  1.1399196e+01         -inf  1.00779e+05  1.13992e+01  1.13997e+01
3.883100338e+00  1.3526419e+01         -inf  1.00779e+05  1.35264e+01  1.35270e+01
3.898632740e+00  1.2093557e+01         -inf  1.00779e+05  1.20936e+01  1.20941e+01
3.914227271e+00  1.3001877e+01         -inf  1.00779e+05  1.30019e+01  1.30025e+01
3.929884180e+00  1.2383173e+01         -inf  1.00779e+05  1.23832e+01  1.23838e+01
3.945603716e+00  1.1326084e+01         -inf  1.00779e+05  1.13261e+01  1.13268e+01
3.961386131e+00  1.0869811e+01         -inf  1.00779e+05  1.08698e+01  1.08705e+01
3.977231676e+00  1.1394493e+01         -inf  1.00779e+05  1.13945e+01  1.13953e+01
3.993140603e+00  1.1844425e+01         -inf  1.00779e+05  1.18444e+01  1.18453e+01
4.009113165e+00  1.2704833e+01         -inf  1.00779e+05  1.27048e+01  1.27058e+01
4.025149618e+00  1.3749172e+01         -inf  1.00779e+05  1.37492e+01  1.37503e+01
4.041250216e+00  1.4795278e+01         -inf  1.00779e+05  1.47953e+01  1.47966e+01
4.057415217e+00  1.5042962e+01         -inf  1.00779e+05  1.50430e+01  1.50444e+01
4.073644878e+00  1.5709619e+01         -inf  1.00779e+05  1.57096e+01  1.57112e+01
4.089939457e+00  1.6099285e+01         -inf  1.00779e+05  1.60993e+01  1.61010e+01
4.106299215e+00  1.6199653e+01         -inf  1.00779e+05  1.61997e+01  1.62016e+01
4.122724412e+00  1.6420248e+01         -inf  1.00779e+05  1.64202e+01  1.64223e+01
4.139215310e+00  1.6690571e+01         -inf  1.00779e+05  1.66906e+01  1.66928e+01
4.155772171e+00  1.6859279e+01         -inf  1.00779e+05  1.68593e+01  1.68616e+01
4.172395260e+00  1.7987032e+01         -inf  1.00779e+05  1.79870e+01  1.79896e+01
4.189084841e+00  2.2882822e+01         -inf  1.00779e+05  2.28828e+01  2.28838e+01
4.205841180e+00  3.2123124e+01         -inf  1.00779e+05  3.21231e+01  3.21232e+01
4.222664545e+00  3.9679213e+01         -inf  1.00779e+05  3.96792e+01  3.96793e+01
4.239555203e+00  4.2459722e+01         -inf  1.00779e+05  4.24597e+01  4.24599e+01
4.256513424e+00  4.0616687e+01         -inf  1.00779e+05  4.06167e+01  4.06168e+01
4.273539477e+00  4.2056678e+01         -inf  1.00779e+05  4.20567e+01  4.20568e+01
4.290633635e+00  4.0899762e+01         -inf  1.00779e+05  4.08998e+01  4.08999e+01
4.307796170e+00  3.8393337e+01         -inf  1.00779e+05  3.83933e+01  3.83935e+01
4.325027355e+00  3.5067236e+01         -inf  1.00779e+05  3.50672e+01  3.50674e+01
4.342327464e+00  3.2668871e+01         -inf  1.00779e+05  3.26689e+01  3.26690e+01
4.359696774e+00  3.1630138e+01         -inf  1.00779e+05  3.16301e+01  3.16303e+01
4.377135561e+00  2.9427679e+01         -inf  1.00779e+05  2.94277e+01  2.94281e+01
4.394644103e+00  2.9492545e+01         -inf  1.00779e+05  2.94925e+01  2.94928e+01
4.412222680e+00  2.8701935e+01         -inf  1.00779e+05  2.87019e+01  2.87023e+01
4.429871570e+00  2.6524804e+01         -inf  1.00779e+05  2.65248e+01  2.65258e+01
4.447591057e+00  2.3262767e+01         -inf  1.00779e+05  2.32628e+01  2.32655e+01
4.465381421e+00  2.3091114e+01         -inf  1.00779e+05  2.30911e+01  2.30940e+01
4.483242946e+00  2.3248804e+01         -inf  1.00779e+05  2.32488e+01  2.32519e+01
4.501175918e+00  2.1384038e+01         -inf  1.00779e+05  2.13840e+01  2.13886e+01
4.519180622e+00  2.2806788e+01         -inf  1.00779e+05  2.28068e+01  2.28107e+01
4.537257344e+00  2.1521720e+01         -inf  1.00779e+05  2.15217e+01  2.15266e+01
4.555406374e+00  1.9641855e+01         -inf  1.00779e+05  1.96419e+01  1.96479e+01
4.573627999e+00  1.7567817e+01         -inf  1.00779e+05  1.75678e+01  1.75745e+01
4.591922511e+00  1.4664159e+01         -inf  1.00779e+05  1.46642e+01  1.46704e+01
4.610290201e+00  1.2927558e+01         -inf  1.00779e+05  1.29276e+01  1.29332e+01
4.628731362e+00  1.1329873e+01         -inf  1.00779e+05  1.13299e+01  1.13353e+01
4.647246288e+00  1.0080033e+01         -inf  1.00779e+05  1.00800e+01  1.00854e+01
4.665835273e+00  9.0006901e+00         -inf  1.00779e+05  9.00069e+00  9.00606e+00
4.684498614e+00  1.1098782e+01         -inf  1.00779e+05  1.10988e+01  1.11043e+01
4.703236608e+00  2.3720527e+01         -inf  1.00779e+05  2.37205e+01  2.37258e+01
4.722049555e+00  2.5791780e+01         -inf  1.00779e+05  2.57918e+01  2.57971e+01
4.740937753e+00  2.2502825e+01         -inf  1.00779e+05  2.25028e+01  2.25087e+01
4.759901504e+00  2.4367808e+01         -inf  1.00779e+05  2.43678e+01  2.43739e+01
4.778941110e+00  2.2710217e+01         -inf  1.00779e+05  2.27102e+01  2.27173e+01
4.798056874e+00  2.0276298e+01         -inf  1.00779e+05  2.02763e+01  2.02848e+01
4.817249102e+00  2.0817313e+01         -inf  1.00779e+05  2.08173e+01  2.08274e+01
4.836518098e+00  1.9075134e+01         -inf  1.00779e+05  1.90751e+01  1.90863e+01
4.855864171e+00  1.6943573e+01         -inf  1.00779e+05  1.69436e+01  1.69557e+01
4.875287627e+00  1.4276670e+01         -inf  1.00779e+05  1.42767e+01  1.42887e+01
4.894788778e+00  1.1786553e+01         -inf  1.00779e+05  1.17866e+01  1.17976e+01
4.914367933e+00  1.1027459e+01         -inf  1.00779e+05  1.10275e+01  1.10380e+01
4.934025405e+00  9.0960648e+00         -inf  1.00779e+05  9.09606e+00  9.10616e+00
4.953761506e+00  8.6791423e+00         -inf  1.00779e+05  8.67914e+00  8.68973e+00
4.973576552e+00  7.5621922e+00         -inf  1.00779e+05  7.56219e+00  7.57310e+00
4.993470859e+00  6.8576939e+00         -inf  1.00779e+05  6.85769e+00  6.86898e+00
5.013444742e+00  5.8002257e+00         -inf  1.00779e+05  5.80023e+00  5.81195e+00
5.033498521e+00  5.6402518e+00         -inf  1.00779e+05  5.64025e+00  5.65255e+00
5.053632515e+00  5.5811822e+00         -inf  1.00779e+05  5.58118e+00  5.59412e+00
5.073847045e+00  5.7977111e+00         -inf  1.00779e+05  5.79771e+00  5.81143e+00
5.094142433e+00  6.1856053e+00         -inf  1.00779e+05  6.18561e+00  6.20019e+00
5.114519003e+00  6.2756294e+00         -inf  1.00779e+05  6.27563e+00  6.29095e+00
5.134977079e+00  5.9068673e+00         -inf  1.00779e+05  5.90687e+00  5.92278e+00
5.155516987e+00  6.5892839e+00         -inf  1.00779e+05  6.58928e+00  6.60631e+00
5.176139055e+00  1.1207646e+01         -inf  1.00779e+05  1.12076e+01  1.12283e+01
5.196843612e+00  8.7585209e+00         -inf  1.00779e+05  8.75852e+00  8.77899e+00
5.217630986e+00  9.8258174e+00         -inf  1.00779e+05  9.82582e+00  9.84866e+00
5.238501510e+00  8.8537231e+00         -inf  1.00779e+05  8.85372e+00  8.87730e+00
5.259455516e+00  7.9190380e+00         -inf  1.00779e+05  7.91904e+00  7.94282e+00
5.280493338e+00  7.0150017e+00         -inf  1.00779e+05  7.01500e+00  7.03908e+00
5.301615311e+00  6.7490446e+00         -inf  1.00779e+05  6.74904e+00  6.77418e+00
5.322821773e+00  7.4666206e+00         -inf  1.00779e+05  7.46662e+00  7.49352e+00
5.344113060e+00  6.8143351e+00         -inf  1.00779e+05  6.81434e+00  6.84299e+00
5.365489512e+00  6.8978984e+00         -inf  1.00779e+05  6.89790e+00  6.92859e+00
5.386951470e+00  6.9178331e+00         -inf  1.00779e+05  6.91783e+00  6.95065e+00
5.408499276e+00  6.9971393e+00         -inf  1.00779e+05  6.99714e+00  7.03223e+00
5.430133273e+00  7.1045156e+00         -inf  1.00779e+05  7.10452e+00  7.14192e+00
5.451853806e+00  7.2346956e+00         -inf  1.00779e+05  7.23470e+00  7.27473e+00
5.473661221e+00  7.6101209e+00         -inf  1.00779e+05  7.61012e+00  7.65311e+00
5.495555866e+00  7.9823463e+00         -inf  1.00779e+05  7.98235e+00  8.02862e+00
5.517538090e+00  8.2326746e+00         -inf  1.00779e+05  8.23267e+00  8.28235e+00
5.539608242e+00  8.0991786e+00         -inf  1.00779e+05  8.09918e+00  8.15268e+00
5.561766675e+00  7.6820806e+00         -inf  1.00779e+05  7.68208e+00  7.73970e+00
5.584013742e+00  8.0427601e+00         -inf  1.00779e+05  8.04276e+00  8.10452e+00
5.606349797e+00  8.3695219e+00         -inf  1.00779e+05  8.36952e+00  8.43565e+00
5.628775196e+00  8.2778042e+00         -inf  1.00779e+05  8.27780e+00  8.34856e+00
5.651290297e+00  8.0565187e+00         -inf  1.00779e+05  8.05652e+00  8.13213e+00
5.673895458e+00  8.0465483e+00         -inf  1.00779e+05  8.04655e+00  8.12732e+00
5.696591040e+00  8.0100179e+00         -inf  1.00779e+05  8.01002e+00  8.09608e+00
5.719377404e+00  8.9176787e+00         -inf  1.00779e+05  8.91768e+00  9.00907e+00
5.742254913e+00  1.2230644e+01         -inf  1.00779e+05  1.22306e+01  1.23267e+01
5.765223933e+00  1.1829368e+01         -inf  1.00779e+05  1.18294e+01  1.19316e+01
5.788284829e+00  1.0772543e+01         -inf  1.00779e+05  1.07725e+01  1.08820e+01
5.811437968e+00  1.0946209e+01         -inf  1.00779e+05  1.09462e+01  1.10624e+01
5.834683720e+00  1.1170372e+01         -inf  1.00779e+05  1.11704e+01  1.12928e+01
5.858022455e+00  1.0656095e+01         -inf  1.00779e+05  1.06561e+01  1.07856e+01
5.881454545e+00  9.9134959e+00         -inf  1.00779e+05  9.91350e+00  1.00500e+01
5.904980363e+00  9.1903657e+00         -inf  1.00779e+05  9.19037e+00  9.33377e+00
5.928600284e+00  8.6973503e+00         -inf  1.00779e+05  8.69735e+00  8.84752e+00
5.952314685e+00  8.4496246e+00         -inf  1.00779e+05  8.44962e+00  8.60649e+00
5.976123944e+00  8.2781222e+00         -inf  1.00779e+05  8.27812e+00  8.44118e+00
6.000028440e+00  8.2828121e+00         -inf  1.00779e+05  8.28281e+00  8.45184e+00
6.024028554e+00  8.2327101e+00         -inf  1.00779e+05  8.23271e+00  8.40758e+00
6.048124668e+00  8.2736957e+00         -inf  1.00779e+05  8.27370e+00  8.45384e+00
6.072317167e+00  8.2843860e+00         -inf  1.00779e+05  8.28439e+00  8.46976e+00
6.096606435e+00  8.2666538e+00         -inf  1.00779e+05  8.26665e+00  8.45717e+00
6.120992861e+00  8.3174334e+00         -inf  1.00779e+05  8.31743e+00  8.51273e+00
6.145476832e+00  8.2323722e+00         -inf  1.00779e+05  8.23237e+00  8.43237e+00
6.170058740e+00  8.2813258e+00         -inf  1.00779e+05  8.28133e+00  8.48570e+00
6.194738975e+00  8.2432948e+00         -inf  1.00779e+05  8.24329e+00  8.45291e+00
6.219517931e+00  8.2668850e+00         -inf  1.00779e+05  8.26688e+00  8.48238e+00
6.244396002e+00  8.2112115e+00         -inf  1.00779e+05  8.21121e+00  8.43405e+00
6.269373586e+00  8.0731597e+00         -inf  1.00779e+05  8.07316e+00  8.30472e+00
6.294451081e+00  8.3159047e+00         -inf  1.00779e+05  8.31590e+00  8.55677e+00
6.319628885e+00  8.1119959e+00         -inf  1.00779e+05  8.11200e+00  8.36385e+00
6.344907401e+00  8.3720340e+00         -inf  1.00779e+05  8.37203e+00  8.63474e+00
6.370287030e+00  8.1966414e+00         -inf  1.00779e+05  8.19664e+00  8.47094e+00
6.395768178e+00  8.3342659e+00         -inf  1.00779e+05  8.33427e+00  8.61985e+00
6.421351251e+00  8.3809892e+00         -inf  1.00779e+05  8.38099e+00  8.67777e+00
6.447036656e+00  8.5436318e+00         -inf  1.00779e+05  8.54363e+00  8.85113e+00
6.472824803e+00  8.8376779e+00         -inf  1.00779e+05  8.83768e+00  9.15489e+00
6.498716102e+00  9.9856705e+00         -inf  1.00779e+05  9.98567e+00  1.03109e+01
6.524710966e+00  8.7773958e+00         -inf  1.00779e+05  8.77740e+00  9.11430e+00
6.550809810e+00  8.1072348e+00         -inf  1.00779e+05  8.10723e+00  8.45408e+00
6.577013049e+00  8.0458573e+00         -inf  1.00779e+05  8.04586e+00  8.40111e+00
6.603321102e+00  7.9868664e+00         -inf  1.00779e+05  7.98687e+00  8.34974e+00
6.629734386e+00  7.9104183e+00         -inf  1.00779e+05  7.91042e+00  8.28062e+00
6.656253324e+00  8.0078326e+00         -inf  1.00779e+05  8.00783e+00  8.38487e+00
6.682878337e+00  7.8304073e+00         -inf  1.00779e+05  7.83041e+00  8.21436e+00
6.709609850e+00  7.7774333e+00         -inf  1.00779e+05  7.77743e+00  8.16770e+00
6.736448290e+00  7.8611765e+00         -inf  1.00779e+05  7.86118e+00  8.25745e+00
6.763394083e+00  7.5622010e+00         -inf  1.00779e+05  7.56220e+00  7.96451e+00
6.790447659e+00  8.1065346e+00         -inf  1.00779e+05  8.10653e+00  8.51256e+00
6.817609450e+00  7.6148234e+00         -inf  1.00779e+05  7.61482e+00  8.02599e+00
6.844879888e+00  7.5604848e+00         -inf  1.00779e+05  7.56048e+00  7.97608e+00
6.872259407e+00  7.4765786e+00         -inf  1.00779e+05  7.47658e+00  7.89669e+00
6.899748445e+00  7.5925101e+00         -inf  1.00779e+05  7.59251e+00  8.01642e+00
6.927347438e+00  7.2524444e+00         -inf  1.00779e+05  7.25244e+00  7.67995e+00
6.955056828e+00  6.9972664e+00         -inf  1.00779e+05  6.99727e+00  7.42710e+00
6.982877056e+00  7.0891688e+00         -inf  1.00779e+05  7.08917e+00  7.52073e+00
7.010808564e+00  6.9803542e+00         -inf  1.00779e+05  6.98035e+00  7.41285e+00
7.038851798e+00  6.7146270e+00         -inf  1.00779e+05  6.71463e+00  7.14684e+00
7.067007205e+00  6.6447957e+00         -inf  1.00779e+05  6.64480e+00  7.07776e+00
7.095275234e+00  6.5699418e+00         -inf  1.00779e+05  6.56994e+00  7.00285e+00
7.123656335e+00  6.3972688e+00         -inf  1.00779e+05  6.39727e+00  6.83105e+00
7.152150960e+00  6.4593710e+00         -inf  1.00779e+05  6.45937e+00  6.89372e+00
7.180759564e+00  6.4455179e+00         -inf  1.00779e+05  6.44552e+00  6.88161e+00
7.209482602e+00  6.8355052e+00         -inf  1.00779e+05  6.83551e+00  7.27504e+00
7.238320533e+00  7.3530627e+00         -inf  1.00779e+05  7.35306e+00  7.80069e+00
7.267273815e+00  8.1549809e+00         -inf  1.00779e+05  8.15498e+00  8.61393e+00
7.296342910e+00  8.1191881e+00         -inf  1.00779e+05  8.11919e+00  8.58685e+00
7.325528282e+00  9.5779649e+00         -inf  1.00779e+05  9.57796e+00  1.00683e+01
7.354830395e+00  1.1089327e+01         -inf  1.00779e+05  1.10893e+01  1.16018e+01
7.384249717e+00  1.2409644e+01         -inf  1.00779e+05  1.24096e+01  1.29284e+01
7.413786715e+00  1.1697837e+01         -inf  1.00779e+05  1.16978e+01  1.22119e+01
7.443441862e+00  1.3096224e+01         -inf  1.00779e+05  1.30962e+01  1.36098e+01
7.473215630e+00  1.2725949e+01         -inf  1.00779e+05  1.27259e+01  1.32520e+01
7.503108492e+00  1.3347989e+01         -inf  1.00779e+05  1.33480e+01  1.38680e+01
7.533120926e+00  1.2659320e+01         -inf  1.00779e+05  1.26593e+01  1.31964e+01
7.563253410e+00  1.1128956e+01         -inf  1.00779e+05  1.11290e+01  1.16972e+01
7.593506424e+00  1.1238055e+01         -inf  1.00779e+05  1.12381e+01  1.18479e+01
7.623880449e+00  1.3299918e+01         -inf  1.00779e+05  1.32999e+01  1.39649e+01
7.654375971e+00  1.8368775e+01         -inf  1.00779e+05  1.83688e+01  1.89375e+01
7.684993475e+00  1.9447731e+01         -inf  1.00779e+05  1.94477e+01  2.00826e+01
7.715733449e+00  1.8533955e+01         -inf  1.00779e+05  1.85340e+01  1.92302e+01
7.746596383e+00  1.7332374e+01         -inf  1.00779e+05  1.73324e+01  1.80544e+01
7.777582768e+00  1.5363203e+01         -inf  1.00779e+05  1.53632e+01  1.60891e+01
7.808693099e+00  1.6712808e+01         -inf  1.00779e+05  1.67128e+01  1.74805e+01
7.839927872e+00  1.7509724e+01         -inf  1.00779e+05  1.75097e+01  1.83085e+01
7.871287583e+00  1.7279343e+01         -inf  1.00779e+05  1.72793e+01  1.80867e+01
7.902772733e+00  1.5900415e+01         -inf  1.00779e+05  1.59004e+01  1.67425e+01
7.934383824e+00  1.4660740e+01         -inf  1.00779e+05  1.46607e+01  1.55182e+01
7.966121360e+00  1.2585924e+01         -inf  1.00779e+05  1.25859e+01  1.34493e+01
7.997985845e+00  1.0701957e+01         -inf  1.00779e+05  1.07020e+01  1.15588e+01
8.029977788e+00  1.0551689e+01         -inf  1.00779e+05  1.05517e+01  1.14374e+01
8.062097700e+00  8.9846285e+00         -inf  1.00779e+05  8.98463e+00  9.86148e+00
8.094346090e+00  7.9351449e+00         -inf  1.00779e+05  7.93514e+00  8.81759e+00
8.126723475e+00  6.8688050e+00         -inf  1.00779e+05  6.86881e+00  7.74845e+00
8.159230369e+00  6.1500958e+00         -inf  1.00779e+05  6.15010e+00  7.03727e+00
8.191867290e+00  6.5972758e+00         -inf  1.00779e+05  6.59728e+00  7.51821e+00
8.224634759e+00  5.4806285e+00         -inf  1.00779e+05  5.48063e+00  6.40104e+00
8.257533298e+00  5.5316214e+00         -inf  1.00779e+05  5.53162e+00  6.47709e+00
8.290563432e+00  4.9535921e+00         -inf  1.00779e+05  4.95359e+00  5.90863e+00
8.323725685e+00  5.6569803e+00         -inf  1.00779e+05  5.65698e+00  6.64564e+00
8.357020588e+00  6.0436391e+00         -inf  1.00779e+05  6.04364e+00  7.05903e+00
8.390448670e+00  7.0892709e+00         -inf  1.00779e+05  7.08927e+00  8.14514e+00
8.424010465e+00  7.7473234e+00         -inf  1.00779e+05  7.74732e+00  8.83452e+00
8.457706507e+00  8.8393039e+00         -inf  1.00779e+05  8.83930e+00  9.96572e+00
8.491537333e+00  8.9422150e+00         -inf  1.00779e+05  8.94222e+00  1.00915e+01
8.525503482e+00  8.9878261e+00         -inf  1.00779e+05  8.98783e+00  1.01549e+01
8.559605496e+00  7.6813878e+00         -inf  1.00779e+05  7.68139e+00  8.85413e+00
8.593843918e+00  9.0524009e+00         -inf  1.00779e+05  9.05240e+00  1.02700e+01
8.628219294e+00  9.7767044e+00         -inf  1.00779e+05  9.77670e+00  1.10383e+01
8.662732171e+00  9.7184897e+00         -inf  1.00779e+05  9.71849e+00  1.10145e+01
8.697383100e+00  1.0116047e+01         -inf  1.00779e+05  1.01160e+01  1.14371e+01
8.732172632e+00  9.5136904e+00         -inf  1.00779e+05  9.51369e+00  1.08515e+01
8.767101323e+00  8.9396717e+00         -inf  1.00779e+05  8.93967e+00  1.02934e+01
8.802169728e+00  9.8378031e+00         -inf  1.00779e+05  9.83780e+00  1.12080e+01
8.837378407e+00  1.0002908e+01         -inf  1.00779e+05  1.00029e+01  1.13955e+01
8.872727920e+00  9.4103518e+00         -inf  1.00779e+05  9.41035e+00  1.08351e+01
8.908218832e+00  9.7552092e+00         -inf  1.00779e+05  9.75521e+00  1.12132e+01
8.943851707e+00  1.0066676e+01         -inf  1.00779e+05  1.00667e+01  1.15585e+01
8.979627114e+00  9.5177138e+00         -inf  1.00779e+05  9.51771e+00  1.10494e+01
9.015545623e+00  8.6753526e+00         -inf  1.00779e+05  8.67535e+00  1.02496e+01
9.051607805e+00  9.2168675e+00         -inf  1.00779e+05  9.21687e+00  1.08276e+01
9.087814236e+00  9.5045912e+00         -inf  1.00779e+05  9.50459e+00  1.11522e+01
9.124165493e+00  9.4020084e+00         -inf  1.00779e+05  9.40201e+00  1.10899e+01
9.160662155e+00  1.0123145e+01         -inf  1.00779e+05  1.01231e+01  1.18586e+01
9.197304804e+00  1.1584937e+01         -inf  1.00779e+05  1.15849e+01  1.33788e+01
9.234094023e+00  1.0647722e+01         -inf  1.00779e+05  1.06477e+01  1.25279e+01
9.271030399e+00  1.0473587e+01         -inf  1.00779e+05  1.04736e+01  1.24255e+01
9.308114521e+00  1.0968993e+01         -inf  1.00779e+05  1.09690e+01  1.29534e+01
9.345346979e+00  1.2150649e+01         -inf  1.00779e+05  1.21506e+01  1.41556e+01
9.382728367e+00  2.1849601e+01         -inf  1.00779e+05  2.18496e+01  2.37307e+01
9.420259280e+00  3.1458798e+01         -inf  1.00779e+05  3.14588e+01  3.31454e+01
9.457940318e+00  3.4311971e+01         -inf  1.00779e+05  3.43120e+01  3.58870e+01
9.495772079e+00  3.5823567e+01         -inf  1.00779e+05  3.58236e+01  3.72989e+01
9.533755167e+00  3.4875964e+01         -inf  1.00779e+05  3.48760e+01  3.64709e+01
9.571890188e+00  2.8222852e+01         -inf  1.00779e+05  2.82229e+01  3.01722e+01
9.610177749e+00  3.4101836e+01         -inf  1.00779e+05  3.41018e+01  3.57138e+01
9.648618460e+00  3.5456822e+01         -inf  1.00779e+05  3.54568e+01  3.71459e+01
9.687212933e+00  3.4011899e+01         -inf  1.00779e+05  3.40119e+01  3.58813e+01
9.725961785e+00  3.3087232e+01         -inf  1.00779e+05  3.30872e+01  3.50298e+01
9.764865632e+00  3.3320947e+01         -inf  1.00779e+05  3.33209e+01  3.53216e+01
9.803925095e+00  3.2270280e+01         -inf  1.00779e+05  3.22703e+01  3.43853e+01
9.843140795e+00  3.0258216e+01         -inf  1.00779e+05  3.02582e+01  3.24862e+01
9.882513358e+00  2.7208980e+01         -inf  1.00779e+05  2.72090e+01  2.95865e+01
9.922043412e+00  2.4141481e+01         -inf  1.00779e+05  2.41415e+01  2.66429e+01
9.961731585e+00  2.1123226e+01         -inf  1.00779e+05  2.11232e+01  2.37403e+01
1.000157851e+01  1.7380230e+01         -inf  1.00779e+05  1.73802e+01  2.01099e+01
1.004158483e+01  1.3088857e+01         -inf  1.00779e+05  1.30889e+01  1.59285e+01
1.008175117e+01  1.0902571e+01         -inf  1.00779e+05  1.09026e+01  1.38295e+01
1.012207817e+01  8.2171779e+00         -inf  1.00779e+05  8.21718e+00  1.12392e+01
1.016256648e+01  6.2773475e+00         -inf  1.00779e+05  6.27735e+00  9.39965e+00
1.020321675e+01  4.8510366e+00         -inf  1.00779e+05  4.85104e+00  8.08342e+00
1.024402962e+01  3.9896294e+00         -inf  1.00779e+05  3.98963e+00  7.31926e+00
1.028500573e+01  3.4298637e+00         -inf  1.00779e+05  3.42986e+00  6.84967e+00
1.032614576e+01  2.9986972e+00         -inf  1.00779e+05  2.99870e+00  6.48340e+00
1.036745034e+01  2.2844287e+00         -inf  1.00779e+05  2.28443e+00  5.77128e+00
1.040892014e+01  1.7456994e+00         -inf  1.00779e+05  1.74570e+00  5.26578e+00
1.045055582e+01  2.1754728e+00         -inf  1.00779e+05  2.17547e+00  5.82302e+00
1.049235805e+01  2.0603365e+00         -inf  1.00779e+05  2.06034e+00  5.79149e+00
1.053432748e+01  2.0044024e+00         -inf  1.00779e+05  2.00440e+00  5.81820e+00
1.057646479e+01  1.8923311e+00         -inf  1.00779e+05  1.89233e+00  5.77882e+00
1.061877065e+01  1.7270277e+00         -inf  1.00779e+05  1.72703e+00  5.67710e+00
1.066124573e+01  1.5334159e+00         -inf  1.00779e+05  1.53342e+00  5.54260e+00
1.070389071e+01  1.3249228e+00         -inf  1.00779e+05  1.32492e+00  5.39287e+00
1.074670627e+01  1.1261949e+00         -inf  1.00779e+05  1.12619e+00  5.25664e+00
1.078969310e+01  9.4840029e-01         -inf  1.00779e+05  9.48400e-01  5.14655e+00
1.083285187e+01  8.0277877e-01         -inf  1.00779e+05  8.02779e-01  5.07487e+00
1.087618328e+01  6.8153236e-01         -inf  1.00779e+05  6.81532e-01  5.03184e+00
1.091968801e+01  5.6029024e-01         -inf  1.00779e+05  5.60290e-01  4.99121e+00
1.096336676e+01  4.5850839e-01         -inf  1.00779e+05  4.58508e-01  4.97249e+00
1.100722023e+01  3.6354404e-01         -inf  1.00779e+05  3.63544e-01  4.96227e+00
1.105124911e+01  2.7306509e-01         -inf  1.00779e+05  2.73065e-01  4.95821e+00
1.109545411e+01  1.8348839e-01         -inf  1.00779e+05  1.83488e-01  4.95638e+00
1.113983593e+01  7.9465251e-02         -inf  1.00779e+05  7.94653e-02  4.94068e+00
1.118439527e+01 -2.4622857e-02         -inf  1.00779e+05 -2.46229e-02  4.92605e+00
1.122913285e+01 -1.2263445e-01         -inf  1.00779e+05 -1.22634e-01  4.91933e+00
1.127404938e+01 -2.2380621e-01         -inf  1.00779e+05 -2.23806e-01  4.91056e+00
1.131914558e+01 -3.1870300e-01         -inf  1.00779e+05 -3.18703e-01  4.90983e+00
1.136442216e+01 -4.1421262e-01         -inf  1.00779e+05 -4.14213e-01  4.90989e+00
1.140987985e+01 -5.0935830e-01         -inf  1.00779e+05 -5.09358e-01  4.91171e+00
1.145551937e+01 -6.0859436e-01         -inf  1.00779e+05 -6.08594e-01  4.91050e+00
1.150134145e+01 -7.0803840e-01         -inf  1.00779e+05 -7.08038e-01  4.91044e+00
1.154734681e+01 -7.9404659e-01         -inf  1.00779e+05 -7.94047e-01  4.92660e+00
1.159353620e+01 -8.8251743e-01         -inf  1.00779e+05 -8.82517e-01  4.94147e+00
1.163991035e+01 -1.0042394e+00         -inf  1.00779e+05 -1.00424e+00  4.92126e+00
1.168646999e+01 -1.1012161e+00         -inf  1.00779e+05 -1.10122e+00  4.92951e+00
1.173321587e+01 -1.2004295e+00         -inf  1.00779e+05 -1.20043e+00  4.93685e+00
1.178014873e+01 -1.3002180e+00         -inf  1.00779e+05 -1.30022e+00  4.94501e+00
1.182726932e+01 -1.3938755e+00         -inf  1.00779e+05 -1.39388e+00  4.96101e+00
1.187457840e+01 -1.4986221e+00         -inf  1.00779e+05 -1.49862e+00  4.96682e+00
1.192207672e+01 -1.5879578e+00         -inf  1.00779e+05 -1.58796e+00  4.98950e+00
1.196976502e+01 -1.6916829e+00         -inf  1.00779e+05 -1.69168e+00  4.99951e+00
1.201764408e+01 -1.7562015e+00         -inf  1.00779e+05 -1.75620e+00  5.05105e+00
1.206571466e+01 -1.6782155e+00         -inf  1.00779e+05 -1.67822e+00  5.27066e+00
1.211397752e+01 -1.8952949e+00         -inf  1.00779e+05 -1.89529e+00  5.15370e+00
1.216243343e+01 -1.8615812e+00         -inf  1.00779e+05 -1.86158e+00  5.31763e+00
1.221108316e+01 -1.9046596e+00         -inf  1.00779e+05 -1.90466e+00  5.41386e+00
1.225992749e+01 -1.8212281e+00         -inf  1.00779e+05 -1.82123e+00  5.64466e+00
1.230896720e+01 -1.7906993e+00         -inf  1.00779e+05 -1.79070e+00  5.83031e+00
1.235820307e+01 -1.7440164e+00         -inf  1.00779e+05 -1.74402e+00  6.03527e+00
1.240763589e+01 -1.6367533e+00         -inf  1.00779e+05 -1.63675e+00  6.29635e+00
1.245726643e+01 -1.7315590e+00         -inf  1.00779e+05 -1.73156e+00  6.34623e+00
1.250709549e+01 -1.5837704e+00         -inf  1.00779e+05 -1.58377e+00  6.61567e+00
1.255712388e+01 -1.8145748e+00         -inf  1.00779e+05 -1.81457e+00  6.49113e+00
1.260735237e+01 -8.0537336e-01         -inf  1.00779e+05 -8.05373e-01  8.07354e+00
1.265778178e+01 -1.2579383e+00         -inf  1.00779e+05 -1.25794e+00  7.64518e+00
1.270841291e+01 -1.8438769e+00         -inf  1.00779e+05 -1.84388e+00  6.81000e+00
1.275924656e+01 -1.4322256e+00         -inf  1.00779e+05 -1.43223e+00  7.40005e+00
1.281028355e+01 -1.5207116e+00         -inf  1.00779e+05 -1.52071e+00  7.48615e+00
1.286152468e+01 -1.1179621e+00         -inf  1.00779e+05 -1.11796e+00  8.05305e+00
1.291297078e+01 -1.3383983e+00         -inf  1.00779e+05 -1.33840e+00  8.01216e+00
1.296462266e+01  1.0855815e-02         -inf  1.00779e+05  1.08558e-02  9.64078e+00
1.301648115e+01 -9.0169294e-01         -inf  1.00779e+05 -9.01693e-01  9.02339e+00
1.306854708e+01  1.6820751e-01         -inf  1.00779e+05  1.68208e-01  1.03977e+01
1.312082127e+01 -4.6500255e-01         -inf  1.00779e+05 -4.65003e-01  1.02460e+01
1.317330455e+01 -6.9415219e-02         -inf  1.00779e+05 -6.94152e-02  1.12395e+01
1.322599777e+01  1.1777252e+00         -inf  1.00779e+05  1.17773e+00  1.31780e+01
1.327890176e+01  5.6271328e-01         -inf  1.00779e+05  5.62713e-01  1.31051e+01
1.333201737e+01  3.2037230e+00         -inf  1.00779e+05  3.20372e+00  1.61160e+01
1.338534544e+01  1.8102242e+00         -inf  1.00779e+05  1.81022e+00  1.50886e+01
1.343888682e+01  5.2093152e+00         -inf  1.00779e+05  5.20932e+00  1.85761e+01
1.349264237e+01  7.2408481e+00         -inf  1.00779e+05  7.24085e+00  1.97724e+01
1.354661294e+01  5.3901864e+00         -inf  1.00779e+05  5.39019e+00  1.87500e+01
1.360079939e+01  7.8499492e+00         -inf  1.00779e+05  7.84995e+00  2.10599e+01
1.365520258e+01  6.7007160e+00         -inf  1.00779e+05  6.70072e+00  2.00137e+01
1.370982339e+01  8.4973636e+00         -inf  1.00779e+05  8.49736e+00  2.22073e+01
1.376466269e+01  5.2075965e+00         -inf  1.00779e+05  5.20760e+00  1.95541e+01
1.381972134e+01  8.7635310e+00         -inf  1.00779e+05  8.76353e+00  2.29934e+01
1.387500022e+01  1.9995712e+01         -inf  1.00779e+05  1.99957e+01  2.82006e+01
1.393050023e+01  1.0786402e+01         -inf  1.00779e+05  1.07864e+01  2.36715e+01
1.398622223e+01  9.1923431e+00         -inf  1.00779e+05  9.19234e+00  2.26860e+01
1.404216712e+01  1.1350478e+01         -inf  1.00779e+05  1.13505e+01  2.38390e+01
1.409833578e+01  1.2219398e+01         -inf  1.00779e+05  1.22194e+01  2.44043e+01
1.415472913e+01  1.3362632e+01         -inf  1.00779e+05  1.33626e+01  2.40460e+01
1.421134804e+01  1.5996199e+01         -inf  1.00779e+05  1.59962e+01  2.54459e+01
1.426819344e+01  1.7898542e+01         -inf  1.00779e+05  1.78985e+01  2.62221e+01
1.432526621e+01  1.9906088e+01         -inf  1.00779e+05  1.99061e+01  2.74730e+01
1.438256727e+01  2.2867528e+01         -inf  1.00779e+05  2.28675e+01  2.94495e+01
1.444009754e+01  2.4572210e+01         -inf  1.00779e+05  2.45722e+01  3.09429e+01
1.449785793e+01  2.4683616e+01         -inf  1.00779e+05  2.46836e+01  3.08870e+01
1.455584937e+01  2.6417782e+01         -inf  1.00779e+05  2.64178e+01  3.26243e+01
1.461407276e+01  2.7640180e+01         -inf  1.00779e+05  2.76402e+01  3.39520e+01
1.467252905e+01  2.7578766e+01         -inf  1.00779e+05  2.75788e+01  3.39862e+01
1.473121917e+01  2.7737159e+01         -inf  1.00779e+05  2.77372e+01  3.42557e+01
1.479014405e+01  2.8605367e+01         -inf  1.00779e+05  2.86054e+01  3.52887e+01
1.484930462e+01  2.8315336e+01         -inf  1.00779e+05  2.83153e+01  3.50856e+01
1.490870184e+01  2.7985217e+01         -inf  1.00779e+05  2.79852e+01  3.48534e+01
1.496833665e+01  3.7652957e+01         -inf  1.00779e+05  3.76530e+01  4.46603e+01
1.502821000e+01  2.8714581e+01         -inf  1.00779e+05  2.87146e+01  3.58387e+01
1.508832284e+01  2.9212531e+01         -inf  1.00779e+05  2.92125e+01  3.64808e+01
1.514867613e+01  2.7444139e+01         -inf  1.00779e+05  2.74441e+01  3.47733e+01
1.520927083e+01  2.6190507e+01         -inf  1.00779e+05  2.61905e+01  3.35655e+01
1.527010791e+01  2.6595364e+01         -inf  1.00779e+05  2.65954e+01  3.41323e+01
1.533118835e+01  2.6591145e+01         -inf  1.00779e+05  2.65911e+01  3.42697e+01
1.539251310e+01  2.7374665e+01         -inf  1.00779e+05  2.73747e+01  3.52049e+01
1.545408315e+01  2.4322723e+01         -inf  1.00779e+05  2.43227e+01  3.23765e+01
1.551589948e+01  2.3724758e+01         -inf  1.00779e+05  2.37248e+01  3.19114e+01
1.557796308e+01  2.1565228e+01         -inf  1.00779e+05  2.15652e+01  3.02417e+01
1.564027493e+01  1.8930433e+01         -inf  1.00779e+05  1.89304e+01  2.84207e+01
1.570283603e+01  1.8328847e+01         -inf  1.00779e+05  1.83288e+01  2.83274e+01
1.576564738e+01  1.5858867e+01         -inf  1.00779e+05  1.58589e+01  2.69429e+01
1.582870997e+01  1.2600810e+01         -inf  1.00779e+05  1.26008e+01  2.54526e+01
1.589202481e+01  1.0299726e+01         -inf  1.00779e+05  1.02997e+01  2.44378e+01
1.595559291e+01  5.2992150e+00         -inf  1.00779e+05  5.29921e+00  2.22860e+01
1.601941528e+01  4.5162952e+00         -inf  1.00779e+05  4.51630e+00  2.21881e+01
1.608349294e+01 -1.8383991e+00         -inf  1.00779e+05 -1.83840e+00  1.94207e+01
1.614782691e+01  5.6902817e-01         -inf  1.00779e+05  5.69028e-01  2.07142e+01
1.621241822e+01  1.0744810e+01         -inf  1.00779e+05  1.07448e+01  2.58995e+01
1.627726789e+01 -3.4211581e+00         -inf  1.00779e+05 -3.42116e+00  1.90204e+01
1.634237696e+01 -6.1522964e+00         -inf  1.00779e+05 -6.15230e+00  1.78532e+01
1.640774647e+01 -3.5818177e+00         -inf  1.00779e+05 -3.58182e+00  1.91436e+01
1.647337746e+01 -4.6341510e+00         -inf  1.00779e+05 -4.63415e+00  1.88542e+01
1.653927097e+01 -6.1991055e+00         -inf  1.00779e+05 -6.19911e+00  1.79778e+01
1.660542805e+01 -7.1430138e+00         -inf  1.00779e+05 -7.14301e+00  1.74627e+01
1.667184976e+01 -9.0950827e+00         -inf  1.00779e+05 -9.09508e+00  1.66463e+01
1.673853716e+01 -4.7986342e+00         -inf  1.00779e+05 -4.79863e+00  1.93137e+01
1.680549131e+01 -1.0825916e+01         -inf  1.00779e+05 -1.08259e+01  1.58571e+01
1.687271328e+01 -1.1852775e+01         -inf  1.00779e+05 -1.18528e+01  1.50577e+01
1.694020413e+01 -8.7880862e+00         -inf  1.00779e+05 -8.78809e+00  1.73135e+01
1.700796495e+01 -1.0602903e+01         -inf  1.00779e+05 -1.06029e+01  1.52502e+01
1.707599681e+01 -1.4795076e+01         -inf  1.00779e+05 -1.47951e+01  1.25742e+01
1.714430079e+01 -1.5312776e+01         -inf  1.00779e+05 -1.53128e+01  1.21717e+01
1.721287800e+01 -1.5268885e+01         -inf  1.00779e+05 -1.52689e+01  1.19917e+01
1.728172951e+01 -1.4827820e+01         -inf  1.00779e+05 -1.48278e+01  1.20613e+01
1.735085643e+01 -1.5518270e+01         -inf  1.00779e+05 -1.55183e+01  1.16152e+01
1.742025985e+01 -1.5920634e+01         -inf  1.00779e+05 -1.59206e+01  1.04867e+01
1.748994089e+01 -1.6515774e+01         -inf  1.00779e+05 -1.65158e+01  1.03953e+01
1.755990065e+01 -1.6798425e+01         -inf  1.00779e+05 -1.67984e+01  9.92160e+00
1.763014026e+01 -1.7986904e+01         -inf  1.00779e+05 -1.79869e+01  8.74905e+00
1.770066082e+01 -1.8422613e+01         -inf  1.00779e+05 -1.84226e+01  8.45509e+00
1.777146346e+01 -1.8822839e+01         -inf  1.00779e+05 -1.88228e+01  8.20629e+00
1.784254932e+01 -1.9573829e+01         -inf  1.00779e+05 -1.95738e+01  7.48713e+00
1.791391951e+01 -2.0403647e+01         -inf  1.00779e+05 -2.04036e+01  6.93909e+00
1.798557519e+01 -2.0825821e+01         -inf  1.00779e+05 -2.08258e+01  6.71027e+00
1.805751749e+01 -2.1281138e+01         -inf  1.00779e+05 -2.12811e+01  6.48246e+00
1.812974756e+01 -2.1709464e+01         -inf  1.00779e+05 -2.17095e+01  6.35000e+00
1.820226655e+01 -2.2112393e+01         -inf  1.00779e+05 -2.21124e+01  6.22137e+00
1.827507562e+01 -2.2381727e+01         -inf  1.00779e+05 -2.23817e+01  6.49488e+00
1.834817592e+01 -2.2190797e+01         -inf  1.00779e+05 -2.21908e+01  8.94796e+00
1.842156862e+01 -2.3136399e+01         -inf  1.00779e+05 -2.31364e+01  6.17163e+00
1.849525490e+01 -2.3439599e+01         -inf  1.00779e+05 -2.34396e+01  6.12748e+00
1.856923592e+01 -2.3693700e+01         -inf  1.00779e+05 -2.36937e+01  6.27781e+00
1.864351286e+01 -2.4010272e+01         -inf  1.00779e+05 -2.40103e+01  6.30105e+00
1.871808691e+01 -2.4326574e+01         -inf  1.00779e+05 -2.43266e+01  6.32454e+00
1.879295926e+01 -2.4678586e+01         -inf  1.00779e+05 -2.46786e+01  6.31226e+00
1.886813110e+01 -2.5043230e+01         -inf  1.00779e+05 -2.50432e+01  6.21413e+00
1.894360362e+01 -2.5327812e+01         -inf  1.00779e+05 -2.53278e+01  6.34211e+00
1.901937804e+01 -2.5687910e+01         -inf  1.00779e+05 -2.56879e+01  6.26503e+00
1.909545555e+01 -2.6044812e+01         -inf  1.00779e+05 -2.60448e+01  6.21826e+00
1.917183737e+01 -2.6364633e+01         -inf  1.00779e+05 -2.63646e+01  6.25332e+00
1.924852472e+01 -2.6720921e+01         -inf  1.00779e+05 -2.67209e+01  6.19882e+00
1.932551882e+01 -2.7058375e+01         -inf  1.00779e+05 -2.70584e+01  6.22495e+00
1.940282089e+01 -2.7406699e+01         -inf  1.00779e+05 -2.74067e+01  6.21306e+00
1.948043218e+01 -2.7753386e+01         -inf  1.00779e+05 -2.77534e+01  6.21277e+00
1.955835391e+01 -2.8100552e+01         -inf  1.00779e+05 -2.81006e+01  6.22772e+00
1.963658732e+01 -2.8453001e+01         -inf  1.00779e+05 -2.84530e+01  6.24693e+00
1.971513367e+01 -2.8807526e+01         -inf  1.00779e+05 -2.88075e+01  6.25112e+00
1.979399421e+01 -2.9165905e+01         -inf  1.00779e+05 -2.91659e+01  6.25580e+00
1.987317018e+01 -2.9525980e+01         -inf  1.00779e+05 -2.95260e+01  6.26902e+00
1.995266286e+01 -2.9888466e+01         -inf  1.00779e+05 -2.98885e+01  6.28273e+00
