# WARNING | GENERATOR | Too many electrons per pixel (up to 9.04e+13) detected in the 1.54-19.95 um spectral range. Reduce exposure time per frame to less than 0.000 seconds.
# ------------------------------------------------------------------------
# Radiance spectrum
# NASA-GSFC Planetary Spectrum Generator (PSG) (Villanueva et al. 2018, 2022)
# Synthesized on Tue Oct  6 07:36:44 2026
# Doppler velocities [km/s] (vobs,vrot+vorb,vwidth,vrfl,vstr): 29.00000,-0.00000,0.00000,0.00000,-0.00000
# ------------------------------------------------------------------------
# Spectra synthesized with the Planetary and Universal Model of Atmospheric Scattering (PUMAS, Villanueva et al. 2018, 2022)
# Single scattering radiative transfer method
# Radiative transfer took 3.172 seconds
# ------------------------------------------------------------------------
# Spectral unit: Wavelength [um]
# Radiance unit: Contrast [transit atmospheric thickness, km]
# Wave/freq Total Noise Stellar Earth Transit
2.000000000e-01  5.0873499e+01         -inf  6.89329e+05  5.08735e+01  5.08735e+01
2.008000000e-01  5.0466503e+01         -inf  6.89329e+05  5.04665e+01  5.04665e+01
2.016032000e-01  5.0287869e+01         -inf  6.89329e+05  5.02879e+01  5.02879e+01
2.024096128e-01  5.0264126e+01         -inf  6.89329e+05  5.02641e+01  5.02641e+01
2.032192513e-01  5.0187998e+01         -inf  6.89329e+05  5.01880e+01  5.01880e+01
2.040321283e-01  5.0047798e+01         -inf  6.89329e+05  5.00478e+01  5.00478e+01
2.048482568e-01  4.9957345e+01         -inf  6.89329e+05  4.99573e+01  4.99573e+01
2.056676498e-01  4.9889505e+01         -inf  6.89329e+05  4.98895e+01  4.98895e+01
2.064903204e-01  4.9838624e+01         -inf  6.89329e+05  4.98386e+01  4.98386e+01
2.073162817e-01  4.9790381e+01         -inf  6.89329e+05  4.97904e+01  4.97904e+01
2.081455468e-01  4.9746661e+01         -inf  6.89329e+05  4.97467e+01  4.97467e+01
2.089781290e-01  4.9686733e+01         -inf  6.89329e+05  4.96867e+01  4.96867e+01
2.098140415e-01  4.9646027e+01         -inf  6.89329e+05  4.96460e+01  4.96460e+01
2.106532977e-01  4.9512977e+01         -inf  6.89329e+05  4.95130e+01  4.95130e+01
2.114959109e-01  4.9339217e+01         -inf  6.89329e+05  4.93392e+01  4.93392e+01
2.123418945e-01  4.9238954e+01         -inf  6.89329e+05  4.92390e+01  4.92390e+01
2.131912621e-01  4.9178267e+01         -inf  6.89329e+05  4.91783e+01  4.91783e+01
2.140440271e-01  4.8995451e+01         -inf  6.89329e+05  4.89955e+01  4.89955e+01
2.149002032e-01  4.9095341e+01         -inf  6.89329e+05  4.90953e+01  4.90953e+01
2.157598041e-01  4.9195606e+01         -inf  6.89329e+05  4.91956e+01  4.91956e+01
2.166228433e-01  4.9301147e+01         -inf  6.89329e+05  4.93011e+01  4.93011e+01
2.174893346e-01  4.9421386e+01         -inf  6.89329e+05  4.94214e+01  4.94214e+01
2.183592920e-01  4.9545392e+01         -inf  6.89329e+05  4.95454e+01  4.95454e+01
2.192327292e-01  4.9679949e+01         -inf  6.89329e+05  4.96799e+01  4.96799e+01
2.201096601e-01  4.9835609e+01         -inf  6.89329e+05  4.98356e+01  4.98356e+01
2.209900987e-01  4.9989381e+01         -inf  6.89329e+05  4.99894e+01  4.99894e+01
2.218740591e-01  5.0159732e+01         -inf  6.89329e+05  5.01597e+01  5.01597e+01
2.227615553e-01  5.0327817e+01         -inf  6.89329e+05  5.03278e+01  5.03278e+01
2.236526016e-01  5.0498913e+01         -inf  6.89329e+05  5.04989e+01  5.04989e+01
2.245472120e-01  5.0686962e+01         -inf  6.89329e+05  5.06870e+01  5.06870e+01
2.254454008e-01  5.0850135e+01         -inf  6.89329e+05  5.08501e+01  5.08501e+01
2.263471824e-01  5.1047595e+01         -inf  6.89329e+05  5.10476e+01  5.10476e+01
2.272525711e-01  5.1229599e+01         -inf  6.89329e+05  5.12296e+01  5.12296e+01
2.281615814e-01  5.1428554e+01         -inf  6.89329e+05  5.14286e+01  5.14286e+01
2.290742278e-01  5.1641821e+01         -inf  6.89329e+05  5.16418e+01  5.16418e+01
2.299905247e-01  5.1822302e+01         -inf  6.89329e+05  5.18223e+01  5.18223e+01
2.309104868e-01  5.2046482e+01         -inf  6.89329e+05  5.20465e+01  5.20465e+01
2.318341287e-01  5.2236746e+01         -inf  6.89329e+05  5.22367e+01  5.22367e+01
2.327614652e-01  5.2458652e+01         -inf  6.89329e+05  5.24587e+01  5.24587e+01
2.336925111e-01  5.2640993e+01         -inf  6.89329e+05  5.26410e+01  5.26410e+01
2.346272811e-01  5.2861001e+01         -inf  6.89329e+05  5.28610e+01  5.28610e+01
2.355657903e-01  5.3036549e+01         -inf  6.89329e+05  5.30365e+01  5.30365e+01
2.365080534e-01  5.3228668e+01         -inf  6.89329e+05  5.32287e+01  5.32287e+01
2.374540856e-01  5.3424548e+01         -inf  6.89329e+05  5.34245e+01  5.34245e+01
2.384039020e-01  5.3594808e+01         -inf  6.89329e+05  5.35948e+01  5.35948e+01
2.393575176e-01  5.3763933e+01         -inf  6.89329e+05  5.37639e+01  5.37639e+01
2.403149477e-01  5.3943977e+01         -inf  6.89329e+05  5.39440e+01  5.39440e+01
2.412762074e-01  5.4083338e+01         -inf  6.89329e+05  5.40833e+01  5.40833e+01
2.422413123e-01  5.4236632e+01         -inf  6.89329e+05  5.42366e+01  5.42366e+01
2.432102775e-01  5.4450183e+01         -inf  6.89329e+05  5.44502e+01  5.44502e+01
2.441831186e-01  5.4558650e+01         -inf  6.89329e+05  5.45587e+01  5.45587e+01
2.451598511e-01  5.4693102e+01         -inf  6.89329e+05  5.46931e+01  5.46931e+01
2.461404905e-01  5.4783112e+01         -inf  6.89329e+05  5.47831e+01  5.47831e+01
2.471250525e-01  5.4908897e+01         -inf  6.89329e+05  5.49089e+01  5.49089e+01
2.481135527e-01  5.4910780e+01         -inf  6.89329e+05  5.49108e+01  5.49108e+01
2.491060069e-01  5.5116776e+01         -inf  6.89329e+05  5.51168e+01  5.51168e+01
2.501024309e-01  5.5097194e+01         -inf  6.89329e+05  5.50972e+01  5.50972e+01
2.511028406e-01  5.5061418e+01         -inf  6.89329e+05  5.50614e+01  5.50614e+01
2.521072520e-01  5.5261008e+01         -inf  6.89329e+05  5.52610e+01  5.52610e+01
2.531156810e-01  5.5164603e+01         -inf  6.89329e+05  5.51646e+01  5.51646e+01
2.541281437e-01  5.5163850e+01         -inf  6.89329e+05  5.51638e+01  5.51638e+01
2.551446563e-01  5.5215818e+01         -inf  6.89329e+05  5.52158e+01  5.52158e+01
2.561652349e-01  5.5167992e+01         -inf  6.89329e+05  5.51680e+01  5.51680e+01
2.571898959e-01  5.5053509e+01         -inf  6.89329e+05  5.50535e+01  5.50535e+01
2.582186555e-01  5.5068196e+01         -inf  6.89329e+05  5.50682e+01  5.50682e+01
2.592515301e-01  5.4994384e+01         -inf  6.89329e+05  5.49944e+01  5.49944e+01
2.602885362e-01  5.4894963e+01         -inf  6.89329e+05  5.48950e+01  5.48950e+01
2.613296904e-01  5.4774073e+01         -inf  6.89329e+05  5.47741e+01  5.47741e+01
2.623750091e-01  5.4679167e+01         -inf  6.89329e+05  5.46792e+01  5.46792e+01
2.634245092e-01  5.4450559e+01         -inf  6.89329e+05  5.44506e+01  5.44506e+01
2.644782072e-01  5.4442650e+01         -inf  6.89329e+05  5.44427e+01  5.44427e+01
2.655361200e-01  5.4195578e+01         -inf  6.89329e+05  5.41956e+01  5.41956e+01
2.665982645e-01  5.3991812e+01         -inf  6.89329e+05  5.39918e+01  5.39918e+01
2.676646576e-01  5.3824576e+01         -inf  6.89329e+05  5.38246e+01  5.38246e+01
2.687353162e-01  5.3507042e+01         -inf  6.89329e+05  5.35070e+01  5.35070e+01
2.698102574e-01  5.3403830e+01         -inf  6.89329e+05  5.34038e+01  5.34038e+01
2.708894985e-01  5.3034666e+01         -inf  6.89329e+05  5.30347e+01  5.30347e+01
2.719730565e-01  5.2836514e+01         -inf  6.89329e+05  5.28365e+01  5.28365e+01
2.730609487e-01  5.2550953e+01         -inf  6.89329e+05  5.25510e+01  5.25510e+01
2.741531925e-01  5.2139166e+01         -inf  6.89329e+05  5.21392e+01  5.21392e+01
2.752498053e-01  5.1914612e+01         -inf  6.89329e+05  5.19146e+01  5.19146e+01
2.763508045e-01  5.1561564e+01         -inf  6.89329e+05  5.15616e+01  5.15616e+01
2.774562077e-01  5.1222063e+01         -inf  6.89329e+05  5.12221e+01  5.12221e+01
2.785660325e-01  5.0852396e+01         -inf  6.89329e+05  5.08524e+01  5.08524e+01
2.796802967e-01  5.0509088e+01         -inf  6.89329e+05  5.05091e+01  5.05091e+01
2.807990178e-01  5.0064381e+01         -inf  6.89329e+05  5.00644e+01  5.00644e+01
2.819222139e-01  4.9637735e+01         -inf  6.89329e+05  4.96377e+01  4.96377e+01
2.830499028e-01  4.9319240e+01         -inf  6.89329e+05  4.93192e+01  4.93192e+01
2.841821024e-01  4.8845425e+01         -inf  6.89329e+05  4.88454e+01  4.88454e+01
2.853188308e-01  4.8405880e+01         -inf  6.89329e+05  4.84059e+01  4.84059e+01
2.864601061e-01  4.8016070e+01         -inf  6.89329e+05  4.80161e+01  4.80161e+01
2.876059465e-01  4.7531979e+01         -inf  6.89329e+05  4.75320e+01  4.75320e+01
2.887563703e-01  4.7025982e+01         -inf  6.89329e+05  4.70260e+01  4.70260e+01
2.899113958e-01  4.6576509e+01         -inf  6.89329e+05  4.65765e+01  4.65765e+01
2.910710414e-01  4.6141334e+01         -inf  6.89329e+05  4.61413e+01  4.61413e+01
2.922353256e-01  4.5620142e+01         -inf  6.89329e+05  4.56201e+01  4.56201e+01
2.934042669e-01  4.5153975e+01         -inf  6.89329e+05  4.51540e+01  4.51540e+01
2.945778839e-01  4.4693808e+01         -inf  6.89329e+05  4.46938e+01  4.46938e+01
2.957561955e-01  4.4156278e+01         -inf  6.89329e+05  4.41563e+01  4.41563e+01
2.969392202e-01  4.3688872e+01         -inf  6.89329e+05  4.36889e+01  4.36889e+01
2.981269771e-01  4.3168235e+01         -inf  6.89329e+05  4.31682e+01  4.31682e+01
2.993194850e-01  4.2712077e+01         -inf  6.89329e+05  4.27121e+01  4.27121e+01
3.005167630e-01  4.2235887e+01         -inf  6.89329e+05  4.22359e+01  4.22359e+01
3.017188300e-01  4.1742303e+01         -inf  6.89329e+05  4.17423e+01  4.17423e+01
3.029257054e-01  4.1267928e+01         -inf  6.89329e+05  4.12679e+01  4.12679e+01
3.041374082e-01  4.0866739e+01         -inf  6.89329e+05  4.08667e+01  4.08667e+01
3.053539578e-01  4.0327000e+01         -inf  6.89329e+05  4.03270e+01  4.03270e+01
3.065753736e-01  3.9978599e+01         -inf  6.89329e+05  3.99786e+01  3.99786e+01
3.078016751e-01  3.9434255e+01         -inf  6.89329e+05  3.94343e+01  3.94343e+01
3.090328818e-01  3.9094866e+01         -inf  6.89329e+05  3.90949e+01  3.90949e+01
3.102690134e-01  3.8560264e+01         -inf  6.89329e+05  3.85603e+01  3.85603e+01
3.115100894e-01  3.8241218e+01         -inf  6.89329e+05  3.82412e+01  3.82412e+01
3.127561298e-01  3.7689438e+01         -inf  6.89329e+05  3.76894e+01  3.76894e+01
3.140071543e-01  3.7406790e+01         -inf  6.89329e+05  3.74068e+01  3.74068e+01
3.152631829e-01  3.6918725e+01         -inf  6.89329e+05  3.69187e+01  3.69187e+01
3.165242356e-01  3.6409133e+01         -inf  6.89329e+05  3.64091e+01  3.64091e+01
3.177903326e-01  3.6221911e+01         -inf  6.89329e+05  3.62219e+01  3.62219e+01
3.190614939e-01  3.5479994e+01         -inf  6.89329e+05  3.54800e+01  3.54800e+01
3.203377399e-01  3.5427375e+01         -inf  6.89329e+05  3.54274e+01  3.54274e+01
3.216190908e-01  3.4683251e+01         -inf  6.89329e+05  3.46833e+01  3.46833e+01
3.229055672e-01  3.4741959e+01         -inf  6.89329e+05  3.47420e+01  3.47420e+01
3.241971895e-01  3.3762212e+01         -inf  6.89329e+05  3.37622e+01  3.37622e+01
3.254939782e-01  3.4134376e+01         -inf  6.89329e+05  3.41344e+01  3.41344e+01
3.267959541e-01  3.3141538e+01         -inf  6.89329e+05  3.31415e+01  3.31415e+01
3.281031380e-01  3.3497754e+01         -inf  6.89329e+05  3.34978e+01  3.34978e+01
3.294155505e-01  3.2505875e+01         -inf  6.89329e+05  3.25059e+01  3.25059e+01
3.307332127e-01  3.2861032e+01         -inf  6.89329e+05  3.28610e+01  3.28610e+01
3.320561456e-01  3.2292878e+01         -inf  6.89329e+05  3.22929e+01  3.22929e+01
3.333843702e-01  3.2194464e+01         -inf  6.89329e+05  3.21945e+01  3.21945e+01
3.347179076e-01  3.1925671e+01         -inf  6.89329e+05  3.19257e+01  3.19257e+01
3.360567793e-01  3.1590344e+01         -inf  6.89329e+05  3.15903e+01  3.15903e+01
3.374010064e-01  3.1783976e+01         -inf  6.89329e+05  3.17840e+01  3.17840e+01
3.387506104e-01  3.1304630e+01         -inf  6.89329e+05  3.13046e+01  3.13046e+01
3.401056128e-01  3.1298506e+01         -inf  6.89329e+05  3.12985e+01  3.12985e+01
3.414660353e-01  3.1034514e+01         -inf  6.89329e+05  3.10345e+01  3.10345e+01
3.428318994e-01  3.0890077e+01         -inf  6.89329e+05  3.08901e+01  3.08901e+01
3.442032270e-01  3.0938047e+01         -inf  6.89329e+05  3.09380e+01  3.09380e+01
3.455800399e-01  3.0681487e+01         -inf  6.89329e+05  3.06815e+01  3.06815e+01
3.469623601e-01  3.0567020e+01         -inf  6.89329e+05  3.05670e+01  3.05670e+01
3.483502095e-01  3.0438715e+01         -inf  6.89329e+05  3.04387e+01  3.04387e+01
3.497436104e-01  3.0315208e+01         -inf  6.89329e+05  3.03152e+01  3.03152e+01
3.511425848e-01  3.0248899e+01         -inf  6.89329e+05  3.02489e+01  3.02489e+01
3.525471552e-01  3.0133290e+01         -inf  6.89329e+05  3.01333e+01  3.01333e+01
3.539573438e-01  2.9999721e+01         -inf  6.89329e+05  2.99997e+01  2.99997e+01
3.553731732e-01  2.9899042e+01         -inf  6.89329e+05  2.98990e+01  2.98990e+01
3.567946659e-01  2.9792160e+01         -inf  6.89329e+05  2.97922e+01  2.97922e+01
3.582218445e-01  2.9687281e+01         -inf  6.89329e+05  2.96873e+01  2.96873e+01
3.596547319e-01  2.9594498e+01         -inf  6.89329e+05  2.95945e+01  2.95945e+01
3.610933508e-01  2.9485532e+01         -inf  6.89329e+05  2.94855e+01  2.94855e+01
3.625377242e-01  2.9379362e+01         -inf  6.89329e+05  2.93794e+01  2.93794e+01
3.639878751e-01  2.9277955e+01         -inf  6.89329e+05  2.92780e+01  2.92780e+01
3.654438266e-01  2.9177718e+01         -inf  6.89329e+05  2.91777e+01  2.91777e+01
3.669056019e-01  2.9074983e+01         -inf  6.89329e+05  2.90750e+01  2.90750e+01
3.683732243e-01  2.8974857e+01         -inf  6.89329e+05  2.89749e+01  2.89749e+01
3.698467172e-01  2.8873367e+01         -inf  6.89329e+05  2.88734e+01  2.88734e+01
3.713261041e-01  2.8771876e+01         -inf  6.89329e+05  2.87719e+01  2.87719e+01
3.728114085e-01  2.8671101e+01         -inf  6.89329e+05  2.86711e+01  2.86711e+01
3.743026542e-01  2.8571044e+01         -inf  6.89329e+05  2.85710e+01  2.85710e+01
3.757998648e-01  2.8470493e+01         -inf  6.89329e+05  2.84705e+01  2.84705e+01
3.773030642e-01  2.8370319e+01         -inf  6.89329e+05  2.83703e+01  2.83703e+01
3.788122765e-01  2.8270181e+01         -inf  6.89329e+05  2.82702e+01  2.82702e+01
3.803275256e-01  2.8170420e+01         -inf  6.89329e+05  2.81704e+01  2.81704e+01
3.818488357e-01  2.8070922e+01         -inf  6.89329e+05  2.80709e+01  2.80709e+01
3.833762310e-01  2.7971460e+01         -inf  6.89329e+05  2.79715e+01  2.79715e+01
3.849097360e-01  2.7871921e+01         -inf  6.89329e+05  2.78719e+01  2.78719e+01
3.864493749e-01  2.7772797e+01         -inf  6.89329e+05  2.77728e+01  2.77728e+01
3.879951724e-01  2.7674049e+01         -inf  6.89329e+05  2.76740e+01  2.76740e+01
3.895471531e-01  2.7575337e+01         -inf  6.89329e+05  2.75753e+01  2.75753e+01
3.911053417e-01  2.7476662e+01         -inf  6.89329e+05  2.74767e+01  2.74767e+01
3.926697631e-01  2.7378364e+01         -inf  6.89329e+05  2.73784e+01  2.73784e+01
3.942404421e-01  2.7280971e+01         -inf  6.89329e+05  2.72810e+01  2.72810e+01
3.958174039e-01  2.7183426e+01         -inf  6.89329e+05  2.71834e+01  2.71834e+01
3.974006735e-01  2.7085010e+01         -inf  6.89329e+05  2.70850e+01  2.70850e+01
3.989902762e-01  2.6987121e+01         -inf  6.89329e+05  2.69871e+01  2.69871e+01
4.005862373e-01  2.6890366e+01         -inf  6.89329e+05  2.68904e+01  2.68904e+01
4.021885823e-01  2.6794215e+01         -inf  6.89329e+05  2.67942e+01  2.67942e+01
4.037973366e-01  2.6697040e+01         -inf  6.89329e+05  2.66970e+01  2.66970e+01
4.054125259e-01  2.6599978e+01         -inf  6.89329e+05  2.66000e+01  2.66000e+01
4.070341760e-01  2.6505600e+01         -inf  6.89329e+05  2.65056e+01  2.65056e+01
4.086623127e-01  2.6413037e+01         -inf  6.89329e+05  2.64130e+01  2.64130e+01
4.102969620e-01  2.6318240e+01         -inf  6.89329e+05  2.63182e+01  2.63182e+01
4.119381498e-01  2.6220945e+01         -inf  6.89329e+05  2.62209e+01  2.62209e+01
4.135859024e-01  2.6123989e+01         -inf  6.89329e+05  2.61240e+01  2.61240e+01
4.152402460e-01  2.6031193e+01         -inf  6.89329e+05  2.60312e+01  2.60312e+01
4.169012070e-01  2.5940287e+01         -inf  6.89329e+05  2.59403e+01  2.59403e+01
4.185688119e-01  2.5846088e+01         -inf  6.89329e+05  2.58461e+01  2.58461e+01
4.202430871e-01  2.5751207e+01         -inf  6.89329e+05  2.57512e+01  2.57512e+01
4.219240595e-01  2.5662416e+01         -inf  6.89329e+05  2.56624e+01  2.56624e+01
4.236117557e-01  2.5579374e+01         -inf  6.89329e+05  2.55794e+01  2.55794e+01
4.253062027e-01  2.5494477e+01         -inf  6.89329e+05  2.54945e+01  2.54945e+01
4.270074275e-01  2.5400120e+01         -inf  6.89329e+05  2.54001e+01  2.54001e+01
4.287154572e-01  2.5301412e+01         -inf  6.89329e+05  2.53014e+01  2.53014e+01
4.304303191e-01  2.5210193e+01         -inf  6.89329e+05  2.52102e+01  2.52102e+01
4.321520403e-01  2.5129566e+01         -inf  6.89329e+05  2.51296e+01  2.51296e+01
4.338806485e-01  2.5043717e+01         -inf  6.89329e+05  2.50437e+01  2.50437e+01
4.356161711e-01  2.4949808e+01         -inf  6.89329e+05  2.49498e+01  2.49498e+01
4.373586358e-01  2.4864525e+01         -inf  6.89329e+05  2.48645e+01  2.48645e+01
4.391080703e-01  2.4796721e+01         -inf  6.89329e+05  2.47967e+01  2.47967e+01
4.408645026e-01  2.4733911e+01         -inf  6.89329e+05  2.47339e+01  2.47339e+01
4.426279606e-01  2.4662170e+01         -inf  6.89329e+05  2.46622e+01  2.46622e+01
4.443984725e-01  2.4565985e+01         -inf  6.89329e+05  2.45660e+01  2.45660e+01
4.461760664e-01  2.4460755e+01         -inf  6.89329e+05  2.44608e+01  2.44608e+01
4.479607706e-01  2.4375238e+01         -inf  6.89329e+05  2.43752e+01  2.43752e+01
4.497526137e-01  2.4311818e+01         -inf  6.89329e+05  2.43118e+01  2.43118e+01
4.515516242e-01  2.4236705e+01         -inf  6.89329e+05  2.42367e+01  2.42367e+01
4.533578307e-01  2.4146039e+01         -inf  6.89329e+05  2.41460e+01  2.41460e+01
4.551712620e-01  2.4071302e+01         -inf  6.89329e+05  2.40713e+01  2.40713e+01
4.569919470e-01  2.4029260e+01         -inf  6.89329e+05  2.40293e+01  2.40293e+01
4.588199148e-01  2.4005571e+01         -inf  6.89329e+05  2.40056e+01  2.40056e+01
4.606551945e-01  2.3976508e+01         -inf  6.89329e+05  2.39765e+01  2.39765e+01
4.624978152e-01  2.3902678e+01         -inf  6.89329e+05  2.39027e+01  2.39027e+01
4.643478065e-01  2.3783322e+01         -inf  6.89329e+05  2.37833e+01  2.37833e+01
4.662051977e-01  2.3675922e+01         -inf  6.89329e+05  2.36759e+01  2.36759e+01
4.680700185e-01  2.3621351e+01         -inf  6.89329e+05  2.36214e+01  2.36214e+01
4.699422986e-01  2.3579684e+01         -inf  6.89329e+05  2.35797e+01  2.35797e+01
4.718220678e-01  2.3505054e+01         -inf  6.89329e+05  2.35051e+01  2.35051e+01
4.737093561e-01  2.3431408e+01         -inf  6.89329e+05  2.34314e+01  2.34314e+01
4.756041935e-01  2.3402494e+01         -inf  6.89329e+05  2.34025e+01  2.34025e+01
4.775066103e-01  2.3422779e+01         -inf  6.89329e+05  2.34228e+01  2.34228e+01
4.794166367e-01  2.3467701e+01         -inf  6.89329e+05  2.34677e+01  2.34677e+01
4.813343033e-01  2.3494723e+01         -inf  6.89329e+05  2.34947e+01  2.34947e+01
4.832596405e-01  2.3437236e+01         -inf  6.89329e+05  2.34372e+01  2.34372e+01
4.851926790e-01  2.3309696e+01         -inf  6.89329e+05  2.33097e+01  2.33097e+01
4.871334497e-01  2.3193432e+01         -inf  6.89329e+05  2.31934e+01  2.31934e+01
4.890819835e-01  2.3146767e+01         -inf  6.89329e+05  2.31468e+01  2.31468e+01
4.910383115e-01  2.3132688e+01         -inf  6.89329e+05  2.31327e+01  2.31327e+01
4.930024647e-01  2.3087952e+01         -inf  6.89329e+05  2.30880e+01  2.30880e+01
4.949744746e-01  2.3035079e+01         -inf  6.89329e+05  2.30351e+01  2.30351e+01
4.969543725e-01  2.3034436e+01         -inf  6.89329e+05  2.30344e+01  2.30344e+01
4.989421900e-01  2.3105968e+01         -inf  6.89329e+05  2.31060e+01  2.31060e+01
5.009379587e-01  2.3221514e+01         -inf  6.89329e+05  2.32215e+01  2.32215e+01
5.029417106e-01  2.3341373e+01         -inf  6.89329e+05  2.33414e+01  2.33414e+01
5.049534774e-01  2.3395606e+01         -inf  6.89329e+05  2.33956e+01  2.33956e+01
5.069732913e-01  2.3342092e+01         -inf  6.89329e+05  2.33421e+01  2.33421e+01
5.090011845e-01  2.3222460e+01         -inf  6.89329e+05  2.32225e+01  2.32225e+01
5.110371892e-01  2.3127843e+01         -inf  6.89329e+05  2.31278e+01  2.31278e+01
5.130813380e-01  2.3105173e+01         -inf  6.89329e+05  2.31052e+01  2.31052e+01
5.151336633e-01  2.3120614e+01         -inf  6.89329e+05  2.31206e+01  2.31206e+01
5.171941980e-01  2.3126670e+01         -inf  6.89329e+05  2.31267e+01  2.31267e+01
5.192629748e-01  2.3130114e+01         -inf  6.89329e+05  2.31301e+01  2.31301e+01
5.213400267e-01  2.3163533e+01         -inf  6.89329e+05  2.31635e+01  2.31635e+01
5.234253868e-01  2.3248423e+01         -inf  6.89329e+05  2.32484e+01  2.32484e+01
5.255190883e-01  2.3375926e+01         -inf  6.89329e+05  2.33759e+01  2.33759e+01
5.276211647e-01  2.3518943e+01         -inf  6.89329e+05  2.35189e+01  2.35189e+01
5.297316493e-01  2.3646365e+01         -inf  6.89329e+05  2.36464e+01  2.36464e+01
5.318505759e-01  2.3725383e+01         -inf  6.89329e+05  2.37254e+01  2.37254e+01
5.339779782e-01  2.3732347e+01         -inf  6.89329e+05  2.37323e+01  2.37323e+01
5.361138902e-01  2.3679895e+01         -inf  6.89329e+05  2.36799e+01  2.36799e+01
5.382583457e-01  2.3639137e+01         -inf  6.89329e+05  2.36391e+01  2.36391e+01
5.404113791e-01  2.3664114e+01         -inf  6.89329e+05  2.36641e+01  2.36641e+01
5.425730246e-01  2.3733066e+01         -inf  6.89329e+05  2.37331e+01  2.37331e+01
5.447433167e-01  2.3794485e+01         -inf  6.89329e+05  2.37945e+01  2.37945e+01
5.469222900e-01  2.3825819e+01         -inf  6.89329e+05  2.38258e+01  2.38258e+01
5.491099791e-01  2.3839708e+01         -inf  6.89329e+05  2.38397e+01  2.38397e+01
5.513064191e-01  2.3854542e+01         -inf  6.89329e+05  2.38545e+01  2.38545e+01
5.535116447e-01  2.3883265e+01         -inf  6.89329e+05  2.38833e+01  2.38833e+01
5.557256913e-01  2.3939801e+01         -inf  6.89329e+05  2.39398e+01  2.39398e+01
5.579485941e-01  2.4040953e+01         -inf  6.89329e+05  2.40410e+01  2.40410e+01
5.601803884e-01  2.4181079e+01         -inf  6.89329e+05  2.41811e+01  2.41811e+01
5.624211100e-01  2.4323284e+01         -inf  6.89329e+05  2.43233e+01  2.43233e+01
5.646707944e-01  2.4431468e+01         -inf  6.89329e+05  2.44315e+01  2.44315e+01
5.669294776e-01  2.4508432e+01         -inf  6.89329e+05  2.45084e+01  2.45084e+01
5.691971955e-01  2.4578018e+01         -inf  6.89329e+05  2.45780e+01  2.45780e+01
5.714739843e-01  2.4644424e+01         -inf  6.89329e+05  2.46444e+01  2.46444e+01
5.737598803e-01  2.4670230e+01         -inf  6.89329e+05  2.46702e+01  2.46702e+01
5.760549198e-01  2.4622402e+01         -inf  6.89329e+05  2.46224e+01  2.46224e+01
5.783591395e-01  2.4522925e+01         -inf  6.89329e+05  2.45229e+01  2.45229e+01
5.806725760e-01  2.4403845e+01         -inf  6.89329e+05  2.44038e+01  2.44038e+01
5.829952663e-01  2.4294033e+01         -inf  6.89329e+05  2.42940e+01  2.42940e+01
5.853272474e-01  2.4211844e+01         -inf  6.89329e+05  2.42118e+01  2.42118e+01
5.876685564e-01  2.4164278e+01         -inf  6.89329e+05  2.41643e+01  2.41643e+01
5.900192306e-01  2.4159359e+01         -inf  6.89329e+05  2.41594e+01  2.41594e+01
5.923793075e-01  2.4217558e+01         -inf  6.89329e+05  2.42176e+01  2.42176e+01
5.947488247e-01  2.4343225e+01         -inf  6.89329e+05  2.43432e+01  2.43432e+01
5.971278200e-01  2.4490799e+01         -inf  6.89329e+05  2.44908e+01  2.44908e+01
5.995163313e-01  2.4606851e+01         -inf  6.89329e+05  2.46069e+01  2.46069e+01
6.019143966e-01  2.4645597e+01         -inf  6.89329e+05  2.46456e+01  2.46456e+01
6.043220542e-01  2.4590959e+01         -inf  6.89329e+05  2.45910e+01  2.45910e+01
6.067393425e-01  2.4456782e+01         -inf  6.89329e+05  2.44568e+01  2.44568e+01
6.091662998e-01  2.4268718e+01         -inf  6.89329e+05  2.42687e+01  2.42687e+01
6.116029650e-01  2.4061766e+01         -inf  6.89329e+05  2.40618e+01  2.40618e+01
6.140493769e-01  2.3860786e+01         -inf  6.89329e+05  2.38608e+01  2.38608e+01
6.165055744e-01  2.3677133e+01         -inf  6.89329e+05  2.36771e+01  2.36771e+01
6.189715967e-01  2.3514856e+01         -inf  6.89329e+05  2.35149e+01  2.35149e+01
6.214474831e-01  2.3372634e+01         -inf  6.89329e+05  2.33726e+01  2.33726e+01
6.239332730e-01  2.3238394e+01         -inf  6.89329e+05  2.32384e+01  2.32384e+01
6.264290061e-01  2.3098739e+01         -inf  6.89329e+05  2.30987e+01  2.30987e+01
6.289347221e-01  2.3026072e+01         -inf  6.89329e+05  2.30261e+01  2.30261e+01
6.314504610e-01  2.2804999e+01         -inf  6.89329e+05  2.28050e+01  2.28050e+01
6.339762629e-01  2.2620596e+01         -inf  6.89329e+05  2.26206e+01  2.26206e+01
6.365121679e-01  2.2436642e+01         -inf  6.89329e+05  2.24366e+01  2.24366e+01
6.390582166e-01  2.2244506e+01         -inf  6.89329e+05  2.22445e+01  2.22445e+01
6.416144494e-01  2.2049488e+01         -inf  6.89329e+05  2.20495e+01  2.20495e+01
6.441809072e-01  2.1875208e+01         -inf  6.89329e+05  2.18752e+01  2.18752e+01
6.467576309e-01  2.1711221e+01         -inf  6.89329e+05  2.17112e+01  2.17112e+01
6.493446614e-01  2.1553853e+01         -inf  6.89329e+05  2.15539e+01  2.15539e+01
6.519420400e-01  2.1406590e+01         -inf  6.89329e+05  2.14066e+01  2.14066e+01
6.545498082e-01  2.1251449e+01         -inf  6.89329e+05  2.12514e+01  2.12514e+01
6.571680074e-01  2.1094146e+01         -inf  6.89329e+05  2.10941e+01  2.10941e+01
6.597966795e-01  2.0942178e+01         -inf  6.89329e+05  2.09422e+01  2.09422e+01
6.624358662e-01  2.0795506e+01         -inf  6.89329e+05  2.07955e+01  2.07955e+01
6.650856096e-01  2.0636943e+01         -inf  6.89329e+05  2.06369e+01  2.06369e+01
6.677459521e-01  2.0464290e+01         -inf  6.89329e+05  2.04643e+01  2.04643e+01
6.704169359e-01  2.0292807e+01         -inf  6.89329e+05  2.02928e+01  2.02928e+01
6.730986036e-01  2.0128892e+01         -inf  6.89329e+05  2.01289e+01  2.01289e+01
6.757909981e-01  1.9976295e+01         -inf  6.89329e+05  1.99763e+01  1.99763e+01
6.784941620e-01  1.9830775e+01         -inf  6.89329e+05  1.98308e+01  1.98308e+01
6.812081387e-01  1.9707139e+01         -inf  6.89329e+05  1.97071e+01  1.97071e+01
6.839329712e-01  1.9607017e+01         -inf  6.89329e+05  1.96070e+01  1.96070e+01
6.866687031e-01  1.9913740e+01         -inf  6.89329e+05  1.99137e+01  1.99137e+01
6.894153779e-01  1.9813962e+01         -inf  6.89329e+05  1.98140e+01  1.98140e+01
6.921730395e-01  1.9361477e+01         -inf  6.89329e+05  1.93615e+01  1.93615e+01
6.949417316e-01  1.9068550e+01         -inf  6.89329e+05  1.90686e+01  1.90686e+01
6.977214985e-01  1.8928085e+01         -inf  6.89329e+05  1.89281e+01  1.89281e+01
7.005123845e-01  1.8807802e+01         -inf  6.89329e+05  1.88078e+01  1.88078e+01
7.033144341e-01  1.8709332e+01         -inf  6.89329e+05  1.87093e+01  1.87093e+01
7.061276918e-01  1.8628131e+01         -inf  6.89329e+05  1.86281e+01  1.86281e+01
7.089522026e-01  1.8556247e+01         -inf  6.89329e+05  1.85562e+01  1.85562e+01
7.117880114e-01  1.8495117e+01         -inf  6.89329e+05  1.84951e+01  1.84951e+01
7.146351634e-01  1.8455993e+01         -inf  6.89329e+05  1.84560e+01  1.84560e+01
7.174937041e-01  1.8392401e+01         -inf  6.89329e+05  1.83924e+01  1.83924e+01
7.203636789e-01  1.8272373e+01         -inf  6.89329e+05  1.82724e+01  1.82724e+01
7.232451336e-01  1.8160070e+01         -inf  6.89329e+05  1.81601e+01  1.81601e+01
7.261381142e-01  1.8077158e+01         -inf  6.89329e+05  1.80772e+01  1.80772e+01
7.290426666e-01  1.7987540e+01         -inf  6.89329e+05  1.79875e+01  1.79875e+01
7.319588373e-01  1.7911861e+01         -inf  6.89329e+05  1.79119e+01  1.79119e+01
7.348866726e-01  1.7864020e+01         -inf  6.89329e+05  1.78640e+01  1.78640e+01
7.378262193e-01  1.7829589e+01         -inf  6.89329e+05  1.78296e+01  1.78296e+01
7.407775242e-01  1.7805195e+01         -inf  6.89329e+05  1.78052e+01  1.78052e+01
7.437406343e-01  1.7806369e+01         -inf  6.89329e+05  1.78064e+01  1.78064e+01
7.467155968e-01  1.7814286e+01         -inf  6.89329e+05  1.78143e+01  1.78143e+01
7.497024592e-01  1.7761294e+01         -inf  6.89329e+05  1.77613e+01  1.77613e+01
7.527012690e-01  1.7633451e+01         -inf  6.89329e+05  1.76335e+01  1.76335e+01
7.557120741e-01  1.7516591e+01         -inf  6.89329e+05  1.75166e+01  1.75166e+01
7.587349224e-01  1.8070113e+01         -inf  6.89329e+05  1.80701e+01  1.80701e+01
7.617698621e-01  1.9735919e+01         -inf  6.89329e+05  1.97359e+01  1.97359e+01
7.648169416e-01  1.8601544e+01         -inf  6.89329e+05  1.86015e+01  1.86015e+01
7.678762093e-01  1.7587730e+01         -inf  6.89329e+05  1.75877e+01  1.75877e+01
7.709477142e-01  1.7313360e+01         -inf  6.89329e+05  1.73134e+01  1.73134e+01
7.740315050e-01  1.7325558e+01         -inf  6.89329e+05  1.73256e+01  1.73256e+01
7.771276310e-01  1.7371546e+01         -inf  6.89329e+05  1.73715e+01  1.73715e+01
7.802361416e-01  1.7368440e+01         -inf  6.89329e+05  1.73684e+01  1.73684e+01
7.833570861e-01  1.7280706e+01         -inf  6.89329e+05  1.72807e+01  1.72807e+01
7.864905145e-01  1.7174788e+01         -inf  6.89329e+05  1.71748e+01  1.71748e+01
7.896364765e-01  1.7098833e+01         -inf  6.89329e+05  1.70988e+01  1.70988e+01
7.927950224e-01  1.7035228e+01         -inf  6.89329e+05  1.70352e+01  1.70352e+01
7.959662025e-01  1.6981395e+01         -inf  6.89329e+05  1.69814e+01  1.69814e+01
7.991500673e-01  1.6944231e+01         -inf  6.89329e+05  1.69442e+01  1.69442e+01
8.023466676e-01  1.6915781e+01         -inf  6.89329e+05  1.69158e+01  1.69158e+01
8.055560543e-01  1.6903847e+01         -inf  6.89329e+05  1.69038e+01  1.69038e+01
8.087782785e-01  1.6924835e+01         -inf  6.89329e+05  1.69248e+01  1.69248e+01
8.120133916e-01  1.6962567e+01         -inf  6.89329e+05  1.69626e+01  1.69626e+01
8.152614452e-01  1.6991927e+01         -inf  6.89329e+05  1.69919e+01  1.69919e+01
8.185224910e-01  1.6971280e+01         -inf  6.89329e+05  1.69713e+01  1.69713e+01
8.217965809e-01  1.6886496e+01         -inf  6.89329e+05  1.68865e+01  1.68865e+01
8.250837672e-01  1.6779738e+01         -inf  6.89329e+05  1.67797e+01  1.67797e+01
8.283841023e-01  1.6699233e+01         -inf  6.89329e+05  1.66992e+01  1.66992e+01
8.316976387e-01  1.6646004e+01         -inf  6.89329e+05  1.66460e+01  1.66460e+01
8.350244293e-01  1.6613005e+01         -inf  6.89329e+05  1.66130e+01  1.66130e+01
8.383645270e-01  1.6593381e+01         -inf  6.89329e+05  1.65934e+01  1.65934e+01
8.417179851e-01  1.6582886e+01         -inf  6.89329e+05  1.65829e+01  1.65829e+01
8.450848570e-01  1.6584136e+01         -inf  6.89329e+05  1.65841e+01  1.65841e+01
8.484651965e-01  1.6607133e+01         -inf  6.89329e+05  1.66071e+01  1.66071e+01
8.518590573e-01  1.6661953e+01         -inf  6.89329e+05  1.66620e+01  1.66620e+01
8.552664935e-01  1.6660211e+01         -inf  6.89329e+05  1.66602e+01  1.66602e+01
8.586875595e-01  1.6601753e+01         -inf  6.89329e+05  1.66018e+01  1.66018e+01
8.621223097e-01  1.6528633e+01         -inf  6.89329e+05  1.65286e+01  1.65286e+01
8.655707989e-01  1.6463128e+01         -inf  6.89329e+05  1.64631e+01  1.64631e+01
8.690330821e-01  1.6417474e+01         -inf  6.89329e+05  1.64175e+01  1.64175e+01
8.725092145e-01  1.6382732e+01         -inf  6.89329e+05  1.63827e+01  1.63827e+01
8.759992513e-01  1.6361364e+01         -inf  6.89329e+05  1.63614e+01  1.63614e+01
8.795032483e-01  1.6350869e+01         -inf  6.89329e+05  1.63509e+01  1.63509e+01
8.830212613e-01  1.6351172e+01         -inf  6.89329e+05  1.63512e+01  1.63512e+01
8.865533464e-01  1.6351475e+01         -inf  6.89329e+05  1.63515e+01  1.63515e+01
8.900995597e-01  1.6341852e+01         -inf  6.89329e+05  1.63419e+01  1.63419e+01
8.936599580e-01  1.6326697e+01         -inf  6.89329e+05  1.63267e+01  1.63267e+01
8.972345978e-01  1.6336661e+01         -inf  6.89329e+05  1.63367e+01  1.63367e+01
9.008235362e-01  1.6316619e+01         -inf  6.89329e+05  1.63166e+01  1.63166e+01
9.044268304e-01  1.6273768e+01         -inf  6.89329e+05  1.62738e+01  1.62738e+01
9.080445377e-01  1.6235198e+01         -inf  6.89329e+05  1.62352e+01  1.62352e+01
9.116767158e-01  1.6205910e+01         -inf  6.89329e+05  1.62059e+01  1.62059e+01
9.153234227e-01  1.6184087e+01         -inf  6.89329e+05  1.61841e+01  1.61841e+01
9.189847164e-01  1.6167757e+01         -inf  6.89329e+05  1.61678e+01  1.61678e+01
9.226606552e-01  1.6155443e+01         -inf  6.89329e+05  1.61554e+01  1.61554e+01
9.263512979e-01  1.6144948e+01         -inf  6.89329e+05  1.61449e+01  1.61449e+01
9.300567031e-01  1.6135249e+01         -inf  6.89329e+05  1.61352e+01  1.61352e+01
9.337769299e-01  1.6122859e+01         -inf  6.89329e+05  1.61229e+01  1.61229e+01
9.375120376e-01  1.6122745e+01         -inf  6.89329e+05  1.61227e+01  1.61227e+01
9.412620857e-01  1.6140023e+01         -inf  6.89329e+05  1.61400e+01  1.61400e+01
9.450271341e-01  1.6145971e+01         -inf  6.89329e+05  1.61460e+01  1.61460e+01
9.488072426e-01  1.6107249e+01         -inf  6.89329e+05  1.61072e+01  1.61072e+01
9.526024716e-01  1.6072808e+01         -inf  6.89329e+05  1.60728e+01  1.60728e+01
9.564128815e-01  1.6056175e+01         -inf  6.89329e+05  1.60562e+01  1.60562e+01
9.602385330e-01  1.6038897e+01         -inf  6.89329e+05  1.60389e+01  1.60389e+01
9.640794871e-01  1.6026091e+01         -inf  6.89329e+05  1.60261e+01  1.60261e+01
9.679358051e-01  1.6012943e+01         -inf  6.89329e+05  1.60129e+01  1.60129e+01
9.718075483e-01  1.5999909e+01         -inf  6.89329e+05  1.59999e+01  1.59999e+01
9.756947785e-01  1.5988391e+01         -inf  6.89329e+05  1.59884e+01  1.59884e+01
9.795975576e-01  1.5978805e+01         -inf  6.89329e+05  1.59788e+01  1.59788e+01
9.835159478e-01  1.5971379e+01         -inf  6.89329e+05  1.59714e+01  1.59714e+01
9.874500116e-01  1.5972705e+01         -inf  6.89329e+05  1.59727e+01  1.59727e+01
9.913998117e-01  1.6000554e+01         -inf  6.89329e+05  1.60006e+01  1.60006e+01
9.953654109e-01  1.5977820e+01         -inf  6.89329e+05  1.59778e+01  1.59778e+01
9.993468726e-01  1.5946372e+01         -inf  6.89329e+05  1.59464e+01  1.59464e+01
1.003344260e+00  1.5929965e+01         -inf  6.89329e+05  1.59300e+01  1.59300e+01
1.007357637e+00  1.5918485e+01         -inf  6.89329e+05  1.59185e+01  1.59185e+01
1.011387068e+00  1.5908823e+01         -inf  6.89329e+05  1.59088e+01  1.59088e+01
1.015432616e+00  1.5899805e+01         -inf  6.89329e+05  1.58998e+01  1.58998e+01
1.019494346e+00  1.5890825e+01         -inf  6.89329e+05  1.58908e+01  1.58908e+01
1.023572324e+00  1.5882262e+01         -inf  6.89329e+05  1.58823e+01  1.58823e+01
1.027666613e+00  1.5874002e+01         -inf  6.89329e+05  1.58740e+01  1.58740e+01
1.031777280e+00  1.5866083e+01         -inf  6.89329e+05  1.58661e+01  1.58661e+01
1.035904389e+00  1.5861763e+01         -inf  6.89329e+05  1.58618e+01  1.58618e+01
1.040048006e+00  1.5858088e+01         -inf  6.89329e+05  1.58581e+01  1.58581e+01
1.044208198e+00  1.5849676e+01         -inf  6.89329e+05  1.58497e+01  1.58497e+01
1.048385031e+00  1.5855398e+01         -inf  6.89329e+05  1.58554e+01  1.58554e+01
1.052578571e+00  1.5850624e+01         -inf  6.89329e+05  1.58506e+01  1.58506e+01
1.056788885e+00  1.5825654e+01         -inf  6.89329e+05  1.58257e+01  1.58257e+01
1.061016041e+00  1.5818038e+01         -inf  6.89329e+05  1.58180e+01  1.58180e+01
1.065260105e+00  1.5817659e+01         -inf  6.89329e+05  1.58177e+01  1.58177e+01
1.069521146e+00  1.5806330e+01         -inf  6.89329e+05  1.58063e+01  1.58063e+01
1.073799230e+00  1.5796061e+01         -inf  6.89329e+05  1.57961e+01  1.57961e+01
1.078094427e+00  1.5788445e+01         -inf  6.89329e+05  1.57884e+01  1.57884e+01
1.082406805e+00  1.5781625e+01         -inf  6.89329e+05  1.57816e+01  1.57816e+01
1.086736432e+00  1.5775184e+01         -inf  6.89329e+05  1.57752e+01  1.57752e+01
1.091083378e+00  1.5769311e+01         -inf  6.89329e+05  1.57693e+01  1.57693e+01
1.095447711e+00  1.5763627e+01         -inf  6.89329e+05  1.57636e+01  1.57636e+01
1.099829502e+00  1.5756996e+01         -inf  6.89329e+05  1.57570e+01  1.57570e+01
1.104228820e+00  1.5750858e+01         -inf  6.89329e+05  1.57509e+01  1.57509e+01
1.108645735e+00  1.5745894e+01         -inf  6.89329e+05  1.57459e+01  1.57459e+01
1.113080318e+00  1.5744113e+01         -inf  6.89329e+05  1.57441e+01  1.57441e+01
1.117532640e+00  1.5741991e+01         -inf  6.89329e+05  1.57420e+01  1.57420e+01
1.122002770e+00  1.5744644e+01         -inf  6.89329e+05  1.57446e+01  1.57446e+01
1.126490781e+00  1.5751426e+01         -inf  6.89329e+05  1.57514e+01  1.57514e+01
1.130996744e+00  1.5745970e+01         -inf  6.89329e+05  1.57460e+01  1.57460e+01
1.135520731e+00  1.5747561e+01         -inf  6.89329e+05  1.57476e+01  1.57476e+01
1.140062814e+00  1.5723311e+01         -inf  6.89329e+05  1.57233e+01  1.57233e+01
1.144623065e+00  1.5717931e+01         -inf  6.89329e+05  1.57179e+01  1.57179e+01
1.149201558e+00  1.5724978e+01         -inf  6.89329e+05  1.57250e+01  1.57250e+01
1.153798364e+00  1.5747713e+01         -inf  6.89329e+05  1.57477e+01  1.57477e+01
1.158413557e+00  1.5732026e+01         -inf  6.89329e+05  1.57320e+01  1.57320e+01
1.163047212e+00  1.5749607e+01         -inf  6.89329e+05  1.57496e+01  1.57496e+01
1.167699401e+00  1.5722970e+01         -inf  6.89329e+05  1.57230e+01  1.57230e+01
1.172370198e+00  1.5704100e+01         -inf  6.89329e+05  1.57041e+01  1.57041e+01
1.177059679e+00  1.5688035e+01         -inf  6.89329e+05  1.56880e+01  1.56880e+01
1.181767918e+00  1.5678183e+01         -inf  6.89329e+05  1.56782e+01  1.56782e+01
1.186494989e+00  1.5671211e+01         -inf  6.89329e+05  1.56712e+01  1.56712e+01
1.191240969e+00  1.5664239e+01         -inf  6.89329e+05  1.56642e+01  1.56642e+01
1.196005933e+00  1.5654804e+01         -inf  6.89329e+05  1.56548e+01  1.56548e+01
1.200789957e+00  1.5700046e+01         -inf  6.89329e+05  1.57000e+01  1.57000e+01
1.205593117e+00  1.5940347e+01         -inf  6.89329e+05  1.59403e+01  1.59403e+01
1.210415489e+00  1.5759686e+01         -inf  6.89329e+05  1.57597e+01  1.57597e+01
1.215257151e+00  1.5667005e+01         -inf  6.89329e+05  1.56670e+01  1.56670e+01
1.220118180e+00  1.5866841e+01         -inf  6.89329e+05  1.58668e+01  1.58668e+01
1.224998652e+00  1.5724107e+01         -inf  6.89329e+05  1.57241e+01  1.57241e+01
1.229898647e+00  1.5634721e+01         -inf  6.89329e+05  1.56347e+01  1.56347e+01
1.234818242e+00  1.5627636e+01         -inf  6.89329e+05  1.56276e+01  1.56276e+01
1.239757515e+00  1.5618352e+01         -inf  6.89329e+05  1.56184e+01  1.56184e+01
1.244716545e+00  1.5612290e+01         -inf  6.89329e+05  1.56123e+01  1.56123e+01
1.249695411e+00  1.5618428e+01         -inf  6.89329e+05  1.56184e+01  1.56184e+01
1.254694192e+00  1.5643853e+01         -inf  6.89329e+05  1.56439e+01  1.56439e+01
1.259712969e+00  1.5748660e+01         -inf  6.89329e+05  1.57487e+01  1.57487e+01
1.264751821e+00  1.5980851e+01         -inf  6.89329e+05  1.59809e+01  1.59809e+01
1.269810828e+00  1.6294000e+01         -inf  6.89329e+05  1.62940e+01  1.62940e+01
1.274890072e+00  1.5764726e+01         -inf  6.89329e+05  1.57647e+01  1.57647e+01
1.279989632e+00  1.5646127e+01         -inf  6.89329e+05  1.56461e+01  1.56461e+01
1.285109591e+00  1.5595352e+01         -inf  6.89329e+05  1.55954e+01  1.55954e+01
1.290250029e+00  1.5603575e+01         -inf  6.89329e+05  1.56036e+01  1.56036e+01
1.295411029e+00  1.5595769e+01         -inf  6.89329e+05  1.55958e+01  1.55958e+01
1.300592673e+00  1.5573488e+01         -inf  6.89329e+05  1.55735e+01  1.55735e+01
1.305795044e+00  1.5570002e+01         -inf  6.89329e+05  1.55700e+01  1.55700e+01
1.311018224e+00  1.5584326e+01         -inf  6.89329e+05  1.55843e+01  1.55843e+01
1.316262297e+00  1.5655713e+01         -inf  6.89329e+05  1.56557e+01  1.56557e+01
1.321527346e+00  1.5628697e+01         -inf  6.89329e+05  1.56287e+01  1.56287e+01
1.326813455e+00  1.5579286e+01         -inf  6.89329e+05  1.55793e+01  1.55793e+01
1.332120709e+00  1.5650333e+01         -inf  6.89329e+05  1.56503e+01  1.56503e+01
1.337449192e+00  1.5614639e+01         -inf  6.89329e+05  1.56146e+01  1.56146e+01
1.342798989e+00  1.5631425e+01         -inf  6.89329e+05  1.56314e+01  1.56314e+01
1.348170185e+00  1.5596034e+01         -inf  6.89329e+05  1.55960e+01  1.55960e+01
1.353562866e+00  1.5599672e+01         -inf  6.89329e+05  1.55997e+01  1.55997e+01
1.358977117e+00  1.5614677e+01         -inf  6.89329e+05  1.56147e+01  1.56147e+01
1.364413026e+00  1.5609637e+01         -inf  6.89329e+05  1.56096e+01  1.56096e+01
1.369870678e+00  1.5601566e+01         -inf  6.89329e+05  1.56016e+01  1.56016e+01
1.375350160e+00  1.5607856e+01         -inf  6.89329e+05  1.56079e+01  1.56079e+01
1.380851561e+00  1.5611797e+01         -inf  6.89329e+05  1.56118e+01  1.56118e+01
1.386374967e+00  1.5611987e+01         -inf  6.89329e+05  1.56120e+01  1.56120e+01
1.391920467e+00  1.5602589e+01         -inf  6.89329e+05  1.56026e+01  1.56026e+01
1.397488149e+00  1.5598042e+01         -inf  6.89329e+05  1.55980e+01  1.55980e+01
1.403078102e+00  1.5599141e+01         -inf  6.89329e+05  1.55991e+01  1.55991e+01
1.408690414e+00  1.5593647e+01         -inf  6.89329e+05  1.55936e+01  1.55936e+01
1.414325176e+00  1.5560188e+01         -inf  6.89329e+05  1.55602e+01  1.55602e+01
1.419982476e+00  1.5545183e+01         -inf  6.89329e+05  1.55452e+01  1.55452e+01
1.425662406e+00  1.5536923e+01         -inf  6.89329e+05  1.55369e+01  1.55369e+01
1.431365056e+00  1.7189789e+01         -inf  6.89329e+05  1.71898e+01  1.71898e+01
1.437090516e+00  1.6744998e+01         -inf  6.89329e+05  1.67450e+01  1.67450e+01
1.442838878e+00  1.6148510e+01         -inf  6.89329e+05  1.61485e+01  1.61485e+01
1.448610234e+00  1.5662875e+01         -inf  6.89329e+05  1.56629e+01  1.56629e+01
1.454404675e+00  1.5518469e+01         -inf  6.89329e+05  1.55185e+01  1.55185e+01
1.460222293e+00  1.5504070e+01         -inf  6.89329e+05  1.55041e+01  1.55041e+01
1.466063182e+00  1.5500508e+01         -inf  6.89329e+05  1.55005e+01  1.55005e+01
1.471927435e+00  1.5615851e+01         -inf  6.89329e+05  1.56159e+01  1.56159e+01
1.477815145e+00  1.5590312e+01         -inf  6.89329e+05  1.55903e+01  1.55903e+01
1.483726405e+00  1.5517105e+01         -inf  6.89329e+05  1.55171e+01  1.55171e+01
1.489661311e+00  1.5496378e+01         -inf  6.89329e+05  1.54964e+01  1.54964e+01
1.495619956e+00  1.5518280e+01         -inf  6.89329e+05  1.55183e+01  1.55183e+01
1.501602436e+00  1.5500054e+01         -inf  6.89329e+05  1.55001e+01  1.55001e+01
1.507608846e+00  1.5485086e+01         -inf  6.89329e+05  1.54851e+01  1.54851e+01
1.513639281e+00  1.5484101e+01         -inf  6.89329e+05  1.54841e+01  1.54841e+01
1.519693838e+00  1.5484821e+01         -inf  6.89329e+05  1.54848e+01  1.54848e+01
1.525772614e+00  1.5507973e+01         -inf  6.89329e+05  1.55080e+01  1.55080e+01
1.531875704e+00  1.5631008e+01         -inf  6.89329e+05  1.56310e+01  1.56310e+01
1.538003207e+00  1.5701259e+01         -inf  6.89329e+05  1.57013e+01  1.57013e+01
1.544155220e+00  1.5593761e+01         -inf  6.89329e+05  1.55938e+01  1.55938e+01
1.550331841e+00  1.5476219e+01         -inf  6.89329e+05  1.54762e+01  1.54762e+01
1.556533168e+00  1.5472923e+01         -inf  6.89329e+05  1.54729e+01  1.54729e+01
1.562759301e+00  1.5474666e+01         -inf  6.89329e+05  1.54747e+01  1.54747e+01
1.569010338e+00  1.5985322e+01         -inf  6.89329e+05  1.59853e+01  1.59853e+01
1.575286379e+00  1.6360757e+01         -inf  6.89329e+05  1.63608e+01  1.63608e+01
1.581587525e+00  1.5954025e+01         -inf  6.89329e+05  1.59540e+01  1.59540e+01
1.587913875e+00  1.5509224e+01         -inf  6.89329e+05  1.55092e+01  1.55092e+01
1.594265530e+00  1.5497022e+01         -inf  6.89329e+05  1.54970e+01  1.54970e+01
1.600642593e+00  1.6292560e+01         -inf  6.89329e+05  1.62926e+01  1.62926e+01
1.607045163e+00  1.6299418e+01         -inf  6.89329e+05  1.62994e+01  1.62994e+01
1.613473344e+00  1.5903139e+01         -inf  6.89329e+05  1.59031e+01  1.59031e+01
1.619927237e+00  1.5530405e+01         -inf  6.89329e+05  1.55304e+01  1.55304e+01
1.626406946e+00  1.5517484e+01         -inf  6.89329e+05  1.55175e+01  1.55175e+01
1.632912574e+00  1.5585083e+01         -inf  6.89329e+05  1.55851e+01  1.55851e+01
1.639444224e+00  1.5724410e+01         -inf  6.89329e+05  1.57244e+01  1.57244e+01
1.646002001e+00  1.5764044e+01         -inf  6.89329e+05  1.57640e+01  1.57640e+01
1.652586009e+00  1.5700539e+01         -inf  6.89329e+05  1.57005e+01  1.57005e+01
1.659196353e+00  1.5540826e+01         -inf  6.89329e+05  1.55408e+01  1.55408e+01
1.665833138e+00  1.5946826e+01         -inf  6.89329e+05  1.59468e+01  1.59468e+01
1.672496471e+00  1.5534914e+01         -inf  6.89329e+05  1.55349e+01  1.55349e+01
1.679186457e+00  1.5569699e+01         -inf  6.89329e+05  1.55697e+01  1.55697e+01
1.685903203e+00  1.5571329e+01         -inf  6.89329e+05  1.55713e+01  1.55713e+01
1.692646815e+00  1.5568676e+01         -inf  6.89329e+05  1.55687e+01  1.55687e+01
1.699417403e+00  1.5577846e+01         -inf  6.89329e+05  1.55778e+01  1.55778e+01
1.706215072e+00  1.5712891e+01         -inf  6.89329e+05  1.57129e+01  1.57129e+01
1.713039933e+00  1.5580536e+01         -inf  6.89329e+05  1.55805e+01  1.55805e+01
1.719892092e+00  1.5563523e+01         -inf  6.89329e+05  1.55635e+01  1.55635e+01
1.726771661e+00  1.5663746e+01         -inf  6.89329e+05  1.56637e+01  1.56637e+01
1.733678747e+00  1.5555300e+01         -inf  6.89329e+05  1.55553e+01  1.55553e+01
1.740613462e+00  1.5513960e+01         -inf  6.89329e+05  1.55140e+01  1.55140e+01
1.747575916e+00  1.5487132e+01         -inf  6.89329e+05  1.54871e+01  1.54871e+01
1.754566220e+00  1.5479402e+01         -inf  6.89329e+05  1.54794e+01  1.54794e+01
1.761584485e+00  1.5480463e+01         -inf  6.89329e+05  1.54805e+01  1.54805e+01
1.768630823e+00  1.5526351e+01         -inf  6.89329e+05  1.55264e+01  1.55264e+01
1.775705346e+00  1.5565380e+01         -inf  6.89329e+05  1.55654e+01  1.55654e+01
1.782808167e+00  1.5511800e+01         -inf  6.89329e+05  1.55118e+01  1.55118e+01
1.789939400e+00  1.5616609e+01         -inf  6.89329e+05  1.56166e+01  1.56166e+01
1.797099158e+00  1.5494521e+01         -inf  6.89329e+05  1.54945e+01  1.54945e+01
1.804287554e+00  1.5495848e+01         -inf  6.89329e+05  1.54958e+01  1.54958e+01
1.811504704e+00  1.5495355e+01         -inf  6.89329e+05  1.54954e+01  1.54954e+01
1.818750723e+00  1.5476977e+01         -inf  6.89329e+05  1.54770e+01  1.54770e+01
1.826025726e+00  1.5456818e+01         -inf  6.89329e+05  1.54568e+01  1.54568e+01
1.833329829e+00  1.5453976e+01         -inf  6.89329e+05  1.54540e+01  1.54540e+01
1.840663148e+00  1.5458827e+01         -inf  6.89329e+05  1.54588e+01  1.54588e+01
1.848025801e+00  1.5455606e+01         -inf  6.89329e+05  1.54556e+01  1.54556e+01
1.855417904e+00  1.5453294e+01         -inf  6.89329e+05  1.54533e+01  1.54533e+01
1.862839576e+00  1.5449126e+01         -inf  6.89329e+05  1.54491e+01  1.54491e+01
1.870290934e+00  1.5462389e+01         -inf  6.89329e+05  1.54624e+01  1.54624e+01
1.877772098e+00  1.5713232e+01         -inf  6.89329e+05  1.57132e+01  1.57132e+01
1.885283186e+00  1.5718006e+01         -inf  6.89329e+05  1.57180e+01  1.57180e+01
1.892824319e+00  1.5481107e+01         -inf  6.89329e+05  1.54811e+01  1.54811e+01
1.900395616e+00  1.5444049e+01         -inf  6.89329e+05  1.54440e+01  1.54440e+01
1.907997199e+00  1.5439160e+01         -inf  6.89329e+05  1.54392e+01  1.54392e+01
1.915629188e+00  1.5433173e+01         -inf  6.89329e+05  1.54332e+01  1.54332e+01
1.923291704e+00  1.5428891e+01         -inf  6.89329e+05  1.54289e+01  1.54289e+01
1.930984871e+00  1.5425633e+01         -inf  6.89329e+05  1.54256e+01  1.54256e+01
1.938708811e+00  1.5529799e+01         -inf  6.89329e+05  1.55298e+01  1.55298e+01
1.946463646e+00  1.6775457e+01         -inf  6.89329e+05  1.67755e+01  1.67755e+01
1.954249500e+00  1.9747279e+01         -inf  6.89329e+05  1.97473e+01  1.97473e+01
1.962066498e+00  1.9055901e+01         -inf  6.89329e+05  1.90559e+01  1.90559e+01
1.969914764e+00  1.8029584e+01         -inf  6.89329e+05  1.80296e+01  1.80296e+01
1.977794423e+00  1.6097284e+01         -inf  6.89329e+05  1.60973e+01  1.60973e+01
1.985705601e+00  1.5671476e+01         -inf  6.89329e+05  1.56715e+01  1.56715e+01
1.993648424e+00  1.6225082e+01         -inf  6.89329e+05  1.62251e+01  1.62251e+01
2.001623017e+00  2.1913101e+01         -inf  6.89329e+05  2.19131e+01  2.19131e+01
2.009629509e+00  2.2274978e+01         -inf  6.89329e+05  2.22750e+01  2.22750e+01
2.017668027e+00  2.0799520e+01         -inf  6.89329e+05  2.07995e+01  2.07995e+01
2.025738699e+00  1.7337074e+01         -inf  6.89329e+05  1.73371e+01  1.73371e+01
2.033841654e+00  1.6683927e+01         -inf  6.89329e+05  1.66839e+01  1.66839e+01
2.041977021e+00  1.6847400e+01         -inf  6.89329e+05  1.68474e+01  1.68474e+01
2.050144929e+00  1.8343996e+01         -inf  6.89329e+05  1.83440e+01  1.83440e+01
2.058345509e+00  1.8596052e+01         -inf  6.89329e+05  1.85961e+01  1.85961e+01
2.066578891e+00  1.8249458e+01         -inf  6.89329e+05  1.82495e+01  1.82495e+01
2.074845206e+00  1.7206116e+01         -inf  6.89329e+05  1.72061e+01  1.72061e+01
2.083144587e+00  1.6553638e+01         -inf  6.89329e+05  1.65536e+01  1.65536e+01
2.091477165e+00  1.6111379e+01         -inf  6.89329e+05  1.61114e+01  1.61114e+01
2.099843074e+00  1.5771849e+01         -inf  6.89329e+05  1.57718e+01  1.57718e+01
2.108242446e+00  1.5691520e+01         -inf  6.89329e+05  1.56915e+01  1.56915e+01
2.116675416e+00  1.5603385e+01         -inf  6.89329e+05  1.56034e+01  1.56034e+01
2.125142118e+00  1.5491868e+01         -inf  6.89329e+05  1.54919e+01  1.54919e+01
2.133642686e+00  1.5449467e+01         -inf  6.89329e+05  1.54495e+01  1.54495e+01
2.142177257e+00  1.5530026e+01         -inf  6.89329e+05  1.55300e+01  1.55300e+01
2.150745966e+00  1.5665261e+01         -inf  6.89329e+05  1.56653e+01  1.56653e+01
2.159348950e+00  1.5664125e+01         -inf  6.89329e+05  1.56641e+01  1.56641e+01
2.167986346e+00  1.5638321e+01         -inf  6.89329e+05  1.56383e+01  1.56383e+01
2.176658291e+00  1.5600959e+01         -inf  6.89329e+05  1.56010e+01  1.56010e+01
2.185364924e+00  1.5490731e+01         -inf  6.89329e+05  1.54907e+01  1.54907e+01
2.194106384e+00  1.5555565e+01         -inf  6.89329e+05  1.55556e+01  1.55556e+01
2.202882810e+00  1.6111871e+01         -inf  6.89329e+05  1.61119e+01  1.61119e+01
2.211694341e+00  1.5505396e+01         -inf  6.89329e+05  1.55054e+01  1.55054e+01
2.220541118e+00  1.5653931e+01         -inf  6.89329e+05  1.56539e+01  1.56539e+01
2.229423283e+00  1.5781283e+01         -inf  6.89329e+05  1.57813e+01  1.57813e+01
2.238340976e+00  1.5847326e+01         -inf  6.89329e+05  1.58473e+01  1.58473e+01
2.247294340e+00  1.5986495e+01         -inf  6.89329e+05  1.59865e+01  1.59865e+01
2.256283517e+00  1.6062501e+01         -inf  6.89329e+05  1.60625e+01  1.60625e+01
2.265308651e+00  1.6154381e+01         -inf  6.89329e+05  1.61544e+01  1.61544e+01
2.274369886e+00  1.6327756e+01         -inf  6.89329e+05  1.63278e+01  1.63278e+01
2.283467365e+00  1.6335333e+01         -inf  6.89329e+05  1.63353e+01  1.63353e+01
2.292601235e+00  1.6563032e+01         -inf  6.89329e+05  1.65630e+01  1.65630e+01
2.301771640e+00  1.6860657e+01         -inf  6.89329e+05  1.68607e+01  1.68607e+01
2.310978726e+00  1.5984486e+01         -inf  6.89329e+05  1.59845e+01  1.59845e+01
2.320222641e+00  1.6760149e+01         -inf  6.89329e+05  1.67601e+01  1.67602e+01
2.329503532e+00  1.6324459e+01         -inf  6.89329e+05  1.63245e+01  1.63245e+01
2.338821546e+00  1.6687182e+01         -inf  6.89329e+05  1.66872e+01  1.66872e+01
2.348176832e+00  1.6936803e+01         -inf  6.89329e+05  1.69368e+01  1.69368e+01
2.357569539e+00  1.6441112e+01         -inf  6.89329e+05  1.64411e+01  1.64411e+01
2.366999817e+00  1.6622132e+01         -inf  6.89329e+05  1.66221e+01  1.66221e+01
2.376467817e+00  1.6693925e+01         -inf  6.89329e+05  1.66939e+01  1.66939e+01
2.385973688e+00  1.6063483e+01         -inf  6.89329e+05  1.60635e+01  1.60635e+01
2.395517583e+00  1.6086444e+01         -inf  6.89329e+05  1.60864e+01  1.60864e+01
2.405099653e+00  1.5796587e+01         -inf  6.89329e+05  1.57966e+01  1.57966e+01
2.414720052e+00  1.5621985e+01         -inf  6.89329e+05  1.56220e+01  1.56220e+01
2.424378932e+00  1.5770518e+01         -inf  6.89329e+05  1.57705e+01  1.57705e+01
2.434076448e+00  1.5588639e+01         -inf  6.89329e+05  1.55886e+01  1.55886e+01
2.443812753e+00  1.5520206e+01         -inf  6.89329e+05  1.55202e+01  1.55202e+01
2.453588004e+00  1.5486406e+01         -inf  6.89329e+05  1.54864e+01  1.54864e+01
2.463402356e+00  1.5447452e+01         -inf  6.89329e+05  1.54475e+01  1.54475e+01
2.473255966e+00  1.5477955e+01         -inf  6.89329e+05  1.54780e+01  1.54780e+01
2.483148990e+00  1.6145547e+01         -inf  6.89329e+05  1.61455e+01  1.61456e+01
2.493081586e+00  1.5906580e+01         -inf  6.89329e+05  1.59066e+01  1.59066e+01
2.503053912e+00  1.5721977e+01         -inf  6.89329e+05  1.57220e+01  1.57220e+01
2.513066128e+00  1.5535248e+01         -inf  6.89329e+05  1.55352e+01  1.55353e+01
2.523118392e+00  1.5465224e+01         -inf  6.89329e+05  1.54652e+01  1.54652e+01
2.533210866e+00  1.5448363e+01         -inf  6.89329e+05  1.54484e+01  1.54484e+01
2.543343709e+00  1.5431729e+01         -inf  6.89329e+05  1.54317e+01  1.54317e+01
2.553517084e+00  1.5489251e+01         -inf  6.89329e+05  1.54893e+01  1.54893e+01
2.563731152e+00  1.5689509e+01         -inf  6.89329e+05  1.56895e+01  1.56895e+01
2.573986077e+00  1.5679014e+01         -inf  6.89329e+05  1.56790e+01  1.56790e+01
2.584282021e+00  1.5793294e+01         -inf  6.89329e+05  1.57933e+01  1.57933e+01
2.594619149e+00  1.5902531e+01         -inf  6.89329e+05  1.59025e+01  1.59025e+01
2.604997626e+00  1.5820234e+01         -inf  6.89329e+05  1.58202e+01  1.58202e+01
2.615417616e+00  1.5820272e+01         -inf  6.89329e+05  1.58203e+01  1.58203e+01
2.625879287e+00  1.5674468e+01         -inf  6.89329e+05  1.56745e+01  1.56745e+01
2.636382804e+00  1.5598798e+01         -inf  6.89329e+05  1.55988e+01  1.55988e+01
2.646928335e+00  1.5578791e+01         -inf  6.89329e+05  1.55788e+01  1.55788e+01
2.657516049e+00  1.6023588e+01         -inf  6.89329e+05  1.60236e+01  1.60236e+01
2.668146113e+00  2.4459881e+01         -inf  6.89329e+05  2.44599e+01  2.44599e+01
2.678818697e+00  3.4931863e+01         -inf  6.89329e+05  3.49319e+01  3.49319e+01
2.689533972e+00  3.3712296e+01         -inf  6.89329e+05  3.37123e+01  3.37123e+01
2.700292108e+00  3.4615811e+01         -inf  6.89329e+05  3.46158e+01  3.46158e+01
2.711093276e+00  3.0953352e+01         -inf  6.89329e+05  3.09534e+01  3.09534e+01
2.721937650e+00  2.4487315e+01         -inf  6.89329e+05  2.44873e+01  2.44873e+01
2.732825400e+00  2.2694363e+01         -inf  6.89329e+05  2.26944e+01  2.26944e+01
2.743756702e+00  2.6851857e+01         -inf  6.89329e+05  2.68519e+01  2.68519e+01
2.754731729e+00  3.2944543e+01         -inf  6.89329e+05  3.29445e+01  3.29445e+01
2.765750655e+00  3.1766210e+01         -inf  6.89329e+05  3.17662e+01  3.17662e+01
2.776813658e+00  3.3660492e+01         -inf  6.89329e+05  3.36605e+01  3.36605e+01
2.787920913e+00  3.1101492e+01         -inf  6.89329e+05  3.11015e+01  3.11015e+01
2.799072596e+00  2.7061328e+01         -inf  6.89329e+05  2.70613e+01  2.70613e+01
2.810268887e+00  2.4623267e+01         -inf  6.89329e+05  2.46233e+01  2.46233e+01
2.821509962e+00  2.2191201e+01         -inf  6.89329e+05  2.21912e+01  2.21912e+01
2.832796002e+00  1.9546638e+01         -inf  6.89329e+05  1.95466e+01  1.95467e+01
2.844127186e+00  1.9460446e+01         -inf  6.89329e+05  1.94604e+01  1.94605e+01
2.855503695e+00  1.8183104e+01         -inf  6.89329e+05  1.81831e+01  1.81831e+01
2.866925710e+00  1.7582114e+01         -inf  6.89329e+05  1.75821e+01  1.75822e+01
2.878393413e+00  1.6837748e+01         -inf  6.89329e+05  1.68377e+01  1.68378e+01
2.889906986e+00  1.6443565e+01         -inf  6.89329e+05  1.64436e+01  1.64437e+01
2.901466614e+00  1.5846496e+01         -inf  6.89329e+05  1.58465e+01  1.58466e+01
2.913072481e+00  1.5512771e+01         -inf  6.89329e+05  1.55128e+01  1.55129e+01
2.924724770e+00  1.5436785e+01         -inf  6.89329e+05  1.54368e+01  1.54369e+01
2.936423670e+00  1.5403503e+01         -inf  6.89329e+05  1.54035e+01  1.54037e+01
2.948169364e+00  1.5441916e+01         -inf  6.89329e+05  1.54419e+01  1.54421e+01
2.959962042e+00  1.5656871e+01         -inf  6.89329e+05  1.56569e+01  1.56570e+01
2.971801890e+00  1.5778916e+01         -inf  6.89329e+05  1.57789e+01  1.57791e+01
2.983689097e+00  1.5889884e+01         -inf  6.89329e+05  1.58899e+01  1.58901e+01
2.995623854e+00  1.5581504e+01         -inf  6.89329e+05  1.55815e+01  1.55817e+01
3.007606349e+00  1.5554438e+01         -inf  6.89329e+05  1.55544e+01  1.55547e+01
3.019636775e+00  1.5552570e+01         -inf  6.89329e+05  1.55526e+01  1.55528e+01
3.031715322e+00  1.5426332e+01         -inf  6.89329e+05  1.54263e+01  1.54266e+01
3.043842183e+00  1.5400133e+01         -inf  6.89329e+05  1.54001e+01  1.54004e+01
3.056017552e+00  1.5403187e+01         -inf  6.89329e+05  1.54032e+01  1.54035e+01
3.068241622e+00  1.5393926e+01         -inf  6.89329e+05  1.53939e+01  1.53942e+01
3.080514588e+00  1.5389135e+01         -inf  6.89329e+05  1.53891e+01  1.53894e+01
3.092836647e+00  1.5389269e+01         -inf  6.89329e+05  1.53893e+01  1.53896e+01
3.105207993e+00  1.5400049e+01         -inf  6.89329e+05  1.54000e+01  1.54004e+01
3.117628825e+00  1.5498172e+01         -inf  6.89329e+05  1.54982e+01  1.54985e+01
3.130099341e+00  1.5955150e+01         -inf  6.89329e+05  1.59552e+01  1.59555e+01
3.142619738e+00  1.5715541e+01         -inf  6.89329e+05  1.57155e+01  1.57160e+01
3.155190217e+00  1.5916114e+01         -inf  6.89329e+05  1.59161e+01  1.59166e+01
3.167810978e+00  1.5827995e+01         -inf  6.89329e+05  1.58280e+01  1.58285e+01
3.180482222e+00  1.6444707e+01         -inf  6.89329e+05  1.64447e+01  1.64452e+01
3.193204151e+00  1.6414866e+01         -inf  6.89329e+05  1.64149e+01  1.64154e+01
3.205976967e+00  1.6548246e+01         -inf  6.89329e+05  1.65482e+01  1.65488e+01
3.218800875e+00  1.7155269e+01         -inf  6.89329e+05  1.71553e+01  1.71558e+01
3.231676079e+00  1.6781186e+01         -inf  6.89329e+05  1.67812e+01  1.67817e+01
3.244602783e+00  1.7439277e+01         -inf  6.89329e+05  1.74393e+01  1.74398e+01
3.257581194e+00  1.7453297e+01         -inf  6.89329e+05  1.74533e+01  1.74539e+01
3.270611519e+00  1.9719545e+01         -inf  6.89329e+05  1.97195e+01  1.97202e+01
3.283693965e+00  1.8528261e+01         -inf  6.89329e+05  1.85283e+01  1.85290e+01
3.296828741e+00  1.8342120e+01         -inf  6.89329e+05  1.83421e+01  1.83429e+01
3.310016056e+00  2.2363608e+01         -inf  6.89329e+05  2.23636e+01  2.23641e+01
3.323256120e+00  2.0192581e+01         -inf  6.89329e+05  2.01926e+01  2.01933e+01
3.336549144e+00  1.6314321e+01         -inf  6.89329e+05  1.63143e+01  1.63153e+01
3.349895341e+00  1.6384603e+01         -inf  6.89329e+05  1.63846e+01  1.63856e+01
3.363294922e+00  1.7465398e+01         -inf  6.89329e+05  1.74654e+01  1.74664e+01
3.376748102e+00  1.7343888e+01         -inf  6.89329e+05  1.73439e+01  1.73449e+01
3.390255094e+00  1.7450813e+01         -inf  6.89329e+05  1.74508e+01  1.74519e+01
3.403816115e+00  1.7262274e+01         -inf  6.89329e+05  1.72623e+01  1.72634e+01
3.417431379e+00  1.6497522e+01         -inf  6.89329e+05  1.64975e+01  1.64988e+01
3.431101105e+00  1.6640693e+01         -inf  6.89329e+05  1.66407e+01  1.66421e+01
3.444825509e+00  1.6458141e+01         -inf  6.89329e+05  1.64581e+01  1.64596e+01
3.458604811e+00  1.6197031e+01         -inf  6.89329e+05  1.61970e+01  1.61986e+01
3.472439231e+00  1.6526538e+01         -inf  6.89329e+05  1.65265e+01  1.65282e+01
3.486328987e+00  1.6401666e+01         -inf  6.89329e+05  1.64017e+01  1.64034e+01
3.500274303e+00  1.6007321e+01         -inf  6.89329e+05  1.60073e+01  1.60092e+01
3.514275401e+00  1.5668571e+01         -inf  6.89329e+05  1.56686e+01  1.56706e+01
3.528332502e+00  1.5915302e+01         -inf  6.89329e+05  1.59153e+01  1.59174e+01
3.542445832e+00  1.6534693e+01         -inf  6.89329e+05  1.65347e+01  1.65368e+01
3.556615616e+00  1.5900646e+01         -inf  6.89329e+05  1.59006e+01  1.59029e+01
3.570842078e+00  1.7254484e+01         -inf  6.89329e+05  1.72545e+01  1.72568e+01
3.585125446e+00  1.6787109e+01         -inf  6.89329e+05  1.67871e+01  1.67896e+01
3.599465948e+00  1.6435667e+01         -inf  6.89329e+05  1.64357e+01  1.64383e+01
3.613863812e+00  1.6344293e+01         -inf  6.89329e+05  1.63443e+01  1.63471e+01
3.628319267e+00  1.5976315e+01         -inf  6.89329e+05  1.59763e+01  1.59793e+01
3.642832544e+00  1.6068232e+01         -inf  6.89329e+05  1.60682e+01  1.60713e+01
3.657403874e+00  1.5647092e+01         -inf  6.89329e+05  1.56471e+01  1.56504e+01
3.672033490e+00  1.5721670e+01         -inf  6.89329e+05  1.57217e+01  1.57251e+01
3.686721624e+00  1.5742067e+01         -inf  6.89329e+05  1.57421e+01  1.57457e+01
3.701468510e+00  1.5579426e+01         -inf  6.89329e+05  1.55794e+01  1.55833e+01
3.716274384e+00  1.5641729e+01         -inf  6.89329e+05  1.56417e+01  1.56457e+01
3.731139482e+00  1.5687572e+01         -inf  6.89329e+05  1.56876e+01  1.56918e+01
3.746064040e+00  1.5593649e+01         -inf  6.89329e+05  1.55936e+01  1.55981e+01
3.761048296e+00  1.5537953e+01         -inf  6.89329e+05  1.55380e+01  1.55426e+01
3.776092489e+00  1.5553721e+01         -inf  6.89329e+05  1.55537e+01  1.55586e+01
3.791196859e+00  1.5679048e+01         -inf  6.89329e+05  1.56790e+01  1.56841e+01
3.806361647e+00  1.5724795e+01         -inf  6.89329e+05  1.57248e+01  1.57301e+01
3.821587093e+00  1.5612955e+01         -inf  6.89329e+05  1.56130e+01  1.56185e+01
3.836873442e+00  1.5764445e+01         -inf  6.89329e+05  1.57644e+01  1.57703e+01
3.852220935e+00  1.5900603e+01         -inf  6.89329e+05  1.59006e+01  1.59066e+01
3.867629819e+00  1.6355822e+01         -inf  6.89329e+05  1.63558e+01  1.63618e+01
3.883100338e+00  1.6785499e+01         -inf  6.89329e+05  1.67855e+01  1.67914e+01
3.898632740e+00  1.6398342e+01         -inf  6.89329e+05  1.63983e+01  1.64050e+01
3.914227271e+00  1.6628933e+01         -inf  6.89329e+05  1.66289e+01  1.66356e+01
3.929884180e+00  1.6437362e+01         -inf  6.89329e+05  1.64374e+01  1.64444e+01
3.945603716e+00  1.6154059e+01         -inf  6.89329e+05  1.61541e+01  1.61617e+01
3.961386131e+00  1.5990162e+01         -inf  6.89329e+05  1.59902e+01  1.59983e+01
3.977231676e+00  1.6128116e+01         -inf  6.89329e+05  1.61281e+01  1.61366e+01
3.993140603e+00  1.6132818e+01         -inf  6.89329e+05  1.61328e+01  1.61416e+01
4.009113165e+00  1.6405042e+01         -inf  6.89329e+05  1.64050e+01  1.64140e+01
4.025149618e+00  1.6732066e+01         -inf  6.89329e+05  1.67321e+01  1.67411e+01
4.041250216e+00  1.7146205e+01         -inf  6.89329e+05  1.71462e+01  1.71553e+01
4.057415217e+00  1.7243918e+01         -inf  6.89329e+05  1.72439e+01  1.72533e+01
4.073644878e+00  1.7642483e+01         -inf  6.89329e+05  1.76425e+01  1.76518e+01
4.089939457e+00  1.7949507e+01         -inf  6.89329e+05  1.79495e+01  1.79587e+01
4.106299215e+00  1.8104625e+01         -inf  6.89329e+05  1.81046e+01  1.81141e+01
4.122724412e+00  1.8308203e+01         -inf  6.89329e+05  1.83082e+01  1.83178e+01
4.139215310e+00  1.8527363e+01         -inf  6.89329e+05  1.85274e+01  1.85370e+01
4.155772171e+00  1.8720557e+01         -inf  6.89329e+05  1.87206e+01  1.87286e+01
4.172395260e+00  2.0238991e+01         -inf  6.89329e+05  2.02390e+01  2.02422e+01
4.189084841e+00  2.7202167e+01         -inf  6.89329e+05  2.72022e+01  2.72034e+01
4.205841180e+00  3.8888407e+01         -inf  6.89329e+05  3.88884e+01  3.88906e+01
4.222664545e+00  4.7260998e+01         -inf  6.89329e+05  4.72610e+01  4.72654e+01
4.239555203e+00  5.0560397e+01         -inf  6.89329e+05  5.05604e+01  5.05652e+01
4.256513424e+00  4.8283094e+01         -inf  6.89329e+05  4.82831e+01  4.82860e+01
4.273539477e+00  5.0242940e+01         -inf  6.89329e+05  5.02429e+01  5.02468e+01
4.290633635e+00  4.8919112e+01         -inf  6.89329e+05  4.89191e+01  4.89231e+01
4.307796170e+00  4.6314343e+01         -inf  6.89329e+05  4.63143e+01  4.63182e+01
4.325027355e+00  4.2908366e+01         -inf  6.89329e+05  4.29084e+01  4.29113e+01
4.342327464e+00  4.0157372e+01         -inf  6.89329e+05  4.01574e+01  4.01598e+01
4.359696774e+00  3.7867198e+01         -inf  6.89329e+05  3.78672e+01  3.78688e+01
4.377135561e+00  3.4788574e+01         -inf  6.89329e+05  3.47886e+01  3.47898e+01
4.394644103e+00  3.4202481e+01         -inf  6.89329e+05  3.42025e+01  3.42034e+01
4.412222680e+00  3.3140393e+01         -inf  6.89329e+05  3.31404e+01  3.31413e+01
4.429871570e+00  3.0983694e+01         -inf  6.89329e+05  3.09837e+01  3.09848e+01
4.447591057e+00  2.7231436e+01         -inf  6.89329e+05  2.72314e+01  2.72336e+01
4.465381421e+00  2.4784290e+01         -inf  6.89329e+05  2.47843e+01  2.47874e+01
4.483242946e+00  2.2945315e+01         -inf  6.89329e+05  2.29453e+01  2.29500e+01
4.501175918e+00  2.1092092e+01         -inf  6.89329e+05  2.10921e+01  2.11015e+01
4.519180622e+00  2.1784379e+01         -inf  6.89329e+05  2.17844e+01  2.17929e+01
4.537257344e+00  2.0963171e+01         -inf  6.89329e+05  2.09632e+01  2.09749e+01
4.555406374e+00  1.9809687e+01         -inf  6.89329e+05  1.98097e+01  1.98270e+01
4.573627999e+00  1.8687174e+01         -inf  6.89329e+05  1.86872e+01  1.87116e+01
4.591922511e+00  1.7365853e+01         -inf  6.89329e+05  1.73659e+01  1.73989e+01
4.610290201e+00  1.6682836e+01         -inf  6.89329e+05  1.66828e+01  1.67211e+01
4.628731362e+00  1.6230536e+01         -inf  6.89329e+05  1.62305e+01  1.62720e+01
4.647246288e+00  1.5990411e+01         -inf  6.89329e+05  1.59904e+01  1.60344e+01
4.665835273e+00  1.5825940e+01         -inf  6.89329e+05  1.58259e+01  1.58720e+01
4.684498614e+00  1.7485403e+01         -inf  6.89329e+05  1.74854e+01  1.75326e+01
4.703236608e+00  2.5099065e+01         -inf  6.89329e+05  2.50991e+01  2.51383e+01
4.722049555e+00  2.5636143e+01         -inf  6.89329e+05  2.56361e+01  2.56763e+01
4.740937753e+00  2.3666726e+01         -inf  6.89329e+05  2.36667e+01  2.37093e+01
4.759901504e+00  2.4614361e+01         -inf  6.89329e+05  2.46144e+01  2.46591e+01
4.778941110e+00  2.3854807e+01         -inf  6.89329e+05  2.38548e+01  2.38959e+01
4.798056874e+00  2.2181811e+01         -inf  6.89329e+05  2.21818e+01  2.22211e+01
4.817249102e+00  2.2686058e+01         -inf  6.89329e+05  2.26861e+01  2.27105e+01
4.836518098e+00  2.0496647e+01         -inf  6.89329e+05  2.04966e+01  2.05287e+01
4.855864171e+00  1.9386060e+01         -inf  6.89329e+05  1.93861e+01  1.94173e+01
4.875287627e+00  1.8191729e+01         -inf  6.89329e+05  1.81917e+01  1.82312e+01
4.894788778e+00  1.7221777e+01         -inf  6.89329e+05  1.72218e+01  1.72748e+01
4.914367933e+00  1.7186262e+01         -inf  6.89329e+05  1.71863e+01  1.72482e+01
4.934025405e+00  1.6344204e+01         -inf  6.89329e+05  1.63442e+01  1.64177e+01
4.953761506e+00  1.6152751e+01         -inf  6.89329e+05  1.61528e+01  1.62296e+01
4.973576552e+00  1.5846215e+01         -inf  6.89329e+05  1.58462e+01  1.59274e+01
4.993470859e+00  1.5649114e+01         -inf  6.89329e+05  1.56491e+01  1.57343e+01
5.013444742e+00  1.5467459e+01         -inf  6.89329e+05  1.54675e+01  1.55562e+01
5.033498521e+00  1.5406005e+01         -inf  6.89329e+05  1.54060e+01  1.54974e+01
5.053632515e+00  1.5370830e+01         -inf  6.89329e+05  1.53708e+01  1.54644e+01
5.073847045e+00  1.5409493e+01         -inf  6.89329e+05  1.54095e+01  1.55037e+01
5.094142433e+00  1.5500292e+01         -inf  6.89329e+05  1.55003e+01  1.55949e+01
5.114519003e+00  1.5490389e+01         -inf  6.89329e+05  1.54904e+01  1.55872e+01
5.134977079e+00  1.5381703e+01         -inf  6.89329e+05  1.53817e+01  1.54821e+01
5.155516987e+00  1.5538008e+01         -inf  6.89329e+05  1.55380e+01  1.56368e+01
5.176139055e+00  1.7634294e+01         -inf  6.89329e+05  1.76343e+01  1.77117e+01
5.196843612e+00  1.6130974e+01         -inf  6.89329e+05  1.61310e+01  1.62208e+01
5.217630986e+00  1.6492653e+01         -inf  6.89329e+05  1.64927e+01  1.65753e+01
5.238501510e+00  1.6185846e+01         -inf  6.89329e+05  1.61858e+01  1.62725e+01
5.259455516e+00  1.5934517e+01         -inf  6.89329e+05  1.59345e+01  1.60263e+01
5.280493338e+00  1.5615865e+01         -inf  6.89329e+05  1.56159e+01  1.57127e+01
5.301615311e+00  1.5472440e+01         -inf  6.89329e+05  1.54724e+01  1.55713e+01
5.322821773e+00  1.5591399e+01         -inf  6.89329e+05  1.55914e+01  1.56896e+01
5.344113060e+00  1.5461754e+01         -inf  6.89329e+05  1.54618e+01  1.55586e+01
5.365489512e+00  1.5483112e+01         -inf  6.89329e+05  1.54831e+01  1.55791e+01
5.386951470e+00  1.5494659e+01         -inf  6.89329e+05  1.54947e+01  1.55902e+01
5.408499276e+00  1.5521433e+01         -inf  6.89329e+05  1.55214e+01  1.56166e+01
5.430133273e+00  1.5548266e+01         -inf  6.89329e+05  1.55483e+01  1.56437e+01
5.451853806e+00  1.5576456e+01         -inf  6.89329e+05  1.55765e+01  1.56718e+01
5.473661221e+00  1.5683763e+01         -inf  6.89329e+05  1.56838e+01  1.57786e+01
5.495555866e+00  1.5826858e+01         -inf  6.89329e+05  1.58269e+01  1.59209e+01
5.517538090e+00  1.5887592e+01         -inf  6.89329e+05  1.58876e+01  1.59813e+01
5.539608242e+00  1.5799988e+01         -inf  6.89329e+05  1.58000e+01  1.58932e+01
5.561766675e+00  1.5598443e+01         -inf  6.89329e+05  1.55984e+01  1.56912e+01
5.584013742e+00  1.5689763e+01         -inf  6.89329e+05  1.56898e+01  1.57823e+01
5.606349797e+00  1.5757444e+01         -inf  6.89329e+05  1.57574e+01  1.58498e+01
5.628775196e+00  1.5703483e+01         -inf  6.89329e+05  1.57035e+01  1.57958e+01
5.651290297e+00  1.5616694e+01         -inf  6.89329e+05  1.56167e+01  1.57090e+01
5.673895458e+00  1.5591089e+01         -inf  6.89329e+05  1.55911e+01  1.56833e+01
5.696591040e+00  1.5568587e+01         -inf  6.89329e+05  1.55686e+01  1.56608e+01
5.719377404e+00  1.5917753e+01         -inf  6.89329e+05  1.59178e+01  1.60100e+01
5.742254913e+00  1.7487473e+01         -inf  6.89329e+05  1.74875e+01  1.75789e+01
5.765223933e+00  1.7301720e+01         -inf  6.89329e+05  1.73017e+01  1.73930e+01
5.788284829e+00  1.6616175e+01         -inf  6.89329e+05  1.66162e+01  1.67076e+01
5.811437968e+00  1.6708300e+01         -inf  6.89329e+05  1.67083e+01  1.67994e+01
5.834683720e+00  1.7003494e+01         -inf  6.89329e+05  1.70035e+01  1.70947e+01
5.858022455e+00  1.6741286e+01         -inf  6.89329e+05  1.67413e+01  1.68333e+01
5.881454545e+00  1.6341168e+01         -inf  6.89329e+05  1.63412e+01  1.64345e+01
5.904980363e+00  1.5976745e+01         -inf  6.89329e+05  1.59767e+01  1.60716e+01
5.928600284e+00  1.5753087e+01         -inf  6.89329e+05  1.57531e+01  1.58497e+01
5.952314685e+00  1.5660846e+01         -inf  6.89329e+05  1.56608e+01  1.57593e+01
5.976123944e+00  1.5602176e+01         -inf  6.89329e+05  1.56022e+01  1.57033e+01
6.000028440e+00  1.5614233e+01         -inf  6.89329e+05  1.56142e+01  1.57184e+01
6.024028554e+00  1.5602177e+01         -inf  6.89329e+05  1.56022e+01  1.57099e+01
6.048124668e+00  1.5630780e+01         -inf  6.89329e+05  1.56308e+01  1.57429e+01
6.072317167e+00  1.5648940e+01         -inf  6.89329e+05  1.56489e+01  1.57658e+01
6.096606435e+00  1.5653339e+01         -inf  6.89329e+05  1.56533e+01  1.57754e+01
6.120992861e+00  1.5683200e+01         -inf  6.89329e+05  1.56832e+01  1.58111e+01
6.145476832e+00  1.5673256e+01         -inf  6.89329e+05  1.56733e+01  1.58075e+01
6.170058740e+00  1.5698966e+01         -inf  6.89329e+05  1.56990e+01  1.58402e+01
6.194738975e+00  1.5698159e+01         -inf  6.89329e+05  1.56982e+01  1.58458e+01
6.219517931e+00  1.5709019e+01         -inf  6.89329e+05  1.57090e+01  1.58626e+01
6.244396002e+00  1.5693869e+01         -inf  6.89329e+05  1.56939e+01  1.58524e+01
6.269373586e+00  1.5645439e+01         -inf  6.89329e+05  1.56454e+01  1.58078e+01
6.294451081e+00  1.5718435e+01         -inf  6.89329e+05  1.57184e+01  1.58840e+01
6.319628885e+00  1.5655090e+01         -inf  6.89329e+05  1.56551e+01  1.58230e+01
6.344907401e+00  1.5739872e+01         -inf  6.89329e+05  1.57399e+01  1.59099e+01
6.370287030e+00  1.5705013e+01         -inf  6.89329e+05  1.57050e+01  1.58774e+01
6.395768178e+00  1.5769892e+01         -inf  6.89329e+05  1.57699e+01  1.59450e+01
6.421351251e+00  1.5817699e+01         -inf  6.89329e+05  1.58177e+01  1.59960e+01
6.447036656e+00  1.5875047e+01         -inf  6.89329e+05  1.58750e+01  1.60574e+01
6.472824803e+00  1.5968664e+01         -inf  6.89329e+05  1.59687e+01  1.61561e+01
6.498716102e+00  1.6376444e+01         -inf  6.89329e+05  1.63764e+01  1.65690e+01
6.524710966e+00  1.5824980e+01         -inf  6.89329e+05  1.58250e+01  1.60260e+01
6.550809810e+00  1.5585558e+01         -inf  6.89329e+05  1.55856e+01  1.57953e+01
6.577013049e+00  1.5550306e+01         -inf  6.89329e+05  1.55503e+01  1.57694e+01
6.603321102e+00  1.5518094e+01         -inf  6.89329e+05  1.55181e+01  1.57479e+01
6.629734386e+00  1.5481725e+01         -inf  6.89329e+05  1.54817e+01  1.57230e+01
6.656253324e+00  1.5499010e+01         -inf  6.89329e+05  1.54990e+01  1.57525e+01
6.682878337e+00  1.5433599e+01         -inf  6.89329e+05  1.54336e+01  1.57004e+01
6.709609850e+00  1.5399876e+01         -inf  6.89329e+05  1.53999e+01  1.56809e+01
6.736448290e+00  1.5425245e+01         -inf  6.89329e+05  1.54252e+01  1.57211e+01
6.763394083e+00  1.5307257e+01         -inf  6.89329e+05  1.53073e+01  1.56196e+01
6.790447659e+00  1.5493094e+01         -inf  6.89329e+05  1.54931e+01  1.58227e+01
6.817609450e+00  1.5321609e+01         -inf  6.89329e+05  1.53216e+01  1.56708e+01
6.844879888e+00  1.5294483e+01         -inf  6.89329e+05  1.52945e+01  1.56636e+01
6.872259407e+00  1.5265369e+01         -inf  6.89329e+05  1.52654e+01  1.56550e+01
6.899748445e+00  1.5318005e+01         -inf  6.89329e+05  1.53180e+01  1.57293e+01
6.927347438e+00  1.5185387e+01         -inf  6.89329e+05  1.51854e+01  1.56210e+01
6.955056828e+00  1.5085317e+01         -inf  6.89329e+05  1.50853e+01  1.55472e+01
6.982877056e+00  1.5123653e+01         -inf  6.89329e+05  1.51237e+01  1.56131e+01
7.010808564e+00  1.5083211e+01         -inf  6.89329e+05  1.50832e+01  1.56027e+01
7.038851798e+00  1.4975854e+01         -inf  6.89329e+05  1.49759e+01  1.55287e+01
7.067007205e+00  1.4940414e+01         -inf  6.89329e+05  1.49404e+01  1.55267e+01
7.095275234e+00  1.4899730e+01         -inf  6.89329e+05  1.48997e+01  1.55229e+01
7.123656335e+00  1.4839078e+01         -inf  6.89329e+05  1.48391e+01  1.54996e+01
7.152150960e+00  1.4841079e+01         -inf  6.89329e+05  1.48411e+01  1.55419e+01
7.180759564e+00  1.4823850e+01         -inf  6.89329e+05  1.48239e+01  1.55665e+01
7.209482602e+00  1.4922669e+01         -inf  6.89329e+05  1.49227e+01  1.57074e+01
7.238320533e+00  1.5074191e+01         -inf  6.89329e+05  1.50742e+01  1.58990e+01
7.267273815e+00  1.5325722e+01         -inf  6.89329e+05  1.53257e+01  1.61881e+01
7.296342910e+00  1.5276228e+01         -inf  6.89329e+05  1.52762e+01  1.61875e+01
7.325528282e+00  1.5764284e+01         -inf  6.89329e+05  1.57643e+01  1.67015e+01
7.354830395e+00  1.6316043e+01         -inf  6.89329e+05  1.63160e+01  1.72657e+01
7.384249717e+00  1.7035712e+01         -inf  6.89329e+05  1.70357e+01  1.79831e+01
7.413786715e+00  1.6557620e+01         -inf  6.89329e+05  1.65576e+01  1.75894e+01
7.443441862e+00  1.7287711e+01         -inf  6.89329e+05  1.72877e+01  1.83250e+01
7.473215630e+00  1.6843195e+01         -inf  6.89329e+05  1.68432e+01  1.79681e+01
7.503108492e+00  1.7258058e+01         -inf  6.89329e+05  1.72581e+01  1.84037e+01
7.533120926e+00  1.6583085e+01         -inf  6.89329e+05  1.65831e+01  1.78347e+01
7.563253410e+00  1.5544762e+01         -inf  6.89329e+05  1.55448e+01  1.69301e+01
7.593506424e+00  1.5345441e+01         -inf  6.89329e+05  1.53454e+01  1.67633e+01
7.623880449e+00  1.5958259e+01         -inf  6.89329e+05  1.59583e+01  1.73073e+01
7.654375971e+00  2.0924395e+01         -inf  6.89329e+05  2.09244e+01  2.18794e+01
7.684993475e+00  2.0982365e+01         -inf  6.89329e+05  2.09824e+01  2.18734e+01
7.715733449e+00  1.9211136e+01         -inf  6.89329e+05  1.92111e+01  2.03001e+01
7.746596383e+00  1.7703208e+01         -inf  6.89329e+05  1.77032e+01  1.89883e+01
7.777582768e+00  1.6773287e+01         -inf  6.89329e+05  1.67733e+01  1.82570e+01
7.808693099e+00  1.7295850e+01         -inf  6.89329e+05  1.72959e+01  1.87023e+01
7.839927872e+00  1.7830543e+01         -inf  6.89329e+05  1.78305e+01  1.91594e+01
7.871287583e+00  1.7971373e+01         -inf  6.89329e+05  1.79714e+01  1.93116e+01
7.902772733e+00  1.7065175e+01         -inf  6.89329e+05  1.70652e+01  1.85588e+01
7.934383824e+00  1.6656329e+01         -inf  6.89329e+05  1.66563e+01  1.82836e+01
7.966121360e+00  1.5530590e+01         -inf  6.89329e+05  1.55306e+01  1.73554e+01
7.997985845e+00  1.5008872e+01         -inf  6.89329e+05  1.50089e+01  1.69550e+01
8.029977788e+00  1.4982345e+01         -inf  6.89329e+05  1.49823e+01  1.69815e+01
8.062097700e+00  1.4395928e+01         -inf  6.89329e+05  1.43959e+01  1.65304e+01
8.094346090e+00  1.4127040e+01         -inf  6.89329e+05  1.41270e+01  1.63430e+01
8.126723475e+00  1.3725627e+01         -inf  6.89329e+05  1.37256e+01  1.60419e+01
8.159230369e+00  1.3444611e+01         -inf  6.89329e+05  1.34446e+01  1.58361e+01
8.191867290e+00  1.3515815e+01         -inf  6.89329e+05  1.35158e+01  1.59434e+01
8.224634759e+00  1.3203182e+01         -inf  6.89329e+05  1.32032e+01  1.57089e+01
8.257533298e+00  1.3193713e+01         -inf  6.89329e+05  1.31937e+01  1.57483e+01
8.290563432e+00  1.2992334e+01         -inf  6.89329e+05  1.29923e+01  1.56117e+01
8.323725685e+00  1.3099800e+01         -inf  6.89329e+05  1.30998e+01  1.57613e+01
8.357020588e+00  1.3118749e+01         -inf  6.89329e+05  1.31187e+01  1.58290e+01
8.390448670e+00  1.3308778e+01         -inf  6.89329e+05  1.33088e+01  1.60528e+01
8.424010465e+00  1.3408005e+01         -inf  6.89329e+05  1.34080e+01  1.61967e+01
8.457706507e+00  1.3607006e+01         -inf  6.89329e+05  1.36070e+01  1.64266e+01
8.491537333e+00  1.3689595e+01         -inf  6.89329e+05  1.36896e+01  1.65692e+01
8.525503482e+00  1.3771812e+01         -inf  6.89329e+05  1.37718e+01  1.67149e+01
8.559605496e+00  1.3693217e+01         -inf  6.89329e+05  1.36932e+01  1.67200e+01
8.593843918e+00  1.3875133e+01         -inf  6.89329e+05  1.38751e+01  1.69333e+01
8.628219294e+00  1.4057283e+01         -inf  6.89329e+05  1.40573e+01  1.71526e+01
8.662732171e+00  1.3991878e+01         -inf  6.89329e+05  1.39919e+01  1.71418e+01
8.697383100e+00  1.4306885e+01         -inf  6.89329e+05  1.43069e+01  1.75187e+01
8.732172632e+00  1.4275451e+01         -inf  6.89329e+05  1.42755e+01  1.75643e+01
8.767101323e+00  1.4274223e+01         -inf  6.89329e+05  1.42742e+01  1.76377e+01
8.802169728e+00  1.4948352e+01         -inf  6.89329e+05  1.49484e+01  1.83669e+01
8.837378407e+00  1.5089870e+01         -inf  6.89329e+05  1.50899e+01  1.85622e+01
8.872727920e+00  1.4861456e+01         -inf  6.89329e+05  1.48615e+01  1.83931e+01
8.908218832e+00  1.4827993e+01         -inf  6.89329e+05  1.48280e+01  1.84233e+01
8.943851707e+00  1.4874863e+01         -inf  6.89329e+05  1.48749e+01  1.85390e+01
8.979627114e+00  1.4471444e+01         -inf  6.89329e+05  1.44714e+01  1.82204e+01
9.015545623e+00  1.3945000e+01         -inf  6.89329e+05  1.39450e+01  1.77825e+01
9.051607805e+00  1.4205178e+01         -inf  6.89329e+05  1.42052e+01  1.81102e+01
9.087814236e+00  1.4219790e+01         -inf  6.89329e+05  1.42198e+01  1.82008e+01
9.124165493e+00  1.4277479e+01         -inf  6.89329e+05  1.42775e+01  1.83271e+01
9.160662155e+00  1.4534692e+01         -inf  6.89329e+05  1.45347e+01  1.85820e+01
9.197304804e+00  1.5178117e+01         -inf  6.89329e+05  1.51781e+01  1.91343e+01
9.234094023e+00  1.4817391e+01         -inf  6.89329e+05  1.48174e+01  1.87010e+01
9.271030399e+00  1.4715030e+01         -inf  6.89329e+05  1.47150e+01  1.85993e+01
9.308114521e+00  1.4969256e+01         -inf  6.89329e+05  1.49693e+01  1.89611e+01
9.345346979e+00  1.6323738e+01         -inf  6.89329e+05  1.63237e+01  2.04200e+01
9.382728367e+00  2.2547991e+01         -inf  6.89329e+05  2.25480e+01  2.64078e+01
9.420259280e+00  2.8359156e+01         -inf  6.89329e+05  2.83592e+01  3.12023e+01
9.457940318e+00  3.0468412e+01         -inf  6.89329e+05  3.04684e+01  3.27702e+01
9.495772079e+00  3.1760189e+01         -inf  6.89329e+05  3.17602e+01  3.37211e+01
9.533755167e+00  3.0322465e+01         -inf  6.89329e+05  3.03225e+01  3.27118e+01
9.571890188e+00  2.4518144e+01         -inf  6.89329e+05  2.45181e+01  2.82847e+01
9.610177749e+00  3.0116188e+01         -inf  6.89329e+05  3.01162e+01  3.26726e+01
9.648618460e+00  3.0672880e+01         -inf  6.89329e+05  3.06729e+01  3.33288e+01
9.687212933e+00  2.9130470e+01         -inf  6.89329e+05  2.91305e+01  3.21938e+01
9.725961785e+00  2.8344693e+01         -inf  6.89329e+05  2.83447e+01  3.14796e+01
9.764865632e+00  2.8441110e+01         -inf  6.89329e+05  2.84411e+01  3.16436e+01
9.803925095e+00  2.7549417e+01         -inf  6.89329e+05  2.75494e+01  3.10530e+01
9.843140795e+00  2.6233399e+01         -inf  6.89329e+05  2.62334e+01  3.00985e+01
9.882513358e+00  2.4357683e+01         -inf  6.89329e+05  2.43577e+01  2.87259e+01
9.922043412e+00  2.2465165e+01         -inf  6.89329e+05  2.24652e+01  2.72764e+01
9.961731585e+00  2.0598881e+01         -inf  6.89329e+05  2.05989e+01  2.58029e+01
1.000157851e+01  1.8431480e+01         -inf  6.89329e+05  1.84315e+01  2.39890e+01
1.004158483e+01  1.5835567e+01         -inf  6.89329e+05  1.58356e+01  2.17151e+01
1.008175117e+01  1.4445432e+01         -inf  6.89329e+05  1.44454e+01  2.05185e+01
1.012207817e+01  1.2699761e+01         -inf  6.89329e+05  1.26998e+01  1.88901e+01
1.016256648e+01  1.1550394e+01         -inf  6.89329e+05  1.15504e+01  1.77443e+01
1.020321675e+01  1.0627116e+01         -inf  6.89329e+05  1.06271e+01  1.67917e+01
1.024402962e+01  1.0103013e+01         -inf  6.89329e+05  1.01030e+01  1.63048e+01
1.028500573e+01  9.7808724e+00         -inf  6.89329e+05  9.78087e+00  1.60345e+01
1.032614576e+01  9.4678433e+00         -inf  6.89329e+05  9.46784e+00  1.58321e+01
1.036745034e+01  8.8600920e+00         -inf  6.89329e+05  8.86009e+00  1.56147e+01
1.040892014e+01  8.4511256e+00         -inf  6.89329e+05  8.45113e+00  1.54721e+01
1.045055582e+01  8.7373875e+00         -inf  6.89329e+05  8.73739e+00  1.55977e+01
1.049235805e+01  8.6053171e+00         -inf  6.89329e+05  8.60532e+00  1.55618e+01
1.053432748e+01  8.5344743e+00         -inf  6.89329e+05  8.53447e+00  1.55640e+01
1.057646479e+01  8.4191055e+00         -inf  6.89329e+05  8.41911e+00  1.55530e+01
1.061877065e+01  8.2607798e+00         -inf  6.89329e+05  8.26078e+00  1.55303e+01
1.066124573e+01  8.0669132e+00         -inf  6.89329e+05  8.06691e+00  1.55022e+01
1.070389071e+01  7.8486566e+00         -inf  6.89329e+05  7.84866e+00  1.54696e+01
1.074670627e+01  7.6289070e+00         -inf  6.89329e+05  7.62891e+00  1.54394e+01
1.078969310e+01  7.4260015e+00         -inf  6.89329e+05  7.42600e+00  1.54167e+01
1.083285187e+01  7.2449956e+00         -inf  6.89329e+05  7.24500e+00  1.54012e+01
1.087618328e+01  7.0901925e+00         -inf  6.89329e+05  7.09019e+00  1.53945e+01
1.091968801e+01  6.9529971e+00         -inf  6.89329e+05  6.95300e+00  1.53876e+01
1.096336676e+01  6.8204645e+00         -inf  6.89329e+05  6.82046e+00  1.53851e+01
1.100722023e+01  6.6925694e+00         -inf  6.89329e+05  6.69257e+00  1.53842e+01
1.105124911e+01  6.5655686e+00         -inf  6.89329e+05  6.56557e+00  1.53841e+01
1.109545411e+01  6.4419433e+00         -inf  6.89329e+05  6.44194e+00  1.53854e+01
1.113983593e+01  6.3100591e+00         -inf  6.89329e+05  6.31006e+00  1.53817e+01
1.118439527e+01  6.1769917e+00         -inf  6.89329e+05  6.17699e+00  1.53796e+01
1.122913285e+01  6.0468238e+00         -inf  6.89329e+05  6.04682e+00  1.53784e+01
1.127404938e+01  5.9143468e+00         -inf  6.89329e+05  5.91435e+00  1.53766e+01
1.131914558e+01  5.7845485e+00         -inf  6.89329e+05  5.78455e+00  1.53769e+01
1.136442216e+01  5.6533428e+00         -inf  6.89329e+05  5.65334e+00  1.53765e+01
1.140987985e+01  5.5219034e+00         -inf  6.89329e+05  5.52190e+00  1.53768e+01
1.145551937e+01  5.3880474e+00         -inf  6.89329e+05  5.38805e+00  1.53764e+01
1.150134145e+01  5.2537225e+00         -inf  6.89329e+05  5.25372e+00  1.53763e+01
1.154734681e+01  5.1276008e+00         -inf  6.89329e+05  5.12760e+00  1.53782e+01
1.159353620e+01  4.9983833e+00         -inf  6.89329e+05  4.99838e+00  1.53799e+01
1.163991035e+01  4.8495775e+00         -inf  6.89329e+05  4.84958e+00  1.53775e+01
1.168646999e+01  4.7152733e+00         -inf  6.89329e+05  4.71527e+00  1.53793e+01
1.173321587e+01  4.5796133e+00         -inf  6.89329e+05  4.57961e+00  1.53807e+01
1.178014873e+01  4.4436205e+00         -inf  6.89329e+05  4.44362e+00  1.53825e+01
1.182726932e+01  4.3109979e+00         -inf  6.89329e+05  4.31100e+00  1.53866e+01
1.187457840e+01  4.1712404e+00         -inf  6.89329e+05  4.17124e+00  1.53877e+01
1.192207672e+01  4.0387838e+00         -inf  6.89329e+05  4.03878e+00  1.53956e+01
1.196976502e+01  3.9012236e+00         -inf  6.89329e+05  3.90122e+00  1.53974e+01
1.201764408e+01  3.7875350e+00         -inf  6.89329e+05  3.78754e+00  1.54138e+01
1.206571466e+01  3.8921021e+00         -inf  6.89329e+05  3.89210e+00  1.54506e+01
1.211397752e+01  3.5800657e+00         -inf  6.89329e+05  3.58007e+00  1.54365e+01
1.216243343e+01  3.5589110e+00         -inf  6.89329e+05  3.55891e+00  1.54849e+01
1.221108316e+01  3.5293928e+00         -inf  6.89329e+05  3.52939e+00  1.54993e+01
1.225992749e+01  3.5697760e+00         -inf  6.89329e+05  3.56978e+00  1.55687e+01
1.230896720e+01  3.5895077e+00         -inf  6.89329e+05  3.58951e+00  1.56154e+01
1.235820307e+01  3.6080508e+00         -inf  6.89329e+05  3.60805e+00  1.56713e+01
1.240763589e+01  3.6405301e+00         -inf  6.89329e+05  3.64053e+00  1.57643e+01
1.245726643e+01  3.5478756e+00         -inf  6.89329e+05  3.54788e+00  1.57673e+01
1.250709549e+01  3.5237996e+00         -inf  6.89329e+05  3.52380e+00  1.59015e+01
1.255712388e+01  3.2789113e+00         -inf  6.89329e+05  3.27891e+00  1.58611e+01
1.260735237e+01  5.3093128e+00         -inf  6.89329e+05  5.30931e+00  1.64804e+01
1.265778178e+01  4.2501917e+00         -inf  6.89329e+05  4.25019e+00  1.64756e+01
1.270841291e+01  2.9440405e+00         -inf  6.89329e+05  2.94404e+00  1.60815e+01
1.275924656e+01  3.3048729e+00         -inf  6.89329e+05  3.30487e+00  1.63378e+01
1.281028355e+01  3.4320202e+00         -inf  6.89329e+05  3.43202e+00  1.63567e+01
1.286152468e+01  3.7348175e+00         -inf  6.89329e+05  3.73482e+00  1.65997e+01
1.291297078e+01  3.8343499e+00         -inf  6.89329e+05  3.83435e+00  1.65863e+01
1.296462266e+01  5.0020539e+00         -inf  6.89329e+05  5.00205e+00  1.72109e+01
1.301648115e+01  4.7675221e+00         -inf  6.89329e+05  4.76752e+00  1.69029e+01
1.306854708e+01  5.4571599e+00         -inf  6.89329e+05  5.45716e+00  1.75784e+01
1.312082127e+01  5.6382800e+00         -inf  6.89329e+05  5.63828e+00  1.73738e+01
1.317330455e+01  6.6364184e+00         -inf  6.89329e+05  6.63642e+00  1.77499e+01
1.322599777e+01  8.1880958e+00         -inf  6.89329e+05  8.18810e+00  1.85801e+01
1.327890176e+01  8.3691088e+00         -inf  6.89329e+05  8.36911e+00  1.84192e+01
1.333201737e+01  1.0325043e+01         -inf  6.89329e+05  1.03250e+01  1.99117e+01
1.338534544e+01  1.0116719e+01         -inf  6.89329e+05  1.01167e+01  1.93971e+01
1.343888682e+01  1.2190978e+01         -inf  6.89329e+05  1.21910e+01  2.10408e+01
1.349264237e+01  1.7424076e+01         -inf  6.89329e+05  1.74241e+01  2.46477e+01
1.354661294e+01  1.4178494e+01         -inf  6.89329e+05  1.41785e+01  2.21630e+01
1.360079939e+01  1.5032309e+01         -inf  6.89329e+05  1.50323e+01  2.29897e+01
1.365520258e+01  1.4709751e+01         -inf  6.89329e+05  1.47098e+01  2.27275e+01
1.370982339e+01  1.5123413e+01         -inf  6.89329e+05  1.51234e+01  2.33984e+01
1.376466269e+01  1.3221747e+01         -inf  6.89329e+05  1.32217e+01  2.19447e+01
1.381972134e+01  1.5334669e+01         -inf  6.89329e+05  1.53347e+01  2.38036e+01
1.387500022e+01  2.8275835e+01         -inf  6.89329e+05  2.82758e+01  3.39928e+01
1.393050023e+01  1.8579775e+01         -inf  6.89329e+05  1.85798e+01  2.59414e+01
1.398622223e+01  1.7012305e+01         -inf  6.89329e+05  1.70123e+01  2.47767e+01
1.404216712e+01  1.8862204e+01         -inf  6.89329e+05  1.88622e+01  2.61059e+01
1.409833578e+01  1.9631861e+01         -inf  6.89329e+05  1.96319e+01  2.66656e+01
1.415472913e+01  2.1385769e+01         -inf  6.89329e+05  2.13858e+01  2.79223e+01
1.421134804e+01  2.4117466e+01         -inf  6.89329e+05  2.41175e+01  3.02279e+01
1.426819344e+01  2.5402000e+01         -inf  6.89329e+05  2.54020e+01  3.11953e+01
1.432526621e+01  2.6429332e+01         -inf  6.89329e+05  2.64293e+01  3.20683e+01
1.438256727e+01  2.9163810e+01         -inf  6.89329e+05  2.91638e+01  3.45437e+01
1.444009754e+01  3.0500178e+01         -inf  6.89329e+05  3.05002e+01  3.59192e+01
1.449785793e+01  3.0606552e+01         -inf  6.89329e+05  3.06066e+01  3.59394e+01
1.455584937e+01  3.2060885e+01         -inf  6.89329e+05  3.20609e+01  3.75169e+01
1.461407276e+01  3.3519002e+01         -inf  6.89329e+05  3.35190e+01  3.91424e+01
1.467252905e+01  3.3366076e+01         -inf  6.89329e+05  3.33661e+01  3.90454e+01
1.473121917e+01  3.3458942e+01         -inf  6.89329e+05  3.34589e+01  3.92270e+01
1.479014405e+01  3.4610645e+01         -inf  6.89329e+05  3.46106e+01  4.05720e+01
1.484930462e+01  3.4160109e+01         -inf  6.89329e+05  3.41601e+01  4.01579e+01
1.490870184e+01  3.4796511e+01         -inf  6.89329e+05  3.47965e+01  4.09415e+01
1.496833665e+01  4.7874195e+01         -inf  6.89329e+05  4.78742e+01  5.46935e+01
1.502821000e+01  3.5277820e+01         -inf  6.89329e+05  3.52778e+01  4.15336e+01
1.508832284e+01  3.6149764e+01         -inf  6.89329e+05  3.61498e+01  4.26227e+01
1.514867613e+01  3.3437193e+01         -inf  6.89329e+05  3.34372e+01  3.98408e+01
1.520927083e+01  3.2035398e+01         -inf  6.89329e+05  3.20354e+01  3.83696e+01
1.527010791e+01  3.2695449e+01         -inf  6.89329e+05  3.26954e+01  3.92338e+01
1.533118835e+01  3.3070757e+01         -inf  6.89329e+05  3.30708e+01  3.97427e+01
1.539251310e+01  3.4708410e+01         -inf  6.89329e+05  3.47084e+01  4.15864e+01
1.545408315e+01  3.0918934e+01         -inf  6.89329e+05  3.09189e+01  3.77674e+01
1.551589948e+01  3.0358025e+01         -inf  6.89329e+05  3.03580e+01  3.72418e+01
1.557796308e+01  2.8306953e+01         -inf  6.89329e+05  2.83070e+01  3.53703e+01
1.564027493e+01  2.6033212e+01         -inf  6.89329e+05  2.60332e+01  3.33470e+01
1.570283603e+01  2.5997423e+01         -inf  6.89329e+05  2.59974e+01  3.35519e+01
1.576564738e+01  2.4176043e+01         -inf  6.89329e+05  2.41760e+01  3.20957e+01
1.582870997e+01  2.1855184e+01         -inf  6.89329e+05  2.18552e+01  3.04332e+01
1.589202481e+01  2.0272832e+01         -inf  6.89329e+05  2.02728e+01  2.93194e+01
1.595559291e+01  1.6660761e+01         -inf  6.89329e+05  1.66608e+01  2.68247e+01
1.601941528e+01  1.6188616e+01         -inf  6.89329e+05  1.61886e+01  2.67287e+01
1.608349294e+01  1.1027748e+01         -inf  6.89329e+05  1.10277e+01  2.34493e+01
1.614782691e+01  1.3808955e+01         -inf  6.89329e+05  1.38090e+01  2.54378e+01
1.621241822e+01  2.2805357e+01         -inf  6.89329e+05  2.28054e+01  3.23961e+01
1.627726789e+01  1.0695103e+01         -inf  6.89329e+05  1.06951e+01  2.35213e+01
1.634237696e+01  8.1734694e+00         -inf  6.89329e+05  8.17347e+00  2.19599e+01
1.640774647e+01  1.0176748e+01         -inf  6.89329e+05  1.01767e+01  2.33751e+01
1.647337746e+01  9.4771642e+00         -inf  6.89329e+05  9.47716e+00  2.32371e+01
1.653927097e+01  7.8813122e+00         -inf  6.89329e+05  7.88131e+00  2.20925e+01
1.660542805e+01  6.7842093e+00         -inf  6.89329e+05  6.78421e+00  2.15275e+01
1.667184976e+01  5.5066616e+00         -inf  6.89329e+05  5.50666e+00  2.09849e+01
1.673853716e+01  1.0976076e+01         -inf  6.89329e+05  1.09761e+01  2.47715e+01
1.680549131e+01  4.3435931e+00         -inf  6.89329e+05  4.34359e+00  2.07384e+01
1.687271328e+01  2.7041958e+00         -inf  6.89329e+05  2.70420e+00  1.97538e+01
1.694020413e+01  2.0307963e+00         -inf  6.89329e+05  2.03080e+00  1.97887e+01
1.700796495e+01  8.5709539e-01         -inf  6.89329e+05  8.57095e-01  1.90216e+01
1.707599681e+01 -2.1504249e+00         -inf  6.89329e+05 -2.15042e+00  1.78206e+01
1.714430079e+01 -2.5026553e+00         -inf  6.89329e+05 -2.50266e+00  1.77874e+01
1.721287800e+01 -3.8784948e+00         -inf  6.89329e+05 -3.87849e+00  1.72387e+01
1.728172951e+01 -5.1073241e+00         -inf  6.89329e+05 -5.10732e+00  1.69556e+01
1.735085643e+01 -5.3109402e+00         -inf  6.89329e+05 -5.31094e+00  1.70153e+01
1.742025985e+01 -7.3741494e+00         -inf  6.89329e+05 -7.37415e+00  1.63435e+01
1.748994089e+01 -7.2127847e+00         -inf  6.89329e+05 -7.21278e+00  1.64351e+01
1.755990065e+01 -8.1795878e+00         -inf  6.89329e+05 -8.17959e+00  1.62138e+01
1.763014026e+01 -8.9298110e+00         -inf  6.89329e+05 -8.92981e+00  1.59474e+01
1.770066082e+01 -9.3044768e+00         -inf  6.89329e+05 -9.30448e+00  1.58926e+01
1.777146346e+01 -9.7142733e+00         -inf  6.89329e+05 -9.71427e+00  1.58385e+01
1.784254932e+01 -1.0400741e+01         -inf  6.89329e+05 -1.04007e+01  1.56728e+01
1.791391951e+01 -1.0570233e+01         -inf  6.89329e+05 -1.05702e+01  1.56233e+01
1.798557519e+01 -1.0925733e+01         -inf  6.89329e+05 -1.09257e+01  1.55688e+01
1.805751749e+01 -1.1276064e+01         -inf  6.89329e+05 -1.12761e+01  1.55002e+01
1.812974756e+01 -1.1395399e+01         -inf  6.89329e+05 -1.13954e+01  1.55308e+01
1.820226655e+01 -1.1773238e+01         -inf  6.89329e+05 -1.17732e+01  1.54469e+01
1.827507562e+01 -1.1497152e+01         -inf  6.89329e+05 -1.14972e+01  1.55598e+01
1.834817592e+01 -8.4423123e+00         -inf  6.89329e+05 -8.44231e+00  1.68197e+01
1.842156862e+01 -1.2346790e+01         -inf  6.89329e+05 -1.23468e+01  1.54132e+01
1.849525490e+01 -1.2580999e+01         -inf  6.89329e+05 -1.25810e+01  1.54139e+01
1.856923592e+01 -1.2593534e+01         -inf  6.89329e+05 -1.25935e+01  1.54730e+01
1.864351286e+01 -1.2741539e+01         -inf  6.89329e+05 -1.27415e+01  1.54824e+01
1.871808691e+01 -1.2897371e+01         -inf  6.89329e+05 -1.28974e+01  1.54931e+01
1.879295926e+01 -1.3090564e+01         -inf  6.89329e+05 -1.30906e+01  1.54728e+01
1.886813110e+01 -1.3393575e+01         -inf  6.89329e+05 -1.33936e+01  1.54297e+01
1.894360362e+01 -1.3421400e+01         -inf  6.89329e+05 -1.34214e+01  1.54822e+01
1.901937804e+01 -1.3698438e+01         -inf  6.89329e+05 -1.36984e+01  1.54493e+01
1.909545555e+01 -1.3949671e+01         -inf  6.89329e+05 -1.39497e+01  1.54177e+01
1.917183737e+01 -1.4085481e+01         -inf  6.89329e+05 -1.40855e+01  1.54391e+01
1.924852472e+01 -1.4356450e+01         -inf  6.89329e+05 -1.43564e+01  1.54073e+01
1.932551882e+01 -1.4507747e+01         -inf  6.89329e+05 -1.45077e+01  1.54158e+01
1.940282089e+01 -1.4719020e+01         -inf  6.89329e+05 -1.47190e+01  1.54061e+01
1.948043218e+01 -1.4917213e+01         -inf  6.89329e+05 -1.49172e+01  1.54010e+01
1.955835391e+01 -1.5088477e+01         -inf  6.89329e+05 -1.50885e+01  1.54032e+01
1.963658732e+01 -1.5250510e+01         -inf  6.89329e+05 -1.52505e+01  1.54063e+01
1.971513367e+01 -1.5448235e+01         -inf  6.89329e+05 -1.54482e+01  1.54030e+01
1.979399421e+01 -1.5641067e+01         -inf  6.89329e+05 -1.56411e+01  1.53997e+01
1.987317018e+01 -1.5819436e+01         -inf  6.89329e+05 -1.58194e+01  1.54002e+01
1.995266286e+01 -1.5996922e+01         -inf  6.89329e+05 -1.59969e+01  1.54011e+01
