# WARNING | GENERATOR | Too many electrons per pixel (up to 9.04e+13) detected in the 1.54-19.95 um spectral range. Reduce exposure time per frame to less than 0.000 seconds.
# ------------------------------------------------------------------------
# Radiance spectrum
# NASA-GSFC Planetary Spectrum Generator (PSG) (Villanueva et al. 2018, 2022)
# Synthesized on Tue Oct  6 07:33:54 2026
# Doppler velocities [km/s] (vobs,vrot+vorb,vwidth,vrfl,vstr): 29.00000,-0.00000,0.00000,0.00000,-0.00000
# ------------------------------------------------------------------------
# Spectra synthesized with the Planetary and Universal Model of Atmospheric Scattering (PUMAS, Villanueva et al. 2018, 2022)
# Single scattering radiative transfer method
# Radiative transfer took 10.657 seconds
# ------------------------------------------------------------------------
# Spectral unit: Wavelength [um]
# Radiance unit: Contrast [transit atmospheric thickness, km]
# Wave/freq Total Noise Stellar Earth Transit
2.000000000e-01  6.5273588e+01         -inf  6.89329e+05  6.52736e+01  6.52736e+01
2.008000000e-01  6.4812980e+01         -inf  6.89329e+05  6.48130e+01  6.48130e+01
2.016032000e-01  6.4538480e+01         -inf  6.89329e+05  6.45385e+01  6.45385e+01
2.024096128e-01  6.4504636e+01         -inf  6.89329e+05  6.45046e+01  6.45046e+01
2.032192513e-01  6.4427548e+01         -inf  6.89329e+05  6.44275e+01  6.44275e+01
2.040321283e-01  6.4225986e+01         -inf  6.89329e+05  6.42260e+01  6.42260e+01
2.048482568e-01  6.4063153e+01         -inf  6.89329e+05  6.40632e+01  6.40632e+01
2.056676498e-01  6.3948453e+01         -inf  6.89329e+05  6.39485e+01  6.39485e+01
2.064903204e-01  6.3864964e+01         -inf  6.89329e+05  6.38650e+01  6.38650e+01
2.073162817e-01  6.3772073e+01         -inf  6.89329e+05  6.37721e+01  6.37721e+01
2.081455468e-01  6.3684446e+01         -inf  6.89329e+05  6.36844e+01  6.36844e+01
2.089781290e-01  6.3559208e+01         -inf  6.89329e+05  6.35592e+01  6.35592e+01
2.098140415e-01  6.3448260e+01         -inf  6.89329e+05  6.34483e+01  6.34483e+01
2.106532977e-01  6.3082681e+01         -inf  6.89329e+05  6.30827e+01  6.30827e+01
2.114959109e-01  6.2604990e+01         -inf  6.89329e+05  6.26050e+01  6.26050e+01
2.123418945e-01  6.2156981e+01         -inf  6.89329e+05  6.21570e+01  6.21570e+01
2.131912621e-01  6.1723236e+01         -inf  6.89329e+05  6.17232e+01  6.17232e+01
2.140440271e-01  6.1172079e+01         -inf  6.89329e+05  6.11721e+01  6.11721e+01
2.149002032e-01  6.1275166e+01         -inf  6.89329e+05  6.12752e+01  6.12752e+01
2.157598041e-01  6.1359440e+01         -inf  6.89329e+05  6.13594e+01  6.13594e+01
2.166228433e-01  6.1441456e+01         -inf  6.89329e+05  6.14415e+01  6.14415e+01
2.174893346e-01  6.1536638e+01         -inf  6.89329e+05  6.15366e+01  6.15366e+01
2.183592920e-01  6.1631819e+01         -inf  6.89329e+05  6.16318e+01  6.16318e+01
2.192327292e-01  6.1760480e+01         -inf  6.89329e+05  6.17605e+01  6.17605e+01
2.201096601e-01  6.1923748e+01         -inf  6.89329e+05  6.19237e+01  6.19237e+01
2.209900987e-01  6.2070460e+01         -inf  6.89329e+05  6.20705e+01  6.20705e+01
2.218740591e-01  6.2258547e+01         -inf  6.89329e+05  6.22585e+01  6.22585e+01
2.227615553e-01  6.2438353e+01         -inf  6.89329e+05  6.24384e+01  6.24384e+01
2.236526016e-01  6.2607246e+01         -inf  6.89329e+05  6.26072e+01  6.26072e+01
2.245472120e-01  6.2799455e+01         -inf  6.89329e+05  6.27995e+01  6.27995e+01
2.254454008e-01  6.2960440e+01         -inf  6.89329e+05  6.29604e+01  6.29604e+01
2.263471824e-01  6.3156400e+01         -inf  6.89329e+05  6.31564e+01  6.31564e+01
2.272525711e-01  6.3337686e+01         -inf  6.89329e+05  6.33377e+01  6.33377e+01
2.281615814e-01  6.3540780e+01         -inf  6.89329e+05  6.35408e+01  6.35408e+01
2.290742278e-01  6.3777338e+01         -inf  6.89329e+05  6.37773e+01  6.37773e+01
2.299905247e-01  6.3958983e+01         -inf  6.89329e+05  6.39590e+01  6.39590e+01
2.309104868e-01  6.4197782e+01         -inf  6.89329e+05  6.41978e+01  6.41978e+01
2.318341287e-01  6.4396337e+01         -inf  6.89329e+05  6.43963e+01  6.43963e+01
2.327614652e-01  6.4634744e+01         -inf  6.89329e+05  6.46347e+01  6.46347e+01
2.336925111e-01  6.4821628e+01         -inf  6.89329e+05  6.48216e+01  6.48216e+01
2.346272811e-01  6.5043100e+01         -inf  6.89329e+05  6.50431e+01  6.50431e+01
2.355657903e-01  6.5228092e+01         -inf  6.89329e+05  6.52281e+01  6.52281e+01
2.365080534e-01  6.5413831e+01         -inf  6.89329e+05  6.54138e+01  6.54138e+01
2.374540856e-01  6.5611220e+01         -inf  6.89329e+05  6.56112e+01  6.56112e+01
2.384039020e-01  6.5777398e+01         -inf  6.89329e+05  6.57774e+01  6.57774e+01
2.393575176e-01  6.5936429e+01         -inf  6.89329e+05  6.59364e+01  6.59364e+01
2.403149477e-01  6.6113877e+01         -inf  6.89329e+05  6.61139e+01  6.61139e+01
2.412762074e-01  6.6241320e+01         -inf  6.89329e+05  6.62413e+01  6.62413e+01
2.422413123e-01  6.6396580e+01         -inf  6.89329e+05  6.63966e+01  6.63966e+01
2.432102775e-01  6.6679647e+01         -inf  6.89329e+05  6.66796e+01  6.66796e+01
2.441831186e-01  6.6775503e+01         -inf  6.89329e+05  6.67755e+01  6.67755e+01
2.451598511e-01  6.6911204e+01         -inf  6.89329e+05  6.69112e+01  6.69112e+01
2.461404905e-01  6.6976609e+01         -inf  6.89329e+05  6.69766e+01  6.69766e+01
2.471250525e-01  6.7164178e+01         -inf  6.89329e+05  6.71642e+01  6.71642e+01
2.481135527e-01  6.7045022e+01         -inf  6.89329e+05  6.70450e+01  6.70450e+01
2.491060069e-01  6.7382937e+01         -inf  6.89329e+05  6.73829e+01  6.73829e+01
2.501024309e-01  6.7269800e+01         -inf  6.89329e+05  6.72698e+01  6.72698e+01
2.511028406e-01  6.7185979e+01         -inf  6.89329e+05  6.71860e+01  6.71860e+01
2.521072520e-01  6.7504718e+01         -inf  6.89329e+05  6.75047e+01  6.75047e+01
2.531156810e-01  6.7333322e+01         -inf  6.89329e+05  6.73333e+01  6.73333e+01
2.541281437e-01  6.7304756e+01         -inf  6.89329e+05  6.73048e+01  6.73048e+01
2.551446563e-01  6.7375796e+01         -inf  6.89329e+05  6.73758e+01  6.73758e+01
2.561652349e-01  6.7389703e+01         -inf  6.89329e+05  6.73897e+01  6.73897e+01
2.571898959e-01  6.7214921e+01         -inf  6.89329e+05  6.72149e+01  6.72149e+01
2.582186555e-01  6.7219056e+01         -inf  6.89329e+05  6.72191e+01  6.72191e+01
2.592515301e-01  6.7187858e+01         -inf  6.89329e+05  6.71879e+01  6.71879e+01
2.602885362e-01  6.7097646e+01         -inf  6.89329e+05  6.70976e+01  6.70976e+01
2.613296904e-01  6.6950673e+01         -inf  6.89329e+05  6.69507e+01  6.69507e+01
2.623750091e-01  6.6847301e+01         -inf  6.89329e+05  6.68473e+01  6.68473e+01
2.634245092e-01  6.6646191e+01         -inf  6.89329e+05  6.66462e+01  6.66462e+01
2.644782072e-01  6.6649198e+01         -inf  6.89329e+05  6.66492e+01  6.66492e+01
2.655361200e-01  6.6382295e+01         -inf  6.89329e+05  6.63823e+01  6.63823e+01
2.665982645e-01  6.6181546e+01         -inf  6.89329e+05  6.61815e+01  6.61815e+01
2.676646576e-01  6.6009363e+01         -inf  6.89329e+05  6.60094e+01  6.60094e+01
2.687353162e-01  6.5705965e+01         -inf  6.89329e+05  6.57060e+01  6.57060e+01
2.698102574e-01  6.5583022e+01         -inf  6.89329e+05  6.55830e+01  6.55830e+01
2.708894985e-01  6.5196509e+01         -inf  6.89329e+05  6.51965e+01  6.51965e+01
2.719730565e-01  6.4985571e+01         -inf  6.89329e+05  6.49856e+01  6.49856e+01
2.730609487e-01  6.4684004e+01         -inf  6.89329e+05  6.46840e+01  6.46840e+01
2.741531925e-01  6.4237268e+01         -inf  6.89329e+05  6.42373e+01  6.42373e+01
2.752498053e-01  6.3978538e+01         -inf  6.89329e+05  6.39785e+01  6.39785e+01
2.763508045e-01  6.3590800e+01         -inf  6.89329e+05  6.35908e+01  6.35908e+01
2.774562077e-01  6.3197397e+01         -inf  6.89329e+05  6.31974e+01  6.31974e+01
2.785660325e-01  6.2772374e+01         -inf  6.89329e+05  6.27724e+01  6.27724e+01
2.796802967e-01  6.2365378e+01         -inf  6.89329e+05  6.23654e+01  6.23654e+01
2.807990178e-01  6.1834215e+01         -inf  6.89329e+05  6.18342e+01  6.18342e+01
2.819222139e-01  6.1314670e+01         -inf  6.89329e+05  6.13147e+01  6.13147e+01
2.830499028e-01  6.0900434e+01         -inf  6.89329e+05  6.09004e+01  6.09004e+01
2.841821024e-01  6.0308568e+01         -inf  6.89329e+05  6.03086e+01  6.03086e+01
2.853188308e-01  5.9736968e+01         -inf  6.89329e+05  5.97370e+01  5.97370e+01
2.864601061e-01  5.9213115e+01         -inf  6.89329e+05  5.92131e+01  5.92131e+01
2.876059465e-01  5.8574422e+01         -inf  6.89329e+05  5.85744e+01  5.85744e+01
2.887563703e-01  5.7895765e+01         -inf  6.89329e+05  5.78958e+01  5.78958e+01
2.899113958e-01  5.7260705e+01         -inf  6.89329e+05  5.72607e+01  5.72607e+01
2.910710414e-01  5.6624078e+01         -inf  6.89329e+05  5.66241e+01  5.66241e+01
2.922353256e-01  5.5872919e+01         -inf  6.89329e+05  5.58729e+01  5.58729e+01
2.934042669e-01  5.5174771e+01         -inf  6.89329e+05  5.51748e+01  5.51748e+01
2.945778839e-01  5.4514209e+01         -inf  6.89329e+05  5.45142e+01  5.45142e+01
2.957561955e-01  5.3743217e+01         -inf  6.89329e+05  5.37432e+01  5.37432e+01
2.969392202e-01  5.3038056e+01         -inf  6.89329e+05  5.30381e+01  5.30381e+01
2.981269771e-01  5.2274045e+01         -inf  6.89329e+05  5.22740e+01  5.22740e+01
2.993194850e-01  5.1584926e+01         -inf  6.89329e+05  5.15849e+01  5.15849e+01
3.005167630e-01  5.0877267e+01         -inf  6.89329e+05  5.08773e+01  5.08773e+01
3.017188300e-01  5.0115260e+01         -inf  6.89329e+05  5.01153e+01  5.01153e+01
3.029257054e-01  4.9409325e+01         -inf  6.89329e+05  4.94093e+01  4.94093e+01
3.041374082e-01  4.8782473e+01         -inf  6.89329e+05  4.87825e+01  4.87825e+01
3.053539578e-01  4.7966683e+01         -inf  6.89329e+05  4.79667e+01  4.79667e+01
3.065753736e-01  4.7413590e+01         -inf  6.89329e+05  4.74136e+01  4.74136e+01
3.078016751e-01  4.6576132e+01         -inf  6.89329e+05  4.65761e+01  4.65761e+01
3.090328818e-01  4.6037627e+01         -inf  6.89329e+05  4.60376e+01  4.60376e+01
3.102690134e-01  4.5193955e+01         -inf  6.89329e+05  4.51940e+01  4.51940e+01
3.115100894e-01  4.4684379e+01         -inf  6.89329e+05  4.46844e+01  4.46844e+01
3.127561298e-01  4.3806198e+01         -inf  6.89329e+05  4.38062e+01  4.38062e+01
3.140071543e-01  4.3356499e+01         -inf  6.89329e+05  4.33565e+01  4.33565e+01
3.152631829e-01  4.2548697e+01         -inf  6.89329e+05  4.25487e+01  4.25487e+01
3.165242356e-01  4.1767964e+01         -inf  6.89329e+05  4.17680e+01  4.17680e+01
3.177903326e-01  4.1424170e+01         -inf  6.89329e+05  4.14242e+01  4.14242e+01
3.190614939e-01  4.0220934e+01         -inf  6.89329e+05  4.02209e+01  4.02209e+01
3.203377399e-01  4.0112979e+01         -inf  6.89329e+05  4.01130e+01  4.01130e+01
3.216190908e-01  3.8760745e+01         -inf  6.89329e+05  3.87607e+01  3.87607e+01
3.229055672e-01  3.8922333e+01         -inf  6.89329e+05  3.89223e+01  3.89223e+01
3.241971895e-01  3.6918385e+01         -inf  6.89329e+05  3.69184e+01  3.69184e+01
3.254939782e-01  3.7762015e+01         -inf  6.89329e+05  3.77620e+01  3.77620e+01
3.267959541e-01  3.5529705e+01         -inf  6.89329e+05  3.55297e+01  3.55297e+01
3.281031380e-01  3.6476248e+01         -inf  6.89329e+05  3.64762e+01  3.64762e+01
3.294155505e-01  3.3981886e+01         -inf  6.89329e+05  3.39819e+01  3.39819e+01
3.307332127e-01  3.5034055e+01         -inf  6.89329e+05  3.50341e+01  3.50341e+01
3.320561456e-01  3.3623996e+01         -inf  6.89329e+05  3.36240e+01  3.36240e+01
3.333843702e-01  3.3411489e+01         -inf  6.89329e+05  3.34115e+01  3.34115e+01
3.347179076e-01  3.2807219e+01         -inf  6.89329e+05  3.28072e+01  3.28072e+01
3.360567793e-01  3.1836474e+01         -inf  6.89329e+05  3.18365e+01  3.18365e+01
3.374010064e-01  3.2675482e+01         -inf  6.89329e+05  3.26755e+01  3.26755e+01
3.387506104e-01  3.1311207e+01         -inf  6.89329e+05  3.13112e+01  3.13112e+01
3.401056128e-01  3.1508248e+01         -inf  6.89329e+05  3.15082e+01  3.15082e+01
3.414660353e-01  3.0804532e+01         -inf  6.89329e+05  3.08045e+01  3.08045e+01
3.428318994e-01  3.0549895e+01         -inf  6.89329e+05  3.05499e+01  3.05499e+01
3.442032270e-01  3.0918352e+01         -inf  6.89329e+05  3.09184e+01  3.09184e+01
3.455800399e-01  3.0303678e+01         -inf  6.89329e+05  3.03037e+01  3.03037e+01
3.469623601e-01  3.0121532e+01         -inf  6.89329e+05  3.01215e+01  3.01215e+01
3.483502095e-01  2.9909817e+01         -inf  6.89329e+05  2.99098e+01  2.99098e+01
3.497436104e-01  2.9740439e+01         -inf  6.89329e+05  2.97404e+01  2.97404e+01
3.511425848e-01  2.9732726e+01         -inf  6.89329e+05  2.97327e+01  2.97327e+01
3.525471552e-01  2.9588714e+01         -inf  6.89329e+05  2.95887e+01  2.95887e+01
3.539573438e-01  2.9366507e+01         -inf  6.89329e+05  2.93665e+01  2.93665e+01
3.553731732e-01  2.9256176e+01         -inf  6.89329e+05  2.92562e+01  2.92562e+01
3.567946659e-01  2.9140965e+01         -inf  6.89329e+05  2.91410e+01  2.91410e+01
3.582218445e-01  2.9023824e+01         -inf  6.89329e+05  2.90238e+01  2.90238e+01
3.596547319e-01  2.8944077e+01         -inf  6.89329e+05  2.89441e+01  2.89441e+01
3.610933508e-01  2.8817403e+01         -inf  6.89329e+05  2.88174e+01  2.88174e+01
3.625377242e-01  2.8690727e+01         -inf  6.89329e+05  2.86907e+01  2.86907e+01
3.639878751e-01  2.8582691e+01         -inf  6.89329e+05  2.85827e+01  2.85827e+01
3.654438266e-01  2.8484523e+01         -inf  6.89329e+05  2.84845e+01  2.84845e+01
3.669056019e-01  2.8372134e+01         -inf  6.89329e+05  2.83721e+01  2.83721e+01
3.683732243e-01  2.8270144e+01         -inf  6.89329e+05  2.82701e+01  2.82701e+01
3.698467172e-01  2.8164672e+01         -inf  6.89329e+05  2.81647e+01  2.81647e+01
3.713261041e-01  2.8059009e+01         -inf  6.89329e+05  2.80590e+01  2.80590e+01
3.728114085e-01  2.7954858e+01         -inf  6.89329e+05  2.79549e+01  2.79549e+01
3.743026542e-01  2.7854222e+01         -inf  6.89329e+05  2.78542e+01  2.78542e+01
3.757998648e-01  2.7749992e+01         -inf  6.89329e+05  2.77500e+01  2.77500e+01
3.773030642e-01  2.7648029e+01         -inf  6.89329e+05  2.76480e+01  2.76480e+01
3.788122765e-01  2.7547804e+01         -inf  6.89329e+05  2.75478e+01  2.75478e+01
3.803275256e-01  2.7448863e+01         -inf  6.89329e+05  2.74489e+01  2.74489e+01
3.818488357e-01  2.7345799e+01         -inf  6.89329e+05  2.73458e+01  2.73458e+01
3.833762310e-01  2.7242128e+01         -inf  6.89329e+05  2.72421e+01  2.72421e+01
3.849097360e-01  2.7139098e+01         -inf  6.89329e+05  2.71391e+01  2.71391e+01
3.864493749e-01  2.7037995e+01         -inf  6.89329e+05  2.70380e+01  2.70380e+01
3.879951724e-01  2.6938214e+01         -inf  6.89329e+05  2.69382e+01  2.69382e+01
3.895471531e-01  2.6838848e+01         -inf  6.89329e+05  2.68388e+01  2.68388e+01
3.911053417e-01  2.6738006e+01         -inf  6.89329e+05  2.67380e+01  2.67380e+01
3.926697631e-01  2.6638902e+01         -inf  6.89329e+05  2.66389e+01  2.66389e+01
3.942404421e-01  2.6541422e+01         -inf  6.89329e+05  2.65414e+01  2.65414e+01
3.958174039e-01  2.6443790e+01         -inf  6.89329e+05  2.64438e+01  2.64438e+01
3.974006735e-01  2.6342866e+01         -inf  6.89329e+05  2.63429e+01  2.63429e+01
3.989902762e-01  2.6243377e+01         -inf  6.89329e+05  2.62434e+01  2.62434e+01
4.005862373e-01  2.6147367e+01         -inf  6.89329e+05  2.61474e+01  2.61474e+01
4.021885823e-01  2.6052604e+01         -inf  6.89329e+05  2.60526e+01  2.60526e+01
4.037973366e-01  2.5954284e+01         -inf  6.89329e+05  2.59543e+01  2.59543e+01
4.054125259e-01  2.5855546e+01         -inf  6.89329e+05  2.58555e+01  2.58555e+01
4.070341760e-01  2.5763540e+01         -inf  6.89329e+05  2.57635e+01  2.57635e+01
4.086623127e-01  2.5675771e+01         -inf  6.89329e+05  2.56758e+01  2.56758e+01
4.102969620e-01  2.5582703e+01         -inf  6.89329e+05  2.55827e+01  2.55827e+01
4.119381498e-01  2.5482597e+01         -inf  6.89329e+05  2.54826e+01  2.54826e+01
4.135859024e-01  2.5382679e+01         -inf  6.89329e+05  2.53827e+01  2.53827e+01
4.152402460e-01  2.5293012e+01         -inf  6.89329e+05  2.52930e+01  2.52930e+01
4.169012070e-01  2.5208528e+01         -inf  6.89329e+05  2.52085e+01  2.52085e+01
4.185688119e-01  2.5114697e+01         -inf  6.89329e+05  2.51147e+01  2.51147e+01
4.202430871e-01  2.5018027e+01         -inf  6.89329e+05  2.50180e+01  2.50180e+01
4.219240595e-01  2.4936679e+01         -inf  6.89329e+05  2.49367e+01  2.49367e+01
4.236117557e-01  2.4869292e+01         -inf  6.89329e+05  2.48693e+01  2.48693e+01
4.253062027e-01  2.4797667e+01         -inf  6.89329e+05  2.47977e+01  2.47977e+01
4.270074275e-01  2.4701295e+01         -inf  6.89329e+05  2.47013e+01  2.47013e+01
4.287154572e-01  2.4592699e+01         -inf  6.89329e+05  2.45927e+01  2.45927e+01
4.304303191e-01  2.4501886e+01         -inf  6.89329e+05  2.45019e+01  2.45019e+01
4.321520403e-01  2.4437370e+01         -inf  6.89329e+05  2.44374e+01  2.44374e+01
4.338806485e-01  2.4360405e+01         -inf  6.89329e+05  2.43604e+01  2.43604e+01
4.356161711e-01  2.4262361e+01         -inf  6.89329e+05  2.42624e+01  2.42624e+01
4.373586358e-01  2.4183539e+01         -inf  6.89329e+05  2.41835e+01  2.41835e+01
4.391080703e-01  2.4148801e+01         -inf  6.89329e+05  2.41488e+01  2.41488e+01
4.408645026e-01  2.4131318e+01         -inf  6.89329e+05  2.41313e+01  2.41313e+01
4.426279606e-01  2.4090488e+01         -inf  6.89329e+05  2.40905e+01  2.40905e+01
4.443984725e-01  2.3987293e+01         -inf  6.89329e+05  2.39873e+01  2.39873e+01
4.461760664e-01  2.3856737e+01         -inf  6.89329e+05  2.38567e+01  2.38567e+01
4.479607706e-01  2.3772044e+01         -inf  6.89329e+05  2.37720e+01  2.37720e+01
4.497526137e-01  2.3745100e+01         -inf  6.89329e+05  2.37451e+01  2.37451e+01
4.515516242e-01  2.3688221e+01         -inf  6.89329e+05  2.36882e+01  2.36882e+01
4.533578307e-01  2.3588464e+01         -inf  6.89329e+05  2.35885e+01  2.35885e+01
4.551712620e-01  2.3528707e+01         -inf  6.89329e+05  2.35287e+01  2.35287e+01
4.569919470e-01  2.3553382e+01         -inf  6.89329e+05  2.35534e+01  2.35534e+01
4.588199148e-01  2.3621426e+01         -inf  6.89329e+05  2.36214e+01  2.36214e+01
4.606551945e-01  2.3676300e+01         -inf  6.89329e+05  2.36763e+01  2.36763e+01
4.624978152e-01  2.3621767e+01         -inf  6.89329e+05  2.36218e+01  2.36218e+01
4.643478065e-01  2.3452298e+01         -inf  6.89329e+05  2.34523e+01  2.34523e+01
4.662051977e-01  2.3307047e+01         -inf  6.89329e+05  2.33070e+01  2.33070e+01
4.680700185e-01  2.3289675e+01         -inf  6.89329e+05  2.32897e+01  2.32897e+01
4.699422986e-01  2.3308107e+01         -inf  6.89329e+05  2.33081e+01  2.33081e+01
4.718220678e-01  2.3249899e+01         -inf  6.89329e+05  2.32499e+01  2.32499e+01
4.737093561e-01  2.3192751e+01         -inf  6.89329e+05  2.31928e+01  2.31928e+01
4.756041935e-01  2.3248877e+01         -inf  6.89329e+05  2.32489e+01  2.32489e+01
4.775066103e-01  2.3420925e+01         -inf  6.89329e+05  2.34209e+01  2.34209e+01
4.794166367e-01  2.3615598e+01         -inf  6.89329e+05  2.36156e+01  2.36156e+01
4.813343033e-01  2.3771439e+01         -inf  6.89329e+05  2.37714e+01  2.37714e+01
4.832596405e-01  2.3742678e+01         -inf  6.89329e+05  2.37427e+01  2.37427e+01
4.851926790e-01  2.3545245e+01         -inf  6.89329e+05  2.35452e+01  2.35452e+01
4.871334497e-01  2.3369530e+01         -inf  6.89329e+05  2.33695e+01  2.33695e+01
4.890819835e-01  2.3357344e+01         -inf  6.89329e+05  2.33573e+01  2.33573e+01
4.910383115e-01  2.3422173e+01         -inf  6.89329e+05  2.34222e+01  2.34222e+01
4.930024647e-01  2.3416194e+01         -inf  6.89329e+05  2.34162e+01  2.34162e+01
4.949744746e-01  2.3390081e+01         -inf  6.89329e+05  2.33901e+01  2.33901e+01
4.969543725e-01  2.3478109e+01         -inf  6.89329e+05  2.34781e+01  2.34781e+01
4.989421900e-01  2.3725837e+01         -inf  6.89329e+05  2.37258e+01  2.37258e+01
5.009379587e-01  2.4070999e+01         -inf  6.89329e+05  2.40710e+01  2.40710e+01
5.029417106e-01  2.4421024e+01         -inf  6.89329e+05  2.44210e+01  2.44210e+01
5.049534774e-01  2.4628078e+01         -inf  6.89329e+05  2.46281e+01  2.46281e+01
5.069732913e-01  2.4597467e+01         -inf  6.89329e+05  2.45975e+01  2.45975e+01
5.090011845e-01  2.4417505e+01         -inf  6.89329e+05  2.44175e+01  2.44175e+01
5.110371892e-01  2.4285671e+01         -inf  6.89329e+05  2.42857e+01  2.42857e+01
5.130813380e-01  2.4307618e+01         -inf  6.89329e+05  2.43076e+01  2.43076e+01
5.151336633e-01  2.4413342e+01         -inf  6.89329e+05  2.44133e+01  2.44133e+01
5.171941980e-01  2.4499994e+01         -inf  6.89329e+05  2.45000e+01  2.45000e+01
5.192629748e-01  2.4578888e+01         -inf  6.89329e+05  2.45789e+01  2.45789e+01
5.213400267e-01  2.4717224e+01         -inf  6.89329e+05  2.47172e+01  2.47172e+01
5.234253868e-01  2.4961727e+01         -inf  6.89329e+05  2.49617e+01  2.49617e+01
5.255190883e-01  2.5290515e+01         -inf  6.89329e+05  2.52905e+01  2.52905e+01
5.276211647e-01  2.5646564e+01         -inf  6.89329e+05  2.56466e+01  2.56466e+01
5.297316493e-01  2.5966919e+01         -inf  6.89329e+05  2.59669e+01  2.59669e+01
5.318505759e-01  2.6186445e+01         -inf  6.89329e+05  2.61864e+01  2.61864e+01
5.339779782e-01  2.6258433e+01         -inf  6.89329e+05  2.62584e+01  2.62584e+01
5.361138902e-01  2.6210391e+01         -inf  6.89329e+05  2.62104e+01  2.62104e+01
5.382583457e-01  2.6182738e+01         -inf  6.89329e+05  2.61827e+01  2.61827e+01
5.404113791e-01  2.6279352e+01         -inf  6.89329e+05  2.62794e+01  2.62794e+01
5.425730246e-01  2.6460434e+01         -inf  6.89329e+05  2.64604e+01  2.64604e+01
5.447433167e-01  2.6628348e+01         -inf  6.89329e+05  2.66283e+01  2.66283e+01
5.469222900e-01  2.6738195e+01         -inf  6.89329e+05  2.67382e+01  2.67382e+01
5.491099791e-01  2.6812182e+01         -inf  6.89329e+05  2.68122e+01  2.68122e+01
5.513064191e-01  2.6886319e+01         -inf  6.89329e+05  2.68863e+01  2.68863e+01
5.535116447e-01  2.6985873e+01         -inf  6.89329e+05  2.69859e+01  2.69859e+01
5.557256913e-01  2.7133840e+01         -inf  6.89329e+05  2.71338e+01  2.71338e+01
5.579485941e-01  2.7362062e+01         -inf  6.89329e+05  2.73621e+01  2.73621e+01
5.601803884e-01  2.7659261e+01         -inf  6.89329e+05  2.76593e+01  2.76593e+01
5.624211100e-01  2.7957354e+01         -inf  6.89329e+05  2.79574e+01  2.79574e+01
5.646707944e-01  2.8192354e+01         -inf  6.89329e+05  2.81924e+01  2.81924e+01
5.669294776e-01  2.8368050e+01         -inf  6.89329e+05  2.83681e+01  2.83681e+01
5.691971955e-01  2.8527708e+01         -inf  6.89329e+05  2.85277e+01  2.85277e+01
5.714739843e-01  2.8680895e+01         -inf  6.89329e+05  2.86809e+01  2.86809e+01
5.737598803e-01  2.8764880e+01         -inf  6.89329e+05  2.87649e+01  2.87649e+01
5.760549198e-01  2.8723096e+01         -inf  6.89329e+05  2.87231e+01  2.87231e+01
5.783591395e-01  2.8589989e+01         -inf  6.89329e+05  2.85900e+01  2.85900e+01
5.806725760e-01  2.8402198e+01         -inf  6.89329e+05  2.84022e+01  2.84022e+01
5.829952663e-01  2.8224877e+01         -inf  6.89329e+05  2.82249e+01  2.82249e+01
5.853272474e-01  2.8105109e+01         -inf  6.89329e+05  2.81051e+01  2.81051e+01
5.876685564e-01  2.8048269e+01         -inf  6.89329e+05  2.80483e+01  2.80483e+01
5.900192306e-01  2.8066308e+01         -inf  6.89329e+05  2.80663e+01  2.80663e+01
5.923793075e-01  2.8193337e+01         -inf  6.89329e+05  2.81933e+01  2.81933e+01
5.947488247e-01  2.8436308e+01         -inf  6.89329e+05  2.84363e+01  2.84363e+01
5.971278200e-01  2.8715911e+01         -inf  6.89329e+05  2.87159e+01  2.87159e+01
5.995163313e-01  2.8940863e+01         -inf  6.89329e+05  2.89409e+01  2.89409e+01
6.019143966e-01  2.9034600e+01         -inf  6.89329e+05  2.90346e+01  2.90346e+01
6.043220542e-01  2.8971680e+01         -inf  6.89329e+05  2.89717e+01  2.89717e+01
6.067393425e-01  2.8772708e+01         -inf  6.89329e+05  2.87727e+01  2.87727e+01
6.091662998e-01  2.8479947e+01         -inf  6.89329e+05  2.84799e+01  2.84799e+01
6.116029650e-01  2.8152117e+01         -inf  6.89329e+05  2.81521e+01  2.81521e+01
6.140493769e-01  2.7830850e+01         -inf  6.89329e+05  2.78308e+01  2.78308e+01
6.165055744e-01  2.7536458e+01         -inf  6.89329e+05  2.75365e+01  2.75365e+01
6.189715967e-01  2.7277681e+01         -inf  6.89329e+05  2.72777e+01  2.72777e+01
6.214474831e-01  2.7054978e+01         -inf  6.89329e+05  2.70550e+01  2.70550e+01
6.239332730e-01  2.6847359e+01         -inf  6.89329e+05  2.68474e+01  2.68474e+01
6.264290061e-01  2.6630655e+01         -inf  6.89329e+05  2.66307e+01  2.66307e+01
6.289347221e-01  2.6699310e+01         -inf  6.89329e+05  2.66993e+01  2.66993e+01
6.314504610e-01  2.6223631e+01         -inf  6.89329e+05  2.62236e+01  2.62236e+01
6.339762629e-01  2.5858345e+01         -inf  6.89329e+05  2.58583e+01  2.58583e+01
6.365121679e-01  2.5536207e+01         -inf  6.89329e+05  2.55362e+01  2.55362e+01
6.390582166e-01  2.5204669e+01         -inf  6.89329e+05  2.52047e+01  2.52047e+01
6.416144494e-01  2.4868233e+01         -inf  6.89329e+05  2.48682e+01  2.48682e+01
6.441809072e-01  2.4569542e+01         -inf  6.89329e+05  2.45695e+01  2.45695e+01
6.467576309e-01  2.4289417e+01         -inf  6.89329e+05  2.42894e+01  2.42894e+01
6.493446614e-01  2.4020973e+01         -inf  6.89329e+05  2.40210e+01  2.40210e+01
6.519420400e-01  2.3769925e+01         -inf  6.89329e+05  2.37699e+01  2.37699e+01
6.545498082e-01  2.3504260e+01         -inf  6.89329e+05  2.35043e+01  2.35043e+01
6.571680074e-01  2.3232452e+01         -inf  6.89329e+05  2.32325e+01  2.32325e+01
6.597966795e-01  2.2968581e+01         -inf  6.89329e+05  2.29686e+01  2.29686e+01
6.624358662e-01  2.2713328e+01         -inf  6.89329e+05  2.27133e+01  2.27133e+01
6.650856096e-01  2.2435317e+01         -inf  6.89329e+05  2.24353e+01  2.24353e+01
6.677459521e-01  2.2129245e+01         -inf  6.89329e+05  2.21292e+01  2.21292e+01
6.704169359e-01  2.1823234e+01         -inf  6.89329e+05  2.18232e+01  2.18232e+01
6.730986036e-01  2.1530042e+01         -inf  6.89329e+05  2.15300e+01  2.15300e+01
6.757909981e-01  2.1257544e+01         -inf  6.89329e+05  2.12575e+01  2.12575e+01
6.784941620e-01  2.0998400e+01         -inf  6.89329e+05  2.09984e+01  2.09984e+01
6.812081387e-01  2.0780589e+01         -inf  6.89329e+05  2.07806e+01  2.07806e+01
6.839329712e-01  2.0607789e+01         -inf  6.89329e+05  2.06078e+01  2.06078e+01
6.866687031e-01  2.1602915e+01         -inf  6.89329e+05  2.16029e+01  2.16029e+01
6.894153779e-01  2.1519555e+01         -inf  6.89329e+05  2.15196e+01  2.15196e+01
6.921730395e-01  2.0448123e+01         -inf  6.89329e+05  2.04481e+01  2.04481e+01
6.949417316e-01  1.9684040e+01         -inf  6.89329e+05  1.96840e+01  1.96840e+01
6.977214985e-01  1.9384994e+01         -inf  6.89329e+05  1.93850e+01  1.93850e+01
7.005123845e-01  1.9165803e+01         -inf  6.89329e+05  1.91658e+01  1.91658e+01
7.033144341e-01  1.8991255e+01         -inf  6.89329e+05  1.89913e+01  1.89913e+01
7.061276918e-01  1.8851734e+01         -inf  6.89329e+05  1.88517e+01  1.88517e+01
7.089522026e-01  1.8730541e+01         -inf  6.89329e+05  1.87305e+01  1.87305e+01
7.117880114e-01  1.8630669e+01         -inf  6.89329e+05  1.86307e+01  1.86307e+01
7.146351634e-01  1.8573631e+01         -inf  6.89329e+05  1.85736e+01  1.85736e+01
7.174937041e-01  1.8468340e+01         -inf  6.89329e+05  1.84683e+01  1.84683e+01
7.203636789e-01  1.8251769e+01         -inf  6.89329e+05  1.82518e+01  1.82518e+01
7.232451336e-01  1.8047917e+01         -inf  6.89329e+05  1.80479e+01  1.80479e+01
7.261381142e-01  1.7901709e+01         -inf  6.89329e+05  1.79017e+01  1.79017e+01
7.290426666e-01  1.7744210e+01         -inf  6.89329e+05  1.77442e+01  1.77442e+01
7.319588373e-01  1.7613564e+01         -inf  6.89329e+05  1.76136e+01  1.76136e+01
7.348866726e-01  1.7539206e+01         -inf  6.89329e+05  1.75392e+01  1.75392e+01
7.378262193e-01  1.7492234e+01         -inf  6.89329e+05  1.74922e+01  1.74922e+01
7.407775242e-01  1.7466021e+01         -inf  6.89329e+05  1.74660e+01  1.74660e+01
7.437406343e-01  1.7489545e+01         -inf  6.89329e+05  1.74895e+01  1.74895e+01
7.467155968e-01  1.7527349e+01         -inf  6.89329e+05  1.75273e+01  1.75273e+01
7.497024592e-01  1.7446664e+01         -inf  6.89329e+05  1.74467e+01  1.74467e+01
7.527012690e-01  1.7216383e+01         -inf  6.89329e+05  1.72164e+01  1.72164e+01
7.557120741e-01  1.7005110e+01         -inf  6.89329e+05  1.70051e+01  1.70051e+01
7.587349224e-01  1.8679336e+01         -inf  6.89329e+05  1.86793e+01  1.86793e+01
7.617698621e-01  2.3315600e+01         -inf  6.89329e+05  2.33156e+01  2.33156e+01
7.648169416e-01  2.0531497e+01         -inf  6.89329e+05  2.05315e+01  2.05315e+01
7.678762093e-01  1.7589662e+01         -inf  6.89329e+05  1.75897e+01  1.75897e+01
7.709477142e-01  1.6773714e+01         -inf  6.89329e+05  1.67737e+01  1.67737e+01
7.740315050e-01  1.6734807e+01         -inf  6.89329e+05  1.67348e+01  1.67348e+01
7.771276310e-01  1.6831792e+01         -inf  6.89329e+05  1.68318e+01  1.68318e+01
7.802361416e-01  1.6844786e+01         -inf  6.89329e+05  1.68448e+01  1.68448e+01
7.833570861e-01  1.6689951e+01         -inf  6.89329e+05  1.66900e+01  1.66900e+01
7.864905145e-01  1.6496051e+01         -inf  6.89329e+05  1.64961e+01  1.64961e+01
7.896364765e-01  1.6359015e+01         -inf  6.89329e+05  1.63590e+01  1.63590e+01
7.927950224e-01  1.6247322e+01         -inf  6.89329e+05  1.62473e+01  1.62473e+01
7.959662025e-01  1.6155481e+01         -inf  6.89329e+05  1.61555e+01  1.61555e+01
7.991500673e-01  1.6097436e+01         -inf  6.89329e+05  1.60974e+01  1.60974e+01
8.023466676e-01  1.6056970e+01         -inf  6.89329e+05  1.60570e+01  1.60570e+01
8.055560543e-01  1.6049431e+01         -inf  6.89329e+05  1.60494e+01  1.60494e+01
8.087782785e-01  1.6107893e+01         -inf  6.89329e+05  1.61079e+01  1.61079e+01
8.120133916e-01  1.6200985e+01         -inf  6.89329e+05  1.62010e+01  1.62010e+01
8.152614452e-01  1.6276647e+01         -inf  6.89329e+05  1.62766e+01  1.62766e+01
8.185224910e-01  1.6252854e+01         -inf  6.89329e+05  1.62529e+01  1.62529e+01
8.217965809e-01  1.6101111e+01         -inf  6.89329e+05  1.61011e+01  1.61011e+01
8.250837672e-01  1.5903405e+01         -inf  6.89329e+05  1.59034e+01  1.59034e+01
8.283841023e-01  1.5754230e+01         -inf  6.89329e+05  1.57542e+01  1.57542e+01
8.316976387e-01  1.5659313e+01         -inf  6.89329e+05  1.56593e+01  1.56593e+01
8.350244293e-01  1.5605696e+01         -inf  6.89329e+05  1.56057e+01  1.56057e+01
8.383645270e-01  1.5580082e+01         -inf  6.89329e+05  1.55801e+01  1.55801e+01
8.417179851e-01  1.5572844e+01         -inf  6.89329e+05  1.55728e+01  1.55728e+01
8.450848570e-01  1.5590843e+01         -inf  6.89329e+05  1.55908e+01  1.55908e+01
8.484651965e-01  1.5651318e+01         -inf  6.89329e+05  1.56513e+01  1.56513e+01
8.518590573e-01  1.5778442e+01         -inf  6.89329e+05  1.57784e+01  1.57784e+01
8.552664935e-01  1.5790113e+01         -inf  6.89329e+05  1.57901e+01  1.57901e+01
8.586875595e-01  1.5689323e+01         -inf  6.89329e+05  1.56893e+01  1.56893e+01
8.621223097e-01  1.5558370e+01         -inf  6.89329e+05  1.55584e+01  1.55584e+01
8.655707989e-01  1.5437986e+01         -inf  6.89329e+05  1.54380e+01  1.54380e+01
8.690330821e-01  1.5357615e+01         -inf  6.89329e+05  1.53576e+01  1.53576e+01
8.725092145e-01  1.5301343e+01         -inf  6.89329e+05  1.53013e+01  1.53013e+01
8.759992513e-01  1.5271180e+01         -inf  6.89329e+05  1.52712e+01  1.52712e+01
8.795032483e-01  1.5262161e+01         -inf  6.89329e+05  1.52622e+01  1.52622e+01
8.830212613e-01  1.5271066e+01         -inf  6.89329e+05  1.52711e+01  1.52711e+01
8.865533464e-01  1.5283836e+01         -inf  6.89329e+05  1.52838e+01  1.52838e+01
8.900995597e-01  1.5280123e+01         -inf  6.89329e+05  1.52801e+01  1.52801e+01
8.936599580e-01  1.5264738e+01         -inf  6.89329e+05  1.52647e+01  1.52647e+01
8.972345978e-01  1.5296417e+01         -inf  6.89329e+05  1.52964e+01  1.52964e+01
9.008235362e-01  1.5271597e+01         -inf  6.89329e+05  1.52716e+01  1.52716e+01
9.044268304e-01  1.5200811e+01         -inf  6.89329e+05  1.52008e+01  1.52008e+01
9.080445377e-01  1.5136201e+01         -inf  6.89329e+05  1.51362e+01  1.51362e+01
9.116767158e-01  1.5088757e+01         -inf  6.89329e+05  1.50888e+01  1.50888e+01
9.153234227e-01  1.5056850e+01         -inf  6.89329e+05  1.50568e+01  1.50568e+01
9.189847164e-01  1.5035856e+01         -inf  6.89329e+05  1.50359e+01  1.50359e+01
9.226606552e-01  1.5021266e+01         -inf  6.89329e+05  1.50213e+01  1.50213e+01
9.263512979e-01  1.5009443e+01         -inf  6.89329e+05  1.50094e+01  1.50094e+01
9.300567031e-01  1.4998946e+01         -inf  6.89329e+05  1.49989e+01  1.49989e+01
9.337769299e-01  1.4983750e+01         -inf  6.89329e+05  1.49838e+01  1.49838e+01
9.375120376e-01  1.4993148e+01         -inf  6.89329e+05  1.49931e+01  1.49931e+01
9.412620857e-01  1.5035439e+01         -inf  6.89329e+05  1.50354e+01  1.50354e+01
9.450271341e-01  1.5056016e+01         -inf  6.89329e+05  1.50560e+01  1.50560e+01
9.488072426e-01  1.4990268e+01         -inf  6.89329e+05  1.49903e+01  1.49903e+01
9.526024716e-01  1.4930848e+01         -inf  6.89329e+05  1.49308e+01  1.49308e+01
9.564128815e-01  1.4905799e+01         -inf  6.89329e+05  1.49058e+01  1.49058e+01
9.602385330e-01  1.4880446e+01         -inf  6.89329e+05  1.48804e+01  1.48804e+01
9.640794871e-01  1.4863317e+01         -inf  6.89329e+05  1.48633e+01  1.48633e+01
9.679358051e-01  1.4845961e+01         -inf  6.89329e+05  1.48460e+01  1.48460e+01
9.718075483e-01  1.4828226e+01         -inf  6.89329e+05  1.48282e+01  1.48282e+01
9.756947785e-01  1.4813901e+01         -inf  6.89329e+05  1.48139e+01  1.48139e+01
9.795975576e-01  1.4802987e+01         -inf  6.89329e+05  1.48030e+01  1.48030e+01
9.835159478e-01  1.4796772e+01         -inf  6.89329e+05  1.47968e+01  1.47968e+01
9.874500116e-01  1.4807231e+01         -inf  6.89329e+05  1.48072e+01  1.48072e+01
9.913998117e-01  1.4867903e+01         -inf  6.89329e+05  1.48679e+01  1.48679e+01
9.953654109e-01  1.4832963e+01         -inf  6.89329e+05  1.48330e+01  1.48330e+01
9.993468726e-01  1.4779604e+01         -inf  6.89329e+05  1.47796e+01  1.47796e+01
1.003344260e+00  1.4754252e+01         -inf  6.89329e+05  1.47543e+01  1.47543e+01
1.007357637e+00  1.4739055e+01         -inf  6.89329e+05  1.47391e+01  1.47391e+01
1.011387068e+00  1.4727042e+01         -inf  6.89329e+05  1.47270e+01  1.47270e+01
1.015432616e+00  1.4716393e+01         -inf  6.89329e+05  1.47164e+01  1.47164e+01
1.019494346e+00  1.4706085e+01         -inf  6.89329e+05  1.47061e+01  1.47061e+01
1.023572324e+00  1.4696610e+01         -inf  6.89329e+05  1.46966e+01  1.46966e+01
1.027666613e+00  1.4687515e+01         -inf  6.89329e+05  1.46875e+01  1.46875e+01
1.031777280e+00  1.4679140e+01         -inf  6.89329e+05  1.46791e+01  1.46791e+01
1.035904389e+00  1.4674933e+01         -inf  6.89329e+05  1.46749e+01  1.46749e+01
1.040048006e+00  1.4672205e+01         -inf  6.89329e+05  1.46722e+01  1.46722e+01
1.044208198e+00  1.4700590e+01         -inf  6.89329e+05  1.47006e+01  1.47006e+01
1.048385031e+00  1.4724578e+01         -inf  6.89329e+05  1.47246e+01  1.47246e+01
1.052578571e+00  1.4734583e+01         -inf  6.89329e+05  1.47346e+01  1.47346e+01
1.056788885e+00  1.4734128e+01         -inf  6.89329e+05  1.47341e+01  1.47341e+01
1.061016041e+00  1.4763688e+01         -inf  6.89329e+05  1.47637e+01  1.47637e+01
1.065260105e+00  1.4811437e+01         -inf  6.89329e+05  1.48114e+01  1.48114e+01
1.069521146e+00  1.4761641e+01         -inf  6.89329e+05  1.47616e+01  1.47616e+01
1.073799230e+00  1.4687704e+01         -inf  6.89329e+05  1.46877e+01  1.46877e+01
1.078094427e+00  1.4642607e+01         -inf  6.89329e+05  1.46426e+01  1.46426e+01
1.082406805e+00  1.4615510e+01         -inf  6.89329e+05  1.46155e+01  1.46155e+01
1.086736432e+00  1.4597547e+01         -inf  6.89329e+05  1.45975e+01  1.45975e+01
1.091083378e+00  1.4584965e+01         -inf  6.89329e+05  1.45850e+01  1.45850e+01
1.095447711e+00  1.4575111e+01         -inf  6.89329e+05  1.45751e+01  1.45751e+01
1.099829502e+00  1.4561241e+01         -inf  6.89329e+05  1.45612e+01  1.45612e+01
1.104228820e+00  1.4554646e+01         -inf  6.89329e+05  1.45546e+01  1.45546e+01
1.108645735e+00  1.4549378e+01         -inf  6.89329e+05  1.45494e+01  1.45494e+01
1.113080318e+00  1.4547597e+01         -inf  6.89329e+05  1.45476e+01  1.45476e+01
1.117532640e+00  1.4545513e+01         -inf  6.89329e+05  1.45455e+01  1.45455e+01
1.122002770e+00  1.4548962e+01         -inf  6.89329e+05  1.45490e+01  1.45490e+01
1.126490781e+00  1.4556200e+01         -inf  6.89329e+05  1.45562e+01  1.45562e+01
1.130996744e+00  1.4550174e+01         -inf  6.89329e+05  1.45502e+01  1.45502e+01
1.135520731e+00  1.4551463e+01         -inf  6.89329e+05  1.45515e+01  1.45515e+01
1.140062814e+00  1.4525882e+01         -inf  6.89329e+05  1.45259e+01  1.45259e+01
1.144623065e+00  1.4520235e+01         -inf  6.89329e+05  1.45202e+01  1.45202e+01
1.149201558e+00  1.4527208e+01         -inf  6.89329e+05  1.45272e+01  1.45272e+01
1.153798364e+00  1.4550212e+01         -inf  6.89329e+05  1.45502e+01  1.45502e+01
1.158413557e+00  1.4533272e+01         -inf  6.89329e+05  1.45333e+01  1.45333e+01
1.163047212e+00  1.4551349e+01         -inf  6.89329e+05  1.45513e+01  1.45513e+01
1.167699401e+00  1.4523343e+01         -inf  6.89329e+05  1.45233e+01  1.45233e+01
1.172370198e+00  1.4503522e+01         -inf  6.89329e+05  1.45035e+01  1.45035e+01
1.177059679e+00  1.4486619e+01         -inf  6.89329e+05  1.44866e+01  1.44866e+01
1.181767918e+00  1.4476235e+01         -inf  6.89329e+05  1.44762e+01  1.44762e+01
1.186494989e+00  1.4468845e+01         -inf  6.89329e+05  1.44688e+01  1.44688e+01
1.191240969e+00  1.4461417e+01         -inf  6.89329e+05  1.44614e+01  1.44614e+01
1.196005933e+00  1.4452965e+01         -inf  6.89329e+05  1.44530e+01  1.44530e+01
1.200789957e+00  1.4507312e+01         -inf  6.89329e+05  1.45073e+01  1.45073e+01
1.205593117e+00  1.4774905e+01         -inf  6.89329e+05  1.47749e+01  1.47749e+01
1.210415489e+00  1.4581326e+01         -inf  6.89329e+05  1.45813e+01  1.45813e+01
1.215257151e+00  1.4478206e+01         -inf  6.89329e+05  1.44782e+01  1.44782e+01
1.220118180e+00  1.4701613e+01         -inf  6.89329e+05  1.47016e+01  1.47016e+01
1.224998652e+00  1.4553661e+01         -inf  6.89329e+05  1.45537e+01  1.45537e+01
1.229898647e+00  1.4463842e+01         -inf  6.89329e+05  1.44638e+01  1.44638e+01
1.234818242e+00  1.4470702e+01         -inf  6.89329e+05  1.44707e+01  1.44707e+01
1.239757515e+00  1.4484345e+01         -inf  6.89329e+05  1.44843e+01  1.44843e+01
1.244716545e+00  1.4520273e+01         -inf  6.89329e+05  1.45203e+01  1.45203e+01
1.249695411e+00  1.4615434e+01         -inf  6.89329e+05  1.46154e+01  1.46154e+01
1.254694192e+00  1.4783508e+01         -inf  6.89329e+05  1.47835e+01  1.47835e+01
1.259712969e+00  1.5313886e+01         -inf  6.89329e+05  1.53139e+01  1.53139e+01
1.264751821e+00  1.6123806e+01         -inf  6.89329e+05  1.61238e+01  1.61238e+01
1.269810828e+00  1.7163612e+01         -inf  6.89329e+05  1.71636e+01  1.71636e+01
1.274890072e+00  1.5287133e+01         -inf  6.89329e+05  1.52871e+01  1.52871e+01
1.279989632e+00  1.4808519e+01         -inf  6.89329e+05  1.48085e+01  1.48085e+01
1.285109591e+00  1.4516028e+01         -inf  6.89329e+05  1.45160e+01  1.45160e+01
1.290250029e+00  1.4461341e+01         -inf  6.89329e+05  1.44613e+01  1.44613e+01
1.295411029e+00  1.4412528e+01         -inf  6.89329e+05  1.44125e+01  1.44125e+01
1.300592673e+00  1.4375576e+01         -inf  6.89329e+05  1.43756e+01  1.43756e+01
1.305795044e+00  1.4366177e+01         -inf  6.89329e+05  1.43662e+01  1.43662e+01
1.311018224e+00  1.4380238e+01         -inf  6.89329e+05  1.43802e+01  1.43802e+01
1.316262297e+00  1.4457778e+01         -inf  6.89329e+05  1.44578e+01  1.44578e+01
1.321527346e+00  1.4424882e+01         -inf  6.89329e+05  1.44249e+01  1.44249e+01
1.326813455e+00  1.4369512e+01         -inf  6.89329e+05  1.43695e+01  1.43695e+01
1.332120709e+00  1.4441823e+01         -inf  6.89329e+05  1.44418e+01  1.44418e+01
1.337449192e+00  1.4409079e+01         -inf  6.89329e+05  1.44091e+01  1.44091e+01
1.342798989e+00  1.4426929e+01         -inf  6.89329e+05  1.44269e+01  1.44269e+01
1.348170185e+00  1.4390849e+01         -inf  6.89329e+05  1.43908e+01  1.43908e+01
1.353562866e+00  1.4399945e+01         -inf  6.89329e+05  1.43999e+01  1.43999e+01
1.358977117e+00  1.4428369e+01         -inf  6.89329e+05  1.44284e+01  1.44284e+01
1.364413026e+00  1.4436100e+01         -inf  6.89329e+05  1.44361e+01  1.44361e+01
1.369870678e+00  1.4429051e+01         -inf  6.89329e+05  1.44291e+01  1.44291e+01
1.375350160e+00  1.4429544e+01         -inf  6.89329e+05  1.44295e+01  1.44295e+01
1.380851561e+00  1.4431174e+01         -inf  6.89329e+05  1.44312e+01  1.44312e+01
1.386374967e+00  1.4429582e+01         -inf  6.89329e+05  1.44296e+01  1.44296e+01
1.391920467e+00  1.4418629e+01         -inf  6.89329e+05  1.44186e+01  1.44186e+01
1.397488149e+00  1.4411921e+01         -inf  6.89329e+05  1.44119e+01  1.44119e+01
1.403078102e+00  1.4406009e+01         -inf  6.89329e+05  1.44060e+01  1.44060e+01
1.408690414e+00  1.4392403e+01         -inf  6.89329e+05  1.43924e+01  1.43924e+01
1.414325176e+00  1.4352723e+01         -inf  6.89329e+05  1.43527e+01  1.43527e+01
1.419982476e+00  1.4334986e+01         -inf  6.89329e+05  1.43350e+01  1.43350e+01
1.425662406e+00  1.4325966e+01         -inf  6.89329e+05  1.43260e+01  1.43260e+01
1.431365056e+00  1.6227696e+01         -inf  6.89329e+05  1.62277e+01  1.62277e+01
1.437090516e+00  1.5713081e+01         -inf  6.89329e+05  1.57131e+01  1.57131e+01
1.442838878e+00  1.5089553e+01         -inf  6.89329e+05  1.50896e+01  1.50896e+01
1.448610234e+00  1.4508070e+01         -inf  6.89329e+05  1.45081e+01  1.45081e+01
1.454404675e+00  1.4313308e+01         -inf  6.89329e+05  1.43133e+01  1.43133e+01
1.460222293e+00  1.4291629e+01         -inf  6.89329e+05  1.42916e+01  1.42916e+01
1.466063182e+00  1.4287347e+01         -inf  6.89329e+05  1.42873e+01  1.42873e+01
1.471927435e+00  1.4419387e+01         -inf  6.89329e+05  1.44194e+01  1.44194e+01
1.477815145e+00  1.4388272e+01         -inf  6.89329e+05  1.43883e+01  1.43883e+01
1.483726405e+00  1.4307888e+01         -inf  6.89329e+05  1.43079e+01  1.43079e+01
1.489661311e+00  1.4282875e+01         -inf  6.89329e+05  1.42829e+01  1.42829e+01
1.495619956e+00  1.4307282e+01         -inf  6.89329e+05  1.43073e+01  1.43073e+01
1.501602436e+00  1.4286551e+01         -inf  6.89329e+05  1.42866e+01  1.42866e+01
1.507608846e+00  1.4269269e+01         -inf  6.89329e+05  1.42693e+01  1.42693e+01
1.513639281e+00  1.4269155e+01         -inf  6.89329e+05  1.42692e+01  1.42692e+01
1.519693838e+00  1.4272149e+01         -inf  6.89329e+05  1.42721e+01  1.42721e+01
1.525772614e+00  1.4301066e+01         -inf  6.89329e+05  1.43011e+01  1.43011e+01
1.531875704e+00  1.4442733e+01         -inf  6.89329e+05  1.44427e+01  1.44427e+01
1.538003207e+00  1.4511632e+01         -inf  6.89329e+05  1.45116e+01  1.45116e+01
1.544155220e+00  1.4396042e+01         -inf  6.89329e+05  1.43960e+01  1.43960e+01
1.550331841e+00  1.4260590e+01         -inf  6.89329e+05  1.42606e+01  1.42606e+01
1.556533168e+00  1.4256307e+01         -inf  6.89329e+05  1.42563e+01  1.42563e+01
1.562759301e+00  1.4259490e+01         -inf  6.89329e+05  1.42595e+01  1.42595e+01
1.569010338e+00  1.4873549e+01         -inf  6.89329e+05  1.48735e+01  1.48735e+01
1.575286379e+00  1.5262085e+01         -inf  6.89329e+05  1.52621e+01  1.52621e+01
1.581587525e+00  1.4820684e+01         -inf  6.89329e+05  1.48207e+01  1.48207e+01
1.587913875e+00  1.4306827e+01         -inf  6.89329e+05  1.43068e+01  1.43068e+01
1.594265530e+00  1.4289621e+01         -inf  6.89329e+05  1.42896e+01  1.42896e+01
1.600642593e+00  1.5196112e+01         -inf  6.89329e+05  1.51961e+01  1.51961e+01
1.607045163e+00  1.5186866e+01         -inf  6.89329e+05  1.51869e+01  1.51869e+01
1.613473344e+00  1.4775587e+01         -inf  6.89329e+05  1.47756e+01  1.47756e+01
1.619927237e+00  1.4339420e+01         -inf  6.89329e+05  1.43394e+01  1.43394e+01
1.626406946e+00  1.4308191e+01         -inf  6.89329e+05  1.43082e+01  1.43082e+01
1.632912574e+00  1.4378115e+01         -inf  6.89329e+05  1.43781e+01  1.43781e+01
1.639444224e+00  1.4532476e+01         -inf  6.89329e+05  1.45325e+01  1.45325e+01
1.646002001e+00  1.4564272e+01         -inf  6.89329e+05  1.45643e+01  1.45643e+01
1.652586009e+00  1.4500111e+01         -inf  6.89329e+05  1.45001e+01  1.45001e+01
1.659196353e+00  1.4329036e+01         -inf  6.89329e+05  1.43290e+01  1.43290e+01
1.665833138e+00  1.4734128e+01         -inf  6.89329e+05  1.47341e+01  1.47341e+01
1.672496471e+00  1.4322063e+01         -inf  6.89329e+05  1.43221e+01  1.43221e+01
1.679186457e+00  1.4353367e+01         -inf  6.89329e+05  1.43534e+01  1.43534e+01
1.685903203e+00  1.4356437e+01         -inf  6.89329e+05  1.43564e+01  1.43564e+01
1.692646815e+00  1.4355831e+01         -inf  6.89329e+05  1.43558e+01  1.43558e+01
1.699417403e+00  1.4365419e+01         -inf  6.89329e+05  1.43654e+01  1.43654e+01
1.706215072e+00  1.4500035e+01         -inf  6.89329e+05  1.45000e+01  1.45000e+01
1.713039933e+00  1.4363221e+01         -inf  6.89329e+05  1.43632e+01  1.43632e+01
1.719892092e+00  1.4345219e+01         -inf  6.89329e+05  1.43452e+01  1.43452e+01
1.726771661e+00  1.4451412e+01         -inf  6.89329e+05  1.44514e+01  1.44514e+01
1.733678747e+00  1.4342035e+01         -inf  6.89329e+05  1.43420e+01  1.43420e+01
1.740613462e+00  1.4298565e+01         -inf  6.89329e+05  1.42986e+01  1.42986e+01
1.747575916e+00  1.4270178e+01         -inf  6.89329e+05  1.42702e+01  1.42702e+01
1.754566220e+00  1.4264152e+01         -inf  6.89329e+05  1.42642e+01  1.42642e+01
1.761584485e+00  1.4264342e+01         -inf  6.89329e+05  1.42643e+01  1.42643e+01
1.768630823e+00  1.4312247e+01         -inf  6.89329e+05  1.43122e+01  1.43122e+01
1.775705346e+00  1.4349691e+01         -inf  6.89329e+05  1.43497e+01  1.43497e+01
1.782808167e+00  1.4293676e+01         -inf  6.89329e+05  1.42937e+01  1.42937e+01
1.789939400e+00  1.4400589e+01         -inf  6.89329e+05  1.44006e+01  1.44006e+01
1.797099158e+00  1.4278819e+01         -inf  6.89329e+05  1.42788e+01  1.42788e+01
1.804287554e+00  1.4280259e+01         -inf  6.89329e+05  1.42803e+01  1.42803e+01
1.811504704e+00  1.4286892e+01         -inf  6.89329e+05  1.42869e+01  1.42869e+01
1.818750723e+00  1.4271164e+01         -inf  6.89329e+05  1.42712e+01  1.42712e+01
1.826025726e+00  1.4256610e+01         -inf  6.89329e+05  1.42566e+01  1.42566e+01
1.833329829e+00  1.4263963e+01         -inf  6.89329e+05  1.42640e+01  1.42640e+01
1.840663148e+00  1.4280601e+01         -inf  6.89329e+05  1.42806e+01  1.42806e+01
1.848025801e+00  1.4286323e+01         -inf  6.89329e+05  1.42863e+01  1.42863e+01
1.855417904e+00  1.4286513e+01         -inf  6.89329e+05  1.42865e+01  1.42865e+01
1.862839576e+00  1.4280525e+01         -inf  6.89329e+05  1.42805e+01  1.42805e+01
1.870290934e+00  1.4294093e+01         -inf  6.89329e+05  1.42941e+01  1.42941e+01
1.877772098e+00  1.4571170e+01         -inf  6.89329e+05  1.45712e+01  1.45712e+01
1.885283186e+00  1.4579886e+01         -inf  6.89329e+05  1.45799e+01  1.45799e+01
1.892824319e+00  1.4311489e+01         -inf  6.89329e+05  1.43115e+01  1.43115e+01
1.900395616e+00  1.4264796e+01         -inf  6.89329e+05  1.42648e+01  1.42648e+01
1.907997199e+00  1.4254753e+01         -inf  6.89329e+05  1.42548e+01  1.42548e+01
1.915629188e+00  1.4239783e+01         -inf  6.89329e+05  1.42398e+01  1.42398e+01
1.923291704e+00  1.4224585e+01         -inf  6.89329e+05  1.42246e+01  1.42246e+01
1.930984871e+00  1.4213632e+01         -inf  6.89329e+05  1.42136e+01  1.42136e+01
1.938708811e+00  1.4379252e+01         -inf  6.89329e+05  1.43793e+01  1.43793e+01
1.946463646e+00  1.5970507e+01         -inf  6.89329e+05  1.59705e+01  1.59705e+01
1.954249500e+00  1.9224994e+01         -inf  6.89329e+05  1.92250e+01  1.92250e+01
1.962066498e+00  1.8381871e+01         -inf  6.89329e+05  1.83819e+01  1.83819e+01
1.969914764e+00  1.7247787e+01         -inf  6.89329e+05  1.72478e+01  1.72478e+01
1.977794423e+00  1.5040214e+01         -inf  6.89329e+05  1.50402e+01  1.50402e+01
1.985705601e+00  1.4513186e+01         -inf  6.89329e+05  1.45132e+01  1.45132e+01
1.993648424e+00  1.5204904e+01         -inf  6.89329e+05  1.52049e+01  1.52049e+01
2.001623017e+00  2.1580996e+01         -inf  6.89329e+05  2.15810e+01  2.15810e+01
2.009629509e+00  2.1962008e+01         -inf  6.89329e+05  2.19620e+01  2.19620e+01
2.017668027e+00  2.0481026e+01         -inf  6.89329e+05  2.04810e+01  2.04810e+01
2.025738699e+00  1.6670667e+01         -inf  6.89329e+05  1.66707e+01  1.66707e+01
2.033841654e+00  1.5770220e+01         -inf  6.89329e+05  1.57702e+01  1.57702e+01
2.041977021e+00  1.5858846e+01         -inf  6.89329e+05  1.58588e+01  1.58588e+01
2.050144929e+00  1.7613905e+01         -inf  6.89329e+05  1.76139e+01  1.76139e+01
2.058345509e+00  1.7800460e+01         -inf  6.89329e+05  1.78005e+01  1.78005e+01
2.066578891e+00  1.7487385e+01         -inf  6.89329e+05  1.74874e+01  1.74874e+01
2.074845206e+00  1.6428045e+01         -inf  6.89329e+05  1.64280e+01  1.64280e+01
2.083144587e+00  1.5612289e+01         -inf  6.89329e+05  1.56123e+01  1.56123e+01
2.091477165e+00  1.5093001e+01         -inf  6.89329e+05  1.50930e+01  1.50930e+01
2.099843074e+00  1.4636088e+01         -inf  6.89329e+05  1.46361e+01  1.46361e+01
2.108242446e+00  1.4585571e+01         -inf  6.89329e+05  1.45856e+01  1.45856e+01
2.116675416e+00  1.4457513e+01         -inf  6.89329e+05  1.44575e+01  1.44575e+01
2.125142118e+00  1.4316188e+01         -inf  6.89329e+05  1.43162e+01  1.43162e+01
2.133642686e+00  1.4232922e+01         -inf  6.89329e+05  1.42329e+01  1.42329e+01
2.142177257e+00  1.4362690e+01         -inf  6.89329e+05  1.43627e+01  1.43627e+01
2.150745966e+00  1.4498822e+01         -inf  6.89329e+05  1.44988e+01  1.44988e+01
2.159348950e+00  1.4478774e+01         -inf  6.89329e+05  1.44788e+01  1.44788e+01
2.167986346e+00  1.4440534e+01         -inf  6.89329e+05  1.44405e+01  1.44405e+01
2.176658291e+00  1.4385467e+01         -inf  6.89329e+05  1.43855e+01  1.43855e+01
2.185364924e+00  1.4267373e+01         -inf  6.89329e+05  1.42674e+01  1.42674e+01
2.194106384e+00  1.4334948e+01         -inf  6.89329e+05  1.43349e+01  1.43349e+01
2.202882810e+00  1.4908526e+01         -inf  6.89329e+05  1.49085e+01  1.49085e+01
2.211694341e+00  1.4292841e+01         -inf  6.89329e+05  1.42928e+01  1.42928e+01
2.220541118e+00  1.4442125e+01         -inf  6.89329e+05  1.44421e+01  1.44421e+01
2.229423283e+00  1.4574883e+01         -inf  6.89329e+05  1.45749e+01  1.45749e+01
2.238340976e+00  1.4648518e+01         -inf  6.89329e+05  1.46485e+01  1.46485e+01
2.247294340e+00  1.4794610e+01         -inf  6.89329e+05  1.47946e+01  1.47946e+01
2.256283517e+00  1.4945853e+01         -inf  6.89329e+05  1.49459e+01  1.49459e+01
2.265308651e+00  1.5001446e+01         -inf  6.89329e+05  1.50014e+01  1.50014e+01
2.274369886e+00  1.5157686e+01         -inf  6.89329e+05  1.51577e+01  1.51577e+01
2.283467365e+00  1.5139231e+01         -inf  6.89329e+05  1.51392e+01  1.51392e+01
2.292601235e+00  1.5373225e+01         -inf  6.89329e+05  1.53732e+01  1.53732e+01
2.301771640e+00  1.5664502e+01         -inf  6.89329e+05  1.56645e+01  1.56645e+01
2.310978726e+00  1.4771758e+01         -inf  6.89329e+05  1.47718e+01  1.47718e+01
2.320222641e+00  1.5570796e+01         -inf  6.89329e+05  1.55708e+01  1.55708e+01
2.329503532e+00  1.5116835e+01         -inf  6.89329e+05  1.51168e+01  1.51168e+01
2.338821546e+00  1.5503651e+01         -inf  6.89329e+05  1.55037e+01  1.55037e+01
2.348176832e+00  1.5764496e+01         -inf  6.89329e+05  1.57645e+01  1.57645e+01
2.357569539e+00  1.5246546e+01         -inf  6.89329e+05  1.52465e+01  1.52465e+01
2.366999817e+00  1.5430859e+01         -inf  6.89329e+05  1.54309e+01  1.54309e+01
2.376467817e+00  1.5507591e+01         -inf  6.89329e+05  1.55076e+01  1.55076e+01
2.385973688e+00  1.4863768e+01         -inf  6.89329e+05  1.48638e+01  1.48638e+01
2.395517583e+00  1.4894198e+01         -inf  6.89329e+05  1.48942e+01  1.48942e+01
2.405099653e+00  1.4598489e+01         -inf  6.89329e+05  1.45985e+01  1.45985e+01
2.414720052e+00  1.4420860e+01         -inf  6.89329e+05  1.44209e+01  1.44209e+01
2.424378932e+00  1.4569004e+01         -inf  6.89329e+05  1.45690e+01  1.45690e+01
2.434076448e+00  1.4380914e+01         -inf  6.89329e+05  1.43809e+01  1.43809e+01
2.443812753e+00  1.4307237e+01         -inf  6.89329e+05  1.43072e+01  1.43072e+01
2.453588004e+00  1.4273810e+01         -inf  6.89329e+05  1.42738e+01  1.42738e+01
2.463402356e+00  1.4239358e+01         -inf  6.89329e+05  1.42394e+01  1.42394e+01
2.473255966e+00  1.4306819e+01         -inf  6.89329e+05  1.43068e+01  1.43068e+01
2.483148990e+00  1.5558892e+01         -inf  6.89329e+05  1.55589e+01  1.55589e+01
2.493081586e+00  1.5108492e+01         -inf  6.89329e+05  1.51085e+01  1.51085e+01
2.503053912e+00  1.4799794e+01         -inf  6.89329e+05  1.47998e+01  1.47998e+01
2.513066128e+00  1.4454169e+01         -inf  6.89329e+05  1.44542e+01  1.44542e+01
2.523118392e+00  1.4316709e+01         -inf  6.89329e+05  1.43167e+01  1.43167e+01
2.533210866e+00  1.4272557e+01         -inf  6.89329e+05  1.42726e+01  1.42726e+01
2.543343709e+00  1.4257436e+01         -inf  6.89329e+05  1.42574e+01  1.42574e+01
2.553517084e+00  1.4346350e+01         -inf  6.89329e+05  1.43463e+01  1.43464e+01
2.563731152e+00  1.4585718e+01         -inf  6.89329e+05  1.45857e+01  1.45857e+01
2.573986077e+00  1.4646620e+01         -inf  6.89329e+05  1.46466e+01  1.46466e+01
2.584282021e+00  1.4864678e+01         -inf  6.89329e+05  1.48647e+01  1.48647e+01
2.594619149e+00  1.5181785e+01         -inf  6.89329e+05  1.51818e+01  1.51818e+01
2.604997626e+00  1.5122405e+01         -inf  6.89329e+05  1.51224e+01  1.51224e+01
2.615417616e+00  1.5150939e+01         -inf  6.89329e+05  1.51509e+01  1.51509e+01
2.625879287e+00  1.4932361e+01         -inf  6.89329e+05  1.49324e+01  1.49324e+01
2.636382804e+00  1.4800596e+01         -inf  6.89329e+05  1.48006e+01  1.48006e+01
2.646928335e+00  1.4771756e+01         -inf  6.89329e+05  1.47718e+01  1.47718e+01
2.657516049e+00  1.5483529e+01         -inf  6.89329e+05  1.54835e+01  1.54835e+01
2.668146113e+00  2.5416312e+01         -inf  6.89329e+05  2.54163e+01  2.54163e+01
2.678818697e+00  3.5502243e+01         -inf  6.89329e+05  3.55022e+01  3.55022e+01
2.689533972e+00  3.4079100e+01         -inf  6.89329e+05  3.40791e+01  3.40791e+01
2.700292108e+00  3.5067487e+01         -inf  6.89329e+05  3.50675e+01  3.50675e+01
2.711093276e+00  3.1545063e+01         -inf  6.89329e+05  3.15451e+01  3.15451e+01
2.721937650e+00  2.4950033e+01         -inf  6.89329e+05  2.49500e+01  2.49500e+01
2.732825400e+00  2.3055816e+01         -inf  6.89329e+05  2.30558e+01  2.30558e+01
2.743756702e+00  2.7242693e+01         -inf  6.89329e+05  2.72427e+01  2.72427e+01
2.754731729e+00  3.2899312e+01         -inf  6.89329e+05  3.28993e+01  3.28993e+01
2.765750655e+00  3.1724446e+01         -inf  6.89329e+05  3.17244e+01  3.17244e+01
2.776813658e+00  3.4009240e+01         -inf  6.89329e+05  3.40092e+01  3.40092e+01
2.787920913e+00  3.1638534e+01         -inf  6.89329e+05  3.16385e+01  3.16385e+01
2.799072596e+00  2.7860157e+01         -inf  6.89329e+05  2.78602e+01  2.78602e+01
2.810268887e+00  2.5393343e+01         -inf  6.89329e+05  2.53933e+01  2.53933e+01
2.821509962e+00  2.2589776e+01         -inf  6.89329e+05  2.25898e+01  2.25898e+01
2.832796002e+00  1.9445977e+01         -inf  6.89329e+05  1.94460e+01  1.94460e+01
2.844127186e+00  1.9091623e+01         -inf  6.89329e+05  1.90916e+01  1.90917e+01
2.855503695e+00  1.7724126e+01         -inf  6.89329e+05  1.77241e+01  1.77242e+01
2.866925710e+00  1.7295228e+01         -inf  6.89329e+05  1.72952e+01  1.72953e+01
2.878393413e+00  1.6319983e+01         -inf  6.89329e+05  1.63200e+01  1.63201e+01
2.889906986e+00  1.5889097e+01         -inf  6.89329e+05  1.58891e+01  1.58892e+01
2.901466614e+00  1.4996100e+01         -inf  6.89329e+05  1.49961e+01  1.49962e+01
2.913072481e+00  1.4429224e+01         -inf  6.89329e+05  1.44292e+01  1.44294e+01
2.924724770e+00  1.4270644e+01         -inf  6.89329e+05  1.42706e+01  1.42708e+01
2.936423670e+00  1.4202679e+01         -inf  6.89329e+05  1.42027e+01  1.42028e+01
2.948169364e+00  1.4281122e+01         -inf  6.89329e+05  1.42811e+01  1.42813e+01
2.959962042e+00  1.4620155e+01         -inf  6.89329e+05  1.46202e+01  1.46203e+01
2.971801890e+00  1.4680785e+01         -inf  6.89329e+05  1.46808e+01  1.46810e+01
2.983689097e+00  1.4816747e+01         -inf  6.89329e+05  1.48167e+01  1.48169e+01
2.995623854e+00  1.4447493e+01         -inf  6.89329e+05  1.44475e+01  1.44477e+01
3.007606349e+00  1.4386539e+01         -inf  6.89329e+05  1.43865e+01  1.43868e+01
3.019636775e+00  1.4382206e+01         -inf  6.89329e+05  1.43822e+01  1.43824e+01
3.031715322e+00  1.4229152e+01         -inf  6.89329e+05  1.42292e+01  1.42294e+01
3.043842183e+00  1.4190971e+01         -inf  6.89329e+05  1.41910e+01  1.41912e+01
3.056017552e+00  1.4198876e+01         -inf  6.89329e+05  1.41989e+01  1.41992e+01
3.068241622e+00  1.4183624e+01         -inf  6.89329e+05  1.41836e+01  1.41839e+01
3.080514588e+00  1.4174889e+01         -inf  6.89329e+05  1.41749e+01  1.41752e+01
3.092836647e+00  1.4174151e+01         -inf  6.89329e+05  1.41742e+01  1.41745e+01
3.105207993e+00  1.4187396e+01         -inf  6.89329e+05  1.41874e+01  1.41877e+01
3.117628825e+00  1.4346327e+01         -inf  6.89329e+05  1.43463e+01  1.43467e+01
3.130099341e+00  1.5175750e+01         -inf  6.89329e+05  1.51757e+01  1.51761e+01
3.142619738e+00  1.4746633e+01         -inf  6.89329e+05  1.47466e+01  1.47471e+01
3.155190217e+00  1.4948411e+01         -inf  6.89329e+05  1.49484e+01  1.49488e+01
3.167810978e+00  1.4770426e+01         -inf  6.89329e+05  1.47704e+01  1.47709e+01
3.180482222e+00  1.5360032e+01         -inf  6.89329e+05  1.53600e+01  1.53605e+01
3.193204151e+00  1.5316390e+01         -inf  6.89329e+05  1.53164e+01  1.53169e+01
3.205976967e+00  1.5466993e+01         -inf  6.89329e+05  1.54670e+01  1.54675e+01
3.218800875e+00  1.6064720e+01         -inf  6.89329e+05  1.60647e+01  1.60652e+01
3.231676079e+00  1.5819402e+01         -inf  6.89329e+05  1.58194e+01  1.58200e+01
3.244602783e+00  1.6364918e+01         -inf  6.89329e+05  1.63649e+01  1.63655e+01
3.257581194e+00  1.6425166e+01         -inf  6.89329e+05  1.64252e+01  1.64258e+01
3.270611519e+00  2.0547610e+01         -inf  6.89329e+05  2.05476e+01  2.05483e+01
3.283693965e+00  1.9053525e+01         -inf  6.89329e+05  1.90535e+01  1.90543e+01
3.296828741e+00  1.8543206e+01         -inf  6.89329e+05  1.85432e+01  1.85440e+01
3.310016056e+00  2.1611986e+01         -inf  6.89329e+05  2.16120e+01  2.16125e+01
3.323256120e+00  1.9644059e+01         -inf  6.89329e+05  1.96441e+01  1.96447e+01
3.336549144e+00  1.5587847e+01         -inf  6.89329e+05  1.55878e+01  1.55888e+01
3.349895341e+00  1.5420442e+01         -inf  6.89329e+05  1.54204e+01  1.54214e+01
3.363294922e+00  1.6430020e+01         -inf  6.89329e+05  1.64300e+01  1.64310e+01
3.376748102e+00  1.6260224e+01         -inf  6.89329e+05  1.62602e+01  1.62612e+01
3.390255094e+00  1.6342579e+01         -inf  6.89329e+05  1.63426e+01  1.63436e+01
3.403816115e+00  1.6150259e+01         -inf  6.89329e+05  1.61503e+01  1.61514e+01
3.417431379e+00  1.5367871e+01         -inf  6.89329e+05  1.53679e+01  1.53691e+01
3.431101105e+00  1.5495987e+01         -inf  6.89329e+05  1.54960e+01  1.54973e+01
3.444825509e+00  1.5308327e+01         -inf  6.89329e+05  1.53083e+01  1.53098e+01
3.458604811e+00  1.5043004e+01         -inf  6.89329e+05  1.50430e+01  1.50445e+01
3.472439231e+00  1.5387274e+01         -inf  6.89329e+05  1.53873e+01  1.53889e+01
3.486328987e+00  1.5239078e+01         -inf  6.89329e+05  1.52391e+01  1.52408e+01
3.500274303e+00  1.4821359e+01         -inf  6.89329e+05  1.48214e+01  1.48232e+01
3.514275401e+00  1.4469588e+01         -inf  6.89329e+05  1.44696e+01  1.44715e+01
3.528332502e+00  1.4718906e+01         -inf  6.89329e+05  1.47189e+01  1.47209e+01
3.542445832e+00  1.5363952e+01         -inf  6.89329e+05  1.53640e+01  1.53660e+01
3.556615616e+00  1.4762690e+01         -inf  6.89329e+05  1.47627e+01  1.47649e+01
3.570842078e+00  1.7138927e+01         -inf  6.89329e+05  1.71389e+01  1.71412e+01
3.585125446e+00  1.6171627e+01         -inf  6.89329e+05  1.61716e+01  1.61741e+01
3.599465948e+00  1.5806970e+01         -inf  6.89329e+05  1.58070e+01  1.58096e+01
3.613863812e+00  1.5700851e+01         -inf  6.89329e+05  1.57009e+01  1.57036e+01
3.628319267e+00  1.5118511e+01         -inf  6.89329e+05  1.51185e+01  1.51214e+01
3.642832544e+00  1.5021840e+01         -inf  6.89329e+05  1.50218e+01  1.50249e+01
3.657403874e+00  1.4596697e+01         -inf  6.89329e+05  1.45967e+01  1.45999e+01
3.672033490e+00  1.4558431e+01         -inf  6.89329e+05  1.45584e+01  1.45618e+01
3.686721624e+00  1.4583838e+01         -inf  6.89329e+05  1.45838e+01  1.45874e+01
3.701468510e+00  1.4412570e+01         -inf  6.89329e+05  1.44126e+01  1.44163e+01
3.716274384e+00  1.4457303e+01         -inf  6.89329e+05  1.44573e+01  1.44612e+01
3.731139482e+00  1.4502892e+01         -inf  6.89329e+05  1.45029e+01  1.45070e+01
3.746064040e+00  1.4394366e+01         -inf  6.89329e+05  1.43944e+01  1.43987e+01
3.761048296e+00  1.4328281e+01         -inf  6.89329e+05  1.43283e+01  1.43328e+01
3.776092489e+00  1.4344662e+01         -inf  6.89329e+05  1.43447e+01  1.43494e+01
3.791196859e+00  1.4479410e+01         -inf  6.89329e+05  1.44794e+01  1.44844e+01
3.806361647e+00  1.4533116e+01         -inf  6.89329e+05  1.45331e+01  1.45383e+01
3.821587093e+00  1.4403459e+01         -inf  6.89329e+05  1.44035e+01  1.44089e+01
3.836873442e+00  1.4576460e+01         -inf  6.89329e+05  1.45765e+01  1.45822e+01
3.852220935e+00  1.4849719e+01         -inf  6.89329e+05  1.48497e+01  1.48556e+01
3.867629819e+00  1.5710664e+01         -inf  6.89329e+05  1.57107e+01  1.57165e+01
3.883100338e+00  1.6299367e+01         -inf  6.89329e+05  1.62994e+01  1.63052e+01
3.898632740e+00  1.5681017e+01         -inf  6.89329e+05  1.56810e+01  1.56875e+01
3.914227271e+00  1.6008173e+01         -inf  6.89329e+05  1.60082e+01  1.60147e+01
3.929884180e+00  1.5687483e+01         -inf  6.89329e+05  1.56875e+01  1.56944e+01
3.945603716e+00  1.5210239e+01         -inf  6.89329e+05  1.52102e+01  1.52178e+01
3.961386131e+00  1.4874783e+01         -inf  6.89329e+05  1.48748e+01  1.48828e+01
3.977231676e+00  1.4940497e+01         -inf  6.89329e+05  1.49405e+01  1.49489e+01
3.993140603e+00  1.4929455e+01         -inf  6.89329e+05  1.49295e+01  1.49382e+01
4.009113165e+00  1.5224151e+01         -inf  6.89329e+05  1.52242e+01  1.52331e+01
4.025149618e+00  1.5691561e+01         -inf  6.89329e+05  1.56916e+01  1.57007e+01
4.041250216e+00  1.6201725e+01         -inf  6.89329e+05  1.62017e+01  1.62109e+01
4.057415217e+00  1.6194455e+01         -inf  6.89329e+05  1.61945e+01  1.62041e+01
4.073644878e+00  1.6619824e+01         -inf  6.89329e+05  1.66198e+01  1.66295e+01
4.089939457e+00  1.6919709e+01         -inf  6.89329e+05  1.69197e+01  1.69294e+01
4.106299215e+00  1.6949246e+01         -inf  6.89329e+05  1.69492e+01  1.69593e+01
4.122724412e+00  1.7063332e+01         -inf  6.89329e+05  1.70633e+01  1.70736e+01
4.139215310e+00  1.7252623e+01         -inf  6.89329e+05  1.72526e+01  1.72631e+01
4.155772171e+00  1.7445771e+01         -inf  6.89329e+05  1.74458e+01  1.74551e+01
4.172395260e+00  1.9391314e+01         -inf  6.89329e+05  1.93913e+01  1.93952e+01
4.189084841e+00  2.7679595e+01         -inf  6.89329e+05  2.76796e+01  2.76806e+01
4.205841180e+00  4.0366554e+01         -inf  6.89329e+05  4.03666e+01  4.03674e+01
4.222664545e+00  4.8661160e+01         -inf  6.89329e+05  4.86612e+01  4.86630e+01
4.239555203e+00  5.1657962e+01         -inf  6.89329e+05  5.16580e+01  5.16603e+01
4.256513424e+00  4.9639914e+01         -inf  6.89329e+05  4.96399e+01  4.96419e+01
4.273539477e+00  5.1856766e+01         -inf  6.89329e+05  5.18568e+01  5.18592e+01
4.290633635e+00  5.1068925e+01         -inf  6.89329e+05  5.10689e+01  5.10713e+01
4.307796170e+00  4.8945845e+01         -inf  6.89329e+05  4.89458e+01  4.89480e+01
4.325027355e+00  4.5620382e+01         -inf  6.89329e+05  4.56204e+01  4.56220e+01
4.342327464e+00  4.2966114e+01         -inf  6.89329e+05  4.29661e+01  4.29675e+01
4.359696774e+00  4.0155521e+01         -inf  6.89329e+05  4.01555e+01  4.01568e+01
4.377135561e+00  3.6664382e+01         -inf  6.89329e+05  3.66644e+01  3.66656e+01
4.394644103e+00  3.5336634e+01         -inf  6.89329e+05  3.53366e+01  3.53377e+01
4.412222680e+00  3.3774214e+01         -inf  6.89329e+05  3.37742e+01  3.37753e+01
4.429871570e+00  3.1531729e+01         -inf  6.89329e+05  3.15317e+01  3.15332e+01
4.447591057e+00  2.7899954e+01         -inf  6.89329e+05  2.79000e+01  2.79026e+01
4.465381421e+00  2.6070127e+01         -inf  6.89329e+05  2.60701e+01  2.60736e+01
4.483242946e+00  2.4489017e+01         -inf  6.89329e+05  2.44890e+01  2.44941e+01
4.501175918e+00  2.2279574e+01         -inf  6.89329e+05  2.22796e+01  2.22900e+01
4.519180622e+00  2.3289591e+01         -inf  6.89329e+05  2.32896e+01  2.32983e+01
4.537257344e+00  2.2318652e+01         -inf  6.89329e+05  2.23187e+01  2.23304e+01
4.555406374e+00  2.0844195e+01         -inf  6.89329e+05  2.08442e+01  2.08615e+01
4.573627999e+00  1.9340520e+01         -inf  6.89329e+05  1.93405e+01  1.93648e+01
4.591922511e+00  1.7390081e+01         -inf  6.89329e+05  1.73901e+01  1.74228e+01
4.610290201e+00  1.6362070e+01         -inf  6.89329e+05  1.63621e+01  1.63998e+01
4.628731362e+00  1.5581920e+01         -inf  6.89329e+05  1.55819e+01  1.56226e+01
4.647246288e+00  1.5181229e+01         -inf  6.89329e+05  1.51812e+01  1.52243e+01
4.665835273e+00  1.4924988e+01         -inf  6.89329e+05  1.49250e+01  1.49701e+01
4.684498614e+00  1.7912704e+01         -inf  6.89329e+05  1.79127e+01  1.79589e+01
4.703236608e+00  2.8122134e+01         -inf  6.89329e+05  2.81221e+01  2.81627e+01
4.722049555e+00  2.8572735e+01         -inf  6.89329e+05  2.85727e+01  2.86149e+01
4.740937753e+00  2.5893306e+01         -inf  6.89329e+05  2.58933e+01  2.59383e+01
4.759901504e+00  2.7693683e+01         -inf  6.89329e+05  2.76937e+01  2.77408e+01
4.778941110e+00  2.6506955e+01         -inf  6.89329e+05  2.65070e+01  2.65521e+01
4.798056874e+00  2.4138531e+01         -inf  6.89329e+05  2.41385e+01  2.41832e+01
4.817249102e+00  2.4055026e+01         -inf  6.89329e+05  2.40550e+01  2.40846e+01
4.836518098e+00  2.2170336e+01         -inf  6.89329e+05  2.21703e+01  2.22089e+01
4.855864171e+00  2.0138277e+01         -inf  6.89329e+05  2.01383e+01  2.01758e+01
4.875287627e+00  1.8502607e+01         -inf  6.89329e+05  1.85026e+01  1.85491e+01
4.894788778e+00  1.7131668e+01         -inf  6.89329e+05  1.71317e+01  1.71899e+01
4.914367933e+00  1.6945624e+01         -inf  6.89329e+05  1.69456e+01  1.70112e+01
4.934025405e+00  1.5897226e+01         -inf  6.89329e+05  1.58972e+01  1.59715e+01
4.953761506e+00  1.5559871e+01         -inf  6.89329e+05  1.55599e+01  1.56371e+01
4.973576552e+00  1.5075991e+01         -inf  6.89329e+05  1.50760e+01  1.51569e+01
4.993470859e+00  1.4761104e+01         -inf  6.89329e+05  1.47611e+01  1.48456e+01
5.013444742e+00  1.4470377e+01         -inf  6.89329e+05  1.44704e+01  1.45582e+01
5.033498521e+00  1.4342219e+01         -inf  6.89329e+05  1.43422e+01  1.44332e+01
5.053632515e+00  1.4255961e+01         -inf  6.89329e+05  1.42560e+01  1.43500e+01
5.073847045e+00  1.4279600e+01         -inf  6.89329e+05  1.42796e+01  1.43763e+01
5.094142433e+00  1.4356669e+01         -inf  6.89329e+05  1.43567e+01  1.44556e+01
5.114519003e+00  1.4340702e+01         -inf  6.89329e+05  1.43407e+01  1.44431e+01
5.134977079e+00  1.4211184e+01         -inf  6.89329e+05  1.42112e+01  1.43179e+01
5.155516987e+00  1.4373913e+01         -inf  6.89329e+05  1.43739e+01  1.44824e+01
5.176139055e+00  1.6686945e+01         -inf  6.89329e+05  1.66869e+01  1.67770e+01
5.196843612e+00  1.5021375e+01         -inf  6.89329e+05  1.50214e+01  1.51263e+01
5.217630986e+00  1.5477944e+01         -inf  6.89329e+05  1.54779e+01  1.55778e+01
5.238501510e+00  1.5137820e+01         -inf  6.89329e+05  1.51378e+01  1.52432e+01
5.259455516e+00  1.4878058e+01         -inf  6.89329e+05  1.48781e+01  1.49910e+01
5.280493338e+00  1.4526735e+01         -inf  6.89329e+05  1.45267e+01  1.46475e+01
5.301615311e+00  1.4363157e+01         -inf  6.89329e+05  1.43632e+01  1.44884e+01
5.322821773e+00  1.4591407e+01         -inf  6.89329e+05  1.45914e+01  1.47174e+01
5.344113060e+00  1.4378894e+01         -inf  6.89329e+05  1.43789e+01  1.45048e+01
5.365489512e+00  1.4432173e+01         -inf  6.89329e+05  1.44322e+01  1.45576e+01
5.386951470e+00  1.4468077e+01         -inf  6.89329e+05  1.44681e+01  1.45930e+01
5.408499276e+00  1.4535426e+01         -inf  6.89329e+05  1.45354e+01  1.46597e+01
5.430133273e+00  1.4586373e+01         -inf  6.89329e+05  1.45864e+01  1.47107e+01
5.451853806e+00  1.4641859e+01         -inf  6.89329e+05  1.46419e+01  1.47655e+01
5.473661221e+00  1.4867480e+01         -inf  6.89329e+05  1.48675e+01  1.49898e+01
5.495555866e+00  1.5086492e+01         -inf  6.89329e+05  1.50865e+01  1.52072e+01
5.517538090e+00  1.5145161e+01         -inf  6.89329e+05  1.51452e+01  1.52649e+01
5.539608242e+00  1.5015719e+01         -inf  6.89329e+05  1.50157e+01  1.51343e+01
5.561766675e+00  1.4710383e+01         -inf  6.89329e+05  1.47104e+01  1.48282e+01
5.584013742e+00  1.4880154e+01         -inf  6.89329e+05  1.48802e+01  1.49975e+01
5.606349797e+00  1.5032453e+01         -inf  6.89329e+05  1.50325e+01  1.51494e+01
5.628775196e+00  1.4983583e+01         -inf  6.89329e+05  1.49836e+01  1.51004e+01
5.651290297e+00  1.4853833e+01         -inf  6.89329e+05  1.48538e+01  1.49706e+01
5.673895458e+00  1.4829697e+01         -inf  6.89329e+05  1.48297e+01  1.49463e+01
5.696591040e+00  1.4825094e+01         -inf  6.89329e+05  1.48251e+01  1.49418e+01
5.719377404e+00  1.5600949e+01         -inf  6.89329e+05  1.56009e+01  1.57176e+01
5.742254913e+00  1.7981320e+01         -inf  6.89329e+05  1.79813e+01  1.80970e+01
5.765223933e+00  1.7403916e+01         -inf  6.89329e+05  1.74039e+01  1.75195e+01
5.788284829e+00  1.6649556e+01         -inf  6.89329e+05  1.66496e+01  1.67653e+01
5.811437968e+00  1.6799064e+01         -inf  6.89329e+05  1.67991e+01  1.69145e+01
5.834683720e+00  1.7125074e+01         -inf  6.89329e+05  1.71251e+01  1.72405e+01
5.858022455e+00  1.6883885e+01         -inf  6.89329e+05  1.68839e+01  1.70002e+01
5.881454545e+00  1.6446361e+01         -inf  6.89329e+05  1.64464e+01  1.65641e+01
5.904980363e+00  1.6004500e+01         -inf  6.89329e+05  1.60045e+01  1.61240e+01
5.928600284e+00  1.5706556e+01         -inf  6.89329e+05  1.57066e+01  1.58279e+01
5.952314685e+00  1.5601233e+01         -inf  6.89329e+05  1.56012e+01  1.57245e+01
5.976123944e+00  1.5579030e+01         -inf  6.89329e+05  1.55790e+01  1.57051e+01
6.000028440e+00  1.5679272e+01         -inf  6.89329e+05  1.56793e+01  1.58086e+01
6.024028554e+00  1.5792217e+01         -inf  6.89329e+05  1.57922e+01  1.59252e+01
6.048124668e+00  1.5948391e+01         -inf  6.89329e+05  1.59484e+01  1.60859e+01
6.072317167e+00  1.6109310e+01         -inf  6.89329e+05  1.61093e+01  1.62517e+01
6.096606435e+00  1.6257806e+01         -inf  6.89329e+05  1.62578e+01  1.64055e+01
6.120992861e+00  1.6425516e+01         -inf  6.89329e+05  1.64255e+01  1.65791e+01
6.145476832e+00  1.6537677e+01         -inf  6.89329e+05  1.65377e+01  1.66978e+01
6.170058740e+00  1.6653706e+01         -inf  6.89329e+05  1.66537e+01  1.68209e+01
6.194738975e+00  1.6735019e+01         -inf  6.89329e+05  1.67350e+01  1.69089e+01
6.219517931e+00  1.6798298e+01         -inf  6.89329e+05  1.67983e+01  1.69784e+01
6.244396002e+00  1.6826969e+01         -inf  6.89329e+05  1.68270e+01  1.70126e+01
6.269373586e+00  1.6815355e+01         -inf  6.89329e+05  1.68154e+01  1.70054e+01
6.294451081e+00  1.6886536e+01         -inf  6.89329e+05  1.68865e+01  1.70802e+01
6.319628885e+00  1.6894451e+01         -inf  6.89329e+05  1.68945e+01  1.70908e+01
6.344907401e+00  1.7037566e+01         -inf  6.89329e+05  1.70376e+01  1.72359e+01
6.370287030e+00  1.7193847e+01         -inf  6.89329e+05  1.71938e+01  1.73939e+01
6.395768178e+00  1.7424230e+01         -inf  6.89329e+05  1.74242e+01  1.76260e+01
6.421351251e+00  1.7634991e+01         -inf  6.89329e+05  1.76350e+01  1.78394e+01
6.447036656e+00  1.7615656e+01         -inf  6.89329e+05  1.76157e+01  1.78252e+01
6.472824803e+00  1.7458484e+01         -inf  6.89329e+05  1.74585e+01  1.76755e+01
6.498716102e+00  1.7493963e+01         -inf  6.89329e+05  1.74940e+01  1.77189e+01
6.524710966e+00  1.6848406e+01         -inf  6.89329e+05  1.68484e+01  1.70852e+01
6.550809810e+00  1.6501183e+01         -inf  6.89329e+05  1.65012e+01  1.67494e+01
6.577013049e+00  1.6342238e+01         -inf  6.89329e+05  1.63422e+01  1.66022e+01
6.603321102e+00  1.6198308e+01         -inf  6.89329e+05  1.61983e+01  1.64713e+01
6.629734386e+00  1.6061315e+01         -inf  6.89329e+05  1.60613e+01  1.63481e+01
6.656253324e+00  1.5950506e+01         -inf  6.89329e+05  1.59505e+01  1.62520e+01
6.682878337e+00  1.5775531e+01         -inf  6.89329e+05  1.57755e+01  1.60931e+01
6.709609850e+00  1.5615510e+01         -inf  6.89329e+05  1.56155e+01  1.59503e+01
6.736448290e+00  1.5499512e+01         -inf  6.89329e+05  1.54995e+01  1.58523e+01
6.763394083e+00  1.5262777e+01         -inf  6.89329e+05  1.52628e+01  1.56356e+01
6.790447659e+00  1.5285407e+01         -inf  6.89329e+05  1.52854e+01  1.56789e+01
6.817609450e+00  1.5001780e+01         -inf  6.89329e+05  1.50018e+01  1.54190e+01
6.844879888e+00  1.4847355e+01         -inf  6.89329e+05  1.48474e+01  1.52888e+01
6.872259407e+00  1.4707847e+01         -inf  6.89329e+05  1.47078e+01  1.51740e+01
6.899748445e+00  1.4649870e+01         -inf  6.89329e+05  1.46499e+01  1.51420e+01
6.927347438e+00  1.4426947e+01         -inf  6.89329e+05  1.44269e+01  1.49485e+01
6.955056828e+00  1.4238944e+01         -inf  6.89329e+05  1.42389e+01  1.47922e+01
6.982877056e+00  1.4212588e+01         -inf  6.89329e+05  1.42126e+01  1.47990e+01
7.010808564e+00  1.4121269e+01         -inf  6.89329e+05  1.41213e+01  1.47441e+01
7.038851798e+00  1.3966735e+01         -inf  6.89329e+05  1.39667e+01  1.46306e+01
7.067007205e+00  1.3872115e+01         -inf  6.89329e+05  1.38721e+01  1.45777e+01
7.095275234e+00  1.3770317e+01         -inf  6.89329e+05  1.37703e+01  1.45228e+01
7.123656335e+00  1.3670577e+01         -inf  6.89329e+05  1.36706e+01  1.44714e+01
7.152150960e+00  1.3640709e+01         -inf  6.89329e+05  1.36407e+01  1.44944e+01
7.180759564e+00  1.3604074e+01         -inf  6.89329e+05  1.36041e+01  1.45127e+01
7.209482602e+00  1.3681528e+01         -inf  6.89329e+05  1.36815e+01  1.46444e+01
7.238320533e+00  1.3831708e+01         -inf  6.89329e+05  1.38317e+01  1.48432e+01
7.267273815e+00  1.4084004e+01         -inf  6.89329e+05  1.40840e+01  1.51377e+01
7.296342910e+00  1.4012257e+01         -inf  6.89329e+05  1.40123e+01  1.51190e+01
7.325528282e+00  1.4539531e+01         -inf  6.89329e+05  1.45395e+01  1.56613e+01
7.354830395e+00  1.5142267e+01         -inf  6.89329e+05  1.51423e+01  1.62579e+01
7.384249717e+00  1.5887425e+01         -inf  6.89329e+05  1.58874e+01  1.69815e+01
7.413786715e+00  1.5364514e+01         -inf  6.89329e+05  1.53645e+01  1.65398e+01
7.443441862e+00  1.6109462e+01         -inf  6.89329e+05  1.61095e+01  1.72678e+01
7.473215630e+00  1.5657209e+01         -inf  6.89329e+05  1.56572e+01  1.68891e+01
7.503108492e+00  1.6069826e+01         -inf  6.89329e+05  1.60698e+01  1.73006e+01
7.533120926e+00  1.5408466e+01         -inf  6.89329e+05  1.54085e+01  1.67306e+01
7.563253410e+00  1.4455618e+01         -inf  6.89329e+05  1.44556e+01  1.58984e+01
7.593506424e+00  1.4629157e+01         -inf  6.89329e+05  1.46292e+01  1.60924e+01
7.623880449e+00  1.5737546e+01         -inf  6.89329e+05  1.57375e+01  1.71212e+01
7.654375971e+00  2.0201689e+01         -inf  6.89329e+05  2.02017e+01  2.11841e+01
7.684993475e+00  2.0673360e+01         -inf  6.89329e+05  2.06734e+01  2.15876e+01
7.715733449e+00  1.9226847e+01         -inf  6.89329e+05  1.92268e+01  2.03345e+01
7.746596383e+00  1.7763839e+01         -inf  6.89329e+05  1.77638e+01  1.90588e+01
7.777582768e+00  1.6494487e+01         -inf  6.89329e+05  1.64945e+01  1.79752e+01
7.808693099e+00  1.7358983e+01         -inf  6.89329e+05  1.73590e+01  1.87685e+01
7.839927872e+00  1.8001617e+01         -inf  6.89329e+05  1.80016e+01  1.93378e+01
7.871287583e+00  1.8019775e+01         -inf  6.89329e+05  1.80198e+01  1.93647e+01
7.902772733e+00  1.6977562e+01         -inf  6.89329e+05  1.69776e+01  1.84678e+01
7.934383824e+00  1.6201977e+01         -inf  6.89329e+05  1.62020e+01  1.78158e+01
7.966121360e+00  1.4950673e+01         -inf  6.89329e+05  1.49507e+01  1.67494e+01
7.997985845e+00  1.4197566e+01         -inf  6.89329e+05  1.41976e+01  1.61099e+01
8.029977788e+00  1.4048515e+01         -inf  6.89329e+05  1.40485e+01  1.60151e+01
8.062097700e+00  1.3413250e+01         -inf  6.89329e+05  1.34133e+01  1.54983e+01
8.094346090e+00  1.3108949e+01         -inf  6.89329e+05  1.31089e+01  1.52635e+01
8.126723475e+00  1.2686690e+01         -inf  6.89329e+05  1.26867e+01  1.49288e+01
8.159230369e+00  1.2401598e+01         -inf  6.89329e+05  1.24016e+01  1.47098e+01
8.191867290e+00  1.2490576e+01         -inf  6.89329e+05  1.24906e+01  1.48364e+01
8.224634759e+00  1.2199729e+01         -inf  6.89329e+05  1.21997e+01  1.46125e+01
8.257533298e+00  1.2230237e+01         -inf  6.89329e+05  1.22302e+01  1.46910e+01
8.290563432e+00  1.2112293e+01         -inf  6.89329e+05  1.21123e+01  1.46298e+01
8.323725685e+00  1.2295422e+01         -inf  6.89329e+05  1.22954e+01  1.48563e+01
8.357020588e+00  1.2440654e+01         -inf  6.89329e+05  1.24407e+01  1.50477e+01
8.390448670e+00  1.2759709e+01         -inf  6.89329e+05  1.27597e+01  1.54024e+01
8.424010465e+00  1.2976748e+01         -inf  6.89329e+05  1.29767e+01  1.56622e+01
8.457706507e+00  1.3310249e+01         -inf  6.89329e+05  1.33102e+01  1.60273e+01
8.491537333e+00  1.3475721e+01         -inf  6.89329e+05  1.34757e+01  1.62499e+01
8.525503482e+00  1.3635995e+01         -inf  6.89329e+05  1.36360e+01  1.64696e+01
8.559605496e+00  1.3508602e+01         -inf  6.89329e+05  1.35086e+01  1.64197e+01
8.593843918e+00  1.3768186e+01         -inf  6.89329e+05  1.37682e+01  1.67122e+01
8.628219294e+00  1.4003743e+01         -inf  6.89329e+05  1.40037e+01  1.69866e+01
8.662732171e+00  1.3885210e+01         -inf  6.89329e+05  1.38852e+01  1.69220e+01
8.697383100e+00  1.4522036e+01         -inf  6.89329e+05  1.45220e+01  1.76183e+01
8.732172632e+00  1.4485986e+01         -inf  6.89329e+05  1.44860e+01  1.76543e+01
8.767101323e+00  1.4500562e+01         -inf  6.89329e+05  1.45006e+01  1.77375e+01
8.802169728e+00  1.5419251e+01         -inf  6.89329e+05  1.54193e+01  1.87076e+01
8.837378407e+00  1.5519523e+01         -inf  6.89329e+05  1.55195e+01  1.88609e+01
8.872727920e+00  1.5142865e+01         -inf  6.89329e+05  1.51429e+01  1.85446e+01
8.908218832e+00  1.5187289e+01         -inf  6.89329e+05  1.51873e+01  1.86522e+01
8.943851707e+00  1.5268414e+01         -inf  6.89329e+05  1.52684e+01  1.87986e+01
8.979627114e+00  1.4789064e+01         -inf  6.89329e+05  1.47891e+01  1.83957e+01
9.015545623e+00  1.4198900e+01         -inf  6.89329e+05  1.41989e+01  1.78857e+01
9.051607805e+00  1.4680163e+01         -inf  6.89329e+05  1.46802e+01  1.84295e+01
9.087814236e+00  1.4644672e+01         -inf  6.89329e+05  1.46447e+01  1.84683e+01
9.124165493e+00  1.4689515e+01         -inf  6.89329e+05  1.46895e+01  1.85972e+01
9.160662155e+00  1.5031485e+01         -inf  6.89329e+05  1.50315e+01  1.90169e+01
9.197304804e+00  1.5869079e+01         -inf  6.89329e+05  1.58691e+01  1.98679e+01
9.234094023e+00  1.5358366e+01         -inf  6.89329e+05  1.53584e+01  1.93510e+01
9.271030399e+00  1.5194494e+01         -inf  6.89329e+05  1.51945e+01  1.92091e+01
9.308114521e+00  1.5927400e+01         -inf  6.89329e+05  1.59274e+01  2.00264e+01
9.345346979e+00  1.8479877e+01         -inf  6.89329e+05  1.84799e+01  2.26357e+01
9.382728367e+00  2.6881220e+01         -inf  6.89329e+05  2.68812e+01  3.07950e+01
9.420259280e+00  3.3037598e+01         -inf  6.89329e+05  3.30376e+01  3.63182e+01
9.457940318e+00  3.4881320e+01         -inf  6.89329e+05  3.48813e+01  3.78561e+01
9.495772079e+00  3.5933365e+01         -inf  6.89329e+05  3.59334e+01  3.86781e+01
9.533755167e+00  3.4531271e+01         -inf  6.89329e+05  3.45313e+01  3.76103e+01
9.571890188e+00  2.8653457e+01         -inf  6.89329e+05  2.86535e+01  3.26770e+01
9.610177749e+00  3.4479297e+01         -inf  6.89329e+05  3.44793e+01  3.76447e+01
9.648618460e+00  3.5597906e+01         -inf  6.89329e+05  3.55979e+01  3.88536e+01
9.687212933e+00  3.4155526e+01         -inf  6.89329e+05  3.41555e+01  3.77528e+01
9.725961785e+00  3.2903263e+01         -inf  6.89329e+05  3.29033e+01  3.65931e+01
9.764865632e+00  3.3305784e+01         -inf  6.89329e+05  3.33058e+01  3.70627e+01
9.803925095e+00  3.2368940e+01         -inf  6.89329e+05  3.23689e+01  3.63427e+01
9.843140795e+00  3.0933798e+01         -inf  6.89329e+05  3.09338e+01  3.51552e+01
9.882513358e+00  2.9063468e+01         -inf  6.89329e+05  2.90635e+01  3.36101e+01
9.922043412e+00  2.7049246e+01         -inf  6.89329e+05  2.70492e+01  3.18925e+01
9.961731585e+00  2.5303706e+01         -inf  6.89329e+05  2.53037e+01  3.04082e+01
1.000157851e+01  2.2807399e+01         -inf  6.89329e+05  2.28074e+01  2.81668e+01
1.004158483e+01  1.9580135e+01         -inf  6.89329e+05  1.95801e+01  2.51991e+01
1.008175117e+01  1.7871447e+01         -inf  6.89329e+05  1.78714e+01  2.36745e+01
1.012207817e+01  1.5400828e+01         -inf  6.89329e+05  1.54008e+01  2.13982e+01
1.016256648e+01  1.3444778e+01         -inf  6.89329e+05  1.34448e+01  1.95573e+01
1.020321675e+01  1.1606735e+01         -inf  6.89329e+05  1.16067e+01  1.77834e+01
1.024402962e+01  1.0385146e+01         -inf  6.89329e+05  1.03851e+01  1.66317e+01
1.028500573e+01  9.5364960e+00         -inf  6.89329e+05  9.53650e+00  1.58527e+01
1.032614576e+01  8.7930917e+00         -inf  6.89329e+05  8.79309e+00  1.52212e+01
1.036745034e+01  8.1216865e+00         -inf  6.89329e+05  8.12169e+00  1.47774e+01
1.040892014e+01  7.6642372e+00         -inf  6.89329e+05  7.66424e+00  1.44518e+01
1.045055582e+01  7.7303923e+00         -inf  6.89329e+05  7.73039e+00  1.45574e+01
1.049235805e+01  7.5464970e+00         -inf  6.89329e+05  7.54650e+00  1.44640e+01
1.053432748e+01  7.4450892e+00         -inf  6.89329e+05  7.44509e+00  1.44524e+01
1.057646479e+01  7.3123265e+00         -inf  6.89329e+05  7.31233e+00  1.44320e+01
1.061877065e+01  7.1534288e+00         -inf  6.89329e+05  7.15343e+00  1.43994e+01
1.066124573e+01  6.9846162e+00         -inf  6.89329e+05  6.98462e+00  1.43638e+01
1.070389071e+01  6.8040210e+00         -inf  6.89329e+05  6.80402e+00  1.43196e+01
1.074670627e+01  6.6320382e+00         -inf  6.89329e+05  6.63204e+00  1.42787e+01
1.078969310e+01  6.4681299e+00         -inf  6.89329e+05  6.46813e+00  1.42396e+01
1.083285187e+01  6.3157348e+00         -inf  6.89329e+05  6.31573e+00  1.42110e+01
1.087618328e+01  6.1899366e+00         -inf  6.89329e+05  6.18994e+00  1.41958e+01
1.091968801e+01  6.0666448e+00         -inf  6.89329e+05  6.06664e+00  1.41823e+01
1.096336676e+01  5.9473969e+00         -inf  6.89329e+05  5.94740e+00  1.41773e+01
1.100722023e+01  5.8355750e+00         -inf  6.89329e+05  5.83558e+00  1.41745e+01
1.105124911e+01  5.7178137e+00         -inf  6.89329e+05  5.71781e+00  1.41713e+01
1.109545411e+01  5.6052825e+00         -inf  6.89329e+05  5.60528e+00  1.41721e+01
1.113983593e+01  5.4829774e+00         -inf  6.89329e+05  5.48298e+00  1.41656e+01
1.118439527e+01  5.3624925e+00         -inf  6.89329e+05  5.36249e+00  1.41611e+01
1.122913285e+01  5.2395651e+00         -inf  6.89329e+05  5.23957e+00  1.41594e+01
1.127404938e+01  5.1153685e+00         -inf  6.89329e+05  5.11537e+00  1.41553e+01
1.131914558e+01  4.9921544e+00         -inf  6.89329e+05  4.99215e+00  1.41554e+01
1.136442216e+01  4.8651439e+00         -inf  6.89329e+05  4.86514e+00  1.41549e+01
1.140987985e+01  4.7382179e+00         -inf  6.89329e+05  4.73822e+00  1.41556e+01
1.145551937e+01  4.6104237e+00         -inf  6.89329e+05  4.61042e+00  1.41552e+01
1.150134145e+01  4.4816192e+00         -inf  6.89329e+05  4.48162e+00  1.41553e+01
1.154734681e+01  4.3462528e+00         -inf  6.89329e+05  4.34625e+00  1.41602e+01
1.159353620e+01  4.2105053e+00         -inf  6.89329e+05  4.21051e+00  1.41650e+01
1.163991035e+01  4.0839396e+00         -inf  6.89329e+05  4.08394e+00  1.41593e+01
1.168646999e+01  3.9526065e+00         -inf  6.89329e+05  3.95261e+00  1.41654e+01
1.173321587e+01  3.8197600e+00         -inf  6.89329e+05  3.81976e+00  1.41702e+01
1.178014873e+01  3.6856312e+00         -inf  6.89329e+05  3.68563e+00  1.41759e+01
1.182726932e+01  3.5551679e+00         -inf  6.89329e+05  3.55517e+00  1.41879e+01
1.187457840e+01  3.4177587e+00         -inf  6.89329e+05  3.41776e+00  1.41909e+01
1.192207672e+01  3.2990183e+00         -inf  6.89329e+05  3.29902e+00  1.42146e+01
1.196976502e+01  3.1573646e+00         -inf  6.89329e+05  3.15736e+00  1.42188e+01
1.201764408e+01  3.0479380e+00         -inf  6.89329e+05  3.04794e+00  1.42636e+01
1.206571466e+01  2.9318133e+00         -inf  6.89329e+05  2.93181e+00  1.43523e+01
1.211397752e+01  2.7868175e+00         -inf  6.89329e+05  2.78682e+00  1.43105e+01
1.216243343e+01  2.7409348e+00         -inf  6.89329e+05  2.74093e+00  1.44153e+01
1.221108316e+01  2.6067967e+00         -inf  6.89329e+05  2.60680e+00  1.44198e+01
1.225992749e+01  2.6102412e+00         -inf  6.89329e+05  2.61024e+00  1.45410e+01
1.230896720e+01  2.5667962e+00         -inf  6.89329e+05  2.56680e+00  1.46071e+01
1.235820307e+01  2.5381172e+00         -inf  6.89329e+05  2.53812e+00  1.46877e+01
1.240763589e+01  2.5838742e+00         -inf  6.89329e+05  2.58387e+00  1.48512e+01
1.245726643e+01  2.4146219e+00         -inf  6.89329e+05  2.41462e+00  1.48240e+01
1.250709549e+01  2.5118672e+00         -inf  6.89329e+05  2.51187e+00  1.50881e+01
1.255712388e+01  2.1926926e+00         -inf  6.89329e+05  2.19269e+00  1.49912e+01
1.260735237e+01  3.9529868e+00         -inf  6.89329e+05  3.95299e+00  1.59267e+01
1.265778178e+01  3.2707226e+00         -inf  6.89329e+05  3.27072e+00  1.58274e+01
1.270841291e+01  2.0045432e+00         -inf  6.89329e+05  2.00454e+00  1.53680e+01
1.275924656e+01  2.3465227e+00         -inf  6.89329e+05  2.34652e+00  1.57841e+01
1.281028355e+01  2.1851337e+00         -inf  6.89329e+05  2.18513e+00  1.57374e+01
1.286152468e+01  2.6173431e+00         -inf  6.89329e+05  2.61734e+00  1.62049e+01
1.291297078e+01  2.4658442e+00         -inf  6.89329e+05  2.46584e+00  1.60450e+01
1.296462266e+01  3.8561374e+00         -inf  6.89329e+05  3.85614e+00  1.71626e+01
1.301648115e+01  3.3878409e+00         -inf  6.89329e+05  3.38784e+00  1.65398e+01
1.306854708e+01  4.3718013e+00         -inf  6.89329e+05  4.37180e+00  1.75067e+01
1.312082127e+01  4.4160876e+00         -inf  6.89329e+05  4.41609e+00  1.72291e+01
1.317330455e+01  5.5492532e+00         -inf  6.89329e+05  5.54925e+00  1.76306e+01
1.322599777e+01  7.8727202e+00         -inf  6.89329e+05  7.87272e+00  1.90048e+01
1.327890176e+01  7.7194935e+00         -inf  6.89329e+05  7.71949e+00  1.84346e+01
1.333201737e+01  1.0305195e+01         -inf  6.89329e+05  1.03052e+01  2.05042e+01
1.338534544e+01  9.8113709e+00         -inf  6.89329e+05  9.81137e+00  1.96365e+01
1.343888682e+01  1.2464703e+01         -inf  6.89329e+05  1.24647e+01  2.18556e+01
1.349264237e+01  1.8455557e+01         -inf  6.89329e+05  1.84556e+01  2.61596e+01
1.354661294e+01  1.4593582e+01         -inf  6.89329e+05  1.45936e+01  2.30456e+01
1.360079939e+01  1.5728953e+01         -inf  6.89329e+05  1.57290e+01  2.41784e+01
1.365520258e+01  1.5020278e+01         -inf  6.89329e+05  1.50203e+01  2.35164e+01
1.370982339e+01  1.5946748e+01         -inf  6.89329e+05  1.59467e+01  2.47602e+01
1.376466269e+01  1.3631212e+01         -inf  6.89329e+05  1.36312e+01  2.28681e+01
1.381972134e+01  1.6397070e+01         -inf  6.89329e+05  1.63971e+01  2.54321e+01
1.387500022e+01  2.9147492e+01         -inf  6.89329e+05  2.91475e+01  3.58902e+01
1.393050023e+01  1.9833134e+01         -inf  6.89329e+05  1.98331e+01  2.77015e+01
1.398622223e+01  1.7890009e+01         -inf  6.89329e+05  1.78900e+01  2.61354e+01
1.404216712e+01  1.9824556e+01         -inf  6.89329e+05  1.98246e+01  2.75313e+01
1.409833578e+01  2.0650591e+01         -inf  6.89329e+05  2.06506e+01  2.81150e+01
1.415472913e+01  2.2162241e+01         -inf  6.89329e+05  2.21622e+01  2.91318e+01
1.421134804e+01  2.5089066e+01         -inf  6.89329e+05  2.50891e+01  3.16945e+01
1.426819344e+01  2.6098470e+01         -inf  6.89329e+05  2.60985e+01  3.24340e+01
1.432526621e+01  2.6927842e+01         -inf  6.89329e+05  2.69278e+01  3.31722e+01
1.438256727e+01  2.9369711e+01         -inf  6.89329e+05  2.93697e+01  3.55858e+01
1.444009754e+01  3.0541794e+01         -inf  6.89329e+05  3.05418e+01  3.69864e+01
1.449785793e+01  3.0902310e+01         -inf  6.89329e+05  3.09023e+01  3.72486e+01
1.455584937e+01  3.1525530e+01         -inf  6.89329e+05  3.15255e+01  3.82163e+01
1.461407276e+01  3.2889385e+01         -inf  6.89329e+05  3.28894e+01  3.99895e+01
1.467252905e+01  3.2519981e+01         -inf  6.89329e+05  3.25200e+01  3.96664e+01
1.473121917e+01  3.2472494e+01         -inf  6.89329e+05  3.24725e+01  3.97325e+01
1.479014405e+01  3.3305067e+01         -inf  6.89329e+05  3.33051e+01  4.09558e+01
1.484930462e+01  3.3044814e+01         -inf  6.89329e+05  3.30448e+01  4.07014e+01
1.490870184e+01  3.4587236e+01         -inf  6.89329e+05  3.45872e+01  4.26196e+01
1.496833665e+01  4.5716060e+01         -inf  6.89329e+05  4.57161e+01  5.74651e+01
1.502821000e+01  3.4440193e+01         -inf  6.89329e+05  3.44402e+01  4.24891e+01
1.508832284e+01  3.5215390e+01         -inf  6.89329e+05  3.52154e+01  4.37756e+01
1.514867613e+01  3.2043428e+01         -inf  6.89329e+05  3.20434e+01  4.00971e+01
1.520927083e+01  3.0942707e+01         -inf  6.89329e+05  3.09427e+01  3.86879e+01
1.527010791e+01  3.1583460e+01         -inf  6.89329e+05  3.15835e+01  3.97321e+01
1.533118835e+01  3.2304306e+01         -inf  6.89329e+05  3.23043e+01  4.06893e+01
1.539251310e+01  3.4367007e+01         -inf  6.89329e+05  3.43670e+01  4.33527e+01
1.545408315e+01  3.0434228e+01         -inf  6.89329e+05  3.04342e+01  3.87411e+01
1.551589948e+01  2.9949625e+01         -inf  6.89329e+05  2.99496e+01  3.81461e+01
1.557796308e+01  2.8042481e+01         -inf  6.89329e+05  2.80425e+01  3.62048e+01
1.564027493e+01  2.6071167e+01         -inf  6.89329e+05  2.60712e+01  3.42017e+01
1.570283603e+01  2.6098400e+01         -inf  6.89329e+05  2.60984e+01  3.45504e+01
1.576564738e+01  2.4464058e+01         -inf  6.89329e+05  2.44641e+01  3.31288e+01
1.582870997e+01  2.2279401e+01         -inf  6.89329e+05  2.22794e+01  3.14929e+01
1.589202481e+01  2.0632763e+01         -inf  6.89329e+05  2.06328e+01  3.02637e+01
1.595559291e+01  1.6933247e+01         -inf  6.89329e+05  1.69332e+01  2.76157e+01
1.601941528e+01  1.6375382e+01         -inf  6.89329e+05  1.63754e+01  2.74875e+01
1.608349294e+01  1.0872813e+01         -inf  6.89329e+05  1.08728e+01  2.38934e+01
1.614782691e+01  1.3862411e+01         -inf  6.89329e+05  1.38624e+01  2.61556e+01
1.621241822e+01  2.3746223e+01         -inf  6.89329e+05  2.37462e+01  3.44840e+01
1.627726789e+01  1.0859285e+01         -inf  6.89329e+05  1.08593e+01  2.42905e+01
1.634237696e+01  7.9103470e+00         -inf  6.89329e+05  7.91035e+00  2.23150e+01
1.640774647e+01  9.9481986e+00         -inf  6.89329e+05  9.94820e+00  2.37756e+01
1.647337746e+01  9.2649898e+00         -inf  6.89329e+05  9.26499e+00  2.36858e+01
1.653927097e+01  7.4926434e+00         -inf  6.89329e+05  7.49264e+00  2.23468e+01
1.660542805e+01  6.2638975e+00         -inf  6.89329e+05  6.26390e+00  2.16858e+01
1.667184976e+01  5.1240524e+00         -inf  6.89329e+05  5.12405e+00  2.13112e+01
1.673853716e+01  1.1389627e+01         -inf  6.89329e+05  1.13896e+01  2.59071e+01
1.680549131e+01  4.0346457e+00         -inf  6.89329e+05  4.03465e+00  2.11848e+01
1.687271328e+01  2.0105284e+00         -inf  6.89329e+05  2.01053e+00  1.98501e+01
1.694020413e+01  1.9492239e+00         -inf  6.89329e+05  1.94922e+00  2.04341e+01
1.700796495e+01  3.8727428e-02         -inf  6.89329e+05  3.87274e-02  1.90830e+01
1.707599681e+01 -3.5508778e+00         -inf  6.89329e+05 -3.55088e+00  1.75221e+01
1.714430079e+01 -3.9671773e+00         -inf  6.89329e+05 -3.96718e+00  1.75041e+01
1.721287800e+01 -5.4264746e+00         -inf  6.89329e+05 -5.42647e+00  1.69943e+01
1.728172951e+01 -7.1011958e+00         -inf  6.89329e+05 -7.10120e+00  1.65691e+01
1.735085643e+01 -7.3620536e+00         -inf  6.89329e+05 -7.36205e+00  1.66867e+01
1.742025985e+01 -1.0328391e+01         -inf  6.89329e+05 -1.03284e+01  1.57035e+01
1.748994089e+01 -9.9561632e+00         -inf  6.89329e+05 -9.95616e+00  1.58620e+01
1.755990065e+01 -1.1350443e+01         -inf  6.89329e+05 -1.13504e+01  1.55510e+01
1.763014026e+01 -1.2403836e+01         -inf  6.89329e+05 -1.24038e+01  1.51492e+01
1.770066082e+01 -1.2934795e+01         -inf  6.89329e+05 -1.29348e+01  1.50633e+01
1.777146346e+01 -1.3525152e+01         -inf  6.89329e+05 -1.35252e+01  1.49895e+01
1.784254932e+01 -1.4601798e+01         -inf  6.89329e+05 -1.46018e+01  1.47182e+01
1.791391951e+01 -1.4797153e+01         -inf  6.89329e+05 -1.47972e+01  1.46055e+01
1.798557519e+01 -1.5315689e+01         -inf  6.89329e+05 -1.53157e+01  1.45128e+01
1.805751749e+01 -1.5815585e+01         -inf  6.89329e+05 -1.58156e+01  1.43994e+01
1.812974756e+01 -1.5945201e+01         -inf  6.89329e+05 -1.59452e+01  1.44211e+01
1.820226655e+01 -1.6481132e+01         -inf  6.89329e+05 -1.64811e+01  1.42917e+01
1.827507562e+01 -1.5784741e+01         -inf  6.89329e+05 -1.57847e+01  1.45003e+01
1.834817592e+01 -1.0790269e+01         -inf  6.89329e+05 -1.07903e+01  1.63384e+01
1.842156862e+01 -1.7121719e+01         -inf  6.89329e+05 -1.71217e+01  1.42239e+01
1.849525490e+01 -1.7442187e+01         -inf  6.89329e+05 -1.74422e+01  1.42212e+01
1.856923592e+01 -1.7331827e+01         -inf  6.89329e+05 -1.73318e+01  1.43147e+01
1.864351286e+01 -1.7454603e+01         -inf  6.89329e+05 -1.74546e+01  1.43320e+01
1.871808691e+01 -1.7600900e+01         -inf  6.89329e+05 -1.76009e+01  1.43435e+01
1.879295926e+01 -1.7786030e+01         -inf  6.89329e+05 -1.77860e+01  1.43138e+01
1.886813110e+01 -1.8194901e+01         -inf  6.89329e+05 -1.81949e+01  1.42449e+01
1.894360362e+01 -1.8077088e+01         -inf  6.89329e+05 -1.80771e+01  1.43361e+01
1.901937804e+01 -1.8436064e+01         -inf  6.89329e+05 -1.84361e+01  1.42837e+01
1.909545555e+01 -1.8742403e+01         -inf  6.89329e+05 -1.87424e+01  1.42292e+01
1.917183737e+01 -1.8824349e+01         -inf  6.89329e+05 -1.88243e+01  1.42734e+01
1.924852472e+01 -1.9182235e+01         -inf  6.89329e+05 -1.91822e+01  1.42130e+01
1.932551882e+01 -1.9286687e+01         -inf  6.89329e+05 -1.92867e+01  1.42337e+01
1.940282089e+01 -1.9523004e+01         -inf  6.89329e+05 -1.95230e+01  1.42142e+01
1.948043218e+01 -1.9732774e+01         -inf  6.89329e+05 -1.97328e+01  1.42017e+01
1.955835391e+01 -1.9874476e+01         -inf  6.89329e+05 -1.98745e+01  1.42084e+01
1.963658732e+01 -1.9990164e+01         -inf  6.89329e+05 -1.99902e+01  1.42175e+01
1.971513367e+01 -2.0204279e+01         -inf  6.89329e+05 -2.02043e+01  1.42071e+01
1.979399421e+01 -2.0400611e+01         -inf  6.89329e+05 -2.04006e+01  1.41979e+01
1.987317018e+01 -2.0559229e+01         -inf  6.89329e+05 -2.05592e+01  1.41985e+01
1.995266286e+01 -2.0713167e+01         -inf  6.89329e+05 -2.07132e+01  1.42003e+01
