# WARNING | GENERATOR | Too many electrons per pixel (up to 9.04e+13) detected in the 1.54-19.95 um spectral range. Reduce exposure time per frame to less than 0.000 seconds.
# ------------------------------------------------------------------------
# Radiance spectrum
# NASA-GSFC Planetary Spectrum Generator (PSG) (Villanueva et al. 2018, 2022)
# Synthesized on Tue May 12 15:49:20 2026
# Doppler velocities [km/s] (vobs,vrot+vorb,vwidth,vrfl,vstr): 29.00000,-0.00000,0.00000,0.00000,-0.00000
# ------------------------------------------------------------------------
# Spectra synthesized with the Planetary and Universal Model of Atmospheric Scattering (PUMAS, Villanueva et al. 2018, 2022)
# Single scattering radiative transfer method
# Radiative transfer took 5.610 seconds
# ------------------------------------------------------------------------
# Spectral unit: Wavelength [um]
# Radiance unit: Contrast [transit atmospheric thickness, km]
# Wave/freq Total Noise Stellar Earth Transit
2.000000000e-01  4.9572530e+01         -inf  6.89329e+05  4.95725e+01  4.95725e+01
2.008000000e-01  4.9520892e+01         -inf  6.89329e+05  4.95209e+01  4.95209e+01
2.016032000e-01  4.9477924e+01         -inf  6.89329e+05  4.94779e+01  4.94779e+01
2.024096128e-01  4.9438347e+01         -inf  6.89329e+05  4.94383e+01  4.94383e+01
2.032192513e-01  4.9413094e+01         -inf  6.89329e+05  4.94131e+01  4.94131e+01
2.040321283e-01  4.9446640e+01         -inf  6.89329e+05  4.94466e+01  4.94466e+01
2.048482568e-01  4.9480185e+01         -inf  6.89329e+05  4.94802e+01  4.94802e+01
2.056676498e-01  4.9572530e+01         -inf  6.89329e+05  4.95725e+01  4.95725e+01
2.064903204e-01  4.9698417e+01         -inf  6.89329e+05  4.96984e+01  4.96984e+01
2.073162817e-01  4.9821287e+01         -inf  6.89329e+05  4.98213e+01  4.98213e+01
2.081455468e-01  4.9962245e+01         -inf  6.89329e+05  4.99622e+01  4.99622e+01
2.089781290e-01  5.0097170e+01         -inf  6.89329e+05  5.00972e+01  5.00972e+01
2.098140415e-01  5.0287869e+01         -inf  6.89329e+05  5.02879e+01  5.02879e+01
2.106532977e-01  5.0543759e+01         -inf  6.89329e+05  5.05438e+01  5.05438e+01
2.114959109e-01  5.0780420e+01         -inf  6.89329e+05  5.07804e+01  5.07804e+01
2.123418945e-01  5.1191540e+01         -inf  6.89329e+05  5.11915e+01  5.11915e+01
2.131912621e-01  5.1656516e+01         -inf  6.89329e+05  5.16565e+01  5.16565e+01
2.140440271e-01  5.1804970e+01         -inf  6.89329e+05  5.18050e+01  5.18050e+01
2.149002032e-01  5.2091317e+01         -inf  6.89329e+05  5.20913e+01  5.20913e+01
2.157598041e-01  5.2398749e+01         -inf  6.89329e+05  5.23987e+01  5.23987e+01
2.166228433e-01  5.2684694e+01         -inf  6.89329e+05  5.26847e+01  5.26847e+01
2.174893346e-01  5.3007543e+01         -inf  6.89329e+05  5.30075e+01  5.30075e+01
2.183592920e-01  5.3285173e+01         -inf  6.89329e+05  5.32852e+01  5.32852e+01
2.192327292e-01  5.3576351e+01         -inf  6.89329e+05  5.35764e+01  5.35764e+01
2.201096601e-01  5.3860359e+01         -inf  6.89329e+05  5.38604e+01  5.38604e+01
2.209900987e-01  5.4144355e+01         -inf  6.89329e+05  5.41444e+01  5.41444e+01
2.218740591e-01  5.4422312e+01         -inf  6.89329e+05  5.44223e+01  5.44223e+01
2.227615553e-01  5.4685193e+01         -inf  6.89329e+05  5.46852e+01  5.46852e+01
2.236526016e-01  5.4947687e+01         -inf  6.89329e+05  5.49477e+01  5.49477e+01
2.245472120e-01  5.5212429e+01         -inf  6.89329e+05  5.52124e+01  5.52124e+01
2.254454008e-01  5.5443646e+01         -inf  6.89329e+05  5.54436e+01  5.54436e+01
2.263471824e-01  5.5700460e+01         -inf  6.89329e+05  5.57005e+01  5.57005e+01
2.272525711e-01  5.5929776e+01         -inf  6.89329e+05  5.59298e+01  5.59298e+01
2.281615814e-01  5.6158708e+01         -inf  6.89329e+05  5.61587e+01  5.61587e+01
2.290742278e-01  5.6387256e+01         -inf  6.89329e+05  5.63873e+01  5.63873e+01
2.299905247e-01  5.6581910e+01         -inf  6.89329e+05  5.65819e+01  5.65819e+01
2.309104868e-01  5.6804041e+01         -inf  6.89329e+05  5.68040e+01  5.68040e+01
2.318341287e-01  5.6990024e+01         -inf  6.89329e+05  5.69900e+01  5.69900e+01
2.327614652e-01  5.7191813e+01         -inf  6.89329e+05  5.71918e+01  5.71918e+01
2.336925111e-01  5.7357832e+01         -inf  6.89329e+05  5.73578e+01  5.73578e+01
2.346272811e-01  5.7548692e+01         -inf  6.89329e+05  5.75487e+01  5.75487e+01
2.355657903e-01  5.7699268e+01         -inf  6.89329e+05  5.76993e+01  5.76993e+01
2.365080534e-01  5.7859251e+01         -inf  6.89329e+05  5.78593e+01  5.78593e+01
2.374540856e-01  5.8015466e+01         -inf  6.89329e+05  5.80155e+01  5.80155e+01
2.384039020e-01  5.8150975e+01         -inf  6.89329e+05  5.81510e+01  5.81510e+01
2.393575176e-01  5.8283470e+01         -inf  6.89329e+05  5.82835e+01  5.82835e+01
2.403149477e-01  5.8419726e+01         -inf  6.89329e+05  5.84197e+01  5.84197e+01
2.412762074e-01  5.8524739e+01         -inf  6.89329e+05  5.85247e+01  5.85247e+01
2.422413123e-01  5.8633514e+01         -inf  6.89329e+05  5.86335e+01  5.86335e+01
2.432102775e-01  5.8743040e+01         -inf  6.89329e+05  5.87430e+01  5.87430e+01
2.441831186e-01  5.8825465e+01         -inf  6.89329e+05  5.88255e+01  5.88255e+01
2.451598511e-01  5.8917299e+01         -inf  6.89329e+05  5.89173e+01  5.89173e+01
2.461404905e-01  5.8988431e+01         -inf  6.89329e+05  5.89884e+01  5.89884e+01
2.471250525e-01  5.9046391e+01         -inf  6.89329e+05  5.90464e+01  5.90464e+01
2.481135527e-01  5.9102844e+01         -inf  6.89329e+05  5.91028e+01  5.91028e+01
2.491060069e-01  5.9173598e+01         -inf  6.89329e+05  5.91736e+01  5.91736e+01
2.501024309e-01  5.9209727e+01         -inf  6.89329e+05  5.92097e+01  5.92097e+01
2.511028406e-01  5.9207846e+01         -inf  6.89329e+05  5.92078e+01  5.92078e+01
2.521072520e-01  5.9280480e+01         -inf  6.89329e+05  5.92805e+01  5.92805e+01
2.531156810e-01  5.9262416e+01         -inf  6.89329e+05  5.92624e+01  5.92624e+01
2.541281437e-01  5.9273706e+01         -inf  6.89329e+05  5.92737e+01  5.92737e+01
2.551446563e-01  5.9300050e+01         -inf  6.89329e+05  5.93001e+01  5.93001e+01
2.561652349e-01  5.9255265e+01         -inf  6.89329e+05  5.92553e+01  5.92553e+01
2.571898959e-01  5.9213867e+01         -inf  6.89329e+05  5.92139e+01  5.92139e+01
2.582186555e-01  5.9229674e+01         -inf  6.89329e+05  5.92297e+01  5.92297e+01
2.592515301e-01  5.9174727e+01         -inf  6.89329e+05  5.91747e+01  5.91747e+01
2.602885362e-01  5.9115640e+01         -inf  6.89329e+05  5.91156e+01  5.91156e+01
2.613296904e-01  5.9060316e+01         -inf  6.89329e+05  5.90603e+01  5.90603e+01
2.623750091e-01  5.9006873e+01         -inf  6.89329e+05  5.90069e+01  5.90069e+01
2.634245092e-01  5.8864231e+01         -inf  6.89329e+05  5.88642e+01  5.88642e+01
2.644782072e-01  5.8857080e+01         -inf  6.89329e+05  5.88571e+01  5.88571e+01
2.655361200e-01  5.8715941e+01         -inf  6.89329e+05  5.87159e+01  5.87159e+01
2.665982645e-01  5.8590983e+01         -inf  6.89329e+05  5.85910e+01  5.85910e+01
2.676646576e-01  5.8485971e+01         -inf  6.89329e+05  5.84860e+01  5.84860e+01
2.687353162e-01  5.8277447e+01         -inf  6.89329e+05  5.82774e+01  5.82774e+01
2.698102574e-01  5.8217599e+01         -inf  6.89329e+05  5.82176e+01  5.82176e+01
2.708894985e-01  5.7976319e+01         -inf  6.89329e+05  5.79763e+01  5.79763e+01
2.719730565e-01  5.7843441e+01         -inf  6.89329e+05  5.78434e+01  5.78434e+01
2.730609487e-01  5.7649202e+01         -inf  6.89329e+05  5.76492e+01  5.76492e+01
2.741531925e-01  5.7357455e+01         -inf  6.89329e+05  5.73575e+01  5.73575e+01
2.752498053e-01  5.7201224e+01         -inf  6.89329e+05  5.72012e+01  5.72012e+01
2.763508045e-01  5.6941458e+01         -inf  6.89329e+05  5.69415e+01  5.69415e+01
2.774562077e-01  5.6688082e+01         -inf  6.89329e+05  5.66881e+01  5.66881e+01
2.785660325e-01  5.6402693e+01         -inf  6.89329e+05  5.64027e+01  5.64027e+01
2.796802967e-01  5.6130845e+01         -inf  6.89329e+05  5.61308e+01  5.61308e+01
2.807990178e-01  5.5765227e+01         -inf  6.89329e+05  5.57652e+01  5.57652e+01
2.819222139e-01  5.5404482e+01         -inf  6.89329e+05  5.54045e+01  5.54045e+01
2.830499028e-01  5.5130334e+01         -inf  6.89329e+05  5.51303e+01  5.51303e+01
2.841821024e-01  5.4707037e+01         -inf  6.89329e+05  5.47070e+01  5.47070e+01
2.853188308e-01  5.4298401e+01         -inf  6.89329e+05  5.42984e+01  5.42984e+01
2.864601061e-01  5.3932301e+01         -inf  6.89329e+05  5.39323e+01  5.39323e+01
2.876059465e-01  5.3455059e+01         -inf  6.89329e+05  5.34551e+01  5.34551e+01
2.887563703e-01  5.2947645e+01         -inf  6.89329e+05  5.29476e+01  5.29476e+01
2.899113958e-01  5.2464680e+01         -inf  6.89329e+05  5.24647e+01  5.24647e+01
2.910710414e-01  5.2002023e+01         -inf  6.89329e+05  5.20020e+01  5.20020e+01
2.922353256e-01  5.1414612e+01         -inf  6.89329e+05  5.14146e+01  5.14146e+01
2.934042669e-01  5.0879528e+01         -inf  6.89329e+05  5.08795e+01  5.08795e+01
2.945778839e-01  5.0329702e+01         -inf  6.89329e+05  5.03297e+01  5.03297e+01
2.957561955e-01  4.9679195e+01         -inf  6.89329e+05  4.96792e+01  4.96792e+01
2.969392202e-01  4.9093456e+01         -inf  6.89329e+05  4.90935e+01  4.90935e+01
2.981269771e-01  4.8459411e+01         -inf  6.89329e+05  4.84594e+01  4.84594e+01
2.993194850e-01  4.7874692e+01         -inf  6.89329e+05  4.78747e+01  4.78747e+01
3.005167630e-01  4.7257494e+01         -inf  6.89329e+05  4.72575e+01  4.72575e+01
3.017188300e-01  4.6599134e+01         -inf  6.89329e+05  4.65991e+01  4.65991e+01
3.029257054e-01  4.5952021e+01         -inf  6.89329e+05  4.59520e+01  4.59520e+01
3.041374082e-01  4.5400640e+01         -inf  6.89329e+05  4.54006e+01  4.54006e+01
3.053539578e-01  4.4621386e+01         -inf  6.89329e+05  4.46214e+01  4.46214e+01
3.065753736e-01  4.4122327e+01         -inf  6.89329e+05  4.41223e+01  4.41223e+01
3.078016751e-01  4.3284816e+01         -inf  6.89329e+05  4.32848e+01  4.32848e+01
3.090328818e-01  4.2778861e+01         -inf  6.89329e+05  4.27789e+01  4.27789e+01
3.102690134e-01  4.1935892e+01         -inf  6.89329e+05  4.19359e+01  4.19359e+01
3.115100894e-01  4.1447191e+01         -inf  6.89329e+05  4.14472e+01  4.14472e+01
3.127561298e-01  4.0551205e+01         -inf  6.89329e+05  4.05512e+01  4.05512e+01
3.140071543e-01  4.0129210e+01         -inf  6.89329e+05  4.01292e+01  4.01292e+01
3.152631829e-01  3.9343652e+01         -inf  6.89329e+05  3.93437e+01  3.93437e+01
3.165242356e-01  3.8531946e+01         -inf  6.89329e+05  3.85319e+01  3.85319e+01
3.177903326e-01  3.8271424e+01         -inf  6.89329e+05  3.82714e+01  3.82714e+01
3.190614939e-01  3.7088026e+01         -inf  6.89329e+05  3.70880e+01  3.70880e+01
3.203377399e-01  3.7052981e+01         -inf  6.89329e+05  3.70530e+01  3.70530e+01
3.216190908e-01  3.5901313e+01         -inf  6.89329e+05  3.59013e+01  3.59013e+01
3.229055672e-01  3.6043522e+01         -inf  6.89329e+05  3.60435e+01  3.60435e+01
3.241971895e-01  3.4547397e+01         -inf  6.89329e+05  3.45474e+01  3.45474e+01
3.254939782e-01  3.5179796e+01         -inf  6.89329e+05  3.51798e+01  3.51798e+01
3.267959541e-01  3.3680824e+01         -inf  6.89329e+05  3.36808e+01  3.36808e+01
3.281031380e-01  3.4284747e+01         -inf  6.89329e+05  3.42847e+01  3.42847e+01
3.294155505e-01  3.2794295e+01         -inf  6.89329e+05  3.27943e+01  3.27943e+01
3.307332127e-01  3.3398642e+01         -inf  6.89329e+05  3.33986e+01  3.33986e+01
3.320561456e-01  3.2570007e+01         -inf  6.89329e+05  3.25700e+01  3.25700e+01
3.333843702e-01  3.2469217e+01         -inf  6.89329e+05  3.24692e+01  3.24692e+01
3.347179076e-01  3.2104893e+01         -inf  6.89329e+05  3.21049e+01  3.21049e+01
3.360567793e-01  3.1631581e+01         -inf  6.89329e+05  3.16316e+01  3.16316e+01
3.374010064e-01  3.1992568e+01         -inf  6.89329e+05  3.19926e+01  3.19926e+01
3.387506104e-01  3.1295596e+01         -inf  6.89329e+05  3.12956e+01  3.12956e+01
3.401056128e-01  3.1344092e+01         -inf  6.89329e+05  3.13441e+01  3.13441e+01
3.414660353e-01  3.0983937e+01         -inf  6.89329e+05  3.09839e+01  3.09839e+01
3.428318994e-01  3.0813000e+01         -inf  6.89329e+05  3.08130e+01  3.08130e+01
3.442032270e-01  3.0947497e+01         -inf  6.89329e+05  3.09475e+01  3.09475e+01
3.455800399e-01  3.0600249e+01         -inf  6.89329e+05  3.06002e+01  3.06002e+01
3.469623601e-01  3.0476708e+01         -inf  6.89329e+05  3.04767e+01  3.04767e+01
3.483502095e-01  3.0331918e+01         -inf  6.89329e+05  3.03319e+01  3.03319e+01
3.497436104e-01  3.0194799e+01         -inf  6.89329e+05  3.01948e+01  3.01948e+01
3.511425848e-01  3.0148147e+01         -inf  6.89329e+05  3.01481e+01  3.01481e+01
3.525471552e-01  3.0023879e+01         -inf  6.89329e+05  3.00239e+01  3.00239e+01
3.539573438e-01  2.9870459e+01         -inf  6.89329e+05  2.98705e+01  2.98705e+01
3.553731732e-01  2.9769400e+01         -inf  6.89329e+05  2.97694e+01  2.97694e+01
3.567946659e-01  2.9658697e+01         -inf  6.89329e+05  2.96587e+01  2.96587e+01
3.582218445e-01  2.9550980e+01         -inf  6.89329e+05  2.95510e+01  2.95510e+01
3.596547319e-01  2.9462204e+01         -inf  6.89329e+05  2.94622e+01  2.94622e+01
3.610933508e-01  2.9348018e+01         -inf  6.89329e+05  2.93480e+01  2.93480e+01
3.625377242e-01  2.9238215e+01         -inf  6.89329e+05  2.92382e+01  2.92382e+01
3.639878751e-01  2.9135785e+01         -inf  6.89329e+05  2.91358e+01  2.91358e+01
3.654438266e-01  2.9035243e+01         -inf  6.89329e+05  2.90352e+01  2.90352e+01
3.669056019e-01  2.8930616e+01         -inf  6.89329e+05  2.89306e+01  2.89306e+01
3.683732243e-01  2.8830071e+01         -inf  6.89329e+05  2.88301e+01  2.88301e+01
3.698467172e-01  2.8727293e+01         -inf  6.89329e+05  2.87273e+01  2.87273e+01
3.713261041e-01  2.8624438e+01         -inf  6.89329e+05  2.86244e+01  2.86244e+01
3.728114085e-01  2.8522716e+01         -inf  6.89329e+05  2.85227e+01  2.85227e+01
3.743026542e-01  2.8422051e+01         -inf  6.89329e+05  2.84221e+01  2.84221e+01
3.757998648e-01  2.8320440e+01         -inf  6.89329e+05  2.83204e+01  2.83204e+01
3.773030642e-01  2.8219355e+01         -inf  6.89329e+05  2.82194e+01  2.82194e+01
3.788122765e-01  2.8118308e+01         -inf  6.89329e+05  2.81183e+01  2.81183e+01
3.803275256e-01  2.8017750e+01         -inf  6.89329e+05  2.80177e+01  2.80177e+01
3.818488357e-01  2.7917569e+01         -inf  6.89329e+05  2.79176e+01  2.79176e+01
3.833762310e-01  2.7817386e+01         -inf  6.89329e+05  2.78174e+01  2.78174e+01
3.849097360e-01  2.7716975e+01         -inf  6.89329e+05  2.77170e+01  2.77170e+01
3.864493749e-01  2.7617092e+01         -inf  6.89329e+05  2.76171e+01  2.76171e+01
3.879951724e-01  2.7517698e+01         -inf  6.89329e+05  2.75177e+01  2.75177e+01
3.895471531e-01  2.7418341e+01         -inf  6.89329e+05  2.74183e+01  2.74183e+01
3.911053417e-01  2.7318870e+01         -inf  6.89329e+05  2.73189e+01  2.73189e+01
3.926697631e-01  2.7219926e+01         -inf  6.89329e+05  2.72199e+01  2.72199e+01
3.942404421e-01  2.7122266e+01         -inf  6.89329e+05  2.71223e+01  2.71223e+01
3.958174039e-01  2.7024303e+01         -inf  6.89329e+05  2.70243e+01  2.70243e+01
3.974006735e-01  2.6924824e+01         -inf  6.89329e+05  2.69248e+01  2.69248e+01
3.989902762e-01  2.6826139e+01         -inf  6.89329e+05  2.68261e+01  2.68261e+01
4.005862373e-01  2.6729117e+01         -inf  6.89329e+05  2.67291e+01  2.67291e+01
4.021885823e-01  2.6632887e+01         -inf  6.89329e+05  2.66329e+01  2.66329e+01
4.037973366e-01  2.6534916e+01         -inf  6.89329e+05  2.65349e+01  2.65349e+01
4.054125259e-01  2.6436944e+01         -inf  6.89329e+05  2.64369e+01  2.64369e+01
4.070341760e-01  2.6343093e+01         -inf  6.89329e+05  2.63431e+01  2.63431e+01
4.086623127e-01  2.6251889e+01         -inf  6.89329e+05  2.62519e+01  2.62519e+01
4.102969620e-01  2.6157165e+01         -inf  6.89329e+05  2.61572e+01  2.61572e+01
4.119381498e-01  2.6058354e+01         -inf  6.89329e+05  2.60584e+01  2.60584e+01
4.135859024e-01  2.5959958e+01         -inf  6.89329e+05  2.59600e+01  2.59600e+01
4.152402460e-01  2.5867879e+01         -inf  6.89329e+05  2.58679e+01  2.58679e+01
4.169012070e-01  2.5778597e+01         -inf  6.89329e+05  2.57786e+01  2.57786e+01
4.185688119e-01  2.5684056e+01         -inf  6.89329e+05  2.56841e+01  2.56841e+01
4.202430871e-01  2.5588264e+01         -inf  6.89329e+05  2.55883e+01  2.55883e+01
4.219240595e-01  2.5501779e+01         -inf  6.89329e+05  2.55018e+01  2.55018e+01
4.236117557e-01  2.5424107e+01         -inf  6.89329e+05  2.54241e+01  2.54241e+01
4.253062027e-01  2.5343370e+01         -inf  6.89329e+05  2.53434e+01  2.53434e+01
4.270074275e-01  2.5247762e+01         -inf  6.89329e+05  2.52478e+01  2.52478e+01
4.287154572e-01  2.5145154e+01         -inf  6.89329e+05  2.51452e+01  2.51452e+01
4.304303191e-01  2.5054084e+01         -inf  6.89329e+05  2.50541e+01  2.50541e+01
4.321520403e-01  2.4979245e+01         -inf  6.89329e+05  2.49792e+01  2.49792e+01
4.338806485e-01  2.4896156e+01         -inf  6.89329e+05  2.48962e+01  2.48962e+01
4.356161711e-01  2.4800315e+01         -inf  6.89329e+05  2.48003e+01  2.48003e+01
4.373586358e-01  2.4717678e+01         -inf  6.89329e+05  2.47177e+01  2.47177e+01
4.391080703e-01  2.4662019e+01         -inf  6.89329e+05  2.46620e+01  2.46620e+01
4.408645026e-01  2.4614040e+01         -inf  6.89329e+05  2.46140e+01  2.46140e+01
4.426279606e-01  2.4551985e+01         -inf  6.89329e+05  2.45520e+01  2.45520e+01
4.443984725e-01  2.4451863e+01         -inf  6.89329e+05  2.44519e+01  2.44519e+01
4.461760664e-01  2.4337171e+01         -inf  6.89329e+05  2.43372e+01  2.43372e+01
4.479607706e-01  2.4252901e+01         -inf  6.89329e+05  2.42529e+01  2.42529e+01
4.497526137e-01  2.4202914e+01         -inf  6.89329e+05  2.42029e+01  2.42029e+01
4.515516242e-01  2.4134459e+01         -inf  6.89329e+05  2.41345e+01  2.41345e+01
4.533578307e-01  2.4041332e+01         -inf  6.89329e+05  2.40413e+01  2.40413e+01
4.551712620e-01  2.3972876e+01         -inf  6.89329e+05  2.39729e+01  2.39729e+01
4.569919470e-01  2.3954938e+01         -inf  6.89329e+05  2.39549e+01  2.39549e+01
4.588199148e-01  2.3964815e+01         -inf  6.89329e+05  2.39648e+01  2.39648e+01
4.606551945e-01  2.3965913e+01         -inf  6.89329e+05  2.39659e+01  2.39659e+01
4.624978152e-01  2.3897986e+01         -inf  6.89329e+05  2.38980e+01  2.38980e+01
4.643478065e-01  2.3759707e+01         -inf  6.89329e+05  2.37597e+01  2.37597e+01
4.662051977e-01  2.3639516e+01         -inf  6.89329e+05  2.36395e+01  2.36395e+01
4.680700185e-01  2.3600347e+01         -inf  6.89329e+05  2.36003e+01  2.36003e+01
4.699422986e-01  2.3580744e+01         -inf  6.89329e+05  2.35807e+01  2.35807e+01
4.718220678e-01  2.3510163e+01         -inf  6.89329e+05  2.35102e+01  2.35102e+01
4.737093561e-01  2.3440793e+01         -inf  6.89329e+05  2.34408e+01  2.34408e+01
4.756041935e-01  2.3439507e+01         -inf  6.89329e+05  2.34395e+01  2.34395e+01
4.775066103e-01  2.3512850e+01         -inf  6.89329e+05  2.35129e+01  2.35129e+01
4.794166367e-01  2.3622183e+01         -inf  6.89329e+05  2.36222e+01  2.36222e+01
4.813343033e-01  2.3703018e+01         -inf  6.89329e+05  2.37030e+01  2.37030e+01
4.832596405e-01  2.3657037e+01         -inf  6.89329e+05  2.36570e+01  2.36570e+01
4.851926790e-01  2.3505471e+01         -inf  6.89329e+05  2.35055e+01  2.35055e+01
4.871334497e-01  2.3370249e+01         -inf  6.89329e+05  2.33702e+01  2.33702e+01
4.890819835e-01  2.3339481e+01         -inf  6.89329e+05  2.33395e+01  2.33395e+01
4.910383115e-01  2.3357079e+01         -inf  6.89329e+05  2.33571e+01  2.33571e+01
4.930024647e-01  2.3328430e+01         -inf  6.89329e+05  2.33284e+01  2.33284e+01
4.949744746e-01  2.3287367e+01         -inf  6.89329e+05  2.32874e+01  2.32874e+01
4.969543725e-01  2.3323396e+01         -inf  6.89329e+05  2.33234e+01  2.33234e+01
4.989421900e-01  2.3464939e+01         -inf  6.89329e+05  2.34649e+01  2.34649e+01
5.009379587e-01  2.3668353e+01         -inf  6.89329e+05  2.36684e+01  2.36684e+01
5.029417106e-01  2.3874599e+01         -inf  6.89329e+05  2.38746e+01  2.38746e+01
5.049534774e-01  2.3984569e+01         -inf  6.89329e+05  2.39846e+01  2.39846e+01
5.069732913e-01  2.3940293e+01         -inf  6.89329e+05  2.39403e+01  2.39403e+01
5.090011845e-01  2.3801486e+01         -inf  6.89329e+05  2.38015e+01  2.38015e+01
5.110371892e-01  2.3697833e+01         -inf  6.89329e+05  2.36978e+01  2.36978e+01
5.130813380e-01  2.3696509e+01         -inf  6.89329e+05  2.36965e+01  2.36965e+01
5.151336633e-01  2.3748922e+01         -inf  6.89329e+05  2.37489e+01  2.37489e+01
5.171941980e-01  2.3787598e+01         -inf  6.89329e+05  2.37876e+01  2.37876e+01
5.192629748e-01  2.3821846e+01         -inf  6.89329e+05  2.38218e+01  2.38218e+01
5.213400267e-01  2.3897267e+01         -inf  6.89329e+05  2.38973e+01  2.38973e+01
5.234253868e-01  2.4043110e+01         -inf  6.89329e+05  2.40431e+01  2.40431e+01
5.255190883e-01  2.4245333e+01         -inf  6.89329e+05  2.42453e+01  2.42453e+01
5.276211647e-01  2.4465372e+01         -inf  6.89329e+05  2.44654e+01  2.44654e+01
5.297316493e-01  2.4661073e+01         -inf  6.89329e+05  2.46611e+01  2.46611e+01
5.318505759e-01  2.4789834e+01         -inf  6.89329e+05  2.47898e+01  2.47898e+01
5.339779782e-01  2.4822072e+01         -inf  6.89329e+05  2.48221e+01  2.48221e+01
5.361138902e-01  2.4775608e+01         -inf  6.89329e+05  2.47756e+01  2.47756e+01
5.382583457e-01  2.4744316e+01         -inf  6.89329e+05  2.47443e+01  2.47443e+01
5.404113791e-01  2.4798953e+01         -inf  6.89329e+05  2.47990e+01  2.47990e+01
5.425730246e-01  2.4910231e+01         -inf  6.89329e+05  2.49102e+01  2.49102e+01
5.447433167e-01  2.5010762e+01         -inf  6.89329e+05  2.50108e+01  2.50108e+01
5.469222900e-01  2.5071489e+01         -inf  6.89329e+05  2.50715e+01  2.50715e+01
5.491099791e-01  2.5109022e+01         -inf  6.89329e+05  2.51090e+01  2.51090e+01
5.513064191e-01  2.5147273e+01         -inf  6.89329e+05  2.51473e+01  2.51473e+01
5.535116447e-01  2.5202815e+01         -inf  6.89329e+05  2.52028e+01  2.52028e+01
5.557256913e-01  2.5292710e+01         -inf  6.89329e+05  2.52927e+01  2.52927e+01
5.579485941e-01  2.5437765e+01         -inf  6.89329e+05  2.54378e+01  2.54378e+01
5.601803884e-01  2.5629615e+01         -inf  6.89329e+05  2.56296e+01  2.56296e+01
5.624211100e-01  2.5821536e+01         -inf  6.89329e+05  2.58215e+01  2.58215e+01
5.646707944e-01  2.5969719e+01         -inf  6.89329e+05  2.59697e+01  2.59697e+01
5.669294776e-01  2.6078329e+01         -inf  6.89329e+05  2.60783e+01  2.60783e+01
5.691971955e-01  2.6176647e+01         -inf  6.89329e+05  2.61766e+01  2.61766e+01
5.714739843e-01  2.6270236e+01         -inf  6.89329e+05  2.62702e+01  2.62702e+01
5.737598803e-01  2.6314684e+01         -inf  6.89329e+05  2.63147e+01  2.63147e+01
5.760549198e-01  2.6271446e+01         -inf  6.89329e+05  2.62714e+01  2.62714e+01
5.783591395e-01  2.6164958e+01         -inf  6.89329e+05  2.61650e+01  2.61650e+01
5.806725760e-01  2.6035884e+01         -inf  6.89329e+05  2.60359e+01  2.60359e+01
5.829952663e-01  2.5918458e+01         -inf  6.89329e+05  2.59185e+01  2.59185e+01
5.853272474e-01  2.5832999e+01         -inf  6.89329e+05  2.58330e+01  2.58330e+01
5.876685564e-01  2.5789039e+01         -inf  6.89329e+05  2.57890e+01  2.57890e+01
5.900192306e-01  2.5796227e+01         -inf  6.89329e+05  2.57962e+01  2.57962e+01
5.923793075e-01  2.5878925e+01         -inf  6.89329e+05  2.58789e+01  2.58789e+01
5.947488247e-01  2.6041407e+01         -inf  6.89329e+05  2.60414e+01  2.60414e+01
5.971278200e-01  2.6228208e+01         -inf  6.89329e+05  2.62282e+01  2.62282e+01
5.995163313e-01  2.6376230e+01         -inf  6.89329e+05  2.63762e+01  2.63762e+01
6.019143966e-01  2.6432896e+01         -inf  6.89329e+05  2.64329e+01  2.64329e+01
6.043220542e-01  2.6380505e+01         -inf  6.89329e+05  2.63805e+01  2.63805e+01
6.067393425e-01  2.6234714e+01         -inf  6.89329e+05  2.62347e+01  2.62347e+01
6.091662998e-01  2.6024686e+01         -inf  6.89329e+05  2.60247e+01  2.60247e+01
6.116029650e-01  2.5790817e+01         -inf  6.89329e+05  2.57908e+01  2.57908e+01
6.140493769e-01  2.5562160e+01         -inf  6.89329e+05  2.55622e+01  2.55622e+01
6.165055744e-01  2.5352601e+01         -inf  6.89329e+05  2.53526e+01  2.53526e+01
6.189715967e-01  2.5167439e+01         -inf  6.89329e+05  2.51674e+01  2.51674e+01
6.214474831e-01  2.5005806e+01         -inf  6.89329e+05  2.50058e+01  2.50058e+01
6.239332730e-01  2.4853098e+01         -inf  6.89329e+05  2.48531e+01  2.48531e+01
6.264290061e-01  2.4692705e+01         -inf  6.89329e+05  2.46927e+01  2.46927e+01
6.289347221e-01  2.4513389e+01         -inf  6.89329e+05  2.45134e+01  2.45134e+01
6.314504610e-01  2.4326235e+01         -inf  6.89329e+05  2.43262e+01  2.43262e+01
6.339762629e-01  2.4131621e+01         -inf  6.89329e+05  2.41316e+01  2.41316e+01
6.365121679e-01  2.3912214e+01         -inf  6.89329e+05  2.39122e+01  2.39122e+01
6.390582166e-01  2.3679517e+01         -inf  6.89329e+05  2.36795e+01  2.36795e+01
6.416144494e-01  2.3440983e+01         -inf  6.89329e+05  2.34410e+01  2.34410e+01
6.441809072e-01  2.3227456e+01         -inf  6.89329e+05  2.32275e+01  2.32275e+01
6.467576309e-01  2.3025769e+01         -inf  6.89329e+05  2.30258e+01  2.30258e+01
6.493446614e-01  2.2831380e+01         -inf  6.89329e+05  2.28314e+01  2.28314e+01
6.519420400e-01  2.2649173e+01         -inf  6.89329e+05  2.26492e+01  2.26492e+01
6.545498082e-01  2.2455189e+01         -inf  6.89329e+05  2.24552e+01  2.24552e+01
6.571680074e-01  2.2256846e+01         -inf  6.89329e+05  2.22568e+01  2.22568e+01
6.597966795e-01  2.2064365e+01         -inf  6.89329e+05  2.20644e+01  2.20644e+01
6.624358662e-01  2.1877783e+01         -inf  6.89329e+05  2.18778e+01  2.18778e+01
6.650856096e-01  2.1673630e+01         -inf  6.89329e+05  2.16736e+01  2.16736e+01
6.677459521e-01  2.1448309e+01         -inf  6.89329e+05  2.14483e+01  2.14483e+01
6.704169359e-01  2.1222752e+01         -inf  6.89329e+05  2.12228e+01  2.12228e+01
6.730986036e-01  2.1006161e+01         -inf  6.89329e+05  2.10062e+01  2.10062e+01
6.757909981e-01  2.0804025e+01         -inf  6.89329e+05  2.08040e+01  2.08040e+01
6.784941620e-01  2.0610704e+01         -inf  6.89329e+05  2.06107e+01  2.06107e+01
6.812081387e-01  2.0447593e+01         -inf  6.89329e+05  2.04476e+01  2.04476e+01
6.839329712e-01  2.0317684e+01         -inf  6.89329e+05  2.03177e+01  2.03177e+01
6.866687031e-01  2.0164750e+01         -inf  6.89329e+05  2.01648e+01  2.01648e+01
6.894153779e-01  1.9967131e+01         -inf  6.89329e+05  1.99671e+01  1.99671e+01
6.921730395e-01  1.9769052e+01         -inf  6.89329e+05  1.97691e+01  1.97691e+01
6.949417316e-01  1.9578275e+01         -inf  6.89329e+05  1.95783e+01  1.95783e+01
6.977214985e-01  1.9393438e+01         -inf  6.89329e+05  1.93934e+01  1.93934e+01
7.005123845e-01  1.9228592e+01         -inf  6.89329e+05  1.92286e+01  1.92286e+01
7.033144341e-01  1.9095666e+01         -inf  6.89329e+05  1.90957e+01  1.90957e+01
7.061276918e-01  1.8988225e+01         -inf  6.89329e+05  1.89882e+01  1.89882e+01
7.089522026e-01  1.8894340e+01         -inf  6.89329e+05  1.88943e+01  1.88943e+01
7.117880114e-01  1.8816513e+01         -inf  6.89329e+05  1.88165e+01  1.88165e+01
7.146351634e-01  1.8771861e+01         -inf  6.89329e+05  1.87719e+01  1.87719e+01
7.174937041e-01  1.8689676e+01         -inf  6.89329e+05  1.86897e+01  1.86897e+01
7.203636789e-01  1.8520834e+01         -inf  6.89329e+05  1.85208e+01  1.85208e+01
7.232451336e-01  1.8362896e+01         -inf  6.89329e+05  1.83629e+01  1.83629e+01
7.261381142e-01  1.8249648e+01         -inf  6.89329e+05  1.82496e+01  1.82496e+01
7.290426666e-01  1.8125527e+01         -inf  6.89329e+05  1.81255e+01  1.81255e+01
7.319588373e-01  1.8022501e+01         -inf  6.89329e+05  1.80225e+01  1.80225e+01
7.348866726e-01  1.7962579e+01         -inf  6.89329e+05  1.79626e+01  1.79626e+01
7.378262193e-01  1.7923224e+01         -inf  6.89329e+05  1.79232e+01  1.79232e+01
7.407775242e-01  1.7899323e+01         -inf  6.89329e+05  1.78993e+01  1.78993e+01
7.437406343e-01  1.7915004e+01         -inf  6.89329e+05  1.79150e+01  1.79150e+01
7.467155968e-01  1.7940837e+01         -inf  6.89329e+05  1.79408e+01  1.79408e+01
7.497024592e-01  1.7871861e+01         -inf  6.89329e+05  1.78719e+01  1.78719e+01
7.527012690e-01  1.7685687e+01         -inf  6.89329e+05  1.76857e+01  1.76857e+01
7.557120741e-01  1.7515379e+01         -inf  6.89329e+05  1.75154e+01  1.75154e+01
7.587349224e-01  1.7407230e+01         -inf  6.89329e+05  1.74072e+01  1.74072e+01
7.617698621e-01  1.7337415e+01         -inf  6.89329e+05  1.73374e+01  1.73374e+01
7.648169416e-01  1.7284418e+01         -inf  6.89329e+05  1.72844e+01  1.72844e+01
7.678762093e-01  1.7248241e+01         -inf  6.89329e+05  1.72482e+01  1.72482e+01
7.709477142e-01  1.7242332e+01         -inf  6.89329e+05  1.72423e+01  1.72423e+01
7.740315050e-01  1.7290896e+01         -inf  6.89329e+05  1.72909e+01  1.72909e+01
7.771276310e-01  1.7376698e+01         -inf  6.89329e+05  1.73767e+01  1.73767e+01
7.802361416e-01  1.7383857e+01         -inf  6.89329e+05  1.73839e+01  1.73839e+01
7.833570861e-01  1.7257333e+01         -inf  6.89329e+05  1.72573e+01  1.72573e+01
7.864905145e-01  1.7102091e+01         -inf  6.89329e+05  1.71021e+01  1.71021e+01
7.896364765e-01  1.6993177e+01         -inf  6.89329e+05  1.69932e+01  1.69932e+01
7.927950224e-01  1.6903809e+01         -inf  6.89329e+05  1.69038e+01  1.69038e+01
7.959662025e-01  1.6829518e+01         -inf  6.89329e+05  1.68295e+01  1.68295e+01
7.991500673e-01  1.6781632e+01         -inf  6.89329e+05  1.67816e+01  1.67816e+01
8.023466676e-01  1.6747498e+01         -inf  6.89329e+05  1.67475e+01  1.67475e+01
8.055560543e-01  1.6739656e+01         -inf  6.89329e+05  1.67397e+01  1.67397e+01
8.087782785e-01  1.6784133e+01         -inf  6.89329e+05  1.67841e+01  1.67841e+01
8.120133916e-01  1.6855015e+01         -inf  6.89329e+05  1.68550e+01  1.68550e+01
8.152614452e-01  1.6912220e+01         -inf  6.89329e+05  1.69122e+01  1.69122e+01
8.185224910e-01  1.6889944e+01         -inf  6.89329e+05  1.68899e+01  1.68899e+01
8.217965809e-01  1.6765493e+01         -inf  6.89329e+05  1.67655e+01  1.67655e+01
8.250837672e-01  1.6605352e+01         -inf  6.89329e+05  1.66054e+01  1.66054e+01
8.283841023e-01  1.6486466e+01         -inf  6.89329e+05  1.64865e+01  1.64865e+01
8.316976387e-01  1.6410996e+01         -inf  6.89329e+05  1.64110e+01  1.64110e+01
8.350244293e-01  1.6367729e+01         -inf  6.89329e+05  1.63677e+01  1.63677e+01
8.383645270e-01  1.6345981e+01         -inf  6.89329e+05  1.63460e+01  1.63460e+01
8.417179851e-01  1.6338669e+01         -inf  6.89329e+05  1.63387e+01  1.63387e+01
8.450848570e-01  1.6350376e+01         -inf  6.89329e+05  1.63504e+01  1.63504e+01
8.484651965e-01  1.6396750e+01         -inf  6.89329e+05  1.63968e+01  1.63968e+01
8.518590573e-01  1.6493929e+01         -inf  6.89329e+05  1.64939e+01  1.64939e+01
8.552664935e-01  1.6500029e+01         -inf  6.89329e+05  1.65000e+01  1.65000e+01
8.586875595e-01  1.6415012e+01         -inf  6.89329e+05  1.64150e+01  1.64150e+01
8.621223097e-01  1.6306124e+01         -inf  6.89329e+05  1.63061e+01  1.63061e+01
8.655707989e-01  1.6209434e+01         -inf  6.89329e+05  1.62094e+01  1.62094e+01
8.690330821e-01  1.6143660e+01         -inf  6.89329e+05  1.61437e+01  1.61437e+01
8.725092145e-01  1.6097208e+01         -inf  6.89329e+05  1.60972e+01  1.60972e+01
8.759992513e-01  1.6071671e+01         -inf  6.89329e+05  1.60717e+01  1.60717e+01
8.795032483e-01  1.6062578e+01         -inf  6.89329e+05  1.60626e+01  1.60626e+01
8.830212613e-01  1.6067731e+01         -inf  6.89329e+05  1.60677e+01  1.60677e+01
8.865533464e-01  1.6075953e+01         -inf  6.89329e+05  1.60760e+01  1.60760e+01
8.900995597e-01  1.6069284e+01         -inf  6.89329e+05  1.60693e+01  1.60693e+01
8.936599580e-01  1.6053674e+01         -inf  6.89329e+05  1.60537e+01  1.60537e+01
8.972345978e-01  1.6078037e+01         -inf  6.89329e+05  1.60780e+01  1.60780e+01
9.008235362e-01  1.6054205e+01         -inf  6.89329e+05  1.60542e+01  1.60542e+01
9.044268304e-01  1.5993468e+01         -inf  6.89329e+05  1.59935e+01  1.59935e+01
9.080445377e-01  1.5938945e+01         -inf  6.89329e+05  1.59389e+01  1.59389e+01
9.116767158e-01  1.5898933e+01         -inf  6.89329e+05  1.58989e+01  1.58989e+01
9.153234227e-01  1.5870857e+01         -inf  6.89329e+05  1.58709e+01  1.58709e+01
9.189847164e-01  1.5851533e+01         -inf  6.89329e+05  1.58515e+01  1.58515e+01
9.226606552e-01  1.5838385e+01         -inf  6.89329e+05  1.58384e+01  1.58384e+01
9.263512979e-01  1.5828609e+01         -inf  6.89329e+05  1.58286e+01  1.58286e+01
9.300567031e-01  1.5819781e+01         -inf  6.89329e+05  1.58198e+01  1.58198e+01
9.337769299e-01  1.5806784e+01         -inf  6.89329e+05  1.58068e+01  1.58068e+01
9.375120376e-01  1.5813529e+01         -inf  6.89329e+05  1.58135e+01  1.58135e+01
9.412620857e-01  1.5847820e+01         -inf  6.89329e+05  1.58478e+01  1.58478e+01
9.450271341e-01  1.5863772e+01         -inf  6.89329e+05  1.58638e+01  1.58638e+01
9.488072426e-01  1.5807429e+01         -inf  6.89329e+05  1.58074e+01  1.58074e+01
9.526024716e-01  1.5757792e+01         -inf  6.89329e+05  1.57578e+01  1.57578e+01
9.564128815e-01  1.5736800e+01         -inf  6.89329e+05  1.57368e+01  1.57368e+01
9.602385330e-01  1.5714710e+01         -inf  6.89329e+05  1.57147e+01  1.57147e+01
9.640794871e-01  1.5699629e+01         -inf  6.89329e+05  1.56996e+01  1.56996e+01
9.679358051e-01  1.5684132e+01         -inf  6.89329e+05  1.56841e+01  1.56841e+01
9.718075483e-01  1.5668293e+01         -inf  6.89329e+05  1.56683e+01  1.56683e+01
9.756947785e-01  1.5655562e+01         -inf  6.89329e+05  1.56556e+01  1.56556e+01
9.795975576e-01  1.5645293e+01         -inf  6.89329e+05  1.56453e+01  1.56453e+01
9.835159478e-01  1.5638700e+01         -inf  6.89329e+05  1.56387e+01  1.56387e+01
9.874500116e-01  1.5645975e+01         -inf  6.89329e+05  1.56460e+01  1.56460e+01
9.913998117e-01  1.5696181e+01         -inf  6.89329e+05  1.56962e+01  1.56962e+01
9.953654109e-01  1.5664769e+01         -inf  6.89329e+05  1.56648e+01  1.56648e+01
9.993468726e-01  1.5619072e+01         -inf  6.89329e+05  1.56191e+01  1.56191e+01
1.003344260e+00  1.5597663e+01         -inf  6.89329e+05  1.55977e+01  1.55977e+01
1.007357637e+00  1.5584212e+01         -inf  6.89329e+05  1.55842e+01  1.55842e+01
1.011387068e+00  1.5573413e+01         -inf  6.89329e+05  1.55734e+01  1.55734e+01
1.015432616e+00  1.5563864e+01         -inf  6.89329e+05  1.55639e+01  1.55639e+01
1.019494346e+00  1.5554467e+01         -inf  6.89329e+05  1.55545e+01  1.55545e+01
1.023572324e+00  1.5545524e+01         -inf  6.89329e+05  1.55455e+01  1.55455e+01
1.027666613e+00  1.5536998e+01         -inf  6.89329e+05  1.55370e+01  1.55370e+01
1.031777280e+00  1.5528927e+01         -inf  6.89329e+05  1.55289e+01  1.55289e+01
1.035904389e+00  1.5524835e+01         -inf  6.89329e+05  1.55248e+01  1.55248e+01
1.040048006e+00  1.5521842e+01         -inf  6.89329e+05  1.55218e+01  1.55218e+01
1.044208198e+00  1.5515286e+01         -inf  6.89329e+05  1.55153e+01  1.55153e+01
1.048385031e+00  1.5524229e+01         -inf  6.89329e+05  1.55242e+01  1.55242e+01
1.052578571e+00  1.5515589e+01         -inf  6.89329e+05  1.55156e+01  1.55156e+01
1.056788885e+00  1.5487587e+01         -inf  6.89329e+05  1.54876e+01  1.54876e+01
1.061016041e+00  1.5478379e+01         -inf  6.89329e+05  1.54784e+01  1.54784e+01
1.065260105e+00  1.5474438e+01         -inf  6.89329e+05  1.54744e+01  1.54744e+01
1.069521146e+00  1.5463904e+01         -inf  6.89329e+05  1.54639e+01  1.54639e+01
1.073799230e+00  1.5455795e+01         -inf  6.89329e+05  1.54558e+01  1.54558e+01
1.078094427e+00  1.5448785e+01         -inf  6.89329e+05  1.54488e+01  1.54488e+01
1.082406805e+00  1.5442002e+01         -inf  6.89329e+05  1.54420e+01  1.54420e+01
1.086736432e+00  1.5435447e+01         -inf  6.89329e+05  1.54354e+01  1.54354e+01
1.091083378e+00  1.5429498e+01         -inf  6.89329e+05  1.54295e+01  1.54295e+01
1.095447711e+00  1.5423624e+01         -inf  6.89329e+05  1.54236e+01  1.54236e+01
1.099829502e+00  1.5416614e+01         -inf  6.89329e+05  1.54166e+01  1.54166e+01
1.104228820e+00  1.5410362e+01         -inf  6.89329e+05  1.54104e+01  1.54104e+01
1.108645735e+00  1.5405171e+01         -inf  6.89329e+05  1.54052e+01  1.54052e+01
1.113080318e+00  1.5403124e+01         -inf  6.89329e+05  1.54031e+01  1.54031e+01
1.117532640e+00  1.5400889e+01         -inf  6.89329e+05  1.54009e+01  1.54009e+01
1.122002770e+00  1.5403162e+01         -inf  6.89329e+05  1.54032e+01  1.54032e+01
1.126490781e+00  1.5409111e+01         -inf  6.89329e+05  1.54091e+01  1.54091e+01
1.130996744e+00  1.5403769e+01         -inf  6.89329e+05  1.54038e+01  1.54038e+01
1.135520731e+00  1.5404072e+01         -inf  6.89329e+05  1.54041e+01  1.54041e+01
1.140062814e+00  1.5381260e+01         -inf  6.89329e+05  1.53813e+01  1.53813e+01
1.144623065e+00  1.5375690e+01         -inf  6.89329e+05  1.53757e+01  1.53757e+01
1.149201558e+00  1.5381109e+01         -inf  6.89329e+05  1.53811e+01  1.53811e+01
1.153798364e+00  1.5400472e+01         -inf  6.89329e+05  1.54005e+01  1.54005e+01
1.158413557e+00  1.5385390e+01         -inf  6.89329e+05  1.53854e+01  1.53854e+01
1.163047212e+00  1.5400472e+01         -inf  6.89329e+05  1.54005e+01  1.54005e+01
1.167699401e+00  1.5375879e+01         -inf  6.89329e+05  1.53759e+01  1.53759e+01
1.172370198e+00  1.5358335e+01         -inf  6.89329e+05  1.53583e+01  1.53583e+01
1.177059679e+00  1.5343329e+01         -inf  6.89329e+05  1.53433e+01  1.53433e+01
1.181767918e+00  1.5333932e+01         -inf  6.89329e+05  1.53339e+01  1.53339e+01
1.186494989e+00  1.5327111e+01         -inf  6.89329e+05  1.53271e+01  1.53271e+01
1.191240969e+00  1.5320290e+01         -inf  6.89329e+05  1.53203e+01  1.53203e+01
1.196005933e+00  1.5311196e+01         -inf  6.89329e+05  1.53112e+01  1.53112e+01
1.200789957e+00  1.5359434e+01         -inf  6.89329e+05  1.53594e+01  1.53594e+01
1.205593117e+00  1.5612934e+01         -inf  6.89329e+05  1.56129e+01  1.56129e+01
1.210415489e+00  1.5423321e+01         -inf  6.89329e+05  1.54233e+01  1.54233e+01
1.215257151e+00  1.5325633e+01         -inf  6.89329e+05  1.53256e+01  1.53256e+01
1.220118180e+00  1.5536316e+01         -inf  6.89329e+05  1.55363e+01  1.55363e+01
1.224998652e+00  1.5386148e+01         -inf  6.89329e+05  1.53861e+01  1.53861e+01
1.229898647e+00  1.5291680e+01         -inf  6.89329e+05  1.52917e+01  1.52917e+01
1.234818242e+00  1.5283950e+01         -inf  6.89329e+05  1.52840e+01  1.52840e+01
1.239757515e+00  1.5273719e+01         -inf  6.89329e+05  1.52737e+01  1.52737e+01
1.244716545e+00  1.5265496e+01         -inf  6.89329e+05  1.52655e+01  1.52655e+01
1.249695411e+00  1.5262351e+01         -inf  6.89329e+05  1.52624e+01  1.52624e+01
1.254694192e+00  1.5259395e+01         -inf  6.89329e+05  1.52594e+01  1.52594e+01
1.259712969e+00  1.5255492e+01         -inf  6.89329e+05  1.52555e+01  1.52555e+01
1.264751821e+00  1.5252839e+01         -inf  6.89329e+05  1.52528e+01  1.52528e+01
1.269810828e+00  1.5246966e+01         -inf  6.89329e+05  1.52470e+01  1.52470e+01
1.274890072e+00  1.5243139e+01         -inf  6.89329e+05  1.52431e+01  1.52431e+01
1.279989632e+00  1.5239842e+01         -inf  6.89329e+05  1.52398e+01  1.52398e+01
1.285109591e+00  1.5237454e+01         -inf  6.89329e+05  1.52375e+01  1.52375e+01
1.290250029e+00  1.5256477e+01         -inf  6.89329e+05  1.52565e+01  1.52565e+01
1.295411029e+00  1.5251740e+01         -inf  6.89329e+05  1.52517e+01  1.52517e+01
1.300592673e+00  1.5228474e+01         -inf  6.89329e+05  1.52285e+01  1.52285e+01
1.305795044e+00  1.5224798e+01         -inf  6.89329e+05  1.52248e+01  1.52248e+01
1.311018224e+00  1.5239539e+01         -inf  6.89329e+05  1.52395e+01  1.52395e+01
1.316262297e+00  1.5313962e+01         -inf  6.89329e+05  1.53140e+01  1.53140e+01
1.321527346e+00  1.5282813e+01         -inf  6.89329e+05  1.52828e+01  1.52828e+01
1.326813455e+00  1.5232111e+01         -inf  6.89329e+05  1.52321e+01  1.52321e+01
1.332120709e+00  1.5295849e+01         -inf  6.89329e+05  1.52958e+01  1.52958e+01
1.337449192e+00  1.5268073e+01         -inf  6.89329e+05  1.52681e+01  1.52681e+01
1.342798989e+00  1.5283420e+01         -inf  6.89329e+05  1.52834e+01  1.52834e+01
1.348170185e+00  1.5248974e+01         -inf  6.89329e+05  1.52490e+01  1.52490e+01
1.353562866e+00  1.5257159e+01         -inf  6.89329e+05  1.52572e+01  1.52572e+01
1.358977117e+00  1.5282018e+01         -inf  6.89329e+05  1.52820e+01  1.52820e+01
1.364413026e+00  1.5288270e+01         -inf  6.89329e+05  1.52883e+01  1.52883e+01
1.369870678e+00  1.5281411e+01         -inf  6.89329e+05  1.52814e+01  1.52814e+01
1.375350160e+00  1.5281752e+01         -inf  6.89329e+05  1.52818e+01  1.52818e+01
1.380851561e+00  1.5282927e+01         -inf  6.89329e+05  1.52829e+01  1.52829e+01
1.386374967e+00  1.5281411e+01         -inf  6.89329e+05  1.52814e+01  1.52814e+01
1.391920467e+00  1.5272014e+01         -inf  6.89329e+05  1.52720e+01  1.52720e+01
1.397488149e+00  1.5266026e+01         -inf  6.89329e+05  1.52660e+01  1.52660e+01
1.403078102e+00  1.5260949e+01         -inf  6.89329e+05  1.52609e+01  1.52609e+01
1.408690414e+00  1.5248861e+01         -inf  6.89329e+05  1.52489e+01  1.52489e+01
1.414325176e+00  1.5213847e+01         -inf  6.89329e+05  1.52138e+01  1.52138e+01
1.419982476e+00  1.5197855e+01         -inf  6.89329e+05  1.51979e+01  1.51979e+01
1.425662406e+00  1.5189670e+01         -inf  6.89329e+05  1.51897e+01  1.51897e+01
1.431365056e+00  1.6918660e+01         -inf  6.89329e+05  1.69187e+01  1.69187e+01
1.437090516e+00  1.6458998e+01         -inf  6.89329e+05  1.64590e+01  1.64590e+01
1.442838878e+00  1.5839219e+01         -inf  6.89329e+05  1.58392e+01  1.58392e+01
1.448610234e+00  1.5328702e+01         -inf  6.89329e+05  1.53287e+01  1.53287e+01
1.454404675e+00  1.5173944e+01         -inf  6.89329e+05  1.51739e+01  1.51739e+01
1.460222293e+00  1.5158332e+01         -inf  6.89329e+05  1.51583e+01  1.51583e+01
1.466063182e+00  1.5154807e+01         -inf  6.89329e+05  1.51548e+01  1.51548e+01
1.471927435e+00  1.5276902e+01         -inf  6.89329e+05  1.52769e+01  1.52769e+01
1.477815145e+00  1.5249618e+01         -inf  6.89329e+05  1.52496e+01  1.52496e+01
1.483726405e+00  1.5172087e+01         -inf  6.89329e+05  1.51721e+01  1.51721e+01
1.489661311e+00  1.5149957e+01         -inf  6.89329e+05  1.51500e+01  1.51500e+01
1.495619956e+00  1.5173338e+01         -inf  6.89329e+05  1.51733e+01  1.51733e+01
1.501602436e+00  1.5153936e+01         -inf  6.89329e+05  1.51539e+01  1.51539e+01
1.507608846e+00  1.5137982e+01         -inf  6.89329e+05  1.51380e+01  1.51380e+01
1.513639281e+00  1.5137073e+01         -inf  6.89329e+05  1.51371e+01  1.51371e+01
1.519693838e+00  1.5138134e+01         -inf  6.89329e+05  1.51381e+01  1.51381e+01
1.525772614e+00  1.5162993e+01         -inf  6.89329e+05  1.51630e+01  1.51630e+01
1.531875704e+00  1.5293158e+01         -inf  6.89329e+05  1.52932e+01  1.52932e+01
1.538003207e+00  1.5366482e+01         -inf  6.89329e+05  1.53665e+01  1.53665e+01
1.544155220e+00  1.5253332e+01         -inf  6.89329e+05  1.52533e+01  1.52533e+01
1.550331841e+00  1.5129077e+01         -inf  6.89329e+05  1.51291e+01  1.51291e+01
1.556533168e+00  1.5125553e+01         -inf  6.89329e+05  1.51256e+01  1.51256e+01
1.562759301e+00  1.5127675e+01         -inf  6.89329e+05  1.51277e+01  1.51277e+01
1.569010338e+00  1.5665982e+01         -inf  6.89329e+05  1.56660e+01  1.56660e+01
1.575286379e+00  1.6058031e+01         -inf  6.89329e+05  1.60580e+01  1.60580e+01
1.581587525e+00  1.5631311e+01         -inf  6.89329e+05  1.56313e+01  1.56313e+01
1.587913875e+00  1.5164774e+01         -inf  6.89329e+05  1.51648e+01  1.51648e+01
1.594265530e+00  1.5151852e+01         -inf  6.89329e+05  1.51519e+01  1.51519e+01
1.600642593e+00  1.5985890e+01         -inf  6.89329e+05  1.59859e+01  1.59859e+01
1.607045163e+00  1.5993506e+01         -inf  6.89329e+05  1.59935e+01  1.59935e+01
1.613473344e+00  1.5578983e+01         -inf  6.89329e+05  1.55790e+01  1.55790e+01
1.619927237e+00  1.5186146e+01         -inf  6.89329e+05  1.51861e+01  1.51861e+01
1.626406946e+00  1.5167199e+01         -inf  6.89329e+05  1.51672e+01  1.51672e+01
1.632912574e+00  1.5230747e+01         -inf  6.89329e+05  1.52307e+01  1.52307e+01
1.639444224e+00  1.5373719e+01         -inf  6.89329e+05  1.53737e+01  1.53737e+01
1.646002001e+00  1.5412711e+01         -inf  6.89329e+05  1.54127e+01  1.54127e+01
1.652586009e+00  1.5347194e+01         -inf  6.89329e+05  1.53472e+01  1.53472e+01
1.659196353e+00  1.5187700e+01         -inf  6.89329e+05  1.51877e+01  1.51877e+01
1.665833138e+00  1.5557309e+01         -inf  6.89329e+05  1.55573e+01  1.55573e+01
1.672496471e+00  1.5180462e+01         -inf  6.89329e+05  1.51805e+01  1.51805e+01
1.679186457e+00  1.5211687e+01         -inf  6.89329e+05  1.52117e+01  1.52117e+01
1.685903203e+00  1.5211762e+01         -inf  6.89329e+05  1.52118e+01  1.52118e+01
1.692646815e+00  1.5208541e+01         -inf  6.89329e+05  1.52085e+01  1.52085e+01
1.699417403e+00  1.5216727e+01         -inf  6.89329e+05  1.52167e+01  1.52167e+01
1.706215072e+00  1.5339009e+01         -inf  6.89329e+05  1.53390e+01  1.53390e+01
1.713039933e+00  1.5219265e+01         -inf  6.89329e+05  1.52193e+01  1.52193e+01
1.719892092e+00  1.5203615e+01         -inf  6.89329e+05  1.52036e+01  1.52036e+01
1.726771661e+00  1.5295621e+01         -inf  6.89329e+05  1.52956e+01  1.52956e+01
1.733678747e+00  1.5196643e+01         -inf  6.89329e+05  1.51966e+01  1.51966e+01
1.740613462e+00  1.5158445e+01         -inf  6.89329e+05  1.51584e+01  1.51584e+01
1.747575916e+00  1.5133776e+01         -inf  6.89329e+05  1.51338e+01  1.51338e+01
1.754566220e+00  1.5128357e+01         -inf  6.89329e+05  1.51284e+01  1.51284e+01
1.761584485e+00  1.5128357e+01         -inf  6.89329e+05  1.51284e+01  1.51284e+01
1.768630823e+00  1.5169814e+01         -inf  6.89329e+05  1.51698e+01  1.51698e+01
1.775705346e+00  1.5204828e+01         -inf  6.89329e+05  1.52048e+01  1.52048e+01
1.782808167e+00  1.5156096e+01         -inf  6.89329e+05  1.51561e+01  1.51561e+01
1.789939400e+00  1.5251058e+01         -inf  6.89329e+05  1.52511e+01  1.52511e+01
1.797099158e+00  1.5141279e+01         -inf  6.89329e+05  1.51413e+01  1.51413e+01
1.804287554e+00  1.5143591e+01         -inf  6.89329e+05  1.51436e+01  1.51436e+01
1.811504704e+00  1.5147986e+01         -inf  6.89329e+05  1.51480e+01  1.51480e+01
1.818750723e+00  1.5133587e+01         -inf  6.89329e+05  1.51336e+01  1.51336e+01
1.826025726e+00  1.5120551e+01         -inf  6.89329e+05  1.51206e+01  1.51206e+01
1.833329829e+00  1.5127220e+01         -inf  6.89329e+05  1.51272e+01  1.51272e+01
1.840663148e+00  1.5141848e+01         -inf  6.89329e+05  1.51418e+01  1.51418e+01
1.848025801e+00  1.5146660e+01         -inf  6.89329e+05  1.51467e+01  1.51467e+01
1.855417904e+00  1.5146774e+01         -inf  6.89329e+05  1.51468e+01  1.51468e+01
1.862839576e+00  1.5141431e+01         -inf  6.89329e+05  1.51414e+01  1.51414e+01
1.870290934e+00  1.5153026e+01         -inf  6.89329e+05  1.51530e+01  1.51530e+01
1.877772098e+00  1.5414341e+01         -inf  6.89329e+05  1.54143e+01  1.54143e+01
1.885283186e+00  1.5418812e+01         -inf  6.89329e+05  1.54188e+01  1.54188e+01
1.892824319e+00  1.5167313e+01         -inf  6.89329e+05  1.51673e+01  1.51673e+01
1.900395616e+00  1.5126311e+01         -inf  6.89329e+05  1.51263e+01  1.51263e+01
1.907997199e+00  1.5117747e+01         -inf  6.89329e+05  1.51177e+01  1.51177e+01
1.915629188e+00  1.5105355e+01         -inf  6.89329e+05  1.51054e+01  1.51054e+01
1.923291704e+00  1.5092281e+01         -inf  6.89329e+05  1.50923e+01  1.50923e+01
1.930984871e+00  1.5082884e+01         -inf  6.89329e+05  1.50829e+01  1.50829e+01
1.938708811e+00  1.5192171e+01         -inf  6.89329e+05  1.51922e+01  1.51922e+01
1.946463646e+00  1.6499423e+01         -inf  6.89329e+05  1.64994e+01  1.64994e+01
1.954249500e+00  1.9593574e+01         -inf  6.89329e+05  1.95936e+01  1.95936e+01
1.962066498e+00  1.8879267e+01         -inf  6.89329e+05  1.88793e+01  1.88793e+01
1.969914764e+00  1.7809551e+01         -inf  6.89329e+05  1.78096e+01  1.78096e+01
1.977794423e+00  1.5788711e+01         -inf  6.89329e+05  1.57887e+01  1.57887e+01
1.985705601e+00  1.5340980e+01         -inf  6.89329e+05  1.53410e+01  1.53410e+01
1.993648424e+00  1.5921251e+01         -inf  6.89329e+05  1.59213e+01  1.59213e+01
2.001623017e+00  2.1825165e+01         -inf  6.89329e+05  2.18252e+01  2.18252e+01
2.009629509e+00  2.2196358e+01         -inf  6.89329e+05  2.21964e+01  2.21964e+01
2.017668027e+00  2.0689722e+01         -inf  6.89329e+05  2.06897e+01  2.06897e+01
2.025738699e+00  1.7091673e+01         -inf  6.89329e+05  1.70917e+01  1.70917e+01
2.033841654e+00  1.6420429e+01         -inf  6.89329e+05  1.64204e+01  1.64204e+01
2.041977021e+00  1.6586447e+01         -inf  6.89329e+05  1.65864e+01  1.65864e+01
2.050144929e+00  1.8138859e+01         -inf  6.89329e+05  1.81389e+01  1.81389e+01
2.058345509e+00  1.8397400e+01         -inf  6.89329e+05  1.83974e+01  1.83974e+01
2.066578891e+00  1.8040872e+01         -inf  6.89329e+05  1.80409e+01  1.80409e+01
2.074845206e+00  1.6951922e+01         -inf  6.89329e+05  1.69519e+01  1.69519e+01
2.083144587e+00  1.6270964e+01         -inf  6.89329e+05  1.62710e+01  1.62710e+01
2.091477165e+00  1.5806633e+01         -inf  6.89329e+05  1.58066e+01  1.58066e+01
2.099843074e+00  1.5447080e+01         -inf  6.89329e+05  1.54471e+01  1.54471e+01
2.108242446e+00  1.5366633e+01         -inf  6.89329e+05  1.53666e+01  1.53666e+01
2.116675416e+00  1.5271293e+01         -inf  6.89329e+05  1.52713e+01  1.52713e+01
2.125142118e+00  1.5152117e+01         -inf  6.89329e+05  1.51521e+01  1.51521e+01
2.133642686e+00  1.5104104e+01         -inf  6.89329e+05  1.51041e+01  1.51041e+01
2.142177257e+00  1.5216840e+01         -inf  6.89329e+05  1.52168e+01  1.52168e+01
2.150745966e+00  1.5345943e+01         -inf  6.89329e+05  1.53459e+01  1.53459e+01
2.159348950e+00  1.5328550e+01         -inf  6.89329e+05  1.53286e+01  1.53286e+01
2.167986346e+00  1.5288990e+01         -inf  6.89329e+05  1.52890e+01  1.52890e+01
2.176658291e+00  1.5243669e+01         -inf  6.89329e+05  1.52437e+01  1.52437e+01
2.185364924e+00  1.5138171e+01         -inf  6.89329e+05  1.51382e+01  1.51382e+01
2.194106384e+00  1.5196225e+01         -inf  6.89329e+05  1.51962e+01  1.51962e+01
2.202882810e+00  1.5698719e+01         -inf  6.89329e+05  1.56987e+01  1.56987e+01
2.211694341e+00  1.5152420e+01         -inf  6.89329e+05  1.51524e+01  1.51524e+01
2.220541118e+00  1.5286564e+01         -inf  6.89329e+05  1.52866e+01  1.52866e+01
2.229423283e+00  1.5399486e+01         -inf  6.89329e+05  1.53995e+01  1.53995e+01
2.238340976e+00  1.5457083e+01         -inf  6.89329e+05  1.54571e+01  1.54571e+01
2.247294340e+00  1.5584855e+01         -inf  6.89329e+05  1.55849e+01  1.55849e+01
2.256283517e+00  1.5678182e+01         -inf  6.89329e+05  1.56782e+01  1.56782e+01
2.265308651e+00  1.5755593e+01         -inf  6.89329e+05  1.57556e+01  1.57556e+01
2.274369886e+00  1.5918901e+01         -inf  6.89329e+05  1.59189e+01  1.59189e+01
2.283467365e+00  1.5919279e+01         -inf  6.89329e+05  1.59193e+01  1.59193e+01
2.292601235e+00  1.6121949e+01         -inf  6.89329e+05  1.61219e+01  1.61219e+01
2.301771640e+00  1.6398719e+01         -inf  6.89329e+05  1.63987e+01  1.63987e+01
2.310978726e+00  1.5594896e+01         -inf  6.89329e+05  1.55949e+01  1.55949e+01
2.320222641e+00  1.6300856e+01         -inf  6.89329e+05  1.63009e+01  1.63009e+01
2.329503532e+00  1.5900637e+01         -inf  6.89329e+05  1.59006e+01  1.59006e+01
2.338821546e+00  1.6233416e+01         -inf  6.89329e+05  1.62334e+01  1.62334e+01
2.348176832e+00  1.6477485e+01         -inf  6.89329e+05  1.64775e+01  1.64775e+01
2.357569539e+00  1.6023361e+01         -inf  6.89329e+05  1.60234e+01  1.60234e+01
2.366999817e+00  1.6187571e+01         -inf  6.89329e+05  1.61876e+01  1.61876e+01
2.376467817e+00  1.6247585e+01         -inf  6.89329e+05  1.62476e+01  1.62476e+01
2.385973688e+00  1.5667268e+01         -inf  6.89329e+05  1.56673e+01  1.56673e+01
2.395517583e+00  1.5686327e+01         -inf  6.89329e+05  1.56863e+01  1.56863e+01
2.405099653e+00  1.5413656e+01         -inf  6.89329e+05  1.54137e+01  1.54137e+01
2.414720052e+00  1.5253935e+01         -inf  6.89329e+05  1.52539e+01  1.52539e+01
2.424378932e+00  1.5387774e+01         -inf  6.89329e+05  1.53878e+01  1.53878e+01
2.434076448e+00  1.5222483e+01         -inf  6.89329e+05  1.52225e+01  1.52225e+01
2.443812753e+00  1.5159995e+01         -inf  6.89329e+05  1.51600e+01  1.51600e+01
2.453588004e+00  1.5129603e+01         -inf  6.89329e+05  1.51296e+01  1.51296e+01
2.463402356e+00  1.5096976e+01         -inf  6.89329e+05  1.50970e+01  1.50970e+01
2.473255966e+00  1.5153779e+01         -inf  6.89329e+05  1.51538e+01  1.51538e+01
2.483148990e+00  1.6183779e+01         -inf  6.89329e+05  1.61838e+01  1.61838e+01
2.493081586e+00  1.5831900e+01         -inf  6.89329e+05  1.58319e+01  1.58319e+01
2.503053912e+00  1.5548360e+01         -inf  6.89329e+05  1.55484e+01  1.55484e+01
2.513066128e+00  1.5255486e+01         -inf  6.89329e+05  1.52555e+01  1.52555e+01
2.523118392e+00  1.5148397e+01         -inf  6.89329e+05  1.51484e+01  1.51484e+01
2.533210866e+00  1.5122932e+01         -inf  6.89329e+05  1.51229e+01  1.51229e+01
2.543343709e+00  1.5113345e+01         -inf  6.89329e+05  1.51133e+01  1.51134e+01
2.553517084e+00  1.5192621e+01         -inf  6.89329e+05  1.51926e+01  1.51926e+01
2.563731152e+00  1.5406645e+01         -inf  6.89329e+05  1.54066e+01  1.54066e+01
2.573986077e+00  1.5460453e+01         -inf  6.89329e+05  1.54605e+01  1.54605e+01
2.584282021e+00  1.5639796e+01         -inf  6.89329e+05  1.56398e+01  1.56398e+01
2.594619149e+00  1.5853425e+01         -inf  6.89329e+05  1.58534e+01  1.58534e+01
2.604997626e+00  1.5815687e+01         -inf  6.89329e+05  1.58157e+01  1.58157e+01
2.615417616e+00  1.5827849e+01         -inf  6.89329e+05  1.58278e+01  1.58279e+01
2.625879287e+00  1.5666093e+01         -inf  6.89329e+05  1.56661e+01  1.56661e+01
2.636382804e+00  1.5572463e+01         -inf  6.89329e+05  1.55725e+01  1.55725e+01
2.646928335e+00  1.5547529e+01         -inf  6.89329e+05  1.55475e+01  1.55475e+01
2.657516049e+00  1.6012713e+01         -inf  6.89329e+05  1.60127e+01  1.60127e+01
2.668146113e+00  2.4528486e+01         -inf  6.89329e+05  2.45285e+01  2.45285e+01
2.678818697e+00  3.4946866e+01         -inf  6.89329e+05  3.49469e+01  3.49469e+01
2.689533972e+00  3.3733496e+01         -inf  6.89329e+05  3.37335e+01  3.37335e+01
2.700292108e+00  3.4634856e+01         -inf  6.89329e+05  3.46349e+01  3.46349e+01
2.711093276e+00  3.0985108e+01         -inf  6.89329e+05  3.09851e+01  3.09851e+01
2.721937650e+00  2.4550507e+01         -inf  6.89329e+05  2.45505e+01  2.45505e+01
2.732825400e+00  2.2734710e+01         -inf  6.89329e+05  2.27347e+01  2.27347e+01
2.743756702e+00  2.6888322e+01         -inf  6.89329e+05  2.68883e+01  2.68883e+01
2.754731729e+00  3.2967975e+01         -inf  6.89329e+05  3.29680e+01  3.29680e+01
2.765750655e+00  3.1779704e+01         -inf  6.89329e+05  3.17797e+01  3.17797e+01
2.776813658e+00  3.3676403e+01         -inf  6.89329e+05  3.36764e+01  3.36764e+01
2.787920913e+00  3.1123381e+01         -inf  6.89329e+05  3.11234e+01  3.11234e+01
2.799072596e+00  2.7094539e+01         -inf  6.89329e+05  2.70945e+01  2.70945e+01
2.810268887e+00  2.4630344e+01         -inf  6.89329e+05  2.46303e+01  2.46303e+01
2.821509962e+00  2.2137753e+01         -inf  6.89329e+05  2.21378e+01  2.21378e+01
2.832796002e+00  1.9413185e+01         -inf  6.89329e+05  1.94132e+01  1.94132e+01
2.844127186e+00  1.9320061e+01         -inf  6.89329e+05  1.93201e+01  1.93201e+01
2.855503695e+00  1.8002654e+01         -inf  6.89329e+05  1.80027e+01  1.80027e+01
2.866925710e+00  1.7400666e+01         -inf  6.89329e+05  1.74007e+01  1.74007e+01
2.878393413e+00  1.6622644e+01         -inf  6.89329e+05  1.66226e+01  1.66227e+01
2.889906986e+00  1.6220239e+01         -inf  6.89329e+05  1.62202e+01  1.62203e+01
2.901466614e+00  1.5563178e+01         -inf  6.89329e+05  1.55632e+01  1.55633e+01
2.913072481e+00  1.5190454e+01         -inf  6.89329e+05  1.51905e+01  1.51905e+01
2.924724770e+00  1.5098971e+01         -inf  6.89329e+05  1.50990e+01  1.50991e+01
2.936423670e+00  1.5060274e+01         -inf  6.89329e+05  1.50603e+01  1.50604e+01
2.948169364e+00  1.5102634e+01         -inf  6.89329e+05  1.51026e+01  1.51027e+01
2.959962042e+00  1.5338708e+01         -inf  6.89329e+05  1.53387e+01  1.53388e+01
2.971801890e+00  1.5457497e+01         -inf  6.89329e+05  1.54575e+01  1.54576e+01
2.983689097e+00  1.5576357e+01         -inf  6.89329e+05  1.55764e+01  1.55765e+01
2.995623854e+00  1.5251074e+01         -inf  6.89329e+05  1.52511e+01  1.52512e+01
3.007606349e+00  1.5221243e+01         -inf  6.89329e+05  1.52212e+01  1.52214e+01
3.019636775e+00  1.5219414e+01         -inf  6.89329e+05  1.52194e+01  1.52196e+01
3.031715322e+00  1.5086925e+01         -inf  6.89329e+05  1.50869e+01  1.50871e+01
3.043842183e+00  1.5058152e+01         -inf  6.89329e+05  1.50582e+01  1.50583e+01
3.056017552e+00  1.5064810e+01         -inf  6.89329e+05  1.50648e+01  1.50650e+01
3.068241622e+00  1.5051952e+01         -inf  6.89329e+05  1.50520e+01  1.50522e+01
3.080514588e+00  1.5045232e+01         -inf  6.89329e+05  1.50452e+01  1.50454e+01
3.092836647e+00  1.5044423e+01         -inf  6.89329e+05  1.50444e+01  1.50446e+01
3.105207993e+00  1.5054868e+01         -inf  6.89329e+05  1.50549e+01  1.50551e+01
3.117628825e+00  1.5180815e+01         -inf  6.89329e+05  1.51808e+01  1.51811e+01
3.130099341e+00  1.5884760e+01         -inf  6.89329e+05  1.58848e+01  1.58850e+01
3.142619738e+00  1.5528605e+01         -inf  6.89329e+05  1.55286e+01  1.55289e+01
3.155190217e+00  1.5681067e+01         -inf  6.89329e+05  1.56811e+01  1.56814e+01
3.167810978e+00  1.5521260e+01         -inf  6.89329e+05  1.55213e+01  1.55216e+01
3.180482222e+00  1.6047898e+01         -inf  6.89329e+05  1.60479e+01  1.60482e+01
3.193204151e+00  1.6033860e+01         -inf  6.89329e+05  1.60339e+01  1.60342e+01
3.205976967e+00  1.6183807e+01         -inf  6.89329e+05  1.61838e+01  1.61842e+01
3.218800875e+00  1.6770516e+01         -inf  6.89329e+05  1.67705e+01  1.67709e+01
3.231676079e+00  1.6486750e+01         -inf  6.89329e+05  1.64868e+01  1.64871e+01
3.244602783e+00  1.7061040e+01         -inf  6.89329e+05  1.70610e+01  1.70614e+01
3.257581194e+00  1.7104697e+01         -inf  6.89329e+05  1.71047e+01  1.71051e+01
3.270611519e+00  2.0553987e+01         -inf  6.89329e+05  2.05540e+01  2.05544e+01
3.283693965e+00  1.9330970e+01         -inf  6.89329e+05  1.93310e+01  1.93315e+01
3.296828741e+00  1.8969706e+01         -inf  6.89329e+05  1.89697e+01  1.89702e+01
3.310016056e+00  2.2016616e+01         -inf  6.89329e+05  2.20166e+01  2.20170e+01
3.323256120e+00  1.9766676e+01         -inf  6.89329e+05  1.97667e+01  1.97672e+01
3.336549144e+00  1.6140769e+01         -inf  6.89329e+05  1.61408e+01  1.61414e+01
3.349895341e+00  1.6079365e+01         -inf  6.89329e+05  1.60794e+01  1.60800e+01
3.363294922e+00  1.7089731e+01         -inf  6.89329e+05  1.70897e+01  1.70904e+01
3.376748102e+00  1.6948384e+01         -inf  6.89329e+05  1.69484e+01  1.69491e+01
3.390255094e+00  1.7024987e+01         -inf  6.89329e+05  1.70250e+01  1.70257e+01
3.403816115e+00  1.6837369e+01         -inf  6.89329e+05  1.68374e+01  1.68382e+01
3.417431379e+00  1.6099287e+01         -inf  6.89329e+05  1.60993e+01  1.61002e+01
3.431101105e+00  1.6223470e+01         -inf  6.89329e+05  1.62235e+01  1.62244e+01
3.444825509e+00  1.6053817e+01         -inf  6.89329e+05  1.60538e+01  1.60548e+01
3.458604811e+00  1.5797270e+01         -inf  6.89329e+05  1.57973e+01  1.57983e+01
3.472439231e+00  1.6097453e+01         -inf  6.89329e+05  1.60975e+01  1.60986e+01
3.486328987e+00  1.5982008e+01         -inf  6.89329e+05  1.59820e+01  1.59832e+01
3.500274303e+00  1.5621212e+01         -inf  6.89329e+05  1.56212e+01  1.56225e+01
3.514275401e+00  1.5300785e+01         -inf  6.89329e+05  1.53008e+01  1.53021e+01
3.528332502e+00  1.5530314e+01         -inf  6.89329e+05  1.55303e+01  1.55317e+01
3.542445832e+00  1.6122427e+01         -inf  6.89329e+05  1.61224e+01  1.61239e+01
3.556615616e+00  1.5532470e+01         -inf  6.89329e+05  1.55325e+01  1.55340e+01
3.570842078e+00  1.7403950e+01         -inf  6.89329e+05  1.74040e+01  1.74056e+01
3.585125446e+00  1.6749373e+01         -inf  6.89329e+05  1.67494e+01  1.67511e+01
3.599465948e+00  1.6432534e+01         -inf  6.89329e+05  1.64325e+01  1.64344e+01
3.613863812e+00  1.6326654e+01         -inf  6.89329e+05  1.63267e+01  1.63286e+01
3.628319267e+00  1.5797879e+01         -inf  6.89329e+05  1.57979e+01  1.57999e+01
3.642832544e+00  1.5754821e+01         -inf  6.89329e+05  1.57548e+01  1.57570e+01
3.657403874e+00  1.5365527e+01         -inf  6.89329e+05  1.53655e+01  1.53678e+01
3.672033490e+00  1.5371561e+01         -inf  6.89329e+05  1.53716e+01  1.53739e+01
3.686721624e+00  1.5392579e+01         -inf  6.89329e+05  1.53926e+01  1.53951e+01
3.701468510e+00  1.5238857e+01         -inf  6.89329e+05  1.52389e+01  1.52415e+01
3.716274384e+00  1.5287988e+01         -inf  6.89329e+05  1.52880e+01  1.52908e+01
3.731139482e+00  1.5324641e+01         -inf  6.89329e+05  1.53246e+01  1.53276e+01
3.746064040e+00  1.5233694e+01         -inf  6.89329e+05  1.52337e+01  1.52368e+01
3.761048296e+00  1.5181848e+01         -inf  6.89329e+05  1.51818e+01  1.51851e+01
3.776092489e+00  1.5196729e+01         -inf  6.89329e+05  1.51967e+01  1.52001e+01
3.791196859e+00  1.5319491e+01         -inf  6.89329e+05  1.53195e+01  1.53231e+01
3.806361647e+00  1.5381950e+01         -inf  6.89329e+05  1.53819e+01  1.53857e+01
3.821587093e+00  1.5267743e+01         -inf  6.89329e+05  1.52677e+01  1.52717e+01
3.836873442e+00  1.5418600e+01         -inf  6.89329e+05  1.54186e+01  1.54227e+01
3.852220935e+00  1.5565414e+01         -inf  6.89329e+05  1.55654e+01  1.55697e+01
3.867629819e+00  1.6101398e+01         -inf  6.89329e+05  1.61014e+01  1.61057e+01
3.883100338e+00  1.6577049e+01         -inf  6.89329e+05  1.65770e+01  1.65813e+01
3.898632740e+00  1.6137440e+01         -inf  6.89329e+05  1.61374e+01  1.61422e+01
3.914227271e+00  1.6396059e+01         -inf  6.89329e+05  1.63961e+01  1.64009e+01
3.929884180e+00  1.6184725e+01         -inf  6.89329e+05  1.61847e+01  1.61898e+01
3.945603716e+00  1.5867891e+01         -inf  6.89329e+05  1.58679e+01  1.58734e+01
3.961386131e+00  1.5680312e+01         -inf  6.89329e+05  1.56803e+01  1.56862e+01
3.977231676e+00  1.5814332e+01         -inf  6.89329e+05  1.58143e+01  1.58205e+01
3.993140603e+00  1.5832596e+01         -inf  6.89329e+05  1.58326e+01  1.58390e+01
4.009113165e+00  1.6110578e+01         -inf  6.89329e+05  1.61106e+01  1.61172e+01
4.025149618e+00  1.6474463e+01         -inf  6.89329e+05  1.64745e+01  1.64812e+01
4.041250216e+00  1.6911234e+01         -inf  6.89329e+05  1.69112e+01  1.69181e+01
4.057415217e+00  1.7009360e+01         -inf  6.89329e+05  1.70094e+01  1.70165e+01
4.073644878e+00  1.7425138e+01         -inf  6.89329e+05  1.74251e+01  1.74323e+01
4.089939457e+00  1.7742975e+01         -inf  6.89329e+05  1.77430e+01  1.77502e+01
4.106299215e+00  1.7892556e+01         -inf  6.89329e+05  1.78926e+01  1.79000e+01
4.122724412e+00  1.8099048e+01         -inf  6.89329e+05  1.80990e+01  1.81066e+01
4.139215310e+00  1.8326964e+01         -inf  6.89329e+05  1.83270e+01  1.83347e+01
4.155772171e+00  1.8520578e+01         -inf  6.89329e+05  1.85206e+01  1.85278e+01
4.172395260e+00  2.0121653e+01         -inf  6.89329e+05  2.01217e+01  2.01251e+01
4.189084841e+00  2.7156252e+01         -inf  6.89329e+05  2.71563e+01  2.71570e+01
4.205841180e+00  3.8678503e+01         -inf  6.89329e+05  3.86785e+01  3.86788e+01
4.222664545e+00  4.6872015e+01         -inf  6.89329e+05  4.68720e+01  4.68725e+01
4.239555203e+00  5.0107894e+01         -inf  6.89329e+05  5.01079e+01  5.01085e+01
4.256513424e+00  4.7914126e+01         -inf  6.89329e+05  4.79141e+01  4.79147e+01
4.273539477e+00  4.9848571e+01         -inf  6.89329e+05  4.98486e+01  4.98492e+01
4.290633635e+00  4.8524763e+01         -inf  6.89329e+05  4.85248e+01  4.85254e+01
4.307796170e+00  4.5883188e+01         -inf  6.89329e+05  4.58832e+01  4.58838e+01
4.325027355e+00  4.2528589e+01         -inf  6.89329e+05  4.25286e+01  4.25291e+01
4.342327464e+00  3.9839615e+01         -inf  6.89329e+05  3.98396e+01  3.98401e+01
4.359696774e+00  3.7694620e+01         -inf  6.89329e+05  3.76946e+01  3.76951e+01
4.377135561e+00  3.4731330e+01         -inf  6.89329e+05  3.47313e+01  3.47319e+01
4.394644103e+00  3.4178853e+01         -inf  6.89329e+05  3.41789e+01  3.41794e+01
4.412222680e+00  3.3146268e+01         -inf  6.89329e+05  3.31463e+01  3.31469e+01
4.429871570e+00  3.1006368e+01         -inf  6.89329e+05  3.10064e+01  3.10074e+01
4.447591057e+00  2.7255882e+01         -inf  6.89329e+05  2.72559e+01  2.72581e+01
4.465381421e+00  2.4839422e+01         -inf  6.89329e+05  2.48394e+01  2.48425e+01
4.483242946e+00  2.3048787e+01         -inf  6.89329e+05  2.30488e+01  2.30533e+01
4.501175918e+00  2.1195052e+01         -inf  6.89329e+05  2.11951e+01  2.12041e+01
4.519180622e+00  2.1996636e+01         -inf  6.89329e+05  2.19966e+01  2.20040e+01
4.537257344e+00  2.1143232e+01         -inf  6.89329e+05  2.11432e+01  2.11531e+01
4.555406374e+00  1.9924899e+01         -inf  6.89329e+05  1.99249e+01  1.99393e+01
4.573627999e+00  1.8742581e+01         -inf  6.89329e+05  1.87426e+01  1.87624e+01
4.591922511e+00  1.7352219e+01         -inf  6.89329e+05  1.73522e+01  1.73781e+01
4.610290201e+00  1.6614499e+01         -inf  6.89329e+05  1.66145e+01  1.66439e+01
4.628731362e+00  1.6092646e+01         -inf  6.89329e+05  1.60926e+01  1.61241e+01
4.647246288e+00  1.5830382e+01         -inf  6.89329e+05  1.58304e+01  1.58635e+01
4.665835273e+00  1.5646495e+01         -inf  6.89329e+05  1.56465e+01  1.56811e+01
4.684498614e+00  1.7882852e+01         -inf  6.89329e+05  1.78829e+01  1.79184e+01
4.703236608e+00  2.6811839e+01         -inf  6.89329e+05  2.68118e+01  2.68416e+01
4.722049555e+00  2.7345718e+01         -inf  6.89329e+05  2.73457e+01  2.73762e+01
4.740937753e+00  2.5155572e+01         -inf  6.89329e+05  2.51556e+01  2.51899e+01
4.759901504e+00  2.6408166e+01         -inf  6.89329e+05  2.64082e+01  2.64434e+01
4.778941110e+00  2.5464589e+01         -inf  6.89329e+05  2.54646e+01  2.54997e+01
4.798056874e+00  2.3615191e+01         -inf  6.89329e+05  2.36152e+01  2.36517e+01
4.817249102e+00  2.3406061e+01         -inf  6.89329e+05  2.34061e+01  2.34321e+01
4.836518098e+00  2.1398943e+01         -inf  6.89329e+05  2.13989e+01  2.14329e+01
4.855864171e+00  1.9747077e+01         -inf  6.89329e+05  1.97471e+01  1.97806e+01
4.875287627e+00  1.8403855e+01         -inf  6.89329e+05  1.84039e+01  1.84445e+01
4.894788778e+00  1.7366600e+01         -inf  6.89329e+05  1.73666e+01  1.74154e+01
4.914367933e+00  1.7282668e+01         -inf  6.89329e+05  1.72827e+01  1.73364e+01
4.934025405e+00  1.6382385e+01         -inf  6.89329e+05  1.63824e+01  1.64415e+01
4.953761506e+00  1.6116253e+01         -inf  6.89329e+05  1.61163e+01  1.61776e+01
4.973576552e+00  1.5724358e+01         -inf  6.89329e+05  1.57244e+01  1.57884e+01
4.993470859e+00  1.5473279e+01         -inf  6.89329e+05  1.54733e+01  1.55400e+01
5.013444742e+00  1.5237372e+01         -inf  6.89329e+05  1.52374e+01  1.53068e+01
5.033498521e+00  1.5144160e+01         -inf  6.89329e+05  1.51442e+01  1.52162e+01
5.053632515e+00  1.5082830e+01         -inf  6.89329e+05  1.50828e+01  1.51577e+01
5.073847045e+00  1.5110290e+01         -inf  6.89329e+05  1.51103e+01  1.51879e+01
5.094142433e+00  1.5193894e+01         -inf  6.89329e+05  1.51939e+01  1.52739e+01
5.114519003e+00  1.5181396e+01         -inf  6.89329e+05  1.51814e+01  1.52644e+01
5.134977079e+00  1.5066209e+01         -inf  6.89329e+05  1.50662e+01  1.51527e+01
5.155516987e+00  1.5223424e+01         -inf  6.89329e+05  1.52234e+01  1.53123e+01
5.176139055e+00  1.7391683e+01         -inf  6.89329e+05  1.73917e+01  1.74684e+01
5.196843612e+00  1.5835004e+01         -inf  6.89329e+05  1.58350e+01  1.59233e+01
5.217630986e+00  1.6213674e+01         -inf  6.89329e+05  1.62137e+01  1.62995e+01
5.238501510e+00  1.5891994e+01         -inf  6.89329e+05  1.58920e+01  1.59825e+01
5.259455516e+00  1.5633357e+01         -inf  6.89329e+05  1.56334e+01  1.57301e+01
5.280493338e+00  1.5305894e+01         -inf  6.89329e+05  1.53059e+01  1.54087e+01
5.301615311e+00  1.5163857e+01         -inf  6.89329e+05  1.51639e+01  1.52703e+01
5.322821773e+00  1.5304292e+01         -inf  6.89329e+05  1.53043e+01  1.54118e+01
5.344113060e+00  1.5177821e+01         -inf  6.89329e+05  1.51778e+01  1.52860e+01
5.365489512e+00  1.5220101e+01         -inf  6.89329e+05  1.52201e+01  1.53286e+01
5.386951470e+00  1.5256395e+01         -inf  6.89329e+05  1.52564e+01  1.53651e+01
5.408499276e+00  1.5311881e+01         -inf  6.89329e+05  1.53119e+01  1.54207e+01
5.430133273e+00  1.5360329e+01         -inf  6.89329e+05  1.53603e+01  1.54697e+01
5.451853806e+00  1.5407580e+01         -inf  6.89329e+05  1.54076e+01  1.55170e+01
5.473661221e+00  1.5580011e+01         -inf  6.89329e+05  1.55800e+01  1.56889e+01
5.495555866e+00  1.5791154e+01         -inf  6.89329e+05  1.57912e+01  1.58993e+01
5.517538090e+00  1.5874072e+01         -inf  6.89329e+05  1.58741e+01  1.59818e+01
5.539608242e+00  1.5758864e+01         -inf  6.89329e+05  1.57589e+01  1.58661e+01
5.561766675e+00  1.5468205e+01         -inf  6.89329e+05  1.54682e+01  1.55751e+01
5.584013742e+00  1.5614038e+01         -inf  6.89329e+05  1.56140e+01  1.57207e+01
5.606349797e+00  1.5728174e+01         -inf  6.89329e+05  1.57282e+01  1.58347e+01
5.628775196e+00  1.5654736e+01         -inf  6.89329e+05  1.56547e+01  1.57612e+01
5.651290297e+00  1.5528343e+01         -inf  6.89329e+05  1.55283e+01  1.56349e+01
5.673895458e+00  1.5497342e+01         -inf  6.89329e+05  1.54973e+01  1.56039e+01
5.696591040e+00  1.5471059e+01         -inf  6.89329e+05  1.54711e+01  1.55777e+01
5.719377404e+00  1.6003763e+01         -inf  6.89329e+05  1.60038e+01  1.61104e+01
5.742254913e+00  1.8167335e+01         -inf  6.89329e+05  1.81673e+01  1.82727e+01
5.765223933e+00  1.7885450e+01         -inf  6.89329e+05  1.78854e+01  1.79906e+01
5.788284829e+00  1.6983014e+01         -inf  6.89329e+05  1.69830e+01  1.70886e+01
5.811437968e+00  1.7126467e+01         -inf  6.89329e+05  1.71265e+01  1.72318e+01
5.834683720e+00  1.7495831e+01         -inf  6.89329e+05  1.74958e+01  1.76011e+01
5.858022455e+00  1.7164488e+01         -inf  6.89329e+05  1.71645e+01  1.72708e+01
5.881454545e+00  1.6644632e+01         -inf  6.89329e+05  1.66446e+01  1.67525e+01
5.904980363e+00  1.6169305e+01         -inf  6.89329e+05  1.61693e+01  1.62791e+01
5.928600284e+00  1.5854187e+01         -inf  6.89329e+05  1.58542e+01  1.59660e+01
5.952314685e+00  1.5706266e+01         -inf  6.89329e+05  1.57063e+01  1.58202e+01
5.976123944e+00  1.5611679e+01         -inf  6.89329e+05  1.56117e+01  1.57287e+01
6.000028440e+00  1.5595009e+01         -inf  6.89329e+05  1.55950e+01  1.57155e+01
6.024028554e+00  1.5560200e+01         -inf  6.89329e+05  1.55602e+01  1.56849e+01
6.048124668e+00  1.5553842e+01         -inf  6.89329e+05  1.55538e+01  1.56836e+01
6.072317167e+00  1.5537626e+01         -inf  6.89329e+05  1.55376e+01  1.56728e+01
6.096606435e+00  1.5507003e+01         -inf  6.89329e+05  1.55070e+01  1.56482e+01
6.120992861e+00  1.5495282e+01         -inf  6.89329e+05  1.54953e+01  1.56432e+01
6.145476832e+00  1.5446101e+01         -inf  6.89329e+05  1.54461e+01  1.56014e+01
6.170058740e+00  1.5431327e+01         -inf  6.89329e+05  1.54313e+01  1.55946e+01
6.194738975e+00  1.5401444e+01         -inf  6.89329e+05  1.54014e+01  1.55720e+01
6.219517931e+00  1.5393029e+01         -inf  6.89329e+05  1.53930e+01  1.55705e+01
6.244396002e+00  1.5370467e+01         -inf  6.89329e+05  1.53705e+01  1.55536e+01
6.269373586e+00  1.5331140e+01         -inf  6.89329e+05  1.53311e+01  1.55186e+01
6.294451081e+00  1.5407325e+01         -inf  6.89329e+05  1.54073e+01  1.55983e+01
6.319628885e+00  1.5364973e+01         -inf  6.89329e+05  1.53650e+01  1.55586e+01
6.344907401e+00  1.5452875e+01         -inf  6.89329e+05  1.54529e+01  1.56489e+01
6.370287030e+00  1.5417879e+01         -inf  6.89329e+05  1.54179e+01  1.56167e+01
6.395768178e+00  1.5468147e+01         -inf  6.89329e+05  1.54681e+01  1.56700e+01
6.421351251e+00  1.5500594e+01         -inf  6.89329e+05  1.55006e+01  1.57062e+01
6.447036656e+00  1.5574240e+01         -inf  6.89329e+05  1.55742e+01  1.57843e+01
6.472824803e+00  1.5697204e+01         -inf  6.89329e+05  1.56972e+01  1.59128e+01
6.498716102e+00  1.6100325e+01         -inf  6.89329e+05  1.61003e+01  1.63212e+01
6.524710966e+00  1.5628619e+01         -inf  6.89329e+05  1.56286e+01  1.58591e+01
6.550809810e+00  1.5421216e+01         -inf  6.89329e+05  1.54212e+01  1.56615e+01
6.577013049e+00  1.5384086e+01         -inf  6.89329e+05  1.53841e+01  1.56349e+01
6.603321102e+00  1.5341588e+01         -inf  6.89329e+05  1.53416e+01  1.56044e+01
6.629734386e+00  1.5292822e+01         -inf  6.89329e+05  1.52928e+01  1.55685e+01
6.656253324e+00  1.5293869e+01         -inf  6.89329e+05  1.52939e+01  1.55832e+01
6.682878337e+00  1.5219567e+01         -inf  6.89329e+05  1.52196e+01  1.55238e+01
6.709609850e+00  1.5173897e+01         -inf  6.89329e+05  1.51739e+01  1.54940e+01
6.736448290e+00  1.5183704e+01         -inf  6.89329e+05  1.51837e+01  1.55202e+01
6.763394083e+00  1.5063076e+01         -inf  6.89329e+05  1.50631e+01  1.54180e+01
6.790447659e+00  1.5217884e+01         -inf  6.89329e+05  1.52179e+01  1.55917e+01
6.817609450e+00  1.5047597e+01         -inf  6.89329e+05  1.50476e+01  1.54432e+01
6.844879888e+00  1.5008152e+01         -inf  6.89329e+05  1.50082e+01  1.54258e+01
6.872259407e+00  1.4969829e+01         -inf  6.89329e+05  1.49698e+01  1.54100e+01
6.899748445e+00  1.5005908e+01         -inf  6.89329e+05  1.50059e+01  1.54697e+01
6.927347438e+00  1.4870331e+01         -inf  6.89329e+05  1.48703e+01  1.53609e+01
6.955056828e+00  1.4766177e+01         -inf  6.89329e+05  1.47662e+01  1.52856e+01
6.982877056e+00  1.4786988e+01         -inf  6.89329e+05  1.47870e+01  1.53365e+01
7.010808564e+00  1.4742093e+01         -inf  6.89329e+05  1.47421e+01  1.53244e+01
7.038851798e+00  1.4639643e+01         -inf  6.89329e+05  1.46396e+01  1.52586e+01
7.067007205e+00  1.4591839e+01         -inf  6.89329e+05  1.45918e+01  1.52475e+01
7.095275234e+00  1.4532231e+01         -inf  6.89329e+05  1.45322e+01  1.52284e+01
7.123656335e+00  1.4463501e+01         -inf  6.89329e+05  1.44635e+01  1.52012e+01
7.152150960e+00  1.4453812e+01         -inf  6.89329e+05  1.44538e+01  1.52365e+01
7.180759564e+00  1.4433338e+01         -inf  6.89329e+05  1.44333e+01  1.52624e+01
7.209482602e+00  1.4521087e+01         -inf  6.89329e+05  1.45211e+01  1.53958e+01
7.238320533e+00  1.4654747e+01         -inf  6.89329e+05  1.46547e+01  1.55706e+01
7.267273815e+00  1.4888453e+01         -inf  6.89329e+05  1.48885e+01  1.58394e+01
7.296342910e+00  1.4838525e+01         -inf  6.89329e+05  1.48385e+01  1.58329e+01
7.325528282e+00  1.5311092e+01         -inf  6.89329e+05  1.53111e+01  1.63161e+01
7.354830395e+00  1.5870819e+01         -inf  6.89329e+05  1.58708e+01  1.68689e+01
7.384249717e+00  1.6584125e+01         -inf  6.89329e+05  1.65841e+01  1.75604e+01
7.413786715e+00  1.6136677e+01         -inf  6.89329e+05  1.61367e+01  1.71796e+01
7.443441862e+00  1.6860538e+01         -inf  6.89329e+05  1.68605e+01  1.78846e+01
7.473215630e+00  1.6455603e+01         -inf  6.89329e+05  1.64556e+01  1.75403e+01
7.503108492e+00  1.6883132e+01         -inf  6.89329e+05  1.68831e+01  1.79628e+01
7.533120926e+00  1.6259364e+01         -inf  6.89329e+05  1.62594e+01  1.74154e+01
7.563253410e+00  1.5294434e+01         -inf  6.89329e+05  1.52944e+01  1.65544e+01
7.593506424e+00  1.5179946e+01         -inf  6.89329e+05  1.51799e+01  1.64632e+01
7.623880449e+00  1.5883499e+01         -inf  6.89329e+05  1.58835e+01  1.71064e+01
7.654375971e+00  2.0533206e+01         -inf  6.89329e+05  2.05332e+01  2.14019e+01
7.684993475e+00  2.0628223e+01         -inf  6.89329e+05  2.06282e+01  2.14493e+01
7.715733449e+00  1.9014979e+01         -inf  6.89329e+05  1.90150e+01  2.00048e+01
7.746596383e+00  1.7643988e+01         -inf  6.89329e+05  1.76440e+01  1.87903e+01
7.777582768e+00  1.6697086e+01         -inf  6.89329e+05  1.66971e+01  1.79968e+01
7.808693099e+00  1.7277884e+01         -inf  6.89329e+05  1.72779e+01  1.85250e+01
7.839927872e+00  1.7799867e+01         -inf  6.89329e+05  1.77999e+01  1.89903e+01
7.871287583e+00  1.7903772e+01         -inf  6.89329e+05  1.79038e+01  1.91011e+01
7.902772733e+00  1.7015736e+01         -inf  6.89329e+05  1.70157e+01  1.83368e+01
7.934383824e+00  1.6549269e+01         -inf  6.89329e+05  1.65493e+01  1.79713e+01
7.966121360e+00  1.5470856e+01         -inf  6.89329e+05  1.54709e+01  1.70467e+01
7.997985845e+00  1.4940229e+01         -inf  6.89329e+05  1.49402e+01  1.66085e+01
8.029977788e+00  1.4891165e+01         -inf  6.89329e+05  1.48912e+01  1.66069e+01
8.062097700e+00  1.4344013e+01         -inf  6.89329e+05  1.43440e+01  1.61544e+01
8.094346090e+00  1.4096018e+01         -inf  6.89329e+05  1.40960e+01  1.59617e+01
8.126723475e+00  1.3733271e+01         -inf  6.89329e+05  1.37333e+01  1.56682e+01
8.159230369e+00  1.3485102e+01         -inf  6.89329e+05  1.34851e+01  1.54731e+01
8.191867290e+00  1.3554974e+01         -inf  6.89329e+05  1.35550e+01  1.55783e+01
8.224634759e+00  1.3293983e+01         -inf  6.89329e+05  1.32940e+01  1.53692e+01
8.257533298e+00  1.3301126e+01         -inf  6.89329e+05  1.33011e+01  1.54191e+01
8.290563432e+00  1.3175417e+01         -inf  6.89329e+05  1.31754e+01  1.53386e+01
8.323725685e+00  1.3307697e+01         -inf  6.89329e+05  1.33077e+01  1.55115e+01
8.357020588e+00  1.3394632e+01         -inf  6.89329e+05  1.33946e+01  1.56391e+01
8.390448670e+00  1.3633083e+01         -inf  6.89329e+05  1.36331e+01  1.59129e+01
8.424010465e+00  1.3808347e+01         -inf  6.89329e+05  1.38083e+01  1.61262e+01
8.457706507e+00  1.4045962e+01         -inf  6.89329e+05  1.40460e+01  1.63952e+01
8.491537333e+00  1.4227420e+01         -inf  6.89329e+05  1.42274e+01  1.66243e+01
8.525503482e+00  1.4392529e+01         -inf  6.89329e+05  1.43925e+01  1.68389e+01
8.559605496e+00  1.4403511e+01         -inf  6.89329e+05  1.44035e+01  1.69113e+01
8.593843918e+00  1.4604530e+01         -inf  6.89329e+05  1.46045e+01  1.71446e+01
8.628219294e+00  1.4858713e+01         -inf  6.89329e+05  1.48587e+01  1.74352e+01
8.662732171e+00  1.4770578e+01         -inf  6.89329e+05  1.47706e+01  1.73953e+01
8.697383100e+00  1.5274339e+01         -inf  6.89329e+05  1.52743e+01  1.79488e+01
8.732172632e+00  1.5305967e+01         -inf  6.89329e+05  1.53060e+01  1.80398e+01
8.767101323e+00  1.5339906e+01         -inf  6.89329e+05  1.53399e+01  1.81301e+01
8.802169728e+00  1.6273709e+01         -inf  6.89329e+05  1.62737e+01  1.91010e+01
8.837378407e+00  1.6423365e+01         -inf  6.89329e+05  1.64234e+01  1.92893e+01
8.872727920e+00  1.6157687e+01         -inf  6.89329e+05  1.61577e+01  1.90715e+01
8.908218832e+00  1.6160948e+01         -inf  6.89329e+05  1.61609e+01  1.91278e+01
8.943851707e+00  1.6288821e+01         -inf  6.89329e+05  1.62888e+01  1.93136e+01
8.979627114e+00  1.5842919e+01         -inf  6.89329e+05  1.58429e+01  1.89433e+01
9.015545623e+00  1.5206537e+01         -inf  6.89329e+05  1.52065e+01  1.83874e+01
9.051607805e+00  1.5591967e+01         -inf  6.89329e+05  1.55920e+01  1.88287e+01
9.087814236e+00  1.5637029e+01         -inf  6.89329e+05  1.56370e+01  1.89397e+01
9.124165493e+00  1.5692789e+01         -inf  6.89329e+05  1.56928e+01  1.90774e+01
9.160662155e+00  1.5939131e+01         -inf  6.89329e+05  1.59391e+01  1.94218e+01
9.197304804e+00  1.6581417e+01         -inf  6.89329e+05  1.65814e+01  2.01183e+01
9.234094023e+00  1.6000816e+01         -inf  6.89329e+05  1.60008e+01  1.95773e+01
9.271030399e+00  1.5827564e+01         -inf  6.89329e+05  1.58276e+01  1.94385e+01
9.308114521e+00  1.6202552e+01         -inf  6.89329e+05  1.62026e+01  1.98749e+01
9.345346979e+00  1.7994745e+01         -inf  6.89329e+05  1.79947e+01  2.16791e+01
9.382728367e+00  2.5002930e+01         -inf  6.89329e+05  2.50029e+01  2.81954e+01
9.420259280e+00  3.0807788e+01         -inf  6.89329e+05  3.08078e+01  3.30035e+01
9.457940318e+00  3.2877547e+01         -inf  6.89329e+05  3.28775e+01  3.46418e+01
9.495772079e+00  3.4186444e+01         -inf  6.89329e+05  3.41864e+01  3.56681e+01
9.533755167e+00  3.2754554e+01         -inf  6.89329e+05  3.27546e+01  3.45740e+01
9.571890188e+00  2.7048184e+01         -inf  6.89329e+05  2.70482e+01  3.01103e+01
9.610177749e+00  3.2894187e+01         -inf  6.89329e+05  3.28942e+01  3.48267e+01
9.648618460e+00  3.3505506e+01         -inf  6.89329e+05  3.35055e+01  3.54749e+01
9.687212933e+00  3.1816645e+01         -inf  6.89329e+05  3.18166e+01  3.41559e+01
9.725961785e+00  3.0848767e+01         -inf  6.89329e+05  3.08488e+01  3.32580e+01
9.764865632e+00  3.1026500e+01         -inf  6.89329e+05  3.10265e+01  3.34710e+01
9.803925095e+00  3.0116204e+01         -inf  6.89329e+05  3.01162e+01  3.28030e+01
9.843140795e+00  2.8841072e+01         -inf  6.89329e+05  2.88411e+01  3.18509e+01
9.882513358e+00  2.7020998e+01         -inf  6.89329e+05  2.70210e+01  3.04681e+01
9.922043412e+00  2.5201251e+01         -inf  6.89329e+05  2.52013e+01  2.90590e+01
9.961731585e+00  2.3422441e+01         -inf  6.89329e+05  2.34224e+01  2.76464e+01
1.000157851e+01  2.1199958e+01         -inf  6.89329e+05  2.12000e+01  2.57635e+01
1.004158483e+01  1.8414192e+01         -inf  6.89329e+05  1.84142e+01  2.32989e+01
1.008175117e+01  1.6841471e+01         -inf  6.89329e+05  1.68415e+01  2.19323e+01
1.012207817e+01  1.4662785e+01         -inf  6.89329e+05  1.46628e+01  1.99749e+01
1.016256648e+01  1.3011747e+01         -inf  6.89329e+05  1.30117e+01  1.84788e+01
1.020321675e+01  1.1566705e+01         -inf  6.89329e+05  1.15667e+01  1.71394e+01
1.024402962e+01  1.0728031e+01         -inf  6.89329e+05  1.07280e+01  1.63832e+01
1.028500573e+01  1.0207020e+01         -inf  6.89329e+05  1.02070e+01  1.59374e+01
1.032614576e+01  9.7858063e+00         -inf  6.89329e+05  9.78581e+00  1.56144e+01
1.036745034e+01  9.3816708e+00         -inf  6.89329e+05  9.38167e+00  1.53428e+01
1.040892014e+01  9.1234479e+00         -inf  6.89329e+05  9.12345e+00  1.51597e+01
1.045055582e+01  9.1264316e+00         -inf  6.89329e+05  9.12643e+00  1.52777e+01
1.049235805e+01  8.9932287e+00         -inf  6.89329e+05  8.99323e+00  1.52311e+01
1.053432748e+01  8.9023973e+00         -inf  6.89329e+05  8.90240e+00  1.52311e+01
1.057646479e+01  8.7828117e+00         -inf  6.89329e+05  8.78281e+00  1.52173e+01
1.061877065e+01  8.6474670e+00         -inf  6.89329e+05  8.64747e+00  1.51924e+01
1.066124573e+01  8.5088652e+00         -inf  6.89329e+05  8.50887e+00  1.51626e+01
1.070389071e+01  8.3711022e+00         -inf  6.89329e+05  8.37110e+00  1.51283e+01
1.074670627e+01  8.2468572e+00         -inf  6.89329e+05  8.24686e+00  1.50986e+01
1.078969310e+01  8.1221958e+00         -inf  6.89329e+05  8.12220e+00  1.50719e+01
1.083285187e+01  8.0033178e+00         -inf  6.89329e+05  8.00332e+00  1.50543e+01
1.087618328e+01  7.9027297e+00         -inf  6.89329e+05  7.90273e+00  1.50467e+01
1.091968801e+01  7.7978611e+00         -inf  6.89329e+05  7.79786e+00  1.50391e+01
1.096336676e+01  7.6926935e+00         -inf  6.89329e+05  7.69269e+00  1.50363e+01
1.100722023e+01  7.5951280e+00         -inf  6.89329e+05  7.59513e+00  1.50362e+01
1.105124911e+01  7.4887905e+00         -inf  6.89329e+05  7.48879e+00  1.50352e+01
1.109545411e+01  7.3863847e+00         -inf  6.89329e+05  7.38638e+00  1.50366e+01
1.113983593e+01  7.2768404e+00         -inf  6.89329e+05  7.27684e+00  1.50326e+01
1.118439527e+01  7.1694052e+00         -inf  6.89329e+05  7.16941e+00  1.50304e+01
1.122913285e+01  7.0570270e+00         -inf  6.89329e+05  7.05703e+00  1.50294e+01
1.127404938e+01  6.9444547e+00         -inf  6.89329e+05  6.94445e+00  1.50273e+01
1.131914558e+01  6.8306708e+00         -inf  6.89329e+05  6.83067e+00  1.50273e+01
1.136442216e+01  6.7132539e+00         -inf  6.89329e+05  6.71325e+00  1.50270e+01
1.140987985e+01  6.5952262e+00         -inf  6.89329e+05  6.59523e+00  1.50273e+01
1.145551937e+01  6.4773735e+00         -inf  6.89329e+05  6.47737e+00  1.50272e+01
1.150134145e+01  6.3578801e+00         -inf  6.89329e+05  6.35788e+00  1.50273e+01
1.154734681e+01  6.2278416e+00         -inf  6.89329e+05  6.22784e+00  1.50294e+01
1.159353620e+01  6.0975517e+00         -inf  6.89329e+05  6.09755e+00  1.50312e+01
1.163991035e+01  5.9857056e+00         -inf  6.89329e+05  5.98571e+00  1.50288e+01
1.168646999e+01  5.8602875e+00         -inf  6.89329e+05  5.86029e+00  1.50316e+01
1.173321587e+01  5.7341832e+00         -inf  6.89329e+05  5.73418e+00  1.50341e+01
1.178014873e+01  5.6060273e+00         -inf  6.89329e+05  5.60603e+00  1.50367e+01
1.182726932e+01  5.4784933e+00         -inf  6.89329e+05  5.47849e+00  1.50428e+01
1.187457840e+01  5.3490566e+00         -inf  6.89329e+05  5.34906e+00  1.50445e+01
1.192207672e+01  5.2287026e+00         -inf  6.89329e+05  5.22870e+00  1.50574e+01
1.196976502e+01  5.0941694e+00         -inf  6.89329e+05  5.09417e+00  1.50599e+01
1.201764408e+01  4.9731982e+00         -inf  6.89329e+05  4.97320e+00  1.50858e+01
1.206571466e+01  4.7729466e+00         -inf  6.89329e+05  4.77295e+00  1.51294e+01
1.211397752e+01  4.7016706e+00         -inf  6.89329e+05  4.70167e+00  1.51173e+01
1.216243343e+01  4.6097857e+00         -inf  6.89329e+05  4.60979e+00  1.51865e+01
1.221108316e+01  4.4621947e+00         -inf  6.89329e+05  4.46219e+00  1.51966e+01
1.225992749e+01  4.4151689e+00         -inf  6.89329e+05  4.41517e+00  1.52905e+01
1.230896720e+01  4.3376518e+00         -inf  6.89329e+05  4.33765e+00  1.53462e+01
1.235820307e+01  4.2798145e+00         -inf  6.89329e+05  4.27981e+00  1.54170e+01
1.240763589e+01  4.2817290e+00         -inf  6.89329e+05  4.28173e+00  1.55477e+01
1.245726643e+01  4.1301919e+00         -inf  6.89329e+05  4.13019e+00  1.55417e+01
1.250709549e+01  4.1862694e+00         -inf  6.89329e+05  4.18627e+00  1.57488e+01
1.255712388e+01  3.9355979e+00         -inf  6.89329e+05  3.93560e+00  1.56930e+01
1.260735237e+01  5.0165710e+00         -inf  6.89329e+05  5.01657e+00  1.63673e+01
1.265778178e+01  4.7525693e+00         -inf  6.89329e+05  4.75257e+00  1.63677e+01
1.270841291e+01  3.7807717e+00         -inf  6.89329e+05  3.78077e+00  1.60326e+01
1.275924656e+01  4.0060848e+00         -inf  6.89329e+05  4.00608e+00  1.63856e+01
1.281028355e+01  3.8404367e+00         -inf  6.89329e+05  3.84044e+00  1.63915e+01
1.286152468e+01  4.0989136e+00         -inf  6.89329e+05  4.09891e+00  1.67442e+01
1.291297078e+01  3.9577575e+00         -inf  6.89329e+05  3.95776e+00  1.66741e+01
1.296462266e+01  4.8988746e+00         -inf  6.89329e+05  4.89887e+00  1.75502e+01
1.301648115e+01  4.5178924e+00         -inf  6.89329e+05  4.51789e+00  1.70603e+01
1.306854708e+01  5.4767346e+00         -inf  6.89329e+05  5.47673e+00  1.79661e+01
1.312082127e+01  5.3101369e+00         -inf  6.89329e+05  5.31014e+00  1.76089e+01
1.317330455e+01  6.3127322e+00         -inf  6.89329e+05  6.31273e+00  1.80375e+01
1.322599777e+01  8.1122729e+00         -inf  6.89329e+05  8.11227e+00  1.90090e+01
1.327890176e+01  8.1286557e+00         -inf  6.89329e+05  8.12866e+00  1.86254e+01
1.333201737e+01  1.0565335e+01         -inf  6.89329e+05  1.05653e+01  2.05064e+01
1.338534544e+01  9.9761568e+00         -inf  6.89329e+05  9.97616e+00  1.95845e+01
1.343888682e+01  1.2545438e+01         -inf  6.89329e+05  1.25454e+01  2.16457e+01
1.349264237e+01  1.7425415e+01         -inf  6.89329e+05  1.74254e+01  2.47771e+01
1.354661294e+01  1.4207348e+01         -inf  6.89329e+05  1.42073e+01  2.23805e+01
1.360079939e+01  1.5372070e+01         -inf  6.89329e+05  1.53721e+01  2.34873e+01
1.365520258e+01  1.4832301e+01         -inf  6.89329e+05  1.48323e+01  2.30171e+01
1.370982339e+01  1.5622668e+01         -inf  6.89329e+05  1.56227e+01  2.40518e+01
1.376466269e+01  1.3412597e+01         -inf  6.89329e+05  1.34126e+01  2.23453e+01
1.381972134e+01  1.5949249e+01         -inf  6.89329e+05  1.59492e+01  2.45560e+01
1.387500022e+01  2.8241834e+01         -inf  6.89329e+05  2.82418e+01  3.39945e+01
1.393050023e+01  1.8923276e+01         -inf  6.89329e+05  1.89233e+01  2.63345e+01
1.398622223e+01  1.7343255e+01         -inf  6.89329e+05  1.73433e+01  2.51769e+01
1.404216712e+01  1.9190251e+01         -inf  6.89329e+05  1.91903e+01  2.64416e+01
1.409833578e+01  1.9992320e+01         -inf  6.89329e+05  1.99923e+01  2.69963e+01
1.415472913e+01  2.1587777e+01         -inf  6.89329e+05  2.15878e+01  2.80626e+01
1.421134804e+01  2.4295324e+01         -inf  6.89329e+05  2.42953e+01  3.03217e+01
1.426819344e+01  2.5566516e+01         -inf  6.89329e+05  2.55665e+01  3.12648e+01
1.432526621e+01  2.6574690e+01         -inf  6.89329e+05  2.65747e+01  3.21244e+01
1.438256727e+01  2.9225104e+01         -inf  6.89329e+05  2.92251e+01  3.45725e+01
1.444009754e+01  3.0518102e+01         -inf  6.89329e+05  3.05181e+01  3.59343e+01
1.449785793e+01  3.0597931e+01         -inf  6.89329e+05  3.05979e+01  3.59486e+01
1.455584937e+01  3.2034861e+01         -inf  6.89329e+05  3.20349e+01  3.75373e+01
1.461407276e+01  3.3445192e+01         -inf  6.89329e+05  3.34452e+01  3.91500e+01
1.467252905e+01  3.3310047e+01         -inf  6.89329e+05  3.33100e+01  3.90726e+01
1.473121917e+01  3.3402625e+01         -inf  6.89329e+05  3.34026e+01  3.92655e+01
1.479014405e+01  3.4541289e+01         -inf  6.89329e+05  3.45413e+01  4.06139e+01
1.484930462e+01  3.4100231e+01         -inf  6.89329e+05  3.41002e+01  4.02047e+01
1.490870184e+01  3.4575099e+01         -inf  6.89329e+05  3.45751e+01  4.08403e+01
1.496833665e+01  4.7317791e+01         -inf  6.89329e+05  4.73178e+01  5.38845e+01
1.502821000e+01  3.5198179e+01         -inf  6.89329e+05  3.51982e+01  4.15963e+01
1.508832284e+01  3.6050052e+01         -inf  6.89329e+05  3.60501e+01  4.26238e+01
1.514867613e+01  3.3387273e+01         -inf  6.89329e+05  3.33873e+01  3.99016e+01
1.520927083e+01  3.1992243e+01         -inf  6.89329e+05  3.19922e+01  3.84383e+01
1.527010791e+01  3.2636275e+01         -inf  6.89329e+05  3.26363e+01  3.92697e+01
1.533118835e+01  3.2980310e+01         -inf  6.89329e+05  3.29803e+01  3.97532e+01
1.539251310e+01  3.4562596e+01         -inf  6.89329e+05  3.45626e+01  4.15264e+01
1.545408315e+01  3.0881493e+01         -inf  6.89329e+05  3.08815e+01  3.77573e+01
1.551589948e+01  3.0345328e+01         -inf  6.89329e+05  3.03453e+01  3.72574e+01
1.557796308e+01  2.8351103e+01         -inf  6.89329e+05  2.83511e+01  3.53909e+01
1.564027493e+01  2.6165451e+01         -inf  6.89329e+05  2.61655e+01  3.33982e+01
1.570283603e+01  2.6105909e+01         -inf  6.89329e+05  2.61059e+01  3.35888e+01
1.576564738e+01  2.4328531e+01         -inf  6.89329e+05  2.43285e+01  3.21451e+01
1.582870997e+01  2.2033623e+01         -inf  6.89329e+05  2.20336e+01  3.04943e+01
1.589202481e+01  2.0445269e+01         -inf  6.89329e+05  2.04453e+01  2.93902e+01
1.595559291e+01  1.6772032e+01         -inf  6.89329e+05  1.67720e+01  2.68926e+01
1.601941528e+01  1.6248566e+01         -inf  6.89329e+05  1.62486e+01  2.67862e+01
1.608349294e+01  1.0892454e+01         -inf  6.89329e+05  1.08925e+01  2.34760e+01
1.614782691e+01  1.3769430e+01         -inf  6.89329e+05  1.37694e+01  2.54716e+01
1.621241822e+01  2.2830319e+01         -inf  6.89329e+05  2.28303e+01  3.24141e+01
1.627726789e+01  1.0561163e+01         -inf  6.89329e+05  1.05612e+01  2.35624e+01
1.634237696e+01  7.9327096e+00         -inf  6.89329e+05  7.93271e+00  2.19698e+01
1.640774647e+01  1.0004807e+01         -inf  6.89329e+05  1.00048e+01  2.33937e+01
1.647337746e+01  9.2513488e+00         -inf  6.89329e+05  9.25135e+00  2.32525e+01
1.653927097e+01  7.6200946e+00         -inf  6.89329e+05  7.62009e+00  2.20832e+01
1.660542805e+01  6.4586547e+00         -inf  6.89329e+05  6.45865e+00  2.14949e+01
1.667184976e+01  5.1166383e+00         -inf  6.89329e+05  5.11664e+00  2.09553e+01
1.673853716e+01  1.0790711e+01         -inf  6.89329e+05  1.07907e+01  2.47780e+01
1.680549131e+01  3.8626095e+00         -inf  6.89329e+05  3.86261e+00  2.06886e+01
1.687271328e+01  2.1352253e+00         -inf  6.89329e+05  2.13523e+00  1.96556e+01
1.694020413e+01  1.5638789e+00         -inf  6.89329e+05  1.56388e+00  1.97485e+01
1.700796495e+01  1.8155348e-01         -inf  6.89329e+05  1.81553e-01  1.88998e+01
1.707599681e+01 -3.1435964e+00         -inf  6.89329e+05 -3.14360e+00  1.76405e+01
1.714430079e+01 -3.5688378e+00         -inf  6.89329e+05 -3.56884e+00  1.75997e+01
1.721287800e+01 -5.0648284e+00         -inf  6.89329e+05 -5.06483e+00  1.70324e+01
1.728172951e+01 -6.5329019e+00         -inf  6.89329e+05 -6.53290e+00  1.67387e+01
1.735085643e+01 -6.8222034e+00         -inf  6.89329e+05 -6.82220e+00  1.68020e+01
1.742025985e+01 -9.3139103e+00         -inf  6.89329e+05 -9.31391e+00  1.60853e+01
1.748994089e+01 -9.0459856e+00         -inf  6.89329e+05 -9.04599e+00  1.61824e+01
1.755990065e+01 -1.0255793e+01         -inf  6.89329e+05 -1.02558e+01  1.59486e+01
1.763014026e+01 -1.1146163e+01         -inf  6.89329e+05 -1.11462e+01  1.56598e+01
1.770066082e+01 -1.1612116e+01         -inf  6.89329e+05 -1.16121e+01  1.56016e+01
1.777146346e+01 -1.2113440e+01         -inf  6.89329e+05 -1.21134e+01  1.55443e+01
1.784254932e+01 -1.2934882e+01         -inf  6.89329e+05 -1.29349e+01  1.53642e+01
1.791391951e+01 -1.3114801e+01         -inf  6.89329e+05 -1.31148e+01  1.53051e+01
1.798557519e+01 -1.3542495e+01         -inf  6.89329e+05 -1.35425e+01  1.52461e+01
1.805751749e+01 -1.3951453e+01         -inf  6.89329e+05 -1.39515e+01  1.51725e+01
1.812974756e+01 -1.4089855e+01         -inf  6.89329e+05 -1.40899e+01  1.52029e+01
1.820226655e+01 -1.4527705e+01         -inf  6.89329e+05 -1.45277e+01  1.51132e+01
1.827507562e+01 -1.4118439e+01         -inf  6.89329e+05 -1.41184e+01  1.52365e+01
1.834817592e+01 -1.0140900e+01         -inf  6.89329e+05 -1.01409e+01  1.65887e+01
1.842156862e+01 -1.5149504e+01         -inf  6.89329e+05 -1.51495e+01  1.50769e+01
1.849525490e+01 -1.5431326e+01         -inf  6.89329e+05 -1.54313e+01  1.50778e+01
1.856923592e+01 -1.5412666e+01         -inf  6.89329e+05 -1.54127e+01  1.51418e+01
1.864351286e+01 -1.5559756e+01         -inf  6.89329e+05 -1.55598e+01  1.51522e+01
1.871808691e+01 -1.5716277e+01         -inf  6.89329e+05 -1.57163e+01  1.51638e+01
1.879295926e+01 -1.5908963e+01         -inf  6.89329e+05 -1.59090e+01  1.51422e+01
1.886813110e+01 -1.6260566e+01         -inf  6.89329e+05 -1.62606e+01  1.50963e+01
1.894360362e+01 -1.6238308e+01         -inf  6.89329e+05 -1.62383e+01  1.51533e+01
1.901937804e+01 -1.6554519e+01         -inf  6.89329e+05 -1.65545e+01  1.51180e+01
1.909545555e+01 -1.6829244e+01         -inf  6.89329e+05 -1.68292e+01  1.50844e+01
1.917183737e+01 -1.6953085e+01         -inf  6.89329e+05 -1.69531e+01  1.51078e+01
1.924852472e+01 -1.7259627e+01         -inf  6.89329e+05 -1.72596e+01  1.50736e+01
1.932551882e+01 -1.7395772e+01         -inf  6.89329e+05 -1.73958e+01  1.50831e+01
1.940282089e+01 -1.7617607e+01         -inf  6.89329e+05 -1.76176e+01  1.50728e+01
1.948043218e+01 -1.7819908e+01         -inf  6.89329e+05 -1.78199e+01  1.50675e+01
1.955835391e+01 -1.7979223e+01         -inf  6.89329e+05 -1.79792e+01  1.50703e+01
1.963658732e+01 -1.8120011e+01         -inf  6.89329e+05 -1.81200e+01  1.50741e+01
1.971513367e+01 -1.8321658e+01         -inf  6.89329e+05 -1.83217e+01  1.50708e+01
1.979399421e+01 -1.8511990e+01         -inf  6.89329e+05 -1.85120e+01  1.50676e+01
1.987317018e+01 -1.8677965e+01         -inf  6.89329e+05 -1.86780e+01  1.50686e+01
1.995266286e+01 -1.8841050e+01         -inf  6.89329e+05 -1.88411e+01  1.50700e+01
