# WARNING | GENERATOR | Too many electrons per pixel (up to 9.04e+13) detected in the 1.54-19.95 um spectral range. Reduce exposure time per frame to less than 0.000 seconds.
# ------------------------------------------------------------------------
# Radiance spectrum
# NASA-GSFC Planetary Spectrum Generator (PSG) (Villanueva et al. 2018, 2022)
# Synthesized on Tue Oct  6 07:34:36 2026
# Doppler velocities [km/s] (vobs,vrot+vorb,vwidth,vrfl,vstr): 29.00000,-0.00000,0.00000,0.00000,-0.00000
# ------------------------------------------------------------------------
# Spectra synthesized with the Planetary and Universal Model of Atmospheric Scattering (PUMAS, Villanueva et al. 2018, 2022)
# Single scattering radiative transfer method
# Radiative transfer took 6.042 seconds
# ------------------------------------------------------------------------
# Spectral unit: Wavelength [um]
# Radiance unit: Contrast [transit atmospheric thickness, km]
# Wave/freq Total Noise Stellar Earth Transit
2.000000000e-01  5.1877311e+01         -inf  6.89329e+05  5.18773e+01  5.18773e+01
2.008000000e-01  5.1514841e+01         -inf  6.89329e+05  5.15148e+01  5.15148e+01
2.016032000e-01  5.1375048e+01         -inf  6.89329e+05  5.13750e+01  5.13750e+01
2.024096128e-01  5.1364120e+01         -inf  6.89329e+05  5.13641e+01  5.13641e+01
2.032192513e-01  5.1314005e+01         -inf  6.89329e+05  5.13140e+01  5.13140e+01
2.040321283e-01  5.1236758e+01         -inf  6.89329e+05  5.12368e+01  5.12368e+01
2.048482568e-01  5.1202091e+01         -inf  6.89329e+05  5.12021e+01  5.12021e+01
2.056676498e-01  5.1208120e+01         -inf  6.89329e+05  5.12081e+01  5.12081e+01
2.064903204e-01  5.1240150e+01         -inf  6.89329e+05  5.12401e+01  5.12401e+01
2.073162817e-01  5.1274440e+01         -inf  6.89329e+05  5.12744e+01  5.12744e+01
2.081455468e-01  5.1320411e+01         -inf  6.89329e+05  5.13204e+01  5.13204e+01
2.089781290e-01  5.1354700e+01         -inf  6.89329e+05  5.13547e+01  5.13547e+01
2.098140415e-01  5.1427801e+01         -inf  6.89329e+05  5.14278e+01  5.14278e+01
2.106532977e-01  5.1476408e+01         -inf  6.89329e+05  5.14764e+01  5.14764e+01
2.114959109e-01  5.1498262e+01         -inf  6.89329e+05  5.14983e+01  5.14983e+01
2.123418945e-01  5.1661791e+01         -inf  6.89329e+05  5.16618e+01  5.16618e+01
2.131912621e-01  5.1889745e+01         -inf  6.89329e+05  5.18897e+01  5.18897e+01
2.140440271e-01  5.1881833e+01         -inf  6.89329e+05  5.18818e+01  5.18818e+01
2.149002032e-01  5.2101490e+01         -inf  6.89329e+05  5.21015e+01  5.21015e+01
2.157598041e-01  5.2334325e+01         -inf  6.89329e+05  5.23343e+01  5.23343e+01
2.166228433e-01  5.2554344e+01         -inf  6.89329e+05  5.25543e+01  5.25543e+01
2.174893346e-01  5.2809013e+01         -inf  6.89329e+05  5.28090e+01  5.28090e+01
2.183592920e-01  5.3029769e+01         -inf  6.89329e+05  5.30298e+01  5.30298e+01
2.192327292e-01  5.3267845e+01         -inf  6.89329e+05  5.32678e+01  5.32678e+01
2.201096601e-01  5.3507795e+01         -inf  6.89329e+05  5.35078e+01  5.35078e+01
2.209900987e-01  5.3748867e+01         -inf  6.89329e+05  5.37489e+01  5.37489e+01
2.218740591e-01  5.3990682e+01         -inf  6.89329e+05  5.39907e+01  5.39907e+01
2.227615553e-01  5.4219683e+01         -inf  6.89329e+05  5.42197e+01  5.42197e+01
2.236526016e-01  5.4449429e+01         -inf  6.89329e+05  5.44494e+01  5.44494e+01
2.245472120e-01  5.4684063e+01         -inf  6.89329e+05  5.46841e+01  5.46841e+01
2.254454008e-01  5.4888184e+01         -inf  6.89329e+05  5.48882e+01  5.48882e+01
2.263471824e-01  5.5119036e+01         -inf  6.89329e+05  5.51190e+01  5.51190e+01
2.272525711e-01  5.5325779e+01         -inf  6.89329e+05  5.53258e+01  5.53258e+01
2.281615814e-01  5.5536281e+01         -inf  6.89329e+05  5.55363e+01  5.55363e+01
2.290742278e-01  5.5750165e+01         -inf  6.89329e+05  5.57502e+01  5.57502e+01
2.299905247e-01  5.5930153e+01         -inf  6.89329e+05  5.59302e+01  5.59302e+01
2.309104868e-01  5.6141012e+01         -inf  6.89329e+05  5.61410e+01  5.61410e+01
2.318341287e-01  5.6316847e+01         -inf  6.89329e+05  5.63168e+01  5.63168e+01
2.327614652e-01  5.6509997e+01         -inf  6.89329e+05  5.65100e+01  5.65100e+01
2.336925111e-01  5.6668504e+01         -inf  6.89329e+05  5.66685e+01  5.66685e+01
2.346272811e-01  5.6852608e+01         -inf  6.89329e+05  5.68526e+01  5.68526e+01
2.355657903e-01  5.6996424e+01         -inf  6.89329e+05  5.69964e+01  5.69964e+01
2.365080534e-01  5.7150778e+01         -inf  6.89329e+05  5.71508e+01  5.71508e+01
2.374540856e-01  5.7301740e+01         -inf  6.89329e+05  5.73017e+01  5.73017e+01
2.384039020e-01  5.7432746e+01         -inf  6.89329e+05  5.74327e+01  5.74327e+01
2.393575176e-01  5.7560738e+01         -inf  6.89329e+05  5.75607e+01  5.75607e+01
2.403149477e-01  5.7692869e+01         -inf  6.89329e+05  5.76929e+01  5.76929e+01
2.412762074e-01  5.7794129e+01         -inf  6.89329e+05  5.77941e+01  5.77941e+01
2.422413123e-01  5.7901787e+01         -inf  6.89329e+05  5.79018e+01  5.79018e+01
2.432102775e-01  5.8033158e+01         -inf  6.89329e+05  5.80332e+01  5.80332e+01
2.441831186e-01  5.8109570e+01         -inf  6.89329e+05  5.81096e+01  5.81096e+01
2.451598511e-01  5.8201037e+01         -inf  6.89329e+05  5.82010e+01  5.82010e+01
2.461404905e-01  5.8265403e+01         -inf  6.89329e+05  5.82654e+01  5.82654e+01
2.471250525e-01  5.8338048e+01         -inf  6.89329e+05  5.83380e+01  5.83380e+01
2.481135527e-01  5.8361385e+01         -inf  6.89329e+05  5.83614e+01  5.83614e+01
2.491060069e-01  5.8470539e+01         -inf  6.89329e+05  5.84705e+01  5.84705e+01
2.501024309e-01  5.8476937e+01         -inf  6.89329e+05  5.84769e+01  5.84769e+01
2.511028406e-01  5.8464140e+01         -inf  6.89329e+05  5.84641e+01  5.84641e+01
2.521072520e-01  5.8569152e+01         -inf  6.89329e+05  5.85692e+01  5.85692e+01
2.531156810e-01  5.8525868e+01         -inf  6.89329e+05  5.85259e+01  5.85259e+01
2.541281437e-01  5.8530761e+01         -inf  6.89329e+05  5.85308e+01  5.85308e+01
2.551446563e-01  5.8561625e+01         -inf  6.89329e+05  5.85616e+01  5.85616e+01
2.561652349e-01  5.8527373e+01         -inf  6.89329e+05  5.85274e+01  5.85274e+01
2.571898959e-01  5.8468657e+01         -inf  6.89329e+05  5.84687e+01  5.84687e+01
2.582186555e-01  5.8481078e+01         -inf  6.89329e+05  5.84811e+01  5.84811e+01
2.592515301e-01  5.8433276e+01         -inf  6.89329e+05  5.84333e+01  5.84333e+01
2.602885362e-01  5.8373053e+01         -inf  6.89329e+05  5.83731e+01  5.83731e+01
2.613296904e-01  5.8306054e+01         -inf  6.89329e+05  5.83061e+01  5.83061e+01
2.623750091e-01  5.8249970e+01         -inf  6.89329e+05  5.82500e+01  5.82500e+01
2.634245092e-01  5.8106182e+01         -inf  6.89329e+05  5.81062e+01  5.81062e+01
2.644782072e-01  5.8101665e+01         -inf  6.89329e+05  5.81017e+01  5.81017e+01
2.655361200e-01  5.7950346e+01         -inf  6.89329e+05  5.79503e+01  5.79503e+01
2.665982645e-01  5.7820856e+01         -inf  6.89329e+05  5.78209e+01  5.78209e+01
2.676646576e-01  5.7713573e+01         -inf  6.89329e+05  5.77136e+01  5.77136e+01
2.687353162e-01  5.7502013e+01         -inf  6.89329e+05  5.75020e+01  5.75020e+01
2.698102574e-01  5.7437263e+01         -inf  6.89329e+05  5.74373e+01  5.74373e+01
2.708894985e-01  5.7188424e+01         -inf  6.89329e+05  5.71884e+01  5.71884e+01
2.719730565e-01  5.7052519e+01         -inf  6.89329e+05  5.70525e+01  5.70525e+01
2.730609487e-01  5.6852608e+01         -inf  6.89329e+05  5.68526e+01  5.68526e+01
2.741531925e-01  5.6555178e+01         -inf  6.89329e+05  5.65552e+01  5.65552e+01
2.752498053e-01  5.6394033e+01         -inf  6.89329e+05  5.63940e+01  5.63940e+01
2.763508045e-01  5.6128586e+01         -inf  6.89329e+05  5.61286e+01  5.61286e+01
2.774562077e-01  5.5869530e+01         -inf  6.89329e+05  5.58695e+01  5.58695e+01
2.785660325e-01  5.5578456e+01         -inf  6.89329e+05  5.55785e+01  5.55785e+01
2.796802967e-01  5.5302055e+01         -inf  6.89329e+05  5.53021e+01  5.53021e+01
2.807990178e-01  5.4930363e+01         -inf  6.89329e+05  5.49304e+01  5.49304e+01
2.819222139e-01  5.4564299e+01         -inf  6.89329e+05  5.45643e+01  5.45643e+01
2.830499028e-01  5.4286348e+01         -inf  6.89329e+05  5.42863e+01  5.42863e+01
2.841821024e-01  5.3858476e+01         -inf  6.89329e+05  5.38585e+01  5.38585e+01
2.853188308e-01  5.3446396e+01         -inf  6.89329e+05  5.34464e+01  5.34464e+01
2.864601061e-01  5.3077611e+01         -inf  6.89329e+05  5.30776e+01  5.30776e+01
2.876059465e-01  5.2598045e+01         -inf  6.89329e+05  5.25980e+01  5.25980e+01
2.887563703e-01  5.2087549e+01         -inf  6.89329e+05  5.20875e+01  5.20875e+01
2.899113958e-01  5.1606780e+01         -inf  6.89329e+05  5.16068e+01  5.16068e+01
2.910710414e-01  5.1147076e+01         -inf  6.89329e+05  5.11471e+01  5.11471e+01
2.922353256e-01  5.0566370e+01         -inf  6.89329e+05  5.05664e+01  5.05664e+01
2.934042669e-01  5.0039884e+01         -inf  6.89329e+05  5.00399e+01  5.00399e+01
2.945778839e-01  4.9502047e+01         -inf  6.89329e+05  4.95020e+01  4.95020e+01
2.957561955e-01  4.8867288e+01         -inf  6.89329e+05  4.88673e+01  4.88673e+01
2.969392202e-01  4.8299194e+01         -inf  6.89329e+05  4.82992e+01  4.82992e+01
2.981269771e-01  4.7682790e+01         -inf  6.89329e+05  4.76828e+01  4.76828e+01
2.993194850e-01  4.7118362e+01         -inf  6.89329e+05  4.71184e+01  4.71184e+01
3.005167630e-01  4.6523716e+01         -inf  6.89329e+05  4.65237e+01  4.65237e+01
3.017188300e-01  4.5893566e+01         -inf  6.89329e+05  4.58936e+01  4.58936e+01
3.029257054e-01  4.5273914e+01         -inf  6.89329e+05  4.52739e+01  4.52739e+01
3.041374082e-01  4.4746993e+01         -inf  6.89329e+05  4.47470e+01  4.47470e+01
3.053539578e-01  4.4005384e+01         -inf  6.89329e+05  4.40054e+01  4.40054e+01
3.065753736e-01  4.3530044e+01         -inf  6.89329e+05  4.35300e+01  4.35300e+01
3.078016751e-01  4.2735470e+01         -inf  6.89329e+05  4.27355e+01  4.27355e+01
3.090328818e-01  4.2254000e+01         -inf  6.89329e+05  4.22540e+01  4.22540e+01
3.102690134e-01  4.1452852e+01         -inf  6.89329e+05  4.14529e+01  4.14529e+01
3.115100894e-01  4.0986381e+01         -inf  6.89329e+05  4.09864e+01  4.09864e+01
3.127561298e-01  4.0134117e+01         -inf  6.89329e+05  4.01341e+01  4.01341e+01
3.140071543e-01  3.9728327e+01         -inf  6.89329e+05  3.97283e+01  3.97283e+01
3.152631829e-01  3.8977831e+01         -inf  6.89329e+05  3.89778e+01  3.89778e+01
3.165242356e-01  3.8200061e+01         -inf  6.89329e+05  3.82001e+01  3.82001e+01
3.177903326e-01  3.7946699e+01         -inf  6.89329e+05  3.79467e+01  3.79467e+01
3.190614939e-01  3.6812565e+01         -inf  6.89329e+05  3.68126e+01  3.68126e+01
3.203377399e-01  3.6774270e+01         -inf  6.89329e+05  3.67743e+01  3.67743e+01
3.216190908e-01  3.5669240e+01         -inf  6.89329e+05  3.56692e+01  3.56692e+01
3.229055672e-01  3.5800387e+01         -inf  6.89329e+05  3.58004e+01  3.58004e+01
3.241971895e-01  3.4371114e+01         -inf  6.89329e+05  3.43711e+01  3.43711e+01
3.254939782e-01  3.4965641e+01         -inf  6.89329e+05  3.49656e+01  3.49656e+01
3.267959541e-01  3.3541775e+01         -inf  6.89329e+05  3.35418e+01  3.35418e+01
3.281031380e-01  3.4103999e+01         -inf  6.89329e+05  3.41040e+01  3.41040e+01
3.294155505e-01  3.2701595e+01         -inf  6.89329e+05  3.27016e+01  3.27016e+01
3.307332127e-01  3.3255656e+01         -inf  6.89329e+05  3.32557e+01  3.32557e+01
3.320561456e-01  3.2477720e+01         -inf  6.89329e+05  3.24777e+01  3.24777e+01
3.333843702e-01  3.2375530e+01         -inf  6.89329e+05  3.23755e+01  3.23755e+01
3.347179076e-01  3.2032441e+01         -inf  6.89329e+05  3.20324e+01  3.20324e+01
3.360567793e-01  3.1590873e+01         -inf  6.89329e+05  3.15909e+01  3.15909e+01
3.374010064e-01  3.1911309e+01         -inf  6.89329e+05  3.19113e+01  3.19113e+01
3.387506104e-01  3.1267322e+01         -inf  6.89329e+05  3.12673e+01  3.12673e+01
3.401056128e-01  3.1301303e+01         -inf  6.89329e+05  3.13013e+01  3.13013e+01
3.414660353e-01  3.0965944e+01         -inf  6.89329e+05  3.09659e+01  3.09659e+01
3.428318994e-01  3.0801849e+01         -inf  6.89329e+05  3.08018e+01  3.08018e+01
3.442032270e-01  3.0912644e+01         -inf  6.89329e+05  3.09126e+01  3.09126e+01
3.455800399e-01  3.0590307e+01         -inf  6.89329e+05  3.05903e+01  3.05903e+01
3.469623601e-01  3.0468618e+01         -inf  6.89329e+05  3.04686e+01  3.04686e+01
3.483502095e-01  3.0328402e+01         -inf  6.89329e+05  3.03284e+01  3.03284e+01
3.497436104e-01  3.0195215e+01         -inf  6.89329e+05  3.01952e+01  3.01952e+01
3.511425848e-01  3.0142552e+01         -inf  6.89329e+05  3.01426e+01  3.01426e+01
3.525471552e-01  3.0021006e+01         -inf  6.89329e+05  3.00210e+01  3.00210e+01
3.539573438e-01  2.9873106e+01         -inf  6.89329e+05  2.98731e+01  2.98731e+01
3.553731732e-01  2.9772046e+01         -inf  6.89329e+05  2.97720e+01  2.97720e+01
3.567946659e-01  2.9662592e+01         -inf  6.89329e+05  2.96626e+01  2.96626e+01
3.582218445e-01  2.9555706e+01         -inf  6.89329e+05  2.95557e+01  2.95557e+01
3.596547319e-01  2.9465644e+01         -inf  6.89329e+05  2.94656e+01  2.94656e+01
3.610933508e-01  2.9353084e+01         -inf  6.89329e+05  2.93531e+01  2.93531e+01
3.625377242e-01  2.9244303e+01         -inf  6.89329e+05  2.92443e+01  2.92443e+01
3.639878751e-01  2.9142175e+01         -inf  6.89329e+05  2.91422e+01  2.91422e+01
3.654438266e-01  2.9041747e+01         -inf  6.89329e+05  2.90417e+01  2.90417e+01
3.669056019e-01  2.8937649e+01         -inf  6.89329e+05  2.89376e+01  2.89376e+01
3.683732243e-01  2.8837218e+01         -inf  6.89329e+05  2.88372e+01  2.88372e+01
3.698467172e-01  2.8734818e+01         -inf  6.89329e+05  2.87348e+01  2.87348e+01
3.713261041e-01  2.8632379e+01         -inf  6.89329e+05  2.86324e+01  2.86324e+01
3.728114085e-01  2.8530922e+01         -inf  6.89329e+05  2.85309e+01  2.85309e+01
3.743026542e-01  2.8430409e+01         -inf  6.89329e+05  2.84304e+01  2.84304e+01
3.757998648e-01  2.8329099e+01         -inf  6.89329e+05  2.83291e+01  2.83291e+01
3.773030642e-01  2.8228242e+01         -inf  6.89329e+05  2.82282e+01  2.82282e+01
3.788122765e-01  2.8127460e+01         -inf  6.89329e+05  2.81275e+01  2.81275e+01
3.803275256e-01  2.8027129e+01         -inf  6.89329e+05  2.80271e+01  2.80271e+01
3.818488357e-01  2.7927099e+01         -inf  6.89329e+05  2.79271e+01  2.79271e+01
3.833762310e-01  2.7827030e+01         -inf  6.89329e+05  2.78270e+01  2.78270e+01
3.849097360e-01  2.7726846e+01         -inf  6.89329e+05  2.77268e+01  2.77268e+01
3.864493749e-01  2.7627114e+01         -inf  6.89329e+05  2.76271e+01  2.76271e+01
3.879951724e-01  2.7527834e+01         -inf  6.89329e+05  2.75278e+01  2.75278e+01
3.895471531e-01  2.7428629e+01         -inf  6.89329e+05  2.74286e+01  2.74286e+01
3.911053417e-01  2.7329308e+01         -inf  6.89329e+05  2.73293e+01  2.73293e+01
3.926697631e-01  2.7230478e+01         -inf  6.89329e+05  2.72305e+01  2.72305e+01
3.942404421e-01  2.7132781e+01         -inf  6.89329e+05  2.71328e+01  2.71328e+01
3.958174039e-01  2.7034818e+01         -inf  6.89329e+05  2.70348e+01  2.70348e+01
3.974006735e-01  2.6935567e+01         -inf  6.89329e+05  2.69356e+01  2.69356e+01
3.989902762e-01  2.6836995e+01         -inf  6.89329e+05  2.68370e+01  2.68370e+01
4.005862373e-01  2.6739973e+01         -inf  6.89329e+05  2.67400e+01  2.67400e+01
4.021885823e-01  2.6643592e+01         -inf  6.89329e+05  2.66436e+01  2.66436e+01
4.037973366e-01  2.6545735e+01         -inf  6.89329e+05  2.65457e+01  2.65457e+01
4.054125259e-01  2.6447914e+01         -inf  6.89329e+05  2.64479e+01  2.64479e+01
4.070341760e-01  2.6353685e+01         -inf  6.89329e+05  2.63537e+01  2.63537e+01
4.086623127e-01  2.6261800e+01         -inf  6.89329e+05  2.62618e+01  2.62618e+01
4.102969620e-01  2.6166849e+01         -inf  6.89329e+05  2.61668e+01  2.61668e+01
4.119381498e-01  2.6068379e+01         -inf  6.89329e+05  2.60684e+01  2.60684e+01
4.135859024e-01  2.5970248e+01         -inf  6.89329e+05  2.59702e+01  2.59702e+01
4.152402460e-01  2.5877715e+01         -inf  6.89329e+05  2.58777e+01  2.58777e+01
4.169012070e-01  2.5787601e+01         -inf  6.89329e+05  2.57876e+01  2.57876e+01
4.185688119e-01  2.5692908e+01         -inf  6.89329e+05  2.56929e+01  2.56929e+01
4.202430871e-01  2.5597155e+01         -inf  6.89329e+05  2.55972e+01  2.55972e+01
4.219240595e-01  2.5509610e+01         -inf  6.89329e+05  2.55096e+01  2.55096e+01
4.236117557e-01  2.5429668e+01         -inf  6.89329e+05  2.54297e+01  2.54297e+01
4.253062027e-01  2.5347153e+01         -inf  6.89329e+05  2.53472e+01  2.53472e+01
4.270074275e-01  2.5251697e+01         -inf  6.89329e+05  2.52517e+01  2.52517e+01
4.287154572e-01  2.5150186e+01         -inf  6.89329e+05  2.51502e+01  2.51502e+01
4.304303191e-01  2.5058700e+01         -inf  6.89329e+05  2.50587e+01  2.50587e+01
4.321520403e-01  2.4981402e+01         -inf  6.89329e+05  2.49814e+01  2.49814e+01
4.338806485e-01  2.4896951e+01         -inf  6.89329e+05  2.48970e+01  2.48970e+01
4.356161711e-01  2.4801450e+01         -inf  6.89329e+05  2.48015e+01  2.48015e+01
4.373586358e-01  2.4717413e+01         -inf  6.89329e+05  2.47174e+01  2.47174e+01
4.391080703e-01  2.4656986e+01         -inf  6.89329e+05  2.46570e+01  2.46570e+01
4.408645026e-01  2.4603483e+01         -inf  6.89329e+05  2.46035e+01  2.46035e+01
4.426279606e-01  2.4537644e+01         -inf  6.89329e+05  2.45376e+01  2.45376e+01
4.443984725e-01  2.4438544e+01         -inf  6.89329e+05  2.44385e+01  2.44385e+01
4.461760664e-01  2.4326765e+01         -inf  6.89329e+05  2.43268e+01  2.43268e+01
4.479607706e-01  2.4241511e+01         -inf  6.89329e+05  2.42415e+01  2.42415e+01
4.497526137e-01  2.4186264e+01         -inf  6.89329e+05  2.41863e+01  2.41863e+01
4.515516242e-01  2.4114971e+01         -inf  6.89329e+05  2.41150e+01  2.41150e+01
4.533578307e-01  2.4022070e+01         -inf  6.89329e+05  2.40221e+01  2.40221e+01
4.551712620e-01  2.3950776e+01         -inf  6.89329e+05  2.39508e+01  2.39508e+01
4.569919470e-01  2.3923756e+01         -inf  6.89329e+05  2.39238e+01  2.39238e+01
4.588199148e-01  2.3921221e+01         -inf  6.89329e+05  2.39212e+01  2.39212e+01
4.606551945e-01  2.3911230e+01         -inf  6.89329e+05  2.39112e+01  2.39112e+01
4.624978152e-01  2.3840767e+01         -inf  6.89329e+05  2.38408e+01  2.38408e+01
4.643478065e-01  2.3708543e+01         -inf  6.89329e+05  2.37085e+01  2.37085e+01
4.662051977e-01  2.3592210e+01         -inf  6.89329e+05  2.35922e+01  2.35922e+01
4.680700185e-01  2.3546948e+01         -inf  6.89329e+05  2.35469e+01  2.35469e+01
4.699422986e-01  2.3518981e+01         -inf  6.89329e+05  2.35190e+01  2.35190e+01
4.718220678e-01  2.3446394e+01         -inf  6.89329e+05  2.34464e+01  2.34464e+01
4.737093561e-01  2.3374904e+01         -inf  6.89329e+05  2.33749e+01  2.33749e+01
4.756041935e-01  2.3363324e+01         -inf  6.89329e+05  2.33633e+01  2.33633e+01
4.775066103e-01  2.3417821e+01         -inf  6.89329e+05  2.34178e+01  2.34178e+01
4.794166367e-01  2.3504146e+01         -inf  6.89329e+05  2.35041e+01  2.35041e+01
4.813343033e-01  2.3565984e+01         -inf  6.89329e+05  2.35660e+01  2.35660e+01
4.832596405e-01  2.3515575e+01         -inf  6.89329e+05  2.35156e+01  2.35156e+01
4.851926790e-01  2.3371271e+01         -inf  6.89329e+05  2.33713e+01  2.33713e+01
4.871334497e-01  2.3241611e+01         -inf  6.89329e+05  2.32416e+01  2.32416e+01
4.890819835e-01  2.3204635e+01         -inf  6.89329e+05  2.32046e+01  2.32046e+01
4.910383115e-01  2.3210766e+01         -inf  6.89329e+05  2.32108e+01  2.32108e+01
4.930024647e-01  2.3175909e+01         -inf  6.89329e+05  2.31759e+01  2.31759e+01
4.949744746e-01  2.3130114e+01         -inf  6.89329e+05  2.31301e+01  2.31301e+01
4.969543725e-01  2.3152974e+01         -inf  6.89329e+05  2.31530e+01  2.31530e+01
4.989421900e-01  2.3270336e+01         -inf  6.89329e+05  2.32703e+01  2.32703e+01
5.009379587e-01  2.3444389e+01         -inf  6.89329e+05  2.34444e+01  2.34444e+01
5.029417106e-01  2.3622372e+01         -inf  6.89329e+05  2.36224e+01  2.36224e+01
5.049534774e-01  2.3714295e+01         -inf  6.89329e+05  2.37143e+01  2.37143e+01
5.069732913e-01  2.3666347e+01         -inf  6.89329e+05  2.36663e+01  2.36663e+01
5.090011845e-01  2.3532492e+01         -inf  6.89329e+05  2.35325e+01  2.35325e+01
5.110371892e-01  2.3430575e+01         -inf  6.89329e+05  2.34306e+01  2.34306e+01
5.130813380e-01  2.3421568e+01         -inf  6.89329e+05  2.34216e+01  2.34216e+01
5.151336633e-01  2.3461533e+01         -inf  6.89329e+05  2.34615e+01  2.34615e+01
5.171941980e-01  2.3489311e+01         -inf  6.89329e+05  2.34893e+01  2.34893e+01
5.192629748e-01  2.3513229e+01         -inf  6.89329e+05  2.35132e+01  2.35132e+01
5.213400267e-01  2.3574991e+01         -inf  6.89329e+05  2.35750e+01  2.35750e+01
5.234253868e-01  2.3701845e+01         -inf  6.89329e+05  2.37018e+01  2.37018e+01
5.255190883e-01  2.3881638e+01         -inf  6.89329e+05  2.38816e+01  2.38816e+01
5.276211647e-01  2.4079211e+01         -inf  6.89329e+05  2.40792e+01  2.40792e+01
5.297316493e-01  2.4255512e+01         -inf  6.89329e+05  2.42555e+01  2.42555e+01
5.318505759e-01  2.4370243e+01         -inf  6.89329e+05  2.43702e+01  2.43702e+01
5.339779782e-01  2.4394839e+01         -inf  6.89329e+05  2.43948e+01  2.43948e+01
5.361138902e-01  2.4345609e+01         -inf  6.89329e+05  2.43456e+01  2.43456e+01
5.382583457e-01  2.4310645e+01         -inf  6.89329e+05  2.43106e+01  2.43106e+01
5.404113791e-01  2.4356507e+01         -inf  6.89329e+05  2.43565e+01  2.43565e+01
5.425730246e-01  2.4456063e+01         -inf  6.89329e+05  2.44561e+01  2.44561e+01
5.447433167e-01  2.4546006e+01         -inf  6.89329e+05  2.45460e+01  2.45460e+01
5.469222900e-01  2.4598564e+01         -inf  6.89329e+05  2.45986e+01  2.45986e+01
5.491099791e-01  2.4629365e+01         -inf  6.89329e+05  2.46294e+01  2.46294e+01
5.513064191e-01  2.4660959e+01         -inf  6.89329e+05  2.46610e+01  2.46610e+01
5.535116447e-01  2.4709240e+01         -inf  6.89329e+05  2.47092e+01  2.47092e+01
5.557256913e-01  2.4790553e+01         -inf  6.89329e+05  2.47906e+01  2.47906e+01
5.579485941e-01  2.4925177e+01         -inf  6.89329e+05  2.49252e+01  2.49252e+01
5.601803884e-01  2.5105579e+01         -inf  6.89329e+05  2.51056e+01  2.51056e+01
5.624211100e-01  2.5287186e+01         -inf  6.89329e+05  2.52872e+01  2.52872e+01
5.646707944e-01  2.5427209e+01         -inf  6.89329e+05  2.54272e+01  2.54272e+01
5.669294776e-01  2.5529283e+01         -inf  6.89329e+05  2.55293e+01  2.55293e+01
5.691971955e-01  2.5621784e+01         -inf  6.89329e+05  2.56218e+01  2.56218e+01
5.714739843e-01  2.5709971e+01         -inf  6.89329e+05  2.57100e+01  2.57100e+01
5.737598803e-01  2.5750299e+01         -inf  6.89329e+05  2.57503e+01  2.57503e+01
5.760549198e-01  2.5704636e+01         -inf  6.89329e+05  2.57046e+01  2.57046e+01
5.783591395e-01  2.5597798e+01         -inf  6.89329e+05  2.55978e+01  2.55978e+01
5.806725760e-01  2.5467994e+01         -inf  6.89329e+05  2.54680e+01  2.54680e+01
5.829952663e-01  2.5349007e+01         -inf  6.89329e+05  2.53490e+01  2.53490e+01
5.853272474e-01  2.5262064e+01         -inf  6.89329e+05  2.52621e+01  2.52621e+01
5.876685564e-01  2.5215792e+01         -inf  6.89329e+05  2.52158e+01  2.52158e+01
5.900192306e-01  2.5219500e+01         -inf  6.89329e+05  2.52195e+01  2.52195e+01
5.923793075e-01  2.5297099e+01         -inf  6.89329e+05  2.52971e+01  2.52971e+01
5.947488247e-01  2.5453314e+01         -inf  6.89329e+05  2.54533e+01  2.54533e+01
5.971278200e-01  2.5634155e+01         -inf  6.89329e+05  2.56342e+01  2.56342e+01
5.995163313e-01  2.5777538e+01         -inf  6.89329e+05  2.57775e+01  2.57775e+01
6.019143966e-01  2.5830918e+01         -inf  6.89329e+05  2.58309e+01  2.58309e+01
6.043220542e-01  2.5776327e+01         -inf  6.89329e+05  2.57763e+01  2.57763e+01
6.067393425e-01  2.5629426e+01         -inf  6.89329e+05  2.56294e+01  2.56294e+01
6.091662998e-01  2.5419416e+01         -inf  6.89329e+05  2.54194e+01  2.54194e+01
6.116029650e-01  2.5186622e+01         -inf  6.89329e+05  2.51866e+01  2.51866e+01
6.140493769e-01  2.4959684e+01         -inf  6.89329e+05  2.49597e+01  2.49597e+01
6.165055744e-01  2.4752111e+01         -inf  6.89329e+05  2.47521e+01  2.47521e+01
6.189715967e-01  2.4568861e+01         -inf  6.89329e+05  2.45689e+01  2.45689e+01
6.214474831e-01  2.4408915e+01         -inf  6.89329e+05  2.44089e+01  2.44089e+01
6.239332730e-01  2.4257972e+01         -inf  6.89329e+05  2.42580e+01  2.42580e+01
6.264290061e-01  2.4099948e+01         -inf  6.89329e+05  2.40999e+01  2.40999e+01
6.289347221e-01  2.3996754e+01         -inf  6.89329e+05  2.39968e+01  2.39968e+01
6.314504610e-01  2.3759215e+01         -inf  6.89329e+05  2.37592e+01  2.37592e+01
6.339762629e-01  2.3552057e+01         -inf  6.89329e+05  2.35521e+01  2.35521e+01
6.365121679e-01  2.3338573e+01         -inf  6.89329e+05  2.33386e+01  2.33386e+01
6.390582166e-01  2.3113878e+01         -inf  6.89329e+05  2.31139e+01  2.31139e+01
6.416144494e-01  2.2884520e+01         -inf  6.89329e+05  2.28845e+01  2.28845e+01
6.441809072e-01  2.2679529e+01         -inf  6.89329e+05  2.26795e+01  2.26795e+01
6.467576309e-01  2.2486340e+01         -inf  6.89329e+05  2.24863e+01  2.24863e+01
6.493446614e-01  2.2300528e+01         -inf  6.89329e+05  2.23005e+01  2.23005e+01
6.519420400e-01  2.2126595e+01         -inf  6.89329e+05  2.21266e+01  2.21266e+01
6.545498082e-01  2.1942248e+01         -inf  6.89329e+05  2.19422e+01  2.19422e+01
6.571680074e-01  2.1754338e+01         -inf  6.89329e+05  2.17543e+01  2.17543e+01
6.597966795e-01  2.1572327e+01         -inf  6.89329e+05  2.15723e+01  2.15723e+01
6.624358662e-01  2.1396331e+01         -inf  6.89329e+05  2.13963e+01  2.13963e+01
6.650856096e-01  2.1204618e+01         -inf  6.89329e+05  2.12046e+01  2.12046e+01
6.677459521e-01  2.0994159e+01         -inf  6.89329e+05  2.09942e+01  2.09942e+01
6.704169359e-01  2.0784148e+01         -inf  6.89329e+05  2.07841e+01  2.07841e+01
6.730986036e-01  2.0582914e+01         -inf  6.89329e+05  2.05829e+01  2.05829e+01
6.757909981e-01  2.0395455e+01         -inf  6.89329e+05  2.03955e+01  2.03955e+01
6.784941620e-01  2.0216511e+01         -inf  6.89329e+05  2.02165e+01  2.02165e+01
6.812081387e-01  2.0065241e+01         -inf  6.89329e+05  2.00652e+01  2.00652e+01
6.839329712e-01  1.9944147e+01         -inf  6.89329e+05  1.99441e+01  1.99441e+01
6.866687031e-01  2.0215110e+01         -inf  6.89329e+05  2.02151e+01  2.02151e+01
6.894153779e-01  2.0079403e+01         -inf  6.89329e+05  2.00794e+01  2.00794e+01
6.921730395e-01  1.9597550e+01         -inf  6.89329e+05  1.95976e+01  1.95976e+01
6.949417316e-01  1.9272407e+01         -inf  6.89329e+05  1.92724e+01  1.92724e+01
6.977214985e-01  1.9097711e+01         -inf  6.89329e+05  1.90977e+01  1.90977e+01
7.005123845e-01  1.8947210e+01         -inf  6.89329e+05  1.89472e+01  1.89472e+01
7.033144341e-01  1.8825375e+01         -inf  6.89329e+05  1.88254e+01  1.88254e+01
7.061276918e-01  1.8726299e+01         -inf  6.89329e+05  1.87263e+01  1.87263e+01
7.089522026e-01  1.8639380e+01         -inf  6.89329e+05  1.86394e+01  1.86394e+01
7.117880114e-01  1.8566662e+01         -inf  6.89329e+05  1.85667e+01  1.85667e+01
7.146351634e-01  1.8523258e+01         -inf  6.89329e+05  1.85233e+01  1.85233e+01
7.174937041e-01  1.8446903e+01         -inf  6.89329e+05  1.84469e+01  1.84469e+01
7.203636789e-01  1.8294531e+01         -inf  6.89329e+05  1.82945e+01  1.82945e+01
7.232451336e-01  1.8151927e+01         -inf  6.89329e+05  1.81519e+01  1.81519e+01
7.261381142e-01  1.8048561e+01         -inf  6.89329e+05  1.80486e+01  1.80486e+01
7.290426666e-01  1.7936140e+01         -inf  6.89329e+05  1.79361e+01  1.79361e+01
7.319588373e-01  1.7842392e+01         -inf  6.89329e+05  1.78424e+01  1.78424e+01
7.348866726e-01  1.7786218e+01         -inf  6.89329e+05  1.77862e+01  1.77862e+01
7.378262193e-01  1.7748074e+01         -inf  6.89329e+05  1.77481e+01  1.77481e+01
7.407775242e-01  1.7723490e+01         -inf  6.89329e+05  1.77235e+01  1.77235e+01
7.437406343e-01  1.7733415e+01         -inf  6.89329e+05  1.77334e+01  1.77334e+01
7.467155968e-01  1.7752316e+01         -inf  6.89329e+05  1.77523e+01  1.77523e+01
7.497024592e-01  1.7688604e+01         -inf  6.89329e+05  1.76886e+01  1.76886e+01
7.527012690e-01  1.7522879e+01         -inf  6.89329e+05  1.75229e+01  1.75229e+01
7.557120741e-01  1.7371394e+01         -inf  6.89329e+05  1.73714e+01  1.73714e+01
7.587349224e-01  1.7909171e+01         -inf  6.89329e+05  1.79092e+01  1.79092e+01
7.617698621e-01  1.9582403e+01         -inf  6.89329e+05  1.95824e+01  1.95824e+01
7.648169416e-01  1.8431298e+01         -inf  6.89329e+05  1.84313e+01  1.84313e+01
7.678762093e-01  1.7401737e+01         -inf  6.89329e+05  1.74017e+01  1.74017e+01
7.709477142e-01  1.7128382e+01         -inf  6.89329e+05  1.71284e+01  1.71284e+01
7.740315050e-01  1.7156112e+01         -inf  6.89329e+05  1.71561e+01  1.71561e+01
7.771276310e-01  1.7226497e+01         -inf  6.89329e+05  1.72265e+01  1.72265e+01
7.802361416e-01  1.7229528e+01         -inf  6.89329e+05  1.72295e+01  1.72295e+01
7.833570861e-01  1.7116638e+01         -inf  6.89329e+05  1.71166e+01  1.71166e+01
7.864905145e-01  1.6978819e+01         -inf  6.89329e+05  1.69788e+01  1.69788e+01
7.896364765e-01  1.6881420e+01         -inf  6.89329e+05  1.68814e+01  1.68814e+01
7.927950224e-01  1.6800954e+01         -inf  6.89329e+05  1.68010e+01  1.68010e+01
7.959662025e-01  1.6733670e+01         -inf  6.89329e+05  1.67337e+01  1.67337e+01
7.991500673e-01  1.6689231e+01         -inf  6.89329e+05  1.66892e+01  1.66892e+01
8.023466676e-01  1.6656763e+01         -inf  6.89329e+05  1.66568e+01  1.66568e+01
8.055560543e-01  1.6646989e+01         -inf  6.89329e+05  1.66470e+01  1.66470e+01
8.087782785e-01  1.6682412e+01         -inf  6.89329e+05  1.66824e+01  1.66824e+01
8.120133916e-01  1.6740755e+01         -inf  6.89329e+05  1.67408e+01  1.67408e+01
8.152614452e-01  1.6787467e+01         -inf  6.89329e+05  1.67875e+01  1.67875e+01
8.185224910e-01  1.6765418e+01         -inf  6.89329e+05  1.67654e+01  1.67654e+01
8.217965809e-01  1.6655134e+01         -inf  6.89329e+05  1.66551e+01  1.66551e+01
8.250837672e-01  1.6514161e+01         -inf  6.89329e+05  1.65142e+01  1.65142e+01
8.283841023e-01  1.6408950e+01         -inf  6.89329e+05  1.64089e+01  1.64089e+01
8.316976387e-01  1.6341170e+01         -inf  6.89329e+05  1.63412e+01  1.63412e+01
8.350244293e-01  1.6301274e+01         -inf  6.89329e+05  1.63013e+01  1.63013e+01
8.383645270e-01  1.6279943e+01         -inf  6.89329e+05  1.62799e+01  1.62799e+01
8.417179851e-01  1.6271002e+01         -inf  6.89329e+05  1.62710e+01  1.62710e+01
8.450848570e-01  1.6278579e+01         -inf  6.89329e+05  1.62786e+01  1.62786e+01
8.484651965e-01  1.6315937e+01         -inf  6.89329e+05  1.63159e+01  1.63159e+01
8.518590573e-01  1.6397318e+01         -inf  6.89329e+05  1.63973e+01  1.63973e+01
8.552664935e-01  1.6400198e+01         -inf  6.89329e+05  1.64002e+01  1.64002e+01
8.586875595e-01  1.6324651e+01         -inf  6.89329e+05  1.63247e+01  1.63247e+01
8.621223097e-01  1.6228719e+01         -inf  6.89329e+05  1.62287e+01  1.62287e+01
8.655707989e-01  1.6143130e+01         -inf  6.89329e+05  1.61431e+01  1.61431e+01
8.690330821e-01  1.6084440e+01         -inf  6.89329e+05  1.60844e+01  1.60844e+01
8.725092145e-01  1.6041966e+01         -inf  6.89329e+05  1.60420e+01  1.60420e+01
8.759992513e-01  1.6017604e+01         -inf  6.89329e+05  1.60176e+01  1.60176e+01
8.795032483e-01  1.6007639e+01         -inf  6.89329e+05  1.60076e+01  1.60076e+01
8.830212613e-01  1.6010443e+01         -inf  6.89329e+05  1.60104e+01  1.60104e+01
8.865533464e-01  1.6015406e+01         -inf  6.89329e+05  1.60154e+01  1.60154e+01
8.900995597e-01  1.6007449e+01         -inf  6.89329e+05  1.60074e+01  1.60074e+01
8.936599580e-01  1.5991801e+01         -inf  6.89329e+05  1.59918e+01  1.59918e+01
8.972345978e-01  1.6010594e+01         -inf  6.89329e+05  1.60106e+01  1.60106e+01
9.008235362e-01  1.5988012e+01         -inf  6.89329e+05  1.59880e+01  1.59880e+01
9.044268304e-01  1.5933678e+01         -inf  6.89329e+05  1.59337e+01  1.59337e+01
9.080445377e-01  1.5884801e+01         -inf  6.89329e+05  1.58848e+01  1.58848e+01
9.116767158e-01  1.5848464e+01         -inf  6.89329e+05  1.58485e+01  1.58485e+01
9.153234227e-01  1.5822433e+01         -inf  6.89329e+05  1.58224e+01  1.58224e+01
9.189847164e-01  1.5803943e+01         -inf  6.89329e+05  1.58039e+01  1.58039e+01
9.226606552e-01  1.5790833e+01         -inf  6.89329e+05  1.57908e+01  1.57908e+01
9.263512979e-01  1.5780488e+01         -inf  6.89329e+05  1.57805e+01  1.57805e+01
9.300567031e-01  1.5771205e+01         -inf  6.89329e+05  1.57712e+01  1.57712e+01
9.337769299e-01  1.5758360e+01         -inf  6.89329e+05  1.57584e+01  1.57584e+01
9.375120376e-01  1.5762415e+01         -inf  6.89329e+05  1.57624e+01  1.57624e+01
9.412620857e-01  1.5790075e+01         -inf  6.89329e+05  1.57901e+01  1.57901e+01
9.450271341e-01  1.5802048e+01         -inf  6.89329e+05  1.58020e+01  1.58020e+01
9.488072426e-01  1.5751957e+01         -inf  6.89329e+05  1.57520e+01  1.57520e+01
9.526024716e-01  1.5707624e+01         -inf  6.89329e+05  1.57076e+01  1.57076e+01
9.564128815e-01  1.5687921e+01         -inf  6.89329e+05  1.56879e+01  1.56879e+01
9.602385330e-01  1.5667384e+01         -inf  6.89329e+05  1.56674e+01  1.56674e+01
9.640794871e-01  1.5652871e+01         -inf  6.89329e+05  1.56529e+01  1.56529e+01
9.679358051e-01  1.5638018e+01         -inf  6.89329e+05  1.56380e+01  1.56380e+01
9.718075483e-01  1.5622937e+01         -inf  6.89329e+05  1.56229e+01  1.56229e+01
9.756947785e-01  1.5610471e+01         -inf  6.89329e+05  1.56105e+01  1.56105e+01
9.795975576e-01  1.5600202e+01         -inf  6.89329e+05  1.56002e+01  1.56002e+01
9.835159478e-01  1.5593079e+01         -inf  6.89329e+05  1.55931e+01  1.55931e+01
9.874500116e-01  1.5597929e+01         -inf  6.89329e+05  1.55979e+01  1.55979e+01
9.913998117e-01  1.5639572e+01         -inf  6.89329e+05  1.56396e+01  1.56396e+01
9.953654109e-01  1.5611229e+01         -inf  6.89329e+05  1.56112e+01  1.56112e+01
9.993468726e-01  1.5570647e+01         -inf  6.89329e+05  1.55706e+01  1.55706e+01
1.003344260e+00  1.5550867e+01         -inf  6.89329e+05  1.55509e+01  1.55509e+01
1.007357637e+00  1.5537984e+01         -inf  6.89329e+05  1.55380e+01  1.55380e+01
1.011387068e+00  1.5527412e+01         -inf  6.89329e+05  1.55274e+01  1.55274e+01
1.015432616e+00  1.5517863e+01         -inf  6.89329e+05  1.55179e+01  1.55179e+01
1.019494346e+00  1.5508428e+01         -inf  6.89329e+05  1.55084e+01  1.55084e+01
1.023572324e+00  1.5499485e+01         -inf  6.89329e+05  1.54995e+01  1.54995e+01
1.027666613e+00  1.5490922e+01         -inf  6.89329e+05  1.54909e+01  1.54909e+01
1.031777280e+00  1.5482737e+01         -inf  6.89329e+05  1.54827e+01  1.54827e+01
1.035904389e+00  1.5478455e+01         -inf  6.89329e+05  1.54785e+01  1.54785e+01
1.040048006e+00  1.5475083e+01         -inf  6.89329e+05  1.54751e+01  1.54751e+01
1.044208198e+00  1.5467769e+01         -inf  6.89329e+05  1.54678e+01  1.54678e+01
1.048385031e+00  1.5475575e+01         -inf  6.89329e+05  1.54756e+01  1.54756e+01
1.052578571e+00  1.5468489e+01         -inf  6.89329e+05  1.54685e+01  1.54685e+01
1.056788885e+00  1.5441396e+01         -inf  6.89329e+05  1.54414e+01  1.54414e+01
1.061016041e+00  1.5433135e+01         -inf  6.89329e+05  1.54331e+01  1.54331e+01
1.065260105e+00  1.5432794e+01         -inf  6.89329e+05  1.54328e+01  1.54328e+01
1.069521146e+00  1.5420858e+01         -inf  6.89329e+05  1.54209e+01  1.54209e+01
1.073799230e+00  1.5410059e+01         -inf  6.89329e+05  1.54101e+01  1.54101e+01
1.078094427e+00  1.5402101e+01         -inf  6.89329e+05  1.54021e+01  1.54021e+01
1.082406805e+00  1.5394977e+01         -inf  6.89329e+05  1.53950e+01  1.53950e+01
1.086736432e+00  1.5388270e+01         -inf  6.89329e+05  1.53883e+01  1.53883e+01
1.091083378e+00  1.5382170e+01         -inf  6.89329e+05  1.53822e+01  1.53822e+01
1.095447711e+00  1.5376182e+01         -inf  6.89329e+05  1.53762e+01  1.53762e+01
1.099829502e+00  1.5369134e+01         -inf  6.89329e+05  1.53691e+01  1.53691e+01
1.104228820e+00  1.5362806e+01         -inf  6.89329e+05  1.53628e+01  1.53628e+01
1.108645735e+00  1.5357539e+01         -inf  6.89329e+05  1.53575e+01  1.53575e+01
1.113080318e+00  1.5355341e+01         -inf  6.89329e+05  1.53553e+01  1.53553e+01
1.117532640e+00  1.5352992e+01         -inf  6.89329e+05  1.53530e+01  1.53530e+01
1.122002770e+00  1.5355076e+01         -inf  6.89329e+05  1.53551e+01  1.53551e+01
1.126490781e+00  1.5360836e+01         -inf  6.89329e+05  1.53608e+01  1.53608e+01
1.130996744e+00  1.5355417e+01         -inf  6.89329e+05  1.53554e+01  1.53554e+01
1.135520731e+00  1.5355569e+01         -inf  6.89329e+05  1.53556e+01  1.53556e+01
1.140062814e+00  1.5332908e+01         -inf  6.89329e+05  1.53329e+01  1.53329e+01
1.144623065e+00  1.5327262e+01         -inf  6.89329e+05  1.53273e+01  1.53273e+01
1.149201558e+00  1.5332492e+01         -inf  6.89329e+05  1.53325e+01  1.53325e+01
1.153798364e+00  1.5351438e+01         -inf  6.89329e+05  1.53514e+01  1.53514e+01
1.158413557e+00  1.5336433e+01         -inf  6.89329e+05  1.53364e+01  1.53364e+01
1.163047212e+00  1.5351173e+01         -inf  6.89329e+05  1.53512e+01  1.53512e+01
1.167699401e+00  1.5326770e+01         -inf  6.89329e+05  1.53268e+01  1.53268e+01
1.172370198e+00  1.5309339e+01         -inf  6.89329e+05  1.53093e+01  1.53093e+01
1.177059679e+00  1.5294371e+01         -inf  6.89329e+05  1.52944e+01  1.52944e+01
1.181767918e+00  1.5284973e+01         -inf  6.89329e+05  1.52850e+01  1.52850e+01
1.186494989e+00  1.5278114e+01         -inf  6.89329e+05  1.52781e+01  1.52781e+01
1.191240969e+00  1.5271256e+01         -inf  6.89329e+05  1.52713e+01  1.52713e+01
1.196005933e+00  1.5262199e+01         -inf  6.89329e+05  1.52622e+01  1.52622e+01
1.200789957e+00  1.5310135e+01         -inf  6.89329e+05  1.53101e+01  1.53101e+01
1.205593117e+00  1.5562348e+01         -inf  6.89329e+05  1.55623e+01  1.55623e+01
1.210415489e+00  1.5373568e+01         -inf  6.89329e+05  1.53736e+01  1.53736e+01
1.215257151e+00  1.5276371e+01         -inf  6.89329e+05  1.52764e+01  1.52764e+01
1.220118180e+00  1.5485958e+01         -inf  6.89329e+05  1.54860e+01  1.54860e+01
1.224998652e+00  1.5336508e+01         -inf  6.89329e+05  1.53365e+01  1.53365e+01
1.229898647e+00  1.5242570e+01         -inf  6.89329e+05  1.52426e+01  1.52426e+01
1.234818242e+00  1.5235067e+01         -inf  6.89329e+05  1.52351e+01  1.52351e+01
1.239757515e+00  1.5225366e+01         -inf  6.89329e+05  1.52254e+01  1.52254e+01
1.244716545e+00  1.5219000e+01         -inf  6.89329e+05  1.52190e+01  1.52190e+01
1.249695411e+00  1.5225556e+01         -inf  6.89329e+05  1.52256e+01  1.52256e+01
1.254694192e+00  1.5252006e+01         -inf  6.89329e+05  1.52520e+01  1.52520e+01
1.259712969e+00  1.5360570e+01         -inf  6.89329e+05  1.53606e+01  1.53606e+01
1.264751821e+00  1.5600089e+01         -inf  6.89329e+05  1.56001e+01  1.56001e+01
1.269810828e+00  1.5922198e+01         -inf  6.89329e+05  1.59222e+01  1.59222e+01
1.274890072e+00  1.5376827e+01         -inf  6.89329e+05  1.53768e+01  1.53768e+01
1.279989632e+00  1.5254279e+01         -inf  6.89329e+05  1.52543e+01  1.52543e+01
1.285109591e+00  1.5201493e+01         -inf  6.89329e+05  1.52015e+01  1.52015e+01
1.290250029e+00  1.5210436e+01         -inf  6.89329e+05  1.52104e+01  1.52104e+01
1.295411029e+00  1.5202251e+01         -inf  6.89329e+05  1.52023e+01  1.52023e+01
1.300592673e+00  1.5178605e+01         -inf  6.89329e+05  1.51786e+01  1.51786e+01
1.305795044e+00  1.5174816e+01         -inf  6.89329e+05  1.51748e+01  1.51748e+01
1.311018224e+00  1.5189329e+01         -inf  6.89329e+05  1.51893e+01  1.51893e+01
1.316262297e+00  1.5263222e+01         -inf  6.89329e+05  1.52632e+01  1.52632e+01
1.321527346e+00  1.5232074e+01         -inf  6.89329e+05  1.52321e+01  1.52321e+01
1.326813455e+00  1.5181674e+01         -inf  6.89329e+05  1.51817e+01  1.51817e+01
1.332120709e+00  1.5244579e+01         -inf  6.89329e+05  1.52446e+01  1.52446e+01
1.337449192e+00  1.5217257e+01         -inf  6.89329e+05  1.52173e+01  1.52173e+01
1.342798989e+00  1.5232301e+01         -inf  6.89329e+05  1.52323e+01  1.52323e+01
1.348170185e+00  1.5198083e+01         -inf  6.89329e+05  1.51981e+01  1.51981e+01
1.353562866e+00  1.5206116e+01         -inf  6.89329e+05  1.52061e+01  1.52061e+01
1.358977117e+00  1.5230709e+01         -inf  6.89329e+05  1.52307e+01  1.52307e+01
1.364413026e+00  1.5236924e+01         -inf  6.89329e+05  1.52369e+01  1.52369e+01
1.369870678e+00  1.5230103e+01         -inf  6.89329e+05  1.52301e+01  1.52301e+01
1.375350160e+00  1.5230293e+01         -inf  6.89329e+05  1.52303e+01  1.52303e+01
1.380851561e+00  1.5231391e+01         -inf  6.89329e+05  1.52314e+01  1.52314e+01
1.386374967e+00  1.5229800e+01         -inf  6.89329e+05  1.52298e+01  1.52298e+01
1.391920467e+00  1.5220440e+01         -inf  6.89329e+05  1.52204e+01  1.52204e+01
1.397488149e+00  1.5214453e+01         -inf  6.89329e+05  1.52145e+01  1.52145e+01
1.403078102e+00  1.5209337e+01         -inf  6.89329e+05  1.52093e+01  1.52093e+01
1.408690414e+00  1.5197287e+01         -inf  6.89329e+05  1.51973e+01  1.51973e+01
1.414325176e+00  1.5162538e+01         -inf  6.89329e+05  1.51625e+01  1.51625e+01
1.419982476e+00  1.5146698e+01         -inf  6.89329e+05  1.51467e+01  1.51467e+01
1.425662406e+00  1.5138551e+01         -inf  6.89329e+05  1.51386e+01  1.51386e+01
1.431365056e+00  1.6859977e+01         -inf  6.89329e+05  1.68600e+01  1.68600e+01
1.437090516e+00  1.6402244e+01         -inf  6.89329e+05  1.64022e+01  1.64022e+01
1.442838878e+00  1.5785035e+01         -inf  6.89329e+05  1.57850e+01  1.57850e+01
1.448610234e+00  1.5276826e+01         -inf  6.89329e+05  1.52768e+01  1.52768e+01
1.454404675e+00  1.5122825e+01         -inf  6.89329e+05  1.51228e+01  1.51228e+01
1.460222293e+00  1.5107288e+01         -inf  6.89329e+05  1.51073e+01  1.51073e+01
1.466063182e+00  1.5103726e+01         -inf  6.89329e+05  1.51037e+01  1.51037e+01
1.471927435e+00  1.5225177e+01         -inf  6.89329e+05  1.52252e+01  1.52252e+01
1.477815145e+00  1.5197969e+01         -inf  6.89329e+05  1.51980e+01  1.51980e+01
1.483726405e+00  1.5120816e+01         -inf  6.89329e+05  1.51208e+01  1.51208e+01
1.489661311e+00  1.5098761e+01         -inf  6.89329e+05  1.50988e+01  1.50988e+01
1.495619956e+00  1.5121991e+01         -inf  6.89329e+05  1.51220e+01  1.51220e+01
1.501602436e+00  1.5102665e+01         -inf  6.89329e+05  1.51027e+01  1.51027e+01
1.507608846e+00  1.5086749e+01         -inf  6.89329e+05  1.50867e+01  1.50867e+01
1.513639281e+00  1.5085877e+01         -inf  6.89329e+05  1.50859e+01  1.50859e+01
1.519693838e+00  1.5086900e+01         -inf  6.89329e+05  1.50869e+01  1.50869e+01
1.525772614e+00  1.5111570e+01         -inf  6.89329e+05  1.51116e+01  1.51116e+01
1.531875704e+00  1.5241054e+01         -inf  6.89329e+05  1.52411e+01  1.52411e+01
1.538003207e+00  1.5314000e+01         -inf  6.89329e+05  1.53140e+01  1.53140e+01
1.544155220e+00  1.5201379e+01         -inf  6.89329e+05  1.52014e+01  1.52014e+01
1.550331841e+00  1.5077654e+01         -inf  6.89329e+05  1.50777e+01  1.50777e+01
1.556533168e+00  1.5074168e+01         -inf  6.89329e+05  1.50742e+01  1.50742e+01
1.562759301e+00  1.5076176e+01         -inf  6.89329e+05  1.50762e+01  1.50762e+01
1.569010338e+00  1.5611949e+01         -inf  6.89329e+05  1.56119e+01  1.56119e+01
1.575286379e+00  1.6002296e+01         -inf  6.89329e+05  1.60023e+01  1.60023e+01
1.581587525e+00  1.5577505e+01         -inf  6.89329e+05  1.55775e+01  1.55775e+01
1.587913875e+00  1.5112972e+01         -inf  6.89329e+05  1.51130e+01  1.51130e+01
1.594265530e+00  1.5100126e+01         -inf  6.89329e+05  1.51001e+01  1.51001e+01
1.600642593e+00  1.5930458e+01         -inf  6.89329e+05  1.59305e+01  1.59305e+01
1.607045163e+00  1.5937998e+01         -inf  6.89329e+05  1.59380e+01  1.59380e+01
1.613473344e+00  1.5525214e+01         -inf  6.89329e+05  1.55252e+01  1.55252e+01
1.619927237e+00  1.5134079e+01         -inf  6.89329e+05  1.51341e+01  1.51341e+01
1.626406946e+00  1.5114980e+01         -inf  6.89329e+05  1.51150e+01  1.51150e+01
1.632912574e+00  1.5177696e+01         -inf  6.89329e+05  1.51777e+01  1.51777e+01
1.639444224e+00  1.5319987e+01         -inf  6.89329e+05  1.53200e+01  1.53200e+01
1.646002001e+00  1.5358714e+01         -inf  6.89329e+05  1.53587e+01  1.53587e+01
1.652586009e+00  1.5293499e+01         -inf  6.89329e+05  1.52935e+01  1.52935e+01
1.659196353e+00  1.5135102e+01         -inf  6.89329e+05  1.51351e+01  1.51351e+01
1.665833138e+00  1.5500546e+01         -inf  6.89329e+05  1.55005e+01  1.55005e+01
1.672496471e+00  1.5127902e+01         -inf  6.89329e+05  1.51279e+01  1.51279e+01
1.679186457e+00  1.5158748e+01         -inf  6.89329e+05  1.51587e+01  1.51587e+01
1.685903203e+00  1.5158635e+01         -inf  6.89329e+05  1.51586e+01  1.51586e+01
1.692646815e+00  1.5155376e+01         -inf  6.89329e+05  1.51554e+01  1.51554e+01
1.699417403e+00  1.5163447e+01         -inf  6.89329e+05  1.51634e+01  1.51634e+01
1.706215072e+00  1.5284329e+01         -inf  6.89329e+05  1.52843e+01  1.52843e+01
1.713039933e+00  1.5165948e+01         -inf  6.89329e+05  1.51659e+01  1.51659e+01
1.719892092e+00  1.5150450e+01         -inf  6.89329e+05  1.51504e+01  1.51504e+01
1.726771661e+00  1.5240865e+01         -inf  6.89329e+05  1.52409e+01  1.52409e+01
1.733678747e+00  1.5143136e+01         -inf  6.89329e+05  1.51431e+01  1.51431e+01
1.740613462e+00  1.5105582e+01         -inf  6.89329e+05  1.51056e+01  1.51056e+01
1.747575916e+00  1.5081292e+01         -inf  6.89329e+05  1.50813e+01  1.50813e+01
1.754566220e+00  1.5075456e+01         -inf  6.89329e+05  1.50755e+01  1.50755e+01
1.761584485e+00  1.5075721e+01         -inf  6.89329e+05  1.50757e+01  1.50757e+01
1.768630823e+00  1.5116875e+01         -inf  6.89329e+05  1.51169e+01  1.51169e+01
1.775705346e+00  1.5151511e+01         -inf  6.89329e+05  1.51515e+01  1.51515e+01
1.782808167e+00  1.5103271e+01         -inf  6.89329e+05  1.51033e+01  1.51033e+01
1.789939400e+00  1.5197097e+01         -inf  6.89329e+05  1.51971e+01  1.51971e+01
1.797099158e+00  1.5088416e+01         -inf  6.89329e+05  1.50884e+01  1.50884e+01
1.804287554e+00  1.5090614e+01         -inf  6.89329e+05  1.50906e+01  1.50906e+01
1.811504704e+00  1.5093987e+01         -inf  6.89329e+05  1.50940e+01  1.50940e+01
1.818750723e+00  1.5080345e+01         -inf  6.89329e+05  1.50803e+01  1.50803e+01
1.826025726e+00  1.5067953e+01         -inf  6.89329e+05  1.50680e+01  1.50680e+01
1.833329829e+00  1.5074774e+01         -inf  6.89329e+05  1.50748e+01  1.50748e+01
1.840663148e+00  1.5089326e+01         -inf  6.89329e+05  1.50893e+01  1.50893e+01
1.848025801e+00  1.5094176e+01         -inf  6.89329e+05  1.50942e+01  1.50942e+01
1.855417904e+00  1.5094252e+01         -inf  6.89329e+05  1.50943e+01  1.50943e+01
1.862839576e+00  1.5088947e+01         -inf  6.89329e+05  1.50889e+01  1.50889e+01
1.870290934e+00  1.5100505e+01         -inf  6.89329e+05  1.51005e+01  1.51005e+01
1.877772098e+00  1.5360457e+01         -inf  6.89329e+05  1.53605e+01  1.53605e+01
1.885283186e+00  1.5363791e+01         -inf  6.89329e+05  1.53638e+01  1.53638e+01
1.892824319e+00  1.5113768e+01         -inf  6.89329e+05  1.51138e+01  1.51138e+01
1.900395616e+00  1.5073561e+01         -inf  6.89329e+05  1.50736e+01  1.50736e+01
1.907997199e+00  1.5065262e+01         -inf  6.89329e+05  1.50653e+01  1.50653e+01
1.915629188e+00  1.5052984e+01         -inf  6.89329e+05  1.50530e+01  1.50530e+01
1.923291704e+00  1.5039949e+01         -inf  6.89329e+05  1.50399e+01  1.50399e+01
1.930984871e+00  1.5030626e+01         -inf  6.89329e+05  1.50306e+01  1.50306e+01
1.938708811e+00  1.5139346e+01         -inf  6.89329e+05  1.51393e+01  1.51393e+01
1.946463646e+00  1.6440850e+01         -inf  6.89329e+05  1.64409e+01  1.64409e+01
1.954249500e+00  1.9521965e+01         -inf  6.89329e+05  1.95220e+01  1.95220e+01
1.962066498e+00  1.8810529e+01         -inf  6.89329e+05  1.88105e+01  1.88105e+01
1.969914764e+00  1.7744892e+01         -inf  6.89329e+05  1.77449e+01  1.77449e+01
1.977794423e+00  1.5732594e+01         -inf  6.89329e+05  1.57326e+01  1.57326e+01
1.985705601e+00  1.5287285e+01         -inf  6.89329e+05  1.52873e+01  1.52873e+01
1.993648424e+00  1.5865136e+01         -inf  6.89329e+05  1.58651e+01  1.58651e+01
2.001623017e+00  2.1744458e+01         -inf  6.89329e+05  2.17445e+01  2.17445e+01
2.009629509e+00  2.2114066e+01         -inf  6.89329e+05  2.21141e+01  2.21141e+01
2.017668027e+00  2.0613355e+01         -inf  6.89329e+05  2.06134e+01  2.06134e+01
2.025738699e+00  1.7030113e+01         -inf  6.89329e+05  1.70301e+01  1.70301e+01
2.033841654e+00  1.6357006e+01         -inf  6.89329e+05  1.63570e+01  1.63570e+01
2.041977021e+00  1.6522268e+01         -inf  6.89329e+05  1.65223e+01  1.65223e+01
2.050144929e+00  1.8071742e+01         -inf  6.89329e+05  1.80717e+01  1.80717e+01
2.058345509e+00  1.8330323e+01         -inf  6.89329e+05  1.83303e+01  1.83303e+01
2.066578891e+00  1.7975457e+01         -inf  6.89329e+05  1.79755e+01  1.79755e+01
2.074845206e+00  1.6891080e+01         -inf  6.89329e+05  1.68911e+01  1.68911e+01
2.083144587e+00  1.6212958e+01         -inf  6.89329e+05  1.62130e+01  1.62130e+01
2.091477165e+00  1.5750630e+01         -inf  6.89329e+05  1.57506e+01  1.57506e+01
2.099843074e+00  1.5392742e+01         -inf  6.89329e+05  1.53927e+01  1.53927e+01
2.108242446e+00  1.5315477e+01         -inf  6.89329e+05  1.53155e+01  1.53155e+01
2.116675416e+00  1.5219682e+01         -inf  6.89329e+05  1.52197e+01  1.52197e+01
2.125142118e+00  1.5100656e+01         -inf  6.89329e+05  1.51007e+01  1.51007e+01
2.133642686e+00  1.5051506e+01         -inf  6.89329e+05  1.50515e+01  1.50515e+01
2.142177257e+00  1.5151548e+01         -inf  6.89329e+05  1.51515e+01  1.51515e+01
2.150745966e+00  1.5285314e+01         -inf  6.89329e+05  1.52853e+01  1.52853e+01
2.159348950e+00  1.5270384e+01         -inf  6.89329e+05  1.52704e+01  1.52704e+01
2.167986346e+00  1.5233589e+01         -inf  6.89329e+05  1.52336e+01  1.52336e+01
2.176658291e+00  1.5188836e+01         -inf  6.89329e+05  1.51888e+01  1.51888e+01
2.185364924e+00  1.5084702e+01         -inf  6.89329e+05  1.50847e+01  1.50847e+01
2.194106384e+00  1.5142188e+01         -inf  6.89329e+05  1.51422e+01  1.51422e+01
2.202882810e+00  1.5638889e+01         -inf  6.89329e+05  1.56389e+01  1.56389e+01
2.211694341e+00  1.5097586e+01         -inf  6.89329e+05  1.50976e+01  1.50976e+01
2.220541118e+00  1.5230974e+01         -inf  6.89329e+05  1.52310e+01  1.52310e+01
2.229423283e+00  1.5342684e+01         -inf  6.89329e+05  1.53427e+01  1.53427e+01
2.238340976e+00  1.5399827e+01         -inf  6.89329e+05  1.53998e+01  1.53998e+01
2.247294340e+00  1.5526236e+01         -inf  6.89329e+05  1.55262e+01  1.55262e+01
2.256283517e+00  1.5621724e+01         -inf  6.89329e+05  1.56217e+01  1.56217e+01
2.265308651e+00  1.5697014e+01         -inf  6.89329e+05  1.56970e+01  1.56970e+01
2.274369886e+00  1.5858049e+01         -inf  6.89329e+05  1.58580e+01  1.58581e+01
2.283467365e+00  1.5857632e+01         -inf  6.89329e+05  1.58576e+01  1.58576e+01
2.292601235e+00  1.6057348e+01         -inf  6.89329e+05  1.60573e+01  1.60573e+01
2.301771640e+00  1.6330295e+01         -inf  6.89329e+05  1.63303e+01  1.63303e+01
2.310978726e+00  1.5535747e+01         -inf  6.89329e+05  1.55357e+01  1.55357e+01
2.320222641e+00  1.6234363e+01         -inf  6.89329e+05  1.62344e+01  1.62344e+01
2.329503532e+00  1.5838725e+01         -inf  6.89329e+05  1.58387e+01  1.58387e+01
2.338821546e+00  1.6167755e+01         -inf  6.89329e+05  1.61678e+01  1.61678e+01
2.348176832e+00  1.6407887e+01         -inf  6.89329e+05  1.64079e+01  1.64079e+01
2.357569539e+00  1.5959442e+01         -inf  6.89329e+05  1.59594e+01  1.59594e+01
2.366999817e+00  1.6122213e+01         -inf  6.89329e+05  1.61222e+01  1.61222e+01
2.376467817e+00  1.6181774e+01         -inf  6.89329e+05  1.61818e+01  1.61818e+01
2.385973688e+00  1.5607854e+01         -inf  6.89329e+05  1.56079e+01  1.56079e+01
2.395517583e+00  1.5626686e+01         -inf  6.89329e+05  1.56267e+01  1.56267e+01
2.405099653e+00  1.5356703e+01         -inf  6.89329e+05  1.53567e+01  1.53567e+01
2.414720052e+00  1.5198080e+01         -inf  6.89329e+05  1.51981e+01  1.51981e+01
2.424378932e+00  1.5330480e+01         -inf  6.89329e+05  1.53305e+01  1.53305e+01
2.434076448e+00  1.5167195e+01         -inf  6.89329e+05  1.51672e+01  1.51672e+01
2.443812753e+00  1.5105768e+01         -inf  6.89329e+05  1.51058e+01  1.51058e+01
2.453588004e+00  1.5075945e+01         -inf  6.89329e+05  1.50759e+01  1.50759e+01
2.463402356e+00  1.5043544e+01         -inf  6.89329e+05  1.50435e+01  1.50435e+01
2.473255966e+00  1.5091936e+01         -inf  6.89329e+05  1.50919e+01  1.50919e+01
2.483148990e+00  1.5996456e+01         -inf  6.89329e+05  1.59965e+01  1.59965e+01
2.493081586e+00  1.5682232e+01         -inf  6.89329e+05  1.56822e+01  1.56822e+01
2.503053912e+00  1.5434873e+01         -inf  6.89329e+05  1.54349e+01  1.54349e+01
2.513066128e+00  1.5179811e+01         -inf  6.89329e+05  1.51798e+01  1.51798e+01
2.523118392e+00  1.5087045e+01         -inf  6.89329e+05  1.50870e+01  1.50871e+01
2.533210866e+00  1.5066886e+01         -inf  6.89329e+05  1.50669e+01  1.50669e+01
2.543343709e+00  1.5059042e+01         -inf  6.89329e+05  1.50590e+01  1.50590e+01
2.553517084e+00  1.5138395e+01         -inf  6.89329e+05  1.51384e+01  1.51384e+01
2.563731152e+00  1.5350525e+01         -inf  6.89329e+05  1.53505e+01  1.53505e+01
2.573986077e+00  1.5404296e+01         -inf  6.89329e+05  1.54043e+01  1.54043e+01
2.584282021e+00  1.5580193e+01         -inf  6.89329e+05  1.55802e+01  1.55802e+01
2.594619149e+00  1.5787875e+01         -inf  6.89329e+05  1.57879e+01  1.57879e+01
2.604997626e+00  1.5753849e+01         -inf  6.89329e+05  1.57538e+01  1.57539e+01
2.615417616e+00  1.5770521e+01         -inf  6.89329e+05  1.57705e+01  1.57705e+01
2.625879287e+00  1.5610393e+01         -inf  6.89329e+05  1.56104e+01  1.56104e+01
2.636382804e+00  1.5516420e+01         -inf  6.89329e+05  1.55164e+01  1.55164e+01
2.646928335e+00  1.5491563e+01         -inf  6.89329e+05  1.54916e+01  1.54916e+01
2.657516049e+00  1.5956333e+01         -inf  6.89329e+05  1.59563e+01  1.59563e+01
2.668146113e+00  2.4437029e+01         -inf  6.89329e+05  2.44370e+01  2.44370e+01
2.678818697e+00  3.4816722e+01         -inf  6.89329e+05  3.48167e+01  3.48167e+01
2.689533972e+00  3.3608126e+01         -inf  6.89329e+05  3.36081e+01  3.36081e+01
2.700292108e+00  3.4505801e+01         -inf  6.89329e+05  3.45058e+01  3.45058e+01
2.711093276e+00  3.0869173e+01         -inf  6.89329e+05  3.08692e+01  3.08692e+01
2.721937650e+00  2.4457461e+01         -inf  6.89329e+05  2.44575e+01  2.44575e+01
2.732825400e+00  2.2649056e+01         -inf  6.89329e+05  2.26491e+01  2.26491e+01
2.743756702e+00  2.6787821e+01         -inf  6.89329e+05  2.67878e+01  2.67878e+01
2.754731729e+00  3.2845311e+01         -inf  6.89329e+05  3.28453e+01  3.28453e+01
2.765750655e+00  3.1661515e+01         -inf  6.89329e+05  3.16615e+01  3.16615e+01
2.776813658e+00  3.3551145e+01         -inf  6.89329e+05  3.35511e+01  3.35511e+01
2.787920913e+00  3.1007335e+01         -inf  6.89329e+05  3.10073e+01  3.10073e+01
2.799072596e+00  2.6993209e+01         -inf  6.89329e+05  2.69932e+01  2.69932e+01
2.810268887e+00  2.4538169e+01         -inf  6.89329e+05  2.45382e+01  2.45382e+01
2.821509962e+00  2.2055232e+01         -inf  6.89329e+05  2.20552e+01  2.20552e+01
2.832796002e+00  1.9341460e+01         -inf  6.89329e+05  1.93415e+01  1.93415e+01
2.844127186e+00  1.9248789e+01         -inf  6.89329e+05  1.92488e+01  1.92488e+01
2.855503695e+00  1.7944966e+01         -inf  6.89329e+05  1.79450e+01  1.79450e+01
2.866925710e+00  1.7357179e+01         -inf  6.89329e+05  1.73572e+01  1.73572e+01
2.878393413e+00  1.6575173e+01         -inf  6.89329e+05  1.65752e+01  1.65752e+01
2.889906986e+00  1.6173485e+01         -inf  6.89329e+05  1.61735e+01  1.61736e+01
2.901466614e+00  1.5513236e+01         -inf  6.89329e+05  1.55132e+01  1.55133e+01
2.913072481e+00  1.5136910e+01         -inf  6.89329e+05  1.51369e+01  1.51370e+01
2.924724770e+00  1.5046108e+01         -inf  6.89329e+05  1.50461e+01  1.50462e+01
2.936423670e+00  1.5006918e+01         -inf  6.89329e+05  1.50069e+01  1.50070e+01
2.948169364e+00  1.5050908e+01         -inf  6.89329e+05  1.50509e+01  1.50510e+01
2.959962042e+00  1.5289598e+01         -inf  6.89329e+05  1.52896e+01  1.52897e+01
2.971801890e+00  1.5404560e+01         -inf  6.89329e+05  1.54046e+01  1.54047e+01
2.983689097e+00  1.5523990e+01         -inf  6.89329e+05  1.55240e+01  1.55241e+01
2.995623854e+00  1.5198894e+01         -inf  6.89329e+05  1.51989e+01  1.51990e+01
3.007606349e+00  1.5166978e+01         -inf  6.89329e+05  1.51670e+01  1.51671e+01
3.019636775e+00  1.5164430e+01         -inf  6.89329e+05  1.51644e+01  1.51646e+01
3.031715322e+00  1.5031939e+01         -inf  6.89329e+05  1.50319e+01  1.50321e+01
3.043842183e+00  1.5003583e+01         -inf  6.89329e+05  1.50036e+01  1.50038e+01
3.056017552e+00  1.5008915e+01         -inf  6.89329e+05  1.50089e+01  1.50091e+01
3.068241622e+00  1.4997383e+01         -inf  6.89329e+05  1.49974e+01  1.49976e+01
3.080514588e+00  1.4991345e+01         -inf  6.89329e+05  1.49913e+01  1.49916e+01
3.092836647e+00  1.4990839e+01         -inf  6.89329e+05  1.49908e+01  1.49911e+01
3.105207993e+00  1.5001512e+01         -inf  6.89329e+05  1.50015e+01  1.50018e+01
3.117628825e+00  1.5118403e+01         -inf  6.89329e+05  1.51184e+01  1.51187e+01
3.130099341e+00  1.5733160e+01         -inf  6.89329e+05  1.57332e+01  1.57334e+01
3.142619738e+00  1.5416178e+01         -inf  6.89329e+05  1.54162e+01  1.54165e+01
3.155190217e+00  1.5577358e+01         -inf  6.89329e+05  1.55774e+01  1.55777e+01
3.167810978e+00  1.5441761e+01         -inf  6.89329e+05  1.54418e+01  1.54421e+01
3.180482222e+00  1.5975605e+01         -inf  6.89329e+05  1.59756e+01  1.59759e+01
3.193204151e+00  1.5961453e+01         -inf  6.89329e+05  1.59615e+01  1.59618e+01
3.205976967e+00  1.6108522e+01         -inf  6.89329e+05  1.61085e+01  1.61089e+01
3.218800875e+00  1.6694973e+01         -inf  6.89329e+05  1.66950e+01  1.66953e+01
3.231676079e+00  1.6389874e+01         -inf  6.89329e+05  1.63899e+01  1.63903e+01
3.244602783e+00  1.6980007e+01         -inf  6.89329e+05  1.69800e+01  1.69804e+01
3.257581194e+00  1.7016429e+01         -inf  6.89329e+05  1.70164e+01  1.70169e+01
3.270611519e+00  2.0170427e+01         -inf  6.89329e+05  2.01704e+01  2.01709e+01
3.283693965e+00  1.8918592e+01         -inf  6.89329e+05  1.89186e+01  1.89191e+01
3.296828741e+00  1.8611011e+01         -inf  6.89329e+05  1.86110e+01  1.86115e+01
3.310016056e+00  2.1851647e+01         -inf  6.89329e+05  2.18516e+01  2.18520e+01
3.323256120e+00  1.9614107e+01         -inf  6.89329e+05  1.96141e+01  1.96146e+01
3.336549144e+00  1.6015850e+01         -inf  6.89329e+05  1.60158e+01  1.60165e+01
3.349895341e+00  1.5993016e+01         -inf  6.89329e+05  1.59930e+01  1.59937e+01
3.363294922e+00  1.7008510e+01         -inf  6.89329e+05  1.70085e+01  1.70092e+01
3.376748102e+00  1.6874093e+01         -inf  6.89329e+05  1.68741e+01  1.68748e+01
3.390255094e+00  1.6950924e+01         -inf  6.89329e+05  1.69509e+01  1.69517e+01
3.403816115e+00  1.6765426e+01         -inf  6.89329e+05  1.67654e+01  1.67662e+01
3.417431379e+00  1.6033663e+01         -inf  6.89329e+05  1.60337e+01  1.60345e+01
3.431101105e+00  1.6156635e+01         -inf  6.89329e+05  1.61566e+01  1.61576e+01
3.444825509e+00  1.5988761e+01         -inf  6.89329e+05  1.59888e+01  1.59898e+01
3.458604811e+00  1.5734826e+01         -inf  6.89329e+05  1.57348e+01  1.57359e+01
3.472439231e+00  1.6031640e+01         -inf  6.89329e+05  1.60316e+01  1.60328e+01
3.486328987e+00  1.5917406e+01         -inf  6.89329e+05  1.59174e+01  1.59186e+01
3.500274303e+00  1.5560585e+01         -inf  6.89329e+05  1.55606e+01  1.55619e+01
3.514275401e+00  1.5243604e+01         -inf  6.89329e+05  1.52436e+01  1.52450e+01
3.528332502e+00  1.5471353e+01         -inf  6.89329e+05  1.54714e+01  1.54728e+01
3.542445832e+00  1.6058546e+01         -inf  6.89329e+05  1.60585e+01  1.60600e+01
3.556615616e+00  1.5476579e+01         -inf  6.89329e+05  1.54766e+01  1.54782e+01
3.570842078e+00  1.7187114e+01         -inf  6.89329e+05  1.71871e+01  1.71887e+01
3.585125446e+00  1.6576500e+01         -inf  6.89329e+05  1.65765e+01  1.65782e+01
3.599465948e+00  1.6255145e+01         -inf  6.89329e+05  1.62551e+01  1.62570e+01
3.613863812e+00  1.6155134e+01         -inf  6.89329e+05  1.61551e+01  1.61571e+01
3.628319267e+00  1.5678863e+01         -inf  6.89329e+05  1.56789e+01  1.56809e+01
3.642832544e+00  1.5672673e+01         -inf  6.89329e+05  1.56727e+01  1.56748e+01
3.657403874e+00  1.5284056e+01         -inf  6.89329e+05  1.52841e+01  1.52863e+01
3.672033490e+00  1.5308014e+01         -inf  6.89329e+05  1.53080e+01  1.53104e+01
3.686721624e+00  1.5327592e+01         -inf  6.89329e+05  1.53276e+01  1.53301e+01
3.701468510e+00  1.5176331e+01         -inf  6.89329e+05  1.51763e+01  1.51790e+01
3.716274384e+00  1.5227699e+01         -inf  6.89329e+05  1.52277e+01  1.52305e+01
3.731139482e+00  1.5265262e+01         -inf  6.89329e+05  1.52653e+01  1.52682e+01
3.746064040e+00  1.5176891e+01         -inf  6.89329e+05  1.51769e+01  1.51800e+01
3.761048296e+00  1.5126712e+01         -inf  6.89329e+05  1.51267e+01  1.51299e+01
3.776092489e+00  1.5142124e+01         -inf  6.89329e+05  1.51421e+01  1.51455e+01
3.791196859e+00  1.5264393e+01         -inf  6.89329e+05  1.52644e+01  1.52680e+01
3.806361647e+00  1.5327459e+01         -inf  6.89329e+05  1.53275e+01  1.53312e+01
3.821587093e+00  1.5214313e+01         -inf  6.89329e+05  1.52143e+01  1.52182e+01
3.836873442e+00  1.5364564e+01         -inf  6.89329e+05  1.53646e+01  1.53687e+01
3.852220935e+00  1.5514033e+01         -inf  6.89329e+05  1.55140e+01  1.55183e+01
3.867629819e+00  1.6060175e+01         -inf  6.89329e+05  1.60602e+01  1.60645e+01
3.883100338e+00  1.6538671e+01         -inf  6.89329e+05  1.65387e+01  1.65430e+01
3.898632740e+00  1.6096370e+01         -inf  6.89329e+05  1.60964e+01  1.61011e+01
3.914227271e+00  1.6356696e+01         -inf  6.89329e+05  1.63567e+01  1.63615e+01
3.929884180e+00  1.6143428e+01         -inf  6.89329e+05  1.61434e+01  1.61485e+01
3.945603716e+00  1.5824243e+01         -inf  6.89329e+05  1.58242e+01  1.58298e+01
3.961386131e+00  1.5634504e+01         -inf  6.89329e+05  1.56345e+01  1.56404e+01
3.977231676e+00  1.5767048e+01         -inf  6.89329e+05  1.57670e+01  1.57732e+01
3.993140603e+00  1.5787283e+01         -inf  6.89329e+05  1.57873e+01  1.57937e+01
4.009113165e+00  1.6068073e+01         -inf  6.89329e+05  1.60681e+01  1.60747e+01
4.025149618e+00  1.6438555e+01         -inf  6.89329e+05  1.64386e+01  1.64453e+01
4.041250216e+00  1.6879271e+01         -inf  6.89329e+05  1.68793e+01  1.68861e+01
4.057415217e+00  1.6980167e+01         -inf  6.89329e+05  1.69802e+01  1.69873e+01
4.073644878e+00  1.7398981e+01         -inf  6.89329e+05  1.73990e+01  1.74061e+01
4.089939457e+00  1.7719210e+01         -inf  6.89329e+05  1.77192e+01  1.77264e+01
4.106299215e+00  1.7869895e+01         -inf  6.89329e+05  1.78699e+01  1.78773e+01
4.122724412e+00  1.8074765e+01         -inf  6.89329e+05  1.80748e+01  1.80823e+01
4.139215310e+00  1.8302497e+01         -inf  6.89329e+05  1.83025e+01  1.83102e+01
4.155772171e+00  1.8497283e+01         -inf  6.89329e+05  1.84973e+01  1.85045e+01
4.172395260e+00  2.0078571e+01         -inf  6.89329e+05  2.00786e+01  2.00820e+01
4.189084841e+00  2.7062033e+01         -inf  6.89329e+05  2.70620e+01  2.70628e+01
4.205841180e+00  3.8536165e+01         -inf  6.89329e+05  3.85362e+01  3.85365e+01
4.222664545e+00  4.6699693e+01         -inf  6.89329e+05  4.66997e+01  4.67002e+01
4.239555203e+00  4.9922845e+01         -inf  6.89329e+05  4.99228e+01  4.99234e+01
4.256513424e+00  4.7735799e+01         -inf  6.89329e+05  4.77358e+01  4.77363e+01
4.273539477e+00  4.9663891e+01         -inf  6.89329e+05  4.96639e+01  4.96645e+01
4.290633635e+00  4.8344946e+01         -inf  6.89329e+05  4.83449e+01  4.83456e+01
4.307796170e+00  4.5712724e+01         -inf  6.89329e+05  4.57127e+01  4.57133e+01
4.325027355e+00  4.2370111e+01         -inf  6.89329e+05  4.23701e+01  4.23706e+01
4.342327464e+00  3.9690885e+01         -inf  6.89329e+05  3.96909e+01  3.96913e+01
4.359696774e+00  3.7554639e+01         -inf  6.89329e+05  3.75546e+01  3.75551e+01
4.377135561e+00  3.4603145e+01         -inf  6.89329e+05  3.46031e+01  3.46037e+01
4.394644103e+00  3.4052736e+01         -inf  6.89329e+05  3.40527e+01  3.40533e+01
4.412222680e+00  3.3023984e+01         -inf  6.89329e+05  3.30240e+01  3.30246e+01
4.429871570e+00  3.0892586e+01         -inf  6.89329e+05  3.08926e+01  3.08936e+01
4.447591057e+00  2.7162306e+01         -inf  6.89329e+05  2.71623e+01  2.71645e+01
4.465381421e+00  2.4783423e+01         -inf  6.89329e+05  2.47834e+01  2.47865e+01
4.483242946e+00  2.3016049e+01         -inf  6.89329e+05  2.30160e+01  2.30205e+01
4.501175918e+00  2.1161097e+01         -inf  6.89329e+05  2.11611e+01  2.11701e+01
4.519180622e+00  2.1962227e+01         -inf  6.89329e+05  2.19622e+01  2.19696e+01
4.537257344e+00  2.1110901e+01         -inf  6.89329e+05  2.11109e+01  2.11208e+01
4.555406374e+00  1.9887110e+01         -inf  6.89329e+05  1.98871e+01  1.99015e+01
4.573627999e+00  1.8689219e+01         -inf  6.89329e+05  1.86892e+01  1.87090e+01
4.591922511e+00  1.7267250e+01         -inf  6.89329e+05  1.72672e+01  1.72931e+01
4.610290201e+00  1.6518040e+01         -inf  6.89329e+05  1.65180e+01  1.65474e+01
4.628731362e+00  1.5999438e+01         -inf  6.89329e+05  1.59994e+01  1.60309e+01
4.647246288e+00  1.5733076e+01         -inf  6.89329e+05  1.57331e+01  1.57662e+01
4.665835273e+00  1.5548200e+01         -inf  6.89329e+05  1.55482e+01  1.55828e+01
4.684498614e+00  1.7623475e+01         -inf  6.89329e+05  1.76235e+01  1.76591e+01
4.703236608e+00  2.6284427e+01         -inf  6.89329e+05  2.62844e+01  2.63150e+01
4.722049555e+00  2.6827585e+01         -inf  6.89329e+05  2.68276e+01  2.68591e+01
4.740937753e+00  2.4670212e+01         -inf  6.89329e+05  2.46702e+01  2.47053e+01
4.759901504e+00  2.5834652e+01         -inf  6.89329e+05  2.58347e+01  2.58708e+01
4.778941110e+00  2.4907482e+01         -inf  6.89329e+05  2.49075e+01  2.49432e+01
4.798056874e+00  2.3070545e+01         -inf  6.89329e+05  2.30705e+01  2.31075e+01
4.817249102e+00  2.3047546e+01         -inf  6.89329e+05  2.30475e+01  2.30737e+01
4.836518098e+00  2.0991908e+01         -inf  6.89329e+05  2.09919e+01  2.10260e+01
4.855864171e+00  1.9497196e+01         -inf  6.89329e+05  1.94972e+01  1.95308e+01
4.875287627e+00  1.8191882e+01         -inf  6.89329e+05  1.81919e+01  1.82326e+01
4.894788778e+00  1.7162256e+01         -inf  6.89329e+05  1.71623e+01  1.72111e+01
4.914367933e+00  1.7094838e+01         -inf  6.89329e+05  1.70948e+01  1.71486e+01
4.934025405e+00  1.6207765e+01         -inf  6.89329e+05  1.62078e+01  1.62669e+01
4.953761506e+00  1.5966983e+01         -inf  6.89329e+05  1.59670e+01  1.60283e+01
4.973576552e+00  1.5602787e+01         -inf  6.89329e+05  1.56028e+01  1.56668e+01
4.993470859e+00  1.5369405e+01         -inf  6.89329e+05  1.53694e+01  1.54361e+01
5.013444742e+00  1.5150589e+01         -inf  6.89329e+05  1.51506e+01  1.52200e+01
5.033498521e+00  1.5068444e+01         -inf  6.89329e+05  1.50684e+01  1.51405e+01
5.053632515e+00  1.5016362e+01         -inf  6.89329e+05  1.50164e+01  1.50912e+01
5.073847045e+00  1.5048407e+01         -inf  6.89329e+05  1.50484e+01  1.51260e+01
5.094142433e+00  1.5135345e+01         -inf  6.89329e+05  1.51353e+01  1.52153e+01
5.114519003e+00  1.5123679e+01         -inf  6.89329e+05  1.51237e+01  1.52067e+01
5.134977079e+00  1.5009479e+01         -inf  6.89329e+05  1.50095e+01  1.50960e+01
5.155516987e+00  1.5167674e+01         -inf  6.89329e+05  1.51677e+01  1.52566e+01
5.176139055e+00  1.7327813e+01         -inf  6.89329e+05  1.73278e+01  1.74045e+01
5.196843612e+00  1.5777304e+01         -inf  6.89329e+05  1.57773e+01  1.58656e+01
5.217630986e+00  1.6154446e+01         -inf  6.89329e+05  1.61544e+01  1.62404e+01
5.238501510e+00  1.5833936e+01         -inf  6.89329e+05  1.58339e+01  1.59245e+01
5.259455516e+00  1.5575636e+01         -inf  6.89329e+05  1.55756e+01  1.56724e+01
5.280493338e+00  1.5248170e+01         -inf  6.89329e+05  1.52482e+01  1.53510e+01
5.301615311e+00  1.5104080e+01         -inf  6.89329e+05  1.51041e+01  1.52105e+01
5.322821773e+00  1.5244733e+01         -inf  6.89329e+05  1.52447e+01  1.53523e+01
5.344113060e+00  1.5108999e+01         -inf  6.89329e+05  1.51090e+01  1.52173e+01
5.365489512e+00  1.5144256e+01         -inf  6.89329e+05  1.51443e+01  1.52528e+01
5.386951470e+00  1.5171558e+01         -inf  6.89329e+05  1.51716e+01  1.52804e+01
5.408499276e+00  1.5217798e+01         -inf  6.89329e+05  1.52178e+01  1.53267e+01
5.430133273e+00  1.5259875e+01         -inf  6.89329e+05  1.52599e+01  1.53694e+01
5.451853806e+00  1.5301854e+01         -inf  6.89329e+05  1.53019e+01  1.54114e+01
5.473661221e+00  1.5453662e+01         -inf  6.89329e+05  1.54537e+01  1.55627e+01
5.495555866e+00  1.5644750e+01         -inf  6.89329e+05  1.56448e+01  1.57530e+01
5.517538090e+00  1.5722925e+01         -inf  6.89329e+05  1.57229e+01  1.58308e+01
5.539608242e+00  1.5619055e+01         -inf  6.89329e+05  1.56191e+01  1.57264e+01
5.561766675e+00  1.5362629e+01         -inf  6.89329e+05  1.53626e+01  1.54696e+01
5.584013742e+00  1.5492809e+01         -inf  6.89329e+05  1.54928e+01  1.55996e+01
5.606349797e+00  1.5594554e+01         -inf  6.89329e+05  1.55946e+01  1.57012e+01
5.628775196e+00  1.5533022e+01         -inf  6.89329e+05  1.55330e+01  1.56396e+01
5.651290297e+00  1.5426343e+01         -inf  6.89329e+05  1.54263e+01  1.55331e+01
5.673895458e+00  1.5403572e+01         -inf  6.89329e+05  1.54036e+01  1.55102e+01
5.696591040e+00  1.5385406e+01         -inf  6.89329e+05  1.53854e+01  1.54922e+01
5.719377404e+00  1.5862851e+01         -inf  6.89329e+05  1.58629e+01  1.59696e+01
5.742254913e+00  1.7840814e+01         -inf  6.89329e+05  1.78408e+01  1.79465e+01
5.765223933e+00  1.7595143e+01         -inf  6.89329e+05  1.75951e+01  1.77006e+01
5.788284829e+00  1.6773689e+01         -inf  6.89329e+05  1.67737e+01  1.68794e+01
5.811437968e+00  1.6908317e+01         -inf  6.89329e+05  1.69083e+01  1.70138e+01
5.834683720e+00  1.7266559e+01         -inf  6.89329e+05  1.72666e+01  1.73720e+01
5.858022455e+00  1.6969009e+01         -inf  6.89329e+05  1.69690e+01  1.70755e+01
5.881454545e+00  1.6499521e+01         -inf  6.89329e+05  1.64995e+01  1.66075e+01
5.904980363e+00  1.6070703e+01         -inf  6.89329e+05  1.60707e+01  1.61805e+01
5.928600284e+00  1.5798788e+01         -inf  6.89329e+05  1.57988e+01  1.59106e+01
5.952314685e+00  1.5682399e+01         -inf  6.89329e+05  1.56824e+01  1.57963e+01
5.976123944e+00  1.5612000e+01         -inf  6.89329e+05  1.56120e+01  1.57289e+01
6.000028440e+00  1.5614564e+01         -inf  6.89329e+05  1.56146e+01  1.57349e+01
6.024028554e+00  1.5599610e+01         -inf  6.89329e+05  1.55996e+01  1.57240e+01
6.048124668e+00  1.5612818e+01         -inf  6.89329e+05  1.56128e+01  1.57422e+01
6.072317167e+00  1.5617773e+01         -inf  6.89329e+05  1.56178e+01  1.57525e+01
6.096606435e+00  1.5609019e+01         -inf  6.89329e+05  1.56090e+01  1.57496e+01
6.120992861e+00  1.5619862e+01         -inf  6.89329e+05  1.56199e+01  1.57671e+01
6.145476832e+00  1.5592652e+01         -inf  6.89329e+05  1.55927e+01  1.57471e+01
6.170058740e+00  1.5595301e+01         -inf  6.89329e+05  1.55953e+01  1.57575e+01
6.194738975e+00  1.5581955e+01         -inf  6.89329e+05  1.55820e+01  1.57514e+01
6.219517931e+00  1.5583611e+01         -inf  6.89329e+05  1.55836e+01  1.57598e+01
6.244396002e+00  1.5569645e+01         -inf  6.89329e+05  1.55696e+01  1.57514e+01
6.269373586e+00  1.5535510e+01         -inf  6.89329e+05  1.55355e+01  1.57216e+01
6.294451081e+00  1.5610199e+01         -inf  6.89329e+05  1.56102e+01  1.57998e+01
6.319628885e+00  1.5575983e+01         -inf  6.89329e+05  1.55760e+01  1.57682e+01
6.344907401e+00  1.5670845e+01         -inf  6.89329e+05  1.56708e+01  1.58654e+01
6.370287030e+00  1.5664916e+01         -inf  6.89329e+05  1.56649e+01  1.58621e+01
6.395768178e+00  1.5743289e+01         -inf  6.89329e+05  1.57433e+01  1.59434e+01
6.421351251e+00  1.5802892e+01         -inf  6.89329e+05  1.58029e+01  1.60066e+01
6.447036656e+00  1.5859871e+01         -inf  6.89329e+05  1.58599e+01  1.60680e+01
6.472824803e+00  1.5937333e+01         -inf  6.89329e+05  1.59373e+01  1.61512e+01
6.498716102e+00  1.6279654e+01         -inf  6.89329e+05  1.62797e+01  1.64990e+01
6.524710966e+00  1.5792065e+01         -inf  6.89329e+05  1.57921e+01  1.60212e+01
6.550809810e+00  1.5568953e+01         -inf  6.89329e+05  1.55690e+01  1.58080e+01
6.577013049e+00  1.5516382e+01         -inf  6.89329e+05  1.55164e+01  1.57660e+01
6.603321102e+00  1.5461394e+01         -inf  6.89329e+05  1.54614e+01  1.57230e+01
6.629734386e+00  1.5402080e+01         -inf  6.89329e+05  1.54021e+01  1.56767e+01
6.656253324e+00  1.5388776e+01         -inf  6.89329e+05  1.53888e+01  1.56770e+01
6.682878337e+00  1.5303421e+01         -inf  6.89329e+05  1.53034e+01  1.56066e+01
6.709609850e+00  1.5244712e+01         -inf  6.89329e+05  1.52447e+01  1.55638e+01
6.736448290e+00  1.5239911e+01         -inf  6.89329e+05  1.52399e+01  1.55755e+01
6.763394083e+00  1.5108044e+01         -inf  6.89329e+05  1.51080e+01  1.54621e+01
6.790447659e+00  1.5245454e+01         -inf  6.89329e+05  1.52455e+01  1.56185e+01
6.817609450e+00  1.5065887e+01         -inf  6.89329e+05  1.50659e+01  1.54607e+01
6.844879888e+00  1.5014832e+01         -inf  6.89329e+05  1.50148e+01  1.54318e+01
6.872259407e+00  1.4966756e+01         -inf  6.89329e+05  1.49668e+01  1.54064e+01
6.899748445e+00  1.4992424e+01         -inf  6.89329e+05  1.49924e+01  1.54557e+01
6.927347438e+00  1.4850355e+01         -inf  6.89329e+05  1.48504e+01  1.53406e+01
6.955056828e+00  1.4740200e+01         -inf  6.89329e+05  1.47402e+01  1.52593e+01
6.982877056e+00  1.4754144e+01         -inf  6.89329e+05  1.47541e+01  1.53034e+01
7.010808564e+00  1.4702685e+01         -inf  6.89329e+05  1.47027e+01  1.52849e+01
7.038851798e+00  1.4594396e+01         -inf  6.89329e+05  1.45944e+01  1.52133e+01
7.067007205e+00  1.4543825e+01         -inf  6.89329e+05  1.45438e+01  1.51995e+01
7.095275234e+00  1.4484190e+01         -inf  6.89329e+05  1.44842e+01  1.51805e+01
7.123656335e+00  1.4414179e+01         -inf  6.89329e+05  1.44142e+01  1.51521e+01
7.152150960e+00  1.4402457e+01         -inf  6.89329e+05  1.44025e+01  1.51854e+01
7.180759564e+00  1.4380228e+01         -inf  6.89329e+05  1.43802e+01  1.52096e+01
7.209482602e+00  1.4466496e+01         -inf  6.89329e+05  1.44665e+01  1.53415e+01
7.238320533e+00  1.4598576e+01         -inf  6.89329e+05  1.45986e+01  1.55148e+01
7.267273815e+00  1.4829482e+01         -inf  6.89329e+05  1.48295e+01  1.57809e+01
7.296342910e+00  1.4779149e+01         -inf  6.89329e+05  1.47791e+01  1.57739e+01
7.325528282e+00  1.5247033e+01         -inf  6.89329e+05  1.52470e+01  1.62525e+01
7.354830395e+00  1.5802299e+01         -inf  6.89329e+05  1.58023e+01  1.68008e+01
7.384249717e+00  1.6509809e+01         -inf  6.89329e+05  1.65098e+01  1.74866e+01
7.413786715e+00  1.6065905e+01         -inf  6.89329e+05  1.60659e+01  1.71092e+01
7.443441862e+00  1.6783718e+01         -inf  6.89329e+05  1.67837e+01  1.78081e+01
7.473215630e+00  1.6381847e+01         -inf  6.89329e+05  1.63818e+01  1.74668e+01
7.503108492e+00  1.6806230e+01         -inf  6.89329e+05  1.68062e+01  1.78862e+01
7.533120926e+00  1.6187305e+01         -inf  6.89329e+05  1.61873e+01  1.73435e+01
7.563253410e+00  1.5231460e+01         -inf  6.89329e+05  1.52315e+01  1.64915e+01
7.593506424e+00  1.5129556e+01         -inf  6.89329e+05  1.51296e+01  1.64130e+01
7.623880449e+00  1.5844473e+01         -inf  6.89329e+05  1.58445e+01  1.70676e+01
7.654375971e+00  2.0438350e+01         -inf  6.89329e+05  2.04384e+01  2.13074e+01
7.684993475e+00  2.0546494e+01         -inf  6.89329e+05  2.05465e+01  2.13682e+01
7.715733449e+00  1.8960803e+01         -inf  6.89329e+05  1.89608e+01  1.99510e+01
7.746596383e+00  1.7605426e+01         -inf  6.89329e+05  1.76054e+01  1.87521e+01
7.777582768e+00  1.6650959e+01         -inf  6.89329e+05  1.66510e+01  1.79509e+01
7.808693099e+00  1.7241017e+01         -inf  6.89329e+05  1.72410e+01  1.84884e+01
7.839927872e+00  1.7764172e+01         -inf  6.89329e+05  1.77642e+01  1.89550e+01
7.871287583e+00  1.7860584e+01         -inf  6.89329e+05  1.78606e+01  1.90583e+01
7.902772733e+00  1.6972575e+01         -inf  6.89329e+05  1.69726e+01  1.82940e+01
7.934383824e+00  1.6493384e+01         -inf  6.89329e+05  1.64934e+01  1.79158e+01
7.966121360e+00  1.5418547e+01         -inf  6.89329e+05  1.54185e+01  1.69946e+01
7.997985845e+00  1.4883241e+01         -inf  6.89329e+05  1.48832e+01  1.65517e+01
8.029977788e+00  1.4828540e+01         -inf  6.89329e+05  1.48285e+01  1.65445e+01
8.062097700e+00  1.4283442e+01         -inf  6.89329e+05  1.42834e+01  1.60940e+01
8.094346090e+00  1.4035245e+01         -inf  6.89329e+05  1.40352e+01  1.59011e+01
8.126723475e+00  1.3673701e+01         -inf  6.89329e+05  1.36737e+01  1.56087e+01
8.159230369e+00  1.3425760e+01         -inf  6.89329e+05  1.34258e+01  1.54137e+01
8.191867290e+00  1.3492900e+01         -inf  6.89329e+05  1.34929e+01  1.55162e+01
8.224634759e+00  1.3229156e+01         -inf  6.89329e+05  1.32292e+01  1.53044e+01
8.257533298e+00  1.3231597e+01         -inf  6.89329e+05  1.32316e+01  1.53496e+01
8.290563432e+00  1.3095897e+01         -inf  6.89329e+05  1.30959e+01  1.52592e+01
8.323725685e+00  1.3219485e+01         -inf  6.89329e+05  1.32195e+01  1.54235e+01
8.357020588e+00  1.3294657e+01         -inf  6.89329e+05  1.32947e+01  1.55395e+01
8.390448670e+00  1.3519633e+01         -inf  6.89329e+05  1.35196e+01  1.58000e+01
8.424010465e+00  1.3675720e+01         -inf  6.89329e+05  1.36757e+01  1.59943e+01
8.457706507e+00  1.3907740e+01         -inf  6.89329e+05  1.39077e+01  1.62579e+01
8.491537333e+00  1.4056860e+01         -inf  6.89329e+05  1.40569e+01  1.64552e+01
8.525503482e+00  1.4197846e+01         -inf  6.89329e+05  1.41978e+01  1.66463e+01
8.559605496e+00  1.4178032e+01         -inf  6.89329e+05  1.41780e+01  1.66886e+01
8.593843918e+00  1.4378190e+01         -inf  6.89329e+05  1.43782e+01  1.69215e+01
8.628219294e+00  1.4608407e+01         -inf  6.89329e+05  1.46084e+01  1.71887e+01
8.662732171e+00  1.4531723e+01         -inf  6.89329e+05  1.45317e+01  1.71606e+01
8.697383100e+00  1.4976756e+01         -inf  6.89329e+05  1.49768e+01  1.76568e+01
8.732172632e+00  1.4989496e+01         -inf  6.89329e+05  1.49895e+01  1.77297e+01
8.767101323e+00  1.5019957e+01         -inf  6.89329e+05  1.50200e+01  1.78173e+01
8.802169728e+00  1.5875861e+01         -inf  6.89329e+05  1.58759e+01  1.87135e+01
8.837378407e+00  1.6029316e+01         -inf  6.89329e+05  1.60293e+01  1.89081e+01
8.872727920e+00  1.5772680e+01         -inf  6.89329e+05  1.57727e+01  1.87001e+01
8.908218832e+00  1.5765165e+01         -inf  6.89329e+05  1.57652e+01  1.87460e+01
8.943851707e+00  1.5869412e+01         -inf  6.89329e+05  1.58694e+01  1.89082e+01
8.979627114e+00  1.5435988e+01         -inf  6.89329e+05  1.54360e+01  1.85481e+01
9.015545623e+00  1.4838057e+01         -inf  6.89329e+05  1.48381e+01  1.80277e+01
9.051607805e+00  1.5191379e+01         -inf  6.89329e+05  1.51914e+01  1.84379e+01
9.087814236e+00  1.5228382e+01         -inf  6.89329e+05  1.52284e+01  1.85416e+01
9.124165493e+00  1.5283638e+01         -inf  6.89329e+05  1.52836e+01  1.86801e+01
9.160662155e+00  1.5503717e+01         -inf  6.89329e+05  1.55037e+01  1.89995e+01
9.197304804e+00  1.6106098e+01         -inf  6.89329e+05  1.61061e+01  1.96580e+01
9.234094023e+00  1.5554910e+01         -inf  6.89329e+05  1.55549e+01  1.91436e+01
9.271030399e+00  1.5391204e+01         -inf  6.89329e+05  1.53912e+01  1.90134e+01
9.308114521e+00  1.5759665e+01         -inf  6.89329e+05  1.57597e+01  1.94454e+01
9.345346979e+00  1.7468765e+01         -inf  6.89329e+05  1.74688e+01  2.11760e+01
9.382728367e+00  2.4394146e+01         -inf  6.89329e+05  2.43941e+01  2.76765e+01
9.420259280e+00  3.0258683e+01         -inf  6.89329e+05  3.02587e+01  3.26105e+01
9.457940318e+00  3.2358901e+01         -inf  6.89329e+05  3.23589e+01  3.42731e+01
9.495772079e+00  3.3683079e+01         -inf  6.89329e+05  3.36831e+01  3.53109e+01
9.533755167e+00  3.2230553e+01         -inf  6.89329e+05  3.22306e+01  3.42059e+01
9.571890188e+00  2.6445791e+01         -inf  6.89329e+05  2.64458e+01  2.96280e+01
9.610177749e+00  3.2333265e+01         -inf  6.89329e+05  3.23333e+01  3.44179e+01
9.648618460e+00  3.2935836e+01         -inf  6.89329e+05  3.29358e+01  3.50890e+01
9.687212933e+00  3.1253893e+01         -inf  6.89329e+05  3.12539e+01  3.37671e+01
9.725961785e+00  3.0302016e+01         -inf  6.89329e+05  3.03020e+01  3.28768e+01
9.764865632e+00  3.0469642e+01         -inf  6.89329e+05  3.04696e+01  3.30902e+01
9.803925095e+00  2.9551903e+01         -inf  6.89329e+05  2.95519e+01  3.24182e+01
9.843140795e+00  2.8261312e+01         -inf  6.89329e+05  2.82613e+01  3.14378e+01
9.882513358e+00  2.6419707e+01         -inf  6.89329e+05  2.64197e+01  3.00191e+01
9.922043412e+00  2.4576102e+01         -inf  6.89329e+05  2.45761e+01  2.85598e+01
9.961731585e+00  2.2772215e+01         -inf  6.89329e+05  2.27722e+01  2.70966e+01
1.000157851e+01  2.0550289e+01         -inf  6.89329e+05  2.05503e+01  2.51869e+01
1.004158483e+01  1.7797174e+01         -inf  6.89329e+05  1.77972e+01  2.27261e+01
1.008175117e+01  1.6266745e+01         -inf  6.89329e+05  1.62667e+01  2.13880e+01
1.012207817e+01  1.4171583e+01         -inf  6.89329e+05  1.41716e+01  1.95013e+01
1.016256648e+01  1.2621704e+01         -inf  6.89329e+05  1.26217e+01  1.80990e+01
1.020321675e+01  1.1292151e+01         -inf  6.89329e+05  1.12922e+01  1.68699e+01
1.024402962e+01  1.0539455e+01         -inf  6.89329e+05  1.05395e+01  1.61975e+01
1.028500573e+01  1.0076411e+01         -inf  6.89329e+05  1.00764e+01  1.58083e+01
1.032614576e+01  9.6960673e+00         -inf  6.89329e+05  9.69607e+00  1.55252e+01
1.036745034e+01  9.3088456e+00         -inf  6.89329e+05  9.30885e+00  1.52696e+01
1.040892014e+01  9.0604456e+00         -inf  6.89329e+05  9.06045e+00  1.50964e+01
1.045055582e+01  9.0680762e+00         -inf  6.89329e+05  9.06808e+00  1.52193e+01
1.049235805e+01  8.9376169e+00         -inf  6.89329e+05  8.93762e+00  1.51754e+01
1.053432748e+01  8.8475964e+00         -inf  6.89329e+05  8.84760e+00  1.51763e+01
1.057646479e+01  8.7286985e+00         -inf  6.89329e+05  8.72870e+00  1.51631e+01
1.061877065e+01  8.5938392e+00         -inf  6.89329e+05  8.59384e+00  1.51386e+01
1.066124573e+01  8.4554672e+00         -inf  6.89329e+05  8.45547e+00  1.51090e+01
1.070389071e+01  8.3184551e+00         -inf  6.89329e+05  8.31846e+00  1.50752e+01
1.074670627e+01  8.1965075e+00         -inf  6.89329e+05  8.19651e+00  1.50471e+01
1.078969310e+01  8.0704367e+00         -inf  6.89329e+05  8.07044e+00  1.50194e+01
1.083285187e+01  7.9511412e+00         -inf  6.89329e+05  7.95114e+00  1.50015e+01
1.087618328e+01  7.8505045e+00         -inf  6.89329e+05  7.85050e+00  1.49939e+01
1.091968801e+01  7.7456255e+00         -inf  6.89329e+05  7.74563e+00  1.49863e+01
1.096336676e+01  7.6404705e+00         -inf  6.89329e+05  7.64047e+00  1.49835e+01
1.100722023e+01  7.5435262e+00         -inf  6.89329e+05  7.54353e+00  1.49839e+01
1.105124911e+01  7.4366046e+00         -inf  6.89329e+05  7.43660e+00  1.49824e+01
1.109545411e+01  7.3341578e+00         -inf  6.89329e+05  7.33416e+00  1.49838e+01
1.113983593e+01  7.2246147e+00         -inf  6.89329e+05  7.22461e+00  1.49797e+01
1.118439527e+01  7.1173715e+00         -inf  6.89329e+05  7.11737e+00  1.49778e+01
1.122913285e+01  7.0051529e+00         -inf  6.89329e+05  7.00515e+00  1.49768e+01
1.127404938e+01  6.8924795e+00         -inf  6.89329e+05  6.89248e+00  1.49746e+01
1.131914558e+01  6.7785081e+00         -inf  6.89329e+05  6.77851e+00  1.49745e+01
1.136442216e+01  6.6611056e+00         -inf  6.89329e+05  6.66111e+00  1.49742e+01
1.140987985e+01  6.5430934e+00         -inf  6.89329e+05  6.54309e+00  1.49745e+01
1.145551937e+01  6.4254190e+00         -inf  6.89329e+05  6.42542e+00  1.49745e+01
1.150134145e+01  6.3058622e+00         -inf  6.89329e+05  6.30586e+00  1.49745e+01
1.154734681e+01  6.1758681e+00         -inf  6.89329e+05  6.17587e+00  1.49766e+01
1.159353620e+01  6.0452857e+00         -inf  6.89329e+05  6.04529e+00  1.49782e+01
1.163991035e+01  5.9333896e+00         -inf  6.89329e+05  5.93339e+00  1.49757e+01
1.168646999e+01  5.8078332e+00         -inf  6.89329e+05  5.80783e+00  1.49784e+01
1.173321587e+01  5.6817344e+00         -inf  6.89329e+05  5.68173e+00  1.49808e+01
1.178014873e+01  5.5530396e+00         -inf  6.89329e+05  5.55304e+00  1.49828e+01
1.182726932e+01  5.4248274e+00         -inf  6.89329e+05  5.42483e+00  1.49883e+01
1.187457840e+01  5.2951121e+00         -inf  6.89329e+05  5.29511e+00  1.49897e+01
1.192207672e+01  5.1730732e+00         -inf  6.89329e+05  5.17307e+00  1.50010e+01
1.196976502e+01  5.0384825e+00         -inf  6.89329e+05  5.03848e+00  1.50034e+01
1.201764408e+01  4.9144249e+00         -inf  6.89329e+05  4.91442e+00  1.50262e+01
1.206571466e+01  4.7125437e+00         -inf  6.89329e+05  4.71254e+00  1.50683e+01
1.211397752e+01  4.6399109e+00         -inf  6.89329e+05  4.63991e+00  1.50548e+01
1.216243343e+01  4.5409001e+00         -inf  6.89329e+05  4.54090e+00  1.51172e+01
1.221108316e+01  4.3950550e+00         -inf  6.89329e+05  4.39505e+00  1.51291e+01
1.225992749e+01  4.3397051e+00         -inf  6.89329e+05  4.33971e+00  1.52151e+01
1.230896720e+01  4.2590121e+00         -inf  6.89329e+05  4.25901e+00  1.52679e+01
1.235820307e+01  4.1960339e+00         -inf  6.89329e+05  4.19603e+00  1.53340e+01
1.240763589e+01  4.1845639e+00         -inf  6.89329e+05  4.18456e+00  1.54520e+01
1.245726643e+01  4.0362322e+00         -inf  6.89329e+05  4.03623e+00  1.54492e+01
1.250709549e+01  4.0660953e+00         -inf  6.89329e+05  4.06610e+00  1.56313e+01
1.255712388e+01  3.8209411e+00         -inf  6.89329e+05  3.82094e+00  1.55808e+01
1.260735237e+01  4.8889289e+00         -inf  6.89329e+05  4.88893e+00  1.62453e+01
1.265778178e+01  4.6213164e+00         -inf  6.89329e+05  4.62132e+00  1.62405e+01
1.270841291e+01  3.6234002e+00         -inf  6.89329e+05  3.62340e+00  1.58804e+01
1.275924656e+01  3.8144292e+00         -inf  6.89329e+05  3.81443e+00  1.62019e+01
1.281028355e+01  3.6527780e+00         -inf  6.89329e+05  3.65278e+00  1.62127e+01
1.286152468e+01  3.8722439e+00         -inf  6.89329e+05  3.87224e+00  1.65294e+01
1.291297078e+01  3.7504037e+00         -inf  6.89329e+05  3.75040e+00  1.64803e+01
1.296462266e+01  4.6036107e+00         -inf  6.89329e+05  4.60361e+00  1.72744e+01
1.301648115e+01  4.2855019e+00         -inf  6.89329e+05  4.28550e+00  1.68447e+01
1.306854708e+01  5.1658502e+00         -inf  6.89329e+05  5.16585e+00  1.76767e+01
1.312082127e+01  5.0528563e+00         -inf  6.89329e+05  5.05286e+00  1.73695e+01
1.317330455e+01  6.0389724e+00         -inf  6.89329e+05  6.03897e+00  1.77836e+01
1.322599777e+01  7.8000147e+00         -inf  6.89329e+05  7.80001e+00  1.87176e+01
1.327890176e+01  7.8970430e+00         -inf  6.89329e+05  7.89704e+00  1.84099e+01
1.333201737e+01  1.0206836e+01         -inf  6.89329e+05  1.02068e+01  2.01725e+01
1.338534544e+01  9.7719522e+00         -inf  6.89329e+05  9.77195e+00  1.93926e+01
1.343888682e+01  1.2201207e+01         -inf  6.89329e+05  1.22012e+01  2.13253e+01
1.349264237e+01  1.7279321e+01         -inf  6.89329e+05  1.72793e+01  2.46396e+01
1.354661294e+01  1.4027055e+01         -inf  6.89329e+05  1.40271e+01  2.22118e+01
1.360079939e+01  1.5088826e+01         -inf  6.89329e+05  1.50888e+01  2.32228e+01
1.365520258e+01  1.4625233e+01         -inf  6.89329e+05  1.46252e+01  2.28232e+01
1.370982339e+01  1.5281885e+01         -inf  6.89329e+05  1.52819e+01  2.37403e+01
1.376466269e+01  1.3158479e+01         -inf  6.89329e+05  1.31585e+01  2.21085e+01
1.381972134e+01  1.5581143e+01         -inf  6.89329e+05  1.55811e+01  2.42256e+01
1.387500022e+01  2.8094824e+01         -inf  6.89329e+05  2.80948e+01  3.38509e+01
1.393050023e+01  1.8692683e+01         -inf  6.89329e+05  1.86927e+01  2.61217e+01
1.398622223e+01  1.7100820e+01         -inf  6.89329e+05  1.71008e+01  2.49527e+01
1.404216712e+01  1.8978719e+01         -inf  6.89329e+05  1.89787e+01  2.62456e+01
1.409833578e+01  1.9791411e+01         -inf  6.89329e+05  1.97914e+01  2.68112e+01
1.415472913e+01  2.1449700e+01         -inf  6.89329e+05  2.14497e+01  2.79314e+01
1.421134804e+01  2.4166298e+01         -inf  6.89329e+05  2.41663e+01  3.01974e+01
1.426819344e+01  2.5441831e+01         -inf  6.89329e+05  2.54418e+01  3.11433e+01
1.432526621e+01  2.6446310e+01         -inf  6.89329e+05  2.64463e+01  3.19987e+01
1.438256727e+01  2.9094019e+01         -inf  6.89329e+05  2.90940e+01  3.44423e+01
1.444009754e+01  3.0382297e+01         -inf  6.89329e+05  3.03823e+01  3.57986e+01
1.449785793e+01  3.0463098e+01         -inf  6.89329e+05  3.04631e+01  3.58135e+01
1.455584937e+01  3.1895555e+01         -inf  6.89329e+05  3.18956e+01  3.73971e+01
1.461407276e+01  3.3300723e+01         -inf  6.89329e+05  3.33007e+01  3.90043e+01
1.467252905e+01  3.3166306e+01         -inf  6.89329e+05  3.31663e+01  3.89276e+01
1.473121917e+01  3.3257891e+01         -inf  6.89329e+05  3.32579e+01  3.91194e+01
1.479014405e+01  3.4392573e+01         -inf  6.89329e+05  3.43926e+01  4.04636e+01
1.484930462e+01  3.3952249e+01         -inf  6.89329e+05  3.39522e+01  4.00552e+01
1.490870184e+01  3.4425360e+01         -inf  6.89329e+05  3.44254e+01  4.06890e+01
1.496833665e+01  4.7116299e+01         -inf  6.89329e+05  4.71163e+01  5.36818e+01
1.502821000e+01  3.5046288e+01         -inf  6.89329e+05  3.50463e+01  4.14427e+01
1.508832284e+01  3.5893657e+01         -inf  6.89329e+05  3.58937e+01  4.24661e+01
1.514867613e+01  3.3241510e+01         -inf  6.89329e+05  3.32415e+01  3.97544e+01
1.520927083e+01  3.1851261e+01         -inf  6.89329e+05  3.18513e+01  3.82960e+01
1.527010791e+01  3.2492647e+01         -inf  6.89329e+05  3.24926e+01  3.91247e+01
1.533118835e+01  3.2834851e+01         -inf  6.89329e+05  3.28349e+01  3.96064e+01
1.539251310e+01  3.4410236e+01         -inf  6.89329e+05  3.44102e+01  4.13728e+01
1.545408315e+01  3.0741935e+01         -inf  6.89329e+05  3.07419e+01  3.76173e+01
1.551589948e+01  3.0207603e+01         -inf  6.89329e+05  3.02076e+01  3.71193e+01
1.557796308e+01  2.8219159e+01         -inf  6.89329e+05  2.82192e+01  3.52595e+01
1.564027493e+01  2.6038836e+01         -inf  6.89329e+05  2.60388e+01  3.32734e+01
1.570283603e+01  2.5978759e+01         -inf  6.89329e+05  2.59788e+01  3.34636e+01
1.576564738e+01  2.4204976e+01         -inf  6.89329e+05  2.42050e+01  3.20246e+01
1.582870997e+01  2.1913560e+01         -inf  6.89329e+05  2.19136e+01  3.03789e+01
1.589202481e+01  2.0328462e+01         -inf  6.89329e+05  2.03285e+01  2.92787e+01
1.595559291e+01  1.6661003e+01         -inf  6.89329e+05  1.66610e+01  2.67885e+01
1.601941528e+01  1.6138785e+01         -inf  6.89329e+05  1.61388e+01  2.66833e+01
1.608349294e+01  1.0789977e+01         -inf  6.89329e+05  1.07900e+01  2.33818e+01
1.614782691e+01  1.3663472e+01         -inf  6.89329e+05  1.36635e+01  2.53733e+01
1.621241822e+01  2.2705141e+01         -inf  6.89329e+05  2.27051e+01  3.22927e+01
1.627726789e+01  1.0462029e+01         -inf  6.89329e+05  1.04620e+01  2.34714e+01
1.634237696e+01  7.8390178e+00         -inf  6.89329e+05  7.83902e+00  2.18849e+01
1.640774647e+01  9.9081972e+00         -inf  6.89329e+05  9.90820e+00  2.33052e+01
1.647337746e+01  9.1563821e+00         -inf  6.89329e+05  9.15638e+00  2.31657e+01
1.653927097e+01  7.5304334e+00         -inf  6.89329e+05  7.53043e+00  2.20017e+01
1.660542805e+01  6.3722549e+00         -inf  6.89329e+05  6.37225e+00  2.14165e+01
1.667184976e+01  5.0324432e+00         -inf  6.89329e+05  5.03244e+00  2.08793e+01
1.673853716e+01  1.0691485e+01         -inf  6.89329e+05  1.06915e+01  2.46864e+01
1.680549131e+01  3.7796974e+00         -inf  6.89329e+05  3.77970e+00  2.06139e+01
1.687271328e+01  2.0577131e+00         -inf  6.89329e+05  2.05771e+00  1.95862e+01
1.694020413e+01  1.5189769e+00         -inf  6.89329e+05  1.51898e+00  1.97083e+01
1.700796495e+01  1.1573284e-01         -inf  6.89329e+05  1.15733e-01  1.88399e+01
1.707599681e+01 -3.2106227e+00         -inf  6.89329e+05 -3.21062e+00  1.75824e+01
1.714430079e+01 -3.6371186e+00         -inf  6.89329e+05 -3.63712e+00  1.75403e+01
1.721287800e+01 -5.1251950e+00         -inf  6.89329e+05 -5.12520e+00  1.69802e+01
1.728172951e+01 -6.5876171e+00         -inf  6.89329e+05 -6.58762e+00  1.66922e+01
1.735085643e+01 -6.8808849e+00         -inf  6.89329e+05 -6.88088e+00  1.67519e+01
1.742025985e+01 -9.3687223e+00         -inf  6.89329e+05 -9.36872e+00  1.60386e+01
1.748994089e+01 -9.1020336e+00         -inf  6.89329e+05 -9.10203e+00  1.61343e+01
1.755990065e+01 -1.0310152e+01         -inf  6.89329e+05 -1.03102e+01  1.59022e+01
1.763014026e+01 -1.1203334e+01         -inf  6.89329e+05 -1.12033e+01  1.56110e+01
1.770066082e+01 -1.1669367e+01         -inf  6.89329e+05 -1.16694e+01  1.55527e+01
1.777146346e+01 -1.2169966e+01         -inf  6.89329e+05 -1.21700e+01  1.54958e+01
1.784254932e+01 -1.2991117e+01         -inf  6.89329e+05 -1.29911e+01  1.53151e+01
1.791391951e+01 -1.3174338e+01         -inf  6.89329e+05 -1.31743e+01  1.52533e+01
1.798557519e+01 -1.3601878e+01         -inf  6.89329e+05 -1.36019e+01  1.51943e+01
1.805751749e+01 -1.4010689e+01         -inf  6.89329e+05 -1.40107e+01  1.51207e+01
1.812974756e+01 -1.4150639e+01         -inf  6.89329e+05 -1.41506e+01  1.51500e+01
1.820226655e+01 -1.4588084e+01         -inf  6.89329e+05 -1.45881e+01  1.50605e+01
1.827507562e+01 -1.4181397e+01         -inf  6.89329e+05 -1.41814e+01  1.51829e+01
1.834817592e+01 -1.0211738e+01         -inf  6.89329e+05 -1.02117e+01  1.65287e+01
1.842156862e+01 -1.5210840e+01         -inf  6.89329e+05 -1.52108e+01  1.50240e+01
1.849525490e+01 -1.5492612e+01         -inf  6.89329e+05 -1.54926e+01  1.50249e+01
1.856923592e+01 -1.5475001e+01         -inf  6.89329e+05 -1.54750e+01  1.50885e+01
1.864351286e+01 -1.5622436e+01         -inf  6.89329e+05 -1.56224e+01  1.50989e+01
1.871808691e+01 -1.5779266e+01         -inf  6.89329e+05 -1.57793e+01  1.51103e+01
1.879295926e+01 -1.5972128e+01         -inf  6.89329e+05 -1.59721e+01  1.50889e+01
1.886813110e+01 -1.6323487e+01         -inf  6.89329e+05 -1.63235e+01  1.50432e+01
1.894360362e+01 -1.6302073e+01         -inf  6.89329e+05 -1.63021e+01  1.50999e+01
1.901937804e+01 -1.6618100e+01         -inf  6.89329e+05 -1.66181e+01  1.50648e+01
1.909545555e+01 -1.6892780e+01         -inf  6.89329e+05 -1.68928e+01  1.50313e+01
1.917183737e+01 -1.7017067e+01         -inf  6.89329e+05 -1.70171e+01  1.50546e+01
1.924852472e+01 -1.7323444e+01         -inf  6.89329e+05 -1.73234e+01  1.50205e+01
1.932551882e+01 -1.7459917e+01         -inf  6.89329e+05 -1.74599e+01  1.50301e+01
1.940282089e+01 -1.7681853e+01         -inf  6.89329e+05 -1.76819e+01  1.50198e+01
1.948043218e+01 -1.7884243e+01         -inf  6.89329e+05 -1.78842e+01  1.50146e+01
1.955835391e+01 -1.8043821e+01         -inf  6.89329e+05 -1.80438e+01  1.50173e+01
1.963658732e+01 -1.8184891e+01         -inf  6.89329e+05 -1.81849e+01  1.50211e+01
1.971513367e+01 -1.8386638e+01         -inf  6.89329e+05 -1.83866e+01  1.50179e+01
1.979399421e+01 -1.8577126e+01         -inf  6.89329e+05 -1.85771e+01  1.50146e+01
1.987317018e+01 -1.8743277e+01         -inf  6.89329e+05 -1.87433e+01  1.50157e+01
1.995266286e+01 -1.8906532e+01         -inf  6.89329e+05 -1.89065e+01  1.50170e+01
