# WARNING | PUMAS | The provided atmospheric molar mass (18.8 g/mol) differs notably from the calculated molar mass (29.0 g/mol)
# WARNING | GENERATOR | Too many electrons per pixel (up to 9.04e+13) detected in the 1.54-19.95 um spectral range. Reduce exposure time per frame to less than 0.000 seconds.
# ------------------------------------------------------------------------
# Radiance spectrum
# NASA-GSFC Planetary Spectrum Generator (PSG) (Villanueva et al. 2018, 2022)
# Synthesized on Tue May 12 15:28:18 2026
# Doppler velocities [km/s] (vobs,vrot+vorb,vwidth,vrfl,vstr): 29.00000,-0.00000,0.00000,0.00000,-0.00000
# ------------------------------------------------------------------------
# Spectra synthesized with the Planetary and Universal Model of Atmospheric Scattering (PUMAS, Villanueva et al. 2018, 2022)
# Single scattering radiative transfer method
# Radiative transfer took 7.730 seconds
# ------------------------------------------------------------------------
# Spectral unit: Wavelength [um]
# Radiance unit: Contrast [transit atmospheric thickness, km]
# Wave/freq Total Noise Stellar Earth Transit
2.000000000e-01  6.2645237e+01         -inf  6.89329e+05  6.26452e+01  6.26452e+01
2.008000000e-01  6.2593705e+01         -inf  6.89329e+05  6.25937e+01  6.25937e+01
2.016032000e-01  6.2559475e+01         -inf  6.89329e+05  6.25595e+01  6.25595e+01
2.024096128e-01  6.2532016e+01         -inf  6.89329e+05  6.25320e+01  6.25320e+01
2.032192513e-01  6.2531640e+01         -inf  6.89329e+05  6.25316e+01  6.25316e+01
2.040321283e-01  6.2645990e+01         -inf  6.89329e+05  6.26460e+01  6.26460e+01
2.048482568e-01  6.2758456e+01         -inf  6.89329e+05  6.27585e+01  6.27585e+01
2.056676498e-01  6.2982632e+01         -inf  6.89329e+05  6.29826e+01  6.29826e+01
2.064903204e-01  6.3268482e+01         -inf  6.89329e+05  6.32685e+01  6.32685e+01
2.073162817e-01  6.3543788e+01         -inf  6.89329e+05  6.35438e+01  6.35438e+01
2.081455468e-01  6.3850297e+01         -inf  6.89329e+05  6.38503e+01  6.38503e+01
2.089781290e-01  6.4141750e+01         -inf  6.89329e+05  6.41417e+01  6.41417e+01
2.098140415e-01  6.4532839e+01         -inf  6.89329e+05  6.45328e+01  6.45328e+01
2.106532977e-01  6.5040844e+01         -inf  6.89329e+05  6.50408e+01  6.50408e+01
2.114959109e-01  6.5508955e+01         -inf  6.89329e+05  6.55090e+01  6.55090e+01
2.123418945e-01  6.6198087e+01         -inf  6.89329e+05  6.61981e+01  6.61981e+01
2.131912621e-01  6.6956687e+01         -inf  6.89329e+05  6.69567e+01  6.69567e+01
2.140440271e-01  6.7267920e+01         -inf  6.89329e+05  6.72679e+01  6.72679e+01
2.149002032e-01  6.7837724e+01         -inf  6.89329e+05  6.78377e+01  6.78377e+01
2.157598041e-01  6.8428146e+01         -inf  6.89329e+05  6.84281e+01  6.84281e+01
2.166228433e-01  6.9010247e+01         -inf  6.89329e+05  6.90102e+01  6.90102e+01
2.174893346e-01  6.9570127e+01         -inf  6.89329e+05  6.95701e+01  6.95701e+01
2.183592920e-01  7.0124322e+01         -inf  6.89329e+05  7.01243e+01  7.01243e+01
2.192327292e-01  7.0679597e+01         -inf  6.89329e+05  7.06796e+01  7.06796e+01
2.201096601e-01  7.1235576e+01         -inf  6.89329e+05  7.12356e+01  7.12356e+01
2.209900987e-01  7.1744179e+01         -inf  6.89329e+05  7.17442e+01  7.17442e+01
2.218740591e-01  7.2281286e+01         -inf  6.89329e+05  7.22813e+01  7.22813e+01
2.227615553e-01  7.2799571e+01         -inf  6.89329e+05  7.27996e+01  7.27996e+01
2.236526016e-01  7.3291152e+01         -inf  6.89329e+05  7.32912e+01  7.32912e+01
2.245472120e-01  7.3808604e+01         -inf  6.89329e+05  7.38086e+01  7.38086e+01
2.254454008e-01  7.4255803e+01         -inf  6.89329e+05  7.42558e+01  7.42558e+01
2.263471824e-01  7.4749526e+01         -inf  6.89329e+05  7.47495e+01  7.47495e+01
2.272525711e-01  7.5194407e+01         -inf  6.89329e+05  7.51944e+01  7.51944e+01
2.281615814e-01  7.5640759e+01         -inf  6.89329e+05  7.56408e+01  7.56408e+01
2.290742278e-01  7.6089332e+01         -inf  6.89329e+05  7.60893e+01  7.60893e+01
2.299905247e-01  7.6478195e+01         -inf  6.89329e+05  7.64782e+01  7.64782e+01
2.309104868e-01  7.6909071e+01         -inf  6.89329e+05  7.69091e+01  7.69091e+01
2.318341287e-01  7.7270863e+01         -inf  6.89329e+05  7.72709e+01  7.72709e+01
2.327614652e-01  7.7682172e+01         -inf  6.89329e+05  7.76822e+01  7.76822e+01
2.336925111e-01  7.8014276e+01         -inf  6.89329e+05  7.80143e+01  7.80143e+01
2.346272811e-01  7.8388390e+01         -inf  6.89329e+05  7.83884e+01  7.83884e+01
2.355657903e-01  7.8708452e+01         -inf  6.89329e+05  7.87085e+01  7.87085e+01
2.365080534e-01  7.9021744e+01         -inf  6.89329e+05  7.90217e+01  7.90217e+01
2.374540856e-01  7.9347777e+01         -inf  6.89329e+05  7.93478e+01  7.93478e+01
2.384039020e-01  7.9627649e+01         -inf  6.89329e+05  7.96276e+01  7.96276e+01
2.393575176e-01  7.9894755e+01         -inf  6.89329e+05  7.98948e+01  7.98948e+01
2.403149477e-01  8.0183607e+01         -inf  6.89329e+05  8.01836e+01  8.01836e+01
2.412762074e-01  8.0399675e+01         -inf  6.89329e+05  8.03997e+01  8.03997e+01
2.422413123e-01  8.0633365e+01         -inf  6.89329e+05  8.06334e+01  8.06334e+01
2.432102775e-01  8.0858044e+01         -inf  6.89329e+05  8.08580e+01  8.08580e+01
2.441831186e-01  8.1039958e+01         -inf  6.89329e+05  8.10400e+01  8.10400e+01
2.451598511e-01  8.1231618e+01         -inf  6.89329e+05  8.12316e+01  8.12316e+01
2.461404905e-01  8.1386892e+01         -inf  6.89329e+05  8.13869e+01  8.13869e+01
2.471250525e-01  8.1511408e+01         -inf  6.89329e+05  8.15114e+01  8.15114e+01
2.481135527e-01  8.1639298e+01         -inf  6.89329e+05  8.16393e+01  8.16393e+01
2.491060069e-01  8.1784812e+01         -inf  6.89329e+05  8.17848e+01  8.17848e+01
2.501024309e-01  8.1872193e+01         -inf  6.89329e+05  8.18722e+01  8.18722e+01
2.511028406e-01  8.1865443e+01         -inf  6.89329e+05  8.18654e+01  8.18654e+01
2.521072520e-01  8.2025202e+01         -inf  6.89329e+05  8.20252e+01  8.20252e+01
2.531156810e-01  8.1994825e+01         -inf  6.89329e+05  8.19948e+01  8.19948e+01
2.541281437e-01  8.2017701e+01         -inf  6.89329e+05  8.20177e+01  8.20177e+01
2.551446563e-01  8.2079204e+01         -inf  6.89329e+05  8.20792e+01  8.20792e+01
2.561652349e-01  8.1996700e+01         -inf  6.89329e+05  8.19967e+01  8.19967e+01
2.571898959e-01  8.1907820e+01         -inf  6.89329e+05  8.19078e+01  8.19078e+01
2.582186555e-01  8.1946448e+01         -inf  6.89329e+05  8.19464e+01  8.19464e+01
2.592515301e-01  8.1841066e+01         -inf  6.89329e+05  8.18411e+01  8.18411e+01
2.602885362e-01  8.1713930e+01         -inf  6.89329e+05  8.17139e+01  8.17139e+01
2.613296904e-01  8.1615671e+01         -inf  6.89329e+05  8.16157e+01  8.16157e+01
2.623750091e-01  8.1494906e+01         -inf  6.89329e+05  8.14949e+01  8.14949e+01
2.634245092e-01  8.1220741e+01         -inf  6.89329e+05  8.12207e+01  8.12207e+01
2.644782072e-01  8.1192986e+01         -inf  6.89329e+05  8.11930e+01  8.11930e+01
2.655361200e-01  8.0915057e+01         -inf  6.89329e+05  8.09151e+01  8.09151e+01
2.665982645e-01  8.0675751e+01         -inf  6.89329e+05  8.06758e+01  8.06758e+01
2.676646576e-01  8.0453690e+01         -inf  6.89329e+05  8.04537e+01  8.04537e+01
2.687353162e-01  8.0055688e+01         -inf  6.89329e+05  8.00557e+01  8.00557e+01
2.698102574e-01  7.9928143e+01         -inf  6.89329e+05  7.99281e+01  7.99281e+01
2.708894985e-01  7.9462579e+01         -inf  6.89329e+05  7.94626e+01  7.94626e+01
2.719730565e-01  7.9195455e+01         -inf  6.89329e+05  7.91955e+01  7.91955e+01
2.730609487e-01  7.8828517e+01         -inf  6.89329e+05  7.88285e+01  7.88285e+01
2.741531925e-01  7.8266439e+01         -inf  6.89329e+05  7.82664e+01  7.82664e+01
2.752498053e-01  7.7959114e+01         -inf  6.89329e+05  7.79591e+01  7.79591e+01
2.763508045e-01  7.7479148e+01         -inf  6.89329e+05  7.74791e+01  7.74791e+01
2.774562077e-01  7.6997644e+01         -inf  6.89329e+05  7.69976e+01  7.69976e+01
2.785660325e-01  7.6475193e+01         -inf  6.89329e+05  7.64752e+01  7.64752e+01
2.796802967e-01  7.5969590e+01         -inf  6.89329e+05  7.59696e+01  7.59696e+01
2.807990178e-01  7.5317166e+01         -inf  6.89329e+05  7.53172e+01  7.53172e+01
2.819222139e-01  7.4674437e+01         -inf  6.89329e+05  7.46744e+01  7.46744e+01
2.830499028e-01  7.4164188e+01         -inf  6.89329e+05  7.41642e+01  7.41642e+01
2.841821024e-01  7.3434601e+01         -inf  6.89329e+05  7.34346e+01  7.34346e+01
2.853188308e-01  7.2726713e+01         -inf  6.89329e+05  7.27267e+01  7.27267e+01
2.864601061e-01  7.2076589e+01         -inf  6.89329e+05  7.20766e+01  7.20766e+01
2.876059465e-01  7.1282531e+01         -inf  6.89329e+05  7.12825e+01  7.12825e+01
2.887563703e-01  7.0441038e+01         -inf  6.89329e+05  7.04410e+01  7.04410e+01
2.899113958e-01  6.9652790e+01         -inf  6.89329e+05  6.96528e+01  6.96528e+01
2.910710414e-01  6.8849038e+01         -inf  6.89329e+05  6.88490e+01  6.88490e+01
2.922353256e-01  6.7912140e+01         -inf  6.89329e+05  6.79121e+01  6.79121e+01
2.934042669e-01  6.7041263e+01         -inf  6.89329e+05  6.70413e+01  6.70413e+01
2.945778839e-01  6.6201095e+01         -inf  6.89329e+05  6.62011e+01  6.62011e+01
2.957561955e-01  6.5220196e+01         -inf  6.89329e+05  6.52202e+01  6.52202e+01
2.969392202e-01  6.4328648e+01         -inf  6.89329e+05  6.43286e+01  6.43286e+01
2.981269771e-01  6.3348593e+01         -inf  6.89329e+05  6.33486e+01  6.33486e+01
2.993194850e-01  6.2463932e+01         -inf  6.89329e+05  6.24639e+01  6.24639e+01
3.005167630e-01  6.1563349e+01         -inf  6.89329e+05  6.15633e+01  6.15633e+01
3.017188300e-01  6.0579486e+01         -inf  6.89329e+05  6.05795e+01  6.05795e+01
3.029257054e-01  5.9666973e+01         -inf  6.89329e+05  5.96670e+01  5.96670e+01
3.041374082e-01  5.8843531e+01         -inf  6.89329e+05  5.88435e+01  5.88435e+01
3.053539578e-01  5.7790365e+01         -inf  6.89329e+05  5.77904e+01  5.77904e+01
3.065753736e-01  5.7067954e+01         -inf  6.89329e+05  5.70680e+01  5.70680e+01
3.078016751e-01  5.5990022e+01         -inf  6.89329e+05  5.59900e+01  5.59900e+01
3.090328818e-01  5.5291887e+01         -inf  6.89329e+05  5.52919e+01  5.52919e+01
3.102690134e-01  5.4206878e+01         -inf  6.89329e+05  5.42069e+01  5.42069e+01
3.115100894e-01  5.3555633e+01         -inf  6.89329e+05  5.35556e+01  5.35556e+01
3.127561298e-01  5.2436801e+01         -inf  6.89329e+05  5.24368e+01  5.24368e+01
3.140071543e-01  5.1859603e+01         -inf  6.89329e+05  5.18596e+01  5.18596e+01
3.152631829e-01  5.0839960e+01         -inf  6.89329e+05  5.08400e+01  5.08400e+01
3.165242356e-01  4.9865761e+01         -inf  6.89329e+05  4.98658e+01  4.98658e+01
3.177903326e-01  4.9425155e+01         -inf  6.89329e+05  4.94252e+01  4.94252e+01
3.190614939e-01  4.7934260e+01         -inf  6.89329e+05  4.79343e+01  4.79343e+01
3.203377399e-01  4.7789487e+01         -inf  6.89329e+05  4.77895e+01  4.77895e+01
3.216190908e-01  4.6097966e+01         -inf  6.89329e+05  4.60980e+01  4.60980e+01
3.229055672e-01  4.6300097e+01         -inf  6.89329e+05  4.63001e+01  4.63001e+01
3.241971895e-01  4.3685854e+01         -inf  6.89329e+05  4.36859e+01  4.36859e+01
3.254939782e-01  4.4815265e+01         -inf  6.89329e+05  4.48153e+01  4.48153e+01
3.267959541e-01  4.1702679e+01         -inf  6.89329e+05  4.17027e+01  4.17027e+01
3.281031380e-01  4.3097304e+01         -inf  6.89329e+05  4.30973e+01  4.30973e+01
3.294155505e-01  3.9275699e+01         -inf  6.89329e+05  3.92757e+01  3.92757e+01
3.307332127e-01  4.1012423e+01         -inf  6.89329e+05  4.10124e+01  4.10124e+01
3.320561456e-01  3.8754326e+01         -inf  6.89329e+05  3.87543e+01  3.87543e+01
3.333843702e-01  3.8429626e+01         -inf  6.89329e+05  3.84296e+01  3.84296e+01
3.347179076e-01  3.7420347e+01         -inf  6.89329e+05  3.74203e+01  3.74203e+01
3.360567793e-01  3.5667994e+01         -inf  6.89329e+05  3.56680e+01  3.56680e+01
3.374010064e-01  3.7298410e+01         -inf  6.89329e+05  3.72984e+01  3.72984e+01
3.387506104e-01  3.4803764e+01         -inf  6.89329e+05  3.48038e+01  3.48038e+01
3.401056128e-01  3.5265547e+01         -inf  6.89329e+05  3.52655e+01  3.52655e+01
3.414660353e-01  3.3962163e+01         -inf  6.89329e+05  3.39622e+01  3.39622e+01
3.428318994e-01  3.3543400e+01         -inf  6.89329e+05  3.35434e+01  3.35434e+01
3.442032270e-01  3.4352300e+01         -inf  6.89329e+05  3.43523e+01  3.43523e+01
3.455800399e-01  3.3223612e+01         -inf  6.89329e+05  3.32236e+01  3.32236e+01
3.469623601e-01  3.2945340e+01         -inf  6.89329e+05  3.29453e+01  3.29453e+01
3.483502095e-01  3.2605985e+01         -inf  6.89329e+05  3.26060e+01  3.26060e+01
3.497436104e-01  3.2357466e+01         -inf  6.89329e+05  3.23575e+01  3.23575e+01
3.511425848e-01  3.2429536e+01         -inf  6.89329e+05  3.24295e+01  3.24295e+01
3.525471552e-01  3.2230519e+01         -inf  6.89329e+05  3.22305e+01  3.22305e+01
3.539573438e-01  3.1874232e+01         -inf  6.89329e+05  3.18742e+01  3.18742e+01
3.553731732e-01  3.1741493e+01         -inf  6.89329e+05  3.17415e+01  3.17415e+01
3.567946659e-01  3.1600247e+01         -inf  6.89329e+05  3.16002e+01  3.16002e+01
3.582218445e-01  3.1452308e+01         -inf  6.89329e+05  3.14523e+01  3.14523e+01
3.596547319e-01  3.1376712e+01         -inf  6.89329e+05  3.13767e+01  3.13767e+01
3.610933508e-01  3.1210850e+01         -inf  6.89329e+05  3.12109e+01  3.12109e+01
3.625377242e-01  3.1053225e+01         -inf  6.89329e+05  3.10532e+01  3.10532e+01
3.639878751e-01  3.0931129e+01         -inf  6.89329e+05  3.09311e+01  3.09311e+01
3.654438266e-01  3.0826042e+01         -inf  6.89329e+05  3.08260e+01  3.08260e+01
3.669056019e-01  3.0690673e+01         -inf  6.89329e+05  3.06907e+01  3.06907e+01
3.683732243e-01  3.0575979e+01         -inf  6.89329e+05  3.05760e+01  3.05760e+01
3.698467172e-01  3.0454668e+01         -inf  6.89329e+05  3.04547e+01  3.04547e+01
3.713261041e-01  3.0332976e+01         -inf  6.89329e+05  3.03330e+01  3.03330e+01
3.728114085e-01  3.0213929e+01         -inf  6.89329e+05  3.02139e+01  3.02139e+01
3.743026542e-01  3.0102062e+01         -inf  6.89329e+05  3.01021e+01  3.01021e+01
3.757998648e-01  2.9982557e+01         -inf  6.89329e+05  2.99826e+01  2.99826e+01
3.773030642e-01  2.9866490e+01         -inf  6.89329e+05  2.98665e+01  2.98665e+01
3.788122765e-01  2.9750458e+01         -inf  6.89329e+05  2.97505e+01  2.97505e+01
3.803275256e-01  2.9637222e+01         -inf  6.89329e+05  2.96372e+01  2.96372e+01
3.818488357e-01  2.9524325e+01         -inf  6.89329e+05  2.95243e+01  2.95243e+01
3.833762310e-01  2.9411652e+01         -inf  6.89329e+05  2.94117e+01  2.94117e+01
3.849097360e-01  2.9296482e+01         -inf  6.89329e+05  2.92965e+01  2.92965e+01
3.864493749e-01  2.9183805e+01         -inf  6.89329e+05  2.91838e+01  2.91838e+01
3.879951724e-01  2.9073320e+01         -inf  6.89329e+05  2.90733e+01  2.90733e+01
3.895471531e-01  2.8963702e+01         -inf  6.89329e+05  2.89637e+01  2.89637e+01
3.911053417e-01  2.8850982e+01         -inf  6.89329e+05  2.88510e+01  2.88510e+01
3.926697631e-01  2.8741662e+01         -inf  6.89329e+05  2.87417e+01  2.87417e+01
3.942404421e-01  2.8635518e+01         -inf  6.89329e+05  2.86355e+01  2.86355e+01
3.958174039e-01  2.8529031e+01         -inf  6.89329e+05  2.85290e+01  2.85290e+01
3.974006735e-01  2.8416114e+01         -inf  6.89329e+05  2.84161e+01  2.84161e+01
3.989902762e-01  2.8305805e+01         -inf  6.89329e+05  2.83058e+01  2.83058e+01
4.005862373e-01  2.8202187e+01         -inf  6.89329e+05  2.82022e+01  2.82022e+01
4.021885823e-01  2.8101101e+01         -inf  6.89329e+05  2.81011e+01  2.81011e+01
4.037973366e-01  2.7993092e+01         -inf  6.89329e+05  2.79931e+01  2.79931e+01
4.054125259e-01  2.7884099e+01         -inf  6.89329e+05  2.78841e+01  2.78841e+01
4.070341760e-01  2.7787811e+01         -inf  6.89329e+05  2.77878e+01  2.77878e+01
4.086623127e-01  2.7699389e+01         -inf  6.89329e+05  2.76994e+01  2.76994e+01
4.102969620e-01  2.7601169e+01         -inf  6.89329e+05  2.76012e+01  2.76012e+01
4.119381498e-01  2.7489559e+01         -inf  6.89329e+05  2.74896e+01  2.74896e+01
4.135859024e-01  2.7378137e+01         -inf  6.89329e+05  2.73781e+01  2.73781e+01
4.152402460e-01  2.7285888e+01         -inf  6.89329e+05  2.72859e+01  2.72859e+01
4.169012070e-01  2.7203473e+01         -inf  6.89329e+05  2.72035e+01  2.72035e+01
4.185688119e-01  2.7103581e+01         -inf  6.89329e+05  2.71036e+01  2.71036e+01
4.202430871e-01  2.6997863e+01         -inf  6.89329e+05  2.69979e+01  2.69979e+01
4.219240595e-01  2.6920437e+01         -inf  6.89329e+05  2.69204e+01  2.69204e+01
4.236117557e-01  2.6869222e+01         -inf  6.89329e+05  2.68692e+01  2.68692e+01
4.253062027e-01  2.6809950e+01         -inf  6.89329e+05  2.68100e+01  2.68100e+01
4.270074275e-01  2.6704606e+01         -inf  6.89329e+05  2.67046e+01  2.67046e+01
4.287154572e-01  2.6576790e+01         -inf  6.89329e+05  2.65768e+01  2.65768e+01
4.304303191e-01  2.6481429e+01         -inf  6.89329e+05  2.64814e+01  2.64814e+01
4.321520403e-01  2.6434182e+01         -inf  6.89329e+05  2.64342e+01  2.64342e+01
4.338806485e-01  2.6364201e+01         -inf  6.89329e+05  2.63642e+01  2.63642e+01
4.356161711e-01  2.6255558e+01         -inf  6.89329e+05  2.62556e+01  2.62556e+01
4.373586358e-01  2.6181603e+01         -inf  6.89329e+05  2.61816e+01  2.61816e+01
4.391080703e-01  2.6187315e+01         -inf  6.89329e+05  2.61873e+01  2.61873e+01
4.408645026e-01  2.6223328e+01         -inf  6.89329e+05  2.62233e+01  2.62233e+01
4.426279606e-01  2.6217086e+01         -inf  6.89329e+05  2.62171e+01  2.62171e+01
4.443984725e-01  2.6097546e+01         -inf  6.89329e+05  2.60975e+01  2.60975e+01
4.461760664e-01  2.5927122e+01         -inf  6.89329e+05  2.59271e+01  2.59271e+01
4.479607706e-01  2.5842759e+01         -inf  6.89329e+05  2.58428e+01  2.58428e+01
4.497526137e-01  2.5862999e+01         -inf  6.89329e+05  2.58630e+01  2.58630e+01
4.515516242e-01  2.5827702e+01         -inf  6.89329e+05  2.58277e+01  2.58277e+01
4.533578307e-01  2.5715229e+01         -inf  6.89329e+05  2.57152e+01  2.57152e+01
4.551712620e-01  2.5673538e+01         -inf  6.89329e+05  2.56735e+01  2.56735e+01
4.569919470e-01  2.5781056e+01         -inf  6.89329e+05  2.57811e+01  2.57811e+01
4.588199148e-01  2.5963931e+01         -inf  6.89329e+05  2.59639e+01  2.59639e+01
4.606551945e-01  2.6121379e+01         -inf  6.89329e+05  2.61214e+01  2.61214e+01
4.624978152e-01  2.6087181e+01         -inf  6.89329e+05  2.60872e+01  2.60872e+01
4.643478065e-01  2.5851498e+01         -inf  6.89329e+05  2.58515e+01  2.58515e+01
4.662051977e-01  2.5655833e+01         -inf  6.89329e+05  2.56558e+01  2.56558e+01
4.680700185e-01  2.5681559e+01         -inf  6.89329e+05  2.56816e+01  2.56816e+01
4.699422986e-01  2.5768345e+01         -inf  6.89329e+05  2.57683e+01  2.57683e+01
4.718220678e-01  2.5717348e+01         -inf  6.89329e+05  2.57173e+01  2.57173e+01
4.737093561e-01  2.5663513e+01         -inf  6.89329e+05  2.56635e+01  2.56635e+01
4.756041935e-01  2.5790968e+01         -inf  6.89329e+05  2.57910e+01  2.57910e+01
4.775066103e-01  2.6124064e+01         -inf  6.89329e+05  2.61241e+01  2.61241e+01
4.794166367e-01  2.6541612e+01         -inf  6.89329e+05  2.65416e+01  2.65416e+01
4.813343033e-01  2.6882574e+01         -inf  6.89329e+05  2.68826e+01  2.68826e+01
4.832596405e-01  2.6895435e+01         -inf  6.89329e+05  2.68954e+01  2.68954e+01
4.851926790e-01  2.6618854e+01         -inf  6.89329e+05  2.66189e+01  2.66189e+01
4.871334497e-01  2.6374604e+01         -inf  6.89329e+05  2.63746e+01  2.63746e+01
4.890819835e-01  2.6402293e+01         -inf  6.89329e+05  2.64023e+01  2.64023e+01
4.910383115e-01  2.6559125e+01         -inf  6.89329e+05  2.65591e+01  2.65591e+01
4.930024647e-01  2.6597784e+01         -inf  6.89329e+05  2.65978e+01  2.65978e+01
4.949744746e-01  2.6601680e+01         -inf  6.89329e+05  2.66017e+01  2.66017e+01
4.969543725e-01  2.6793647e+01         -inf  6.89329e+05  2.67936e+01  2.67936e+01
4.989421900e-01  2.7245532e+01         -inf  6.89329e+05  2.72455e+01  2.72455e+01
5.009379587e-01  2.7848814e+01         -inf  6.89329e+05  2.78488e+01  2.78488e+01
5.029417106e-01  2.8450527e+01         -inf  6.89329e+05  2.84505e+01  2.84505e+01
5.049534774e-01  2.8818840e+01         -inf  6.89329e+05  2.88188e+01  2.88188e+01
5.069732913e-01  2.8810105e+01         -inf  6.89329e+05  2.88101e+01  2.88101e+01
5.090011845e-01  2.8564956e+01         -inf  6.89329e+05  2.85650e+01  2.85650e+01
5.110371892e-01  2.8393954e+01         -inf  6.89329e+05  2.83940e+01  2.83940e+01
5.130813380e-01  2.8464821e+01         -inf  6.89329e+05  2.84648e+01  2.84648e+01
5.151336633e-01  2.8667055e+01         -inf  6.89329e+05  2.86671e+01  2.86671e+01
5.171941980e-01  2.8837936e+01         -inf  6.89329e+05  2.88379e+01  2.88379e+01
5.192629748e-01  2.8994897e+01         -inf  6.89329e+05  2.89949e+01  2.89949e+01
5.213400267e-01  2.9242034e+01         -inf  6.89329e+05  2.92420e+01  2.92420e+01
5.234253868e-01  2.9648640e+01         -inf  6.89329e+05  2.96486e+01  2.96486e+01
5.255190883e-01  3.0177258e+01         -inf  6.89329e+05  3.01773e+01  3.01773e+01
5.276211647e-01  3.0738833e+01         -inf  6.89329e+05  3.07388e+01  3.07388e+01
5.297316493e-01  3.1239956e+01         -inf  6.89329e+05  3.12400e+01  3.12400e+01
5.318505759e-01  3.1587963e+01         -inf  6.89329e+05  3.15880e+01  3.15880e+01
5.339779782e-01  3.1719609e+01         -inf  6.89329e+05  3.17196e+01  3.17196e+01
5.361138902e-01  3.1678222e+01         -inf  6.89329e+05  3.16782e+01  3.16782e+01
5.382583457e-01  3.1663708e+01         -inf  6.89329e+05  3.16637e+01  3.16637e+01
5.404113791e-01  3.1826912e+01         -inf  6.89329e+05  3.18269e+01  3.18269e+01
5.425730246e-01  3.2109580e+01         -inf  6.89329e+05  3.21096e+01  3.21096e+01
5.447433167e-01  3.2371147e+01         -inf  6.89329e+05  3.23711e+01  3.23711e+01
5.469222900e-01  3.2548807e+01         -inf  6.89329e+05  3.25488e+01  3.25488e+01
5.491099791e-01  3.2674500e+01         -inf  6.89329e+05  3.26745e+01  3.26745e+01
5.513064191e-01  3.2799245e+01         -inf  6.89329e+05  3.27992e+01  3.27992e+01
5.535116447e-01  3.2958226e+01         -inf  6.89329e+05  3.29582e+01  3.29582e+01
5.557256913e-01  3.3182575e+01         -inf  6.89329e+05  3.31826e+01  3.31826e+01
5.579485941e-01  3.3514871e+01         -inf  6.89329e+05  3.35149e+01  3.35149e+01
5.601803884e-01  3.3937113e+01         -inf  6.89329e+05  3.39371e+01  3.39371e+01
5.624211100e-01  3.4355246e+01         -inf  6.89329e+05  3.43552e+01  3.43552e+01
5.646707944e-01  3.4683817e+01         -inf  6.89329e+05  3.46838e+01  3.46838e+01
5.669294776e-01  3.4928846e+01         -inf  6.89329e+05  3.49288e+01  3.49288e+01
5.691971955e-01  3.5148065e+01         -inf  6.89329e+05  3.51481e+01  3.51481e+01
5.714739843e-01  3.5354130e+01         -inf  6.89329e+05  3.53541e+01  3.53541e+01
5.737598803e-01  3.5467227e+01         -inf  6.89329e+05  3.54672e+01  3.54672e+01
5.760549198e-01  3.5418573e+01         -inf  6.89329e+05  3.54186e+01  3.54186e+01
5.783591395e-01  3.5247679e+01         -inf  6.89329e+05  3.52477e+01  3.52477e+01
5.806725760e-01  3.5031524e+01         -inf  6.89329e+05  3.50315e+01  3.50315e+01
5.829952663e-01  3.4835271e+01         -inf  6.89329e+05  3.48353e+01  3.48353e+01
5.853272474e-01  3.4698702e+01         -inf  6.89329e+05  3.46987e+01  3.46987e+01
5.876685564e-01  3.4639654e+01         -inf  6.89329e+05  3.46397e+01  3.46397e+01
5.900192306e-01  3.4677017e+01         -inf  6.89329e+05  3.46770e+01  3.46770e+01
5.923793075e-01  3.4855633e+01         -inf  6.89329e+05  3.48556e+01  3.48556e+01
5.947488247e-01  3.5182705e+01         -inf  6.89329e+05  3.51827e+01  3.51827e+01
5.971278200e-01  3.5553578e+01         -inf  6.89329e+05  3.55536e+01  3.55536e+01
5.995163313e-01  3.5851303e+01         -inf  6.89329e+05  3.58513e+01  3.58513e+01
6.019143966e-01  3.5981124e+01         -inf  6.89329e+05  3.59811e+01  3.59811e+01
6.043220542e-01  3.5912645e+01         -inf  6.89329e+05  3.59126e+01  3.59126e+01
6.067393425e-01  3.5671355e+01         -inf  6.89329e+05  3.56714e+01  3.56714e+01
6.091662998e-01  3.5308724e+01         -inf  6.89329e+05  3.53087e+01  3.53087e+01
6.116029650e-01  3.4897906e+01         -inf  6.89329e+05  3.48979e+01  3.48979e+01
6.140493769e-01  3.4491747e+01         -inf  6.89329e+05  3.44917e+01  3.44917e+01
6.165055744e-01  3.4117034e+01         -inf  6.89329e+05  3.41170e+01  3.41170e+01
6.189715967e-01  3.3785676e+01         -inf  6.89329e+05  3.37857e+01  3.37857e+01
6.214474831e-01  3.3498359e+01         -inf  6.89329e+05  3.34984e+01  3.34984e+01
6.239332730e-01  3.3226598e+01         -inf  6.89329e+05  3.32266e+01  3.32266e+01
6.264290061e-01  3.2938953e+01         -inf  6.89329e+05  3.29390e+01  3.29390e+01
6.289347221e-01  3.2615432e+01         -inf  6.89329e+05  3.26154e+01  3.26154e+01
6.314504610e-01  3.2276551e+01         -inf  6.89329e+05  3.22766e+01  3.22766e+01
6.339762629e-01  3.1922496e+01         -inf  6.89329e+05  3.19225e+01  3.19225e+01
6.365121679e-01  3.1519890e+01         -inf  6.89329e+05  3.15199e+01  3.15199e+01
6.390582166e-01  3.1088266e+01         -inf  6.89329e+05  3.10883e+01  3.10883e+01
6.416144494e-01  3.0642966e+01         -inf  6.89329e+05  3.06430e+01  3.06430e+01
6.441809072e-01  3.0244022e+01         -inf  6.89329e+05  3.02440e+01  3.02440e+01
6.467576309e-01  2.9866868e+01         -inf  6.89329e+05  2.98669e+01  2.98669e+01
6.493446614e-01  2.9503378e+01         -inf  6.89329e+05  2.95034e+01  2.95034e+01
6.519420400e-01  2.9162707e+01         -inf  6.89329e+05  2.91627e+01  2.91627e+01
6.545498082e-01  2.8800009e+01         -inf  6.89329e+05  2.88000e+01  2.88000e+01
6.571680074e-01  2.8426778e+01         -inf  6.89329e+05  2.84268e+01  2.84268e+01
6.597966795e-01  2.8062980e+01         -inf  6.89329e+05  2.80630e+01  2.80630e+01
6.624358662e-01  2.7709940e+01         -inf  6.89329e+05  2.77099e+01  2.77099e+01
6.650856096e-01  2.7322538e+01         -inf  6.89329e+05  2.73225e+01  2.73225e+01
6.677459521e-01  2.6892484e+01         -inf  6.89329e+05  2.68925e+01  2.68925e+01
6.704169359e-01  2.6460018e+01         -inf  6.89329e+05  2.64600e+01  2.64600e+01
6.730986036e-01  2.6044320e+01         -inf  6.89329e+05  2.60443e+01  2.60443e+01
6.757909981e-01  2.5657498e+01         -inf  6.89329e+05  2.56575e+01  2.56575e+01
6.784941620e-01  2.5288964e+01         -inf  6.89329e+05  2.52890e+01  2.52890e+01
6.812081387e-01  2.4980607e+01         -inf  6.89329e+05  2.49806e+01  2.49806e+01
6.839329712e-01  2.4738338e+01         -inf  6.89329e+05  2.47383e+01  2.47383e+01
6.866687031e-01  2.4450993e+01         -inf  6.89329e+05  2.44510e+01  2.44510e+01
6.894153779e-01  2.4073081e+01         -inf  6.89329e+05  2.40731e+01  2.40731e+01
6.921730395e-01  2.3692346e+01         -inf  6.89329e+05  2.36923e+01  2.36923e+01
6.949417316e-01  2.3325629e+01         -inf  6.89329e+05  2.33256e+01  2.33256e+01
6.977214985e-01  2.2972025e+01         -inf  6.89329e+05  2.29720e+01  2.29720e+01
7.005123845e-01  2.2658484e+01         -inf  6.89329e+05  2.26585e+01  2.26585e+01
7.033144341e-01  2.2409578e+01         -inf  6.89329e+05  2.24096e+01  2.24096e+01
7.061276918e-01  2.2212824e+01         -inf  6.89329e+05  2.22128e+01  2.22128e+01
7.089522026e-01  2.2043924e+01         -inf  6.89329e+05  2.20439e+01  2.20439e+01
7.117880114e-01  2.1907536e+01         -inf  6.89329e+05  2.19075e+01  2.19075e+01
7.146351634e-01  2.1836635e+01         -inf  6.89329e+05  2.18366e+01  2.18366e+01
7.174937041e-01  2.1691574e+01         -inf  6.89329e+05  2.16916e+01  2.16916e+01
7.203636789e-01  2.1375131e+01         -inf  6.89329e+05  2.13751e+01  2.13751e+01
7.232451336e-01  2.1076958e+01         -inf  6.89329e+05  2.10770e+01  2.10770e+01
7.261381142e-01  2.0867517e+01         -inf  6.89329e+05  2.08675e+01  2.08675e+01
7.290426666e-01  2.0640047e+01         -inf  6.89329e+05  2.06400e+01  2.06400e+01
7.319588373e-01  2.0453499e+01         -inf  6.89329e+05  2.04535e+01  2.04535e+01
7.348866726e-01  2.0354108e+01         -inf  6.89329e+05  2.03541e+01  2.03541e+01
7.378262193e-01  2.0297161e+01         -inf  6.89329e+05  2.02972e+01  2.02972e+01
7.407775242e-01  2.0272133e+01         -inf  6.89329e+05  2.02721e+01  2.02721e+01
7.437406343e-01  2.0323515e+01         -inf  6.89329e+05  2.03235e+01  2.03235e+01
7.467155968e-01  2.0395569e+01         -inf  6.89329e+05  2.03956e+01  2.03956e+01
7.497024592e-01  2.0283152e+01         -inf  6.89329e+05  2.02832e+01  2.02832e+01
7.527012690e-01  1.9936536e+01         -inf  6.89329e+05  1.99365e+01  1.99365e+01
7.557120741e-01  1.9614856e+01         -inf  6.89329e+05  1.96149e+01  1.96149e+01
7.587349224e-01  1.9414304e+01         -inf  6.89329e+05  1.94143e+01  1.94143e+01
7.617698621e-01  1.9294031e+01         -inf  6.89329e+05  1.92940e+01  1.92940e+01
7.648169416e-01  1.9207574e+01         -inf  6.89329e+05  1.92076e+01  1.92076e+01
7.678762093e-01  1.9155237e+01         -inf  6.89329e+05  1.91552e+01  1.91552e+01
7.709477142e-01  1.9164515e+01         -inf  6.89329e+05  1.91645e+01  1.91645e+01
7.740315050e-01  1.9282897e+01         -inf  6.89329e+05  1.92829e+01  1.92829e+01
7.771276310e-01  1.9471638e+01         -inf  6.89329e+05  1.94716e+01  1.94716e+01
7.802361416e-01  1.9507840e+01         -inf  6.89329e+05  1.95078e+01  1.95078e+01
7.833570861e-01  1.9281950e+01         -inf  6.89329e+05  1.92820e+01  1.92820e+01
7.864905145e-01  1.8994284e+01         -inf  6.89329e+05  1.89943e+01  1.89943e+01
7.896364765e-01  1.8793638e+01         -inf  6.89329e+05  1.87936e+01  1.87936e+01
7.927950224e-01  1.8632714e+01         -inf  6.89329e+05  1.86327e+01  1.86327e+01
7.959662025e-01  1.8502503e+01         -inf  6.89329e+05  1.85025e+01  1.85025e+01
7.991500673e-01  1.8425390e+01         -inf  6.89329e+05  1.84254e+01  1.84254e+01
8.023466676e-01  1.8375660e+01         -inf  6.89329e+05  1.83757e+01  1.83757e+01
8.055560543e-01  1.8377364e+01         -inf  6.89329e+05  1.83774e+01  1.83774e+01
8.087782785e-01  1.8482088e+01         -inf  6.89329e+05  1.84821e+01  1.84821e+01
8.120133916e-01  1.8640630e+01         -inf  6.89329e+05  1.86406e+01  1.86406e+01
8.152614452e-01  1.8771596e+01         -inf  6.89329e+05  1.87716e+01  1.87716e+01
8.185224910e-01  1.8746978e+01         -inf  6.89329e+05  1.87470e+01  1.87470e+01
8.217965809e-01  1.8523447e+01         -inf  6.89329e+05  1.85234e+01  1.85234e+01
8.250837672e-01  1.8227263e+01         -inf  6.89329e+05  1.82273e+01  1.82273e+01
8.283841023e-01  1.8005002e+01         -inf  6.89329e+05  1.80050e+01  1.80050e+01
8.316976387e-01  1.7867808e+01         -inf  6.89329e+05  1.78678e+01  1.78678e+01
8.350244293e-01  1.7795233e+01         -inf  6.89329e+05  1.77952e+01  1.77952e+01
8.383645270e-01  1.7766104e+01         -inf  6.89329e+05  1.77661e+01  1.77661e+01
8.417179851e-01  1.7766976e+01         -inf  6.89329e+05  1.77670e+01  1.77670e+01
8.450848570e-01  1.7806710e+01         -inf  6.89329e+05  1.78067e+01  1.78067e+01
8.484651965e-01  1.7912656e+01         -inf  6.89329e+05  1.79127e+01  1.79127e+01
8.518590573e-01  1.8123027e+01         -inf  6.89329e+05  1.81230e+01  1.81230e+01
8.552664935e-01  1.8152722e+01         -inf  6.89329e+05  1.81527e+01  1.81527e+01
8.586875595e-01  1.8007009e+01         -inf  6.89329e+05  1.80070e+01  1.80070e+01
8.621223097e-01  1.7810195e+01         -inf  6.89329e+05  1.78102e+01  1.78102e+01
8.655707989e-01  1.7632353e+01         -inf  6.89329e+05  1.76324e+01  1.76324e+01
8.690330821e-01  1.7518372e+01         -inf  6.89329e+05  1.75184e+01  1.75184e+01
8.725092145e-01  1.7442345e+01         -inf  6.89329e+05  1.74423e+01  1.74423e+01
8.759992513e-01  1.7405525e+01         -inf  6.89329e+05  1.74055e+01  1.74055e+01
8.795032483e-01  1.7401396e+01         -inf  6.89329e+05  1.74014e+01  1.74014e+01
8.830212613e-01  1.7423935e+01         -inf  6.89329e+05  1.74239e+01  1.74239e+01
8.865533464e-01  1.7453748e+01         -inf  6.89329e+05  1.74537e+01  1.74537e+01
8.900995597e-01  1.7456437e+01         -inf  6.89329e+05  1.74564e+01  1.74564e+01
8.936599580e-01  1.7442383e+01         -inf  6.89329e+05  1.74424e+01  1.74424e+01
8.972345978e-01  1.7500530e+01         -inf  6.89329e+05  1.75005e+01  1.75005e+01
9.008235362e-01  1.7470983e+01         -inf  6.89329e+05  1.74710e+01  1.74710e+01
9.044268304e-01  1.7369614e+01         -inf  6.89329e+05  1.73696e+01  1.73696e+01
9.080445377e-01  1.7276728e+01         -inf  6.89329e+05  1.72767e+01  1.72767e+01
9.116767158e-01  1.7209602e+01         -inf  6.89329e+05  1.72096e+01  1.72096e+01
9.153234227e-01  1.7166302e+01         -inf  6.89329e+05  1.71663e+01  1.71663e+01
9.189847164e-01  1.7140125e+01         -inf  6.89329e+05  1.71401e+01  1.71401e+01
9.226606552e-01  1.7124934e+01         -inf  6.89329e+05  1.71249e+01  1.71249e+01
9.263512979e-01  1.7117547e+01         -inf  6.89329e+05  1.71175e+01  1.71175e+01
9.300567031e-01  1.7112130e+01         -inf  6.89329e+05  1.71121e+01  1.71121e+01
9.337769299e-01  1.7098644e+01         -inf  6.89329e+05  1.70986e+01  1.70986e+01
9.375120376e-01  1.7122775e+01         -inf  6.89329e+05  1.71228e+01  1.71228e+01
9.412620857e-01  1.7197138e+01         -inf  6.89329e+05  1.71971e+01  1.71971e+01
9.450271341e-01  1.7237104e+01         -inf  6.89329e+05  1.72371e+01  1.72371e+01
9.488072426e-01  1.7143573e+01         -inf  6.89329e+05  1.71436e+01  1.71436e+01
9.526024716e-01  1.7059586e+01         -inf  6.89329e+05  1.70596e+01  1.70596e+01
9.564128815e-01  1.7027840e+01         -inf  6.89329e+05  1.70278e+01  1.70278e+01
9.602385330e-01  1.6995677e+01         -inf  6.89329e+05  1.69957e+01  1.69957e+01
9.640794871e-01  1.6976092e+01         -inf  6.89329e+05  1.69761e+01  1.69761e+01
9.679358051e-01  1.6956241e+01         -inf  6.89329e+05  1.69562e+01  1.69562e+01
9.718075483e-01  1.6935556e+01         -inf  6.89329e+05  1.69356e+01  1.69356e+01
9.756947785e-01  1.6920175e+01         -inf  6.89329e+05  1.69202e+01  1.69202e+01
9.795975576e-01  1.6909985e+01         -inf  6.89329e+05  1.69100e+01  1.69100e+01
9.835159478e-01  1.6907105e+01         -inf  6.89329e+05  1.69071e+01  1.69071e+01
9.874500116e-01  1.6929798e+01         -inf  6.89329e+05  1.69298e+01  1.69298e+01
9.913998117e-01  1.7029772e+01         -inf  6.89329e+05  1.70298e+01  1.70298e+01
9.953654109e-01  1.6982494e+01         -inf  6.89329e+05  1.69825e+01  1.69825e+01
9.993468726e-01  1.6906272e+01         -inf  6.89329e+05  1.69063e+01  1.69063e+01
1.003344260e+00  1.6873010e+01         -inf  6.89329e+05  1.68730e+01  1.68730e+01
1.007357637e+00  1.6855394e+01         -inf  6.89329e+05  1.68554e+01  1.68554e+01
1.011387068e+00  1.6842702e+01         -inf  6.89329e+05  1.68427e+01  1.68427e+01
1.015432616e+00  1.6832133e+01         -inf  6.89329e+05  1.68321e+01  1.68321e+01
1.019494346e+00  1.6822017e+01         -inf  6.89329e+05  1.68220e+01  1.68220e+01
1.023572324e+00  1.6813152e+01         -inf  6.89329e+05  1.68132e+01  1.68132e+01
1.027666613e+00  1.6804742e+01         -inf  6.89329e+05  1.68047e+01  1.68047e+01
1.031777280e+00  1.6797468e+01         -inf  6.89329e+05  1.67975e+01  1.67975e+01
1.035904389e+00  1.6795385e+01         -inf  6.89329e+05  1.67954e+01  1.67954e+01
1.040048006e+00  1.6795688e+01         -inf  6.89329e+05  1.67957e+01  1.67957e+01
1.044208198e+00  1.6793604e+01         -inf  6.89329e+05  1.67936e+01  1.67936e+01
1.048385031e+00  1.6811751e+01         -inf  6.89329e+05  1.68118e+01  1.68118e+01
1.052578571e+00  1.6798680e+01         -inf  6.89329e+05  1.67987e+01  1.67987e+01
1.056788885e+00  1.6762046e+01         -inf  6.89329e+05  1.67620e+01  1.67620e+01
1.061016041e+00  1.6751703e+01         -inf  6.89329e+05  1.67517e+01  1.67517e+01
1.065260105e+00  1.6749468e+01         -inf  6.89329e+05  1.67495e+01  1.67495e+01
1.069521146e+00  1.6737989e+01         -inf  6.89329e+05  1.67380e+01  1.67380e+01
1.073799230e+00  1.6729654e+01         -inf  6.89329e+05  1.67297e+01  1.67297e+01
1.078094427e+00  1.6722911e+01         -inf  6.89329e+05  1.67229e+01  1.67229e+01
1.082406805e+00  1.6716584e+01         -inf  6.89329e+05  1.67166e+01  1.67166e+01
1.086736432e+00  1.6710560e+01         -inf  6.89329e+05  1.67106e+01  1.67106e+01
1.091083378e+00  1.6705256e+01         -inf  6.89329e+05  1.67053e+01  1.67053e+01
1.095447711e+00  1.6700104e+01         -inf  6.89329e+05  1.67001e+01  1.67001e+01
1.099829502e+00  1.6693588e+01         -inf  6.89329e+05  1.66936e+01  1.66936e+01
1.104228820e+00  1.6687791e+01         -inf  6.89329e+05  1.66878e+01  1.66878e+01
1.108645735e+00  1.6683586e+01         -inf  6.89329e+05  1.66836e+01  1.66836e+01
1.113080318e+00  1.6683851e+01         -inf  6.89329e+05  1.66839e+01  1.66839e+01
1.117532640e+00  1.6683586e+01         -inf  6.89329e+05  1.66836e+01  1.66836e+01
1.122002770e+00  1.6690405e+01         -inf  6.89329e+05  1.66904e+01  1.66904e+01
1.126490781e+00  1.6701960e+01         -inf  6.89329e+05  1.67020e+01  1.67020e+01
1.130996744e+00  1.6696505e+01         -inf  6.89329e+05  1.66965e+01  1.66965e+01
1.135520731e+00  1.6700672e+01         -inf  6.89329e+05  1.67007e+01  1.67007e+01
1.140062814e+00  1.6670250e+01         -inf  6.89329e+05  1.66703e+01  1.66703e+01
1.144623065e+00  1.6665363e+01         -inf  6.89329e+05  1.66654e+01  1.66654e+01
1.149201558e+00  1.6676691e+01         -inf  6.89329e+05  1.66767e+01  1.66767e+01
1.153798364e+00  1.6708477e+01         -inf  6.89329e+05  1.67085e+01  1.67085e+01
1.158413557e+00  1.6689004e+01         -inf  6.89329e+05  1.66890e+01  1.66890e+01
1.163047212e+00  1.6714349e+01         -inf  6.89329e+05  1.67143e+01  1.67143e+01
1.167699401e+00  1.6680593e+01         -inf  6.89329e+05  1.66806e+01  1.66806e+01
1.172370198e+00  1.6657218e+01         -inf  6.89329e+05  1.66572e+01  1.66572e+01
1.177059679e+00  1.6637555e+01         -inf  6.89329e+05  1.66376e+01  1.66376e+01
1.181767918e+00  1.6626265e+01         -inf  6.89329e+05  1.66263e+01  1.66263e+01
1.186494989e+00  1.6618764e+01         -inf  6.89329e+05  1.66188e+01  1.66188e+01
1.191240969e+00  1.6611187e+01         -inf  6.89329e+05  1.66112e+01  1.66112e+01
1.196005933e+00  1.6600238e+01         -inf  6.89329e+05  1.66002e+01  1.66002e+01
1.200789957e+00  1.6667674e+01         -inf  6.89329e+05  1.66677e+01  1.66677e+01
1.205593117e+00  1.6993101e+01         -inf  6.89329e+05  1.69931e+01  1.69931e+01
1.210415489e+00  1.6758144e+01         -inf  6.89329e+05  1.67581e+01  1.67581e+01
1.215257151e+00  1.6629864e+01         -inf  6.89329e+05  1.66299e+01  1.66299e+01
1.220118180e+00  1.6897862e+01         -inf  6.89329e+05  1.68979e+01  1.68979e+01
1.224998652e+00  1.6711507e+01         -inf  6.89329e+05  1.67115e+01  1.67115e+01
1.229898647e+00  1.6589478e+01         -inf  6.89329e+05  1.65895e+01  1.65895e+01
1.234818242e+00  1.6578416e+01         -inf  6.89329e+05  1.65784e+01  1.65784e+01
1.239757515e+00  1.6565496e+01         -inf  6.89329e+05  1.65655e+01  1.65655e+01
1.244716545e+00  1.6555949e+01         -inf  6.89329e+05  1.65559e+01  1.65559e+01
1.249695411e+00  1.6553259e+01         -inf  6.89329e+05  1.65533e+01  1.65533e+01
1.254694192e+00  1.6550835e+01         -inf  6.89329e+05  1.65508e+01  1.65508e+01
1.259712969e+00  1.6547273e+01         -inf  6.89329e+05  1.65473e+01  1.65473e+01
1.264751821e+00  1.6545114e+01         -inf  6.89329e+05  1.65451e+01  1.65451e+01
1.269810828e+00  1.6538825e+01         -inf  6.89329e+05  1.65388e+01  1.65388e+01
1.274890072e+00  1.6535150e+01         -inf  6.89329e+05  1.65351e+01  1.65351e+01
1.279989632e+00  1.6532346e+01         -inf  6.89329e+05  1.65323e+01  1.65323e+01
1.285109591e+00  1.6531172e+01         -inf  6.89329e+05  1.65312e+01  1.65312e+01
1.290250029e+00  1.6557844e+01         -inf  6.89329e+05  1.65578e+01  1.65578e+01
1.295411029e+00  1.6552236e+01         -inf  6.89329e+05  1.65522e+01  1.65522e+01
1.300592673e+00  1.6522950e+01         -inf  6.89329e+05  1.65230e+01  1.65230e+01
1.305795044e+00  1.6519465e+01         -inf  6.89329e+05  1.65195e+01  1.65195e+01
1.311018224e+00  1.6541818e+01         -inf  6.89329e+05  1.65418e+01  1.65418e+01
1.316262297e+00  1.6640435e+01         -inf  6.89329e+05  1.66404e+01  1.66404e+01
1.321527346e+00  1.6603382e+01         -inf  6.89329e+05  1.66034e+01  1.66034e+01
1.326813455e+00  1.6535870e+01         -inf  6.89329e+05  1.65359e+01  1.65359e+01
1.332120709e+00  1.6628728e+01         -inf  6.89329e+05  1.66287e+01  1.66287e+01
1.337449192e+00  1.6587470e+01         -inf  6.89329e+05  1.65875e+01  1.65875e+01
1.342798989e+00  1.6611414e+01         -inf  6.89329e+05  1.66114e+01  1.66114e+01
1.348170185e+00  1.6567694e+01         -inf  6.89329e+05  1.65677e+01  1.65677e+01
1.353562866e+00  1.6579325e+01         -inf  6.89329e+05  1.65793e+01  1.65793e+01
1.358977117e+00  1.6614369e+01         -inf  6.89329e+05  1.66144e+01  1.66144e+01
1.364413026e+00  1.6623310e+01         -inf  6.89329e+05  1.66233e+01  1.66233e+01
1.369870678e+00  1.6615506e+01         -inf  6.89329e+05  1.66155e+01  1.66155e+01
1.375350160e+00  1.6618120e+01         -inf  6.89329e+05  1.66181e+01  1.66181e+01
1.380851561e+00  1.6621681e+01         -inf  6.89329e+05  1.66217e+01  1.66217e+01
1.386374967e+00  1.6620923e+01         -inf  6.89329e+05  1.66209e+01  1.66209e+01
1.391920467e+00  1.6608004e+01         -inf  6.89329e+05  1.66080e+01  1.66080e+01
1.397488149e+00  1.6600768e+01         -inf  6.89329e+05  1.66008e+01  1.66008e+01
1.403078102e+00  1.6595237e+01         -inf  6.89329e+05  1.65952e+01  1.65952e+01
1.408690414e+00  1.6580234e+01         -inf  6.89329e+05  1.65802e+01  1.65802e+01
1.414325176e+00  1.6531664e+01         -inf  6.89329e+05  1.65317e+01  1.65317e+01
1.419982476e+00  1.6510486e+01         -inf  6.89329e+05  1.65105e+01  1.65105e+01
1.425662406e+00  1.6500105e+01         -inf  6.89329e+05  1.65001e+01  1.65001e+01
1.431365056e+00  1.8787351e+01         -inf  6.89329e+05  1.87874e+01  1.87874e+01
1.437090516e+00  1.8170751e+01         -inf  6.89329e+05  1.81708e+01  1.81708e+01
1.442838878e+00  1.7441474e+01         -inf  6.89329e+05  1.74415e+01  1.74415e+01
1.448610234e+00  1.6734087e+01         -inf  6.89329e+05  1.67341e+01  1.67341e+01
1.454404675e+00  1.6489232e+01         -inf  6.89329e+05  1.64892e+01  1.64892e+01
1.460222293e+00  1.6461877e+01         -inf  6.89329e+05  1.64619e+01  1.64619e+01
1.466063182e+00  1.6457217e+01         -inf  6.89329e+05  1.64572e+01  1.64572e+01
1.471927435e+00  1.6620545e+01         -inf  6.89329e+05  1.66205e+01  1.66205e+01
1.477815145e+00  1.6582659e+01         -inf  6.89329e+05  1.65827e+01  1.65827e+01
1.483726405e+00  1.6485443e+01         -inf  6.89329e+05  1.64854e+01  1.64854e+01
1.489661311e+00  1.6455020e+01         -inf  6.89329e+05  1.64550e+01  1.64550e+01
1.495619956e+00  1.6485860e+01         -inf  6.89329e+05  1.64859e+01  1.64859e+01
1.501602436e+00  1.6460855e+01         -inf  6.89329e+05  1.64609e+01  1.64609e+01
1.507608846e+00  1.6440055e+01         -inf  6.89329e+05  1.64401e+01  1.64401e+01
1.513639281e+00  1.6440699e+01         -inf  6.89329e+05  1.64407e+01  1.64407e+01
1.519693838e+00  1.6445397e+01         -inf  6.89329e+05  1.64454e+01  1.64454e+01
1.525772614e+00  1.6482564e+01         -inf  6.89329e+05  1.64826e+01  1.64826e+01
1.531875704e+00  1.6656460e+01         -inf  6.89329e+05  1.66565e+01  1.66565e+01
1.538003207e+00  1.6737610e+01         -inf  6.89329e+05  1.67376e+01  1.67376e+01
1.544155220e+00  1.6599063e+01         -inf  6.89329e+05  1.65991e+01  1.65991e+01
1.550331841e+00  1.6434031e+01         -inf  6.89329e+05  1.64340e+01  1.64340e+01
1.556533168e+00  1.6429257e+01         -inf  6.89329e+05  1.64293e+01  1.64293e+01
1.562759301e+00  1.6434144e+01         -inf  6.89329e+05  1.64341e+01  1.64341e+01
1.569010338e+00  1.7184902e+01         -inf  6.89329e+05  1.71849e+01  1.71849e+01
1.575286379e+00  1.7643376e+01         -inf  6.89329e+05  1.76434e+01  1.76434e+01
1.581587525e+00  1.7115350e+01         -inf  6.89329e+05  1.71154e+01  1.71154e+01
1.587913875e+00  1.6495786e+01         -inf  6.89329e+05  1.64958e+01  1.64958e+01
1.594265530e+00  1.6474873e+01         -inf  6.89329e+05  1.64749e+01  1.64749e+01
1.600642593e+00  1.7566593e+01         -inf  6.89329e+05  1.75666e+01  1.75666e+01
1.607045163e+00  1.7553562e+01         -inf  6.89329e+05  1.75536e+01  1.75536e+01
1.613473344e+00  1.7068603e+01         -inf  6.89329e+05  1.70686e+01  1.70686e+01
1.619927237e+00  1.6541818e+01         -inf  6.89329e+05  1.65418e+01  1.65418e+01
1.626406946e+00  1.6502302e+01         -inf  6.89329e+05  1.65023e+01  1.65023e+01
1.632912574e+00  1.6590501e+01         -inf  6.89329e+05  1.65905e+01  1.65905e+01
1.639444224e+00  1.6776366e+01         -inf  6.89329e+05  1.67764e+01  1.67764e+01
1.646002001e+00  1.6811751e+01         -inf  6.89329e+05  1.68118e+01  1.68118e+01
1.652586009e+00  1.6736208e+01         -inf  6.89329e+05  1.67362e+01  1.67362e+01
1.659196353e+00  1.6529126e+01         -inf  6.89329e+05  1.65291e+01  1.65291e+01
1.665833138e+00  1.7028712e+01         -inf  6.89329e+05  1.70287e+01  1.70287e+01
1.672496471e+00  1.6521814e+01         -inf  6.89329e+05  1.65218e+01  1.65218e+01
1.679186457e+00  1.6559624e+01         -inf  6.89329e+05  1.65596e+01  1.65596e+01
1.685903203e+00  1.6565951e+01         -inf  6.89329e+05  1.65660e+01  1.65660e+01
1.692646815e+00  1.6567504e+01         -inf  6.89329e+05  1.65675e+01  1.65675e+01
1.699417403e+00  1.6580386e+01         -inf  6.89329e+05  1.65804e+01  1.65804e+01
1.706215072e+00  1.6749582e+01         -inf  6.89329e+05  1.67496e+01  1.67496e+01
1.713039933e+00  1.6576824e+01         -inf  6.89329e+05  1.65768e+01  1.65768e+01
1.719892092e+00  1.6554320e+01         -inf  6.89329e+05  1.65543e+01  1.65543e+01
1.726771661e+00  1.6690557e+01         -inf  6.89329e+05  1.66906e+01  1.66906e+01
1.733678747e+00  1.6553524e+01         -inf  6.89329e+05  1.65535e+01  1.65535e+01
1.740613462e+00  1.6498552e+01         -inf  6.89329e+05  1.64986e+01  1.64986e+01
1.747575916e+00  1.6462711e+01         -inf  6.89329e+05  1.64627e+01  1.64627e+01
1.754566220e+00  1.6456573e+01         -inf  6.89329e+05  1.64566e+01  1.64566e+01
1.761584485e+00  1.6456573e+01         -inf  6.89329e+05  1.64566e+01  1.64566e+01
1.768630823e+00  1.6516964e+01         -inf  6.89329e+05  1.65170e+01  1.65170e+01
1.775705346e+00  1.6563754e+01         -inf  6.89329e+05  1.65638e+01  1.65638e+01
1.782808167e+00  1.6493323e+01         -inf  6.89329e+05  1.64933e+01  1.64933e+01
1.789939400e+00  1.6628311e+01         -inf  6.89329e+05  1.66283e+01  1.66283e+01
1.797099158e+00  1.6476274e+01         -inf  6.89329e+05  1.64763e+01  1.64763e+01
1.804287554e+00  1.6477903e+01         -inf  6.89329e+05  1.64779e+01  1.64779e+01
1.811504704e+00  1.6489269e+01         -inf  6.89329e+05  1.64893e+01  1.64893e+01
1.818750723e+00  1.6467864e+01         -inf  6.89329e+05  1.64679e+01  1.64679e+01
1.826025726e+00  1.6447556e+01         -inf  6.89329e+05  1.64476e+01  1.64476e+01
1.833329829e+00  1.6454793e+01         -inf  6.89329e+05  1.64548e+01  1.64548e+01
1.840663148e+00  1.6474153e+01         -inf  6.89329e+05  1.64742e+01  1.64742e+01
1.848025801e+00  1.6480290e+01         -inf  6.89329e+05  1.64803e+01  1.64803e+01
1.855417904e+00  1.6480480e+01         -inf  6.89329e+05  1.64805e+01  1.64805e+01
1.862839576e+00  1.6473433e+01         -inf  6.89329e+05  1.64734e+01  1.64734e+01
1.870290934e+00  1.6491012e+01         -inf  6.89329e+05  1.64910e+01  1.64910e+01
1.877772098e+00  1.6828799e+01         -inf  6.89329e+05  1.68288e+01  1.68288e+01
1.885283186e+00  1.6844521e+01         -inf  6.89329e+05  1.68445e+01  1.68445e+01
1.892824319e+00  1.6517533e+01         -inf  6.89329e+05  1.65175e+01  1.65175e+01
1.900395616e+00  1.6458316e+01         -inf  6.89329e+05  1.64583e+01  1.64583e+01
1.907997199e+00  1.6445662e+01         -inf  6.89329e+05  1.64457e+01  1.64457e+01
1.915629188e+00  1.6427855e+01         -inf  6.89329e+05  1.64279e+01  1.64279e+01
1.923291704e+00  1.6410541e+01         -inf  6.89329e+05  1.64105e+01  1.64105e+01
1.930984871e+00  1.6398114e+01         -inf  6.89329e+05  1.63981e+01  1.63981e+01
1.938708811e+00  1.6612589e+01         -inf  6.89329e+05  1.66126e+01  1.66126e+01
1.946463646e+00  1.8558595e+01         -inf  6.89329e+05  1.85586e+01  1.85586e+01
1.954249500e+00  2.2421577e+01         -inf  6.89329e+05  2.24216e+01  2.24216e+01
1.962066498e+00  2.1403902e+01         -inf  6.89329e+05  2.14039e+01  2.14039e+01
1.969914764e+00  2.0055169e+01         -inf  6.89329e+05  2.00552e+01  2.00552e+01
1.977794423e+00  1.7415867e+01         -inf  6.89329e+05  1.74159e+01  1.74159e+01
1.985705601e+00  1.6774586e+01         -inf  6.89329e+05  1.67746e+01  1.67746e+01
1.993648424e+00  1.7615875e+01         -inf  6.89329e+05  1.76159e+01  1.76159e+01
2.001623017e+00  2.5216095e+01         -inf  6.89329e+05  2.52161e+01  2.52161e+01
2.009629509e+00  2.5666199e+01         -inf  6.89329e+05  2.56662e+01  2.56662e+01
2.017668027e+00  2.3944153e+01         -inf  6.89329e+05  2.39442e+01  2.39442e+01
2.025738699e+00  1.9419682e+01         -inf  6.89329e+05  1.94197e+01  1.94197e+01
2.033841654e+00  1.8329603e+01         -inf  6.89329e+05  1.83296e+01  1.83296e+01
2.041977021e+00  1.8407475e+01         -inf  6.89329e+05  1.84075e+01  1.84075e+01
2.050144929e+00  2.0501661e+01         -inf  6.89329e+05  2.05017e+01  2.05017e+01
2.058345509e+00  2.0698960e+01         -inf  6.89329e+05  2.06990e+01  2.06990e+01
2.066578891e+00  2.0342825e+01         -inf  6.89329e+05  2.03428e+01  2.03428e+01
2.074845206e+00  1.9105702e+01         -inf  6.89329e+05  1.91057e+01  1.91057e+01
2.083144587e+00  1.8122383e+01         -inf  6.89329e+05  1.81224e+01  1.81224e+01
2.091477165e+00  1.7494280e+01         -inf  6.89329e+05  1.74943e+01  1.74943e+01
2.099843074e+00  1.6926805e+01         -inf  6.89329e+05  1.69268e+01  1.69268e+01
2.108242446e+00  1.6862478e+01         -inf  6.89329e+05  1.68625e+01  1.68625e+01
2.116675416e+00  1.6702490e+01         -inf  6.89329e+05  1.67025e+01  1.67025e+01
2.125142118e+00  1.6528898e+01         -inf  6.89329e+05  1.65289e+01  1.65289e+01
2.133642686e+00  1.6422967e+01         -inf  6.89329e+05  1.64230e+01  1.64230e+01
2.142177257e+00  1.6615202e+01         -inf  6.89329e+05  1.66152e+01  1.66152e+01
2.150745966e+00  1.6766857e+01         -inf  6.89329e+05  1.67669e+01  1.67669e+01
2.159348950e+00  1.6735337e+01         -inf  6.89329e+05  1.67353e+01  1.67353e+01
2.167986346e+00  1.6684533e+01         -inf  6.89329e+05  1.66845e+01  1.66845e+01
2.176658291e+00  1.6615316e+01         -inf  6.89329e+05  1.66153e+01  1.66153e+01
2.185364924e+00  1.6468204e+01         -inf  6.89329e+05  1.64682e+01  1.64682e+01
2.194106384e+00  1.6553107e+01         -inf  6.89329e+05  1.65531e+01  1.65531e+01
2.202882810e+00  1.7275137e+01         -inf  6.89329e+05  1.72751e+01  1.72751e+01
2.211694341e+00  1.6507984e+01         -inf  6.89329e+05  1.65080e+01  1.65080e+01
2.220541118e+00  1.6690973e+01         -inf  6.89329e+05  1.66910e+01  1.66910e+01
2.229423283e+00  1.6859332e+01         -inf  6.89329e+05  1.68593e+01  1.68593e+01
2.238340976e+00  1.6954573e+01         -inf  6.89329e+05  1.69546e+01  1.69546e+01
2.247294340e+00  1.7135995e+01         -inf  6.89329e+05  1.71360e+01  1.71360e+01
2.256283517e+00  1.7318473e+01         -inf  6.89329e+05  1.73185e+01  1.73185e+01
2.265308651e+00  1.7384310e+01         -inf  6.89329e+05  1.73843e+01  1.73843e+01
2.274369886e+00  1.7569471e+01         -inf  6.89329e+05  1.75695e+01  1.75695e+01
2.283467365e+00  1.7546705e+01         -inf  6.89329e+05  1.75467e+01  1.75467e+01
2.292601235e+00  1.7844663e+01         -inf  6.89329e+05  1.78447e+01  1.78447e+01
2.301771640e+00  1.8202035e+01         -inf  6.89329e+05  1.82020e+01  1.82020e+01
2.310978726e+00  1.7094626e+01         -inf  6.89329e+05  1.70946e+01  1.70946e+01
2.320222641e+00  1.8088330e+01         -inf  6.89329e+05  1.80883e+01  1.80883e+01
2.329503532e+00  1.7523976e+01         -inf  6.89329e+05  1.75240e+01  1.75240e+01
2.338821546e+00  1.8007651e+01         -inf  6.89329e+05  1.80077e+01  1.80077e+01
2.348176832e+00  1.8323730e+01         -inf  6.89329e+05  1.83237e+01  1.83237e+01
2.357569539e+00  1.7678979e+01         -inf  6.89329e+05  1.76790e+01  1.76790e+01
2.366999817e+00  1.7905115e+01         -inf  6.89329e+05  1.79051e+01  1.79051e+01
2.376467817e+00  1.8003976e+01         -inf  6.89329e+05  1.80040e+01  1.80040e+01
2.385973688e+00  1.7210166e+01         -inf  6.89329e+05  1.72102e+01  1.72102e+01
2.395517583e+00  1.7250434e+01         -inf  6.89329e+05  1.72504e+01  1.72504e+01
2.405099653e+00  1.6890848e+01         -inf  6.89329e+05  1.68908e+01  1.68909e+01
2.414720052e+00  1.6675360e+01         -inf  6.89329e+05  1.66754e+01  1.66754e+01
2.424378932e+00  1.6860995e+01         -inf  6.89329e+05  1.68610e+01  1.68610e+01
2.434076448e+00  1.6624479e+01         -inf  6.89329e+05  1.66245e+01  1.66245e+01
2.443812753e+00  1.6530180e+01         -inf  6.89329e+05  1.65302e+01  1.65302e+01
2.453588004e+00  1.6487709e+01         -inf  6.89329e+05  1.64877e+01  1.64877e+01
2.463402356e+00  1.6445124e+01         -inf  6.89329e+05  1.64451e+01  1.64451e+01
2.473255966e+00  1.6547303e+01         -inf  6.89329e+05  1.65473e+01  1.65473e+01
2.483148990e+00  1.8390234e+01         -inf  6.89329e+05  1.83902e+01  1.83902e+01
2.493081586e+00  1.7736474e+01         -inf  6.89329e+05  1.77365e+01  1.77365e+01
2.503053912e+00  1.7288122e+01         -inf  6.89329e+05  1.72881e+01  1.72881e+01
2.513066128e+00  1.6780865e+01         -inf  6.89329e+05  1.67809e+01  1.67809e+01
2.523118392e+00  1.6571587e+01         -inf  6.89329e+05  1.65716e+01  1.65716e+01
2.533210866e+00  1.6494565e+01         -inf  6.89329e+05  1.64946e+01  1.64946e+01
2.543343709e+00  1.6467174e+01         -inf  6.89329e+05  1.64672e+01  1.64672e+01
2.553517084e+00  1.6570946e+01         -inf  6.89329e+05  1.65709e+01  1.65710e+01
2.563731152e+00  1.6863231e+01         -inf  6.89329e+05  1.68632e+01  1.68632e+01
2.573986077e+00  1.6928885e+01         -inf  6.89329e+05  1.69289e+01  1.69289e+01
2.584282021e+00  1.7201530e+01         -inf  6.89329e+05  1.72015e+01  1.72015e+01
2.594619149e+00  1.7607084e+01         -inf  6.89329e+05  1.76071e+01  1.76071e+01
2.604997626e+00  1.7514846e+01         -inf  6.89329e+05  1.75148e+01  1.75148e+01
2.615417616e+00  1.7538483e+01         -inf  6.89329e+05  1.75385e+01  1.75385e+01
2.625879287e+00  1.7263770e+01         -inf  6.89329e+05  1.72638e+01  1.72638e+01
2.636382804e+00  1.7100686e+01         -inf  6.89329e+05  1.71007e+01  1.71007e+01
2.646928335e+00  1.7065871e+01         -inf  6.89329e+05  1.70659e+01  1.70659e+01
2.657516049e+00  1.7970302e+01         -inf  6.89329e+05  1.79703e+01  1.79703e+01
2.668146113e+00  2.9934314e+01         -inf  6.89329e+05  2.99343e+01  2.99343e+01
2.678818697e+00  4.1624938e+01         -inf  6.89329e+05  4.16249e+01  4.16249e+01
2.689533972e+00  3.9944248e+01         -inf  6.89329e+05  3.99442e+01  3.99442e+01
2.700292108e+00  4.1112437e+01         -inf  6.89329e+05  4.11124e+01  4.11124e+01
2.711093276e+00  3.7026054e+01         -inf  6.89329e+05  3.70261e+01  3.70261e+01
2.721937650e+00  2.9318221e+01         -inf  6.89329e+05  2.93182e+01  2.93182e+01
2.732825400e+00  2.7085120e+01         -inf  6.89329e+05  2.70851e+01  2.70851e+01
2.743756702e+00  3.1965127e+01         -inf  6.89329e+05  3.19651e+01  3.19651e+01
2.754731729e+00  3.8463229e+01         -inf  6.89329e+05  3.84632e+01  3.84632e+01
2.765750655e+00  3.7115632e+01         -inf  6.89329e+05  3.71156e+01  3.71156e+01
2.776813658e+00  3.9845725e+01         -inf  6.89329e+05  3.98457e+01  3.98457e+01
2.787920913e+00  3.7117595e+01         -inf  6.89329e+05  3.71176e+01  3.71176e+01
2.799072596e+00  3.2780990e+01         -inf  6.89329e+05  3.27810e+01  3.27810e+01
2.810268887e+00  2.9915180e+01         -inf  6.89329e+05  2.99152e+01  2.99152e+01
2.821509962e+00  2.6579580e+01         -inf  6.89329e+05  2.65796e+01  2.65796e+01
2.832796002e+00  2.2819171e+01         -inf  6.89329e+05  2.28192e+01  2.28192e+01
2.844127186e+00  2.2341192e+01         -inf  6.89329e+05  2.23412e+01  2.23412e+01
2.855503695e+00  2.0688391e+01         -inf  6.89329e+05  2.06884e+01  2.06884e+01
2.866925710e+00  2.0180480e+01         -inf  6.89329e+05  2.01805e+01  2.01805e+01
2.878393413e+00  1.9005944e+01         -inf  6.89329e+05  1.90059e+01  1.90060e+01
2.889906986e+00  1.8492634e+01         -inf  6.89329e+05  1.84926e+01  1.84927e+01
2.901466614e+00  1.7404803e+01         -inf  6.89329e+05  1.74048e+01  1.74049e+01
2.913072481e+00  1.6700429e+01         -inf  6.89329e+05  1.67004e+01  1.67006e+01
2.924724770e+00  1.6491781e+01         -inf  6.89329e+05  1.64918e+01  1.64919e+01
2.936423670e+00  1.6403419e+01         -inf  6.89329e+05  1.64034e+01  1.64036e+01
2.948169364e+00  1.6502029e+01         -inf  6.89329e+05  1.65020e+01  1.65022e+01
2.959962042e+00  1.6918038e+01         -inf  6.89329e+05  1.69180e+01  1.69182e+01
2.971801890e+00  1.6983875e+01         -inf  6.89329e+05  1.69839e+01  1.69840e+01
2.983689097e+00  1.7146988e+01         -inf  6.89329e+05  1.71470e+01  1.71472e+01
2.995623854e+00  1.6704750e+01         -inf  6.89329e+05  1.67048e+01  1.67050e+01
3.007606349e+00  1.6631088e+01         -inf  6.89329e+05  1.66311e+01  1.66313e+01
3.019636775e+00  1.6626189e+01         -inf  6.89329e+05  1.66262e+01  1.66264e+01
3.031715322e+00  1.6439696e+01         -inf  6.89329e+05  1.64397e+01  1.64399e+01
3.043842183e+00  1.6389935e+01         -inf  6.89329e+05  1.63899e+01  1.63902e+01
3.056017552e+00  1.6403066e+01         -inf  6.89329e+05  1.64031e+01  1.64033e+01
3.068241622e+00  1.6380999e+01         -inf  6.89329e+05  1.63810e+01  1.63813e+01
3.080514588e+00  1.6367948e+01         -inf  6.89329e+05  1.63679e+01  1.63683e+01
3.092836647e+00  1.6366376e+01         -inf  6.89329e+05  1.63664e+01  1.63667e+01
3.105207993e+00  1.6382573e+01         -inf  6.89329e+05  1.63826e+01  1.63829e+01
3.117628825e+00  1.6607674e+01         -inf  6.89329e+05  1.66077e+01  1.66080e+01
3.130099341e+00  1.7831585e+01         -inf  6.89329e+05  1.78316e+01  1.78320e+01
3.142619738e+00  1.7209640e+01         -inf  6.89329e+05  1.72096e+01  1.72101e+01
3.155190217e+00  1.7438502e+01         -inf  6.89329e+05  1.74385e+01  1.74389e+01
3.167810978e+00  1.7176867e+01         -inf  6.89329e+05  1.71769e+01  1.71773e+01
3.180482222e+00  1.7859660e+01         -inf  6.89329e+05  1.78597e+01  1.78601e+01
3.193204151e+00  1.7796603e+01         -inf  6.89329e+05  1.77966e+01  1.77971e+01
3.205976967e+00  1.7978550e+01         -inf  6.89329e+05  1.79785e+01  1.79791e+01
3.218800875e+00  1.8671599e+01         -inf  6.89329e+05  1.86716e+01  1.86721e+01
3.231676079e+00  1.8465619e+01         -inf  6.89329e+05  1.84656e+01  1.84662e+01
3.244602783e+00  1.9048214e+01         -inf  6.89329e+05  1.90482e+01  1.90488e+01
3.257581194e+00  1.9147633e+01         -inf  6.89329e+05  1.91476e+01  1.91482e+01
3.270611519e+00  2.4699963e+01         -inf  6.89329e+05  2.47000e+01  2.47006e+01
3.283693965e+00  2.2963601e+01         -inf  6.89329e+05  2.29636e+01  2.29643e+01
3.296828741e+00  2.2192341e+01         -inf  6.89329e+05  2.21923e+01  2.21931e+01
3.310016056e+00  2.5440826e+01         -inf  6.89329e+05  2.54408e+01  2.54413e+01
3.323256120e+00  2.3251025e+01         -inf  6.89329e+05  2.32510e+01  2.32517e+01
3.336549144e+00  1.8327940e+01         -inf  6.89329e+05  1.83279e+01  1.83289e+01
3.349895341e+00  1.8005389e+01         -inf  6.89329e+05  1.80054e+01  1.80064e+01
3.363294922e+00  1.9156540e+01         -inf  6.89329e+05  1.91565e+01  1.91575e+01
3.376748102e+00  1.8919102e+01         -inf  6.89329e+05  1.89191e+01  1.89201e+01
3.390255094e+00  1.9012294e+01         -inf  6.89329e+05  1.90123e+01  1.90133e+01
3.403816115e+00  1.8779493e+01         -inf  6.89329e+05  1.87795e+01  1.87806e+01
3.417431379e+00  1.7843337e+01         -inf  6.89329e+05  1.78433e+01  1.78446e+01
3.431101105e+00  1.7994776e+01         -inf  6.89329e+05  1.79948e+01  1.79961e+01
3.444825509e+00  1.7763894e+01         -inf  6.89329e+05  1.77639e+01  1.77653e+01
3.458604811e+00  1.7446699e+01         -inf  6.89329e+05  1.74467e+01  1.74482e+01
3.472439231e+00  1.7877244e+01         -inf  6.89329e+05  1.78772e+01  1.78788e+01
3.486328987e+00  1.7691452e+01         -inf  6.89329e+05  1.76915e+01  1.76931e+01
3.500274303e+00  1.7170547e+01         -inf  6.89329e+05  1.71705e+01  1.71724e+01
3.514275401e+00  1.6740974e+01         -inf  6.89329e+05  1.67410e+01  1.67429e+01
3.528332502e+00  1.7043167e+01         -inf  6.89329e+05  1.70432e+01  1.70452e+01
3.542445832e+00  1.7821624e+01         -inf  6.89329e+05  1.78216e+01  1.78237e+01
3.556615616e+00  1.7094172e+01         -inf  6.89329e+05  1.70942e+01  1.70964e+01
3.570842078e+00  2.0385723e+01         -inf  6.89329e+05  2.03857e+01  2.03880e+01
3.585125446e+00  1.9055432e+01         -inf  6.89329e+05  1.90554e+01  1.90579e+01
3.599465948e+00  1.8627044e+01         -inf  6.89329e+05  1.86270e+01  1.86296e+01
3.613863812e+00  1.8496390e+01         -inf  6.89329e+05  1.84964e+01  1.84991e+01
3.628319267e+00  1.7707790e+01         -inf  6.89329e+05  1.77078e+01  1.77107e+01
3.642832544e+00  1.7492711e+01         -inf  6.89329e+05  1.74927e+01  1.74957e+01
3.657403874e+00  1.6984420e+01         -inf  6.89329e+05  1.69844e+01  1.69876e+01
3.672033490e+00  1.6869836e+01         -inf  6.89329e+05  1.68698e+01  1.68732e+01
3.686721624e+00  1.6905576e+01         -inf  6.89329e+05  1.69056e+01  1.69091e+01
3.701468510e+00  1.6692391e+01         -inf  6.89329e+05  1.66924e+01  1.66961e+01
3.716274384e+00  1.6734949e+01         -inf  6.89329e+05  1.67349e+01  1.67389e+01
3.731139482e+00  1.6790790e+01         -inf  6.89329e+05  1.67908e+01  1.67949e+01
3.746064040e+00  1.6648432e+01         -inf  6.89329e+05  1.66484e+01  1.66527e+01
3.761048296e+00  1.6558729e+01         -inf  6.89329e+05  1.65587e+01  1.65633e+01
3.776092489e+00  1.6575029e+01         -inf  6.89329e+05  1.65750e+01  1.65798e+01
3.791196859e+00  1.6736820e+01         -inf  6.89329e+05  1.67368e+01  1.67418e+01
3.806361647e+00  1.6792062e+01         -inf  6.89329e+05  1.67921e+01  1.67972e+01
3.821587093e+00  1.6625547e+01         -inf  6.89329e+05  1.66255e+01  1.66310e+01
3.836873442e+00  1.6835049e+01         -inf  6.89329e+05  1.68350e+01  1.68407e+01
3.852220935e+00  1.7181560e+01         -inf  6.89329e+05  1.71816e+01  1.71874e+01
3.867629819e+00  1.8233276e+01         -inf  6.89329e+05  1.82333e+01  1.82391e+01
3.883100338e+00  1.8924179e+01         -inf  6.89329e+05  1.89242e+01  1.89299e+01
3.898632740e+00  1.8159236e+01         -inf  6.89329e+05  1.81592e+01  1.81657e+01
3.914227271e+00  1.8538549e+01         -inf  6.89329e+05  1.85385e+01  1.85450e+01
3.929884180e+00  1.8123504e+01         -inf  6.89329e+05  1.81235e+01  1.81304e+01
3.945603716e+00  1.7507233e+01         -inf  6.89329e+05  1.75072e+01  1.75148e+01
3.961386131e+00  1.7051922e+01         -inf  6.89329e+05  1.70519e+01  1.70600e+01
3.977231676e+00  1.7080843e+01         -inf  6.89329e+05  1.70808e+01  1.70893e+01
3.993140603e+00  1.7005558e+01         -inf  6.89329e+05  1.70056e+01  1.70144e+01
4.009113165e+00  1.7295656e+01         -inf  6.89329e+05  1.72957e+01  1.73048e+01
4.025149618e+00  1.7795833e+01         -inf  6.89329e+05  1.77958e+01  1.78051e+01
4.041250216e+00  1.8340062e+01         -inf  6.89329e+05  1.83401e+01  1.83495e+01
4.057415217e+00  1.8197317e+01         -inf  6.89329e+05  1.81973e+01  1.82072e+01
4.073644878e+00  1.8607661e+01         -inf  6.89329e+05  1.86077e+01  1.86177e+01
4.089939457e+00  1.8861686e+01         -inf  6.89329e+05  1.88617e+01  1.88719e+01
4.106299215e+00  1.8751399e+01         -inf  6.89329e+05  1.87514e+01  1.87621e+01
4.122724412e+00  1.8772723e+01         -inf  6.89329e+05  1.87727e+01  1.87838e+01
4.139215310e+00  1.8920586e+01         -inf  6.89329e+05  1.89206e+01  1.89319e+01
4.155772171e+00  1.9123322e+01         -inf  6.89329e+05  1.91233e+01  1.91333e+01
4.172395260e+00  2.1895715e+01         -inf  6.89329e+05  2.18957e+01  2.18995e+01
4.189084841e+00  3.2379125e+01         -inf  6.89329e+05  3.23791e+01  3.23801e+01
4.205841180e+00  4.7382399e+01         -inf  6.89329e+05  4.73824e+01  4.73834e+01
4.222664545e+00  5.7034423e+01         -inf  6.89329e+05  5.70344e+01  5.70367e+01
4.239555203e+00  6.0540811e+01         -inf  6.89329e+05  6.05408e+01  6.05437e+01
4.256513424e+00  5.8284373e+01         -inf  6.89329e+05  5.82844e+01  5.82869e+01
4.273539477e+00  6.0922145e+01         -inf  6.89329e+05  6.09221e+01  6.09253e+01
4.290633635e+00  6.0077473e+01         -inf  6.89329e+05  6.00775e+01  6.00805e+01
4.307796170e+00  5.7678511e+01         -inf  6.89329e+05  5.76785e+01  5.76812e+01
4.325027355e+00  5.3825869e+01         -inf  6.89329e+05  5.38259e+01  5.38280e+01
4.342327464e+00  5.0774862e+01         -inf  6.89329e+05  5.07749e+01  5.07767e+01
4.359696774e+00  4.7430489e+01         -inf  6.89329e+05  4.74305e+01  4.74321e+01
4.377135561e+00  4.3298867e+01         -inf  6.89329e+05  4.32989e+01  4.33003e+01
4.394644103e+00  4.1603703e+01         -inf  6.89329e+05  4.16037e+01  4.16049e+01
4.412222680e+00  3.9661081e+01         -inf  6.89329e+05  3.96611e+01  3.96623e+01
4.429871570e+00  3.6989235e+01         -inf  6.89329e+05  3.69892e+01  3.69907e+01
4.447591057e+00  3.2713016e+01         -inf  6.89329e+05  3.27130e+01  3.27155e+01
4.465381421e+00  3.0628149e+01         -inf  6.89329e+05  3.06281e+01  3.06315e+01
4.483242946e+00  2.8778185e+01         -inf  6.89329e+05  2.87782e+01  2.87829e+01
4.501175918e+00  2.6115325e+01         -inf  6.89329e+05  2.61153e+01  2.61251e+01
4.519180622e+00  2.7383040e+01         -inf  6.89329e+05  2.73830e+01  2.73910e+01
4.537257344e+00  2.6232861e+01         -inf  6.89329e+05  2.62329e+01  2.62438e+01
4.555406374e+00  2.4473961e+01         -inf  6.89329e+05  2.44740e+01  2.44904e+01
4.573627999e+00  2.2688556e+01         -inf  6.89329e+05  2.26886e+01  2.27120e+01
4.591922511e+00  2.0340786e+01         -inf  6.89329e+05  2.03408e+01  2.03730e+01
4.610290201e+00  1.9116605e+01         -inf  6.89329e+05  1.91166e+01  1.91541e+01
4.628731362e+00  1.8152580e+01         -inf  6.89329e+05  1.81526e+01  1.81932e+01
4.647246288e+00  1.7665038e+01         -inf  6.89329e+05  1.76650e+01  1.77080e+01
4.665835273e+00  1.7364267e+01         -inf  6.89329e+05  1.73643e+01  1.74093e+01
4.684498614e+00  2.1452621e+01         -inf  6.89329e+05  2.14526e+01  2.14985e+01
4.703236608e+00  3.4198545e+01         -inf  6.89329e+05  3.41985e+01  3.42382e+01
4.722049555e+00  3.4685772e+01         -inf  6.89329e+05  3.46858e+01  3.47269e+01
4.740937753e+00  3.1354922e+01         -inf  6.89329e+05  3.13549e+01  3.13987e+01
4.759901504e+00  3.3865523e+01         -inf  6.89329e+05  3.38655e+01  3.39113e+01
4.778941110e+00  3.2379183e+01         -inf  6.89329e+05  3.23792e+01  3.24231e+01
4.798056874e+00  2.9410102e+01         -inf  6.89329e+05  2.94101e+01  2.94532e+01
4.817249102e+00  2.9072435e+01         -inf  6.89329e+05  2.90724e+01  2.91006e+01
4.836518098e+00  2.7016478e+01         -inf  6.89329e+05  2.70165e+01  2.70532e+01
4.855864171e+00  2.4328314e+01         -inf  6.89329e+05  2.43283e+01  2.43640e+01
4.875287627e+00  2.2236596e+01         -inf  6.89329e+05  2.22366e+01  2.22812e+01
4.894788778e+00  2.0460412e+01         -inf  6.89329e+05  2.04604e+01  2.05173e+01
4.914367933e+00  2.0170174e+01         -inf  6.89329e+05  2.01702e+01  2.02346e+01
4.934025405e+00  1.8852643e+01         -inf  6.89329e+05  1.88526e+01  1.89264e+01
4.953761506e+00  1.8370852e+01         -inf  6.89329e+05  1.83709e+01  1.84477e+01
4.973576552e+00  1.7705612e+01         -inf  6.89329e+05  1.77056e+01  1.77862e+01
4.993470859e+00  1.7268881e+01         -inf  6.89329e+05  1.72689e+01  1.73531e+01
5.013444742e+00  1.6876701e+01         -inf  6.89329e+05  1.68767e+01  1.69643e+01
5.033498521e+00  1.6683424e+01         -inf  6.89329e+05  1.66834e+01  1.67742e+01
5.053632515e+00  1.6546571e+01         -inf  6.89329e+05  1.65466e+01  1.66404e+01
5.073847045e+00  1.6557661e+01         -inf  6.89329e+05  1.65577e+01  1.66540e+01
5.094142433e+00  1.6633543e+01         -inf  6.89329e+05  1.66335e+01  1.67320e+01
5.114519003e+00  1.6615784e+01         -inf  6.89329e+05  1.66158e+01  1.67177e+01
5.134977079e+00  1.6458763e+01         -inf  6.89329e+05  1.64588e+01  1.65652e+01
5.155516987e+00  1.6644909e+01         -inf  6.89329e+05  1.66449e+01  1.67528e+01
5.176139055e+00  1.9395331e+01         -inf  6.89329e+05  1.93953e+01  1.94835e+01
5.196843612e+00  1.7409427e+01         -inf  6.89329e+05  1.74094e+01  1.75129e+01
5.217630986e+00  1.7969376e+01         -inf  6.89329e+05  1.79694e+01  1.80672e+01
5.238501510e+00  1.7561037e+01         -inf  6.89329e+05  1.75610e+01  1.76646e+01
5.259455516e+00  1.7262258e+01         -inf  6.89329e+05  1.72623e+01  1.73736e+01
5.280493338e+00  1.6846389e+01         -inf  6.89329e+05  1.68464e+01  1.69660e+01
5.301615311e+00  1.6656812e+01         -inf  6.89329e+05  1.66568e+01  1.67812e+01
5.322821773e+00  1.6945607e+01         -inf  6.89329e+05  1.69456e+01  1.70708e+01
5.344113060e+00  1.6694750e+01         -inf  6.89329e+05  1.66948e+01  1.68200e+01
5.365489512e+00  1.6773606e+01         -inf  6.89329e+05  1.67736e+01  1.68984e+01
5.386951470e+00  1.6833503e+01         -inf  6.89329e+05  1.68335e+01  1.69578e+01
5.408499276e+00  1.6920770e+01         -inf  6.89329e+05  1.69208e+01  1.70446e+01
5.430133273e+00  1.6985156e+01         -inf  6.89329e+05  1.69852e+01  1.71091e+01
5.451853806e+00  1.7063157e+01         -inf  6.89329e+05  1.70632e+01  1.71864e+01
5.473661221e+00  1.7396591e+01         -inf  6.89329e+05  1.73966e+01  1.75186e+01
5.495555866e+00  1.7676126e+01         -inf  6.89329e+05  1.76761e+01  1.77965e+01
5.517538090e+00  1.7737870e+01         -inf  6.89329e+05  1.77379e+01  1.78573e+01
5.539608242e+00  1.7557995e+01         -inf  6.89329e+05  1.75580e+01  1.76764e+01
5.561766675e+00  1.7128414e+01         -inf  6.89329e+05  1.71284e+01  1.72461e+01
5.584013742e+00  1.7356328e+01         -inf  6.89329e+05  1.73563e+01  1.74736e+01
5.606349797e+00  1.7567275e+01         -inf  6.89329e+05  1.75673e+01  1.76842e+01
5.628775196e+00  1.7488124e+01         -inf  6.89329e+05  1.74881e+01  1.76049e+01
5.651290297e+00  1.7274446e+01         -inf  6.89329e+05  1.72744e+01  1.73913e+01
5.673895458e+00  1.7207024e+01         -inf  6.89329e+05  1.72070e+01  1.73238e+01
5.696591040e+00  1.7169013e+01         -inf  6.89329e+05  1.71690e+01  1.72860e+01
5.719377404e+00  1.8292273e+01         -inf  6.89329e+05  1.82923e+01  1.84092e+01
5.742254913e+00  2.1427381e+01         -inf  6.89329e+05  2.14274e+01  2.15433e+01
5.765223933e+00  2.0511290e+01         -inf  6.89329e+05  2.05113e+01  2.06271e+01
5.788284829e+00  1.9548465e+01         -inf  6.89329e+05  1.95485e+01  1.96647e+01
5.811437968e+00  1.9710076e+01         -inf  6.89329e+05  1.97101e+01  1.98260e+01
5.834683720e+00  2.0010252e+01         -inf  6.89329e+05  2.00103e+01  2.01264e+01
5.858022455e+00  1.9648760e+01         -inf  6.89329e+05  1.96488e+01  1.97659e+01
5.881454545e+00  1.9010304e+01         -inf  6.89329e+05  1.90103e+01  1.91292e+01
5.904980363e+00  1.8337620e+01         -inf  6.89329e+05  1.83376e+01  1.84585e+01
5.928600284e+00  1.7800056e+01         -inf  6.89329e+05  1.78001e+01  1.79231e+01
5.952314685e+00  1.7486255e+01         -inf  6.89329e+05  1.74863e+01  1.76117e+01
5.976123944e+00  1.7263649e+01         -inf  6.89329e+05  1.72636e+01  1.73924e+01
6.000028440e+00  1.7192814e+01         -inf  6.89329e+05  1.71928e+01  1.73254e+01
6.024028554e+00  1.7114208e+01         -inf  6.89329e+05  1.71142e+01  1.72513e+01
6.048124668e+00  1.7093958e+01         -inf  6.89329e+05  1.70940e+01  1.72365e+01
6.072317167e+00  1.7066851e+01         -inf  6.89329e+05  1.70669e+01  1.72153e+01
6.096606435e+00  1.7022322e+01         -inf  6.89329e+05  1.70223e+01  1.71773e+01
6.120992861e+00  1.7016733e+01         -inf  6.89329e+05  1.70167e+01  1.71789e+01
6.145476832e+00  1.6943319e+01         -inf  6.89329e+05  1.69433e+01  1.71134e+01
6.170058740e+00  1.6927045e+01         -inf  6.89329e+05  1.69270e+01  1.71056e+01
6.194738975e+00  1.6887009e+01         -inf  6.89329e+05  1.68870e+01  1.70735e+01
6.219517931e+00  1.6876009e+01         -inf  6.89329e+05  1.68760e+01  1.70698e+01
6.244396002e+00  1.6846926e+01         -inf  6.89329e+05  1.68469e+01  1.70469e+01
6.269373586e+00  1.6792789e+01         -inf  6.89329e+05  1.67928e+01  1.69975e+01
6.294451081e+00  1.6897035e+01         -inf  6.89329e+05  1.68970e+01  1.71056e+01
6.319628885e+00  1.6838210e+01         -inf  6.89329e+05  1.68382e+01  1.70498e+01
6.344907401e+00  1.6956537e+01         -inf  6.89329e+05  1.69565e+01  1.71708e+01
6.370287030e+00  1.6909466e+01         -inf  6.89329e+05  1.69095e+01  1.71269e+01
6.395768178e+00  1.6980265e+01         -inf  6.89329e+05  1.69803e+01  1.72010e+01
6.421351251e+00  1.7030641e+01         -inf  6.89329e+05  1.70306e+01  1.72555e+01
6.447036656e+00  1.7137182e+01         -inf  6.89329e+05  1.71372e+01  1.73669e+01
6.472824803e+00  1.7310808e+01         -inf  6.89329e+05  1.73108e+01  1.75464e+01
6.498716102e+00  1.7860516e+01         -inf  6.89329e+05  1.78605e+01  1.81017e+01
6.524710966e+00  1.7202970e+01         -inf  6.89329e+05  1.72030e+01  1.74548e+01
6.550809810e+00  1.6923115e+01         -inf  6.89329e+05  1.69231e+01  1.71855e+01
6.577013049e+00  1.6876705e+01         -inf  6.89329e+05  1.68767e+01  1.71504e+01
6.603321102e+00  1.6823946e+01         -inf  6.89329e+05  1.68239e+01  1.71105e+01
6.629734386e+00  1.6762676e+01         -inf  6.89329e+05  1.67627e+01  1.70631e+01
6.656253324e+00  1.6768940e+01         -inf  6.89329e+05  1.67689e+01  1.70839e+01
6.682878337e+00  1.6674696e+01         -inf  6.89329e+05  1.66747e+01  1.70056e+01
6.709609850e+00  1.6619539e+01         -inf  6.89329e+05  1.66195e+01  1.69675e+01
6.736448290e+00  1.6638506e+01         -inf  6.89329e+05  1.66385e+01  1.70039e+01
6.763394083e+00  1.6482970e+01         -inf  6.89329e+05  1.64830e+01  1.68680e+01
6.790447659e+00  1.6700226e+01         -inf  6.89329e+05  1.67002e+01  1.71052e+01
6.817609450e+00  1.6477507e+01         -inf  6.89329e+05  1.64775e+01  1.69057e+01
6.844879888e+00  1.6435938e+01         -inf  6.89329e+05  1.64359e+01  1.68876e+01
6.872259407e+00  1.6392168e+01         -inf  6.89329e+05  1.63922e+01  1.68678e+01
6.899748445e+00  1.6453230e+01         -inf  6.89329e+05  1.64532e+01  1.69539e+01
6.927347438e+00  1.6280936e+01         -inf  6.89329e+05  1.62809e+01  1.68103e+01
6.955056828e+00  1.6142250e+01         -inf  6.89329e+05  1.61423e+01  1.67026e+01
6.982877056e+00  1.6204347e+01         -inf  6.89329e+05  1.62043e+01  1.67971e+01
7.010808564e+00  1.6172622e+01         -inf  6.89329e+05  1.61726e+01  1.68011e+01
7.038851798e+00  1.6049997e+01         -inf  6.89329e+05  1.60500e+01  1.67188e+01
7.067007205e+00  1.5983273e+01         -inf  6.89329e+05  1.59833e+01  1.66932e+01
7.095275234e+00  1.5894668e+01         -inf  6.89329e+05  1.58947e+01  1.66509e+01
7.123656335e+00  1.5813075e+01         -inf  6.89329e+05  1.58131e+01  1.66168e+01
7.152150960e+00  1.5814082e+01         -inf  6.89329e+05  1.58141e+01  1.66698e+01
7.180759564e+00  1.5802818e+01         -inf  6.89329e+05  1.58028e+01  1.67124e+01
7.209482602e+00  1.5924617e+01         -inf  6.89329e+05  1.59246e+01  1.68869e+01
7.238320533e+00  1.6133124e+01         -inf  6.89329e+05  1.61331e+01  1.71418e+01
7.267273815e+00  1.6462389e+01         -inf  6.89329e+05  1.64624e+01  1.75105e+01
7.296342910e+00  1.6389176e+01         -inf  6.89329e+05  1.63892e+01  1.74891e+01
7.325528282e+00  1.7044251e+01         -inf  6.89329e+05  1.70443e+01  1.81548e+01
7.354830395e+00  1.7782647e+01         -inf  6.89329e+05  1.77826e+01  1.88818e+01
7.384249717e+00  1.8677953e+01         -inf  6.89329e+05  1.86780e+01  1.97529e+01
7.413786715e+00  1.8056296e+01         -inf  6.89329e+05  1.80563e+01  1.92156e+01
7.443441862e+00  1.8948506e+01         -inf  6.89329e+05  1.89485e+01  2.00894e+01
7.473215630e+00  1.8420324e+01         -inf  6.89329e+05  1.84203e+01  1.96352e+01
7.503108492e+00  1.8903334e+01         -inf  6.89329e+05  1.89033e+01  2.01176e+01
7.533120926e+00  1.8128819e+01         -inf  6.89329e+05  1.81288e+01  1.94368e+01
7.563253410e+00  1.7028348e+01         -inf  6.89329e+05  1.70283e+01  1.84583e+01
7.593506424e+00  1.7289336e+01         -inf  6.89329e+05  1.72893e+01  1.87346e+01
7.623880449e+00  1.8641900e+01         -inf  6.89329e+05  1.86419e+01  1.99973e+01
7.654375971e+00  2.3830842e+01         -inf  6.89329e+05  2.38308e+01  2.47854e+01
7.684993475e+00  2.4444345e+01         -inf  6.89329e+05  2.44443e+01  2.53122e+01
7.715733449e+00  2.2774785e+01         -inf  6.89329e+05  2.27748e+01  2.38350e+01
7.746596383e+00  2.1046578e+01         -inf  6.89329e+05  2.10466e+01  2.23008e+01
7.777582768e+00  1.9544298e+01         -inf  6.89329e+05  1.95443e+01  2.09932e+01
7.808693099e+00  2.0588479e+01         -inf  6.89329e+05  2.05885e+01  2.19560e+01
7.839927872e+00  2.1352039e+01         -inf  6.89329e+05  2.13520e+01  2.26395e+01
7.871287583e+00  2.1369079e+01         -inf  6.89329e+05  2.13691e+01  2.26676e+01
7.902772733e+00  2.0147206e+01         -inf  6.89329e+05  2.01472e+01  2.15966e+01
7.934383824e+00  1.9220853e+01         -inf  6.89329e+05  1.92209e+01  2.08002e+01
7.966121360e+00  1.7746597e+01         -inf  6.89329e+05  1.77466e+01  1.95189e+01
7.997985845e+00  1.6844245e+01         -inf  6.89329e+05  1.68442e+01  1.87356e+01
8.029977788e+00  1.6672037e+01         -inf  6.89329e+05  1.66720e+01  1.86170e+01
8.062097700e+00  1.5925929e+01         -inf  6.89329e+05  1.59259e+01  1.79951e+01
8.094346090e+00  1.5566500e+01         -inf  6.89329e+05  1.55665e+01  1.77081e+01
8.126723475e+00  1.5073720e+01         -inf  6.89329e+05  1.50737e+01  1.73075e+01
8.159230369e+00  1.4743786e+01         -inf  6.89329e+05  1.47438e+01  1.70469e+01
8.191867290e+00  1.4869637e+01         -inf  6.89329e+05  1.48696e+01  1.72090e+01
8.224634759e+00  1.4548525e+01         -inf  6.89329e+05  1.45485e+01  1.69582e+01
8.257533298e+00  1.4614287e+01         -inf  6.89329e+05  1.46143e+01  1.70718e+01
8.290563432e+00  1.4517571e+01         -inf  6.89329e+05  1.45176e+01  1.70335e+01
8.323725685e+00  1.4773890e+01         -inf  6.89329e+05  1.47739e+01  1.73319e+01
8.357020588e+00  1.4991234e+01         -inf  6.89329e+05  1.49912e+01  1.75947e+01
8.390448670e+00  1.5420802e+01         -inf  6.89329e+05  1.54208e+01  1.80573e+01
8.424010465e+00  1.5730268e+01         -inf  6.89329e+05  1.57303e+01  1.84083e+01
8.457706507e+00  1.6167044e+01         -inf  6.89329e+05  1.61670e+01  1.88737e+01
8.491537333e+00  1.6423113e+01         -inf  6.89329e+05  1.64231e+01  1.91872e+01
8.525503482e+00  1.6668017e+01         -inf  6.89329e+05  1.66680e+01  1.94918e+01
8.559605496e+00  1.6543699e+01         -inf  6.89329e+05  1.65437e+01  1.94477e+01
8.593843918e+00  1.6875131e+01         -inf  6.89329e+05  1.68751e+01  1.98090e+01
8.628219294e+00  1.7180335e+01         -inf  6.89329e+05  1.71803e+01  2.01508e+01
8.662732171e+00  1.7022557e+01         -inf  6.89329e+05  1.70226e+01  2.00466e+01
8.697383100e+00  1.7959437e+01         -inf  6.89329e+05  1.79594e+01  2.10419e+01
8.732172632e+00  1.7940546e+01         -inf  6.89329e+05  1.79405e+01  2.10962e+01
8.767101323e+00  1.7966485e+01         -inf  6.89329e+05  1.79665e+01  2.11913e+01
8.802169728e+00  1.9181677e+01         -inf  6.89329e+05  1.91817e+01  2.24550e+01
8.837378407e+00  1.9278259e+01         -inf  6.89329e+05  1.92783e+01  2.26043e+01
8.872727920e+00  1.8798226e+01         -inf  6.89329e+05  1.87982e+01  2.21865e+01
8.908218832e+00  1.8916727e+01         -inf  6.89329e+05  1.89167e+01  2.23687e+01
8.943851707e+00  1.9041697e+01         -inf  6.89329e+05  1.90417e+01  2.25586e+01
8.979627114e+00  1.8467492e+01         -inf  6.89329e+05  1.84675e+01  2.20616e+01
9.015545623e+00  1.7757045e+01         -inf  6.89329e+05  1.77570e+01  2.14329e+01
9.051607805e+00  1.8416085e+01         -inf  6.89329e+05  1.84161e+01  2.21523e+01
9.087814236e+00  1.8368595e+01         -inf  6.89329e+05  1.83686e+01  2.21795e+01
9.124165493e+00  1.8413972e+01         -inf  6.89329e+05  1.84140e+01  2.23078e+01
9.160662155e+00  1.8895826e+01         -inf  6.89329e+05  1.88958e+01  2.28609e+01
9.197304804e+00  2.0019877e+01         -inf  6.89329e+05  2.00199e+01  2.39854e+01
9.234094023e+00  1.9394509e+01         -inf  6.89329e+05  1.93945e+01  2.33468e+01
9.271030399e+00  1.9201584e+01         -inf  6.89329e+05  1.92016e+01  2.31744e+01
9.308114521e+00  2.0212287e+01         -inf  6.89329e+05  2.02123e+01  2.42699e+01
9.345346979e+00  2.3599850e+01         -inf  6.89329e+05  2.35999e+01  2.77100e+01
9.382728367e+00  3.3791133e+01         -inf  6.89329e+05  3.37911e+01  3.76335e+01
9.420259280e+00  4.0653113e+01         -inf  6.89329e+05  4.06531e+01  4.38594e+01
9.457940318e+00  4.2616591e+01         -inf  6.89329e+05  4.26166e+01  4.55470e+01
9.495772079e+00  4.3707867e+01         -inf  6.89329e+05  4.37079e+01  4.64189e+01
9.533755167e+00  4.2218826e+01         -inf  6.89329e+05  4.22188e+01  4.52528e+01
9.571890188e+00  3.5800608e+01         -inf  6.89329e+05  3.58006e+01  3.97585e+01
9.610177749e+00  4.2207075e+01         -inf  6.89329e+05  4.22071e+01  4.53180e+01
9.648618460e+00  4.3610473e+01         -inf  6.89329e+05  4.36105e+01  4.67903e+01
9.687212933e+00  4.2077234e+01         -inf  6.89329e+05  4.20772e+01  4.56020e+01
9.725961785e+00  4.0583993e+01         -inf  6.89329e+05  4.05840e+01  4.42132e+01
9.764865632e+00  4.1122471e+01         -inf  6.89329e+05  4.11225e+01  4.48077e+01
9.803925095e+00  4.0082044e+01         -inf  6.89329e+05  4.00820e+01  4.39756e+01
9.843140795e+00  3.8490285e+01         -inf  6.89329e+05  3.84903e+01  4.26328e+01
9.882513358e+00  3.6441728e+01         -inf  6.89329e+05  3.64417e+01  4.08996e+01
9.922043412e+00  3.4198292e+01         -inf  6.89329e+05  3.41983e+01  3.89578e+01
9.961731585e+00  3.2341243e+01         -inf  6.89329e+05  3.23412e+01  3.73645e+01
1.000157851e+01  2.9442922e+01         -inf  6.89329e+05  2.94429e+01  3.47306e+01
1.004158483e+01  2.5606743e+01         -inf  6.89329e+05  2.56067e+01  3.11692e+01
1.008175117e+01  2.3572510e+01         -inf  6.89329e+05  2.35725e+01  2.93271e+01
1.012207817e+01  2.0561972e+01         -inf  6.89329e+05  2.05620e+01  2.65230e+01
1.016256648e+01  1.8048275e+01         -inf  6.89329e+05  1.80483e+01  2.41267e+01
1.020321675e+01  1.5618377e+01         -inf  6.89329e+05  1.56184e+01  2.17604e+01
1.024402962e+01  1.3909228e+01         -inf  6.89329e+05  1.39092e+01  2.01223e+01
1.028500573e+01  1.2668576e+01         -inf  6.89329e+05  1.26686e+01  1.89507e+01
1.032614576e+01  1.1564130e+01         -inf  6.89329e+05  1.15641e+01  1.79574e+01
1.036745034e+01  1.0671065e+01         -inf  6.89329e+05  1.06711e+01  1.73147e+01
1.040892014e+01  1.0037190e+01         -inf  6.89329e+05  1.00372e+01  1.68273e+01
1.045055582e+01  1.0097802e+01         -inf  6.89329e+05  1.00978e+01  1.69040e+01
1.049235805e+01  9.8596926e+00         -inf  6.89329e+05  9.85969e+00  1.67594e+01
1.053432748e+01  9.7445476e+00         -inf  6.89329e+05  9.74455e+00  1.67325e+01
1.057646479e+01  9.6000315e+00         -inf  6.89329e+05  9.60003e+00  1.67006e+01
1.061877065e+01  9.4283549e+00         -inf  6.89329e+05  9.42835e+00  1.66565e+01
1.066124573e+01  9.2470644e+00         -inf  6.89329e+05  9.24706e+00  1.66120e+01
1.070389071e+01  9.0500742e+00         -inf  6.89329e+05  9.05007e+00  1.65564e+01
1.074670627e+01  8.8626838e+00         -inf  6.89329e+05  8.86268e+00  1.65059e+01
1.078969310e+01  8.6818150e+00         -inf  6.89329e+05  8.68182e+00  1.64560e+01
1.083285187e+01  8.5156147e+00         -inf  6.89329e+05  8.51561e+00  1.64194e+01
1.087618328e+01  8.3816204e+00         -inf  6.89329e+05  8.38162e+00  1.63989e+01
1.091968801e+01  8.2531245e+00         -inf  6.89329e+05  8.25312e+00  1.63811e+01
1.096336676e+01  8.1310765e+00         -inf  6.89329e+05  8.13108e+00  1.63743e+01
1.100722023e+01  8.0180648e+00         -inf  6.89329e+05  8.01806e+00  1.63703e+01
1.105124911e+01  7.8981954e+00         -inf  6.89329e+05  7.89820e+00  1.63656e+01
1.109545411e+01  7.7855625e+00         -inf  6.89329e+05  7.78556e+00  1.63661e+01
1.113983593e+01  7.6610068e+00         -inf  6.89329e+05  7.66101e+00  1.63575e+01
1.118439527e+01  7.5386896e+00         -inf  6.89329e+05  7.53869e+00  1.63513e+01
1.122913285e+01  7.4150519e+00         -inf  6.89329e+05  7.41505e+00  1.63492e+01
1.127404938e+01  7.2891973e+00         -inf  6.89329e+05  7.28920e+00  1.63436e+01
1.131914558e+01  7.1657404e+00         -inf  6.89329e+05  7.16574e+00  1.63437e+01
1.136442216e+01  7.0382264e+00         -inf  6.89329e+05  7.03823e+00  1.63431e+01
1.140987985e+01  6.9112856e+00         -inf  6.89329e+05  6.91129e+00  1.63441e+01
1.145551937e+01  6.7832857e+00         -inf  6.89329e+05  6.78329e+00  1.63438e+01
1.150134145e+01  6.6544836e+00         -inf  6.89329e+05  6.65448e+00  1.63443e+01
1.154734681e+01  6.5204263e+00         -inf  6.89329e+05  6.52043e+00  1.63513e+01
1.159353620e+01  6.3863220e+00         -inf  6.89329e+05  6.38632e+00  1.63586e+01
1.163991035e+01  6.2577717e+00         -inf  6.89329e+05  6.25777e+00  1.63508e+01
1.168646999e+01  6.1298198e+00         -inf  6.89329e+05  6.12982e+00  1.63609e+01
1.173321587e+01  5.9993924e+00         -inf  6.89329e+05  5.99939e+00  1.63685e+01
1.178014873e+01  5.8681940e+00         -inf  6.89329e+05  5.86819e+00  1.63777e+01
1.182726932e+01  5.7440824e+00         -inf  6.89329e+05  5.74408e+00  1.63966e+01
1.187457840e+01  5.6081199e+00         -inf  6.89329e+05  5.60812e+00  1.64016e+01
1.192207672e+01  5.5032736e+00         -inf  6.89329e+05  5.50327e+00  1.64396e+01
1.196976502e+01  5.3627778e+00         -inf  6.89329e+05  5.36278e+00  1.64455e+01
1.201764408e+01  5.2773238e+00         -inf  6.89329e+05  5.27732e+00  1.65146e+01
1.206571466e+01  5.2091185e+00         -inf  6.89329e+05  5.20912e+00  1.66374e+01
1.211397752e+01  5.0370583e+00         -inf  6.89329e+05  5.03706e+00  1.65792e+01
1.216243343e+01  5.0445737e+00         -inf  6.89329e+05  5.04457e+00  1.67309e+01
1.221108316e+01  4.9092826e+00         -inf  6.89329e+05  4.90928e+00  1.67254e+01
1.225992749e+01  4.9693546e+00         -inf  6.89329e+05  4.96935e+00  1.68930e+01
1.230896720e+01  4.9553052e+00         -inf  6.89329e+05  4.95531e+00  1.69794e+01
1.235820307e+01  4.9586184e+00         -inf  6.89329e+05  4.95862e+00  1.70846e+01
1.240763589e+01  5.0781982e+00         -inf  6.89329e+05  5.07820e+00  1.73156e+01
1.245726643e+01  4.8861261e+00         -inf  6.89329e+05  4.88613e+00  1.72616e+01
1.250709549e+01  5.1079146e+00         -inf  6.89329e+05  5.10791e+00  1.76492e+01
1.255712388e+01  4.7311427e+00         -inf  6.89329e+05  4.73114e+00  1.74984e+01
1.260735237e+01  6.8737529e+00         -inf  6.89329e+05  6.87375e+00  1.86885e+01
1.265778178e+01  6.0370382e+00         -inf  6.89329e+05  6.03704e+00  1.85447e+01
1.270841291e+01  4.6849244e+00         -inf  6.89329e+05  4.68492e+00  1.80269e+01
1.275924656e+01  5.2087838e+00         -inf  6.89329e+05  5.20878e+00  1.85990e+01
1.281028355e+01  5.0200759e+00         -inf  6.89329e+05  5.02008e+00  1.84994e+01
1.286152468e+01  5.6796207e+00         -inf  6.89329e+05  5.67962e+00  1.91677e+01
1.291297078e+01  5.4387416e+00         -inf  6.89329e+05  5.43874e+00  1.88901e+01
1.296462266e+01  7.3373231e+00         -inf  6.89329e+05  7.33732e+00  2.04359e+01
1.301648115e+01  6.5895731e+00         -inf  6.89329e+05  6.58957e+00  1.95476e+01
1.306854708e+01  7.8593983e+00         -inf  6.89329e+05  7.85940e+00  2.08100e+01
1.312082127e+01  7.8465076e+00         -inf  6.89329e+05  7.84651e+00  2.04399e+01
1.317330455e+01  9.0616455e+00         -inf  6.89329e+05  9.06165e+00  2.09017e+01
1.322599777e+01  1.1811139e+01         -inf  6.89329e+05  1.18111e+01  2.27146e+01
1.327890176e+01  1.1339235e+01         -inf  6.89329e+05  1.13392e+01  2.18370e+01
1.333201737e+01  1.4518819e+01         -inf  6.89329e+05  1.45188e+01  2.45186e+01
1.338534544e+01  1.3661027e+01         -inf  6.89329e+05  1.36610e+01  2.32899e+01
1.343888682e+01  1.6945010e+01         -inf  6.89329e+05  1.69450e+01  2.61572e+01
1.349264237e+01  2.3447520e+01         -inf  6.89329e+05  2.34475e+01  3.10288e+01
1.354661294e+01  1.9097732e+01         -inf  6.89329e+05  1.90977e+01  2.73757e+01
1.360079939e+01  2.0639713e+01         -inf  6.89329e+05  2.06397e+01  2.89257e+01
1.365520258e+01  1.9626234e+01         -inf  6.89329e+05  1.96262e+01  2.79502e+01
1.370982339e+01  2.1039842e+01         -inf  6.89329e+05  2.10398e+01  2.96835e+01
1.376466269e+01  1.8267281e+01         -inf  6.89329e+05  1.82673e+01  2.73096e+01
1.381972134e+01  2.1665987e+01         -inf  6.89329e+05  2.16660e+01  3.05353e+01
1.387500022e+01  3.5423478e+01         -inf  6.89329e+05  3.54235e+01  4.23178e+01
1.393050023e+01  2.5242369e+01         -inf  6.89329e+05  2.52424e+01  3.30055e+01
1.398622223e+01  2.3051054e+01         -inf  6.89329e+05  2.30511e+01  3.11559e+01
1.404216712e+01  2.5141348e+01         -inf  6.89329e+05  2.51413e+01  3.27387e+01
1.409833578e+01  2.6038089e+01         -inf  6.89329e+05  2.60381e+01  3.33968e+01
1.415472913e+01  2.7498778e+01         -inf  6.89329e+05  2.74988e+01  3.44081e+01
1.421134804e+01  3.0785875e+01         -inf  6.89329e+05  3.07859e+01  3.73949e+01
1.426819344e+01  3.1799534e+01         -inf  6.89329e+05  3.17995e+01  3.81850e+01
1.432526621e+01  3.2679625e+01         -inf  6.89329e+05  3.26796e+01  3.90167e+01
1.438256727e+01  3.5370533e+01         -inf  6.89329e+05  3.53705e+01  4.17823e+01
1.444009754e+01  3.6723583e+01         -inf  6.89329e+05  3.67236e+01  4.34199e+01
1.449785793e+01  3.7153269e+01         -inf  6.89329e+05  3.71533e+01  4.37790e+01
1.455584937e+01  3.7790725e+01         -inf  6.89329e+05  3.77907e+01  4.47960e+01
1.461407276e+01  3.9437805e+01         -inf  6.89329e+05  3.94378e+01  4.69076e+01
1.467252905e+01  3.8944488e+01         -inf  6.89329e+05  3.89445e+01  4.64566e+01
1.473121917e+01  3.8888676e+01         -inf  6.89329e+05  3.88887e+01  4.65215e+01
1.479014405e+01  3.9861066e+01         -inf  6.89329e+05  3.98611e+01  4.79169e+01
1.484930462e+01  3.9603934e+01         -inf  6.89329e+05  3.96039e+01  4.76677e+01
1.490870184e+01  4.1610426e+01         -inf  6.89329e+05  4.16104e+01  5.01141e+01
1.496833665e+01  5.5045924e+01         -inf  6.89329e+05  5.50459e+01  6.76814e+01
1.502821000e+01  4.1340078e+01         -inf  6.89329e+05  4.13401e+01  4.98424e+01
1.508832284e+01  4.2315409e+01         -inf  6.89329e+05  4.23154e+01  5.13664e+01
1.514867613e+01  3.8443827e+01         -inf  6.89329e+05  3.84438e+01  4.68989e+01
1.520927083e+01  3.7165953e+01         -inf  6.89329e+05  3.71660e+01  4.52781e+01
1.527010791e+01  3.7983756e+01         -inf  6.89329e+05  3.79838e+01  4.65290e+01
1.533118835e+01  3.8910345e+01         -inf  6.89329e+05  3.89103e+01  4.77194e+01
1.539251310e+01  4.1486157e+01         -inf  6.89329e+05  4.14862e+01  5.09779e+01
1.545408315e+01  3.6786182e+01         -inf  6.89329e+05  3.67862e+01  4.54489e+01
1.551589948e+01  3.6214271e+01         -inf  6.89329e+05  3.62143e+01  4.47391e+01
1.557796308e+01  3.4040950e+01         -inf  6.89329e+05  3.40410e+01  4.24600e+01
1.564027493e+01  3.1850562e+01         -inf  6.89329e+05  3.18506e+01  4.01466e+01
1.570283603e+01  3.1949486e+01         -inf  6.89329e+05  3.19495e+01  4.05693e+01
1.576564738e+01  3.0176446e+01         -inf  6.89329e+05  3.01764e+01  3.89378e+01
1.582870997e+01  2.7833173e+01         -inf  6.89329e+05  2.78332e+01  3.70511e+01
1.589202481e+01  2.6007814e+01         -inf  6.89329e+05  2.60078e+01  3.55954e+01
1.595559291e+01  2.1960694e+01         -inf  6.89329e+05  2.19607e+01  3.25008e+01
1.601941528e+01  2.1373571e+01         -inf  6.89329e+05  2.13736e+01  3.23399e+01
1.608349294e+01  1.5334367e+01         -inf  6.89329e+05  1.53344e+01  2.81150e+01
1.614782691e+01  1.8667643e+01         -inf  6.89329e+05  1.86676e+01  3.07781e+01
1.621241822e+01  2.9828495e+01         -inf  6.89329e+05  2.98285e+01  4.06924e+01
1.627726789e+01  1.5467437e+01         -inf  6.89329e+05  1.54674e+01  2.86511e+01
1.634237696e+01  1.2137918e+01         -inf  6.89329e+05  1.21379e+01  2.62486e+01
1.640774647e+01  1.4370425e+01         -inf  6.89329e+05  1.43704e+01  2.79454e+01
1.647337746e+01  1.3704984e+01         -inf  6.89329e+05  1.37050e+01  2.78588e+01
1.653927097e+01  1.1672188e+01         -inf  6.89329e+05  1.16722e+01  2.62458e+01
1.660542805e+01  1.0306604e+01         -inf  6.89329e+05  1.03066e+01  2.54522e+01
1.667184976e+01  9.1882638e+00         -inf  6.89329e+05  9.18826e+00  2.50768e+01
1.673853716e+01  1.6254311e+01         -inf  6.89329e+05  1.62543e+01  3.05695e+01
1.680549131e+01  8.1069618e+00         -inf  6.89329e+05  8.10696e+00  2.49540e+01
1.687271328e+01  5.7673099e+00         -inf  6.89329e+05  5.76731e+00  2.33037e+01
1.694020413e+01  5.8940044e+00         -inf  6.89329e+05  5.89400e+00  2.40193e+01
1.700796495e+01  3.6183787e+00         -inf  6.89329e+05  3.61838e+00  2.23610e+01
1.707599681e+01 -2.2226947e-01         -inf  6.89329e+05 -2.22269e-01  2.04934e+01
1.714430079e+01 -6.3316908e-01         -inf  6.89329e+05 -6.33169e-01  2.04760e+01
1.721287800e+01 -2.1540488e+00         -inf  6.89329e+05 -2.15405e+00  1.98937e+01
1.728172951e+01 -3.9175004e+00         -inf  6.89329e+05 -3.91750e+00  1.93345e+01
1.735085643e+01 -4.1349428e+00         -inf  6.89329e+05 -4.13494e+00  1.95062e+01
1.742025985e+01 -7.3414853e+00         -inf  6.89329e+05 -7.34149e+00  1.82697e+01
1.748994089e+01 -6.9488994e+00         -inf  6.89329e+05 -6.94890e+00  1.84740e+01
1.755990065e+01 -8.4066387e+00         -inf  6.89329e+05 -8.40664e+00  1.80871e+01
1.763014026e+01 -9.5656283e+00         -inf  6.89329e+05 -9.56563e+00  1.75957e+01
1.770066082e+01 -1.0118570e+01         -inf  6.89329e+05 -1.01186e+01  1.74885e+01
1.777146346e+01 -1.0741800e+01         -inf  6.89329e+05 -1.07418e+01  1.73979e+01
1.784254932e+01 -1.1943209e+01         -inf  6.89329e+05 -1.19432e+01  1.70590e+01
1.791391951e+01 -1.2162325e+01         -inf  6.89329e+05 -1.21623e+01  1.69185e+01
1.798557519e+01 -1.2721815e+01         -inf  6.89329e+05 -1.27218e+01  1.68006e+01
1.805751749e+01 -1.3268060e+01         -inf  6.89329e+05 -1.32681e+01  1.66579e+01
1.812974756e+01 -1.3388800e+01         -inf  6.89329e+05 -1.33888e+01  1.66817e+01
1.820226655e+01 -1.3979591e+01         -inf  6.89329e+05 -1.39796e+01  1.65180e+01
1.827507562e+01 -1.3152596e+01         -inf  6.89329e+05 -1.31526e+01  1.67911e+01
1.834817592e+01 -7.6415867e+00         -inf  6.89329e+05 -7.64159e+00  1.90892e+01
1.842156862e+01 -1.4635854e+01         -inf  6.89329e+05 -1.46359e+01  1.64280e+01
1.849525490e+01 -1.4969970e+01         -inf  6.89329e+05 -1.49700e+01  1.64233e+01
1.856923592e+01 -1.4810008e+01         -inf  6.89329e+05 -1.48100e+01  1.65420e+01
1.864351286e+01 -1.4921153e+01         -inf  6.89329e+05 -1.49212e+01  1.65648e+01
1.871808691e+01 -1.5064228e+01         -inf  6.89329e+05 -1.50642e+01  1.65769e+01
1.879295926e+01 -1.5251653e+01         -inf  6.89329e+05 -1.52517e+01  1.65394e+01
1.886813110e+01 -1.5690436e+01         -inf  6.89329e+05 -1.56904e+01  1.64520e+01
1.894360362e+01 -1.5525877e+01         -inf  6.89329e+05 -1.55259e+01  1.65693e+01
1.901937804e+01 -1.5907746e+01         -inf  6.89329e+05 -1.59077e+01  1.65024e+01
1.909545555e+01 -1.6233136e+01         -inf  6.89329e+05 -1.62331e+01  1.64323e+01
1.917183737e+01 -1.6294032e+01         -inf  6.89329e+05 -1.62940e+01  1.64905e+01
1.924852472e+01 -1.6679079e+01         -inf  6.89329e+05 -1.66791e+01  1.64111e+01
1.932551882e+01 -1.6770172e+01         -inf  6.89329e+05 -1.67702e+01  1.64391e+01
1.940282089e+01 -1.7015436e+01         -inf  6.89329e+05 -1.70154e+01  1.64130e+01
1.948043218e+01 -1.7230853e+01         -inf  6.89329e+05 -1.72309e+01  1.63955e+01
1.955835391e+01 -1.7366560e+01         -inf  6.89329e+05 -1.73666e+01  1.64049e+01
1.963658732e+01 -1.7474000e+01         -inf  6.89329e+05 -1.74740e+01  1.64177e+01
1.971513367e+01 -1.7695881e+01         -inf  6.89329e+05 -1.76959e+01  1.64024e+01
1.979399421e+01 -1.7897808e+01         -inf  6.89329e+05 -1.78978e+01  1.63891e+01
1.987317018e+01 -1.8056063e+01         -inf  6.89329e+05 -1.80561e+01  1.63896e+01
1.995266286e+01 -1.8209028e+01         -inf  6.89329e+05 -1.82090e+01  1.63917e+01
