# WARNING | PUMAS | The provided atmospheric molar mass (22.0 g/mol) differs notably from the calculated molar mass (29.0 g/mol)
# WARNING | GENERATOR | Too many electrons per pixel (up to 9.04e+13) detected in the 1.54-19.95 um spectral range. Reduce exposure time per frame to less than 0.000 seconds.
# ------------------------------------------------------------------------
# Radiance spectrum
# NASA-GSFC Planetary Spectrum Generator (PSG) (Villanueva et al. 2018, 2022)
# Synthesized on Tue May 12 15:49:04 2026
# Doppler velocities [km/s] (vobs,vrot+vorb,vwidth,vrfl,vstr): 29.00000,-0.00000,0.00000,0.00000,-0.00000
# ------------------------------------------------------------------------
# Spectra synthesized with the Planetary and Universal Model of Atmospheric Scattering (PUMAS, Villanueva et al. 2018, 2022)
# Single scattering radiative transfer method
# Radiative transfer took 6.118 seconds
# ------------------------------------------------------------------------
# Spectral unit: Wavelength [um]
# Radiance unit: Contrast [transit atmospheric thickness, km]
# Wave/freq Total Noise Stellar Earth Transit
2.000000000e-01  5.9773471e+01         -inf  6.89329e+05  5.97735e+01  5.97735e+01
2.008000000e-01  5.9723045e+01         -inf  6.89329e+05  5.97230e+01  5.97230e+01
2.016032000e-01  5.9691058e+01         -inf  6.89329e+05  5.96911e+01  5.96911e+01
2.024096128e-01  5.9666221e+01         -inf  6.89329e+05  5.96662e+01  5.96662e+01
2.032192513e-01  5.9669984e+01         -inf  6.89329e+05  5.96700e+01  5.96700e+01
2.040321283e-01  5.9797179e+01         -inf  6.89329e+05  5.97972e+01  5.97972e+01
2.048482568e-01  5.9921737e+01         -inf  6.89329e+05  5.99217e+01  5.99217e+01
2.056676498e-01  6.0165955e+01         -inf  6.89329e+05  6.01660e+01  6.01660e+01
2.064903204e-01  6.0474506e+01         -inf  6.89329e+05  6.04745e+01  6.04745e+01
2.073162817e-01  6.0771003e+01         -inf  6.89329e+05  6.07710e+01  6.07710e+01
2.081455468e-01  6.1099842e+01         -inf  6.89329e+05  6.10998e+01  6.10998e+01
2.089781290e-01  6.1411735e+01         -inf  6.89329e+05  6.14117e+01  6.14117e+01
2.098140415e-01  6.1827443e+01         -inf  6.89329e+05  6.18274e+01  6.18274e+01
2.106532977e-01  6.2363121e+01         -inf  6.89329e+05  6.23631e+01  6.23631e+01
2.114959109e-01  6.2853995e+01         -inf  6.89329e+05  6.28540e+01  6.28540e+01
2.123418945e-01  6.3564850e+01         -inf  6.89329e+05  6.35648e+01  6.35648e+01
2.131912621e-01  6.4329024e+01         -inf  6.89329e+05  6.43290e+01  6.43290e+01
2.140440271e-01  6.4647529e+01         -inf  6.89329e+05  6.46475e+01  6.46475e+01
2.149002032e-01  6.5213428e+01         -inf  6.89329e+05  6.52134e+01  6.52134e+01
2.157598041e-01  6.5840936e+01         -inf  6.89329e+05  6.58409e+01  6.58409e+01
2.166228433e-01  6.6409361e+01         -inf  6.89329e+05  6.64094e+01  6.64094e+01
2.174893346e-01  6.6983376e+01         -inf  6.89329e+05  6.69834e+01  6.69834e+01
2.183592920e-01  6.7529149e+01         -inf  6.89329e+05  6.75291e+01  6.75291e+01
2.192327292e-01  6.8079386e+01         -inf  6.89329e+05  6.80794e+01  6.80794e+01
2.201096601e-01  6.8615296e+01         -inf  6.89329e+05  6.86153e+01  6.86153e+01
2.209900987e-01  6.9105693e+01         -inf  6.89329e+05  6.91057e+01  6.91057e+01
2.218740591e-01  6.9610707e+01         -inf  6.89329e+05  6.96107e+01  6.96107e+01
2.227615553e-01  7.0099150e+01         -inf  6.89329e+05  7.00991e+01  7.00991e+01
2.236526016e-01  7.0554496e+01         -inf  6.89329e+05  7.05545e+01  7.05545e+01
2.245472120e-01  7.1030846e+01         -inf  6.89329e+05  7.10308e+01  7.10308e+01
2.254454008e-01  7.1439172e+01         -inf  6.89329e+05  7.14392e+01  7.14392e+01
2.263471824e-01  7.1884657e+01         -inf  6.89329e+05  7.18847e+01  7.18847e+01
2.272525711e-01  7.2282413e+01         -inf  6.89329e+05  7.22824e+01  7.22824e+01
2.281615814e-01  7.2677890e+01         -inf  6.89329e+05  7.26779e+01  7.26779e+01
2.290742278e-01  7.3072593e+01         -inf  6.89329e+05  7.30726e+01  7.30726e+01
2.299905247e-01  7.3413196e+01         -inf  6.89329e+05  7.34132e+01  7.34132e+01
2.309104868e-01  7.3786450e+01         -inf  6.89329e+05  7.37865e+01  7.37865e+01
2.318341287e-01  7.4098104e+01         -inf  6.89329e+05  7.40981e+01  7.40981e+01
2.327614652e-01  7.4449167e+01         -inf  6.89329e+05  7.44492e+01  7.44492e+01
2.336925111e-01  7.4732256e+01         -inf  6.89329e+05  7.47323e+01  7.47323e+01
2.346272811e-01  7.5049871e+01         -inf  6.89329e+05  7.50499e+01  7.50499e+01
2.355657903e-01  7.5312661e+01         -inf  6.89329e+05  7.53127e+01  7.53127e+01
2.365080534e-01  7.5577693e+01         -inf  6.89329e+05  7.55777e+01  7.55777e+01
2.374540856e-01  7.5847219e+01         -inf  6.89329e+05  7.58472e+01  7.58472e+01
2.384039020e-01  7.6077696e+01         -inf  6.89329e+05  7.60777e+01  7.60777e+01
2.393575176e-01  7.6296904e+01         -inf  6.89329e+05  7.62969e+01  7.62969e+01
2.403149477e-01  7.6528491e+01         -inf  6.89329e+05  7.65285e+01  7.65285e+01
2.412762074e-01  7.6707148e+01         -inf  6.89329e+05  7.67071e+01  7.67071e+01
2.422413123e-01  7.6892932e+01         -inf  6.89329e+05  7.68929e+01  7.68929e+01
2.432102775e-01  7.7074957e+01         -inf  6.89329e+05  7.70750e+01  7.70750e+01
2.441831186e-01  7.7221325e+01         -inf  6.89329e+05  7.72213e+01  7.72213e+01
2.451598511e-01  7.7372192e+01         -inf  6.89329e+05  7.73722e+01  7.73722e+01
2.461404905e-01  7.7495660e+01         -inf  6.89329e+05  7.74957e+01  7.74957e+01
2.471250525e-01  7.7594733e+01         -inf  6.89329e+05  7.75947e+01  7.75947e+01
2.481135527e-01  7.7694180e+01         -inf  6.89329e+05  7.76942e+01  7.76942e+01
2.491060069e-01  7.7811263e+01         -inf  6.89329e+05  7.78113e+01  7.78113e+01
2.501024309e-01  7.7876933e+01         -inf  6.89329e+05  7.78769e+01  7.78769e+01
2.511028406e-01  7.7872806e+01         -inf  6.89329e+05  7.78728e+01  7.78728e+01
2.521072520e-01  7.7998891e+01         -inf  6.89329e+05  7.79989e+01  7.79989e+01
2.531156810e-01  7.7972999e+01         -inf  6.89329e+05  7.79730e+01  7.79730e+01
2.541281437e-01  7.7993262e+01         -inf  6.89329e+05  7.79933e+01  7.79933e+01
2.551446563e-01  7.8040544e+01         -inf  6.89329e+05  7.80405e+01  7.80405e+01
2.561652349e-01  7.7972624e+01         -inf  6.89329e+05  7.79726e+01  7.79726e+01
2.571898959e-01  7.7906579e+01         -inf  6.89329e+05  7.79066e+01  7.79066e+01
2.582186555e-01  7.7936599e+01         -inf  6.89329e+05  7.79366e+01  7.79366e+01
2.592515301e-01  7.7849540e+01         -inf  6.89329e+05  7.78495e+01  7.78495e+01
2.602885362e-01  7.7754223e+01         -inf  6.89329e+05  7.77542e+01  7.77542e+01
2.613296904e-01  7.7672415e+01         -inf  6.89329e+05  7.76724e+01  7.76724e+01
2.623750091e-01  7.7581974e+01         -inf  6.89329e+05  7.75820e+01  7.75820e+01
2.634245092e-01  7.7359057e+01         -inf  6.89329e+05  7.73591e+01  7.73591e+01
2.644782072e-01  7.7340292e+01         -inf  6.89329e+05  7.73403e+01  7.73403e+01
2.655361200e-01  7.7119243e+01         -inf  6.89329e+05  7.71192e+01  7.71192e+01
2.665982645e-01  7.6922582e+01         -inf  6.89329e+05  7.69226e+01  7.69226e+01
2.676646576e-01  7.6748059e+01         -inf  6.89329e+05  7.67481e+01  7.67481e+01
2.687353162e-01  7.6421144e+01         -inf  6.89329e+05  7.64211e+01  7.64211e+01
2.698102574e-01  7.6321677e+01         -inf  6.89329e+05  7.63217e+01  7.63217e+01
2.708894985e-01  7.5935056e+01         -inf  6.89329e+05  7.59351e+01  7.59351e+01
2.719730565e-01  7.5717713e+01         -inf  6.89329e+05  7.57177e+01  7.57177e+01
2.730609487e-01  7.5411393e+01         -inf  6.89329e+05  7.54114e+01  7.54114e+01
2.741531925e-01  7.4938369e+01         -inf  6.89329e+05  7.49384e+01  7.49384e+01
2.752498053e-01  7.4680069e+01         -inf  6.89329e+05  7.46801e+01  7.46801e+01
2.763508045e-01  7.4269320e+01         -inf  6.89329e+05  7.42693e+01  7.42693e+01
2.774562077e-01  7.3858170e+01         -inf  6.89329e+05  7.38582e+01  7.38582e+01
2.785660325e-01  7.3400804e+01         -inf  6.89329e+05  7.34008e+01  7.34008e+01
2.796802967e-01  7.2962183e+01         -inf  6.89329e+05  7.29622e+01  7.29622e+01
2.807990178e-01  7.2381942e+01         -inf  6.89329e+05  7.23819e+01  7.23819e+01
2.819222139e-01  7.1806155e+01         -inf  6.89329e+05  7.18062e+01  7.18062e+01
2.830499028e-01  7.1355405e+01         -inf  6.89329e+05  7.13554e+01  7.13554e+01
2.841821024e-01  7.0678846e+01         -inf  6.89329e+05  7.06788e+01  7.06788e+01
2.853188308e-01  7.0029267e+01         -inf  6.89329e+05  7.00293e+01  7.00293e+01
2.864601061e-01  6.9426216e+01         -inf  6.89329e+05  6.94262e+01  6.94262e+01
2.876059465e-01  6.8669410e+01         -inf  6.89329e+05  6.86694e+01  6.86694e+01
2.887563703e-01  6.7858395e+01         -inf  6.89329e+05  6.78584e+01  6.78584e+01
2.899113958e-01  6.7099150e+01         -inf  6.89329e+05  6.70991e+01  6.70991e+01
2.910710414e-01  6.6320266e+01         -inf  6.89329e+05  6.63203e+01  6.63203e+01
2.922353256e-01  6.5375857e+01         -inf  6.89329e+05  6.53759e+01  6.53759e+01
2.934042669e-01  6.4509149e+01         -inf  6.89329e+05  6.45091e+01  6.45091e+01
2.945778839e-01  6.3660376e+01         -inf  6.89329e+05  6.36604e+01  6.36604e+01
2.957561955e-01  6.2648246e+01         -inf  6.89329e+05  6.26482e+01  6.26482e+01
2.969392202e-01  6.1722860e+01         -inf  6.89329e+05  6.17229e+01  6.17229e+01
2.981269771e-01  6.0689731e+01         -inf  6.89329e+05  6.06897e+01  6.06897e+01
2.993194850e-01  5.9752021e+01         -inf  6.89329e+05  5.97520e+01  5.97520e+01
3.005167630e-01  5.8767504e+01         -inf  6.89329e+05  5.87675e+01  5.87675e+01
3.017188300e-01  5.7701150e+01         -inf  6.89329e+05  5.77012e+01  5.77012e+01
3.029257054e-01  5.6699377e+01         -inf  6.89329e+05  5.66994e+01  5.66994e+01
3.041374082e-01  5.5809659e+01         -inf  6.89329e+05  5.58097e+01  5.58097e+01
3.053539578e-01  5.4632844e+01         -inf  6.89329e+05  5.46328e+01  5.46328e+01
3.065753736e-01  5.3840396e+01         -inf  6.89329e+05  5.38404e+01  5.38404e+01
3.078016751e-01  5.2626300e+01         -inf  6.89329e+05  5.26263e+01  5.26263e+01
3.090328818e-01  5.1852821e+01         -inf  6.89329e+05  5.18528e+01  5.18528e+01
3.102690134e-01  5.0635711e+01         -inf  6.89329e+05  5.06357e+01  5.06357e+01
3.115100894e-01  4.9910988e+01         -inf  6.89329e+05  4.99110e+01  4.99110e+01
3.127561298e-01  4.8661468e+01         -inf  6.89329e+05  4.86615e+01  4.86615e+01
3.140071543e-01  4.8034543e+01         -inf  6.89329e+05  4.80345e+01  4.80345e+01
3.152631829e-01  4.6911355e+01         -inf  6.89329e+05  4.69114e+01  4.69114e+01
3.165242356e-01  4.5843785e+01         -inf  6.89329e+05  4.58438e+01  4.58438e+01
3.177903326e-01  4.5385177e+01         -inf  6.89329e+05  4.53852e+01  4.53852e+01
3.190614939e-01  4.3797521e+01         -inf  6.89329e+05  4.37975e+01  4.37975e+01
3.203377399e-01  4.3662464e+01         -inf  6.89329e+05  4.36625e+01  4.36625e+01
3.216190908e-01  4.1955892e+01         -inf  6.89329e+05  4.19559e+01  4.19559e+01
3.229055672e-01  4.2161550e+01         -inf  6.89329e+05  4.21616e+01  4.21616e+01
3.241971895e-01  3.9730970e+01         -inf  6.89329e+05  3.97310e+01  3.97310e+01
3.254939782e-01  4.0747472e+01         -inf  6.89329e+05  4.07475e+01  4.07475e+01
3.267959541e-01  3.8071682e+01         -inf  6.89329e+05  3.80717e+01  3.80717e+01
3.281031380e-01  3.9217939e+01         -inf  6.89329e+05  3.92179e+01  3.92179e+01
3.294155505e-01  3.6178778e+01         -inf  6.89329e+05  3.61788e+01  3.61788e+01
3.307332127e-01  3.7503084e+01         -inf  6.89329e+05  3.75031e+01  3.75031e+01
3.320561456e-01  3.5765372e+01         -inf  6.89329e+05  3.57654e+01  3.57654e+01
3.333843702e-01  3.5517277e+01         -inf  6.89329e+05  3.55173e+01  3.55173e+01
3.347179076e-01  3.4755257e+01         -inf  6.89329e+05  3.47553e+01  3.47553e+01
3.360567793e-01  3.3481998e+01         -inf  6.89329e+05  3.34820e+01  3.34820e+01
3.374010064e-01  3.4639087e+01         -inf  6.89329e+05  3.46391e+01  3.46391e+01
3.387506104e-01  3.2821844e+01         -inf  6.89329e+05  3.28218e+01  3.28218e+01
3.401056128e-01  3.3132922e+01         -inf  6.89329e+05  3.31329e+01  3.31329e+01
3.414660353e-01  3.2184676e+01         -inf  6.89329e+05  3.21847e+01  3.21847e+01
3.428318994e-01  3.1857110e+01         -inf  6.89329e+05  3.18571e+01  3.18571e+01
3.442032270e-01  3.2421108e+01         -inf  6.89329e+05  3.24211e+01  3.24211e+01
3.455800399e-01  3.1584864e+01         -inf  6.89329e+05  3.15849e+01  3.15849e+01
3.469623601e-01  3.1364994e+01         -inf  6.89329e+05  3.13650e+01  3.13650e+01
3.483502095e-01  3.1100097e+01         -inf  6.89329e+05  3.11001e+01  3.11001e+01
3.497436104e-01  3.0892459e+01         -inf  6.89329e+05  3.08925e+01  3.08925e+01
3.511425848e-01  3.0925535e+01         -inf  6.89329e+05  3.09255e+01  3.09255e+01
3.525471552e-01  3.0756070e+01         -inf  6.89329e+05  3.07561e+01  3.07561e+01
3.539573438e-01  3.0472436e+01         -inf  6.89329e+05  3.04724e+01  3.04724e+01
3.553731732e-01  3.0353353e+01         -inf  6.89329e+05  3.03534e+01  3.03534e+01
3.567946659e-01  3.0224401e+01         -inf  6.89329e+05  3.02244e+01  3.02244e+01
3.582218445e-01  3.0092800e+01         -inf  6.89329e+05  3.00928e+01  3.00928e+01
3.596547319e-01  3.0015411e+01         -inf  6.89329e+05  3.00154e+01  3.00154e+01
3.610933508e-01  2.9869439e+01         -inf  6.89329e+05  2.98694e+01  2.98694e+01
3.625377242e-01  2.9730722e+01         -inf  6.89329e+05  2.97307e+01  2.97307e+01
3.639878751e-01  2.9617789e+01         -inf  6.89329e+05  2.96178e+01  2.96178e+01
3.654438266e-01  2.9516271e+01         -inf  6.89329e+05  2.95163e+01  2.95163e+01
3.669056019e-01  2.9393919e+01         -inf  6.89329e+05  2.93939e+01  2.93939e+01
3.683732243e-01  2.9286538e+01         -inf  6.89329e+05  2.92865e+01  2.92865e+01
3.698467172e-01  2.9173936e+01         -inf  6.89329e+05  2.91739e+01  2.91739e+01
3.713261041e-01  2.9060993e+01         -inf  6.89329e+05  2.90610e+01  2.90610e+01
3.728114085e-01  2.8950467e+01         -inf  6.89329e+05  2.89505e+01  2.89505e+01
3.743026542e-01  2.8844894e+01         -inf  6.89329e+05  2.88449e+01  2.88449e+01
3.757998648e-01  2.8734100e+01         -inf  6.89329e+05  2.87341e+01  2.87341e+01
3.773030642e-01  2.8625724e+01         -inf  6.89329e+05  2.86257e+01  2.86257e+01
3.788122765e-01  2.8517536e+01         -inf  6.89329e+05  2.85175e+01  2.85175e+01
3.803275256e-01  2.8411236e+01         -inf  6.89329e+05  2.84112e+01  2.84112e+01
3.818488357e-01  2.8305426e+01         -inf  6.89329e+05  2.83054e+01  2.83054e+01
3.833762310e-01  2.8199766e+01         -inf  6.89329e+05  2.81998e+01  2.81998e+01
3.849097360e-01  2.8092554e+01         -inf  6.89329e+05  2.80926e+01  2.80926e+01
3.864493749e-01  2.7987117e+01         -inf  6.89329e+05  2.79871e+01  2.79871e+01
3.879951724e-01  2.7883343e+01         -inf  6.89329e+05  2.78833e+01  2.78833e+01
3.895471531e-01  2.7780134e+01         -inf  6.89329e+05  2.77801e+01  2.77801e+01
3.911053417e-01  2.7675070e+01         -inf  6.89329e+05  2.76751e+01  2.76751e+01
3.926697631e-01  2.7572387e+01         -inf  6.89329e+05  2.75724e+01  2.75724e+01
3.942404421e-01  2.7472388e+01         -inf  6.89329e+05  2.74724e+01  2.74724e+01
3.958174039e-01  2.7372047e+01         -inf  6.89329e+05  2.73720e+01  2.73720e+01
3.974006735e-01  2.7266864e+01         -inf  6.89329e+05  2.72669e+01  2.72669e+01
3.989902762e-01  2.7163947e+01         -inf  6.89329e+05  2.71639e+01  2.71639e+01
4.005862373e-01  2.7066211e+01         -inf  6.89329e+05  2.70662e+01  2.70662e+01
4.021885823e-01  2.6970365e+01         -inf  6.89329e+05  2.69704e+01  2.69704e+01
4.037973366e-01  2.6869222e+01         -inf  6.89329e+05  2.68692e+01  2.68692e+01
4.054125259e-01  2.6767623e+01         -inf  6.89329e+05  2.67676e+01  2.67676e+01
4.070341760e-01  2.6676312e+01         -inf  6.89329e+05  2.66763e+01  2.66763e+01
4.086623127e-01  2.6591467e+01         -inf  6.89329e+05  2.65915e+01  2.65915e+01
4.102969620e-01  2.6498489e+01         -inf  6.89329e+05  2.64985e+01  2.64985e+01
4.119381498e-01  2.6394766e+01         -inf  6.89329e+05  2.63948e+01  2.63948e+01
4.135859024e-01  2.6291571e+01         -inf  6.89329e+05  2.62916e+01  2.62916e+01
4.152402460e-01  2.6203997e+01         -inf  6.89329e+05  2.62040e+01  2.62040e+01
4.169012070e-01  2.6123951e+01         -inf  6.89329e+05  2.61240e+01  2.61240e+01
4.185688119e-01  2.6029906e+01         -inf  6.89329e+05  2.60299e+01  2.60299e+01
4.202430871e-01  2.5931850e+01         -inf  6.89329e+05  2.59319e+01  2.59319e+01
4.219240595e-01  2.5857248e+01         -inf  6.89329e+05  2.58572e+01  2.58572e+01
4.236117557e-01  2.5803566e+01         -inf  6.89329e+05  2.58036e+01  2.58036e+01
4.253062027e-01  2.5743187e+01         -inf  6.89329e+05  2.57432e+01  2.57432e+01
4.270074275e-01  2.5645543e+01         -inf  6.89329e+05  2.56455e+01  2.56455e+01
4.287154572e-01  2.5529624e+01         -inf  6.89329e+05  2.55296e+01  2.55296e+01
4.304303191e-01  2.5440754e+01         -inf  6.89329e+05  2.54408e+01  2.54408e+01
4.321520403e-01  2.5391646e+01         -inf  6.89329e+05  2.53916e+01  2.53916e+01
4.338806485e-01  2.5323280e+01         -inf  6.89329e+05  2.53233e+01  2.53233e+01
4.356161711e-01  2.5223170e+01         -inf  6.89329e+05  2.52232e+01  2.52232e+01
4.373586358e-01  2.5152381e+01         -inf  6.89329e+05  2.51524e+01  2.51524e+01
4.391080703e-01  2.5147916e+01         -inf  6.89329e+05  2.51479e+01  2.51479e+01
4.408645026e-01  2.5168612e+01         -inf  6.89329e+05  2.51686e+01  2.51686e+01
4.426279606e-01  2.5152948e+01         -inf  6.89329e+05  2.51529e+01  2.51529e+01
4.443984725e-01  2.5043036e+01         -inf  6.89329e+05  2.50430e+01  2.50430e+01
4.461760664e-01  2.4892600e+01         -inf  6.89329e+05  2.48926e+01  2.48926e+01
4.479607706e-01  2.4814126e+01         -inf  6.89329e+05  2.48141e+01  2.48141e+01
4.497526137e-01  2.4822147e+01         -inf  6.89329e+05  2.48221e+01  2.48221e+01
4.515516242e-01  2.4784537e+01         -inf  6.89329e+05  2.47845e+01  2.47845e+01
4.533578307e-01  2.4682603e+01         -inf  6.89329e+05  2.46826e+01  2.46826e+01
4.551712620e-01  2.4639581e+01         -inf  6.89329e+05  2.46396e+01  2.46396e+01
4.569919470e-01  2.4721197e+01         -inf  6.89329e+05  2.47212e+01  2.47212e+01
4.588199148e-01  2.4866152e+01         -inf  6.89329e+05  2.48662e+01  2.48662e+01
4.606551945e-01  2.4990180e+01         -inf  6.89329e+05  2.49902e+01  2.49902e+01
4.624978152e-01  2.4952873e+01         -inf  6.89329e+05  2.49529e+01  2.49529e+01
4.643478065e-01  2.4747419e+01         -inf  6.89329e+05  2.47474e+01  2.47474e+01
4.662051977e-01  2.4577980e+01         -inf  6.89329e+05  2.45780e+01  2.45780e+01
4.680700185e-01  2.4595726e+01         -inf  6.89329e+05  2.45957e+01  2.45957e+01
4.699422986e-01  2.4662246e+01         -inf  6.89329e+05  2.46622e+01  2.46622e+01
4.718220678e-01  2.4612413e+01         -inf  6.89329e+05  2.46124e+01  2.46124e+01
4.737093561e-01  2.4561142e+01         -inf  6.89329e+05  2.45611e+01  2.45611e+01
4.756041935e-01  2.4663457e+01         -inf  6.89329e+05  2.46635e+01  2.46635e+01
4.775066103e-01  2.4938306e+01         -inf  6.89329e+05  2.49383e+01  2.49383e+01
4.794166367e-01  2.5282608e+01         -inf  6.89329e+05  2.52826e+01  2.52826e+01
4.813343033e-01  2.5561403e+01         -inf  6.89329e+05  2.55614e+01  2.55614e+01
4.832596405e-01  2.5565943e+01         -inf  6.89329e+05  2.55659e+01  2.55659e+01
4.851926790e-01  2.5328879e+01         -inf  6.89329e+05  2.53289e+01  2.53289e+01
4.871334497e-01  2.5120826e+01         -inf  6.89329e+05  2.51208e+01  2.51208e+01
4.890819835e-01  2.5142582e+01         -inf  6.89329e+05  2.51426e+01  2.51426e+01
4.910383115e-01  2.5270955e+01         -inf  6.89329e+05  2.52710e+01  2.52710e+01
4.930024647e-01  2.5299217e+01         -inf  6.89329e+05  2.52992e+01  2.52992e+01
4.949744746e-01  2.5299331e+01         -inf  6.89329e+05  2.52993e+01  2.52993e+01
4.969543725e-01  2.5457741e+01         -inf  6.89329e+05  2.54577e+01  2.54577e+01
4.989421900e-01  2.5832999e+01         -inf  6.89329e+05  2.58330e+01  2.58330e+01
5.009379587e-01  2.6332198e+01         -inf  6.89329e+05  2.63322e+01  2.63322e+01
5.029417106e-01  2.6827123e+01         -inf  6.89329e+05  2.68271e+01  2.68271e+01
5.049534774e-01  2.7126654e+01         -inf  6.89329e+05  2.71267e+01  2.71267e+01
5.069732913e-01  2.7115571e+01         -inf  6.89329e+05  2.71156e+01  2.71156e+01
5.090011845e-01  2.6910829e+01         -inf  6.89329e+05  2.69108e+01  2.69108e+01
5.110371892e-01  2.6768758e+01         -inf  6.89329e+05  2.67688e+01  2.67688e+01
5.130813380e-01  2.6827236e+01         -inf  6.89329e+05  2.68272e+01  2.68272e+01
5.151336633e-01  2.6993022e+01         -inf  6.89329e+05  2.69930e+01  2.69930e+01
5.171941980e-01  2.7132441e+01         -inf  6.89329e+05  2.71324e+01  2.71324e+01
5.192629748e-01  2.7260547e+01         -inf  6.89329e+05  2.72605e+01  2.72605e+01
5.213400267e-01  2.7462706e+01         -inf  6.89329e+05  2.74627e+01  2.74627e+01
5.234253868e-01  2.7795110e+01         -inf  6.89329e+05  2.77951e+01  2.77951e+01
5.255190883e-01  2.8225520e+01         -inf  6.89329e+05  2.82255e+01  2.82255e+01
5.276211647e-01  2.8680441e+01         -inf  6.89329e+05  2.86804e+01  2.86804e+01
5.297316493e-01  2.9083907e+01         -inf  6.89329e+05  2.90839e+01  2.90839e+01
5.318505759e-01  2.9362461e+01         -inf  6.89329e+05  2.93625e+01  2.93625e+01
5.339779782e-01  2.9467043e+01         -inf  6.89329e+05  2.94670e+01  2.94670e+01
5.361138902e-01  2.9432863e+01         -inf  6.89329e+05  2.94329e+01  2.94329e+01
5.382583457e-01  2.9421218e+01         -inf  6.89329e+05  2.94212e+01  2.94212e+01
5.404113791e-01  2.9552984e+01         -inf  6.89329e+05  2.95530e+01  2.95530e+01
5.425730246e-01  2.9780175e+01         -inf  6.89329e+05  2.97802e+01  2.97802e+01
5.447433167e-01  2.9989475e+01         -inf  6.89329e+05  2.99895e+01  2.99895e+01
5.469222900e-01  3.0130946e+01         -inf  6.89329e+05  3.01309e+01  3.01309e+01
5.491099791e-01  3.0230903e+01         -inf  6.89329e+05  3.02309e+01  3.02309e+01
5.513064191e-01  3.0330179e+01         -inf  6.89329e+05  3.03302e+01  3.03302e+01
5.535116447e-01  3.0456785e+01         -inf  6.89329e+05  3.04568e+01  3.04568e+01
5.557256913e-01  3.0635443e+01         -inf  6.89329e+05  3.06354e+01  3.06354e+01
5.579485941e-01  3.0899565e+01         -inf  6.89329e+05  3.08996e+01  3.08996e+01
5.601803884e-01  3.1234248e+01         -inf  6.89329e+05  3.12342e+01  3.12342e+01
5.624211100e-01  3.1564567e+01         -inf  6.89329e+05  3.15646e+01  3.15646e+01
5.646707944e-01  3.1823397e+01         -inf  6.89329e+05  3.18234e+01  3.18234e+01
5.669294776e-01  3.2016341e+01         -inf  6.89329e+05  3.20163e+01  3.20163e+01
5.691971955e-01  3.2188909e+01         -inf  6.89329e+05  3.21889e+01  3.21889e+01
5.714739843e-01  3.2351154e+01         -inf  6.89329e+05  3.23512e+01  3.23512e+01
5.737598803e-01  3.2440231e+01         -inf  6.89329e+05  3.24402e+01  3.24402e+01
5.760549198e-01  3.2401947e+01         -inf  6.89329e+05  3.24019e+01  3.24019e+01
5.783591395e-01  3.2267821e+01         -inf  6.89329e+05  3.22678e+01  3.22678e+01
5.806725760e-01  3.2098128e+01         -inf  6.89329e+05  3.20981e+01  3.20981e+01
5.829952663e-01  3.1944077e+01         -inf  6.89329e+05  3.19441e+01  3.19441e+01
5.853272474e-01  3.1837041e+01         -inf  6.89329e+05  3.18370e+01  3.18370e+01
5.876685564e-01  3.1791270e+01         -inf  6.89329e+05  3.17913e+01  3.17913e+01
5.900192306e-01  3.1821394e+01         -inf  6.89329e+05  3.18214e+01  3.18214e+01
5.923793075e-01  3.1962635e+01         -inf  6.89329e+05  3.19626e+01  3.19626e+01
5.947488247e-01  3.2220391e+01         -inf  6.89329e+05  3.22204e+01  3.22204e+01
5.971278200e-01  3.2511998e+01         -inf  6.89329e+05  3.25120e+01  3.25120e+01
5.995163313e-01  3.2745697e+01         -inf  6.89329e+05  3.27457e+01  3.27457e+01
6.019143966e-01  3.2847579e+01         -inf  6.89329e+05  3.28476e+01  3.28476e+01
6.043220542e-01  3.2793879e+01         -inf  6.89329e+05  3.27939e+01  3.27939e+01
6.067393425e-01  3.2604851e+01         -inf  6.89329e+05  3.26049e+01  3.26049e+01
6.091662998e-01  3.2320693e+01         -inf  6.89329e+05  3.23207e+01  3.23207e+01
6.116029650e-01  3.1998464e+01         -inf  6.89329e+05  3.19985e+01  3.19985e+01
6.140493769e-01  3.1679583e+01         -inf  6.89329e+05  3.16796e+01  3.16796e+01
6.165055744e-01  3.1385027e+01         -inf  6.89329e+05  3.13850e+01  3.13850e+01
6.189715967e-01  3.1124251e+01         -inf  6.89329e+05  3.11243e+01  3.11243e+01
6.214474831e-01  3.0897826e+01         -inf  6.89329e+05  3.08978e+01  3.08978e+01
6.239332730e-01  3.0683339e+01         -inf  6.89329e+05  3.06833e+01  3.06833e+01
6.264290061e-01  3.0455689e+01         -inf  6.89329e+05  3.04557e+01  3.04557e+01
6.289347221e-01  3.0198996e+01         -inf  6.89329e+05  3.01990e+01  3.01990e+01
6.314504610e-01  2.9929174e+01         -inf  6.89329e+05  2.99292e+01  2.99292e+01
6.339762629e-01  2.9646561e+01         -inf  6.89329e+05  2.96466e+01  2.96466e+01
6.365121679e-01  2.9323479e+01         -inf  6.89329e+05  2.93235e+01  2.93235e+01
6.390582166e-01  2.8975915e+01         -inf  6.89329e+05  2.89759e+01  2.89759e+01
6.416144494e-01  2.8615779e+01         -inf  6.89329e+05  2.86158e+01  2.86158e+01
6.441809072e-01  2.8292153e+01         -inf  6.89329e+05  2.82922e+01  2.82922e+01
6.467576309e-01  2.7985037e+01         -inf  6.89329e+05  2.79850e+01  2.79850e+01
6.493446614e-01  2.7688005e+01         -inf  6.89329e+05  2.76880e+01  2.76880e+01
6.519420400e-01  2.7408810e+01         -inf  6.89329e+05  2.74088e+01  2.74088e+01
6.545498082e-01  2.7109973e+01         -inf  6.89329e+05  2.71100e+01  2.71100e+01
6.571680074e-01  2.6801288e+01         -inf  6.89329e+05  2.68013e+01  2.68013e+01
6.597966795e-01  2.6499510e+01         -inf  6.89329e+05  2.64995e+01  2.64995e+01
6.624358662e-01  2.6205662e+01         -inf  6.89329e+05  2.62057e+01  2.62057e+01
6.650856096e-01  2.5881498e+01         -inf  6.89329e+05  2.58815e+01  2.58815e+01
6.677459521e-01  2.5519712e+01         -inf  6.89329e+05  2.55197e+01  2.55197e+01
6.704169359e-01  2.5154197e+01         -inf  6.89329e+05  2.51542e+01  2.51542e+01
6.730986036e-01  2.4801450e+01         -inf  6.89329e+05  2.48015e+01  2.48015e+01
6.757909981e-01  2.4471804e+01         -inf  6.89329e+05  2.44718e+01  2.44718e+01
6.784941620e-01  2.4156331e+01         -inf  6.89329e+05  2.41563e+01  2.41563e+01
6.812081387e-01  2.3891742e+01         -inf  6.89329e+05  2.38917e+01  2.38917e+01
6.839329712e-01  2.3683944e+01         -inf  6.89329e+05  2.36839e+01  2.36839e+01
6.866687031e-01  2.3435949e+01         -inf  6.89329e+05  2.34359e+01  2.34359e+01
6.894153779e-01  2.3107822e+01         -inf  6.89329e+05  2.31078e+01  2.31078e+01
6.921730395e-01  2.2776158e+01         -inf  6.89329e+05  2.27762e+01  2.27762e+01
6.949417316e-01  2.2455605e+01         -inf  6.89329e+05  2.24556e+01  2.24556e+01
6.977214985e-01  2.2145105e+01         -inf  6.89329e+05  2.21451e+01  2.21451e+01
7.005123845e-01  2.1869076e+01         -inf  6.89329e+05  2.18691e+01  2.18691e+01
7.033144341e-01  2.1649932e+01         -inf  6.89329e+05  2.16499e+01  2.16499e+01
7.061276918e-01  2.1476777e+01         -inf  6.89329e+05  2.14768e+01  2.14768e+01
7.089522026e-01  2.1327998e+01         -inf  6.89329e+05  2.13280e+01  2.13280e+01
7.117880114e-01  2.1208101e+01         -inf  6.89329e+05  2.12081e+01  2.12081e+01
7.146351634e-01  2.1147149e+01         -inf  6.89329e+05  2.11471e+01  2.11471e+01
7.174937041e-01  2.1018920e+01         -inf  6.89329e+05  2.10189e+01  2.10189e+01
7.203636789e-01  2.0735118e+01         -inf  6.89329e+05  2.07351e+01  2.07351e+01
7.232451336e-01  2.0467547e+01         -inf  6.89329e+05  2.04675e+01  2.04675e+01
7.261381142e-01  2.0279896e+01         -inf  6.89329e+05  2.02799e+01  2.02799e+01
7.290426666e-01  2.0074783e+01         -inf  6.89329e+05  2.00748e+01  2.00748e+01
7.319588373e-01  1.9907114e+01         -inf  6.89329e+05  1.99071e+01  1.99071e+01
7.348866726e-01  1.9818658e+01         -inf  6.89329e+05  1.98187e+01  1.98187e+01
7.378262193e-01  1.9768522e+01         -inf  6.89329e+05  1.97685e+01  1.97685e+01
7.407775242e-01  1.9747241e+01         -inf  6.89329e+05  1.97472e+01  1.97472e+01
7.437406343e-01  1.9796392e+01         -inf  6.89329e+05  1.97964e+01  1.97964e+01
7.467155968e-01  1.9864098e+01         -inf  6.89329e+05  1.98641e+01  1.98641e+01
7.497024592e-01  1.9762047e+01         -inf  6.89329e+05  1.97620e+01  1.97620e+01
7.527012690e-01  1.9444940e+01         -inf  6.89329e+05  1.94449e+01  1.94449e+01
7.557120741e-01  1.9150995e+01         -inf  6.89329e+05  1.91510e+01  1.91510e+01
7.587349224e-01  1.8968456e+01         -inf  6.89329e+05  1.89685e+01  1.89685e+01
7.617698621e-01  1.8859233e+01         -inf  6.89329e+05  1.88592e+01  1.88592e+01
7.648169416e-01  1.8781102e+01         -inf  6.89329e+05  1.87811e+01  1.87811e+01
7.678762093e-01  1.8734329e+01         -inf  6.89329e+05  1.87343e+01  1.87343e+01
7.709477142e-01  1.8744138e+01         -inf  6.89329e+05  1.87441e+01  1.87441e+01
7.740315050e-01  1.8854612e+01         -inf  6.89329e+05  1.88546e+01  1.88546e+01
7.771276310e-01  1.9030679e+01         -inf  6.89329e+05  1.90307e+01  1.90307e+01
7.802361416e-01  1.9064877e+01         -inf  6.89329e+05  1.90649e+01  1.90649e+01
7.833570861e-01  1.8856127e+01         -inf  6.89329e+05  1.88561e+01  1.88561e+01
7.864905145e-01  1.8590674e+01         -inf  6.89329e+05  1.85907e+01  1.85907e+01
7.896364765e-01  1.8406377e+01         -inf  6.89329e+05  1.84064e+01  1.84064e+01
7.927950224e-01  1.8258511e+01         -inf  6.89329e+05  1.82585e+01  1.82585e+01
7.959662025e-01  1.8138935e+01         -inf  6.89329e+05  1.81389e+01  1.81389e+01
7.991500673e-01  1.8068257e+01         -inf  6.89329e+05  1.80683e+01  1.80683e+01
8.023466676e-01  1.8023069e+01         -inf  6.89329e+05  1.80231e+01  1.80231e+01
8.055560543e-01  1.8025872e+01         -inf  6.89329e+05  1.80259e+01  1.80259e+01
8.087782785e-01  1.8124959e+01         -inf  6.89329e+05  1.81250e+01  1.81250e+01
8.120133916e-01  1.8273737e+01         -inf  6.89329e+05  1.82737e+01  1.82737e+01
8.152614452e-01  1.8396340e+01         -inf  6.89329e+05  1.83963e+01  1.83963e+01
8.185224910e-01  1.8374448e+01         -inf  6.89329e+05  1.83744e+01  1.83744e+01
8.217965809e-01  1.8166168e+01         -inf  6.89329e+05  1.81662e+01  1.81662e+01
8.250837672e-01  1.7889929e+01         -inf  6.89329e+05  1.78899e+01  1.78899e+01
8.283841023e-01  1.7684399e+01         -inf  6.89329e+05  1.76844e+01  1.76844e+01
8.316976387e-01  1.7557691e+01         -inf  6.89329e+05  1.75577e+01  1.75577e+01
8.350244293e-01  1.7491439e+01         -inf  6.89329e+05  1.74914e+01  1.74914e+01
8.383645270e-01  1.7466362e+01         -inf  6.89329e+05  1.74664e+01  1.74664e+01
8.417179851e-01  1.7467725e+01         -inf  6.89329e+05  1.74677e+01  1.74677e+01
8.450848570e-01  1.7506098e+01         -inf  6.89329e+05  1.75061e+01  1.75061e+01
8.484651965e-01  1.7606746e+01         -inf  6.89329e+05  1.76067e+01  1.76067e+01
8.518590573e-01  1.7803529e+01         -inf  6.89329e+05  1.78035e+01  1.78035e+01
8.552664935e-01  1.7831256e+01         -inf  6.89329e+05  1.78313e+01  1.78313e+01
8.586875595e-01  1.7693680e+01         -inf  6.89329e+05  1.76937e+01  1.76937e+01
8.621223097e-01  1.7509811e+01         -inf  6.89329e+05  1.75098e+01  1.75098e+01
8.655707989e-01  1.7343514e+01         -inf  6.89329e+05  1.73435e+01  1.73435e+01
8.690330821e-01  1.7235589e+01         -inf  6.89329e+05  1.72356e+01  1.72356e+01
8.725092145e-01  1.7164749e+01         -inf  6.89329e+05  1.71647e+01  1.71647e+01
8.759992513e-01  1.7131374e+01         -inf  6.89329e+05  1.71314e+01  1.71314e+01
8.795032483e-01  1.7127965e+01         -inf  6.89329e+05  1.71280e+01  1.71280e+01
8.830212613e-01  1.7148649e+01         -inf  6.89329e+05  1.71486e+01  1.71486e+01
8.865533464e-01  1.7177212e+01         -inf  6.89329e+05  1.71772e+01  1.71772e+01
8.900995597e-01  1.7180697e+01         -inf  6.89329e+05  1.71807e+01  1.71807e+01
8.936599580e-01  1.7167742e+01         -inf  6.89329e+05  1.71677e+01  1.71677e+01
8.972345978e-01  1.7224338e+01         -inf  6.89329e+05  1.72243e+01  1.72243e+01
9.008235362e-01  1.7196608e+01         -inf  6.89329e+05  1.71966e+01  1.71966e+01
9.044268304e-01  1.7100500e+01         -inf  6.89329e+05  1.71005e+01  1.71005e+01
9.080445377e-01  1.7012990e+01         -inf  6.89329e+05  1.70130e+01  1.70130e+01
9.116767158e-01  1.6950331e+01         -inf  6.89329e+05  1.69503e+01  1.69503e+01
9.153234227e-01  1.6910250e+01         -inf  6.89329e+05  1.69102e+01  1.69102e+01
9.189847164e-01  1.6886269e+01         -inf  6.89329e+05  1.68863e+01  1.68863e+01
9.226606552e-01  1.6872744e+01         -inf  6.89329e+05  1.68727e+01  1.68727e+01
9.263512979e-01  1.6866418e+01         -inf  6.89329e+05  1.68664e+01  1.68664e+01
9.300567031e-01  1.6861985e+01         -inf  6.89329e+05  1.68620e+01  1.68620e+01
9.337769299e-01  1.6849143e+01         -inf  6.89329e+05  1.68491e+01  1.68491e+01
9.375120376e-01  1.6872631e+01         -inf  6.89329e+05  1.68726e+01  1.68726e+01
9.412620857e-01  1.6945103e+01         -inf  6.89329e+05  1.69451e+01  1.69451e+01
9.450271341e-01  1.6984426e+01         -inf  6.89329e+05  1.69844e+01  1.69844e+01
9.488072426e-01  1.6894679e+01         -inf  6.89329e+05  1.68947e+01  1.68947e+01
9.526024716e-01  1.6814971e+01         -inf  6.89329e+05  1.68150e+01  1.68150e+01
9.564128815e-01  1.6785800e+01         -inf  6.89329e+05  1.67858e+01  1.67858e+01
9.602385330e-01  1.6755719e+01         -inf  6.89329e+05  1.67557e+01  1.67557e+01
9.640794871e-01  1.6737572e+01         -inf  6.89329e+05  1.67376e+01  1.67376e+01
9.679358051e-01  1.6719047e+01         -inf  6.89329e+05  1.67190e+01  1.67190e+01
9.718075483e-01  1.6699498e+01         -inf  6.89329e+05  1.66995e+01  1.66995e+01
9.756947785e-01  1.6685594e+01         -inf  6.89329e+05  1.66856e+01  1.66856e+01
9.795975576e-01  1.6676198e+01         -inf  6.89329e+05  1.66762e+01  1.66762e+01
9.835159478e-01  1.6673850e+01         -inf  6.89329e+05  1.66738e+01  1.66738e+01
9.874500116e-01  1.6696050e+01         -inf  6.89329e+05  1.66961e+01  1.66961e+01
9.913998117e-01  1.6793415e+01         -inf  6.89329e+05  1.67934e+01  1.67934e+01
9.953654109e-01  1.6747688e+01         -inf  6.89329e+05  1.67477e+01  1.67477e+01
9.993468726e-01  1.6674569e+01         -inf  6.89329e+05  1.66746e+01  1.66746e+01
1.003344260e+00  1.6643465e+01         -inf  6.89329e+05  1.66435e+01  1.66435e+01
1.007357637e+00  1.6627250e+01         -inf  6.89329e+05  1.66273e+01  1.66273e+01
1.011387068e+00  1.6615619e+01         -inf  6.89329e+05  1.66156e+01  1.66156e+01
1.015432616e+00  1.6606186e+01         -inf  6.89329e+05  1.66062e+01  1.66062e+01
1.019494346e+00  1.6597169e+01         -inf  6.89329e+05  1.65972e+01  1.65972e+01
1.023572324e+00  1.6589213e+01         -inf  6.89329e+05  1.65892e+01  1.65892e+01
1.027666613e+00  1.6581712e+01         -inf  6.89329e+05  1.65817e+01  1.65817e+01
1.031777280e+00  1.6575157e+01         -inf  6.89329e+05  1.65752e+01  1.65752e+01
1.035904389e+00  1.6572733e+01         -inf  6.89329e+05  1.65727e+01  1.65727e+01
1.040048006e+00  1.6572543e+01         -inf  6.89329e+05  1.65725e+01  1.65725e+01
1.044208198e+00  1.6572733e+01         -inf  6.89329e+05  1.65727e+01  1.65727e+01
1.048385031e+00  1.6588683e+01         -inf  6.89329e+05  1.65887e+01  1.65887e+01
1.052578571e+00  1.6573642e+01         -inf  6.89329e+05  1.65736e+01  1.65736e+01
1.056788885e+00  1.6543257e+01         -inf  6.89329e+05  1.65433e+01  1.65433e+01
1.061016041e+00  1.6533937e+01         -inf  6.89329e+05  1.65339e+01  1.65339e+01
1.065260105e+00  1.6531210e+01         -inf  6.89329e+05  1.65312e+01  1.65312e+01
1.069521146e+00  1.6521435e+01         -inf  6.89329e+05  1.65214e+01  1.65214e+01
1.073799230e+00  1.6513933e+01         -inf  6.89329e+05  1.65139e+01  1.65139e+01
1.078094427e+00  1.6507910e+01         -inf  6.89329e+05  1.65079e+01  1.65079e+01
1.082406805e+00  1.6502113e+01         -inf  6.89329e+05  1.65021e+01  1.65021e+01
1.086736432e+00  1.6496657e+01         -inf  6.89329e+05  1.64967e+01  1.64967e+01
1.091083378e+00  1.6491808e+01         -inf  6.89329e+05  1.64918e+01  1.64918e+01
1.095447711e+00  1.6487034e+01         -inf  6.89329e+05  1.64870e+01  1.64870e+01
1.099829502e+00  1.6480669e+01         -inf  6.89329e+05  1.64807e+01  1.64807e+01
1.104228820e+00  1.6475479e+01         -inf  6.89329e+05  1.64755e+01  1.64755e+01
1.108645735e+00  1.6471425e+01         -inf  6.89329e+05  1.64714e+01  1.64714e+01
1.113080318e+00  1.6470667e+01         -inf  6.89329e+05  1.64707e+01  1.64707e+01
1.117532640e+00  1.6469455e+01         -inf  6.89329e+05  1.64695e+01  1.64695e+01
1.122002770e+00  1.6473357e+01         -inf  6.89329e+05  1.64734e+01  1.64734e+01
1.126490781e+00  1.6480745e+01         -inf  6.89329e+05  1.64807e+01  1.64807e+01
1.130996744e+00  1.6475933e+01         -inf  6.89329e+05  1.64759e+01  1.64759e+01
1.135520731e+00  1.6478131e+01         -inf  6.89329e+05  1.64781e+01  1.64781e+01
1.140062814e+00  1.6455096e+01         -inf  6.89329e+05  1.64551e+01  1.64551e+01
1.144623065e+00  1.6450701e+01         -inf  6.89329e+05  1.64507e+01  1.64507e+01
1.149201558e+00  1.6458127e+01         -inf  6.89329e+05  1.64581e+01  1.64581e+01
1.153798364e+00  1.6480556e+01         -inf  6.89329e+05  1.64806e+01  1.64806e+01
1.158413557e+00  1.6465590e+01         -inf  6.89329e+05  1.64656e+01  1.64656e+01
1.163047212e+00  1.6483283e+01         -inf  6.89329e+05  1.64833e+01  1.64833e+01
1.167699401e+00  1.6457899e+01         -inf  6.89329e+05  1.64579e+01  1.64579e+01
1.172370198e+00  1.6440055e+01         -inf  6.89329e+05  1.64401e+01  1.64401e+01
1.177059679e+00  1.6424976e+01         -inf  6.89329e+05  1.64250e+01  1.64250e+01
1.181767918e+00  1.6415997e+01         -inf  6.89329e+05  1.64160e+01  1.64160e+01
1.186494989e+00  1.6409783e+01         -inf  6.89329e+05  1.64098e+01  1.64098e+01
1.191240969e+00  1.6403570e+01         -inf  6.89329e+05  1.64036e+01  1.64036e+01
1.196005933e+00  1.6394894e+01         -inf  6.89329e+05  1.63949e+01  1.63949e+01
1.200789957e+00  1.6448276e+01         -inf  6.89329e+05  1.64483e+01  1.64483e+01
1.205593117e+00  1.6706696e+01         -inf  6.89329e+05  1.67067e+01  1.67067e+01
1.210415489e+00  1.6518972e+01         -inf  6.89329e+05  1.65190e+01  1.65190e+01
1.215257151e+00  1.6416565e+01         -inf  6.89329e+05  1.64166e+01  1.64166e+01
1.220118180e+00  1.6628690e+01         -inf  6.89329e+05  1.66287e+01  1.66287e+01
1.224998652e+00  1.6480177e+01         -inf  6.89329e+05  1.64802e+01  1.64802e+01
1.229898647e+00  1.6383262e+01         -inf  6.89329e+05  1.63833e+01  1.63833e+01
1.234818242e+00  1.6374169e+01         -inf  6.89329e+05  1.63742e+01  1.63742e+01
1.239757515e+00  1.6363788e+01         -inf  6.89329e+05  1.63638e+01  1.63638e+01
1.244716545e+00  1.6356021e+01         -inf  6.89329e+05  1.63560e+01  1.63560e+01
1.249695411e+00  1.6353483e+01         -inf  6.89329e+05  1.63535e+01  1.63535e+01
1.254694192e+00  1.6351172e+01         -inf  6.89329e+05  1.63512e+01  1.63512e+01
1.259712969e+00  1.6347989e+01         -inf  6.89329e+05  1.63480e+01  1.63480e+01
1.264751821e+00  1.6345868e+01         -inf  6.89329e+05  1.63459e+01  1.63459e+01
1.269810828e+00  1.6340601e+01         -inf  6.89329e+05  1.63406e+01  1.63406e+01
1.274890072e+00  1.6337381e+01         -inf  6.89329e+05  1.63374e+01  1.63374e+01
1.279989632e+00  1.6334767e+01         -inf  6.89329e+05  1.63348e+01  1.63348e+01
1.285109591e+00  1.6333365e+01         -inf  6.89329e+05  1.63334e+01  1.63334e+01
1.290250029e+00  1.6353407e+01         -inf  6.89329e+05  1.63534e+01  1.63534e+01
1.295411029e+00  1.6348709e+01         -inf  6.89329e+05  1.63487e+01  1.63487e+01
1.300592673e+00  1.6325863e+01         -inf  6.89329e+05  1.63259e+01  1.63259e+01
1.305795044e+00  1.6322756e+01         -inf  6.89329e+05  1.63228e+01  1.63228e+01
1.311018224e+00  1.6339389e+01         -inf  6.89329e+05  1.63394e+01  1.63394e+01
1.316262297e+00  1.6415049e+01         -inf  6.89329e+05  1.64150e+01  1.64150e+01
1.321527346e+00  1.6385460e+01         -inf  6.89329e+05  1.63855e+01  1.63855e+01
1.326813455e+00  1.6332986e+01         -inf  6.89329e+05  1.63330e+01  1.63330e+01
1.332120709e+00  1.6400804e+01         -inf  6.89329e+05  1.64008e+01  1.64008e+01
1.337449192e+00  1.6371328e+01         -inf  6.89329e+05  1.63713e+01  1.63713e+01
1.342798989e+00  1.6388112e+01         -inf  6.89329e+05  1.63881e+01  1.63881e+01
1.348170185e+00  1.6353862e+01         -inf  6.89329e+05  1.63539e+01  1.63539e+01
1.353562866e+00  1.6360682e+01         -inf  6.89329e+05  1.63607e+01  1.63607e+01
1.358977117e+00  1.6383906e+01         -inf  6.89329e+05  1.63839e+01  1.63839e+01
1.364413026e+00  1.6388263e+01         -inf  6.89329e+05  1.63883e+01  1.63883e+01
1.369870678e+00  1.6382164e+01         -inf  6.89329e+05  1.63822e+01  1.63822e+01
1.375350160e+00  1.6384475e+01         -inf  6.89329e+05  1.63845e+01  1.63845e+01
1.380851561e+00  1.6386786e+01         -inf  6.89329e+05  1.63868e+01  1.63868e+01
1.386374967e+00  1.6386104e+01         -inf  6.89329e+05  1.63861e+01  1.63861e+01
1.391920467e+00  1.6376367e+01         -inf  6.89329e+05  1.63764e+01  1.63764e+01
1.397488149e+00  1.6370949e+01         -inf  6.89329e+05  1.63709e+01  1.63709e+01
1.403078102e+00  1.6367425e+01         -inf  6.89329e+05  1.63674e+01  1.63674e+01
1.408690414e+00  1.6357196e+01         -inf  6.89329e+05  1.63572e+01  1.63572e+01
1.414325176e+00  1.6322188e+01         -inf  6.89329e+05  1.63222e+01  1.63222e+01
1.419982476e+00  1.6306768e+01         -inf  6.89329e+05  1.63068e+01  1.63068e+01
1.425662406e+00  1.6298887e+01         -inf  6.89329e+05  1.62989e+01  1.62989e+01
1.431365056e+00  1.8150904e+01         -inf  6.89329e+05  1.81509e+01  1.81509e+01
1.437090516e+00  1.7634663e+01         -inf  6.89329e+05  1.76347e+01  1.76347e+01
1.442838878e+00  1.7050911e+01         -inf  6.89329e+05  1.70509e+01  1.70509e+01
1.448610234e+00  1.6482942e+01         -inf  6.89329e+05  1.64829e+01  1.64829e+01
1.454404675e+00  1.6290476e+01         -inf  6.89329e+05  1.62905e+01  1.62905e+01
1.460222293e+00  1.6269221e+01         -inf  6.89329e+05  1.62692e+01  1.62692e+01
1.466063182e+00  1.6265432e+01         -inf  6.89329e+05  1.62654e+01  1.62654e+01
1.471927435e+00  1.6392204e+01         -inf  6.89329e+05  1.63922e+01  1.63922e+01
1.477815145e+00  1.6362462e+01         -inf  6.89329e+05  1.63625e+01  1.63625e+01
1.483726405e+00  1.6286763e+01         -inf  6.89329e+05  1.62868e+01  1.62868e+01
1.489661311e+00  1.6263235e+01         -inf  6.89329e+05  1.62632e+01  1.62632e+01
1.495619956e+00  1.6286612e+01         -inf  6.89329e+05  1.62866e+01  1.62866e+01
1.501602436e+00  1.6267251e+01         -inf  6.89329e+05  1.62673e+01  1.62673e+01
1.507608846e+00  1.6251149e+01         -inf  6.89329e+05  1.62511e+01  1.62511e+01
1.513639281e+00  1.6251376e+01         -inf  6.89329e+05  1.62514e+01  1.62514e+01
1.519693838e+00  1.6254407e+01         -inf  6.89329e+05  1.62544e+01  1.62544e+01
1.525772614e+00  1.6282937e+01         -inf  6.89329e+05  1.62829e+01  1.62829e+01
1.531875704e+00  1.6420278e+01         -inf  6.89329e+05  1.64203e+01  1.64203e+01
1.538003207e+00  1.6484837e+01         -inf  6.89329e+05  1.64848e+01  1.64848e+01
1.544155220e+00  1.6375533e+01         -inf  6.89329e+05  1.63755e+01  1.63755e+01
1.550331841e+00  1.6244973e+01         -inf  6.89329e+05  1.62450e+01  1.62450e+01
1.556533168e+00  1.6241071e+01         -inf  6.89329e+05  1.62411e+01  1.62411e+01
1.562759301e+00  1.6244784e+01         -inf  6.89329e+05  1.62448e+01  1.62448e+01
1.569010338e+00  1.6845013e+01         -inf  6.89329e+05  1.68450e+01  1.68450e+01
1.575286379e+00  1.7211647e+01         -inf  6.89329e+05  1.72116e+01  1.72116e+01
1.581587525e+00  1.6790156e+01         -inf  6.89329e+05  1.67902e+01  1.67902e+01
1.587913875e+00  1.6293128e+01         -inf  6.89329e+05  1.62931e+01  1.62931e+01
1.594265530e+00  1.6275473e+01         -inf  6.89329e+05  1.62755e+01  1.62755e+01
1.600642593e+00  1.7151225e+01         -inf  6.89329e+05  1.71512e+01  1.71512e+01
1.607045163e+00  1.7138004e+01         -inf  6.89329e+05  1.71380e+01  1.71380e+01
1.613473344e+00  1.6751021e+01         -inf  6.89329e+05  1.67510e+01  1.67510e+01
1.619927237e+00  1.6326242e+01         -inf  6.89329e+05  1.63262e+01  1.63262e+01
1.626406946e+00  1.6293356e+01         -inf  6.89329e+05  1.62934e+01  1.62934e+01
1.632912574e+00  1.6359659e+01         -inf  6.89329e+05  1.63597e+01  1.63597e+01
1.639444224e+00  1.6510599e+01         -inf  6.89329e+05  1.65106e+01  1.65106e+01
1.646002001e+00  1.6540264e+01         -inf  6.89329e+05  1.65403e+01  1.65403e+01
1.652586009e+00  1.6478472e+01         -inf  6.89329e+05  1.64785e+01  1.64785e+01
1.659196353e+00  1.6313474e+01         -inf  6.89329e+05  1.63135e+01  1.63135e+01
1.665833138e+00  1.6703362e+01         -inf  6.89329e+05  1.67034e+01  1.67034e+01
1.672496471e+00  1.6306995e+01         -inf  6.89329e+05  1.63070e+01  1.63070e+01
1.679186457e+00  1.6337911e+01         -inf  6.89329e+05  1.63379e+01  1.63379e+01
1.685903203e+00  1.6340601e+01         -inf  6.89329e+05  1.63406e+01  1.63406e+01
1.692646815e+00  1.6338821e+01         -inf  6.89329e+05  1.63388e+01  1.63388e+01
1.699417403e+00  1.6347421e+01         -inf  6.89329e+05  1.63474e+01  1.63474e+01
1.706215072e+00  1.6471880e+01         -inf  6.89329e+05  1.64719e+01  1.64719e+01
1.713039933e+00  1.6344693e+01         -inf  6.89329e+05  1.63447e+01  1.63447e+01
1.719892092e+00  1.6327947e+01         -inf  6.89329e+05  1.63279e+01  1.63279e+01
1.726771661e+00  1.6429712e+01         -inf  6.89329e+05  1.64297e+01  1.64297e+01
1.733678747e+00  1.6327871e+01         -inf  6.89329e+05  1.63279e+01  1.63279e+01
1.740613462e+00  1.6286612e+01         -inf  6.89329e+05  1.62866e+01  1.62866e+01
1.747575916e+00  1.6259711e+01         -inf  6.89329e+05  1.62597e+01  1.62597e+01
1.754566220e+00  1.6256529e+01         -inf  6.89329e+05  1.62565e+01  1.62565e+01
1.761584485e+00  1.6255506e+01         -inf  6.89329e+05  1.62555e+01  1.62555e+01
1.768630823e+00  1.6299039e+01         -inf  6.89329e+05  1.62990e+01  1.62990e+01
1.775705346e+00  1.6333137e+01         -inf  6.89329e+05  1.63331e+01  1.63331e+01
1.782808167e+00  1.6281459e+01         -inf  6.89329e+05  1.62815e+01  1.62815e+01
1.789939400e+00  1.6381065e+01         -inf  6.89329e+05  1.63811e+01  1.63811e+01
1.797099158e+00  1.6268880e+01         -inf  6.89329e+05  1.62689e+01  1.62689e+01
1.804287554e+00  1.6270471e+01         -inf  6.89329e+05  1.62705e+01  1.62705e+01
1.811504704e+00  1.6281232e+01         -inf  6.89329e+05  1.62812e+01  1.62812e+01
1.818750723e+00  1.6262856e+01         -inf  6.89329e+05  1.62629e+01  1.62629e+01
1.826025726e+00  1.6245162e+01         -inf  6.89329e+05  1.62452e+01  1.62452e+01
1.833329829e+00  1.6248193e+01         -inf  6.89329e+05  1.62482e+01  1.62482e+01
1.840663148e+00  1.6260393e+01         -inf  6.89329e+05  1.62604e+01  1.62604e+01
1.848025801e+00  1.6263538e+01         -inf  6.89329e+05  1.62635e+01  1.62635e+01
1.855417904e+00  1.6263159e+01         -inf  6.89329e+05  1.62632e+01  1.62632e+01
1.862839576e+00  1.6258196e+01         -inf  6.89329e+05  1.62582e+01  1.62582e+01
1.870290934e+00  1.6272821e+01         -inf  6.89329e+05  1.62728e+01  1.62728e+01
1.877772098e+00  1.6540340e+01         -inf  6.89329e+05  1.65403e+01  1.65403e+01
1.885283186e+00  1.6556252e+01         -inf  6.89329e+05  1.65563e+01  1.65563e+01
1.892824319e+00  1.6297675e+01         -inf  6.89329e+05  1.62977e+01  1.62977e+01
1.900395616e+00  1.6250088e+01         -inf  6.89329e+05  1.62501e+01  1.62501e+01
1.907997199e+00  1.6240199e+01         -inf  6.89329e+05  1.62402e+01  1.62402e+01
1.915629188e+00  1.6227696e+01         -inf  6.89329e+05  1.62277e+01  1.62277e+01
1.923291704e+00  1.6216405e+01         -inf  6.89329e+05  1.62164e+01  1.62164e+01
1.930984871e+00  1.6208487e+01         -inf  6.89329e+05  1.62085e+01  1.62085e+01
1.938708811e+00  1.6378943e+01         -inf  6.89329e+05  1.63789e+01  1.63789e+01
1.946463646e+00  1.7950079e+01         -inf  6.89329e+05  1.79501e+01  1.79501e+01
1.954249500e+00  2.1083470e+01         -inf  6.89329e+05  2.10835e+01  2.10835e+01
1.962066498e+00  2.0211891e+01         -inf  6.89329e+05  2.02119e+01  2.02119e+01
1.969914764e+00  1.9131227e+01         -inf  6.89329e+05  1.91312e+01  1.91312e+01
1.977794423e+00  1.7017839e+01         -inf  6.89329e+05  1.70178e+01  1.70178e+01
1.985705601e+00  1.6501507e+01         -inf  6.89329e+05  1.65015e+01  1.65015e+01
1.993648424e+00  1.7181304e+01         -inf  6.89329e+05  1.71813e+01  1.71813e+01
2.001623017e+00  2.3456234e+01         -inf  6.89329e+05  2.34562e+01  2.34562e+01
2.009629509e+00  2.3825365e+01         -inf  6.89329e+05  2.38254e+01  2.38254e+01
2.017668027e+00  2.2344814e+01         -inf  6.89329e+05  2.23448e+01  2.23448e+01
2.025738699e+00  1.8633055e+01         -inf  6.89329e+05  1.86331e+01  1.86331e+01
2.033841654e+00  1.7757582e+01         -inf  6.89329e+05  1.77576e+01  1.77576e+01
2.041977021e+00  1.7824324e+01         -inf  6.89329e+05  1.78243e+01  1.78243e+01
2.050144929e+00  1.9511400e+01         -inf  6.89329e+05  1.95114e+01  1.95114e+01
2.058345509e+00  1.9648823e+01         -inf  6.89329e+05  1.96488e+01  1.96488e+01
2.066578891e+00  1.9348033e+01         -inf  6.89329e+05  1.93480e+01  1.93480e+01
2.074845206e+00  1.8380318e+01         -inf  6.89329e+05  1.83803e+01  1.83803e+01
2.083144587e+00  1.7582844e+01         -inf  6.89329e+05  1.75828e+01  1.75828e+01
2.091477165e+00  1.7079020e+01         -inf  6.89329e+05  1.70790e+01  1.70790e+01
2.099843074e+00  1.6623727e+01         -inf  6.89329e+05  1.66237e+01  1.66237e+01
2.108242446e+00  1.6563413e+01         -inf  6.89329e+05  1.65634e+01  1.65634e+01
2.116675416e+00  1.6441532e+01         -inf  6.89329e+05  1.64415e+01  1.64415e+01
2.125142118e+00  1.6306578e+01         -inf  6.89329e+05  1.63066e+01  1.63066e+01
2.133642686e+00  1.6229477e+01         -inf  6.89329e+05  1.62295e+01  1.62295e+01
2.142177257e+00  1.6407585e+01         -inf  6.89329e+05  1.64076e+01  1.64076e+01
2.150745966e+00  1.6511622e+01         -inf  6.89329e+05  1.65116e+01  1.65116e+01
2.159348950e+00  1.6480025e+01         -inf  6.89329e+05  1.64800e+01  1.64800e+01
2.167986346e+00  1.6430924e+01         -inf  6.89329e+05  1.64309e+01  1.64309e+01
2.176658291e+00  1.6375722e+01         -inf  6.89329e+05  1.63757e+01  1.63757e+01
2.185364924e+00  1.6263310e+01         -inf  6.89329e+05  1.62633e+01  1.62633e+01
2.194106384e+00  1.6326545e+01         -inf  6.89329e+05  1.63265e+01  1.63265e+01
2.202882810e+00  1.6865660e+01         -inf  6.89329e+05  1.68657e+01  1.68657e+01
2.211694341e+00  1.6293658e+01         -inf  6.89329e+05  1.62937e+01  1.62937e+01
2.220541118e+00  1.6430734e+01         -inf  6.89329e+05  1.64307e+01  1.64307e+01
2.229423283e+00  1.6556555e+01         -inf  6.89329e+05  1.65566e+01  1.65566e+01
2.238340976e+00  1.6624295e+01         -inf  6.89329e+05  1.66243e+01  1.66243e+01
2.247294340e+00  1.6763068e+01         -inf  6.89329e+05  1.67631e+01  1.67631e+01
2.256283517e+00  1.6905097e+01         -inf  6.89329e+05  1.69051e+01  1.69051e+01
2.265308651e+00  1.6957035e+01         -inf  6.89329e+05  1.69570e+01  1.69570e+01
2.274369886e+00  1.7106371e+01         -inf  6.89329e+05  1.71064e+01  1.71064e+01
2.283467365e+00  1.7088604e+01         -inf  6.89329e+05  1.70886e+01  1.70886e+01
2.292601235e+00  1.7312185e+01         -inf  6.89329e+05  1.73122e+01  1.73122e+01
2.301771640e+00  1.7589699e+01         -inf  6.89329e+05  1.75897e+01  1.75897e+01
2.310978726e+00  1.6743216e+01         -inf  6.89329e+05  1.67432e+01  1.67432e+01
2.320222641e+00  1.7502650e+01         -inf  6.89329e+05  1.75027e+01  1.75027e+01
2.329503532e+00  1.7067313e+01         -inf  6.89329e+05  1.70673e+01  1.70673e+01
2.338821546e+00  1.7435980e+01         -inf  6.89329e+05  1.74360e+01  1.74360e+01
2.348176832e+00  1.7697466e+01         -inf  6.89329e+05  1.76975e+01  1.76975e+01
2.357569539e+00  1.7195432e+01         -inf  6.89329e+05  1.71954e+01  1.71954e+01
2.366999817e+00  1.7376999e+01         -inf  6.89329e+05  1.73770e+01  1.73770e+01
2.376467817e+00  1.7449010e+01         -inf  6.89329e+05  1.74490e+01  1.74490e+01
2.385973688e+00  1.6828569e+01         -inf  6.89329e+05  1.68286e+01  1.68286e+01
2.395517583e+00  1.6859104e+01         -inf  6.89329e+05  1.68591e+01  1.68591e+01
2.405099653e+00  1.6580648e+01         -inf  6.89329e+05  1.65806e+01  1.65807e+01
2.414720052e+00  1.6414706e+01         -inf  6.89329e+05  1.64147e+01  1.64147e+01
2.424378932e+00  1.6550945e+01         -inf  6.89329e+05  1.65509e+01  1.65509e+01
2.434076448e+00  1.6373863e+01         -inf  6.89329e+05  1.63739e+01  1.63739e+01
2.443812753e+00  1.6302900e+01         -inf  6.89329e+05  1.63029e+01  1.63029e+01
2.453588004e+00  1.6271036e+01         -inf  6.89329e+05  1.62710e+01  1.62710e+01
2.463402356e+00  1.6240460e+01         -inf  6.89329e+05  1.62405e+01  1.62405e+01
2.473255966e+00  1.6341392e+01         -inf  6.89329e+05  1.63414e+01  1.63414e+01
2.483148990e+00  1.8068100e+01         -inf  6.89329e+05  1.80681e+01  1.80681e+01
2.493081586e+00  1.7475296e+01         -inf  6.89329e+05  1.74753e+01  1.74753e+01
2.503053912e+00  1.7037646e+01         -inf  6.89329e+05  1.70376e+01  1.70377e+01
2.513066128e+00  1.6551397e+01         -inf  6.89329e+05  1.65514e+01  1.65514e+01
2.523118392e+00  1.6353969e+01         -inf  6.89329e+05  1.63540e+01  1.63540e+01
2.533210866e+00  1.6280695e+01         -inf  6.89329e+05  1.62807e+01  1.62807e+01
2.543343709e+00  1.6253795e+01         -inf  6.89329e+05  1.62538e+01  1.62538e+01
2.553517084e+00  1.6322827e+01         -inf  6.89329e+05  1.63228e+01  1.63228e+01
2.563731152e+00  1.6535714e+01         -inf  6.89329e+05  1.65357e+01  1.65357e+01
2.573986077e+00  1.6576063e+01         -inf  6.89329e+05  1.65761e+01  1.65761e+01
2.584282021e+00  1.6776515e+01         -inf  6.89329e+05  1.67765e+01  1.67765e+01
2.594619149e+00  1.7097277e+01         -inf  6.89329e+05  1.70973e+01  1.70973e+01
2.604997626e+00  1.7007949e+01         -inf  6.89329e+05  1.70079e+01  1.70080e+01
2.615417616e+00  1.7014920e+01         -inf  6.89329e+05  1.70149e+01  1.70149e+01
2.625879287e+00  1.6797958e+01         -inf  6.89329e+05  1.67980e+01  1.67980e+01
2.636382804e+00  1.6675589e+01         -inf  6.89329e+05  1.66756e+01  1.66756e+01
2.646928335e+00  1.6649599e+01         -inf  6.89329e+05  1.66496e+01  1.66496e+01
2.657516049e+00  1.7359458e+01         -inf  6.89329e+05  1.73595e+01  1.73595e+01
2.668146113e+00  2.7604988e+01         -inf  6.89329e+05  2.76050e+01  2.76050e+01
2.678818697e+00  3.8356755e+01         -inf  6.89329e+05  3.83568e+01  3.83568e+01
2.689533972e+00  3.6805540e+01         -inf  6.89329e+05  3.68055e+01  3.68055e+01
2.700292108e+00  3.7876843e+01         -inf  6.89329e+05  3.78768e+01  3.78768e+01
2.711093276e+00  3.4090397e+01         -inf  6.89329e+05  3.40904e+01  3.40904e+01
2.721937650e+00  2.7020291e+01         -inf  6.89329e+05  2.70203e+01  2.70203e+01
2.732825400e+00  2.5024229e+01         -inf  6.89329e+05  2.50242e+01  2.50242e+01
2.743756702e+00  2.9447570e+01         -inf  6.89329e+05  2.94476e+01  2.94476e+01
2.754731729e+00  3.5526607e+01         -inf  6.89329e+05  3.55266e+01  3.55266e+01
2.765750655e+00  3.4246474e+01         -inf  6.89329e+05  3.42465e+01  3.42465e+01
2.776813658e+00  3.6729742e+01         -inf  6.89329e+05  3.67297e+01  3.67297e+01
2.787920913e+00  3.4183454e+01         -inf  6.89329e+05  3.41835e+01  3.41835e+01
2.799072596e+00  3.0129356e+01         -inf  6.89329e+05  3.01294e+01  3.01294e+01
2.810268887e+00  2.7518904e+01         -inf  6.89329e+05  2.75189e+01  2.75189e+01
2.821509962e+00  2.4594052e+01         -inf  6.89329e+05  2.45941e+01  2.45941e+01
2.832796002e+00  2.1404411e+01         -inf  6.89329e+05  2.14044e+01  2.14044e+01
2.844127186e+00  2.0990879e+01         -inf  6.89329e+05  2.09909e+01  2.09909e+01
2.855503695e+00  1.9615728e+01         -inf  6.89329e+05  1.96157e+01  1.96158e+01
2.866925710e+00  1.9161741e+01         -inf  6.89329e+05  1.91617e+01  1.91618e+01
2.878393413e+00  1.8227999e+01         -inf  6.89329e+05  1.82280e+01  1.82281e+01
2.889906986e+00  1.7818651e+01         -inf  6.89329e+05  1.78187e+01  1.78187e+01
2.901466614e+00  1.6975749e+01         -inf  6.89329e+05  1.69757e+01  1.69758e+01
2.913072481e+00  1.6435764e+01         -inf  6.89329e+05  1.64358e+01  1.64358e+01
2.924724770e+00  1.6275154e+01         -inf  6.89329e+05  1.62752e+01  1.62752e+01
2.936423670e+00  1.6210473e+01         -inf  6.89329e+05  1.62105e+01  1.62106e+01
2.948169364e+00  1.6280597e+01         -inf  6.89329e+05  1.62806e+01  1.62807e+01
2.959962042e+00  1.6596226e+01         -inf  6.89329e+05  1.65962e+01  1.65963e+01
2.971801890e+00  1.6663316e+01         -inf  6.89329e+05  1.66633e+01  1.66634e+01
2.983689097e+00  1.6787458e+01         -inf  6.89329e+05  1.67875e+01  1.67876e+01
2.995623854e+00  1.6441021e+01         -inf  6.89329e+05  1.64410e+01  1.64412e+01
3.007606349e+00  1.6388501e+01         -inf  6.89329e+05  1.63885e+01  1.63886e+01
3.019636775e+00  1.6388454e+01         -inf  6.89329e+05  1.63885e+01  1.63886e+01
3.031715322e+00  1.6242955e+01         -inf  6.89329e+05  1.62430e+01  1.62431e+01
3.043842183e+00  1.6203503e+01         -inf  6.89329e+05  1.62035e+01  1.62037e+01
3.056017552e+00  1.6216867e+01         -inf  6.89329e+05  1.62169e+01  1.62170e+01
3.068241622e+00  1.6196699e+01         -inf  6.89329e+05  1.61967e+01  1.61969e+01
3.080514588e+00  1.6184827e+01         -inf  6.89329e+05  1.61848e+01  1.61850e+01
3.092836647e+00  1.6182806e+01         -inf  6.89329e+05  1.61828e+01  1.61830e+01
3.105207993e+00  1.6194424e+01         -inf  6.89329e+05  1.61944e+01  1.61947e+01
3.117628825e+00  1.6389190e+01         -inf  6.89329e+05  1.63892e+01  1.63894e+01
3.130099341e+00  1.7553073e+01         -inf  6.89329e+05  1.75531e+01  1.75533e+01
3.142619738e+00  1.6975321e+01         -inf  6.89329e+05  1.69753e+01  1.69756e+01
3.155190217e+00  1.7129605e+01         -inf  6.89329e+05  1.71296e+01  1.71299e+01
3.167810978e+00  1.6866714e+01         -inf  6.89329e+05  1.68667e+01  1.68670e+01
3.180482222e+00  1.7385248e+01         -inf  6.89329e+05  1.73852e+01  1.73856e+01
3.193204151e+00  1.7334734e+01         -inf  6.89329e+05  1.73347e+01  1.73351e+01
3.205976967e+00  1.7472718e+01         -inf  6.89329e+05  1.74727e+01  1.74731e+01
3.218800875e+00  1.8034954e+01         -inf  6.89329e+05  1.80350e+01  1.80353e+01
3.231676079e+00  1.7897267e+01         -inf  6.89329e+05  1.78973e+01  1.78977e+01
3.244602783e+00  1.8325042e+01         -inf  6.89329e+05  1.83250e+01  1.83254e+01
3.257581194e+00  1.8389485e+01         -inf  6.89329e+05  1.83895e+01  1.83899e+01
3.270611519e+00  2.3798546e+01         -inf  6.89329e+05  2.37985e+01  2.37990e+01
3.283693965e+00  2.2352375e+01         -inf  6.89329e+05  2.23524e+01  2.23529e+01
3.296828741e+00  2.1653692e+01         -inf  6.89329e+05  2.16537e+01  2.16542e+01
3.310016056e+00  2.3821004e+01         -inf  6.89329e+05  2.38210e+01  2.38214e+01
3.323256120e+00  2.1819735e+01         -inf  6.89329e+05  2.18197e+01  2.18202e+01
3.336549144e+00  1.7858834e+01         -inf  6.89329e+05  1.78588e+01  1.78595e+01
3.349895341e+00  1.7503728e+01         -inf  6.89329e+05  1.75037e+01  1.75044e+01
3.363294922e+00  1.8417023e+01         -inf  6.89329e+05  1.84170e+01  1.84177e+01
3.376748102e+00  1.8213740e+01         -inf  6.89329e+05  1.82137e+01  1.82144e+01
3.390255094e+00  1.8286428e+01         -inf  6.89329e+05  1.82864e+01  1.82871e+01
3.403816115e+00  1.8089758e+01         -inf  6.89329e+05  1.80898e+01  1.80905e+01
3.417431379e+00  1.7334926e+01         -inf  6.89329e+05  1.73349e+01  1.73358e+01
3.431101105e+00  1.7452571e+01         -inf  6.89329e+05  1.74526e+01  1.74535e+01
3.444825509e+00  1.7266511e+01         -inf  6.89329e+05  1.72665e+01  1.72675e+01
3.458604811e+00  1.7017553e+01         -inf  6.89329e+05  1.70176e+01  1.70186e+01
3.472439231e+00  1.7344236e+01         -inf  6.89329e+05  1.73442e+01  1.73453e+01
3.486328987e+00  1.7196462e+01         -inf  6.89329e+05  1.71965e+01  1.71976e+01
3.500274303e+00  1.6798041e+01         -inf  6.89329e+05  1.67980e+01  1.67993e+01
3.514275401e+00  1.6465171e+01         -inf  6.89329e+05  1.64652e+01  1.64665e+01
3.528332502e+00  1.6695872e+01         -inf  6.89329e+05  1.66959e+01  1.66973e+01
3.542445832e+00  1.7300493e+01         -inf  6.89329e+05  1.73005e+01  1.73019e+01
3.556615616e+00  1.6732166e+01         -inf  6.89329e+05  1.67322e+01  1.67337e+01
3.570842078e+00  1.9706169e+01         -inf  6.89329e+05  1.97062e+01  1.97077e+01
3.585125446e+00  1.8556527e+01         -inf  6.89329e+05  1.85565e+01  1.85582e+01
3.599465948e+00  1.8242620e+01         -inf  6.89329e+05  1.82426e+01  1.82444e+01
3.613863812e+00  1.8134196e+01         -inf  6.89329e+05  1.81342e+01  1.81361e+01
3.628319267e+00  1.7373553e+01         -inf  6.89329e+05  1.73736e+01  1.73756e+01
3.642832544e+00  1.7105829e+01         -inf  6.89329e+05  1.71058e+01  1.71079e+01
3.657403874e+00  1.6715254e+01         -inf  6.89329e+05  1.67153e+01  1.67175e+01
3.672033490e+00  1.6587060e+01         -inf  6.89329e+05  1.65871e+01  1.65894e+01
3.686721624e+00  1.6613229e+01         -inf  6.89329e+05  1.66132e+01  1.66157e+01
3.701468510e+00  1.6446126e+01         -inf  6.89329e+05  1.64461e+01  1.64487e+01
3.716274384e+00  1.6472632e+01         -inf  6.89329e+05  1.64726e+01  1.64754e+01
3.731139482e+00  1.6507652e+01         -inf  6.89329e+05  1.65077e+01  1.65105e+01
3.746064040e+00  1.6396530e+01         -inf  6.89329e+05  1.63965e+01  1.63996e+01
3.761048296e+00  1.6328025e+01         -inf  6.89329e+05  1.63280e+01  1.63312e+01
3.776092489e+00  1.6339306e+01         -inf  6.89329e+05  1.63393e+01  1.63426e+01
3.791196859e+00  1.6464245e+01         -inf  6.89329e+05  1.64642e+01  1.64677e+01
3.806361647e+00  1.6511427e+01         -inf  6.89329e+05  1.65114e+01  1.65151e+01
3.821587093e+00  1.6384551e+01         -inf  6.89329e+05  1.63846e+01  1.63884e+01
3.836873442e+00  1.6545309e+01         -inf  6.89329e+05  1.65453e+01  1.65494e+01
3.852220935e+00  1.6805302e+01         -inf  6.89329e+05  1.68053e+01  1.68095e+01
3.867629819e+00  1.7609993e+01         -inf  6.89329e+05  1.76100e+01  1.76142e+01
3.883100338e+00  1.8145230e+01         -inf  6.89329e+05  1.81452e+01  1.81494e+01
3.898632740e+00  1.7553449e+01         -inf  6.89329e+05  1.75534e+01  1.75581e+01
3.914227271e+00  1.7856217e+01         -inf  6.89329e+05  1.78562e+01  1.78610e+01
3.929884180e+00  1.7543181e+01         -inf  6.89329e+05  1.75432e+01  1.75482e+01
3.945603716e+00  1.7081242e+01         -inf  6.89329e+05  1.70812e+01  1.70867e+01
3.961386131e+00  1.6742905e+01         -inf  6.89329e+05  1.67429e+01  1.67487e+01
3.977231676e+00  1.6780586e+01         -inf  6.89329e+05  1.67806e+01  1.67867e+01
3.993140603e+00  1.6737720e+01         -inf  6.89329e+05  1.67377e+01  1.67441e+01
4.009113165e+00  1.6975970e+01         -inf  6.89329e+05  1.69760e+01  1.69826e+01
4.025149618e+00  1.7376588e+01         -inf  6.89329e+05  1.73766e+01  1.73834e+01
4.041250216e+00  1.7817794e+01         -inf  6.89329e+05  1.78178e+01  1.78247e+01
4.057415217e+00  1.7738669e+01         -inf  6.89329e+05  1.77387e+01  1.77460e+01
4.073644878e+00  1.8092685e+01         -inf  6.89329e+05  1.80927e+01  1.81001e+01
4.089939457e+00  1.8328118e+01         -inf  6.89329e+05  1.83281e+01  1.83357e+01
4.106299215e+00  1.8285278e+01         -inf  6.89329e+05  1.82853e+01  1.82932e+01
4.122724412e+00  1.8345792e+01         -inf  6.89329e+05  1.83458e+01  1.83540e+01
4.139215310e+00  1.8496603e+01         -inf  6.89329e+05  1.84966e+01  1.85050e+01
4.155772171e+00  1.8657124e+01         -inf  6.89329e+05  1.86571e+01  1.86651e+01
4.172395260e+00  2.0725787e+01         -inf  6.89329e+05  2.07258e+01  2.07294e+01
4.189084841e+00  2.9868736e+01         -inf  6.89329e+05  2.98687e+01  2.98696e+01
4.205841180e+00  4.3635158e+01         -inf  6.89329e+05  4.36352e+01  4.36361e+01
4.222664545e+00  5.2542978e+01         -inf  6.89329e+05  5.25430e+01  5.25449e+01
4.239555203e+00  5.5780828e+01         -inf  6.89329e+05  5.57808e+01  5.57833e+01
4.256513424e+00  5.3617570e+01         -inf  6.89329e+05  5.36176e+01  5.36197e+01
4.273539477e+00  5.5992311e+01         -inf  6.89329e+05  5.59923e+01  5.59949e+01
4.290633635e+00  5.5144716e+01         -inf  6.89329e+05  5.51447e+01  5.51473e+01
4.307796170e+00  5.2866278e+01         -inf  6.89329e+05  5.28663e+01  5.28685e+01
4.325027355e+00  4.9316352e+01         -inf  6.89329e+05  4.93164e+01  4.93181e+01
4.342327464e+00  4.6461515e+01         -inf  6.89329e+05  4.64615e+01  4.64630e+01
4.359696774e+00  4.3411024e+01         -inf  6.89329e+05  4.34110e+01  4.34123e+01
4.377135561e+00  3.9638404e+01         -inf  6.89329e+05  3.96384e+01  3.96396e+01
4.394644103e+00  3.8180857e+01         -inf  6.89329e+05  3.81809e+01  3.81819e+01
4.412222680e+00  3.6490437e+01         -inf  6.89329e+05  3.64904e+01  3.64915e+01
4.429871570e+00  3.4068100e+01         -inf  6.89329e+05  3.40681e+01  3.40695e+01
4.447591057e+00  3.0132072e+01         -inf  6.89329e+05  3.01321e+01  3.01345e+01
4.465381421e+00  2.8176088e+01         -inf  6.89329e+05  2.81761e+01  2.81793e+01
4.483242946e+00  2.6498010e+01         -inf  6.89329e+05  2.64980e+01  2.65026e+01
4.501175918e+00  2.4163253e+01         -inf  6.89329e+05  2.41633e+01  2.41723e+01
4.519180622e+00  2.5279395e+01         -inf  6.89329e+05  2.52794e+01  2.52867e+01
4.537257344e+00  2.4254048e+01         -inf  6.89329e+05  2.42540e+01  2.42638e+01
4.555406374e+00  2.2740482e+01         -inf  6.89329e+05  2.27405e+01  2.27547e+01
4.573627999e+00  2.1270838e+01         -inf  6.89329e+05  2.12708e+01  2.12903e+01
4.591922511e+00  1.9414169e+01         -inf  6.89329e+05  1.94142e+01  1.94397e+01
4.610290201e+00  1.8448840e+01         -inf  6.89329e+05  1.84488e+01  1.84778e+01
4.628731362e+00  1.7684926e+01         -inf  6.89329e+05  1.76849e+01  1.77160e+01
4.647246288e+00  1.7316347e+01         -inf  6.89329e+05  1.73163e+01  1.73490e+01
4.665835273e+00  1.7083773e+01         -inf  6.89329e+05  1.70838e+01  1.71180e+01
4.684498614e+00  2.0776545e+01         -inf  6.89329e+05  2.07765e+01  2.08114e+01
4.703236608e+00  3.2286553e+01         -inf  6.89329e+05  3.22866e+01  3.23157e+01
4.722049555e+00  3.2648523e+01         -inf  6.89329e+05  3.26485e+01  3.26785e+01
4.740937753e+00  2.9730466e+01         -inf  6.89329e+05  2.97305e+01  2.97640e+01
4.759901504e+00  3.1928986e+01         -inf  6.89329e+05  3.19290e+01  3.19634e+01
4.778941110e+00  3.0656535e+01         -inf  6.89329e+05  3.06565e+01  3.06911e+01
4.798056874e+00  2.8172231e+01         -inf  6.89329e+05  2.81722e+01  2.82081e+01
4.817249102e+00  2.7344177e+01         -inf  6.89329e+05  2.73442e+01  2.73700e+01
4.836518098e+00  2.5558560e+01         -inf  6.89329e+05  2.55586e+01  2.55919e+01
4.855864171e+00  2.2911467e+01         -inf  6.89329e+05  2.29115e+01  2.29444e+01
4.875287627e+00  2.1130045e+01         -inf  6.89329e+05  2.11300e+01  2.11700e+01
4.894788778e+00  1.9736960e+01         -inf  6.89329e+05  1.97370e+01  1.97850e+01
4.914367933e+00  1.9495722e+01         -inf  6.89329e+05  1.94957e+01  1.95485e+01
4.934025405e+00  1.8406585e+01         -inf  6.89329e+05  1.84066e+01  1.84648e+01
4.953761506e+00  1.7972077e+01         -inf  6.89329e+05  1.79721e+01  1.80325e+01
4.973576552e+00  1.7383202e+01         -inf  6.89329e+05  1.73832e+01  1.74463e+01
4.993470859e+00  1.6998948e+01         -inf  6.89329e+05  1.69989e+01  1.70647e+01
5.013444742e+00  1.6648818e+01         -inf  6.89329e+05  1.66488e+01  1.67172e+01
5.033498521e+00  1.6473670e+01         -inf  6.89329e+05  1.64737e+01  1.65447e+01
5.053632515e+00  1.6346899e+01         -inf  6.89329e+05  1.63469e+01  1.64207e+01
5.073847045e+00  1.6345788e+01         -inf  6.89329e+05  1.63458e+01  1.64223e+01
5.094142433e+00  1.6398532e+01         -inf  6.89329e+05  1.63985e+01  1.64774e+01
5.114519003e+00  1.6379249e+01         -inf  6.89329e+05  1.63792e+01  1.64612e+01
5.134977079e+00  1.6253896e+01         -inf  6.89329e+05  1.62539e+01  1.63394e+01
5.155516987e+00  1.6395739e+01         -inf  6.89329e+05  1.63957e+01  1.64837e+01
5.176139055e+00  1.8655949e+01         -inf  6.89329e+05  1.86559e+01  1.87319e+01
5.196843612e+00  1.6997359e+01         -inf  6.89329e+05  1.69974e+01  1.70850e+01
5.217630986e+00  1.7436718e+01         -inf  6.89329e+05  1.74367e+01  1.75221e+01
5.238501510e+00  1.7115283e+01         -inf  6.89329e+05  1.71153e+01  1.72054e+01
5.259455516e+00  1.6880016e+01         -inf  6.89329e+05  1.68800e+01  1.69767e+01
5.280493338e+00  1.6551283e+01         -inf  6.89329e+05  1.65513e+01  1.66544e+01
5.301615311e+00  1.6402638e+01         -inf  6.89329e+05  1.64026e+01  1.65099e+01
5.322821773e+00  1.6625985e+01         -inf  6.89329e+05  1.66260e+01  1.67348e+01
5.344113060e+00  1.6450667e+01         -inf  6.89329e+05  1.64507e+01  1.65609e+01
5.365489512e+00  1.6528033e+01         -inf  6.89329e+05  1.65280e+01  1.66390e+01
5.386951470e+00  1.6595522e+01         -inf  6.89329e+05  1.65955e+01  1.67072e+01
5.408499276e+00  1.6687609e+01         -inf  6.89329e+05  1.66876e+01  1.67998e+01
5.430133273e+00  1.6753589e+01         -inf  6.89329e+05  1.67536e+01  1.68667e+01
5.451853806e+00  1.6825044e+01         -inf  6.89329e+05  1.68250e+01  1.69384e+01
5.473661221e+00  1.7130143e+01         -inf  6.89329e+05  1.71301e+01  1.72432e+01
5.495555866e+00  1.7407362e+01         -inf  6.89329e+05  1.74074e+01  1.75197e+01
5.517538090e+00  1.7471013e+01         -inf  6.89329e+05  1.74710e+01  1.75831e+01
5.539608242e+00  1.7294655e+01         -inf  6.89329e+05  1.72947e+01  1.74064e+01
5.561766675e+00  1.6863511e+01         -inf  6.89329e+05  1.68635e+01  1.69750e+01
5.584013742e+00  1.7079085e+01         -inf  6.89329e+05  1.70791e+01  1.71904e+01
5.606349797e+00  1.7270514e+01         -inf  6.89329e+05  1.72705e+01  1.73818e+01
5.628775196e+00  1.7174423e+01         -inf  6.89329e+05  1.71744e+01  1.72858e+01
5.651290297e+00  1.6958024e+01         -inf  6.89329e+05  1.69580e+01  1.70696e+01
5.673895458e+00  1.6885958e+01         -inf  6.89329e+05  1.68860e+01  1.69975e+01
5.696591040e+00  1.6834862e+01         -inf  6.89329e+05  1.68349e+01  1.69467e+01
5.719377404e+00  1.7832807e+01         -inf  6.89329e+05  1.78328e+01  1.79445e+01
5.742254913e+00  2.0844652e+01         -inf  6.89329e+05  2.08447e+01  2.09549e+01
5.765223933e+00  2.0081600e+01         -inf  6.89329e+05  2.00816e+01  2.01919e+01
5.788284829e+00  1.9019468e+01         -inf  6.89329e+05  1.90195e+01  1.91303e+01
5.811437968e+00  1.9186426e+01         -inf  6.89329e+05  1.91864e+01  1.92970e+01
5.834683720e+00  1.9518197e+01         -inf  6.89329e+05  1.95182e+01  1.96288e+01
5.858022455e+00  1.9121302e+01         -inf  6.89329e+05  1.91213e+01  1.92330e+01
5.881454545e+00  1.8456937e+01         -inf  6.89329e+05  1.84569e+01  1.85704e+01
5.904980363e+00  1.7796409e+01         -inf  6.89329e+05  1.77964e+01  1.79119e+01
5.928600284e+00  1.7276098e+01         -inf  6.89329e+05  1.72761e+01  1.73937e+01
5.952314685e+00  1.6973855e+01         -inf  6.89329e+05  1.69739e+01  1.70938e+01
5.976123944e+00  1.6770968e+01         -inf  6.89329e+05  1.67710e+01  1.68941e+01
6.000028440e+00  1.6703637e+01         -inf  6.89329e+05  1.67036e+01  1.68305e+01
6.024028554e+00  1.6638945e+01         -inf  6.89329e+05  1.66389e+01  1.67701e+01
6.048124668e+00  1.6621501e+01         -inf  6.89329e+05  1.66215e+01  1.67579e+01
6.072317167e+00  1.6601920e+01         -inf  6.89329e+05  1.66019e+01  1.67441e+01
6.096606435e+00  1.6569019e+01         -inf  6.89329e+05  1.65690e+01  1.67174e+01
6.120992861e+00  1.6565988e+01         -inf  6.89329e+05  1.65660e+01  1.67213e+01
6.145476832e+00  1.6515637e+01         -inf  6.89329e+05  1.65156e+01  1.66786e+01
6.170058740e+00  1.6503344e+01         -inf  6.89329e+05  1.65033e+01  1.66745e+01
6.194738975e+00  1.6472541e+01         -inf  6.89329e+05  1.64725e+01  1.66514e+01
6.219517931e+00  1.6464282e+01         -inf  6.89329e+05  1.64643e+01  1.66502e+01
6.244396002e+00  1.6439659e+01         -inf  6.89329e+05  1.64397e+01  1.66315e+01
6.269373586e+00  1.6397276e+01         -inf  6.89329e+05  1.63973e+01  1.65937e+01
6.294451081e+00  1.6472390e+01         -inf  6.89329e+05  1.64724e+01  1.66725e+01
6.319628885e+00  1.6424476e+01         -inf  6.89329e+05  1.64245e+01  1.66274e+01
6.344907401e+00  1.6509855e+01         -inf  6.89329e+05  1.65099e+01  1.67154e+01
6.370287030e+00  1.6469403e+01         -inf  6.89329e+05  1.64694e+01  1.66779e+01
6.395768178e+00  1.6520017e+01         -inf  6.89329e+05  1.65200e+01  1.67318e+01
6.421351251e+00  1.6553997e+01         -inf  6.89329e+05  1.65540e+01  1.67697e+01
6.447036656e+00  1.6632763e+01         -inf  6.89329e+05  1.66328e+01  1.68531e+01
6.472824803e+00  1.6766325e+01         -inf  6.89329e+05  1.67663e+01  1.69924e+01
6.498716102e+00  1.7190741e+01         -inf  6.89329e+05  1.71907e+01  1.74223e+01
6.524710966e+00  1.6680080e+01         -inf  6.89329e+05  1.66801e+01  1.69217e+01
6.550809810e+00  1.6465651e+01         -inf  6.89329e+05  1.64657e+01  1.67175e+01
6.577013049e+00  1.6430998e+01         -inf  6.89329e+05  1.64310e+01  1.66938e+01
6.603321102e+00  1.6392617e+01         -inf  6.89329e+05  1.63926e+01  1.66678e+01
6.629734386e+00  1.6346648e+01         -inf  6.89329e+05  1.63466e+01  1.66352e+01
6.656253324e+00  1.6352902e+01         -inf  6.89329e+05  1.63529e+01  1.66556e+01
6.682878337e+00  1.6282143e+01         -inf  6.89329e+05  1.62821e+01  1.66002e+01
6.709609850e+00  1.6240489e+01         -inf  6.89329e+05  1.62405e+01  1.65750e+01
6.736448290e+00  1.6256674e+01         -inf  6.89329e+05  1.62567e+01  1.66081e+01
6.763394083e+00  1.6137539e+01         -inf  6.89329e+05  1.61375e+01  1.65080e+01
6.790447659e+00  1.6305247e+01         -inf  6.89329e+05  1.63052e+01  1.66951e+01
6.817609450e+00  1.6134534e+01         -inf  6.89329e+05  1.61345e+01  1.65468e+01
6.844879888e+00  1.6101534e+01         -inf  6.89329e+05  1.61015e+01  1.65365e+01
6.872259407e+00  1.6067846e+01         -inf  6.89329e+05  1.60678e+01  1.65259e+01
6.899748445e+00  1.6114798e+01         -inf  6.89329e+05  1.61148e+01  1.65970e+01
6.927347438e+00  1.5978609e+01         -inf  6.89329e+05  1.59786e+01  1.64883e+01
6.955056828e+00  1.5871086e+01         -inf  6.89329e+05  1.58711e+01  1.64103e+01
6.982877056e+00  1.5915034e+01         -inf  6.89329e+05  1.59150e+01  1.64849e+01
7.010808564e+00  1.5892431e+01         -inf  6.89329e+05  1.58924e+01  1.64958e+01
7.038851798e+00  1.5803372e+01         -inf  6.89329e+05  1.58034e+01  1.64441e+01
7.067007205e+00  1.5748014e+01         -inf  6.89329e+05  1.57480e+01  1.64263e+01
7.095275234e+00  1.5670294e+01         -inf  6.89329e+05  1.56703e+01  1.63900e+01
7.123656335e+00  1.5603757e+01         -inf  6.89329e+05  1.56038e+01  1.63656e+01
7.152150960e+00  1.5600767e+01         -inf  6.89329e+05  1.56008e+01  1.64077e+01
7.180759564e+00  1.5591806e+01         -inf  6.89329e+05  1.55918e+01  1.64446e+01
7.209482602e+00  1.5683135e+01         -inf  6.89329e+05  1.56831e+01  1.65801e+01
7.238320533e+00  1.5841199e+01         -inf  6.89329e+05  1.58412e+01  1.67765e+01
7.267273815e+00  1.6096678e+01         -inf  6.89329e+05  1.60967e+01  1.70637e+01
7.296342910e+00  1.6040857e+01         -inf  6.89329e+05  1.60409e+01  1.70476e+01
7.325528282e+00  1.6552584e+01         -inf  6.89329e+05  1.65526e+01  1.75652e+01
7.354830395e+00  1.7127931e+01         -inf  6.89329e+05  1.71279e+01  1.81289e+01
7.384249717e+00  1.7862119e+01         -inf  6.89329e+05  1.78621e+01  1.88387e+01
7.413786715e+00  1.7373031e+01         -inf  6.89329e+05  1.73730e+01  1.84140e+01
7.443441862e+00  1.8112232e+01         -inf  6.89329e+05  1.81122e+01  1.91329e+01
7.473215630e+00  1.7670472e+01         -inf  6.89329e+05  1.76705e+01  1.87490e+01
7.503108492e+00  1.8095609e+01         -inf  6.89329e+05  1.80956e+01  1.91686e+01
7.533120926e+00  1.7453918e+01         -inf  6.89329e+05  1.74539e+01  1.86014e+01
7.563253410e+00  1.6540854e+01         -inf  6.89329e+05  1.65409e+01  1.77895e+01
7.593506424e+00  1.6713577e+01         -inf  6.89329e+05  1.67136e+01  1.79831e+01
7.623880449e+00  1.7776049e+01         -inf  6.89329e+05  1.77760e+01  1.89834e+01
7.654375971e+00  2.2202257e+01         -inf  6.89329e+05  2.22023e+01  2.30695e+01
7.684993475e+00  2.2594593e+01         -inf  6.89329e+05  2.25946e+01  2.34078e+01
7.715733449e+00  2.1139377e+01         -inf  6.89329e+05  2.11394e+01  2.21160e+01
7.746596383e+00  1.9685283e+01         -inf  6.89329e+05  1.96853e+01  2.08171e+01
7.777582768e+00  1.8502362e+01         -inf  6.89329e+05  1.85024e+01  1.97863e+01
7.808693099e+00  1.9308635e+01         -inf  6.89329e+05  1.93086e+01  2.05390e+01
7.839927872e+00  1.9909902e+01         -inf  6.89329e+05  1.99099e+01  2.10839e+01
7.871287583e+00  1.9957034e+01         -inf  6.89329e+05  1.99570e+01  2.11397e+01
7.902772733e+00  1.8958713e+01         -inf  6.89329e+05  1.89587e+01  2.02642e+01
7.934383824e+00  1.8224071e+01         -inf  6.89329e+05  1.82241e+01  1.96314e+01
7.966121360e+00  1.7050176e+01         -inf  6.89329e+05  1.70502e+01  1.86096e+01
7.997985845e+00  1.6358501e+01         -inf  6.89329e+05  1.63585e+01  1.80103e+01
8.029977788e+00  1.6214551e+01         -inf  6.89329e+05  1.62146e+01  1.79139e+01
8.062097700e+00  1.5636730e+01         -inf  6.89329e+05  1.56367e+01  1.74299e+01
8.094346090e+00  1.5372503e+01         -inf  6.89329e+05  1.53725e+01  1.72207e+01
8.126723475e+00  1.4987327e+01         -inf  6.89329e+05  1.49873e+01  1.69048e+01
8.159230369e+00  1.4736058e+01         -inf  6.89329e+05  1.47361e+01  1.67068e+01
8.191867290e+00  1.4828877e+01         -inf  6.89329e+05  1.48289e+01  1.68347e+01
8.224634759e+00  1.4595595e+01         -inf  6.89329e+05  1.45956e+01  1.66533e+01
8.257533298e+00  1.4652083e+01         -inf  6.89329e+05  1.46521e+01  1.67522e+01
8.290563432e+00  1.4608056e+01         -inf  6.89329e+05  1.46081e+01  1.67530e+01
8.323725685e+00  1.4821478e+01         -inf  6.89329e+05  1.48215e+01  1.70064e+01
8.357020588e+00  1.5020516e+01         -inf  6.89329e+05  1.50205e+01  1.72452e+01
8.390448670e+00  1.5383434e+01         -inf  6.89329e+05  1.53834e+01  1.76421e+01
8.424010465e+00  1.5673799e+01         -inf  6.89329e+05  1.56738e+01  1.79695e+01
8.457706507e+00  1.6017614e+01         -inf  6.89329e+05  1.60176e+01  1.83431e+01
8.491537333e+00  1.6312138e+01         -inf  6.89329e+05  1.63121e+01  1.86849e+01
8.525503482e+00  1.6573733e+01         -inf  6.89329e+05  1.65737e+01  1.89953e+01
8.559605496e+00  1.6587989e+01         -inf  6.89329e+05  1.65880e+01  1.90714e+01
8.593843918e+00  1.6838382e+01         -inf  6.89329e+05  1.68384e+01  1.93527e+01
8.628219294e+00  1.7149084e+01         -inf  6.89329e+05  1.71491e+01  1.96990e+01
8.662732171e+00  1.6989525e+01         -inf  6.89329e+05  1.69895e+01  1.95876e+01
8.697383100e+00  1.7879157e+01         -inf  6.89329e+05  1.78792e+01  2.05254e+01
8.732172632e+00  1.7939676e+01         -inf  6.89329e+05  1.79397e+01  2.06449e+01
8.767101323e+00  1.7994523e+01         -inf  6.89329e+05  1.79945e+01  2.07551e+01
8.802169728e+00  1.9224924e+01         -inf  6.89329e+05  1.92249e+01  2.20198e+01
8.837378407e+00  1.9315137e+01         -inf  6.89329e+05  1.93151e+01  2.21497e+01
8.872727920e+00  1.8914767e+01         -inf  6.89329e+05  1.89148e+01  2.18009e+01
8.908218832e+00  1.9001444e+01         -inf  6.89329e+05  1.90014e+01  2.19422e+01
8.943851707e+00  1.9160011e+01         -inf  6.89329e+05  1.91600e+01  2.21582e+01
8.979627114e+00  1.8633293e+01         -inf  6.89329e+05  1.86333e+01  2.17051e+01
9.015545623e+00  1.7914623e+01         -inf  6.89329e+05  1.79146e+01  2.10653e+01
9.051607805e+00  1.8530856e+01         -inf  6.89329e+05  1.85309e+01  2.17343e+01
9.087814236e+00  1.8517419e+01         -inf  6.89329e+05  1.85174e+01  2.17866e+01
9.124165493e+00  1.8572841e+01         -inf  6.89329e+05  1.85728e+01  2.19214e+01
9.160662155e+00  1.8981457e+01         -inf  6.89329e+05  1.89815e+01  2.24255e+01
9.197304804e+00  1.9924059e+01         -inf  6.89329e+05  1.99241e+01  2.34206e+01
9.234094023e+00  1.9274541e+01         -inf  6.89329e+05  1.92745e+01  2.28130e+01
9.271030399e+00  1.9077496e+01         -inf  6.89329e+05  1.90775e+01  2.26526e+01
9.308114521e+00  1.9886304e+01         -inf  6.89329e+05  1.98863e+01  2.35187e+01
9.345346979e+00  2.2894932e+01         -inf  6.89329e+05  2.28949e+01  2.65263e+01
9.382728367e+00  3.1784560e+01         -inf  6.89329e+05  3.17846e+01  3.49556e+01
9.420259280e+00  3.7732150e+01         -inf  6.89329e+05  3.77321e+01  4.01077e+01
9.457940318e+00  3.9534205e+01         -inf  6.89329e+05  3.95342e+01  4.16064e+01
9.495772079e+00  4.0564199e+01         -inf  6.89329e+05  4.05642e+01  4.24197e+01
9.533755167e+00  3.9168354e+01         -inf  6.89329e+05  3.91684e+01  4.13057e+01
9.571890188e+00  3.3484510e+01         -inf  6.89329e+05  3.34845e+01  3.66402e+01
9.610177749e+00  3.9398627e+01         -inf  6.89329e+05  3.93986e+01  4.16495e+01
9.648618460e+00  4.0560486e+01         -inf  6.89329e+05  4.05605e+01  4.28298e+01
9.687212933e+00  3.9032118e+01         -inf  6.89329e+05  3.90321e+01  4.16181e+01
9.725961785e+00  3.7598497e+01         -inf  6.89329e+05  3.75985e+01  4.02625e+01
9.764865632e+00  3.8060944e+01         -inf  6.89329e+05  3.80609e+01  4.07535e+01
9.803925095e+00  3.7086650e+01         -inf  6.89329e+05  3.70867e+01  3.99797e+01
9.843140795e+00  3.5712362e+01         -inf  6.89329e+05  3.57124e+01  3.88868e+01
9.882513358e+00  3.3939457e+01         -inf  6.89329e+05  3.39395e+01  3.74662e+01
9.922043412e+00  3.2036098e+01         -inf  6.89329e+05  3.20361e+01  3.59148e+01
9.961731585e+00  3.0421680e+01         -inf  6.89329e+05  3.04217e+01  3.46110e+01
1.000157851e+01  2.7943705e+01         -inf  6.89329e+05  2.79437e+01  3.24354e+01
1.004158483e+01  2.4624005e+01         -inf  6.89329e+05  2.46240e+01  2.94219e+01
1.008175117e+01  2.2774416e+01         -inf  6.89329e+05  2.27744e+01  2.77731e+01
1.012207817e+01  2.0004759e+01         -inf  6.89329e+05  2.00048e+01  2.52367e+01
1.016256648e+01  1.7643542e+01         -inf  6.89329e+05  1.76435e+01  2.30437e+01
1.020321675e+01  1.5332322e+01         -inf  6.89329e+05  1.53323e+01  2.08517e+01
1.024402962e+01  1.3747528e+01         -inf  6.89329e+05  1.37475e+01  1.93560e+01
1.028500573e+01  1.2626118e+01         -inf  6.89329e+05  1.26261e+01  1.83128e+01
1.032614576e+01  1.1692326e+01         -inf  6.89329e+05  1.16923e+01  1.74767e+01
1.036745034e+01  1.1040412e+01         -inf  6.89329e+05  1.10404e+01  1.69595e+01
1.040892014e+01  1.0541669e+01         -inf  6.89329e+05  1.05417e+01  1.65409e+01
1.045055582e+01  1.0490464e+01         -inf  6.89329e+05  1.04905e+01  1.66020e+01
1.049235805e+01  1.0289851e+01         -inf  6.89329e+05  1.02899e+01  1.64885e+01
1.053432748e+01  1.0180873e+01         -inf  6.89329e+05  1.01809e+01  1.64699e+01
1.057646479e+01  1.0049868e+01         -inf  6.89329e+05  1.00499e+01  1.64445e+01
1.061877065e+01  9.9054009e+00         -inf  6.89329e+05  9.90540e+00  1.64102e+01
1.066124573e+01  9.7621236e+00         -inf  6.89329e+05  9.76212e+00  1.63755e+01
1.070389071e+01  9.6238267e+00         -inf  6.89329e+05  9.62383e+00  1.63396e+01
1.074670627e+01  9.5295606e+00         -inf  6.89329e+05  9.52956e+00  1.63362e+01
1.078969310e+01  9.3569992e+00         -inf  6.89329e+05  9.35700e+00  1.62651e+01
1.083285187e+01  9.2139824e+00         -inf  6.89329e+05  9.21398e+00  1.62249e+01
1.087618328e+01  9.1027206e+00         -inf  6.89329e+05  9.10272e+00  1.62067e+01
1.091968801e+01  8.9911842e+00         -inf  6.89329e+05  8.99118e+00  1.61919e+01
1.096336676e+01  8.8839808e+00         -inf  6.89329e+05  8.88398e+00  1.61866e+01
1.100722023e+01  8.7975555e+00         -inf  6.89329e+05  8.79756e+00  1.61958e+01
1.105124911e+01  8.6755971e+00         -inf  6.89329e+05  8.67560e+00  1.61798e+01
1.109545411e+01  8.5730592e+00         -inf  6.89329e+05  8.57306e+00  1.61804e+01
1.113983593e+01  8.4613837e+00         -inf  6.89329e+05  8.46138e+00  1.61737e+01
1.118439527e+01  8.3553035e+00         -inf  6.89329e+05  8.35530e+00  1.61720e+01
1.122913285e+01  8.2461025e+00         -inf  6.89329e+05  8.24610e+00  1.61733e+01
1.127404938e+01  8.1291700e+00         -inf  6.89329e+05  8.12917e+00  1.61664e+01
1.131914558e+01  8.0122890e+00         -inf  6.89329e+05  8.01229e+00  1.61631e+01
1.136442216e+01  7.8952213e+00         -inf  6.89329e+05  7.89522e+00  1.61625e+01
1.140987985e+01  7.7783050e+00         -inf  6.89329e+05  7.77831e+00  1.61634e+01
1.145551937e+01  7.6655098e+00         -inf  6.89329e+05  7.66551e+00  1.61674e+01
1.150134145e+01  7.5466250e+00         -inf  6.89329e+05  7.54662e+00  1.61675e+01
1.154734681e+01  7.4201955e+00         -inf  6.89329e+05  7.42020e+00  1.61728e+01
1.159353620e+01  7.2898176e+00         -inf  6.89329e+05  7.28982e+00  1.61747e+01
1.163991035e+01  7.1754093e+00         -inf  6.89329e+05  7.17541e+00  1.61687e+01
1.168646999e+01  7.0583444e+00         -inf  6.89329e+05  7.05834e+00  1.61792e+01
1.173321587e+01  6.9414996e+00         -inf  6.89329e+05  6.94150e+00  1.61898e+01
1.178014873e+01  6.8141113e+00         -inf  6.89329e+05  6.81411e+00  1.61931e+01
1.182726932e+01  6.6959650e+00         -inf  6.89329e+05  6.69597e+00  1.62081e+01
1.187457840e+01  6.5679055e+00         -inf  6.89329e+05  6.56791e+00  1.62107e+01
1.192207672e+01  6.4676774e+00         -inf  6.89329e+05  6.46768e+00  1.62431e+01
1.196976502e+01  6.3386598e+00         -inf  6.89329e+05  6.33866e+00  1.62503e+01
1.201764408e+01  6.2544154e+00         -inf  6.89329e+05  6.25442e+00  1.63121e+01
1.206571466e+01  6.1068892e+00         -inf  6.89329e+05  6.10689e+00  1.64085e+01
1.211397752e+01  6.0088050e+00         -inf  6.89329e+05  6.00880e+00  1.63683e+01
1.216243343e+01  5.9834861e+00         -inf  6.89329e+05  5.98349e+00  1.65029e+01
1.221108316e+01  5.8210780e+00         -inf  6.89329e+05  5.82108e+00  1.64968e+01
1.225992749e+01  5.8377411e+00         -inf  6.89329e+05  5.83774e+00  1.66520e+01
1.230896720e+01  5.7811256e+00         -inf  6.89329e+05  5.78113e+00  1.67273e+01
1.235820307e+01  5.7502323e+00         -inf  6.89329e+05  5.75023e+00  1.68241e+01
1.240763589e+01  5.8390275e+00         -inf  6.89329e+05  5.83903e+00  1.70400e+01
1.245726643e+01  5.6472536e+00         -inf  6.89329e+05  5.64725e+00  1.69934e+01
1.250709549e+01  5.8673354e+00         -inf  6.89329e+05  5.86734e+00  1.73620e+01
1.255712388e+01  5.5473900e+00         -inf  6.89329e+05  5.54739e+00  1.72368e+01
1.260735237e+01  6.9372490e+00         -inf  6.89329e+05  6.93725e+00  1.82100e+01
1.265778178e+01  6.5771405e+00         -inf  6.89329e+05  6.57714e+00  1.81294e+01
1.270841291e+01  5.5871851e+00         -inf  6.89329e+05  5.58719e+00  1.77671e+01
1.275924656e+01  6.0044818e+00         -inf  6.89329e+05  6.00448e+00  1.83076e+01
1.281028355e+01  5.7577368e+00         -inf  6.89329e+05  5.75774e+00  1.82318e+01
1.286152468e+01  6.2872466e+00         -inf  6.89329e+05  6.28725e+00  1.88488e+01
1.291297078e+01  5.9654307e+00         -inf  6.89329e+05  5.96543e+00  1.85954e+01
1.296462266e+01  7.4773794e+00         -inf  6.89329e+05  7.47738e+00  2.00273e+01
1.301648115e+01  6.7176441e+00         -inf  6.89329e+05  6.71764e+00  1.91709e+01
1.306854708e+01  7.9967763e+00         -inf  6.89329e+05  7.99678e+00  2.04047e+01
1.312082127e+01  7.7227440e+00         -inf  6.89329e+05  7.72274e+00  1.99451e+01
1.317330455e+01  8.7150055e+00         -inf  6.89329e+05  8.71501e+00  2.03754e+01
1.322599777e+01  1.1057827e+01         -inf  6.89329e+05  1.10578e+01  2.19029e+01
1.327890176e+01  1.0523477e+01         -inf  6.89329e+05  1.05235e+01  2.09859e+01
1.333201737e+01  1.3564824e+01         -inf  6.89329e+05  1.35648e+01  2.35027e+01
1.338534544e+01  1.2456461e+01         -inf  6.89329e+05  1.24565e+01  2.20614e+01
1.343888682e+01  1.5620510e+01         -inf  6.89329e+05  1.56205e+01  2.47639e+01
1.349264237e+01  2.1044214e+01         -inf  6.89329e+05  2.10442e+01  2.85832e+01
1.354661294e+01  1.7119130e+01         -inf  6.89329e+05  1.71191e+01  2.53674e+01
1.360079939e+01  1.8668131e+01         -inf  6.89329e+05  1.86681e+01  2.68909e+01
1.365520258e+01  1.7646224e+01         -inf  6.89329e+05  1.76462e+01  2.59275e+01
1.370982339e+01  1.9085945e+01         -inf  6.89329e+05  1.90859e+01  2.76355e+01
1.376466269e+01  1.6430457e+01         -inf  6.89329e+05  1.64305e+01  2.54249e+01
1.381972134e+01  1.9642866e+01         -inf  6.89329e+05  1.96429e+01  2.83923e+01
1.387500022e+01  3.2160279e+01         -inf  6.89329e+05  3.21603e+01  3.88948e+01
1.393050023e+01  2.2683632e+01         -inf  6.89329e+05  2.26836e+01  3.03615e+01
1.398622223e+01  2.0716160e+01         -inf  6.89329e+05  2.07162e+01  2.87446e+01
1.404216712e+01  2.2599525e+01         -inf  6.89329e+05  2.25995e+01  3.01118e+01
1.409833578e+01  2.3405793e+01         -inf  6.89329e+05  2.34058e+01  3.06779e+01
1.415472913e+01  2.4775755e+01         -inf  6.89329e+05  2.47758e+01  3.16031e+01
1.421134804e+01  2.7819608e+01         -inf  6.89329e+05  2.78196e+01  3.43277e+01
1.426819344e+01  2.8827530e+01         -inf  6.89329e+05  2.88275e+01  3.51010e+01
1.432526621e+01  2.9677534e+01         -inf  6.89329e+05  2.96775e+01  3.58878e+01
1.438256727e+01  3.2219584e+01         -inf  6.89329e+05  3.22196e+01  3.84787e+01
1.444009754e+01  3.3466892e+01         -inf  6.89329e+05  3.34669e+01  3.99877e+01
1.449785793e+01  3.3826867e+01         -inf  6.89329e+05  3.38269e+01  4.02681e+01
1.455584937e+01  3.4478786e+01         -inf  6.89329e+05  3.44788e+01  4.12921e+01
1.461407276e+01  3.5957872e+01         -inf  6.89329e+05  3.59579e+01  4.32105e+01
1.467252905e+01  3.5561564e+01         -inf  6.89329e+05  3.55616e+01  4.28592e+01
1.473121917e+01  3.5516137e+01         -inf  6.89329e+05  3.55161e+01  4.29328e+01
1.479014405e+01  3.6431871e+01         -inf  6.89329e+05  3.64319e+01  4.42528e+01
1.484930462e+01  3.6158266e+01         -inf  6.89329e+05  3.61583e+01  4.39835e+01
1.490870184e+01  3.7841525e+01         -inf  6.89329e+05  3.78415e+01  4.60629e+01
1.496833665e+01  5.0059136e+01         -inf  6.89329e+05  5.00591e+01  6.19640e+01
1.502821000e+01  3.7690533e+01         -inf  6.89329e+05  3.76905e+01  4.59268e+01
1.508832284e+01  3.8581299e+01         -inf  6.89329e+05  3.85813e+01  4.73178e+01
1.514867613e+01  3.5096388e+01         -inf  6.89329e+05  3.50964e+01  4.33203e+01
1.520927083e+01  3.3898685e+01         -inf  6.89329e+05  3.38987e+01  4.18034e+01
1.527010791e+01  3.4615402e+01         -inf  6.89329e+05  3.46154e+01  4.29287e+01
1.533118835e+01  3.5411619e+01         -inf  6.89329e+05  3.54116e+01  4.39692e+01
1.539251310e+01  3.7687827e+01         -inf  6.89329e+05  3.76878e+01  4.68537e+01
1.545408315e+01  3.3445332e+01         -inf  6.89329e+05  3.34453e+01  4.18683e+01
1.551589948e+01  3.2921364e+01         -inf  6.89329e+05  3.29214e+01  4.12309e+01
1.557796308e+01  3.0906404e+01         -inf  6.89329e+05  3.09064e+01  3.91330e+01
1.564027493e+01  2.8848926e+01         -inf  6.89329e+05  2.88489e+01  3.69793e+01
1.570283603e+01  2.8911136e+01         -inf  6.89329e+05  2.89111e+01  3.73617e+01
1.576564738e+01  2.7220592e+01         -inf  6.89329e+05  2.72206e+01  3.58317e+01
1.582870997e+01  2.4977583e+01         -inf  6.89329e+05  2.49776e+01  3.40677e+01
1.589202481e+01  2.3262887e+01         -inf  6.89329e+05  2.32629e+01  3.27400e+01
1.595559291e+01  1.9420319e+01         -inf  6.89329e+05  1.94203e+01  2.98822e+01
1.601941528e+01  1.8854662e+01         -inf  6.89329e+05  1.88547e+01  2.97463e+01
1.608349294e+01  1.3176968e+01         -inf  6.89329e+05  1.31770e+01  2.59206e+01
1.614782691e+01  1.6275283e+01         -inf  6.89329e+05  1.62753e+01  2.83196e+01
1.621241822e+01  2.6652287e+01         -inf  6.89329e+05  2.66523e+01  3.73352e+01
1.627726789e+01  1.3191080e+01         -inf  6.89329e+05  1.31911e+01  2.63450e+01
1.634237696e+01  1.0128940e+01         -inf  6.89329e+05  1.01289e+01  2.42282e+01
1.640774647e+01  1.2227363e+01         -inf  6.89329e+05  1.22274e+01  2.57738e+01
1.647337746e+01  1.1567308e+01         -inf  6.89329e+05  1.15673e+01  2.57023e+01
1.653927097e+01  9.7237887e+00         -inf  6.89329e+05  9.72379e+00  2.42778e+01
1.660542805e+01  8.4769184e+00         -inf  6.89329e+05  8.47692e+00  2.36015e+01
1.667184976e+01  7.3606353e+00         -inf  6.89329e+05  7.36064e+00  2.32438e+01
1.673853716e+01  1.3886006e+01         -inf  6.89329e+05  1.38860e+01  2.81561e+01
1.680549131e+01  6.3390214e+00         -inf  6.89329e+05  6.33902e+00  2.31910e+01
1.687271328e+01  4.2675149e+00         -inf  6.89329e+05  4.26751e+00  2.18023e+01
1.694020413e+01  4.2466790e+00         -inf  6.89329e+05  4.24668e+00  2.23774e+01
1.700796495e+01  2.3391126e+00         -inf  6.89329e+05  2.33911e+00  2.10710e+01
1.707599681e+01 -1.2612282e+00         -inf  6.89329e+05 -1.26123e+00  1.94584e+01
1.714430079e+01 -1.6414842e+00         -inf  6.89329e+05 -1.64148e+00  1.94649e+01
1.721287800e+01 -3.0627273e+00         -inf  6.89329e+05 -3.06273e+00  1.89536e+01
1.728172951e+01 -4.6875193e+00         -inf  6.89329e+05 -4.68752e+00  1.84901e+01
1.735085643e+01 -4.9051080e+00         -inf  6.89329e+05 -4.90511e+00  1.86335e+01
1.742025985e+01 -7.6881882e+00         -inf  6.89329e+05 -7.68819e+00  1.76420e+01
1.748994089e+01 -7.3440283e+00         -inf  6.89329e+05 -7.34403e+00  1.78103e+01
1.755990065e+01 -8.6413051e+00         -inf  6.89329e+05 -8.64131e+00  1.74998e+01
1.763014026e+01 -9.6395744e+00         -inf  6.89329e+05 -9.63957e+00  1.71206e+01
1.770066082e+01 -1.0137179e+01         -inf  6.89329e+05 -1.01372e+01  1.70381e+01
1.777146346e+01 -1.0662905e+01         -inf  6.89329e+05 -1.06629e+01  1.69666e+01
1.784254932e+01 -1.1587546e+01         -inf  6.89329e+05 -1.15875e+01  1.67026e+01
1.791391951e+01 -1.1813992e+01         -inf  6.89329e+05 -1.18140e+01  1.66036e+01
1.798557519e+01 -1.2286486e+01         -inf  6.89329e+05 -1.22865e+01  1.65111e+01
1.805751749e+01 -1.2745619e+01         -inf  6.89329e+05 -1.27456e+01  1.63978e+01
1.812974756e+01 -1.2894463e+01         -inf  6.89329e+05 -1.28945e+01  1.64241e+01
1.820226655e+01 -1.3391486e+01         -inf  6.89329e+05 -1.33915e+01  1.62948e+01
1.827507562e+01 -1.2884602e+01         -inf  6.89329e+05 -1.28846e+01  1.65111e+01
1.834817592e+01 -8.3188068e+00         -inf  6.89329e+05 -8.31881e+00  1.83468e+01
1.842156862e+01 -1.4071423e+01         -inf  6.89329e+05 -1.40714e+01  1.62258e+01
1.849525490e+01 -1.4365329e+01         -inf  6.89329e+05 -1.43653e+01  1.62232e+01
1.856923592e+01 -1.4318703e+01         -inf  6.89329e+05 -1.43187e+01  1.63172e+01
1.864351286e+01 -1.4464216e+01         -inf  6.89329e+05 -1.44642e+01  1.63352e+01
1.871808691e+01 -1.4627360e+01         -inf  6.89329e+05 -1.46274e+01  1.63456e+01
1.879295926e+01 -1.4835583e+01         -inf  6.89329e+05 -1.48356e+01  1.63156e+01
1.886813110e+01 -1.5223561e+01         -inf  6.89329e+05 -1.52236e+01  1.62462e+01
1.894360362e+01 -1.5164990e+01         -inf  6.89329e+05 -1.51650e+01  1.63389e+01
1.901937804e+01 -1.5510319e+01         -inf  6.89329e+05 -1.55103e+01  1.62862e+01
1.909545555e+01 -1.5817538e+01         -inf  6.89329e+05 -1.58175e+01  1.62303e+01
1.917183737e+01 -1.5923177e+01         -inf  6.89329e+05 -1.59232e+01  1.62764e+01
1.924852472e+01 -1.6270205e+01         -inf  6.89329e+05 -1.62702e+01  1.62138e+01
1.932551882e+01 -1.6399703e+01         -inf  6.89329e+05 -1.63997e+01  1.62355e+01
1.940282089e+01 -1.6641048e+01         -inf  6.89329e+05 -1.66410e+01  1.62150e+01
1.948043218e+01 -1.6859968e+01         -inf  6.89329e+05 -1.68600e+01  1.62015e+01
1.955835391e+01 -1.7021018e+01         -inf  6.89329e+05 -1.70210e+01  1.62086e+01
1.963658732e+01 -1.7161122e+01         -inf  6.89329e+05 -1.71611e+01  1.62182e+01
1.971513367e+01 -1.7380590e+01         -inf  6.89329e+05 -1.73806e+01  1.62066e+01
1.979399421e+01 -1.7586631e+01         -inf  6.89329e+05 -1.75866e+01  1.61964e+01
1.987317018e+01 -1.7760291e+01         -inf  6.89329e+05 -1.77603e+01  1.61967e+01
1.995266286e+01 -1.7929651e+01         -inf  6.89329e+05 -1.79297e+01  1.61983e+01
