# WARNING | GENERATOR | Too many electrons per pixel (up to 9.04e+13) detected in the 1.54-19.95 um spectral range. Reduce exposure time per frame to less than 0.000 seconds.
# ------------------------------------------------------------------------
# Radiance spectrum
# NASA-GSFC Planetary Spectrum Generator (PSG) (Villanueva et al. 2018, 2022)
# Synthesized on Tue Oct  6 07:36:40 2026
# Doppler velocities [km/s] (vobs,vrot+vorb,vwidth,vrfl,vstr): 29.00000,-0.00000,0.00000,0.00000,-0.00000
# ------------------------------------------------------------------------
# Spectra synthesized with the Planetary and Universal Model of Atmospheric Scattering (PUMAS, Villanueva et al. 2018, 2022)
# Single scattering radiative transfer method
# Radiative transfer took 3.162 seconds
# ------------------------------------------------------------------------
# Spectral unit: Wavelength [um]
# Radiance unit: Contrast [transit atmospheric thickness, km]
# Wave/freq Total Noise Stellar Earth Transit
2.000000000e-01  6.5498427e+01         -inf  6.89329e+05  6.54984e+01  6.54984e+01
2.008000000e-01  6.5035580e+01         -inf  6.89329e+05  6.50356e+01  6.50356e+01
2.016032000e-01  6.4761465e+01         -inf  6.89329e+05  6.47615e+01  6.47615e+01
2.024096128e-01  6.4728751e+01         -inf  6.89329e+05  6.47288e+01  6.47288e+01
2.032192513e-01  6.4654674e+01         -inf  6.89329e+05  6.46547e+01  6.46547e+01
2.040321283e-01  6.4464400e+01         -inf  6.89329e+05  6.44644e+01  6.44644e+01
2.048482568e-01  6.4314735e+01         -inf  6.89329e+05  6.43147e+01  6.43147e+01
2.056676498e-01  6.4216585e+01         -inf  6.89329e+05  6.42166e+01  6.42166e+01
2.064903204e-01  6.4153408e+01         -inf  6.89329e+05  6.41534e+01  6.41534e+01
2.073162817e-01  6.4081580e+01         -inf  6.89329e+05  6.40816e+01  6.40816e+01
2.081455468e-01  6.4018025e+01         -inf  6.89329e+05  6.40180e+01  6.40180e+01
2.089781290e-01  6.3919495e+01         -inf  6.89329e+05  6.39195e+01  6.39195e+01
2.098140415e-01  6.3843152e+01         -inf  6.89329e+05  6.38432e+01  6.38432e+01
2.106532977e-01  6.3541908e+01         -inf  6.89329e+05  6.35419e+01  6.35419e+01
2.114959109e-01  6.3143236e+01         -inf  6.89329e+05  6.31432e+01  6.31432e+01
2.123418945e-01  6.2803969e+01         -inf  6.89329e+05  6.28040e+01  6.28040e+01
2.131912621e-01  6.2499667e+01         -inf  6.89329e+05  6.24997e+01  6.24997e+01
2.140440271e-01  6.2054284e+01         -inf  6.89329e+05  6.20543e+01  6.20543e+01
2.149002032e-01  6.2218297e+01         -inf  6.89329e+05  6.22183e+01  6.22183e+01
2.157598041e-01  6.2380425e+01         -inf  6.89329e+05  6.23804e+01  6.23804e+01
2.166228433e-01  6.2535778e+01         -inf  6.89329e+05  6.25358e+01  6.25358e+01
2.174893346e-01  6.2708053e+01         -inf  6.89329e+05  6.27081e+01  6.27081e+01
2.183592920e-01  6.2880701e+01         -inf  6.89329e+05  6.28807e+01  6.28807e+01
2.192327292e-01  6.3085690e+01         -inf  6.89329e+05  6.30857e+01  6.30857e+01
2.201096601e-01  6.3320761e+01         -inf  6.89329e+05  6.33208e+01  6.33208e+01
2.209900987e-01  6.3537395e+01         -inf  6.89329e+05  6.35374e+01  6.35374e+01
2.218740591e-01  6.3793134e+01         -inf  6.89329e+05  6.37931e+01  6.37931e+01
2.227615553e-01  6.4042845e+01         -inf  6.89329e+05  6.40428e+01  6.40428e+01
2.236526016e-01  6.4279386e+01         -inf  6.89329e+05  6.42794e+01  6.42794e+01
2.245472120e-01  6.4542616e+01         -inf  6.89329e+05  6.45426e+01  6.45426e+01
2.254454008e-01  6.4767857e+01         -inf  6.89329e+05  6.47679e+01  6.47679e+01
2.263471824e-01  6.5032572e+01         -inf  6.89329e+05  6.50326e+01  6.50326e+01
2.272525711e-01  6.5275843e+01         -inf  6.89329e+05  6.52758e+01  6.52758e+01
2.281615814e-01  6.5538657e+01         -inf  6.89329e+05  6.55387e+01  6.55387e+01
2.290742278e-01  6.5828529e+01         -inf  6.89329e+05  6.58285e+01  6.58285e+01
2.299905247e-01  6.6063500e+01         -inf  6.89329e+05  6.60635e+01  6.60635e+01
2.309104868e-01  6.6353348e+01         -inf  6.89329e+05  6.63533e+01  6.63533e+01
2.318341287e-01  6.6595818e+01         -inf  6.89329e+05  6.65958e+01  6.65958e+01
2.327614652e-01  6.6882260e+01         -inf  6.89329e+05  6.68823e+01  6.68823e+01
2.336925111e-01  6.7110426e+01         -inf  6.89329e+05  6.71104e+01  6.71104e+01
2.346272811e-01  6.7376923e+01         -inf  6.89329e+05  6.73769e+01  6.73769e+01
2.355657903e-01  6.7599810e+01         -inf  6.89329e+05  6.75998e+01  6.75998e+01
2.365080534e-01  6.7824945e+01         -inf  6.89329e+05  6.78249e+01  6.78249e+01
2.374540856e-01  6.8061722e+01         -inf  6.89329e+05  6.80617e+01  6.80617e+01
2.384039020e-01  6.8263164e+01         -inf  6.89329e+05  6.82632e+01  6.82632e+01
2.393575176e-01  6.8456331e+01         -inf  6.89329e+05  6.84563e+01  6.84563e+01
2.403149477e-01  6.8668283e+01         -inf  6.89329e+05  6.86683e+01  6.86683e+01
2.412762074e-01  6.8826115e+01         -inf  6.89329e+05  6.88261e+01  6.88261e+01
2.422413123e-01  6.9006489e+01         -inf  6.89329e+05  6.90065e+01  6.90065e+01
2.432102775e-01  6.9282302e+01         -inf  6.89329e+05  6.92823e+01  6.92823e+01
2.441831186e-01  6.9405926e+01         -inf  6.89329e+05  6.94059e+01  6.94059e+01
2.451598511e-01  6.9561485e+01         -inf  6.89329e+05  6.95615e+01  6.95615e+01
2.461404905e-01  6.9654293e+01         -inf  6.89329e+05  6.96543e+01  6.96543e+01
2.471250525e-01  6.9828256e+01         -inf  6.89329e+05  6.98283e+01  6.98283e+01
2.481135527e-01  6.9778660e+01         -inf  6.89329e+05  6.97787e+01  6.97787e+01
2.491060069e-01  7.0070220e+01         -inf  6.89329e+05  7.00702e+01  7.00702e+01
2.501024309e-01  7.0011609e+01         -inf  6.89329e+05  7.00116e+01  7.00116e+01
2.511028406e-01  6.9950367e+01         -inf  6.89329e+05  6.99504e+01  6.99504e+01
2.521072520e-01  7.0230647e+01         -inf  6.89329e+05  7.02306e+01  7.02306e+01
2.531156810e-01  7.0096144e+01         -inf  6.89329e+05  7.00961e+01  7.00961e+01
2.541281437e-01  7.0083746e+01         -inf  6.89329e+05  7.00837e+01  7.00837e+01
2.551446563e-01  7.0154003e+01         -inf  6.89329e+05  7.01540e+01  7.01540e+01
2.561652349e-01  7.0137097e+01         -inf  6.89329e+05  7.01371e+01  7.01371e+01
2.571898959e-01  6.9986060e+01         -inf  6.89329e+05  6.99861e+01  6.99861e+01
2.582186555e-01  7.0001464e+01         -inf  6.89329e+05  7.00015e+01  7.00015e+01
2.592515301e-01  6.9945106e+01         -inf  6.89329e+05  6.99451e+01  6.99451e+01
2.602885362e-01  6.9843286e+01         -inf  6.89329e+05  6.98433e+01  6.98433e+01
2.613296904e-01  6.9706144e+01         -inf  6.89329e+05  6.97061e+01  6.97061e+01
2.623750091e-01  6.9598307e+01         -inf  6.89329e+05  6.95983e+01  6.95983e+01
2.634245092e-01  6.9367975e+01         -inf  6.89329e+05  6.93680e+01  6.93680e+01
2.644782072e-01  6.9363466e+01         -inf  6.89329e+05  6.93635e+01  6.93635e+01
2.655361200e-01  6.9088032e+01         -inf  6.89329e+05  6.90880e+01  6.90880e+01
2.665982645e-01  6.8870082e+01         -inf  6.89329e+05  6.88701e+01  6.88701e+01
2.676646576e-01  6.8682187e+01         -inf  6.89329e+05  6.86822e+01  6.86822e+01
2.687353162e-01  6.8343588e+01         -inf  6.89329e+05  6.83436e+01  6.83436e+01
2.698102574e-01  6.8219193e+01         -inf  6.89329e+05  6.82192e+01  6.82192e+01
2.708894985e-01  6.7802018e+01         -inf  6.89329e+05  6.78020e+01  6.78020e+01
2.719730565e-01  6.7573125e+01         -inf  6.89329e+05  6.75731e+01  6.75731e+01
2.730609487e-01  6.7247999e+01         -inf  6.89329e+05  6.72480e+01  6.72480e+01
2.741531925e-01  6.6762723e+01         -inf  6.89329e+05  6.67627e+01  6.67627e+01
2.752498053e-01  6.6487930e+01         -inf  6.89329e+05  6.64879e+01  6.64879e+01
2.763508045e-01  6.6070267e+01         -inf  6.89329e+05  6.60703e+01  6.60703e+01
2.774562077e-01  6.5649945e+01         -inf  6.89329e+05  6.56499e+01  6.56499e+01
2.785660325e-01  6.5193125e+01         -inf  6.89329e+05  6.51931e+01  6.51931e+01
2.796802967e-01  6.4758457e+01         -inf  6.89329e+05  6.47585e+01  6.47585e+01
2.807990178e-01  6.4190261e+01         -inf  6.89329e+05  6.41903e+01  6.41903e+01
2.819222139e-01  6.3635178e+01         -inf  6.89329e+05  6.36352e+01  6.36352e+01
2.830499028e-01  6.3197773e+01         -inf  6.89329e+05  6.31978e+01  6.31978e+01
2.841821024e-01  6.2565494e+01         -inf  6.89329e+05  6.25655e+01  6.25655e+01
2.853188308e-01  6.1959110e+01         -inf  6.89329e+05  6.19591e+01  6.19591e+01
2.864601061e-01  6.1404587e+01         -inf  6.89329e+05  6.14046e+01  6.14046e+01
2.876059465e-01  6.0725476e+01         -inf  6.89329e+05  6.07255e+01  6.07255e+01
2.887563703e-01  6.0004524e+01         -inf  6.89329e+05  6.00045e+01  6.00045e+01
2.899113958e-01  5.9335426e+01         -inf  6.89329e+05  5.93354e+01  5.93354e+01
2.910710414e-01  5.8664753e+01         -inf  6.89329e+05  5.86648e+01  5.86648e+01
2.922353256e-01  5.7868286e+01         -inf  6.89329e+05  5.78683e+01  5.78683e+01
2.934042669e-01  5.7137978e+01         -inf  6.89329e+05  5.71380e+01  5.71380e+01
2.945778839e-01  5.6444109e+01         -inf  6.89329e+05  5.64441e+01  5.64441e+01
2.957561955e-01  5.5633057e+01         -inf  6.89329e+05  5.56331e+01  5.56331e+01
2.969392202e-01  5.4895716e+01         -inf  6.89329e+05  5.48957e+01  5.48957e+01
2.981269771e-01  5.4094638e+01         -inf  6.89329e+05  5.40946e+01  5.40946e+01
2.993194850e-01  5.3374072e+01         -inf  6.89329e+05  5.33741e+01  5.33741e+01
3.005167630e-01  5.2632705e+01         -inf  6.89329e+05  5.26327e+01  5.26327e+01
3.017188300e-01  5.1836619e+01         -inf  6.89329e+05  5.18366e+01  5.18366e+01
3.029257054e-01  5.1098466e+01         -inf  6.89329e+05  5.10985e+01  5.10985e+01
3.041374082e-01  5.0444645e+01         -inf  6.89329e+05  5.04446e+01  5.04446e+01
3.053539578e-01  4.9590621e+01         -inf  6.89329e+05  4.95906e+01  4.95906e+01
3.065753736e-01  4.9012414e+01         -inf  6.89329e+05  4.90124e+01  4.90124e+01
3.078016751e-01  4.8132186e+01         -inf  6.89329e+05  4.81322e+01  4.81322e+01
3.090328818e-01  4.7565158e+01         -inf  6.89329e+05  4.75652e+01  4.75652e+01
3.102690134e-01  4.6670403e+01         -inf  6.89329e+05  4.66704e+01  4.66704e+01
3.115100894e-01  4.6128890e+01         -inf  6.89329e+05  4.61289e+01  4.61289e+01
3.127561298e-01  4.5184903e+01         -inf  6.89329e+05  4.51849e+01  4.51849e+01
3.140071543e-01  4.4697580e+01         -inf  6.89329e+05  4.46976e+01  4.46976e+01
3.152631829e-01  4.3813366e+01         -inf  6.89329e+05  4.38134e+01  4.38134e+01
3.165242356e-01  4.2951290e+01         -inf  6.89329e+05  4.29513e+01  4.29513e+01
3.177903326e-01  4.2569827e+01         -inf  6.89329e+05  4.25698e+01  4.25698e+01
3.190614939e-01  4.1226791e+01         -inf  6.89329e+05  4.12268e+01  4.12268e+01
3.203377399e-01  4.1106776e+01         -inf  6.89329e+05  4.11068e+01  4.11068e+01
3.216190908e-01  3.9598846e+01         -inf  6.89329e+05  3.95988e+01  3.95988e+01
3.229055672e-01  3.9780421e+01         -inf  6.89329e+05  3.97804e+01  3.97804e+01
3.241971895e-01  3.7572000e+01         -inf  6.89329e+05  3.75720e+01  3.75720e+01
3.254939782e-01  3.8496456e+01         -inf  6.89329e+05  3.84965e+01  3.84965e+01
3.267959541e-01  3.6055458e+01         -inf  6.89329e+05  3.60555e+01  3.60555e+01
3.281031380e-01  3.7089084e+01         -inf  6.89329e+05  3.70891e+01  3.70891e+01
3.294155505e-01  3.4363823e+01         -inf  6.89329e+05  3.43638e+01  3.43638e+01
3.307332127e-01  3.5517920e+01         -inf  6.89329e+05  3.55179e+01  3.55179e+01
3.320561456e-01  3.3979921e+01         -inf  6.89329e+05  3.39799e+01  3.39799e+01
3.333843702e-01  3.3748950e+01         -inf  6.89329e+05  3.37489e+01  3.37489e+01
3.347179076e-01  3.3090335e+01         -inf  6.89329e+05  3.30903e+01  3.30903e+01
3.360567793e-01  3.2012373e+01         -inf  6.89329e+05  3.20124e+01  3.20124e+01
3.374010064e-01  3.2960380e+01         -inf  6.89329e+05  3.29604e+01  3.29604e+01
3.387506104e-01  3.1443463e+01         -inf  6.89329e+05  3.14435e+01  3.14435e+01
3.401056128e-01  3.1679053e+01         -inf  6.89329e+05  3.16791e+01  3.16791e+01
3.414660353e-01  3.0894084e+01         -inf  6.89329e+05  3.08941e+01  3.08941e+01
3.428318994e-01  3.0619415e+01         -inf  6.89329e+05  3.06194e+01  3.06194e+01
3.442032270e-01  3.1048462e+01         -inf  6.89329e+05  3.10485e+01  3.10485e+01
3.455800399e-01  3.0366811e+01         -inf  6.89329e+05  3.03668e+01  3.03668e+01
3.469623601e-01  3.0172797e+01         -inf  6.89329e+05  3.01728e+01  3.01728e+01
3.483502095e-01  2.9945393e+01         -inf  6.89329e+05  2.99454e+01  2.99454e+01
3.497436104e-01  2.9767623e+01         -inf  6.89329e+05  2.97676e+01  2.97676e+01
3.511425848e-01  2.9772878e+01         -inf  6.89329e+05  2.97729e+01  2.97729e+01
3.525471552e-01  2.9623536e+01         -inf  6.89329e+05  2.96235e+01  2.96235e+01
3.539573438e-01  2.9384013e+01         -inf  6.89329e+05  2.93840e+01  2.93840e+01
3.553731732e-01  2.9272510e+01         -inf  6.89329e+05  2.92725e+01  2.92725e+01
3.567946659e-01  2.9155938e+01         -inf  6.89329e+05  2.91559e+01  2.91559e+01
3.582218445e-01  2.9036793e+01         -inf  6.89329e+05  2.90368e+01  2.90368e+01
3.596547319e-01  2.8960110e+01         -inf  6.89329e+05  2.89601e+01  2.89601e+01
3.610933508e-01  2.8830109e+01         -inf  6.89329e+05  2.88301e+01  2.88301e+01
3.625377242e-01  2.8700710e+01         -inf  6.89329e+05  2.87007e+01  2.87007e+01
3.639878751e-01  2.8592636e+01         -inf  6.89329e+05  2.85926e+01  2.85926e+01
3.654438266e-01  2.8495792e+01         -inf  6.89329e+05  2.84958e+01  2.84958e+01
3.669056019e-01  2.8382231e+01         -inf  6.89329e+05  2.83822e+01  2.83822e+01
3.683732243e-01  2.8280581e+01         -inf  6.89329e+05  2.82806e+01  2.82806e+01
3.698467172e-01  2.8175147e+01         -inf  6.89329e+05  2.81751e+01  2.81751e+01
3.713261041e-01  2.8069447e+01         -inf  6.89329e+05  2.80694e+01  2.80694e+01
3.728114085e-01  2.7965409e+01         -inf  6.89329e+05  2.79654e+01  2.79654e+01
3.743026542e-01  2.7865530e+01         -inf  6.89329e+05  2.78655e+01  2.78655e+01
3.757998648e-01  2.7761451e+01         -inf  6.89329e+05  2.77615e+01  2.77615e+01
3.773030642e-01  2.7659866e+01         -inf  6.89329e+05  2.76599e+01  2.76599e+01
3.788122765e-01  2.7560096e+01         -inf  6.89329e+05  2.75601e+01  2.75601e+01
3.803275256e-01  2.7461647e+01         -inf  6.89329e+05  2.74616e+01  2.74616e+01
3.818488357e-01  2.7359339e+01         -inf  6.89329e+05  2.73593e+01  2.73593e+01
3.833762310e-01  2.7256425e+01         -inf  6.89329e+05  2.72564e+01  2.72564e+01
3.849097360e-01  2.7154038e+01         -inf  6.89329e+05  2.71540e+01  2.71540e+01
3.864493749e-01  2.7053692e+01         -inf  6.89329e+05  2.70537e+01  2.70537e+01
3.879951724e-01  2.6954819e+01         -inf  6.89329e+05  2.69548e+01  2.69548e+01
3.895471531e-01  2.6856399e+01         -inf  6.89329e+05  2.68564e+01  2.68564e+01
3.911053417e-01  2.6756427e+01         -inf  6.89329e+05  2.67564e+01  2.67564e+01
3.926697631e-01  2.6658306e+01         -inf  6.89329e+05  2.66583e+01  2.66583e+01
3.942404421e-01  2.6562189e+01         -inf  6.89329e+05  2.65622e+01  2.65622e+01
3.958174039e-01  2.6465919e+01         -inf  6.89329e+05  2.64659e+01  2.64659e+01
3.974006735e-01  2.6365752e+01         -inf  6.89329e+05  2.63658e+01  2.63658e+01
3.989902762e-01  2.6267361e+01         -inf  6.89329e+05  2.62674e+01  2.62674e+01
4.005862373e-01  2.6172940e+01         -inf  6.89329e+05  2.61729e+01  2.61729e+01
4.021885823e-01  2.6079993e+01         -inf  6.89329e+05  2.60800e+01  2.60800e+01
4.037973366e-01  2.5982959e+01         -inf  6.89329e+05  2.59830e+01  2.59830e+01
4.054125259e-01  2.5885508e+01         -inf  6.89329e+05  2.58855e+01  2.58855e+01
4.070341760e-01  2.5795848e+01         -inf  6.89329e+05  2.57958e+01  2.57958e+01
4.086623127e-01  2.5711219e+01         -inf  6.89329e+05  2.57112e+01  2.57112e+01
4.102969620e-01  2.5620346e+01         -inf  6.89329e+05  2.56203e+01  2.56203e+01
4.119381498e-01  2.5521301e+01         -inf  6.89329e+05  2.55213e+01  2.55213e+01
4.135859024e-01  2.5422480e+01         -inf  6.89329e+05  2.54225e+01  2.54225e+01
4.152402460e-01  2.5335652e+01         -inf  6.89329e+05  2.53357e+01  2.53357e+01
4.169012070e-01  2.5254648e+01         -inf  6.89329e+05  2.52546e+01  2.52546e+01
4.185688119e-01  2.5163013e+01         -inf  6.89329e+05  2.51630e+01  2.51630e+01
4.202430871e-01  2.5068046e+01         -inf  6.89329e+05  2.50680e+01  2.50680e+01
4.219240595e-01  2.4991088e+01         -inf  6.89329e+05  2.49911e+01  2.49911e+01
4.236117557e-01  2.4930247e+01         -inf  6.89329e+05  2.49302e+01  2.49302e+01
4.253062027e-01  2.4864373e+01         -inf  6.89329e+05  2.48644e+01  2.48644e+01
4.270074275e-01  2.4769818e+01         -inf  6.89329e+05  2.47698e+01  2.47698e+01
4.287154572e-01  2.4661111e+01         -inf  6.89329e+05  2.46611e+01  2.46611e+01
4.304303191e-01  2.4573099e+01         -inf  6.89329e+05  2.45731e+01  2.45731e+01
4.321520403e-01  2.4515735e+01         -inf  6.89329e+05  2.45157e+01  2.45157e+01
4.338806485e-01  2.4443765e+01         -inf  6.89329e+05  2.44438e+01  2.44438e+01
4.356161711e-01  2.4347274e+01         -inf  6.89329e+05  2.43473e+01  2.43473e+01
4.373586358e-01  2.4273297e+01         -inf  6.89329e+05  2.42733e+01  2.42733e+01
4.391080703e-01  2.4250479e+01         -inf  6.89329e+05  2.42505e+01  2.42505e+01
4.408645026e-01  2.4247944e+01         -inf  6.89329e+05  2.42479e+01  2.42479e+01
4.426279606e-01  2.4217785e+01         -inf  6.89329e+05  2.42178e+01  2.42178e+01
4.443984725e-01  2.4114895e+01         -inf  6.89329e+05  2.41149e+01  2.41149e+01
4.461760664e-01  2.3980444e+01         -inf  6.89329e+05  2.39804e+01  2.39804e+01
4.479607706e-01  2.3899764e+01         -inf  6.89329e+05  2.38998e+01  2.38998e+01
4.497526137e-01  2.3886141e+01         -inf  6.89329e+05  2.38861e+01  2.38861e+01
4.515516242e-01  2.3837891e+01         -inf  6.89329e+05  2.38379e+01  2.38379e+01
4.533578307e-01  2.3739764e+01         -inf  6.89329e+05  2.37398e+01  2.37398e+01
4.551712620e-01  2.3687691e+01         -inf  6.89329e+05  2.36877e+01  2.36877e+01
4.569919470e-01  2.3733482e+01         -inf  6.89329e+05  2.37335e+01  2.37335e+01
4.588199148e-01  2.3829642e+01         -inf  6.89329e+05  2.38296e+01  2.38296e+01
4.606551945e-01  2.3910209e+01         -inf  6.89329e+05  2.39102e+01  2.39102e+01
4.624978152e-01  2.3864079e+01         -inf  6.89329e+05  2.38641e+01  2.38641e+01
4.643478065e-01  2.3685080e+01         -inf  6.89329e+05  2.36851e+01  2.36851e+01
4.662051977e-01  2.3534043e+01         -inf  6.89329e+05  2.35340e+01  2.35340e+01
4.680700185e-01  2.3531016e+01         -inf  6.89329e+05  2.35310e+01  2.35310e+01
4.699422986e-01  2.3568596e+01         -inf  6.89329e+05  2.35686e+01  2.35686e+01
4.718220678e-01  2.3516673e+01         -inf  6.89329e+05  2.35167e+01  2.35167e+01
4.737093561e-01  2.3465279e+01         -inf  6.89329e+05  2.34653e+01  2.34653e+01
4.756041935e-01  2.3542294e+01         -inf  6.89329e+05  2.35423e+01  2.35423e+01
4.775066103e-01  2.3753463e+01         -inf  6.89329e+05  2.37535e+01  2.37535e+01
4.794166367e-01  2.3998381e+01         -inf  6.89329e+05  2.39984e+01  2.39984e+01
4.813343033e-01  2.4196708e+01         -inf  6.89329e+05  2.41967e+01  2.41967e+01
4.832596405e-01  2.4181306e+01         -inf  6.89329e+05  2.41813e+01  2.41813e+01
4.851926790e-01  2.3972497e+01         -inf  6.89329e+05  2.39725e+01  2.39725e+01
4.871334497e-01  2.3787787e+01         -inf  6.89329e+05  2.37878e+01  2.37878e+01
4.890819835e-01  2.3789717e+01         -inf  6.89329e+05  2.37897e+01  2.37897e+01
4.910383115e-01  2.3879140e+01         -inf  6.89329e+05  2.38791e+01  2.38791e+01
4.930024647e-01  2.3887692e+01         -inf  6.89329e+05  2.38877e+01  2.38877e+01
4.949744746e-01  2.3873199e+01         -inf  6.89329e+05  2.38732e+01  2.38732e+01
4.969543725e-01  2.3988391e+01         -inf  6.89329e+05  2.39884e+01  2.39884e+01
4.989421900e-01  2.4283665e+01         -inf  6.89329e+05  2.42837e+01  2.42837e+01
5.009379587e-01  2.4686122e+01         -inf  6.89329e+05  2.46861e+01  2.46861e+01
5.029417106e-01  2.5090747e+01         -inf  6.89329e+05  2.50907e+01  2.50907e+01
5.049534774e-01  2.5333949e+01         -inf  6.89329e+05  2.53339e+01  2.53339e+01
5.069732913e-01  2.5313292e+01         -inf  6.89329e+05  2.53133e+01  2.53133e+01
5.090011845e-01  2.5127031e+01         -inf  6.89329e+05  2.51270e+01  2.51270e+01
5.110371892e-01  2.4993850e+01         -inf  6.89329e+05  2.49938e+01  2.49938e+01
5.130813380e-01  2.5031459e+01         -inf  6.89329e+05  2.50315e+01  2.50315e+01
5.151336633e-01  2.5161461e+01         -inf  6.89329e+05  2.51615e+01  2.51615e+01
5.171941980e-01  2.5269858e+01         -inf  6.89329e+05  2.52699e+01  2.52699e+01
5.192629748e-01  2.5369210e+01         -inf  6.89329e+05  2.53692e+01  2.53692e+01
5.213400267e-01  2.5533483e+01         -inf  6.89329e+05  2.55335e+01  2.55335e+01
5.234253868e-01  2.5812910e+01         -inf  6.89329e+05  2.58129e+01  2.58129e+01
5.255190883e-01  2.6181867e+01         -inf  6.89329e+05  2.61819e+01  2.61819e+01
5.276211647e-01  2.6577358e+01         -inf  6.89329e+05  2.65774e+01  2.65774e+01
5.297316493e-01  2.6931557e+01         -inf  6.89329e+05  2.69316e+01  2.69316e+01
5.318505759e-01  2.7175975e+01         -inf  6.89329e+05  2.71760e+01  2.71760e+01
5.339779782e-01  2.7262854e+01         -inf  6.89329e+05  2.72629e+01  2.72629e+01
5.361138902e-01  2.7222498e+01         -inf  6.89329e+05  2.72225e+01  2.72225e+01
5.382583457e-01  2.7203246e+01         -inf  6.89329e+05  2.72032e+01  2.72032e+01
5.404113791e-01  2.7315428e+01         -inf  6.89329e+05  2.73154e+01  2.73154e+01
5.425730246e-01  2.7516299e+01         -inf  6.89329e+05  2.75163e+01  2.75163e+01
5.447433167e-01  2.7702301e+01         -inf  6.89329e+05  2.77023e+01  2.77023e+01
5.469222900e-01  2.7826576e+01         -inf  6.89329e+05  2.78266e+01  2.78266e+01
5.491099791e-01  2.7912917e+01         -inf  6.89329e+05  2.79129e+01  2.79129e+01
5.513064191e-01  2.7998992e+01         -inf  6.89329e+05  2.79990e+01  2.79990e+01
5.535116447e-01  2.8111274e+01         -inf  6.89329e+05  2.81113e+01  2.81113e+01
5.557256913e-01  2.8273244e+01         -inf  6.89329e+05  2.82732e+01  2.82732e+01
5.579485941e-01  2.8517346e+01         -inf  6.89329e+05  2.85173e+01  2.85173e+01
5.601803884e-01  2.8830941e+01         -inf  6.89329e+05  2.88309e+01  2.88309e+01
5.624211100e-01  2.9143347e+01         -inf  6.89329e+05  2.91433e+01  2.91433e+01
5.646707944e-01  2.9389458e+01         -inf  6.89329e+05  2.93895e+01  2.93895e+01
5.669294776e-01  2.9573590e+01         -inf  6.89329e+05  2.95736e+01  2.95736e+01
5.691971955e-01  2.9739834e+01         -inf  6.89329e+05  2.97398e+01  2.97398e+01
5.714739843e-01  2.9897907e+01         -inf  6.89329e+05  2.98979e+01  2.98979e+01
5.737598803e-01  2.9985279e+01         -inf  6.89329e+05  2.99853e+01  2.99853e+01
5.760549198e-01  2.9946716e+01         -inf  6.89329e+05  2.99467e+01  2.99467e+01
5.783591395e-01  2.9816735e+01         -inf  6.89329e+05  2.98167e+01  2.98167e+01
5.806725760e-01  2.9639150e+01         -inf  6.89329e+05  2.96392e+01  2.96392e+01
5.829952663e-01  2.9472828e+01         -inf  6.89329e+05  2.94728e+01  2.94728e+01
5.853272474e-01  2.9360268e+01         -inf  6.89329e+05  2.93603e+01  2.93603e+01
5.876685564e-01  2.9309829e+01         -inf  6.89329e+05  2.93098e+01  2.93098e+01
5.900192306e-01  2.9334481e+01         -inf  6.89329e+05  2.93345e+01  2.93345e+01
5.923793075e-01  2.9468556e+01         -inf  6.89329e+05  2.94686e+01  2.94686e+01
5.947488247e-01  2.9718472e+01         -inf  6.89329e+05  2.97185e+01  2.97185e+01
5.971278200e-01  3.0003653e+01         -inf  6.89329e+05  3.00037e+01  3.00037e+01
5.995163313e-01  3.0233058e+01         -inf  6.89329e+05  3.02331e+01  3.02331e+01
6.019143966e-01  3.0331502e+01         -inf  6.89329e+05  3.03315e+01  3.03315e+01
6.043220542e-01  3.0274341e+01         -inf  6.89329e+05  3.02743e+01  3.02743e+01
6.067393425e-01  3.0081912e+01         -inf  6.89329e+05  3.00819e+01  3.00819e+01
6.091662998e-01  2.9795412e+01         -inf  6.89329e+05  2.97954e+01  2.97954e+01
6.116029650e-01  2.9472601e+01         -inf  6.89329e+05  2.94726e+01  2.94726e+01
6.140493769e-01  2.9154880e+01         -inf  6.89329e+05  2.91549e+01  2.91549e+01
6.165055744e-01  2.8862817e+01         -inf  6.89329e+05  2.88628e+01  2.88628e+01
6.189715967e-01  2.8605493e+01         -inf  6.89329e+05  2.86055e+01  2.86055e+01
6.214474831e-01  2.8383404e+01         -inf  6.89329e+05  2.83834e+01  2.83834e+01
6.239332730e-01  2.8175034e+01         -inf  6.89329e+05  2.81750e+01  2.81750e+01
6.264290061e-01  2.7955993e+01         -inf  6.89329e+05  2.79560e+01  2.79560e+01
6.289347221e-01  2.7974070e+01         -inf  6.89329e+05  2.79741e+01  2.79741e+01
6.314504610e-01  2.7529007e+01         -inf  6.89329e+05  2.75290e+01  2.75290e+01
6.339762629e-01  2.7177186e+01         -inf  6.89329e+05  2.71772e+01  2.71772e+01
6.365121679e-01  2.6855227e+01         -inf  6.89329e+05  2.68552e+01  2.68552e+01
6.390582166e-01  2.6519256e+01         -inf  6.89329e+05  2.65193e+01  2.65193e+01
6.416144494e-01  2.6175323e+01         -inf  6.89329e+05  2.61753e+01  2.61753e+01
6.441809072e-01  2.5868560e+01         -inf  6.89329e+05  2.58686e+01  2.58686e+01
6.467576309e-01  2.5579525e+01         -inf  6.89329e+05  2.55795e+01  2.55795e+01
6.493446614e-01  2.5301563e+01         -inf  6.89329e+05  2.53016e+01  2.53016e+01
6.519420400e-01  2.5041069e+01         -inf  6.89329e+05  2.50411e+01  2.50411e+01
6.545498082e-01  2.4764067e+01         -inf  6.89329e+05  2.47641e+01  2.47641e+01
6.571680074e-01  2.4479486e+01         -inf  6.89329e+05  2.44795e+01  2.44795e+01
6.597966795e-01  2.4202384e+01         -inf  6.89329e+05  2.42024e+01  2.42024e+01
6.624358662e-01  2.3933595e+01         -inf  6.89329e+05  2.39336e+01  2.39336e+01
6.650856096e-01  2.3639137e+01         -inf  6.89329e+05  2.36391e+01  2.36391e+01
6.677459521e-01  2.3312989e+01         -inf  6.89329e+05  2.33130e+01  2.33130e+01
6.704169359e-01  2.2985423e+01         -inf  6.89329e+05  2.29854e+01  2.29854e+01
6.730986036e-01  2.2670672e+01         -inf  6.89329e+05  2.26707e+01  2.26707e+01
6.757909981e-01  2.2377556e+01         -inf  6.89329e+05  2.23776e+01  2.23776e+01
6.784941620e-01  2.2098168e+01         -inf  6.89329e+05  2.20982e+01  2.20982e+01
6.812081387e-01  2.1863776e+01         -inf  6.89329e+05  2.18638e+01  2.18638e+01
6.839329712e-01  2.1678854e+01         -inf  6.89329e+05  2.16789e+01  2.16789e+01
6.866687031e-01  2.2540013e+01         -inf  6.89329e+05  2.25400e+01  2.25400e+01
6.894153779e-01  2.2400645e+01         -inf  6.89329e+05  2.24006e+01  2.24006e+01
6.921730395e-01  2.1399322e+01         -inf  6.89329e+05  2.13993e+01  2.13993e+01
6.949417316e-01  2.0660606e+01         -inf  6.89329e+05  2.06606e+01  2.06606e+01
6.977214985e-01  2.0342636e+01         -inf  6.89329e+05  2.03426e+01  2.03426e+01
7.005123845e-01  2.0102349e+01         -inf  6.89329e+05  2.01023e+01  2.01023e+01
7.033144341e-01  1.9911809e+01         -inf  6.89329e+05  1.99118e+01  1.99118e+01
7.061276918e-01  1.9760684e+01         -inf  6.89329e+05  1.97607e+01  1.97607e+01
7.089522026e-01  1.9630155e+01         -inf  6.89329e+05  1.96302e+01  1.96302e+01
7.117880114e-01  1.9523745e+01         -inf  6.89329e+05  1.95237e+01  1.95237e+01
7.146351634e-01  1.9466261e+01         -inf  6.89329e+05  1.94663e+01  1.94663e+01
7.174937041e-01  1.9353297e+01         -inf  6.89329e+05  1.93533e+01  1.93533e+01
7.203636789e-01  1.9112443e+01         -inf  6.89329e+05  1.91124e+01  1.91124e+01
7.232451336e-01  1.8885630e+01         -inf  6.89329e+05  1.88856e+01  1.88856e+01
7.261381142e-01  1.8724784e+01         -inf  6.89329e+05  1.87248e+01  1.87248e+01
7.290426666e-01  1.8550490e+01         -inf  6.89329e+05  1.85505e+01  1.85505e+01
7.319588373e-01  1.8407021e+01         -inf  6.89329e+05  1.84070e+01  1.84070e+01
7.348866726e-01  1.8328316e+01         -inf  6.89329e+05  1.83283e+01  1.83283e+01
7.378262193e-01  1.8281160e+01         -inf  6.89329e+05  1.82812e+01  1.82812e+01
7.407775242e-01  1.8257829e+01         -inf  6.89329e+05  1.82578e+01  1.82578e+01
7.437406343e-01  1.8291955e+01         -inf  6.89329e+05  1.82920e+01  1.82920e+01
7.467155968e-01  1.8342064e+01         -inf  6.89329e+05  1.83421e+01  1.83421e+01
7.497024592e-01  1.8254609e+01         -inf  6.89329e+05  1.82546e+01  1.82546e+01
7.527012690e-01  1.7993222e+01         -inf  6.89329e+05  1.79932e+01  1.79932e+01
7.557120741e-01  1.7752695e+01         -inf  6.89329e+05  1.77527e+01  1.77527e+01
7.587349224e-01  1.9291797e+01         -inf  6.89329e+05  1.92918e+01  1.92918e+01
7.617698621e-01  2.3541612e+01         -inf  6.89329e+05  2.35416e+01  2.35416e+01
7.648169416e-01  2.0922869e+01         -inf  6.89329e+05  2.09229e+01  2.09229e+01
7.678762093e-01  1.8241050e+01         -inf  6.89329e+05  1.82410e+01  1.82410e+01
7.709477142e-01  1.7494886e+01         -inf  6.89329e+05  1.74949e+01  1.74949e+01
7.740315050e-01  1.7480075e+01         -inf  6.89329e+05  1.74801e+01  1.74801e+01
7.771276310e-01  1.7603109e+01         -inf  6.89329e+05  1.76031e+01  1.76031e+01
7.802361416e-01  1.7624625e+01         -inf  6.89329e+05  1.76246e+01  1.76246e+01
7.833570861e-01  1.7450187e+01         -inf  6.89329e+05  1.74502e+01  1.74502e+01
7.864905145e-01  1.7230437e+01         -inf  6.89329e+05  1.72304e+01  1.72304e+01
7.896364765e-01  1.7076407e+01         -inf  6.89329e+05  1.70764e+01  1.70764e+01
7.927950224e-01  1.6951960e+01         -inf  6.89329e+05  1.69520e+01  1.69520e+01
7.959662025e-01  1.6850469e+01         -inf  6.89329e+05  1.68505e+01  1.68505e+01
7.991500673e-01  1.6788490e+01         -inf  6.89329e+05  1.67885e+01  1.67885e+01
8.023466676e-01  1.6747006e+01         -inf  6.89329e+05  1.67470e+01  1.67470e+01
8.055560543e-01  1.6744051e+01         -inf  6.89329e+05  1.67441e+01  1.67441e+01
8.087782785e-01  1.6818418e+01         -inf  6.89329e+05  1.68184e+01  1.68184e+01
8.120133916e-01  1.6933056e+01         -inf  6.89329e+05  1.69331e+01  1.69331e+01
8.152614452e-01  1.7026969e+01         -inf  6.89329e+05  1.70270e+01  1.70270e+01
8.185224910e-01  1.7004542e+01         -inf  6.89329e+05  1.70045e+01  1.70045e+01
8.217965809e-01  1.6832284e+01         -inf  6.89329e+05  1.68323e+01  1.68323e+01
8.250837672e-01  1.6605845e+01         -inf  6.89329e+05  1.66058e+01  1.66058e+01
8.283841023e-01  1.6436266e+01         -inf  6.89329e+05  1.64363e+01  1.64363e+01
8.316976387e-01  1.6330106e+01         -inf  6.89329e+05  1.63301e+01  1.63301e+01
8.350244293e-01  1.6272366e+01         -inf  6.89329e+05  1.62724e+01  1.62724e+01
8.383645270e-01  1.6247511e+01         -inf  6.89329e+05  1.62475e+01  1.62475e+01
8.417179851e-01  1.6244215e+01         -inf  6.89329e+05  1.62442e+01  1.62442e+01
8.450848570e-01  1.6270396e+01         -inf  6.89329e+05  1.62704e+01  1.62704e+01
8.484651965e-01  1.6346436e+01         -inf  6.89329e+05  1.63464e+01  1.63464e+01
8.518590573e-01  1.6499953e+01         -inf  6.89329e+05  1.65000e+01  1.65000e+01
8.552664935e-01  1.6518366e+01         -inf  6.89329e+05  1.65184e+01  1.65184e+01
8.586875595e-01  1.6404252e+01         -inf  6.89329e+05  1.64043e+01  1.64043e+01
8.621223097e-01  1.6254218e+01         -inf  6.89329e+05  1.62542e+01  1.62542e+01
8.655707989e-01  1.6117290e+01         -inf  6.89329e+05  1.61173e+01  1.61173e+01
8.690330821e-01  1.6026546e+01         -inf  6.89329e+05  1.60265e+01  1.60265e+01
8.725092145e-01  1.5965354e+01         -inf  6.89329e+05  1.59654e+01  1.59654e+01
8.759992513e-01  1.5934702e+01         -inf  6.89329e+05  1.59347e+01  1.59347e+01
8.795032483e-01  1.5928260e+01         -inf  6.89329e+05  1.59283e+01  1.59283e+01
8.830212613e-01  1.5942014e+01         -inf  6.89329e+05  1.59420e+01  1.59420e+01
8.865533464e-01  1.5961224e+01         -inf  6.89329e+05  1.59612e+01  1.59612e+01
8.900995597e-01  1.5960959e+01         -inf  6.89329e+05  1.59610e+01  1.59610e+01
8.936599580e-01  1.5947054e+01         -inf  6.89329e+05  1.59471e+01  1.59471e+01
8.972345978e-01  1.5988580e+01         -inf  6.89329e+05  1.59886e+01  1.59886e+01
9.008235362e-01  1.5963157e+01         -inf  6.89329e+05  1.59632e+01  1.59632e+01
9.044268304e-01  1.5883474e+01         -inf  6.89329e+05  1.58835e+01  1.58835e+01
9.080445377e-01  1.5810877e+01         -inf  6.89329e+05  1.58109e+01  1.58109e+01
9.116767158e-01  1.5758322e+01         -inf  6.89329e+05  1.57583e+01  1.57583e+01
9.153234227e-01  1.5723955e+01         -inf  6.89329e+05  1.57240e+01  1.57240e+01
9.189847164e-01  1.5702509e+01         -inf  6.89329e+05  1.57025e+01  1.57025e+01
9.226606552e-01  1.5688755e+01         -inf  6.89329e+05  1.56888e+01  1.56888e+01
9.263512979e-01  1.5679206e+01         -inf  6.89329e+05  1.56792e+01  1.56792e+01
9.300567031e-01  1.5670870e+01         -inf  6.89329e+05  1.56709e+01  1.56709e+01
9.337769299e-01  1.5656092e+01         -inf  6.89329e+05  1.56561e+01  1.56561e+01
9.375120376e-01  1.5670756e+01         -inf  6.89329e+05  1.56708e+01  1.56708e+01
9.412620857e-01  1.5724941e+01         -inf  6.89329e+05  1.57249e+01  1.57249e+01
9.450271341e-01  1.5752980e+01         -inf  6.89329e+05  1.57530e+01  1.57530e+01
9.488072426e-01  1.5678751e+01         -inf  6.89329e+05  1.56788e+01  1.56788e+01
9.526024716e-01  1.5612290e+01         -inf  6.89329e+05  1.56123e+01  1.56123e+01
9.564128815e-01  1.5586258e+01         -inf  6.89329e+05  1.55863e+01  1.55863e+01
9.602385330e-01  1.5559582e+01         -inf  6.89329e+05  1.55596e+01  1.55596e+01
9.640794871e-01  1.5542455e+01         -inf  6.89329e+05  1.55425e+01  1.55425e+01
9.679358051e-01  1.5525062e+01         -inf  6.89329e+05  1.55251e+01  1.55251e+01
9.718075483e-01  1.5506988e+01         -inf  6.89329e+05  1.55070e+01  1.55070e+01
9.756947785e-01  1.5493195e+01         -inf  6.89329e+05  1.54932e+01  1.54932e+01
9.795975576e-01  1.5483229e+01         -inf  6.89329e+05  1.54832e+01  1.54832e+01
9.835159478e-01  1.5478834e+01         -inf  6.89329e+05  1.54788e+01  1.54788e+01
9.874500116e-01  1.5494067e+01         -inf  6.89329e+05  1.54941e+01  1.54941e+01
9.913998117e-01  1.5568941e+01         -inf  6.89329e+05  1.55689e+01  1.55689e+01
9.953654109e-01  1.5530254e+01         -inf  6.89329e+05  1.55303e+01  1.55303e+01
9.993468726e-01  1.5469740e+01         -inf  6.89329e+05  1.54697e+01  1.54697e+01
1.003344260e+00  1.5442533e+01         -inf  6.89329e+05  1.54425e+01  1.54425e+01
1.007357637e+00  1.5427224e+01         -inf  6.89329e+05  1.54272e+01  1.54272e+01
1.011387068e+00  1.5415629e+01         -inf  6.89329e+05  1.54156e+01  1.54156e+01
1.015432616e+00  1.5405777e+01         -inf  6.89329e+05  1.54058e+01  1.54058e+01
1.019494346e+00  1.5396228e+01         -inf  6.89329e+05  1.53962e+01  1.53962e+01
1.023572324e+00  1.5387588e+01         -inf  6.89329e+05  1.53876e+01  1.53876e+01
1.027666613e+00  1.5379403e+01         -inf  6.89329e+05  1.53794e+01  1.53794e+01
1.031777280e+00  1.5371976e+01         -inf  6.89329e+05  1.53720e+01  1.53720e+01
1.035904389e+00  1.5368187e+01         -inf  6.89329e+05  1.53682e+01  1.53682e+01
1.040048006e+00  1.5366254e+01         -inf  6.89329e+05  1.53663e+01  1.53663e+01
1.044208198e+00  1.5390468e+01         -inf  6.89329e+05  1.53905e+01  1.53905e+01
1.048385031e+00  1.5412484e+01         -inf  6.89329e+05  1.54125e+01  1.54125e+01
1.052578571e+00  1.5414947e+01         -inf  6.89329e+05  1.54149e+01  1.54149e+01
1.056788885e+00  1.5410703e+01         -inf  6.89329e+05  1.54107e+01  1.54107e+01
1.061016041e+00  1.5432794e+01         -inf  6.89329e+05  1.54328e+01  1.54328e+01
1.065260105e+00  1.5473112e+01         -inf  6.89329e+05  1.54731e+01  1.54731e+01
1.069521146e+00  1.5431961e+01         -inf  6.89329e+05  1.54320e+01  1.54320e+01
1.073799230e+00  1.5370688e+01         -inf  6.89329e+05  1.53707e+01  1.53707e+01
1.078094427e+00  1.5334121e+01         -inf  6.89329e+05  1.53341e+01  1.53341e+01
1.082406805e+00  1.5312219e+01         -inf  6.89329e+05  1.53122e+01  1.53122e+01
1.086736432e+00  1.5297440e+01         -inf  6.89329e+05  1.52974e+01  1.52974e+01
1.091083378e+00  1.5287019e+01         -inf  6.89329e+05  1.52870e+01  1.52870e+01
1.095447711e+00  1.5278759e+01         -inf  6.89329e+05  1.52788e+01  1.52788e+01
1.099829502e+00  1.5266898e+01         -inf  6.89329e+05  1.52669e+01  1.52669e+01
1.104228820e+00  1.5261024e+01         -inf  6.89329e+05  1.52610e+01  1.52610e+01
1.108645735e+00  1.5256401e+01         -inf  6.89329e+05  1.52564e+01  1.52564e+01
1.113080318e+00  1.5254924e+01         -inf  6.89329e+05  1.52549e+01  1.52549e+01
1.117532640e+00  1.5252915e+01         -inf  6.89329e+05  1.52529e+01  1.52529e+01
1.122002770e+00  1.5256060e+01         -inf  6.89329e+05  1.52561e+01  1.52561e+01
1.126490781e+00  1.5262805e+01         -inf  6.89329e+05  1.52628e+01  1.52628e+01
1.130996744e+00  1.5257197e+01         -inf  6.89329e+05  1.52572e+01  1.52572e+01
1.135520731e+00  1.5259547e+01         -inf  6.89329e+05  1.52595e+01  1.52595e+01
1.140062814e+00  1.5235560e+01         -inf  6.89329e+05  1.52356e+01  1.52356e+01
1.144623065e+00  1.5230709e+01         -inf  6.89329e+05  1.52307e+01  1.52307e+01
1.149201558e+00  1.5238364e+01         -inf  6.89329e+05  1.52384e+01  1.52384e+01
1.153798364e+00  1.5261896e+01         -inf  6.89329e+05  1.52619e+01  1.52619e+01
1.158413557e+00  1.5246322e+01         -inf  6.89329e+05  1.52463e+01  1.52463e+01
1.163047212e+00  1.5264624e+01         -inf  6.89329e+05  1.52646e+01  1.52646e+01
1.167699401e+00  1.5237758e+01         -inf  6.89329e+05  1.52378e+01  1.52378e+01
1.172370198e+00  1.5218849e+01         -inf  6.89329e+05  1.52188e+01  1.52188e+01
1.177059679e+00  1.5202744e+01         -inf  6.89329e+05  1.52027e+01  1.52027e+01
1.181767918e+00  1.5193043e+01         -inf  6.89329e+05  1.51930e+01  1.51930e+01
1.186494989e+00  1.5186222e+01         -inf  6.89329e+05  1.51862e+01  1.51862e+01
1.191240969e+00  1.5179439e+01         -inf  6.89329e+05  1.51794e+01  1.51794e+01
1.196005933e+00  1.5171291e+01         -inf  6.89329e+05  1.51713e+01  1.51713e+01
1.200789957e+00  1.5218394e+01         -inf  6.89329e+05  1.52184e+01  1.52184e+01
1.205593117e+00  1.5450718e+01         -inf  6.89329e+05  1.54507e+01  1.54507e+01
1.210415489e+00  1.5281752e+01         -inf  6.89329e+05  1.52818e+01  1.52818e+01
1.215257151e+00  1.5191489e+01         -inf  6.89329e+05  1.51915e+01  1.51915e+01
1.220118180e+00  1.5384708e+01         -inf  6.89329e+05  1.53847e+01  1.53847e+01
1.224998652e+00  1.5255530e+01         -inf  6.89329e+05  1.52555e+01  1.52555e+01
1.229898647e+00  1.5176710e+01         -inf  6.89329e+05  1.51767e+01  1.51767e+01
1.234818242e+00  1.5180992e+01         -inf  6.89329e+05  1.51810e+01  1.51810e+01
1.239757515e+00  1.5190618e+01         -inf  6.89329e+05  1.51906e+01  1.51906e+01
1.244716545e+00  1.5218773e+01         -inf  6.89329e+05  1.52188e+01  1.52188e+01
1.249695411e+00  1.5298425e+01         -inf  6.89329e+05  1.52984e+01  1.52984e+01
1.254694192e+00  1.5439274e+01         -inf  6.89329e+05  1.54393e+01  1.54393e+01
1.259712969e+00  1.5907497e+01         -inf  6.89329e+05  1.59075e+01  1.59075e+01
1.264751821e+00  1.6624257e+01         -inf  6.89329e+05  1.66243e+01  1.66243e+01
1.269810828e+00  1.7607844e+01         -inf  6.89329e+05  1.76078e+01  1.76078e+01
1.274890072e+00  1.5893515e+01         -inf  6.89329e+05  1.58935e+01  1.58935e+01
1.279989632e+00  1.5479175e+01         -inf  6.89329e+05  1.54792e+01  1.54792e+01
1.285109591e+00  1.5220933e+01         -inf  6.89329e+05  1.52209e+01  1.52209e+01
1.290250029e+00  1.5174247e+01         -inf  6.89329e+05  1.51742e+01  1.51742e+01
1.295411029e+00  1.5132071e+01         -inf  6.89329e+05  1.51321e+01  1.51321e+01
1.300592673e+00  1.5101338e+01         -inf  6.89329e+05  1.51013e+01  1.51013e+01
1.305795044e+00  1.5093684e+01         -inf  6.89329e+05  1.50937e+01  1.50937e+01
1.311018224e+00  1.5106378e+01         -inf  6.89329e+05  1.51064e+01  1.51064e+01
1.316262297e+00  1.5173414e+01         -inf  6.89329e+05  1.51734e+01  1.51734e+01
1.321527346e+00  1.5147456e+01         -inf  6.89329e+05  1.51475e+01  1.51475e+01
1.326813455e+00  1.5098648e+01         -inf  6.89329e+05  1.50986e+01  1.50986e+01
1.332120709e+00  1.5169207e+01         -inf  6.89329e+05  1.51692e+01  1.51692e+01
1.337449192e+00  1.5133359e+01         -inf  6.89329e+05  1.51334e+01  1.51334e+01
1.342798989e+00  1.5150260e+01         -inf  6.89329e+05  1.51503e+01  1.51503e+01
1.348170185e+00  1.5116534e+01         -inf  6.89329e+05  1.51165e+01  1.51165e+01
1.353562866e+00  1.5118429e+01         -inf  6.89329e+05  1.51184e+01  1.51184e+01
1.358977117e+00  1.5131123e+01         -inf  6.89329e+05  1.51311e+01  1.51311e+01
1.364413026e+00  1.5124568e+01         -inf  6.89329e+05  1.51246e+01  1.51246e+01
1.369870678e+00  1.5117406e+01         -inf  6.89329e+05  1.51174e+01  1.51174e+01
1.375350160e+00  1.5124568e+01         -inf  6.89329e+05  1.51246e+01  1.51246e+01
1.380851561e+00  1.5128812e+01         -inf  6.89329e+05  1.51288e+01  1.51288e+01
1.386374967e+00  1.5129267e+01         -inf  6.89329e+05  1.51293e+01  1.51293e+01
1.391920467e+00  1.5119566e+01         -inf  6.89329e+05  1.51196e+01  1.51196e+01
1.397488149e+00  1.5115321e+01         -inf  6.89329e+05  1.51153e+01  1.51153e+01
1.403078102e+00  1.5117027e+01         -inf  6.89329e+05  1.51170e+01  1.51170e+01
1.408690414e+00  1.5112934e+01         -inf  6.89329e+05  1.51129e+01  1.51129e+01
1.414325176e+00  1.5080761e+01         -inf  6.89329e+05  1.50808e+01  1.50808e+01
1.419982476e+00  1.5066665e+01         -inf  6.89329e+05  1.50667e+01  1.50667e+01
1.425662406e+00  1.5058820e+01         -inf  6.89329e+05  1.50588e+01  1.50588e+01
1.431365056e+00  1.6742535e+01         -inf  6.89329e+05  1.67425e+01  1.67425e+01
1.437090516e+00  1.6271116e+01         -inf  6.89329e+05  1.62711e+01  1.62711e+01
1.442838878e+00  1.5726570e+01         -inf  6.89329e+05  1.57266e+01  1.57266e+01
1.448610234e+00  1.5214529e+01         -inf  6.89329e+05  1.52145e+01  1.52145e+01
1.454404675e+00  1.5045595e+01         -inf  6.89329e+05  1.50456e+01  1.50456e+01
1.460222293e+00  1.5026951e+01         -inf  6.89329e+05  1.50270e+01  1.50270e+01
1.466063182e+00  1.5023047e+01         -inf  6.89329e+05  1.50230e+01  1.50230e+01
1.471927435e+00  1.5136050e+01         -inf  6.89329e+05  1.51360e+01  1.51360e+01
1.477815145e+00  1.5109524e+01         -inf  6.89329e+05  1.51095e+01  1.51095e+01
1.483726405e+00  1.5041275e+01         -inf  6.89329e+05  1.50413e+01  1.50413e+01
1.489661311e+00  1.5020129e+01         -inf  6.89329e+05  1.50201e+01  1.50201e+01
1.495619956e+00  1.5040479e+01         -inf  6.89329e+05  1.50405e+01  1.50405e+01
1.501602436e+00  1.5023047e+01         -inf  6.89329e+05  1.50230e+01  1.50230e+01
1.507608846e+00  1.5008458e+01         -inf  6.89329e+05  1.50085e+01  1.50085e+01
1.513639281e+00  1.5008268e+01         -inf  6.89329e+05  1.50083e+01  1.50083e+01
1.519693838e+00  1.5010656e+01         -inf  6.89329e+05  1.50107e+01  1.50107e+01
1.525772614e+00  1.5035174e+01         -inf  6.89329e+05  1.50352e+01  1.50352e+01
1.531875704e+00  1.5157763e+01         -inf  6.89329e+05  1.51578e+01  1.51578e+01
1.538003207e+00  1.5217371e+01         -inf  6.89329e+05  1.52174e+01  1.52174e+01
1.544155220e+00  1.5117860e+01         -inf  6.89329e+05  1.51179e+01  1.51179e+01
1.550331841e+00  1.5000689e+01         -inf  6.89329e+05  1.50007e+01  1.50007e+01
1.556533168e+00  1.4996975e+01         -inf  6.89329e+05  1.49970e+01  1.49970e+01
1.562759301e+00  1.4999818e+01         -inf  6.89329e+05  1.49998e+01  1.49998e+01
1.569010338e+00  1.5538552e+01         -inf  6.89329e+05  1.55386e+01  1.55386e+01
1.575286379e+00  1.5876844e+01         -inf  6.89329e+05  1.58768e+01  1.58768e+01
1.581587525e+00  1.5492551e+01         -inf  6.89329e+05  1.54926e+01  1.54926e+01
1.587913875e+00  1.5041237e+01         -inf  6.89329e+05  1.50412e+01  1.50412e+01
1.594265530e+00  1.5025321e+01         -inf  6.89329e+05  1.50253e+01  1.50253e+01
1.600642593e+00  1.5820993e+01         -inf  6.89329e+05  1.58210e+01  1.58210e+01
1.607045163e+00  1.5809967e+01         -inf  6.89329e+05  1.58100e+01  1.58100e+01
1.613473344e+00  1.5453105e+01         -inf  6.89329e+05  1.54531e+01  1.54531e+01
1.619927237e+00  1.5070189e+01         -inf  6.89329e+05  1.50702e+01  1.50702e+01
1.626406946e+00  1.5046732e+01         -inf  6.89329e+05  1.50467e+01  1.50467e+01
1.632912574e+00  1.5114147e+01         -inf  6.89329e+05  1.51141e+01  1.51141e+01
1.639444224e+00  1.5253976e+01         -inf  6.89329e+05  1.52540e+01  1.52540e+01
1.646002001e+00  1.5284897e+01         -inf  6.89329e+05  1.52849e+01  1.52849e+01
1.652586009e+00  1.5226048e+01         -inf  6.89329e+05  1.52260e+01  1.52260e+01
1.659196353e+00  1.5067271e+01         -inf  6.89329e+05  1.50673e+01  1.50673e+01
1.665833138e+00  1.5476826e+01         -inf  6.89329e+05  1.54768e+01  1.54768e+01
1.672496471e+00  1.5062534e+01         -inf  6.89329e+05  1.50625e+01  1.50625e+01
1.679186457e+00  1.5095199e+01         -inf  6.89329e+05  1.50952e+01  1.50952e+01
1.685903203e+00  1.5099102e+01         -inf  6.89329e+05  1.50991e+01  1.50991e+01
1.692646815e+00  1.5097587e+01         -inf  6.89329e+05  1.50976e+01  1.50976e+01
1.699417403e+00  1.5106492e+01         -inf  6.89329e+05  1.51065e+01  1.51065e+01
1.706215072e+00  1.5235484e+01         -inf  6.89329e+05  1.52355e+01  1.52355e+01
1.713039933e+00  1.5102665e+01         -inf  6.89329e+05  1.51027e+01  1.51027e+01
1.719892092e+00  1.5085309e+01         -inf  6.89329e+05  1.50853e+01  1.50853e+01
1.726771661e+00  1.5190011e+01         -inf  6.89329e+05  1.51900e+01  1.51900e+01
1.733678747e+00  1.5084740e+01         -inf  6.89329e+05  1.50847e+01  1.50847e+01
1.740613462e+00  1.5042184e+01         -inf  6.89329e+05  1.50422e+01  1.50422e+01
1.747575916e+00  1.5014332e+01         -inf  6.89329e+05  1.50143e+01  1.50143e+01
1.754566220e+00  1.5009178e+01         -inf  6.89329e+05  1.50092e+01  1.50092e+01
1.761584485e+00  1.5008912e+01         -inf  6.89329e+05  1.50089e+01  1.50089e+01
1.768630823e+00  1.5053970e+01         -inf  6.89329e+05  1.50540e+01  1.50540e+01
1.775705346e+00  1.5089629e+01         -inf  6.89329e+05  1.50896e+01  1.50896e+01
1.782808167e+00  1.5035894e+01         -inf  6.89329e+05  1.50359e+01  1.50359e+01
1.789939400e+00  1.5139498e+01         -inf  6.89329e+05  1.51395e+01  1.51395e+01
1.797099158e+00  1.5021873e+01         -inf  6.89329e+05  1.50219e+01  1.50219e+01
1.804287554e+00  1.5022252e+01         -inf  6.89329e+05  1.50223e+01  1.50223e+01
1.811504704e+00  1.5028542e+01         -inf  6.89329e+05  1.50285e+01  1.50285e+01
1.818750723e+00  1.5007094e+01         -inf  6.89329e+05  1.50071e+01  1.50071e+01
1.826025726e+00  1.4983485e+01         -inf  6.89329e+05  1.49835e+01  1.49835e+01
1.833329829e+00  1.4977497e+01         -inf  6.89329e+05  1.49775e+01  1.49775e+01
1.840663148e+00  1.4980074e+01         -inf  6.89329e+05  1.49801e+01  1.49801e+01
1.848025801e+00  1.4975602e+01         -inf  6.89329e+05  1.49756e+01  1.49756e+01
1.855417904e+00  1.4972988e+01         -inf  6.89329e+05  1.49730e+01  1.49730e+01
1.862839576e+00  1.4969160e+01         -inf  6.89329e+05  1.49692e+01  1.49692e+01
1.870290934e+00  1.4984091e+01         -inf  6.89329e+05  1.49841e+01  1.49841e+01
1.877772098e+00  1.5228019e+01         -inf  6.89329e+05  1.52280e+01  1.52280e+01
1.885283186e+00  1.5243290e+01         -inf  6.89329e+05  1.52433e+01  1.52433e+01
1.892824319e+00  1.5011262e+01         -inf  6.89329e+05  1.50113e+01  1.50113e+01
1.900395616e+00  1.4969729e+01         -inf  6.89329e+05  1.49697e+01  1.49697e+01
1.907997199e+00  1.4963400e+01         -inf  6.89329e+05  1.49634e+01  1.49634e+01
1.915629188e+00  1.4957261e+01         -inf  6.89329e+05  1.49573e+01  1.49573e+01
1.923291704e+00  1.4954343e+01         -inf  6.89329e+05  1.49543e+01  1.49543e+01
1.930984871e+00  1.4952107e+01         -inf  6.89329e+05  1.49521e+01  1.49521e+01
1.938708811e+00  1.5102286e+01         -inf  6.89329e+05  1.51023e+01  1.51023e+01
1.946463646e+00  1.6520867e+01         -inf  6.89329e+05  1.65209e+01  1.65209e+01
1.954249500e+00  1.9407526e+01         -inf  6.89329e+05  1.94075e+01  1.94075e+01
1.962066498e+00  1.8615368e+01         -inf  6.89329e+05  1.86154e+01  1.86154e+01
1.969914764e+00  1.7623602e+01         -inf  6.89329e+05  1.76236e+01  1.76236e+01
1.977794423e+00  1.5682237e+01         -inf  6.89329e+05  1.56822e+01  1.56822e+01
1.985705601e+00  1.5214794e+01         -inf  6.89329e+05  1.52148e+01  1.52148e+01
1.993648424e+00  1.5830693e+01         -inf  6.89329e+05  1.58307e+01  1.58307e+01
2.001623017e+00  2.1589438e+01         -inf  6.89329e+05  2.15894e+01  2.15894e+01
2.009629509e+00  2.1928697e+01         -inf  6.89329e+05  2.19287e+01  2.19287e+01
2.017668027e+00  2.0552245e+01         -inf  6.89329e+05  2.05522e+01  2.05522e+01
2.025738699e+00  1.7138648e+01         -inf  6.89329e+05  1.71386e+01  1.71386e+01
2.033841654e+00  1.6336017e+01         -inf  6.89329e+05  1.63360e+01  1.63360e+01
2.041977021e+00  1.6411564e+01         -inf  6.89329e+05  1.64116e+01  1.64116e+01
2.050144929e+00  1.7962200e+01         -inf  6.89329e+05  1.79622e+01  1.79622e+01
2.058345509e+00  1.8102346e+01         -inf  6.89329e+05  1.81023e+01  1.81023e+01
2.066578891e+00  1.7820233e+01         -inf  6.89329e+05  1.78202e+01  1.78202e+01
2.074845206e+00  1.6914530e+01         -inf  6.89329e+05  1.69145e+01  1.69145e+01
2.083144587e+00  1.6184276e+01         -inf  6.89329e+05  1.61843e+01  1.61843e+01
2.091477165e+00  1.5727858e+01         -inf  6.89329e+05  1.57279e+01  1.57279e+01
2.099843074e+00  1.5322488e+01         -inf  6.89329e+05  1.53225e+01  1.53225e+01
2.108242446e+00  1.5273415e+01         -inf  6.89329e+05  1.52734e+01  1.52734e+01
2.116675416e+00  1.5163826e+01         -inf  6.89329e+05  1.51638e+01  1.51638e+01
2.125142118e+00  1.5042411e+01         -inf  6.89329e+05  1.50424e+01  1.50424e+01
2.133642686e+00  1.4973973e+01         -inf  6.89329e+05  1.49740e+01  1.49740e+01
2.142177257e+00  1.5121953e+01         -inf  6.89329e+05  1.51220e+01  1.51220e+01
2.150745966e+00  1.5223547e+01         -inf  6.89329e+05  1.52235e+01  1.52235e+01
2.159348950e+00  1.5207139e+01         -inf  6.89329e+05  1.52071e+01  1.52071e+01
2.167986346e+00  1.5170003e+01         -inf  6.89329e+05  1.51700e+01  1.51700e+01
2.176658291e+00  1.5124453e+01         -inf  6.89329e+05  1.51245e+01  1.51245e+01
2.185364924e+00  1.5012057e+01         -inf  6.89329e+05  1.50121e+01  1.50121e+01
2.194106384e+00  1.5079283e+01         -inf  6.89329e+05  1.50793e+01  1.50793e+01
2.202882810e+00  1.5644497e+01         -inf  6.89329e+05  1.56445e+01  1.56445e+01
2.211694341e+00  1.5041767e+01         -inf  6.89329e+05  1.50418e+01  1.50418e+01
2.220541118e+00  1.5187092e+01         -inf  6.89329e+05  1.51871e+01  1.51871e+01
2.229423283e+00  1.5320895e+01         -inf  6.89329e+05  1.53209e+01  1.53209e+01
2.238340976e+00  1.5393915e+01         -inf  6.89329e+05  1.53939e+01  1.53939e+01
2.247294340e+00  1.5538968e+01         -inf  6.89329e+05  1.55390e+01  1.55390e+01
2.256283517e+00  1.5660259e+01         -inf  6.89329e+05  1.56603e+01  1.56603e+01
2.265308651e+00  1.5724484e+01         -inf  6.89329e+05  1.57245e+01  1.57245e+01
2.274369886e+00  1.5879608e+01         -inf  6.89329e+05  1.58796e+01  1.58796e+01
2.283467365e+00  1.5869453e+01         -inf  6.89329e+05  1.58695e+01  1.58695e+01
2.292601235e+00  1.6105429e+01         -inf  6.89329e+05  1.61054e+01  1.61054e+01
2.301771640e+00  1.6388565e+01         -inf  6.89329e+05  1.63886e+01  1.63886e+01
2.310978726e+00  1.5509525e+01         -inf  6.89329e+05  1.55095e+01  1.55095e+01
2.320222641e+00  1.6306652e+01         -inf  6.89329e+05  1.63067e+01  1.63067e+01
2.329503532e+00  1.5851644e+01         -inf  6.89329e+05  1.58516e+01  1.58516e+01
2.338821546e+00  1.6238416e+01         -inf  6.89329e+05  1.62384e+01  1.62384e+01
2.348176832e+00  1.6502754e+01         -inf  6.89329e+05  1.65028e+01  1.65028e+01
2.357569539e+00  1.5978954e+01         -inf  6.89329e+05  1.59790e+01  1.59790e+01
2.366999817e+00  1.6171240e+01         -inf  6.89329e+05  1.61712e+01  1.61712e+01
2.376467817e+00  1.6250577e+01         -inf  6.89329e+05  1.62506e+01  1.62506e+01
2.385973688e+00  1.5602017e+01         -inf  6.89329e+05  1.56020e+01  1.56020e+01
2.395517583e+00  1.5634907e+01         -inf  6.89329e+05  1.56349e+01  1.56349e+01
2.405099653e+00  1.5347607e+01         -inf  6.89329e+05  1.53476e+01  1.53476e+01
2.414720052e+00  1.5172007e+01         -inf  6.89329e+05  1.51720e+01  1.51720e+01
2.424378932e+00  1.5314184e+01         -inf  6.89329e+05  1.53142e+01  1.53142e+01
2.434076448e+00  1.5129185e+01         -inf  6.89329e+05  1.51292e+01  1.51292e+01
2.443812753e+00  1.5055101e+01         -inf  6.89329e+05  1.50551e+01  1.50551e+01
2.453588004e+00  1.5021374e+01         -inf  6.89329e+05  1.50214e+01  1.50214e+01
2.463402356e+00  1.4986396e+01         -inf  6.89329e+05  1.49864e+01  1.49864e+01
2.473255966e+00  1.5066695e+01         -inf  6.89329e+05  1.50667e+01  1.50667e+01
2.483148990e+00  1.6496233e+01         -inf  6.89329e+05  1.64962e+01  1.64962e+01
2.493081586e+00  1.5990808e+01         -inf  6.89329e+05  1.59908e+01  1.59908e+01
2.503053912e+00  1.5632099e+01         -inf  6.89329e+05  1.56321e+01  1.56321e+01
2.513066128e+00  1.5230361e+01         -inf  6.89329e+05  1.52304e+01  1.52304e+01
2.523118392e+00  1.5066354e+01         -inf  6.89329e+05  1.50664e+01  1.50664e+01
2.533210866e+00  1.5001972e+01         -inf  6.89329e+05  1.50020e+01  1.50020e+01
2.543343709e+00  1.4969420e+01         -inf  6.89329e+05  1.49694e+01  1.49694e+01
2.553517084e+00  1.5015616e+01         -inf  6.89329e+05  1.50156e+01  1.50156e+01
2.563731152e+00  1.5206416e+01         -inf  6.89329e+05  1.52064e+01  1.52064e+01
2.573986077e+00  1.5186068e+01         -inf  6.89329e+05  1.51861e+01  1.51861e+01
2.584282021e+00  1.5318507e+01         -inf  6.89329e+05  1.53185e+01  1.53185e+01
2.594619149e+00  1.5540028e+01         -inf  6.89329e+05  1.55400e+01  1.55400e+01
2.604997626e+00  1.5409223e+01         -inf  6.89329e+05  1.54092e+01  1.54092e+01
2.615417616e+00  1.5402175e+01         -inf  6.89329e+05  1.54022e+01  1.54022e+01
2.625879287e+00  1.5204788e+01         -inf  6.89329e+05  1.52048e+01  1.52048e+01
2.636382804e+00  1.5103117e+01         -inf  6.89329e+05  1.51031e+01  1.51031e+01
2.646928335e+00  1.5084662e+01         -inf  6.89329e+05  1.50847e+01  1.50847e+01
2.657516049e+00  1.5727211e+01         -inf  6.89329e+05  1.57272e+01  1.57272e+01
2.668146113e+00  2.5260927e+01         -inf  6.89329e+05  2.52609e+01  2.52609e+01
2.678818697e+00  3.5363383e+01         -inf  6.89329e+05  3.53634e+01  3.53634e+01
2.689533972e+00  3.3910928e+01         -inf  6.89329e+05  3.39109e+01  3.39109e+01
2.700292108e+00  3.4908898e+01         -inf  6.89329e+05  3.49089e+01  3.49089e+01
2.711093276e+00  3.1353313e+01         -inf  6.89329e+05  3.13533e+01  3.13533e+01
2.721937650e+00  2.4742536e+01         -inf  6.89329e+05  2.47425e+01  2.47425e+01
2.732825400e+00  2.2891859e+01         -inf  6.89329e+05  2.28919e+01  2.28919e+01
2.743756702e+00  2.7044877e+01         -inf  6.89329e+05  2.70449e+01  2.70449e+01
2.754731729e+00  3.2745582e+01         -inf  6.89329e+05  3.27456e+01  3.27456e+01
2.765750655e+00  3.1555532e+01         -inf  6.89329e+05  3.15555e+01  3.15555e+01
2.776813658e+00  3.3846733e+01         -inf  6.89329e+05  3.38467e+01  3.38467e+01
2.787920913e+00  3.1458845e+01         -inf  6.89329e+05  3.14588e+01  3.14588e+01
2.799072596e+00  2.7659750e+01         -inf  6.89329e+05  2.76598e+01  2.76598e+01
2.810268887e+00  2.5239510e+01         -inf  6.89329e+05  2.52395e+01  2.52395e+01
2.821509962e+00  2.2556999e+01         -inf  6.89329e+05  2.25570e+01  2.25570e+01
2.832796002e+00  1.9626464e+01         -inf  6.89329e+05  1.96265e+01  1.96265e+01
2.844127186e+00  1.9271705e+01         -inf  6.89329e+05  1.92717e+01  1.92717e+01
2.855503695e+00  1.8030648e+01         -inf  6.89329e+05  1.80306e+01  1.80307e+01
2.866925710e+00  1.7627190e+01         -inf  6.89329e+05  1.76272e+01  1.76272e+01
2.878393413e+00  1.6774252e+01         -inf  6.89329e+05  1.67743e+01  1.67743e+01
2.889906986e+00  1.6399958e+01         -inf  6.89329e+05  1.64000e+01  1.64000e+01
2.901466614e+00  1.5631241e+01         -inf  6.89329e+05  1.56312e+01  1.56313e+01
2.913072481e+00  1.5144832e+01         -inf  6.89329e+05  1.51448e+01  1.51450e+01
2.924724770e+00  1.5005330e+01         -inf  6.89329e+05  1.50053e+01  1.50055e+01
2.936423670e+00  1.4948856e+01         -inf  6.89329e+05  1.49489e+01  1.49490e+01
2.948169364e+00  1.5012132e+01         -inf  6.89329e+05  1.50121e+01  1.50123e+01
2.959962042e+00  1.5299591e+01         -inf  6.89329e+05  1.52996e+01  1.52998e+01
2.971801890e+00  1.5360294e+01         -inf  6.89329e+05  1.53603e+01  1.53605e+01
2.983689097e+00  1.5474908e+01         -inf  6.89329e+05  1.54749e+01  1.54751e+01
2.995623854e+00  1.5155711e+01         -inf  6.89329e+05  1.51557e+01  1.51559e+01
3.007606349e+00  1.5108445e+01         -inf  6.89329e+05  1.51084e+01  1.51087e+01
3.019636775e+00  1.5107108e+01         -inf  6.89329e+05  1.51071e+01  1.51073e+01
3.031715322e+00  1.4975821e+01         -inf  6.89329e+05  1.49758e+01  1.49761e+01
3.043842183e+00  1.4941701e+01         -inf  6.89329e+05  1.49417e+01  1.49420e+01
3.056017552e+00  1.4951918e+01         -inf  6.89329e+05  1.49519e+01  1.49522e+01
3.068241622e+00  1.4935190e+01         -inf  6.89329e+05  1.49352e+01  1.49355e+01
3.080514588e+00  1.4925548e+01         -inf  6.89329e+05  1.49255e+01  1.49258e+01
3.092836647e+00  1.4924205e+01         -inf  6.89329e+05  1.49242e+01  1.49245e+01
3.105207993e+00  1.4935176e+01         -inf  6.89329e+05  1.49352e+01  1.49355e+01
3.117628825e+00  1.5100911e+01         -inf  6.89329e+05  1.51009e+01  1.51013e+01
3.130099341e+00  1.6060234e+01         -inf  6.89329e+05  1.60602e+01  1.60606e+01
3.142619738e+00  1.5580288e+01         -inf  6.89329e+05  1.55803e+01  1.55807e+01
3.155190217e+00  1.5776660e+01         -inf  6.89329e+05  1.57767e+01  1.57771e+01
3.167810978e+00  1.5568310e+01         -inf  6.89329e+05  1.55683e+01  1.55688e+01
3.180482222e+00  1.6179173e+01         -inf  6.89329e+05  1.61792e+01  1.61796e+01
3.193204151e+00  1.6112919e+01         -inf  6.89329e+05  1.61129e+01  1.61134e+01
3.205976967e+00  1.6231529e+01         -inf  6.89329e+05  1.62315e+01  1.62320e+01
3.218800875e+00  1.6843316e+01         -inf  6.89329e+05  1.68433e+01  1.68438e+01
3.231676079e+00  1.6586929e+01         -inf  6.89329e+05  1.65869e+01  1.65875e+01
3.244602783e+00  1.7123780e+01         -inf  6.89329e+05  1.71238e+01  1.71243e+01
3.257581194e+00  1.7140304e+01         -inf  6.89329e+05  1.71403e+01  1.71409e+01
3.270611519e+00  2.1711199e+01         -inf  6.89329e+05  2.17112e+01  2.17118e+01
3.283693965e+00  2.0259037e+01         -inf  6.89329e+05  2.02590e+01  2.02598e+01
3.296828741e+00  1.9659143e+01         -inf  6.89329e+05  1.96591e+01  1.96599e+01
3.310016056e+00  2.2635853e+01         -inf  6.89329e+05  2.26359e+01  2.26363e+01
3.323256120e+00  2.0574350e+01         -inf  6.89329e+05  2.05744e+01  2.05750e+01
3.336549144e+00  1.6430346e+01         -inf  6.89329e+05  1.64303e+01  1.64313e+01
3.349895341e+00  1.6190825e+01         -inf  6.89329e+05  1.61908e+01  1.61918e+01
3.363294922e+00  1.7186149e+01         -inf  6.89329e+05  1.71861e+01  1.71871e+01
3.376748102e+00  1.7003911e+01         -inf  6.89329e+05  1.70039e+01  1.70049e+01
3.390255094e+00  1.7094366e+01         -inf  6.89329e+05  1.70944e+01  1.70954e+01
3.403816115e+00  1.6899343e+01         -inf  6.89329e+05  1.68993e+01  1.69004e+01
3.417431379e+00  1.6113413e+01         -inf  6.89329e+05  1.61134e+01  1.61146e+01
3.431101105e+00  1.6243487e+01         -inf  6.89329e+05  1.62435e+01  1.62448e+01
3.444825509e+00  1.6047971e+01         -inf  6.89329e+05  1.60480e+01  1.60494e+01
3.458604811e+00  1.5800528e+01         -inf  6.89329e+05  1.58005e+01  1.58020e+01
3.472439231e+00  1.6144494e+01         -inf  6.89329e+05  1.61445e+01  1.61460e+01
3.486328987e+00  1.5981997e+01         -inf  6.89329e+05  1.59820e+01  1.59837e+01
3.500274303e+00  1.5562548e+01         -inf  6.89329e+05  1.55625e+01  1.55643e+01
3.514275401e+00  1.5220105e+01         -inf  6.89329e+05  1.52201e+01  1.52220e+01
3.528332502e+00  1.5458294e+01         -inf  6.89329e+05  1.54583e+01  1.54603e+01
3.542445832e+00  1.6077086e+01         -inf  6.89329e+05  1.60771e+01  1.60791e+01
3.556615616e+00  1.5475819e+01         -inf  6.89329e+05  1.54758e+01  1.54780e+01
3.570842078e+00  1.8016073e+01         -inf  6.89329e+05  1.80161e+01  1.80183e+01
3.585125446e+00  1.7030725e+01         -inf  6.89329e+05  1.70307e+01  1.70331e+01
3.599465948e+00  1.6695975e+01         -inf  6.89329e+05  1.66960e+01  1.66985e+01
3.613863812e+00  1.6597110e+01         -inf  6.89329e+05  1.65971e+01  1.65998e+01
3.628319267e+00  1.5955331e+01         -inf  6.89329e+05  1.59553e+01  1.59582e+01
3.642832544e+00  1.5796534e+01         -inf  6.89329e+05  1.57965e+01  1.57995e+01
3.657403874e+00  1.5389825e+01         -inf  6.89329e+05  1.53898e+01  1.53930e+01
3.672033490e+00  1.5322466e+01         -inf  6.89329e+05  1.53225e+01  1.53257e+01
3.686721624e+00  1.5346699e+01         -inf  6.89329e+05  1.53467e+01  1.53501e+01
3.701468510e+00  1.5176669e+01         -inf  6.89329e+05  1.51767e+01  1.51803e+01
3.716274384e+00  1.5213102e+01         -inf  6.89329e+05  1.52131e+01  1.52169e+01
3.731139482e+00  1.5254826e+01         -inf  6.89329e+05  1.52548e+01  1.52588e+01
3.746064040e+00  1.5144574e+01         -inf  6.89329e+05  1.51446e+01  1.51488e+01
3.761048296e+00  1.5075167e+01         -inf  6.89329e+05  1.50752e+01  1.50796e+01
3.776092489e+00  1.5087876e+01         -inf  6.89329e+05  1.50879e+01  1.50925e+01
3.791196859e+00  1.5210375e+01         -inf  6.89329e+05  1.52104e+01  1.52152e+01
3.806361647e+00  1.5241312e+01         -inf  6.89329e+05  1.52413e+01  1.52464e+01
3.821587093e+00  1.5125881e+01         -inf  6.89329e+05  1.51259e+01  1.51312e+01
3.836873442e+00  1.5280722e+01         -inf  6.89329e+05  1.52807e+01  1.52863e+01
3.852220935e+00  1.5518602e+01         -inf  6.89329e+05  1.55186e+01  1.55243e+01
3.867629819e+00  1.6235059e+01         -inf  6.89329e+05  1.62351e+01  1.62408e+01
3.883100338e+00  1.6733281e+01         -inf  6.89329e+05  1.67333e+01  1.67389e+01
3.898632740e+00  1.6203042e+01         -inf  6.89329e+05  1.62030e+01  1.62094e+01
3.914227271e+00  1.6482133e+01         -inf  6.89329e+05  1.64821e+01  1.64885e+01
3.929884180e+00  1.6203913e+01         -inf  6.89329e+05  1.62039e+01  1.62107e+01
3.945603716e+00  1.5794169e+01         -inf  6.89329e+05  1.57942e+01  1.58015e+01
3.961386131e+00  1.5501843e+01         -inf  6.89329e+05  1.55018e+01  1.55097e+01
3.977231676e+00  1.5560938e+01         -inf  6.89329e+05  1.55609e+01  1.55691e+01
3.993140603e+00  1.5534293e+01         -inf  6.89329e+05  1.55343e+01  1.55428e+01
4.009113165e+00  1.5784643e+01         -inf  6.89329e+05  1.57846e+01  1.57934e+01
4.025149618e+00  1.6168483e+01         -inf  6.89329e+05  1.61685e+01  1.61773e+01
4.041250216e+00  1.6607499e+01         -inf  6.89329e+05  1.66075e+01  1.66165e+01
4.057415217e+00  1.6581642e+01         -inf  6.89329e+05  1.65816e+01  1.65910e+01
4.073644878e+00  1.6948290e+01         -inf  6.89329e+05  1.69483e+01  1.69576e+01
4.089939457e+00  1.7204352e+01         -inf  6.89329e+05  1.72044e+01  1.72137e+01
4.106299215e+00  1.7219804e+01         -inf  6.89329e+05  1.72198e+01  1.72295e+01
4.122724412e+00  1.7321578e+01         -inf  6.89329e+05  1.73216e+01  1.73315e+01
4.139215310e+00  1.7487727e+01         -inf  6.89329e+05  1.74877e+01  1.74978e+01
4.155772171e+00  1.7653893e+01         -inf  6.89329e+05  1.76539e+01  1.76624e+01
4.172395260e+00  1.9394348e+01         -inf  6.89329e+05  1.93943e+01  1.93976e+01
4.189084841e+00  2.7536939e+01         -inf  6.89329e+05  2.75369e+01  2.75379e+01
4.205841180e+00  4.0330858e+01         -inf  6.89329e+05  4.03309e+01  4.03323e+01
4.222664545e+00  4.8746187e+01         -inf  6.89329e+05  4.87462e+01  4.87493e+01
4.239555203e+00  5.1832495e+01         -inf  6.89329e+05  5.18325e+01  5.18362e+01
4.256513424e+00  4.9781278e+01         -inf  6.89329e+05  4.97813e+01  4.97840e+01
4.273539477e+00  5.2006016e+01         -inf  6.89329e+05  5.20060e+01  5.20096e+01
4.290633635e+00  5.1189150e+01         -inf  6.89329e+05  5.11892e+01  5.11927e+01
4.307796170e+00  4.9060894e+01         -inf  6.89329e+05  4.90609e+01  4.90641e+01
4.325027355e+00  4.5674325e+01         -inf  6.89329e+05  4.56743e+01  4.56767e+01
4.342327464e+00  4.2959892e+01         -inf  6.89329e+05  4.29599e+01  4.29619e+01
4.359696774e+00  4.0052926e+01         -inf  6.89329e+05  4.00529e+01  4.00545e+01
4.377135561e+00  3.6496791e+01         -inf  6.89329e+05  3.64968e+01  3.64981e+01
4.394644103e+00  3.5162949e+01         -inf  6.89329e+05  3.51629e+01  3.51641e+01
4.412222680e+00  3.3595280e+01         -inf  6.89329e+05  3.35953e+01  3.35964e+01
4.429871570e+00  3.1348345e+01         -inf  6.89329e+05  3.13483e+01  3.13497e+01
4.447591057e+00  2.7727280e+01         -inf  6.89329e+05  2.77273e+01  2.77296e+01
4.465381421e+00  2.5930794e+01         -inf  6.89329e+05  2.59308e+01  2.59340e+01
4.483242946e+00  2.4394312e+01         -inf  6.89329e+05  2.43943e+01  2.43990e+01
4.501175918e+00  2.2257933e+01         -inf  6.89329e+05  2.22579e+01  2.22673e+01
4.519180622e+00  2.3230009e+01         -inf  6.89329e+05  2.32300e+01  2.32383e+01
4.537257344e+00  2.2280269e+01         -inf  6.89329e+05  2.22803e+01  2.22917e+01
4.555406374e+00  2.0895778e+01         -inf  6.89329e+05  2.08958e+01  2.09127e+01
4.573627999e+00  1.9541640e+01         -inf  6.89329e+05  1.95416e+01  1.95654e+01
4.591922511e+00  1.7840356e+01         -inf  6.89329e+05  1.78404e+01  1.78723e+01
4.610290201e+00  1.6952127e+01         -inf  6.89329e+05  1.69521e+01  1.69890e+01
4.628731362e+00  1.6258661e+01         -inf  6.89329e+05  1.62587e+01  1.62986e+01
4.647246288e+00  1.5916413e+01         -inf  6.89329e+05  1.59164e+01  1.59587e+01
4.665835273e+00  1.5696630e+01         -inf  6.89329e+05  1.56966e+01  1.57409e+01
4.684498614e+00  1.8943270e+01         -inf  6.89329e+05  1.89433e+01  1.89884e+01
4.703236608e+00  2.9388314e+01         -inf  6.89329e+05  2.93883e+01  2.94258e+01
4.722049555e+00  2.9785954e+01         -inf  6.89329e+05  2.97860e+01  2.98243e+01
4.740937753e+00  2.7101945e+01         -inf  6.89329e+05  2.71019e+01  2.71429e+01
4.759901504e+00  2.9062800e+01         -inf  6.89329e+05  2.90628e+01  2.91057e+01
4.778941110e+00  2.7837513e+01         -inf  6.89329e+05  2.78375e+01  2.78778e+01
4.798056874e+00  2.5454868e+01         -inf  6.89329e+05  2.54549e+01  2.54937e+01
4.817249102e+00  2.4886164e+01         -inf  6.89329e+05  2.48862e+01  2.49110e+01
4.836518098e+00  2.3217375e+01         -inf  6.89329e+05  2.32174e+01  2.32494e+01
4.855864171e+00  2.0894586e+01         -inf  6.89329e+05  2.08946e+01  2.09259e+01
4.875287627e+00  1.9273641e+01         -inf  6.89329e+05  1.92736e+01  1.93131e+01
4.894788778e+00  1.7988361e+01         -inf  6.89329e+05  1.79884e+01  1.80408e+01
4.914367933e+00  1.7772838e+01         -inf  6.89329e+05  1.77728e+01  1.78337e+01
4.934025405e+00  1.6789623e+01         -inf  6.89329e+05  1.67896e+01  1.68612e+01
4.953761506e+00  1.6422904e+01         -inf  6.89329e+05  1.64229e+01  1.64977e+01
4.973576552e+00  1.5913928e+01         -inf  6.89329e+05  1.59139e+01  1.59928e+01
4.993470859e+00  1.5581656e+01         -inf  6.89329e+05  1.55817e+01  1.56645e+01
5.013444742e+00  1.5278399e+01         -inf  6.89329e+05  1.52784e+01  1.53647e+01
5.033498521e+00  1.5132667e+01         -inf  6.89329e+05  1.51327e+01  1.52219e+01
5.053632515e+00  1.5028497e+01         -inf  6.89329e+05  1.50285e+01  1.51202e+01
5.073847045e+00  1.5033736e+01         -inf  6.89329e+05  1.50337e+01  1.51268e+01
5.094142433e+00  1.5088631e+01         -inf  6.89329e+05  1.50886e+01  1.51826e+01
5.114519003e+00  1.5072527e+01         -inf  6.89329e+05  1.50725e+01  1.51692e+01
5.134977079e+00  1.4957687e+01         -inf  6.89329e+05  1.49577e+01  1.50583e+01
5.155516987e+00  1.5090390e+01         -inf  6.89329e+05  1.50904e+01  1.51904e+01
5.176139055e+00  1.7167551e+01         -inf  6.89329e+05  1.71676e+01  1.72465e+01
5.196843612e+00  1.5653124e+01         -inf  6.89329e+05  1.56531e+01  1.57451e+01
5.217630986e+00  1.6051410e+01         -inf  6.89329e+05  1.60514e+01  1.61363e+01
5.238501510e+00  1.5758109e+01         -inf  6.89329e+05  1.57581e+01  1.58475e+01
5.259455516e+00  1.5534502e+01         -inf  6.89329e+05  1.55345e+01  1.56298e+01
5.280493338e+00  1.5230853e+01         -inf  6.89329e+05  1.52309e+01  1.53321e+01
5.301615311e+00  1.5093799e+01         -inf  6.89329e+05  1.50938e+01  1.51977e+01
5.322821773e+00  1.5294964e+01         -inf  6.89329e+05  1.52950e+01  1.53985e+01
5.344113060e+00  1.5128357e+01         -inf  6.89329e+05  1.51284e+01  1.52306e+01
5.365489512e+00  1.5190070e+01         -inf  6.89329e+05  1.51901e+01  1.52915e+01
5.386951470e+00  1.5240267e+01         -inf  6.89329e+05  1.52403e+01  1.53412e+01
5.408499276e+00  1.5319316e+01         -inf  6.89329e+05  1.53193e+01  1.54199e+01
5.430133273e+00  1.5374384e+01         -inf  6.89329e+05  1.53744e+01  1.54753e+01
5.451853806e+00  1.5430505e+01         -inf  6.89329e+05  1.54305e+01  1.55313e+01
5.473661221e+00  1.5679071e+01         -inf  6.89329e+05  1.56791e+01  1.57794e+01
5.495555866e+00  1.5908808e+01         -inf  6.89329e+05  1.59088e+01  1.60084e+01
5.517538090e+00  1.5958910e+01         -inf  6.89329e+05  1.59589e+01  1.60583e+01
5.539608242e+00  1.5801694e+01         -inf  6.89329e+05  1.58017e+01  1.59006e+01
5.561766675e+00  1.5437713e+01         -inf  6.89329e+05  1.54377e+01  1.55364e+01
5.584013742e+00  1.5613322e+01         -inf  6.89329e+05  1.56133e+01  1.57119e+01
5.606349797e+00  1.5769247e+01         -inf  6.89329e+05  1.57692e+01  1.58677e+01
5.628775196e+00  1.5689929e+01         -inf  6.89329e+05  1.56899e+01  1.57884e+01
5.651290297e+00  1.5512528e+01         -inf  6.89329e+05  1.55125e+01  1.56111e+01
5.673895458e+00  1.5453634e+01         -inf  6.89329e+05  1.54536e+01  1.55521e+01
5.696591040e+00  1.5415393e+01         -inf  6.89329e+05  1.54154e+01  1.55140e+01
5.719377404e+00  1.6263510e+01         -inf  6.89329e+05  1.62635e+01  1.63621e+01
5.742254913e+00  1.8873472e+01         -inf  6.89329e+05  1.88735e+01  1.89710e+01
5.765223933e+00  1.8195654e+01         -inf  6.89329e+05  1.81957e+01  1.82931e+01
5.788284829e+00  1.7306518e+01         -inf  6.89329e+05  1.73065e+01  1.74042e+01
5.811437968e+00  1.7436840e+01         -inf  6.89329e+05  1.74368e+01  1.75342e+01
5.834683720e+00  1.7738157e+01         -inf  6.89329e+05  1.77382e+01  1.78356e+01
5.858022455e+00  1.7418716e+01         -inf  6.89329e+05  1.74187e+01  1.75170e+01
5.881454545e+00  1.6880151e+01         -inf  6.89329e+05  1.68802e+01  1.69797e+01
5.904980363e+00  1.6344629e+01         -inf  6.89329e+05  1.63446e+01  1.64458e+01
5.928600284e+00  1.5955915e+01         -inf  6.89329e+05  1.59559e+01  1.60587e+01
5.952314685e+00  1.5778120e+01         -inf  6.89329e+05  1.57781e+01  1.58826e+01
5.976123944e+00  1.5705811e+01         -inf  6.89329e+05  1.57058e+01  1.58128e+01
6.000028440e+00  1.5775756e+01         -inf  6.89329e+05  1.57758e+01  1.58856e+01
6.024028554e+00  1.5864523e+01         -inf  6.89329e+05  1.58645e+01  1.59777e+01
6.048124668e+00  1.6012307e+01         -inf  6.89329e+05  1.60123e+01  1.61295e+01
6.072317167e+00  1.6166464e+01         -inf  6.89329e+05  1.61665e+01  1.62880e+01
6.096606435e+00  1.6309641e+01         -inf  6.89329e+05  1.63096e+01  1.64358e+01
6.120992861e+00  1.6478468e+01         -inf  6.89329e+05  1.64785e+01  1.66099e+01
6.145476832e+00  1.6593033e+01         -inf  6.89329e+05  1.65930e+01  1.67302e+01
6.170058740e+00  1.6716954e+01         -inf  6.89329e+05  1.67170e+01  1.68604e+01
6.194738975e+00  1.6800404e+01         -inf  6.89329e+05  1.68004e+01  1.69498e+01
6.219517931e+00  1.6864972e+01         -inf  6.89329e+05  1.68650e+01  1.70199e+01
6.244396002e+00  1.6889144e+01         -inf  6.89329e+05  1.68891e+01  1.70489e+01
6.269373586e+00  1.6865636e+01         -inf  6.89329e+05  1.68656e+01  1.70293e+01
6.294451081e+00  1.6930443e+01         -inf  6.89329e+05  1.69304e+01  1.70973e+01
6.319628885e+00  1.6914110e+01         -inf  6.89329e+05  1.69141e+01  1.70833e+01
6.344907401e+00  1.7039181e+01         -inf  6.89329e+05  1.70392e+01  1.72103e+01
6.370287030e+00  1.7162698e+01         -inf  6.89329e+05  1.71627e+01  1.73354e+01
6.395768178e+00  1.7370934e+01         -inf  6.89329e+05  1.73709e+01  1.75454e+01
6.421351251e+00  1.7566572e+01         -inf  6.89329e+05  1.75666e+01  1.77436e+01
6.447036656e+00  1.7550041e+01         -inf  6.89329e+05  1.75500e+01  1.77315e+01
6.472824803e+00  1.7417208e+01         -inf  6.89329e+05  1.74172e+01  1.76052e+01
6.498716102e+00  1.7508687e+01         -inf  6.89329e+05  1.75087e+01  1.77034e+01
6.524710966e+00  1.6836218e+01         -inf  6.89329e+05  1.68362e+01  1.70411e+01
6.550809810e+00  1.6498712e+01         -inf  6.89329e+05  1.64987e+01  1.67134e+01
6.577013049e+00  1.6367570e+01         -inf  6.89329e+05  1.63676e+01  1.65925e+01
6.603321102e+00  1.6255882e+01         -inf  6.89329e+05  1.62559e+01  1.64921e+01
6.629734386e+00  1.6152045e+01         -inf  6.89329e+05  1.61520e+01  1.64005e+01
6.656253324e+00  1.6080182e+01         -inf  6.89329e+05  1.60802e+01  1.63415e+01
6.682878337e+00  1.5941677e+01         -inf  6.89329e+05  1.59417e+01  1.62171e+01
6.709609850e+00  1.5822718e+01         -inf  6.89329e+05  1.58227e+01  1.61133e+01
6.736448290e+00  1.5751248e+01         -inf  6.89329e+05  1.57512e+01  1.60577e+01
6.763394083e+00  1.5555234e+01         -inf  6.89329e+05  1.55552e+01  1.58793e+01
6.790447659e+00  1.5631464e+01         -inf  6.89329e+05  1.56315e+01  1.59739e+01
6.817609450e+00  1.5389017e+01         -inf  6.89329e+05  1.53890e+01  1.57523e+01
6.844879888e+00  1.5281331e+01         -inf  6.89329e+05  1.52813e+01  1.56660e+01
6.872259407e+00  1.5182729e+01         -inf  6.89329e+05  1.51827e+01  1.55893e+01
6.899748445e+00  1.5168218e+01         -inf  6.89329e+05  1.51682e+01  1.55977e+01
6.927347438e+00  1.4982356e+01         -inf  6.89329e+05  1.49824e+01  1.54376e+01
6.955056828e+00  1.4829328e+01         -inf  6.89329e+05  1.48293e+01  1.53123e+01
6.982877056e+00  1.4842009e+01         -inf  6.89329e+05  1.48420e+01  1.53539e+01
7.010808564e+00  1.4787278e+01         -inf  6.89329e+05  1.47873e+01  1.53304e+01
7.038851798e+00  1.4666815e+01         -inf  6.89329e+05  1.46668e+01  1.52444e+01
7.067007205e+00  1.4598168e+01         -inf  6.89329e+05  1.45982e+01  1.52104e+01
7.095275234e+00  1.4518394e+01         -inf  6.89329e+05  1.45184e+01  1.51687e+01
7.123656335e+00  1.4442735e+01         -inf  6.89329e+05  1.44427e+01  1.51315e+01
7.152150960e+00  1.4434665e+01         -inf  6.89329e+05  1.44347e+01  1.51650e+01
7.180759564e+00  1.4417089e+01         -inf  6.89329e+05  1.44171e+01  1.51907e+01
7.209482602e+00  1.4502920e+01         -inf  6.89329e+05  1.45029e+01  1.53200e+01
7.238320533e+00  1.4669748e+01         -inf  6.89329e+05  1.46697e+01  1.55281e+01
7.267273815e+00  1.4927823e+01         -inf  6.89329e+05  1.49278e+01  1.58248e+01
7.296342910e+00  1.4864366e+01         -inf  6.89329e+05  1.48644e+01  1.58122e+01
7.325528282e+00  1.5378305e+01         -inf  6.89329e+05  1.53783e+01  1.63516e+01
7.354830395e+00  1.5928973e+01         -inf  6.89329e+05  1.59290e+01  1.69116e+01
7.384249717e+00  1.6649800e+01         -inf  6.89329e+05  1.66498e+01  1.76270e+01
7.413786715e+00  1.6129637e+01         -inf  6.89329e+05  1.61296e+01  1.71912e+01
7.443441862e+00  1.6859224e+01         -inf  6.89329e+05  1.68592e+01  1.79223e+01
7.473215630e+00  1.6377796e+01         -inf  6.89329e+05  1.63778e+01  1.75245e+01
7.503108492e+00  1.6785516e+01         -inf  6.89329e+05  1.67855e+01  1.79474e+01
7.533120926e+00  1.6105639e+01         -inf  6.89329e+05  1.61056e+01  1.73679e+01
7.563253410e+00  1.5136436e+01         -inf  6.89329e+05  1.51364e+01  1.65261e+01
7.593506424e+00  1.5199300e+01         -inf  6.89329e+05  1.51993e+01  1.66146e+01
7.623880449e+00  1.6153123e+01         -inf  6.89329e+05  1.61531e+01  1.74933e+01
7.654375971e+00  2.0924488e+01         -inf  6.89329e+05  2.09245e+01  2.18809e+01
7.684993475e+00  2.1167451e+01         -inf  6.89329e+05  2.11675e+01  2.20541e+01
7.715733449e+00  1.9553076e+01         -inf  6.89329e+05  1.95531e+01  2.06283e+01
7.746596383e+00  1.8025196e+01         -inf  6.89329e+05  1.80252e+01  1.92901e+01
7.777582768e+00  1.6878768e+01         -inf  6.89329e+05  1.68788e+01  1.83377e+01
7.808693099e+00  1.7606336e+01         -inf  6.89329e+05  1.76063e+01  1.89878e+01
7.839927872e+00  1.8202291e+01         -inf  6.89329e+05  1.82023e+01  1.95075e+01
7.871287583e+00  1.8275897e+01         -inf  6.89329e+05  1.82759e+01  1.95931e+01
7.902772733e+00  1.7290131e+01         -inf  6.89329e+05  1.72901e+01  1.87561e+01
7.934383824e+00  1.6643983e+01         -inf  6.89329e+05  1.66440e+01  1.82406e+01
7.966121360e+00  1.5453253e+01         -inf  6.89329e+05  1.54533e+01  1.72410e+01
7.997985845e+00  1.4796596e+01         -inf  6.89329e+05  1.47966e+01  1.67030e+01
8.029977788e+00  1.4684694e+01         -inf  6.89329e+05  1.46847e+01  1.66441e+01
8.062097700e+00  1.4085281e+01         -inf  6.89329e+05  1.40853e+01  1.61733e+01
8.094346090e+00  1.3814305e+01         -inf  6.89329e+05  1.38143e+01  1.59793e+01
8.126723475e+00  1.3398741e+01         -inf  6.89329e+05  1.33987e+01  1.56587e+01
8.159230369e+00  1.3122932e+01         -inf  6.89329e+05  1.31229e+01  1.54542e+01
8.191867290e+00  1.3216554e+01         -inf  6.89329e+05  1.32166e+01  1.55834e+01
8.224634759e+00  1.2937653e+01         -inf  6.89329e+05  1.29377e+01  1.53785e+01
8.257533298e+00  1.2978775e+01         -inf  6.89329e+05  1.29788e+01  1.54671e+01
8.290563432e+00  1.2869848e+01         -inf  6.89329e+05  1.28698e+01  1.54197e+01
8.323725685e+00  1.3057012e+01         -inf  6.89329e+05  1.30570e+01  1.56480e+01
8.357020588e+00  1.3202530e+01         -inf  6.89329e+05  1.32025e+01  1.58400e+01
8.390448670e+00  1.3520379e+01         -inf  6.89329e+05  1.35204e+01  1.61902e+01
8.424010465e+00  1.3749727e+01         -inf  6.89329e+05  1.37497e+01  1.64620e+01
8.457706507e+00  1.4058116e+01         -inf  6.89329e+05  1.40581e+01  1.67994e+01
8.491537333e+00  1.4276966e+01         -inf  6.89329e+05  1.42770e+01  1.70760e+01
8.525503482e+00  1.4471248e+01         -inf  6.89329e+05  1.44712e+01  1.73309e+01
8.559605496e+00  1.4425213e+01         -inf  6.89329e+05  1.44252e+01  1.73659e+01
8.593843918e+00  1.4653854e+01         -inf  6.89329e+05  1.46539e+01  1.76243e+01
8.628219294e+00  1.4906465e+01         -inf  6.89329e+05  1.49065e+01  1.79128e+01
8.662732171e+00  1.4767058e+01         -inf  6.89329e+05  1.47671e+01  1.78269e+01
8.697383100e+00  1.5503769e+01         -inf  6.89329e+05  1.55038e+01  1.86215e+01
8.732172632e+00  1.5511918e+01         -inf  6.89329e+05  1.55119e+01  1.87038e+01
8.767101323e+00  1.5545215e+01         -inf  6.89329e+05  1.55452e+01  1.88078e+01
8.802169728e+00  1.6571657e+01         -inf  6.89329e+05  1.65717e+01  1.98817e+01
8.837378407e+00  1.6661957e+01         -inf  6.89329e+05  1.66620e+01  2.00233e+01
8.872727920e+00  1.6275780e+01         -inf  6.89329e+05  1.62758e+01  1.96987e+01
8.908218832e+00  1.6337210e+01         -inf  6.89329e+05  1.63372e+01  1.98244e+01
8.943851707e+00  1.6445832e+01         -inf  6.89329e+05  1.64458e+01  2.00000e+01
8.979627114e+00  1.5949247e+01         -inf  6.89329e+05  1.59492e+01  1.95866e+01
9.015545623e+00  1.5313692e+01         -inf  6.89329e+05  1.53137e+01  1.90392e+01
9.051607805e+00  1.5835273e+01         -inf  6.89329e+05  1.58353e+01  1.96228e+01
9.087814236e+00  1.5802444e+01         -inf  6.89329e+05  1.58024e+01  1.96648e+01
9.124165493e+00  1.5853760e+01         -inf  6.89329e+05  1.58538e+01  1.97883e+01
9.160662155e+00  1.6279280e+01         -inf  6.89329e+05  1.62793e+01  2.02349e+01
9.197304804e+00  1.7239669e+01         -inf  6.89329e+05  1.72397e+01  2.11295e+01
9.234094023e+00  1.6745656e+01         -inf  6.89329e+05  1.67457e+01  2.05820e+01
9.271030399e+00  1.6586103e+01         -inf  6.89329e+05  1.65861e+01  2.04303e+01
9.308114521e+00  1.7322043e+01         -inf  6.89329e+05  1.73220e+01  2.12633e+01
9.345346979e+00  1.9958571e+01         -inf  6.89329e+05  1.99586e+01  2.39774e+01
9.382728367e+00  2.8271488e+01         -inf  6.89329e+05  2.82715e+01  3.20063e+01
9.420259280e+00  3.4288262e+01         -inf  6.89329e+05  3.42883e+01  3.71748e+01
9.457940318e+00  3.6159030e+01         -inf  6.89329e+05  3.61590e+01  3.86633e+01
9.495772079e+00  3.7248000e+01         -inf  6.89329e+05  3.72480e+01  3.94830e+01
9.533755167e+00  3.5829288e+01         -inf  6.89329e+05  3.58293e+01  3.84213e+01
9.571890188e+00  3.0045963e+01         -inf  6.89329e+05  3.00460e+01  3.37876e+01
9.610177749e+00  3.5881880e+01         -inf  6.89329e+05  3.58819e+01  3.86059e+01
9.648618460e+00  3.6964286e+01         -inf  6.89329e+05  3.69643e+01  3.97446e+01
9.687212933e+00  3.5482351e+01         -inf  6.89329e+05  3.54824e+01  3.86380e+01
9.725961785e+00  3.4201846e+01         -inf  6.89329e+05  3.42018e+01  3.74470e+01
9.764865632e+00  3.4647898e+01         -inf  6.89329e+05  3.46479e+01  3.79422e+01
9.803925095e+00  3.3658438e+01         -inf  6.89329e+05  3.36584e+01  3.71986e+01
9.843140795e+00  3.2222696e+01         -inf  6.89329e+05  3.22227e+01  3.60771e+01
9.882513358e+00  3.0370594e+01         -inf  6.89329e+05  3.03706e+01  3.46309e+01
9.922043412e+00  2.8389861e+01         -inf  6.89329e+05  2.83899e+01  3.30378e+01
9.961731585e+00  2.6715799e+01         -inf  6.89329e+05  2.67158e+01  3.17026e+01
1.000157851e+01  2.4238074e+01         -inf  6.89329e+05  2.42381e+01  2.95520e+01
1.004158483e+01  2.1004813e+01         -inf  6.89329e+05  2.10048e+01  2.66467e+01
1.008175117e+01  1.9265216e+01         -inf  6.89329e+05  1.92652e+01  2.51144e+01
1.012207817e+01  1.6772246e+01         -inf  6.89329e+05  1.67722e+01  2.27931e+01
1.016256648e+01  1.4776187e+01         -inf  6.89329e+05  1.47762e+01  2.08484e+01
1.020321675e+01  1.2858414e+01         -inf  6.89329e+05  1.28584e+01  1.89368e+01
1.024402962e+01  1.1524591e+01         -inf  6.89329e+05  1.15246e+01  1.76536e+01
1.028500573e+01  1.0574551e+01         -inf  6.89329e+05  1.05746e+01  1.67625e+01
1.032614576e+01  9.7371977e+00         -inf  6.89329e+05  9.73720e+00  1.60363e+01
1.036745034e+01  8.9171239e+00         -inf  6.89329e+05  8.91712e+00  1.55734e+01
1.040892014e+01  8.3390500e+00         -inf  6.89329e+05  8.33905e+00  1.52329e+01
1.045055582e+01  8.5191426e+00         -inf  6.89329e+05  8.51914e+00  1.52944e+01
1.049235805e+01  8.3253472e+00         -inf  6.89329e+05  8.32535e+00  1.51968e+01
1.053432748e+01  8.2316626e+00         -inf  6.89329e+05  8.23166e+00  1.51798e+01
1.057646479e+01  8.1034214e+00         -inf  6.89329e+05  8.10342e+00  1.51580e+01
1.061877065e+01  7.9391157e+00         -inf  6.89329e+05  7.93912e+00  1.51271e+01
1.066124573e+01  7.7483088e+00         -inf  6.89329e+05  7.74831e+00  1.50950e+01
1.070389071e+01  7.5329404e+00         -inf  6.89329e+05  7.53294e+00  1.50547e+01
1.074670627e+01  7.3156333e+00         -inf  6.89329e+05  7.31563e+00  1.50151e+01
1.078969310e+01  7.1136054e+00         -inf  6.89329e+05  7.11361e+00  1.49822e+01
1.083285187e+01  6.9307605e+00         -inf  6.89329e+05  6.93076e+00  1.49573e+01
1.087618328e+01  6.7769145e+00         -inf  6.89329e+05  6.77691e+00  1.49438e+01
1.091968801e+01  6.6392304e+00         -inf  6.89329e+05  6.63923e+00  1.49319e+01
1.096336676e+01  6.5080042e+00         -inf  6.89329e+05  6.50800e+00  1.49275e+01
1.100722023e+01  6.3815084e+00         -inf  6.89329e+05  6.38151e+00  1.49240e+01
1.105124911e+01  6.2554455e+00         -inf  6.89329e+05  6.25545e+00  1.49220e+01
1.109545411e+01  6.1338545e+00         -inf  6.89329e+05  6.13385e+00  1.49227e+01
1.113983593e+01  6.0025016e+00         -inf  6.89329e+05  6.00250e+00  1.49169e+01
1.118439527e+01  5.8705242e+00         -inf  6.89329e+05  5.87052e+00  1.49127e+01
1.122913285e+01  5.7411585e+00         -inf  6.89329e+05  5.74116e+00  1.49110e+01
1.127404938e+01  5.6091104e+00         -inf  6.89329e+05  5.60911e+00  1.49076e+01
1.131914558e+01  5.4804419e+00         -inf  6.89329e+05  5.48044e+00  1.49079e+01
1.136442216e+01  5.3496269e+00         -inf  6.89329e+05  5.34963e+00  1.49075e+01
1.140987985e+01  5.2189598e+00         -inf  6.89329e+05  5.21896e+00  1.49082e+01
1.145551937e+01  5.0856601e+00         -inf  6.89329e+05  5.08566e+00  1.49076e+01
1.150134145e+01  4.9524002e+00         -inf  6.89329e+05  4.95240e+00  1.49081e+01
1.154734681e+01  4.8252083e+00         -inf  6.89329e+05  4.82521e+00  1.49125e+01
1.159353620e+01  4.6963855e+00         -inf  6.89329e+05  4.69639e+00  1.49177e+01
1.163991035e+01  4.5503279e+00         -inf  6.89329e+05  4.55033e+00  1.49128e+01
1.168646999e+01  4.4197543e+00         -inf  6.89329e+05  4.41975e+00  1.49194e+01
1.173321587e+01  4.2866067e+00         -inf  6.89329e+05  4.28661e+00  1.49242e+01
1.178014873e+01  4.1543368e+00         -inf  6.89329e+05  4.15434e+00  1.49310e+01
1.182726932e+01  4.0287426e+00         -inf  6.89329e+05  4.02874e+00  1.49442e+01
1.187457840e+01  3.8910085e+00         -inf  6.89329e+05  3.89101e+00  1.49480e+01
1.192207672e+01  3.7765666e+00         -inf  6.89329e+05  3.77657e+00  1.49751e+01
1.196976502e+01  3.6388501e+00         -inf  6.89329e+05  3.63885e+00  1.49792e+01
1.201764408e+01  3.5531322e+00         -inf  6.89329e+05  3.55313e+00  1.50295e+01
1.206571466e+01  3.6504794e+00         -inf  6.89329e+05  3.65048e+00  1.51123e+01
1.211397752e+01  3.3557168e+00         -inf  6.89329e+05  3.35572e+00  1.50789e+01
1.216243343e+01  3.3855947e+00         -inf  6.89329e+05  3.38559e+00  1.51927e+01
1.221108316e+01  3.3219365e+00         -inf  6.89329e+05  3.32194e+00  1.51892e+01
1.225992749e+01  3.4083818e+00         -inf  6.89329e+05  3.40838e+00  1.53185e+01
1.230896720e+01  3.4336986e+00         -inf  6.89329e+05  3.43370e+00  1.53842e+01
1.235820307e+01  3.4673720e+00         -inf  6.89329e+05  3.46737e+00  1.54669e+01
1.240763589e+01  3.5783623e+00         -inf  6.89329e+05  3.57836e+00  1.56471e+01
1.245726643e+01  3.4373682e+00         -inf  6.89329e+05  3.43737e+00  1.56098e+01
1.250709549e+01  3.5830571e+00         -inf  6.89329e+05  3.58306e+00  1.59137e+01
1.255712388e+01  3.2668920e+00         -inf  6.89329e+05  3.26689e+00  1.58073e+01
1.260735237e+01  5.4599375e+00         -inf  6.89329e+05  5.45994e+00  1.66635e+01
1.265778178e+01  4.3843306e+00         -inf  6.89329e+05  4.38433e+00  1.65962e+01
1.270841291e+01  3.1426423e+00         -inf  6.89329e+05  3.14264e+00  1.62427e+01
1.275924656e+01  3.6812186e+00         -inf  6.89329e+05  3.68122e+00  1.66982e+01
1.281028355e+01  3.6943339e+00         -inf  6.89329e+05  3.69433e+00  1.66346e+01
1.286152468e+01  4.2686156e+00         -inf  6.89329e+05  4.26862e+00  1.71529e+01
1.291297078e+01  4.1697946e+00         -inf  6.89329e+05  4.16979e+00  1.69500e+01
1.296462266e+01  5.9136011e+00         -inf  6.89329e+05  5.91360e+00  1.81619e+01
1.301648115e+01  5.2739326e+00         -inf  6.89329e+05  5.27393e+00  1.74493e+01
1.306854708e+01  6.3396584e+00         -inf  6.89329e+05  6.33966e+00  1.85028e+01
1.312082127e+01  6.3515714e+00         -inf  6.89329e+05  6.35157e+00  1.81340e+01
1.317330455e+01  7.3500661e+00         -inf  6.89329e+05  7.35007e+00  1.85049e+01
1.322599777e+01  9.4294817e+00         -inf  6.89329e+05  9.42948e+00  1.98596e+01
1.327890176e+01  9.0110906e+00         -inf  6.89329e+05  9.01109e+00  1.91063e+01
1.333201737e+01  1.1654535e+01         -inf  6.89329e+05  1.16545e+01  2.13034e+01
1.338534544e+01  1.0777133e+01         -inf  6.89329e+05  1.07771e+01  2.01155e+01
1.343888682e+01  1.3576804e+01         -inf  6.89329e+05  1.35768e+01  2.25123e+01
1.349264237e+01  1.8730373e+01         -inf  6.89329e+05  1.87304e+01  2.61606e+01
1.354661294e+01  1.5072544e+01         -inf  6.89329e+05  1.50725e+01  2.31685e+01
1.360079939e+01  1.6447416e+01         -inf  6.89329e+05  1.64474e+01  2.45378e+01
1.365520258e+01  1.5561463e+01         -inf  6.89329e+05  1.55615e+01  2.37038e+01
1.370982339e+01  1.6791207e+01         -inf  6.89329e+05  1.67912e+01  2.52111e+01
1.376466269e+01  1.4364911e+01         -inf  6.89329e+05  1.43649e+01  2.31906e+01
1.381972134e+01  1.7288661e+01         -inf  6.89329e+05  1.72887e+01  2.59216e+01
1.387500022e+01  2.9160455e+01         -inf  6.89329e+05  2.91605e+01  3.57915e+01
1.393050023e+01  2.0178563e+01         -inf  6.89329e+05  2.01786e+01  2.78023e+01
1.398622223e+01  1.8333306e+01         -inf  6.89329e+05  1.83333e+01  2.62943e+01
1.404216712e+01  2.0108087e+01         -inf  6.89329e+05  2.01081e+01  2.75939e+01
1.409833578e+01  2.0857503e+01         -inf  6.89329e+05  2.08575e+01  2.81328e+01
1.415472913e+01  2.2174093e+01         -inf  6.89329e+05  2.21741e+01  2.90145e+01
1.421134804e+01  2.5007972e+01         -inf  6.89329e+05  2.50080e+01  3.15291e+01
1.426819344e+01  2.5986246e+01         -inf  6.89329e+05  2.59862e+01  3.22691e+01
1.432526621e+01  2.6818878e+01         -inf  6.89329e+05  2.68189e+01  3.30218e+01
1.438256727e+01  2.9246057e+01         -inf  6.89329e+05  2.92461e+01  3.54291e+01
1.444009754e+01  3.0434764e+01         -inf  6.89329e+05  3.04348e+01  3.68457e+01
1.449785793e+01  3.0786050e+01         -inf  6.89329e+05  3.07860e+01  3.70966e+01
1.455584937e+01  3.1428140e+01         -inf  6.89329e+05  3.14281e+01  3.80815e+01
1.461407276e+01  3.2801001e+01         -inf  6.89329e+05  3.28010e+01  3.98578e+01
1.467252905e+01  3.2425582e+01         -inf  6.89329e+05  3.24256e+01  3.95275e+01
1.473121917e+01  3.2387583e+01         -inf  6.89329e+05  3.23876e+01  3.96026e+01
1.479014405e+01  3.3218644e+01         -inf  6.89329e+05  3.32186e+01  4.08199e+01
1.484930462e+01  3.2964180e+01         -inf  6.89329e+05  3.29642e+01  4.05723e+01
1.490870184e+01  3.4543166e+01         -inf  6.89329e+05  3.45432e+01  4.25227e+01
1.496833665e+01  4.6172732e+01         -inf  6.89329e+05  4.61727e+01  5.79391e+01
1.502821000e+01  3.4330225e+01         -inf  6.89329e+05  3.43302e+01  4.23178e+01
1.508832284e+01  3.5149827e+01         -inf  6.89329e+05  3.51498e+01  4.36530e+01
1.514867613e+01  3.1949734e+01         -inf  6.89329e+05  3.19497e+01  3.99510e+01
1.520927083e+01  3.0836872e+01         -inf  6.89329e+05  3.08369e+01  3.85304e+01
1.527010791e+01  3.1486647e+01         -inf  6.89329e+05  3.14866e+01  3.95849e+01
1.533118835e+01  3.2209364e+01         -inf  6.89329e+05  3.22094e+01  4.05414e+01
1.539251310e+01  3.4314867e+01         -inf  6.89329e+05  3.43149e+01  4.32437e+01
1.545408315e+01  3.0337901e+01         -inf  6.89329e+05  3.03379e+01  3.85992e+01
1.551589948e+01  2.9827868e+01         -inf  6.89329e+05  2.98279e+01  3.79792e+01
1.557796308e+01  2.7918860e+01         -inf  6.89329e+05  2.79189e+01  3.60385e+01
1.564027493e+01  2.5931159e+01         -inf  6.89329e+05  2.59312e+01  3.40196e+01
1.570283603e+01  2.5972065e+01         -inf  6.89329e+05  2.59721e+01  3.43736e+01
1.576564738e+01  2.4340293e+01         -inf  6.89329e+05  2.43403e+01  3.29427e+01
1.582870997e+01  2.2182375e+01         -inf  6.89329e+05  2.21824e+01  3.12981e+01
1.589202481e+01  2.0561587e+01         -inf  6.89329e+05  2.05616e+01  3.00641e+01
1.595559291e+01  1.6957497e+01         -inf  6.89329e+05  1.69575e+01  2.74224e+01
1.601941528e+01  1.6434803e+01         -inf  6.89329e+05  1.64348e+01  2.73001e+01
1.608349294e+01  1.1168182e+01         -inf  6.89329e+05  1.11682e+01  2.37737e+01
1.614782691e+01  1.4022269e+01         -inf  6.89329e+05  1.40223e+01  2.59888e+01
1.621241822e+01  2.3697336e+01         -inf  6.89329e+05  2.36973e+01  3.42980e+01
1.627726789e+01  1.1119822e+01         -inf  6.89329e+05  1.11198e+01  2.41310e+01
1.634237696e+01  8.3073093e+00         -inf  6.89329e+05  8.30731e+00  2.22118e+01
1.640774647e+01  1.0255248e+01         -inf  6.89329e+05  1.02552e+01  2.36435e+01
1.647337746e+01  9.6192573e+00         -inf  6.89329e+05  9.61926e+00  2.35595e+01
1.653927097e+01  7.9238012e+00         -inf  6.89329e+05  7.92380e+00  2.22733e+01
1.660542805e+01  6.7737465e+00         -inf  6.89329e+05  6.77375e+00  2.16561e+01
1.667184976e+01  5.6959489e+00         -inf  6.89329e+05  5.69595e+00  2.12917e+01
1.673853716e+01  1.1700777e+01         -inf  6.89329e+05  1.17008e+01  2.58073e+01
1.680549131e+01  4.7205901e+00         -inf  6.89329e+05  4.72059e+00  2.12348e+01
1.687271328e+01  2.8374634e+00         -inf  6.89329e+05  2.83746e+00  1.99946e+01
1.694020413e+01  2.7508936e+00         -inf  6.89329e+05  2.75089e+00  2.05387e+01
1.700796495e+01  1.0898074e+00         -inf  6.89329e+05  1.08981e+00  1.93519e+01
1.707599681e+01 -2.1776818e+00         -inf  6.89329e+05 -2.17768e+00  1.78646e+01
1.714430079e+01 -2.5003770e+00         -inf  6.89329e+05 -2.50038e+00  1.78697e+01
1.721287800e+01 -3.7792696e+00         -inf  6.89329e+05 -3.77927e+00  1.73991e+01
1.728172951e+01 -5.1173804e+00         -inf  6.89329e+05 -5.11738e+00  1.70012e+01
1.735085643e+01 -5.2916398e+00         -inf  6.89329e+05 -5.29164e+00  1.71110e+01
1.742025985e+01 -7.5781033e+00         -inf  6.89329e+05 -7.57810e+00  1.62347e+01
1.748994089e+01 -7.3659563e+00         -inf  6.89329e+05 -7.36596e+00  1.63808e+01
1.755990065e+01 -8.4031958e+00         -inf  6.89329e+05 -8.40320e+00  1.61041e+01
1.763014026e+01 -9.2540491e+00         -inf  6.89329e+05 -9.25405e+00  1.57574e+01
1.770066082e+01 -9.6588476e+00         -inf  6.89329e+05 -9.65885e+00  1.56825e+01
1.777146346e+01 -1.0093829e+01         -inf  6.89329e+05 -1.00938e+01  1.56175e+01
1.784254932e+01 -1.0883522e+01         -inf  6.89329e+05 -1.08835e+01  1.53807e+01
1.791391951e+01 -1.1095931e+01         -inf  6.89329e+05 -1.10959e+01  1.52898e+01
1.798557519e+01 -1.1490005e+01         -inf  6.89329e+05 -1.14900e+01  1.52079e+01
1.805751749e+01 -1.1882715e+01         -inf  6.89329e+05 -1.18827e+01  1.51066e+01
1.812974756e+01 -1.2009200e+01         -inf  6.89329e+05 -1.20092e+01  1.51302e+01
1.820226655e+01 -1.2431131e+01         -inf  6.89329e+05 -1.24311e+01  1.50151e+01
1.827507562e+01 -1.2053274e+01         -inf  6.89329e+05 -1.20533e+01  1.52009e+01
1.834817592e+01 -8.5602844e+00         -inf  6.89329e+05 -8.56028e+00  1.68299e+01
1.842156862e+01 -1.3032828e+01         -inf  6.89329e+05 -1.30328e+01  1.49543e+01
1.849525490e+01 -1.3278649e+01         -inf  6.89329e+05 -1.32786e+01  1.49520e+01
1.856923592e+01 -1.3259793e+01         -inf  6.89329e+05 -1.32598e+01  1.50344e+01
1.864351286e+01 -1.3400973e+01         -inf  6.89329e+05 -1.34010e+01  1.50495e+01
1.871808691e+01 -1.3557643e+01         -inf  6.89329e+05 -1.35576e+01  1.50596e+01
1.879295926e+01 -1.3755842e+01         -inf  6.89329e+05 -1.37558e+01  1.50329e+01
1.886813110e+01 -1.4083773e+01         -inf  6.89329e+05 -1.40838e+01  1.49712e+01
1.894360362e+01 -1.4076837e+01         -inf  6.89329e+05 -1.40768e+01  1.50522e+01
1.901937804e+01 -1.4372659e+01         -inf  6.89329e+05 -1.43727e+01  1.50056e+01
1.909545555e+01 -1.4644453e+01         -inf  6.89329e+05 -1.46445e+01  1.49564e+01
1.917183737e+01 -1.4761610e+01         -inf  6.89329e+05 -1.47616e+01  1.49960e+01
1.924852472e+01 -1.5060217e+01         -inf  6.89329e+05 -1.50602e+01  1.49415e+01
1.932551882e+01 -1.5201750e+01         -inf  6.89329e+05 -1.52018e+01  1.49598e+01
1.940282089e+01 -1.5424195e+01         -inf  6.89329e+05 -1.54242e+01  1.49420e+01
1.948043218e+01 -1.5631572e+01         -inf  6.89329e+05 -1.56316e+01  1.49302e+01
1.955835391e+01 -1.5800438e+01         -inf  6.89329e+05 -1.58004e+01  1.49359e+01
1.963658732e+01 -1.5958489e+01         -inf  6.89329e+05 -1.59585e+01  1.49437e+01
1.971513367e+01 -1.6166683e+01         -inf  6.89329e+05 -1.61667e+01  1.49337e+01
1.979399421e+01 -1.6368336e+01         -inf  6.89329e+05 -1.63683e+01  1.49249e+01
1.987317018e+01 -1.6549763e+01         -inf  6.89329e+05 -1.65498e+01  1.49249e+01
1.995266286e+01 -1.6729594e+01         -inf  6.89329e+05 -1.67296e+01  1.49260e+01
