# WARNING | GENERATOR | Too many electrons per pixel (up to 9.04e+13) detected in the 1.54-19.95 um spectral range. Reduce exposure time per frame to less than 0.000 seconds.
# ------------------------------------------------------------------------
# Radiance spectrum
# NASA-GSFC Planetary Spectrum Generator (PSG) (Villanueva et al. 2018, 2022)
# Synthesized on Tue Oct  6 07:34:29 2026
# Doppler velocities [km/s] (vobs,vrot+vorb,vwidth,vrfl,vstr): 29.00000,-0.00000,0.00000,0.00000,-0.00000
# ------------------------------------------------------------------------
# Spectra synthesized with the Planetary and Universal Model of Atmospheric Scattering (PUMAS, Villanueva et al. 2018, 2022)
# Single scattering radiative transfer method
# Radiative transfer took 6.062 seconds
# ------------------------------------------------------------------------
# Spectral unit: Wavelength [um]
# Radiance unit: Contrast [transit atmospheric thickness, km]
# Wave/freq Total Noise Stellar Earth Transit
2.000000000e-01  6.5655961e+01         -inf  6.89329e+05  6.56560e+01  6.56560e+01
2.008000000e-01  6.5209668e+01         -inf  6.89329e+05  6.52097e+01  6.52097e+01
2.016032000e-01  6.4955490e+01         -inf  6.89329e+05  6.49555e+01  6.49555e+01
2.024096128e-01  6.4930673e+01         -inf  6.89329e+05  6.49307e+01  6.49307e+01
2.032192513e-01  6.4863366e+01         -inf  6.89329e+05  6.48634e+01  6.48634e+01
2.040321283e-01  6.4688892e+01         -inf  6.89329e+05  6.46889e+01  6.46889e+01
2.048482568e-01  6.4558410e+01         -inf  6.89329e+05  6.45584e+01  6.45584e+01
2.056676498e-01  6.4482074e+01         -inf  6.89329e+05  6.44821e+01  6.44821e+01
2.064903204e-01  6.4439958e+01         -inf  6.89329e+05  6.44400e+01  6.44400e+01
2.073162817e-01  6.4392952e+01         -inf  6.89329e+05  6.43930e+01  6.43930e+01
2.081455468e-01  6.4355348e+01         -inf  6.89329e+05  6.43553e+01  6.43553e+01
2.089781290e-01  6.4286155e+01         -inf  6.89329e+05  6.42862e+01  6.42862e+01
2.098140415e-01  6.4245917e+01         -inf  6.89329e+05  6.42459e+01  6.42459e+01
2.106532977e-01  6.4013136e+01         -inf  6.89329e+05  6.40131e+01  6.40131e+01
2.114959109e-01  6.3696104e+01         -inf  6.89329e+05  6.36961e+01  6.36961e+01
2.123418945e-01  6.3467065e+01         -inf  6.89329e+05  6.34671e+01  6.34671e+01
2.131912621e-01  6.3287663e+01         -inf  6.89329e+05  6.32877e+01  6.32877e+01
2.140440271e-01  6.2942386e+01         -inf  6.89329e+05  6.29424e+01  6.29424e+01
2.149002032e-01  6.3160913e+01         -inf  6.89329e+05  6.31609e+01  6.31609e+01
2.157598041e-01  6.3388460e+01         -inf  6.89329e+05  6.33885e+01  6.33885e+01
2.166228433e-01  6.3604715e+01         -inf  6.89329e+05  6.36047e+01  6.36047e+01
2.174893346e-01  6.3839015e+01         -inf  6.89329e+05  6.38390e+01  6.38390e+01
2.183592920e-01  6.4072931e+01         -inf  6.89329e+05  6.40729e+01  6.40729e+01
2.192327292e-01  6.4333537e+01         -inf  6.89329e+05  6.43335e+01  6.43335e+01
2.201096601e-01  6.4617823e+01         -inf  6.89329e+05  6.46178e+01  6.46178e+01
2.209900987e-01  6.4879535e+01         -inf  6.89329e+05  6.48795e+01  6.48795e+01
2.218740591e-01  6.5174325e+01         -inf  6.89329e+05  6.51743e+01  6.51743e+01
2.227615553e-01  6.5462333e+01         -inf  6.89329e+05  6.54623e+01  6.54623e+01
2.236526016e-01  6.5733034e+01         -inf  6.89329e+05  6.57330e+01  6.57330e+01
2.245472120e-01  6.6028913e+01         -inf  6.89329e+05  6.60289e+01  6.60289e+01
2.254454008e-01  6.6281169e+01         -inf  6.89329e+05  6.62812e+01  6.62812e+01
2.263471824e-01  6.6571384e+01         -inf  6.89329e+05  6.65714e+01  6.65714e+01
2.272525711e-01  6.6834896e+01         -inf  6.89329e+05  6.68349e+01  6.68349e+01
2.281615814e-01  6.7111930e+01         -inf  6.89329e+05  6.71119e+01  6.71119e+01
2.290742278e-01  6.7407745e+01         -inf  6.89329e+05  6.74077e+01  6.74077e+01
2.299905247e-01  6.7651303e+01         -inf  6.89329e+05  6.76513e+01  6.76513e+01
2.309104868e-01  6.7940328e+01         -inf  6.89329e+05  6.79403e+01  6.79403e+01
2.318341287e-01  6.8181611e+01         -inf  6.89329e+05  6.81816e+01  6.81816e+01
2.327614652e-01  6.8461593e+01         -inf  6.89329e+05  6.84616e+01  6.84616e+01
2.336925111e-01  6.8684818e+01         -inf  6.89329e+05  6.86848e+01  6.86848e+01
2.346272811e-01  6.8941856e+01         -inf  6.89329e+05  6.89419e+01  6.89419e+01
2.355657903e-01  6.9153416e+01         -inf  6.89329e+05  6.91534e+01  6.91534e+01
2.365080534e-01  6.9369102e+01         -inf  6.89329e+05  6.93691e+01  6.93691e+01
2.374540856e-01  6.9591544e+01         -inf  6.89329e+05  6.95915e+01  6.95915e+01
2.384039020e-01  6.9780539e+01         -inf  6.89329e+05  6.97805e+01  6.97805e+01
2.393575176e-01  6.9960511e+01         -inf  6.89329e+05  6.99605e+01  6.99605e+01
2.403149477e-01  7.0154755e+01         -inf  6.89329e+05  7.01548e+01  7.01548e+01
2.412762074e-01  7.0301279e+01         -inf  6.89329e+05  7.03013e+01  7.03013e+01
2.422413123e-01  7.0463579e+01         -inf  6.89329e+05  7.04636e+01  7.04636e+01
2.432102775e-01  7.0696127e+01         -inf  6.89329e+05  7.06961e+01  7.06961e+01
2.441831186e-01  7.0809956e+01         -inf  6.89329e+05  7.08100e+01  7.08100e+01
2.451598511e-01  7.0946698e+01         -inf  6.89329e+05  7.09467e+01  7.09467e+01
2.461404905e-01  7.1033100e+01         -inf  6.89329e+05  7.10331e+01  7.10331e+01
2.471250525e-01  7.1174721e+01         -inf  6.89329e+05  7.11747e+01  7.11747e+01
2.481135527e-01  7.1154436e+01         -inf  6.89329e+05  7.11544e+01  7.11544e+01
2.491060069e-01  7.1383954e+01         -inf  6.89329e+05  7.13840e+01  7.13840e+01
2.501024309e-01  7.1350522e+01         -inf  6.89329e+05  7.13505e+01  7.13505e+01
2.511028406e-01  7.1306948e+01         -inf  6.89329e+05  7.13069e+01  7.13069e+01
2.521072520e-01  7.1528196e+01         -inf  6.89329e+05  7.15282e+01  7.15282e+01
2.531156810e-01  7.1426400e+01         -inf  6.89329e+05  7.14264e+01  7.14264e+01
2.541281437e-01  7.1421893e+01         -inf  6.89329e+05  7.14219e+01  7.14219e+01
2.551446563e-01  7.1479365e+01         -inf  6.89329e+05  7.14794e+01  7.14794e+01
2.561652349e-01  7.1455700e+01         -inf  6.89329e+05  7.14557e+01  7.14557e+01
2.571898959e-01  7.1338126e+01         -inf  6.89329e+05  7.13381e+01  7.13381e+01
2.582186555e-01  7.1354654e+01         -inf  6.89329e+05  7.13547e+01  7.13547e+01
2.592515301e-01  7.1299059e+01         -inf  6.89329e+05  7.12991e+01  7.12991e+01
2.602885362e-01  7.1211910e+01         -inf  6.89329e+05  7.12119e+01  7.12119e+01
2.613296904e-01  7.1100342e+01         -inf  6.89329e+05  7.11003e+01  7.11003e+01
2.623750091e-01  7.1009809e+01         -inf  6.89329e+05  7.10098e+01  7.10098e+01
2.634245092e-01  7.0806199e+01         -inf  6.89329e+05  7.08062e+01  7.08062e+01
2.644782072e-01  7.0800564e+01         -inf  6.89329e+05  7.08006e+01  7.08006e+01
2.655361200e-01  7.0566142e+01         -inf  6.89329e+05  7.05661e+01  7.05661e+01
2.665982645e-01  7.0374916e+01         -inf  6.89329e+05  7.03749e+01  7.03749e+01
2.676646576e-01  7.0210359e+01         -inf  6.89329e+05  7.02104e+01  7.02104e+01
2.687353162e-01  6.9907159e+01         -inf  6.89329e+05  6.99072e+01  6.99072e+01
2.698102574e-01  6.9801204e+01         -inf  6.89329e+05  6.98012e+01  6.98012e+01
2.708894985e-01  6.9428095e+01         -inf  6.89329e+05  6.94281e+01  6.94281e+01
2.719730565e-01  6.9222932e+01         -inf  6.89329e+05  6.92229e+01  6.92229e+01
2.730609487e-01  6.8929079e+01         -inf  6.89329e+05  6.89291e+01  6.89291e+01
2.741531925e-01  6.8483765e+01         -inf  6.89329e+05  6.84838e+01  6.84838e+01
2.752498053e-01  6.8233474e+01         -inf  6.89329e+05  6.82335e+01  6.82335e+01
2.763508045e-01  6.7845616e+01         -inf  6.89329e+05  6.78456e+01  6.78456e+01
2.774562077e-01  6.7454728e+01         -inf  6.89329e+05  6.74547e+01  6.74547e+01
2.785660325e-01  6.7023596e+01         -inf  6.89329e+05  6.70236e+01  6.70236e+01
2.796802967e-01  6.6611983e+01         -inf  6.89329e+05  6.66120e+01  6.66120e+01
2.807990178e-01  6.6066883e+01         -inf  6.89329e+05  6.60669e+01  6.60669e+01
2.819222139e-01  6.5529258e+01         -inf  6.89329e+05  6.55293e+01  6.55293e+01
2.830499028e-01  6.5106645e+01         -inf  6.89329e+05  6.51066e+01  6.51066e+01
2.841821024e-01  6.4479442e+01         -inf  6.89329e+05  6.44794e+01  6.44794e+01
2.853188308e-01  6.3877375e+01         -inf  6.89329e+05  6.38774e+01  6.38774e+01
2.864601061e-01  6.3321137e+01         -inf  6.89329e+05  6.33211e+01  6.33211e+01
2.876059465e-01  6.2627558e+01         -inf  6.89329e+05  6.26276e+01  6.26276e+01
2.887563703e-01  6.1886505e+01         -inf  6.89329e+05  6.18865e+01  6.18865e+01
2.899113958e-01  6.1194277e+01         -inf  6.89329e+05  6.11943e+01  6.11943e+01
2.910710414e-01  6.0489934e+01         -inf  6.89329e+05  6.04899e+01  6.04899e+01
2.922353256e-01  5.9640254e+01         -inf  6.89329e+05  5.96403e+01  5.96403e+01
2.934042669e-01  5.8862349e+01         -inf  6.89329e+05  5.88623e+01  5.88623e+01
2.945778839e-01  5.8109194e+01         -inf  6.89329e+05  5.81092e+01  5.81092e+01
2.957561955e-01  5.7216659e+01         -inf  6.89329e+05  5.72167e+01  5.72167e+01
2.969392202e-01  5.6403446e+01         -inf  6.89329e+05  5.64034e+01  5.64034e+01
2.981269771e-01  5.5502767e+01         -inf  6.89329e+05  5.55028e+01  5.55028e+01
2.993194850e-01  5.4688959e+01         -inf  6.89329e+05  5.46890e+01  5.46890e+01
3.005167630e-01  5.3838889e+01         -inf  6.89329e+05  5.38389e+01  5.38389e+01
3.017188300e-01  5.2920899e+01         -inf  6.89329e+05  5.29209e+01  5.29209e+01
3.029257054e-01  5.2061176e+01         -inf  6.89329e+05  5.20612e+01  5.20612e+01
3.041374082e-01  5.1297425e+01         -inf  6.89329e+05  5.12974e+01  5.12974e+01
3.053539578e-01  5.0289377e+01         -inf  6.89329e+05  5.02894e+01  5.02894e+01
3.065753736e-01  4.9607582e+01         -inf  6.89329e+05  4.96076e+01  4.96076e+01
3.078016751e-01  4.8563079e+01         -inf  6.89329e+05  4.85631e+01  4.85631e+01
3.090328818e-01  4.7892789e+01         -inf  6.89329e+05  4.78928e+01  4.78928e+01
3.102690134e-01  4.6835186e+01         -inf  6.89329e+05  4.68352e+01  4.68352e+01
3.115100894e-01  4.6199787e+01         -inf  6.89329e+05  4.61998e+01  4.61998e+01
3.127561298e-01  4.5099284e+01         -inf  6.89329e+05  4.50993e+01  4.50993e+01
3.140071543e-01  4.4540287e+01         -inf  6.89329e+05  4.45403e+01  4.45403e+01
3.152631829e-01  4.3534949e+01         -inf  6.89329e+05  4.35349e+01  4.35349e+01
3.165242356e-01  4.2570959e+01         -inf  6.89329e+05  4.25710e+01  4.25710e+01
3.177903326e-01  4.2151739e+01         -inf  6.89329e+05  4.21517e+01  4.21517e+01
3.190614939e-01  4.0700293e+01         -inf  6.89329e+05  4.07003e+01  4.07003e+01
3.203377399e-01  4.0571587e+01         -inf  6.89329e+05  4.05716e+01  4.05716e+01
3.216190908e-01  3.9001616e+01         -inf  6.89329e+05  3.90016e+01  3.90016e+01
3.229055672e-01  3.9183207e+01         -inf  6.89329e+05  3.91832e+01  3.91832e+01
3.241971895e-01  3.6976960e+01         -inf  6.89329e+05  3.69770e+01  3.69770e+01
3.254939782e-01  3.7876844e+01         -inf  6.89329e+05  3.78768e+01  3.78768e+01
3.267959541e-01  3.5518260e+01         -inf  6.89329e+05  3.55183e+01  3.55183e+01
3.281031380e-01  3.6486785e+01         -inf  6.89329e+05  3.64868e+01  3.64868e+01
3.294155505e-01  3.3947579e+01         -inf  6.89329e+05  3.39476e+01  3.39476e+01
3.307332127e-01  3.4984945e+01         -inf  6.89329e+05  3.49849e+01  3.49849e+01
3.320561456e-01  3.3575442e+01         -inf  6.89329e+05  3.35754e+01  3.35754e+01
3.333843702e-01  3.3354053e+01         -inf  6.89329e+05  3.33541e+01  3.33541e+01
3.347179076e-01  3.2758546e+01         -inf  6.89329e+05  3.27585e+01  3.27585e+01
3.360567793e-01  3.1803630e+01         -inf  6.89329e+05  3.18036e+01  3.18036e+01
3.374010064e-01  3.2613921e+01         -inf  6.89329e+05  3.26139e+01  3.26139e+01
3.387506104e-01  3.1282517e+01         -inf  6.89329e+05  3.12825e+01  3.12825e+01
3.401056128e-01  3.1468674e+01         -inf  6.89329e+05  3.14687e+01  3.14687e+01
3.414660353e-01  3.0779092e+01         -inf  6.89329e+05  3.07791e+01  3.07791e+01
3.428318994e-01  3.0530086e+01         -inf  6.89329e+05  3.05301e+01  3.05301e+01
3.442032270e-01  3.0877111e+01         -inf  6.89329e+05  3.08771e+01  3.08771e+01
3.455800399e-01  3.0281827e+01         -inf  6.89329e+05  3.02818e+01  3.02818e+01
3.469623601e-01  3.0099907e+01         -inf  6.89329e+05  3.00999e+01  3.00999e+01
3.483502095e-01  2.9890308e+01         -inf  6.89329e+05  2.98903e+01  2.98903e+01
3.497436104e-01  2.9724181e+01         -inf  6.89329e+05  2.97242e+01  2.97242e+01
3.511425848e-01  2.9710797e+01         -inf  6.89329e+05  2.97108e+01  2.97108e+01
3.525471552e-01  2.9568372e+01         -inf  6.89329e+05  2.95684e+01  2.95684e+01
3.539573438e-01  2.9349265e+01         -inf  6.89329e+05  2.93493e+01  2.93493e+01
3.553731732e-01  2.9238102e+01         -inf  6.89329e+05  2.92381e+01  2.92381e+01
3.567946659e-01  2.9123534e+01         -inf  6.89329e+05  2.91235e+01  2.91235e+01
3.582218445e-01  2.9006543e+01         -inf  6.89329e+05  2.90065e+01  2.90065e+01
3.596547319e-01  2.8925246e+01         -inf  6.89329e+05  2.89252e+01  2.89252e+01
3.610933508e-01  2.8799215e+01         -inf  6.89329e+05  2.87992e+01  2.87992e+01
3.625377242e-01  2.8672916e+01         -inf  6.89329e+05  2.86729e+01  2.86729e+01
3.639878751e-01  2.8564880e+01         -inf  6.89329e+05  2.85649e+01  2.85649e+01
3.654438266e-01  2.8466787e+01         -inf  6.89329e+05  2.84668e+01  2.84668e+01
3.669056019e-01  2.8354361e+01         -inf  6.89329e+05  2.83544e+01  2.83544e+01
3.683732243e-01  2.8252143e+01         -inf  6.89329e+05  2.82521e+01  2.82521e+01
3.698467172e-01  2.8146822e+01         -inf  6.89329e+05  2.81468e+01  2.81468e+01
3.713261041e-01  2.8041311e+01         -inf  6.89329e+05  2.80413e+01  2.80413e+01
3.728114085e-01  2.7937235e+01         -inf  6.89329e+05  2.79372e+01  2.79372e+01
3.743026542e-01  2.7836750e+01         -inf  6.89329e+05  2.78367e+01  2.78367e+01
3.757998648e-01  2.7732708e+01         -inf  6.89329e+05  2.77327e+01  2.77327e+01
3.773030642e-01  2.7630896e+01         -inf  6.89329e+05  2.76309e+01  2.76309e+01
3.788122765e-01  2.7530898e+01         -inf  6.89329e+05  2.75309e+01  2.75309e+01
3.803275256e-01  2.7432033e+01         -inf  6.89329e+05  2.74320e+01  2.74320e+01
3.818488357e-01  2.7329384e+01         -inf  6.89329e+05  2.73294e+01  2.73294e+01
3.833762310e-01  2.7226166e+01         -inf  6.89329e+05  2.72262e+01  2.72262e+01
3.849097360e-01  2.7123628e+01         -inf  6.89329e+05  2.71236e+01  2.71236e+01
3.864493749e-01  2.7023017e+01         -inf  6.89329e+05  2.70230e+01  2.70230e+01
3.879951724e-01  2.6923690e+01         -inf  6.89329e+05  2.69237e+01  2.69237e+01
3.895471531e-01  2.6824815e+01         -inf  6.89329e+05  2.68248e+01  2.68248e+01
3.911053417e-01  2.6724616e+01         -inf  6.89329e+05  2.67246e+01  2.67246e+01
3.926697631e-01  2.6626078e+01         -inf  6.89329e+05  2.66261e+01  2.66261e+01
3.942404421e-01  2.6529280e+01         -inf  6.89329e+05  2.65293e+01  2.65293e+01
3.958174039e-01  2.6432442e+01         -inf  6.89329e+05  2.64324e+01  2.64324e+01
3.974006735e-01  2.6332274e+01         -inf  6.89329e+05  2.63323e+01  2.63323e+01
3.989902762e-01  2.6233655e+01         -inf  6.89329e+05  2.62337e+01  2.62337e+01
4.005862373e-01  2.6138515e+01         -inf  6.89329e+05  2.61385e+01  2.61385e+01
4.021885823e-01  2.6044660e+01         -inf  6.89329e+05  2.60447e+01  2.60447e+01
4.037973366e-01  2.5947437e+01         -inf  6.89329e+05  2.59474e+01  2.59474e+01
4.054125259e-01  2.5849833e+01         -inf  6.89329e+05  2.58498e+01  2.58498e+01
4.070341760e-01  2.5758963e+01         -inf  6.89329e+05  2.57590e+01  2.57590e+01
4.086623127e-01  2.5672404e+01         -inf  6.89329e+05  2.56724e+01  2.56724e+01
4.102969620e-01  2.5580622e+01         -inf  6.89329e+05  2.55806e+01  2.55806e+01
4.119381498e-01  2.5481878e+01         -inf  6.89329e+05  2.54819e+01  2.54819e+01
4.135859024e-01  2.5383436e+01         -inf  6.89329e+05  2.53834e+01  2.53834e+01
4.152402460e-01  2.5295283e+01         -inf  6.89329e+05  2.52953e+01  2.52953e+01
4.169012070e-01  2.5212160e+01         -inf  6.89329e+05  2.52122e+01  2.52122e+01
4.185688119e-01  2.5120032e+01         -inf  6.89329e+05  2.51200e+01  2.51200e+01
4.202430871e-01  2.5025102e+01         -inf  6.89329e+05  2.50251e+01  2.50251e+01
4.219240595e-01  2.4945609e+01         -inf  6.89329e+05  2.49456e+01  2.49456e+01
4.236117557e-01  2.4880000e+01         -inf  6.89329e+05  2.48800e+01  2.48800e+01
4.253062027e-01  2.4810229e+01         -inf  6.89329e+05  2.48102e+01  2.48102e+01
4.270074275e-01  2.4715900e+01         -inf  6.89329e+05  2.47159e+01  2.47159e+01
4.287154572e-01  2.4609575e+01         -inf  6.89329e+05  2.46096e+01  2.46096e+01
4.304303191e-01  2.4520957e+01         -inf  6.89329e+05  2.45210e+01  2.45210e+01
4.321520403e-01  2.4458750e+01         -inf  6.89329e+05  2.44587e+01  2.44587e+01
4.338806485e-01  2.4384130e+01         -inf  6.89329e+05  2.43841e+01  2.43841e+01
4.356161711e-01  2.4288509e+01         -inf  6.89329e+05  2.42885e+01  2.42885e+01
4.373586358e-01  2.4212260e+01         -inf  6.89329e+05  2.42123e+01  2.42123e+01
4.391080703e-01  2.4180058e+01         -inf  6.89329e+05  2.41801e+01  2.41801e+01
4.408645026e-01  2.4165565e+01         -inf  6.89329e+05  2.41656e+01  2.41656e+01
4.426279606e-01  2.4127496e+01         -inf  6.89329e+05  2.41275e+01  2.41275e+01
4.443984725e-01  2.4026838e+01         -inf  6.89329e+05  2.40268e+01  2.40268e+01
4.461760664e-01  2.3899083e+01         -inf  6.89329e+05  2.38991e+01  2.38991e+01
4.479607706e-01  2.3817494e+01         -inf  6.89329e+05  2.38175e+01  2.38175e+01
4.497526137e-01  2.3793766e+01         -inf  6.89329e+05  2.37938e+01  2.37938e+01
4.515516242e-01  2.3740369e+01         -inf  6.89329e+05  2.37404e+01  2.37404e+01
4.533578307e-01  2.3644171e+01         -inf  6.89329e+05  2.36442e+01  2.36442e+01
4.551712620e-01  2.3587745e+01         -inf  6.89329e+05  2.35877e+01  2.35877e+01
4.569919470e-01  2.3616014e+01         -inf  6.89329e+05  2.36160e+01  2.36160e+01
4.588199148e-01  2.3688297e+01         -inf  6.89329e+05  2.36883e+01  2.36883e+01
4.606551945e-01  2.3747408e+01         -inf  6.89329e+05  2.37474e+01  2.37474e+01
4.624978152e-01  2.3696811e+01         -inf  6.89329e+05  2.36968e+01  2.36968e+01
4.643478065e-01  2.3530789e+01         -inf  6.89329e+05  2.35308e+01  2.35308e+01
4.662051977e-01  2.3389134e+01         -inf  6.89329e+05  2.33891e+01  2.33891e+01
4.680700185e-01  2.3376153e+01         -inf  6.89329e+05  2.33762e+01  2.33762e+01
4.699422986e-01  2.3398785e+01         -inf  6.89329e+05  2.33988e+01  2.33988e+01
4.718220678e-01  2.3343947e+01         -inf  6.89329e+05  2.33439e+01  2.33439e+01
4.737093561e-01  2.3289827e+01         -inf  6.89329e+05  2.32898e+01  2.32898e+01
4.756041935e-01  2.3348412e+01         -inf  6.89329e+05  2.33484e+01  2.33484e+01
4.775066103e-01  2.3524015e+01         -inf  6.89329e+05  2.35240e+01  2.35240e+01
4.794166367e-01  2.3727503e+01         -inf  6.89329e+05  2.37275e+01  2.37275e+01
4.813343033e-01  2.3891363e+01         -inf  6.89329e+05  2.38914e+01  2.38914e+01
4.832596405e-01  2.3868620e+01         -inf  6.89329e+05  2.38686e+01  2.38686e+01
4.851926790e-01  2.3676111e+01         -inf  6.89329e+05  2.36761e+01  2.36761e+01
4.871334497e-01  2.3505016e+01         -inf  6.89329e+05  2.35050e+01  2.35050e+01
4.890819835e-01  2.3497977e+01         -inf  6.89329e+05  2.34980e+01  2.34980e+01
4.910383115e-01  2.3568104e+01         -inf  6.89329e+05  2.35681e+01  2.35681e+01
4.930024647e-01  2.3567347e+01         -inf  6.89329e+05  2.35673e+01  2.35673e+01
4.949744746e-01  2.3546343e+01         -inf  6.89329e+05  2.35463e+01  2.35463e+01
4.969543725e-01  2.3639932e+01         -inf  6.89329e+05  2.36399e+01  2.36399e+01
4.989421900e-01  2.3893293e+01         -inf  6.89329e+05  2.38933e+01  2.38933e+01
5.009379587e-01  2.4243289e+01         -inf  6.89329e+05  2.42433e+01  2.42433e+01
5.029417106e-01  2.4597126e+01         -inf  6.89329e+05  2.45971e+01  2.45971e+01
5.049534774e-01  2.4808185e+01         -inf  6.89329e+05  2.48082e+01  2.48082e+01
5.069732913e-01  2.4783137e+01         -inf  6.89329e+05  2.47831e+01  2.47831e+01
5.090011845e-01  2.4609575e+01         -inf  6.89329e+05  2.46096e+01  2.46096e+01
5.110371892e-01  2.4483648e+01         -inf  6.89329e+05  2.44836e+01  2.44836e+01
5.130813380e-01  2.4510854e+01         -inf  6.89329e+05  2.45109e+01  2.45109e+01
5.151336633e-01  2.4621116e+01         -inf  6.89329e+05  2.46211e+01  2.46211e+01
5.171941980e-01  2.4712343e+01         -inf  6.89329e+05  2.47123e+01  2.47123e+01
5.192629748e-01  2.4795737e+01         -inf  6.89329e+05  2.47957e+01  2.47957e+01
5.213400267e-01  2.4938041e+01         -inf  6.89329e+05  2.49380e+01  2.49380e+01
5.234253868e-01  2.5185070e+01         -inf  6.89329e+05  2.51851e+01  2.51851e+01
5.255190883e-01  2.5514566e+01         -inf  6.89329e+05  2.55146e+01  2.55146e+01
5.276211647e-01  2.5870035e+01         -inf  6.89329e+05  2.58700e+01  2.58700e+01
5.297316493e-01  2.6189547e+01         -inf  6.89329e+05  2.61895e+01  2.61895e+01
5.318505759e-01  2.6409519e+01         -inf  6.89329e+05  2.64095e+01  2.64095e+01
5.339779782e-01  2.6485022e+01         -inf  6.89329e+05  2.64850e+01  2.64850e+01
5.361138902e-01  2.6443299e+01         -inf  6.89329e+05  2.64433e+01  2.64433e+01
5.382583457e-01  2.6421132e+01         -inf  6.89329e+05  2.64211e+01  2.64211e+01
5.404113791e-01  2.6520277e+01         -inf  6.89329e+05  2.65203e+01  2.65203e+01
5.425730246e-01  2.6701844e+01         -inf  6.89329e+05  2.67018e+01  2.67018e+01
5.447433167e-01  2.6870243e+01         -inf  6.89329e+05  2.68702e+01  2.68702e+01
5.469222900e-01  2.6981826e+01         -inf  6.89329e+05  2.69818e+01  2.69818e+01
5.491099791e-01  2.7058382e+01         -inf  6.89329e+05  2.70584e+01  2.70584e+01
5.513064191e-01  2.7134937e+01         -inf  6.89329e+05  2.71349e+01  2.71349e+01
5.535116447e-01  2.7236114e+01         -inf  6.89329e+05  2.72361e+01  2.72361e+01
5.557256913e-01  2.7384037e+01         -inf  6.89329e+05  2.73840e+01  2.73840e+01
5.579485941e-01  2.7609565e+01         -inf  6.89329e+05  2.76096e+01  2.76096e+01
5.601803884e-01  2.7901382e+01         -inf  6.89329e+05  2.79014e+01  2.79014e+01
5.624211100e-01  2.8193451e+01         -inf  6.89329e+05  2.81935e+01  2.81935e+01
5.646707944e-01  2.8423904e+01         -inf  6.89329e+05  2.84239e+01  2.84239e+01
5.669294776e-01  2.8596304e+01         -inf  6.89329e+05  2.85963e+01  2.85963e+01
5.691971955e-01  2.8752250e+01         -inf  6.89329e+05  2.87523e+01  2.87523e+01
5.714739843e-01  2.8900971e+01         -inf  6.89329e+05  2.89010e+01  2.89010e+01
5.737598803e-01  2.8982419e+01         -inf  6.89329e+05  2.89824e+01  2.89824e+01
5.760549198e-01  2.8943359e+01         -inf  6.89329e+05  2.89434e+01  2.89434e+01
5.783591395e-01  2.8817403e+01         -inf  6.89329e+05  2.88174e+01  2.88174e+01
5.806725760e-01  2.8644783e+01         -inf  6.89329e+05  2.86448e+01  2.86448e+01
5.829952663e-01  2.8482556e+01         -inf  6.89329e+05  2.84826e+01  2.84826e+01
5.853272474e-01  2.8372588e+01         -inf  6.89329e+05  2.83726e+01  2.83726e+01
5.876685564e-01  2.8322028e+01         -inf  6.89329e+05  2.83220e+01  2.83220e+01
5.900192306e-01  2.8343054e+01         -inf  6.89329e+05  2.83431e+01  2.83431e+01
5.923793075e-01  2.8468489e+01         -inf  6.89329e+05  2.84685e+01  2.84685e+01
5.947488247e-01  2.8705059e+01         -inf  6.89329e+05  2.87051e+01  2.87051e+01
5.971278200e-01  2.8976407e+01         -inf  6.89329e+05  2.89764e+01  2.89764e+01
5.995163313e-01  2.9195111e+01         -inf  6.89329e+05  2.91951e+01  2.91951e+01
6.019143966e-01  2.9288126e+01         -inf  6.89329e+05  2.92881e+01  2.92881e+01
6.043220542e-01  2.9231069e+01         -inf  6.89329e+05  2.92311e+01  2.92311e+01
6.067393425e-01  2.9043713e+01         -inf  6.89329e+05  2.90437e+01  2.90437e+01
6.091662998e-01  2.8766431e+01         -inf  6.89329e+05  2.87664e+01  2.87664e+01
6.116029650e-01  2.8455291e+01         -inf  6.89329e+05  2.84553e+01  2.84553e+01
6.140493769e-01  2.8149999e+01         -inf  6.89329e+05  2.81500e+01  2.81500e+01
6.165055744e-01  2.7870106e+01         -inf  6.89329e+05  2.78701e+01  2.78701e+01
6.189715967e-01  2.7623937e+01         -inf  6.89329e+05  2.76239e+01  2.76239e+01
6.214474831e-01  2.7411760e+01         -inf  6.89329e+05  2.74118e+01  2.74118e+01
6.239332730e-01  2.7213080e+01         -inf  6.89329e+05  2.72131e+01  2.72131e+01
6.264290061e-01  2.7004785e+01         -inf  6.89329e+05  2.70048e+01  2.70048e+01
6.289347221e-01  2.7053578e+01         -inf  6.89329e+05  2.70536e+01  2.70536e+01
6.314504610e-01  2.6610116e+01         -inf  6.89329e+05  2.66101e+01  2.66101e+01
6.339762629e-01  2.6268344e+01         -inf  6.89329e+05  2.62683e+01  2.62683e+01
6.365121679e-01  2.5964233e+01         -inf  6.89329e+05  2.59642e+01  2.59642e+01
6.390582166e-01  2.5648872e+01         -inf  6.89329e+05  2.56489e+01  2.56489e+01
6.416144494e-01  2.5327101e+01         -inf  6.89329e+05  2.53271e+01  2.53271e+01
6.441809072e-01  2.5040615e+01         -inf  6.89329e+05  2.50406e+01  2.50406e+01
6.467576309e-01  2.4771294e+01         -inf  6.89329e+05  2.47713e+01  2.47713e+01
6.493446614e-01  2.4512746e+01         -inf  6.89329e+05  2.45127e+01  2.45127e+01
6.519420400e-01  2.4270799e+01         -inf  6.89329e+05  2.42708e+01  2.42708e+01
6.545498082e-01  2.4014161e+01         -inf  6.89329e+05  2.40142e+01  2.40142e+01
6.571680074e-01  2.3751117e+01         -inf  6.89329e+05  2.37511e+01  2.37511e+01
6.597966795e-01  2.3495404e+01         -inf  6.89329e+05  2.34954e+01  2.34954e+01
6.624358662e-01  2.3247780e+01         -inf  6.89329e+05  2.32478e+01  2.32478e+01
6.650856096e-01  2.2977248e+01         -inf  6.89329e+05  2.29772e+01  2.29772e+01
6.677459521e-01  2.2678469e+01         -inf  6.89329e+05  2.26785e+01  2.26785e+01
6.704169359e-01  2.2379032e+01         -inf  6.89329e+05  2.23790e+01  2.23790e+01
6.730986036e-01  2.2091808e+01         -inf  6.89329e+05  2.20918e+01  2.20918e+01
6.757909981e-01  2.1824672e+01         -inf  6.89329e+05  2.18247e+01  2.18247e+01
6.784941620e-01  2.1570321e+01         -inf  6.89329e+05  2.15703e+01  2.15703e+01
6.812081387e-01  2.1356845e+01         -inf  6.89329e+05  2.13568e+01  2.13568e+01
6.839329712e-01  2.1188074e+01         -inf  6.89329e+05  2.11881e+01  2.11881e+01
6.866687031e-01  2.2081550e+01         -inf  6.89329e+05  2.20816e+01  2.20816e+01
6.894153779e-01  2.1967232e+01         -inf  6.89329e+05  2.19672e+01  2.19672e+01
6.921730395e-01  2.0989162e+01         -inf  6.89329e+05  2.09892e+01  2.09892e+01
6.949417316e-01  2.0272929e+01         -inf  6.89329e+05  2.02729e+01  2.02729e+01
6.977214985e-01  1.9980006e+01         -inf  6.89329e+05  1.99800e+01  1.99800e+01
7.005123845e-01  1.9762994e+01         -inf  6.89329e+05  1.97630e+01  1.97630e+01
7.033144341e-01  1.9590734e+01         -inf  6.89329e+05  1.95907e+01  1.95907e+01
7.061276918e-01  1.9453726e+01         -inf  6.89329e+05  1.94537e+01  1.94537e+01
7.089522026e-01  1.9335120e+01         -inf  6.89329e+05  1.93351e+01  1.93351e+01
7.117880114e-01  1.9238021e+01         -inf  6.89329e+05  1.92380e+01  1.92380e+01
7.146351634e-01  1.9184359e+01         -inf  6.89329e+05  1.91844e+01  1.91844e+01
7.174937041e-01  1.9081578e+01         -inf  6.89329e+05  1.90816e+01  1.90816e+01
7.203636789e-01  1.8865558e+01         -inf  6.89329e+05  1.88656e+01  1.88656e+01
7.232451336e-01  1.8662180e+01         -inf  6.89329e+05  1.86622e+01  1.86622e+01
7.261381142e-01  1.8517312e+01         -inf  6.89329e+05  1.85173e+01  1.85173e+01
7.290426666e-01  1.8360737e+01         -inf  6.89329e+05  1.83607e+01  1.83607e+01
7.319588373e-01  1.8231505e+01         -inf  6.89329e+05  1.82315e+01  1.82315e+01
7.348866726e-01  1.8159540e+01         -inf  6.89329e+05  1.81595e+01  1.81595e+01
7.378262193e-01  1.8115452e+01         -inf  6.89329e+05  1.81155e+01  1.81155e+01
7.407775242e-01  1.8092422e+01         -inf  6.89329e+05  1.80924e+01  1.80924e+01
7.437406343e-01  1.8120186e+01         -inf  6.89329e+05  1.81202e+01  1.81202e+01
7.467155968e-01  1.8162191e+01         -inf  6.89329e+05  1.81622e+01  1.81622e+01
7.497024592e-01  1.8082764e+01         -inf  6.89329e+05  1.80828e+01  1.80828e+01
7.527012690e-01  1.7850005e+01         -inf  6.89329e+05  1.78500e+01  1.78500e+01
7.557120741e-01  1.7636027e+01         -inf  6.89329e+05  1.76360e+01  1.76360e+01
7.587349224e-01  1.9185041e+01         -inf  6.89329e+05  1.91850e+01  1.91850e+01
7.617698621e-01  2.3400866e+01         -inf  6.89329e+05  2.34009e+01  2.34009e+01
7.648169416e-01  2.0805199e+01         -inf  6.89329e+05  2.08052e+01  2.08052e+01
7.678762093e-01  1.8155487e+01         -inf  6.89329e+05  1.81555e+01  1.81555e+01
7.709477142e-01  1.7412268e+01         -inf  6.89329e+05  1.74123e+01  1.74123e+01
7.740315050e-01  1.7383857e+01         -inf  6.89329e+05  1.73839e+01  1.73839e+01
7.771276310e-01  1.7488105e+01         -inf  6.89329e+05  1.74881e+01  1.74881e+01
7.802361416e-01  1.7504886e+01         -inf  6.89329e+05  1.75049e+01  1.75049e+01
7.833570861e-01  1.7349272e+01         -inf  6.89329e+05  1.73493e+01  1.73493e+01
7.864905145e-01  1.7153763e+01         -inf  6.89329e+05  1.71538e+01  1.71538e+01
7.896364765e-01  1.7016324e+01         -inf  6.89329e+05  1.70163e+01  1.70163e+01
7.927950224e-01  1.6904870e+01         -inf  6.89329e+05  1.69049e+01  1.69049e+01
7.959662025e-01  1.6813759e+01         -inf  6.89329e+05  1.68138e+01  1.68138e+01
7.991500673e-01  1.6757348e+01         -inf  6.89329e+05  1.67573e+01  1.67573e+01
8.023466676e-01  1.6719009e+01         -inf  6.89329e+05  1.67190e+01  1.67190e+01
8.055560543e-01  1.6714538e+01         -inf  6.89329e+05  1.67145e+01  1.67145e+01
8.087782785e-01  1.6777995e+01         -inf  6.89329e+05  1.67780e+01  1.67780e+01
8.120133916e-01  1.6876912e+01         -inf  6.89329e+05  1.68769e+01  1.68769e+01
8.152614452e-01  1.6957794e+01         -inf  6.89329e+05  1.69578e+01  1.69578e+01
8.185224910e-01  1.6936314e+01         -inf  6.89329e+05  1.69363e+01  1.69363e+01
8.217965809e-01  1.6783072e+01         -inf  6.89329e+05  1.67831e+01  1.67831e+01
8.250837672e-01  1.6582394e+01         -inf  6.89329e+05  1.65824e+01  1.65824e+01
8.283841023e-01  1.6431795e+01         -inf  6.89329e+05  1.64318e+01  1.64318e+01
8.316976387e-01  1.6337002e+01         -inf  6.89329e+05  1.63370e+01  1.63370e+01
8.350244293e-01  1.6284604e+01         -inf  6.89329e+05  1.62846e+01  1.62846e+01
8.383645270e-01  1.6261151e+01         -inf  6.89329e+05  1.62612e+01  1.62612e+01
8.417179851e-01  1.6256642e+01         -inf  6.89329e+05  1.62566e+01  1.62566e+01
8.450848570e-01  1.6277973e+01         -inf  6.89329e+05  1.62780e+01  1.62780e+01
8.484651965e-01  1.6343102e+01         -inf  6.89329e+05  1.63431e+01  1.63431e+01
8.518590573e-01  1.6476350e+01         -inf  6.89329e+05  1.64764e+01  1.64764e+01
8.552664935e-01  1.6491050e+01         -inf  6.89329e+05  1.64911e+01  1.64911e+01
8.586875595e-01  1.6389248e+01         -inf  6.89329e+05  1.63892e+01  1.63892e+01
8.621223097e-01  1.6256226e+01         -inf  6.89329e+05  1.62562e+01  1.62562e+01
8.655707989e-01  1.6134605e+01         -inf  6.89329e+05  1.61346e+01  1.61346e+01
8.690330821e-01  1.6053712e+01         -inf  6.89329e+05  1.60537e+01  1.60537e+01
8.725092145e-01  1.5998394e+01         -inf  6.89329e+05  1.59984e+01  1.59984e+01
8.759992513e-01  1.5969977e+01         -inf  6.89329e+05  1.59700e+01  1.59700e+01
8.795032483e-01  1.5962854e+01         -inf  6.89329e+05  1.59629e+01  1.59629e+01
8.830212613e-01  1.5973425e+01         -inf  6.89329e+05  1.59734e+01  1.59734e+01
8.865533464e-01  1.5988921e+01         -inf  6.89329e+05  1.59889e+01  1.59889e+01
8.900995597e-01  1.5987444e+01         -inf  6.89329e+05  1.59874e+01  1.59874e+01
8.936599580e-01  1.5973993e+01         -inf  6.89329e+05  1.59740e+01  1.59740e+01
8.972345978e-01  1.6009230e+01         -inf  6.89329e+05  1.60092e+01  1.60092e+01
9.008235362e-01  1.5985739e+01         -inf  6.89329e+05  1.59857e+01  1.59857e+01
9.044268304e-01  1.5914620e+01         -inf  6.89329e+05  1.59146e+01  1.59146e+01
9.080445377e-01  1.5849828e+01         -inf  6.89329e+05  1.58498e+01  1.58498e+01
9.116767158e-01  1.5802579e+01         -inf  6.89329e+05  1.58026e+01  1.58026e+01
9.153234227e-01  1.5771319e+01         -inf  6.89329e+05  1.57713e+01  1.57713e+01
9.189847164e-01  1.5751350e+01         -inf  6.89329e+05  1.57514e+01  1.57514e+01
9.226606552e-01  1.5738164e+01         -inf  6.89329e+05  1.57382e+01  1.57382e+01
9.263512979e-01  1.5728540e+01         -inf  6.89329e+05  1.57285e+01  1.57285e+01
9.300567031e-01  1.5720166e+01         -inf  6.89329e+05  1.57202e+01  1.57202e+01
9.337769299e-01  1.5706488e+01         -inf  6.89329e+05  1.57065e+01  1.57065e+01
9.375120376e-01  1.5718423e+01         -inf  6.89329e+05  1.57184e+01  1.57184e+01
9.412620857e-01  1.5764688e+01         -inf  6.89329e+05  1.57647e+01  1.57647e+01
9.450271341e-01  1.5788180e+01         -inf  6.89329e+05  1.57882e+01  1.57882e+01
9.488072426e-01  1.5721871e+01         -inf  6.89329e+05  1.57219e+01  1.57219e+01
9.526024716e-01  1.5662306e+01         -inf  6.89329e+05  1.56623e+01  1.56623e+01
9.564128815e-01  1.5638283e+01         -inf  6.89329e+05  1.56383e+01  1.56383e+01
9.602385330e-01  1.5613843e+01         -inf  6.89329e+05  1.56138e+01  1.56138e+01
9.640794871e-01  1.5597777e+01         -inf  6.89329e+05  1.55978e+01  1.55978e+01
9.679358051e-01  1.5581522e+01         -inf  6.89329e+05  1.55815e+01  1.55815e+01
9.718075483e-01  1.5564698e+01         -inf  6.89329e+05  1.55647e+01  1.55647e+01
9.756947785e-01  1.5551663e+01         -inf  6.89329e+05  1.55517e+01  1.55517e+01
9.795975576e-01  1.5541924e+01         -inf  6.89329e+05  1.55419e+01  1.55419e+01
9.835159478e-01  1.5537188e+01         -inf  6.89329e+05  1.55372e+01  1.55372e+01
9.874500116e-01  1.5549617e+01         -inf  6.89329e+05  1.55496e+01  1.55496e+01
9.913998117e-01  1.5614374e+01         -inf  6.89329e+05  1.56144e+01  1.56144e+01
9.953654109e-01  1.5579589e+01         -inf  6.89329e+05  1.55796e+01  1.55796e+01
9.993468726e-01  1.5525669e+01         -inf  6.89329e+05  1.55257e+01  1.55257e+01
1.003344260e+00  1.5500925e+01         -inf  6.89329e+05  1.55009e+01  1.55009e+01
1.007357637e+00  1.5486678e+01         -inf  6.89329e+05  1.54867e+01  1.54867e+01
1.011387068e+00  1.5475727e+01         -inf  6.89329e+05  1.54757e+01  1.54757e+01
1.015432616e+00  1.5466254e+01         -inf  6.89329e+05  1.54663e+01  1.54663e+01
1.019494346e+00  1.5457121e+01         -inf  6.89329e+05  1.54571e+01  1.54571e+01
1.023572324e+00  1.5448785e+01         -inf  6.89329e+05  1.54488e+01  1.54488e+01
1.027666613e+00  1.5440828e+01         -inf  6.89329e+05  1.54408e+01  1.54408e+01
1.031777280e+00  1.5433590e+01         -inf  6.89329e+05  1.54336e+01  1.54336e+01
1.035904389e+00  1.5429952e+01         -inf  6.89329e+05  1.54300e+01  1.54300e+01
1.040048006e+00  1.5427830e+01         -inf  6.89329e+05  1.54278e+01  1.54278e+01
1.044208198e+00  1.5449619e+01         -inf  6.89329e+05  1.54496e+01  1.54496e+01
1.048385031e+00  1.5470043e+01         -inf  6.89329e+05  1.54700e+01  1.54700e+01
1.052578571e+00  1.5473794e+01         -inf  6.89329e+05  1.54738e+01  1.54738e+01
1.056788885e+00  1.5469171e+01         -inf  6.89329e+05  1.54692e+01  1.54692e+01
1.061016041e+00  1.5490239e+01         -inf  6.89329e+05  1.54902e+01  1.54902e+01
1.065260105e+00  1.5529344e+01         -inf  6.89329e+05  1.55293e+01  1.55293e+01
1.069521146e+00  1.5489709e+01         -inf  6.89329e+05  1.54897e+01  1.54897e+01
1.073799230e+00  1.5430710e+01         -inf  6.89329e+05  1.54307e+01  1.54307e+01
1.078094427e+00  1.5395584e+01         -inf  6.89329e+05  1.53956e+01  1.53956e+01
1.082406805e+00  1.5374515e+01         -inf  6.89329e+05  1.53745e+01  1.53745e+01
1.086736432e+00  1.5360343e+01         -inf  6.89329e+05  1.53603e+01  1.53603e+01
1.091083378e+00  1.5350226e+01         -inf  6.89329e+05  1.53502e+01  1.53502e+01
1.095447711e+00  1.5342154e+01         -inf  6.89329e+05  1.53422e+01  1.53422e+01
1.099829502e+00  1.5330786e+01         -inf  6.89329e+05  1.53308e+01  1.53308e+01
1.104228820e+00  1.5325065e+01         -inf  6.89329e+05  1.53251e+01  1.53251e+01
1.108645735e+00  1.5320442e+01         -inf  6.89329e+05  1.53204e+01  1.53204e+01
1.113080318e+00  1.5318698e+01         -inf  6.89329e+05  1.53187e+01  1.53187e+01
1.117532640e+00  1.5316614e+01         -inf  6.89329e+05  1.53166e+01  1.53166e+01
1.122002770e+00  1.5319002e+01         -inf  6.89329e+05  1.53190e+01  1.53190e+01
1.126490781e+00  1.5324534e+01         -inf  6.89329e+05  1.53245e+01  1.53245e+01
1.130996744e+00  1.5319305e+01         -inf  6.89329e+05  1.53193e+01  1.53193e+01
1.135520731e+00  1.5320252e+01         -inf  6.89329e+05  1.53203e+01  1.53203e+01
1.140062814e+00  1.5298918e+01         -inf  6.89329e+05  1.52989e+01  1.52989e+01
1.144623065e+00  1.5294106e+01         -inf  6.89329e+05  1.52941e+01  1.52941e+01
1.149201558e+00  1.5299714e+01         -inf  6.89329e+05  1.52997e+01  1.52997e+01
1.153798364e+00  1.5318623e+01         -inf  6.89329e+05  1.53186e+01  1.53186e+01
1.158413557e+00  1.5304488e+01         -inf  6.89329e+05  1.53045e+01  1.53045e+01
1.163047212e+00  1.5319229e+01         -inf  6.89329e+05  1.53192e+01  1.53192e+01
1.167699401e+00  1.5295887e+01         -inf  6.89329e+05  1.52959e+01  1.52959e+01
1.172370198e+00  1.5279289e+01         -inf  6.89329e+05  1.52793e+01  1.52793e+01
1.177059679e+00  1.5265117e+01         -inf  6.89329e+05  1.52651e+01  1.52651e+01
1.181767918e+00  1.5256326e+01         -inf  6.89329e+05  1.52563e+01  1.52563e+01
1.186494989e+00  1.5250035e+01         -inf  6.89329e+05  1.52500e+01  1.52500e+01
1.191240969e+00  1.5243707e+01         -inf  6.89329e+05  1.52437e+01  1.52437e+01
1.196005933e+00  1.5236393e+01         -inf  6.89329e+05  1.52364e+01  1.52364e+01
1.200789957e+00  1.5284329e+01         -inf  6.89329e+05  1.52843e+01  1.52843e+01
1.205593117e+00  1.5517636e+01         -inf  6.89329e+05  1.55176e+01  1.55176e+01
1.210415489e+00  1.5348861e+01         -inf  6.89329e+05  1.53489e+01  1.53489e+01
1.215257151e+00  1.5258069e+01         -inf  6.89329e+05  1.52581e+01  1.52581e+01
1.220118180e+00  1.5451627e+01         -inf  6.89329e+05  1.54516e+01  1.54516e+01
1.224998652e+00  1.5322147e+01         -inf  6.89329e+05  1.53221e+01  1.53221e+01
1.229898647e+00  1.5242532e+01         -inf  6.89329e+05  1.52425e+01  1.52425e+01
1.234818242e+00  1.5246056e+01         -inf  6.89329e+05  1.52461e+01  1.52461e+01
1.239757515e+00  1.5254696e+01         -inf  6.89329e+05  1.52547e+01  1.52547e+01
1.244716545e+00  1.5281487e+01         -inf  6.89329e+05  1.52815e+01  1.52815e+01
1.249695411e+00  1.5358714e+01         -inf  6.89329e+05  1.53587e+01  1.53587e+01
1.254694192e+00  1.5494976e+01         -inf  6.89329e+05  1.54950e+01  1.54950e+01
1.259712969e+00  1.5954025e+01         -inf  6.89329e+05  1.59540e+01  1.59540e+01
1.264751821e+00  1.6653543e+01         -inf  6.89329e+05  1.66535e+01  1.66535e+01
1.269810828e+00  1.7631784e+01         -inf  6.89329e+05  1.76318e+01  1.76318e+01
1.274890072e+00  1.5941749e+01         -inf  6.89329e+05  1.59417e+01  1.59417e+01
1.279989632e+00  1.5538704e+01         -inf  6.89329e+05  1.55387e+01  1.55387e+01
1.285109591e+00  1.5285238e+01         -inf  6.89329e+05  1.52852e+01  1.52852e+01
1.290250029e+00  1.5240410e+01         -inf  6.89329e+05  1.52404e+01  1.52404e+01
1.295411029e+00  1.5199030e+01         -inf  6.89329e+05  1.51990e+01  1.51990e+01
1.300592673e+00  1.5168525e+01         -inf  6.89329e+05  1.51685e+01  1.51685e+01
1.305795044e+00  1.5160908e+01         -inf  6.89329e+05  1.51609e+01  1.51609e+01
1.311018224e+00  1.5173148e+01         -inf  6.89329e+05  1.51731e+01  1.51731e+01
1.316262297e+00  1.5239311e+01         -inf  6.89329e+05  1.52393e+01  1.52393e+01
1.321527346e+00  1.5211080e+01         -inf  6.89329e+05  1.52111e+01  1.52111e+01
1.326813455e+00  1.5163599e+01         -inf  6.89329e+05  1.51636e+01  1.51636e+01
1.332120709e+00  1.5223282e+01         -inf  6.89329e+05  1.52233e+01  1.52233e+01
1.337449192e+00  1.5196832e+01         -inf  6.89329e+05  1.51968e+01  1.51968e+01
1.342798989e+00  1.5211194e+01         -inf  6.89329e+05  1.52112e+01  1.52112e+01
1.348170185e+00  1.5180045e+01         -inf  6.89329e+05  1.51800e+01  1.51800e+01
1.353562866e+00  1.5185653e+01         -inf  6.89329e+05  1.51857e+01  1.51857e+01
1.358977117e+00  1.5205851e+01         -inf  6.89329e+05  1.52059e+01  1.52059e+01
1.364413026e+00  1.5209337e+01         -inf  6.89329e+05  1.52093e+01  1.52093e+01
1.369870678e+00  1.5203502e+01         -inf  6.89329e+05  1.52035e+01  1.52035e+01
1.375350160e+00  1.5205017e+01         -inf  6.89329e+05  1.52050e+01  1.52050e+01
1.380851561e+00  1.5206609e+01         -inf  6.89329e+05  1.52066e+01  1.52066e+01
1.386374967e+00  1.5205548e+01         -inf  6.89329e+05  1.52055e+01  1.52055e+01
1.391920467e+00  1.5196491e+01         -inf  6.89329e+05  1.51965e+01  1.51965e+01
1.397488149e+00  1.5191224e+01         -inf  6.89329e+05  1.51912e+01  1.51912e+01
1.403078102e+00  1.5187624e+01         -inf  6.89329e+05  1.51876e+01  1.51876e+01
1.408690414e+00  1.5178075e+01         -inf  6.89329e+05  1.51781e+01  1.51781e+01
1.414325176e+00  1.5146584e+01         -inf  6.89329e+05  1.51466e+01  1.51466e+01
1.419982476e+00  1.5132488e+01         -inf  6.89329e+05  1.51325e+01  1.51325e+01
1.425662406e+00  1.5125136e+01         -inf  6.89329e+05  1.51251e+01  1.51251e+01
1.431365056e+00  1.6810122e+01         -inf  6.89329e+05  1.68101e+01  1.68101e+01
1.437090516e+00  1.6338517e+01         -inf  6.89329e+05  1.63385e+01  1.63385e+01
1.442838878e+00  1.5803943e+01         -inf  6.89329e+05  1.58039e+01  1.58039e+01
1.448610234e+00  1.5288876e+01         -inf  6.89329e+05  1.52889e+01  1.52889e+01
1.454404675e+00  1.5115890e+01         -inf  6.89329e+05  1.51159e+01  1.51159e+01
1.460222293e+00  1.5096564e+01         -inf  6.89329e+05  1.50966e+01  1.50966e+01
1.466063182e+00  1.5092850e+01         -inf  6.89329e+05  1.50928e+01  1.50928e+01
1.471927435e+00  1.5206306e+01         -inf  6.89329e+05  1.52063e+01  1.52063e+01
1.477815145e+00  1.5179325e+01         -inf  6.89329e+05  1.51793e+01  1.51793e+01
1.483726405e+00  1.5110926e+01         -inf  6.89329e+05  1.51109e+01  1.51109e+01
1.489661311e+00  1.5089515e+01         -inf  6.89329e+05  1.50895e+01  1.50895e+01
1.495619956e+00  1.5110092e+01         -inf  6.89329e+05  1.51101e+01  1.51101e+01
1.501602436e+00  1.5092547e+01         -inf  6.89329e+05  1.50925e+01  1.50925e+01
1.507608846e+00  1.5077806e+01         -inf  6.89329e+05  1.50778e+01  1.50778e+01
1.513639281e+00  1.5077730e+01         -inf  6.89329e+05  1.50777e+01  1.50777e+01
1.519693838e+00  1.5080155e+01         -inf  6.89329e+05  1.50802e+01  1.50802e+01
1.525772614e+00  1.5105279e+01         -inf  6.89329e+05  1.51053e+01  1.51053e+01
1.531875704e+00  1.5228815e+01         -inf  6.89329e+05  1.52288e+01  1.52288e+01
1.538003207e+00  1.5287361e+01         -inf  6.89329e+05  1.52874e+01  1.52874e+01
1.544155220e+00  1.5188230e+01         -inf  6.89329e+05  1.51882e+01  1.51882e+01
1.550331841e+00  1.5070265e+01         -inf  6.89329e+05  1.50703e+01  1.50703e+01
1.556533168e+00  1.5066513e+01         -inf  6.89329e+05  1.50665e+01  1.50665e+01
1.562759301e+00  1.5069431e+01         -inf  6.89329e+05  1.50694e+01  1.50694e+01
1.569010338e+00  1.5612517e+01         -inf  6.89329e+05  1.56125e+01  1.56125e+01
1.575286379e+00  1.5946561e+01         -inf  6.89329e+05  1.59466e+01  1.59466e+01
1.581587525e+00  1.5563788e+01         -inf  6.89329e+05  1.55638e+01  1.55638e+01
1.587913875e+00  1.5111873e+01         -inf  6.89329e+05  1.51119e+01  1.51119e+01
1.594265530e+00  1.5095730e+01         -inf  6.89329e+05  1.50957e+01  1.50957e+01
1.600642593e+00  1.5891318e+01         -inf  6.89329e+05  1.58913e+01  1.58913e+01
1.607045163e+00  1.5879003e+01         -inf  6.89329e+05  1.58790e+01  1.58790e+01
1.613473344e+00  1.5526123e+01         -inf  6.89329e+05  1.55261e+01  1.55261e+01
1.619927237e+00  1.5140104e+01         -inf  6.89329e+05  1.51401e+01  1.51401e+01
1.626406946e+00  1.5110168e+01         -inf  6.89329e+05  1.51102e+01  1.51102e+01
1.632912574e+00  1.5168753e+01         -inf  6.89329e+05  1.51688e+01  1.51688e+01
1.639444224e+00  1.5305966e+01         -inf  6.89329e+05  1.53060e+01  1.53060e+01
1.646002001e+00  1.5333477e+01         -inf  6.89329e+05  1.53335e+01  1.53335e+01
1.652586009e+00  1.5277016e+01         -inf  6.89329e+05  1.52770e+01  1.52770e+01
1.659196353e+00  1.5127448e+01         -inf  6.89329e+05  1.51274e+01  1.51274e+01
1.665833138e+00  1.5478379e+01         -inf  6.89329e+05  1.54784e+01  1.54784e+01
1.672496471e+00  1.5121233e+01         -inf  6.89329e+05  1.51212e+01  1.51212e+01
1.679186457e+00  1.5149047e+01         -inf  6.89329e+05  1.51490e+01  1.51490e+01
1.685903203e+00  1.5150639e+01         -inf  6.89329e+05  1.51506e+01  1.51506e+01
1.692646815e+00  1.5148403e+01         -inf  6.89329e+05  1.51484e+01  1.51484e+01
1.699417403e+00  1.5155831e+01         -inf  6.89329e+05  1.51558e+01  1.51558e+01
1.706215072e+00  1.5266443e+01         -inf  6.89329e+05  1.52664e+01  1.52664e+01
1.713039933e+00  1.5153140e+01         -inf  6.89329e+05  1.51531e+01  1.51531e+01
1.719892092e+00  1.5138096e+01         -inf  6.89329e+05  1.51381e+01  1.51381e+01
1.726771661e+00  1.5227147e+01         -inf  6.89329e+05  1.52271e+01  1.52271e+01
1.733678747e+00  1.5136694e+01         -inf  6.89329e+05  1.51367e+01  1.51367e+01
1.740613462e+00  1.5100277e+01         -inf  6.89329e+05  1.51003e+01  1.51003e+01
1.747575916e+00  1.5076441e+01         -inf  6.89329e+05  1.50764e+01  1.50764e+01
1.754566220e+00  1.5072349e+01         -inf  6.89329e+05  1.50723e+01  1.50723e+01
1.761584485e+00  1.5071932e+01         -inf  6.89329e+05  1.50719e+01  1.50719e+01
1.768630823e+00  1.5110964e+01         -inf  6.89329e+05  1.51110e+01  1.51110e+01
1.775705346e+00  1.5141317e+01         -inf  6.89329e+05  1.51413e+01  1.51413e+01
1.782808167e+00  1.5095199e+01         -inf  6.89329e+05  1.50952e+01  1.50952e+01
1.789939400e+00  1.5183683e+01         -inf  6.89329e+05  1.51837e+01  1.51837e+01
1.797099158e+00  1.5083187e+01         -inf  6.89329e+05  1.50832e+01  1.50832e+01
1.804287554e+00  1.5084399e+01         -inf  6.89329e+05  1.50844e+01  1.50844e+01
1.811504704e+00  1.5091258e+01         -inf  6.89329e+05  1.50913e+01  1.50913e+01
1.818750723e+00  1.5076138e+01         -inf  6.89329e+05  1.50761e+01  1.50761e+01
1.826025726e+00  1.5061473e+01         -inf  6.89329e+05  1.50615e+01  1.50615e+01
1.833329829e+00  1.5064542e+01         -inf  6.89329e+05  1.50645e+01  1.50645e+01
1.840663148e+00  1.5075418e+01         -inf  6.89329e+05  1.50754e+01  1.50754e+01
1.848025801e+00  1.5078147e+01         -inf  6.89329e+05  1.50781e+01  1.50781e+01
1.855417904e+00  1.5077692e+01         -inf  6.89329e+05  1.50777e+01  1.50777e+01
1.862839576e+00  1.5073107e+01         -inf  6.89329e+05  1.50731e+01  1.50731e+01
1.870290934e+00  1.5086180e+01         -inf  6.89329e+05  1.50862e+01  1.50862e+01
1.877772098e+00  1.5327187e+01         -inf  6.89329e+05  1.53272e+01  1.53272e+01
1.885283186e+00  1.5338327e+01         -inf  6.89329e+05  1.53383e+01  1.53383e+01
1.892824319e+00  1.5105734e+01         -inf  6.89329e+05  1.51057e+01  1.51057e+01
1.900395616e+00  1.5064429e+01         -inf  6.89329e+05  1.50644e+01  1.50644e+01
1.907997199e+00  1.5056168e+01         -inf  6.89329e+05  1.50562e+01  1.50562e+01
1.915629188e+00  1.5044989e+01         -inf  6.89329e+05  1.50450e+01  1.50450e+01
1.923291704e+00  1.5034757e+01         -inf  6.89329e+05  1.50348e+01  1.50348e+01
1.930984871e+00  1.5027557e+01         -inf  6.89329e+05  1.50276e+01  1.50276e+01
1.938708811e+00  1.5180803e+01         -inf  6.89329e+05  1.51808e+01  1.51808e+01
1.946463646e+00  1.6609330e+01         -inf  6.89329e+05  1.66093e+01  1.66093e+01
1.954249500e+00  1.9470767e+01         -inf  6.89329e+05  1.94708e+01  1.94708e+01
1.962066498e+00  1.8672595e+01         -inf  6.89329e+05  1.86726e+01  1.86726e+01
1.969914764e+00  1.7686861e+01         -inf  6.89329e+05  1.76869e+01  1.76869e+01
1.977794423e+00  1.5758209e+01         -inf  6.89329e+05  1.57582e+01  1.57582e+01
1.985705601e+00  1.5289293e+01         -inf  6.89329e+05  1.52893e+01  1.52893e+01
1.993648424e+00  1.5908823e+01         -inf  6.89329e+05  1.59088e+01  1.59088e+01
2.001623017e+00  2.1644027e+01         -inf  6.89329e+05  2.16440e+01  2.16440e+01
2.009629509e+00  2.1980481e+01         -inf  6.89329e+05  2.19805e+01  2.19805e+01
2.017668027e+00  2.0620019e+01         -inf  6.89329e+05  2.06200e+01  2.06200e+01
2.025738699e+00  1.7228012e+01         -inf  6.89329e+05  1.72280e+01  1.72280e+01
2.033841654e+00  1.6414367e+01         -inf  6.89329e+05  1.64144e+01  1.64144e+01
2.041977021e+00  1.6478358e+01         -inf  6.89329e+05  1.64784e+01  1.64784e+01
2.050144929e+00  1.8028410e+01         -inf  6.89329e+05  1.80284e+01  1.80284e+01
2.058345509e+00  1.8157873e+01         -inf  6.89329e+05  1.81579e+01  1.81579e+01
2.066578891e+00  1.7882694e+01         -inf  6.89329e+05  1.78827e+01  1.78827e+01
2.074845206e+00  1.6998329e+01         -inf  6.89329e+05  1.69983e+01  1.69983e+01
2.083144587e+00  1.6268804e+01         -inf  6.89329e+05  1.62688e+01  1.62688e+01
2.091477165e+00  1.5811028e+01         -inf  6.89329e+05  1.58110e+01  1.58110e+01
2.099843074e+00  1.5398842e+01         -inf  6.89329e+05  1.53988e+01  1.53988e+01
2.108242446e+00  1.5348141e+01         -inf  6.89329e+05  1.53481e+01  1.53481e+01
2.116675416e+00  1.5236924e+01         -inf  6.89329e+05  1.52369e+01  1.52369e+01
2.125142118e+00  1.5114677e+01         -inf  6.89329e+05  1.51147e+01  1.51147e+01
2.133642686e+00  1.5043852e+01         -inf  6.89329e+05  1.50439e+01  1.50439e+01
2.142177257e+00  1.5173224e+01         -inf  6.89329e+05  1.51732e+01  1.51732e+01
2.150745966e+00  1.5280236e+01         -inf  6.89329e+05  1.52802e+01  1.52802e+01
2.159348950e+00  1.5258144e+01         -inf  6.89329e+05  1.52581e+01  1.52581e+01
2.167986346e+00  1.5220781e+01         -inf  6.89329e+05  1.52208e+01  1.52208e+01
2.176658291e+00  1.5172958e+01         -inf  6.89329e+05  1.51730e+01  1.51730e+01
2.185364924e+00  1.5073182e+01         -inf  6.89329e+05  1.50732e+01  1.50732e+01
2.194106384e+00  1.5130327e+01         -inf  6.89329e+05  1.51303e+01  1.51303e+01
2.202882810e+00  1.5611607e+01         -inf  6.89329e+05  1.56116e+01  1.56116e+01
2.211694341e+00  1.5097131e+01         -inf  6.89329e+05  1.50971e+01  1.50971e+01
2.220541118e+00  1.5222259e+01         -inf  6.89329e+05  1.52223e+01  1.52223e+01
2.229423283e+00  1.5334916e+01         -inf  6.89329e+05  1.53349e+01  1.53349e+01
2.238340976e+00  1.5395431e+01         -inf  6.89329e+05  1.53954e+01  1.53954e+01
2.247294340e+00  1.5520401e+01         -inf  6.89329e+05  1.55204e+01  1.55204e+01
2.256283517e+00  1.5653401e+01         -inf  6.89329e+05  1.56534e+01  1.56534e+01
2.265308651e+00  1.5698719e+01         -inf  6.89329e+05  1.56987e+01  1.56987e+01
2.274369886e+00  1.5834178e+01         -inf  6.89329e+05  1.58342e+01  1.58342e+01
2.283467365e+00  1.5816825e+01         -inf  6.89329e+05  1.58168e+01  1.58168e+01
2.292601235e+00  1.6014609e+01         -inf  6.89329e+05  1.60146e+01  1.60146e+01
2.301771640e+00  1.6261946e+01         -inf  6.89329e+05  1.62619e+01  1.62619e+01
2.310978726e+00  1.5503425e+01         -inf  6.89329e+05  1.55034e+01  1.55034e+01
2.320222641e+00  1.6186359e+01         -inf  6.89329e+05  1.61864e+01  1.61864e+01
2.329503532e+00  1.5795492e+01         -inf  6.89329e+05  1.57955e+01  1.57955e+01
2.338821546e+00  1.6126192e+01         -inf  6.89329e+05  1.61262e+01  1.61262e+01
2.348176832e+00  1.6360491e+01         -inf  6.89329e+05  1.63605e+01  1.63605e+01
2.357569539e+00  1.5910678e+01         -inf  6.89329e+05  1.59107e+01  1.59107e+01
2.366999817e+00  1.6075799e+01         -inf  6.89329e+05  1.60758e+01  1.60758e+01
2.376467817e+00  1.6140399e+01         -inf  6.89329e+05  1.61404e+01  1.61404e+01
2.385973688e+00  1.5581368e+01         -inf  6.89329e+05  1.55814e+01  1.55814e+01
2.395517583e+00  1.5608460e+01         -inf  6.89329e+05  1.56085e+01  1.56085e+01
2.405099653e+00  1.5356475e+01         -inf  6.89329e+05  1.53565e+01  1.53565e+01
2.414720052e+00  1.5204825e+01         -inf  6.89329e+05  1.52048e+01  1.52048e+01
2.424378932e+00  1.5326312e+01         -inf  6.89329e+05  1.53263e+01  1.53263e+01
2.434076448e+00  1.5168560e+01         -inf  6.89329e+05  1.51686e+01  1.51686e+01
2.443812753e+00  1.5106033e+01         -inf  6.89329e+05  1.51060e+01  1.51060e+01
2.453588004e+00  1.5078105e+01         -inf  6.89329e+05  1.50781e+01  1.50781e+01
2.463402356e+00  1.5050138e+01         -inf  6.89329e+05  1.50501e+01  1.50501e+01
2.473255966e+00  1.5123275e+01         -inf  6.89329e+05  1.51233e+01  1.51233e+01
2.483148990e+00  1.6407278e+01         -inf  6.89329e+05  1.64073e+01  1.64073e+01
2.493081586e+00  1.5951330e+01         -inf  6.89329e+05  1.59513e+01  1.59513e+01
2.503053912e+00  1.5631305e+01         -inf  6.89329e+05  1.56313e+01  1.56313e+01
2.513066128e+00  1.5272348e+01         -inf  6.89329e+05  1.52723e+01  1.52724e+01
2.523118392e+00  1.5129184e+01         -inf  6.89329e+05  1.51292e+01  1.51292e+01
2.533210866e+00  1.5078481e+01         -inf  6.89329e+05  1.50785e+01  1.50785e+01
2.543343709e+00  1.5059231e+01         -inf  6.89329e+05  1.50592e+01  1.50592e+01
2.553517084e+00  1.5123198e+01         -inf  6.89329e+05  1.51232e+01  1.51232e+01
2.563731152e+00  1.5314412e+01         -inf  6.89329e+05  1.53144e+01  1.53144e+01
2.573986077e+00  1.5350715e+01         -inf  6.89329e+05  1.53507e+01  1.53507e+01
2.584282021e+00  1.5523506e+01         -inf  6.89329e+05  1.55235e+01  1.55235e+01
2.594619149e+00  1.5796551e+01         -inf  6.89329e+05  1.57966e+01  1.57966e+01
2.604997626e+00  1.5724559e+01         -inf  6.89329e+05  1.57246e+01  1.57246e+01
2.615417616e+00  1.5741231e+01         -inf  6.89329e+05  1.57412e+01  1.57412e+01
2.625879287e+00  1.5549386e+01         -inf  6.89329e+05  1.55494e+01  1.55494e+01
2.636382804e+00  1.5438513e+01         -inf  6.89329e+05  1.54385e+01  1.54385e+01
2.646928335e+00  1.5414564e+01         -inf  6.89329e+05  1.54146e+01  1.54146e+01
2.657516049e+00  1.6060680e+01         -inf  6.89329e+05  1.60607e+01  1.60607e+01
2.668146113e+00  2.5456907e+01         -inf  6.89329e+05  2.54569e+01  2.54569e+01
2.678818697e+00  3.5393453e+01         -inf  6.89329e+05  3.53935e+01  3.53935e+01
2.689533972e+00  3.3955966e+01         -inf  6.89329e+05  3.39560e+01  3.39560e+01
2.700292108e+00  3.4944826e+01         -inf  6.89329e+05  3.49448e+01  3.49448e+01
2.711093276e+00  3.1437453e+01         -inf  6.89329e+05  3.14375e+01  3.14375e+01
2.721937650e+00  2.4901565e+01         -inf  6.89329e+05  2.49016e+01  2.49016e+01
2.732825400e+00  2.3065846e+01         -inf  6.89329e+05  2.30658e+01  2.30658e+01
2.743756702e+00  2.7151313e+01         -inf  6.89329e+05  2.71513e+01  2.71513e+01
2.754731729e+00  3.2779821e+01         -inf  6.89329e+05  3.27798e+01  3.27798e+01
2.765750655e+00  3.1593670e+01         -inf  6.89329e+05  3.15937e+01  3.15937e+01
2.776813658e+00  3.3886407e+01         -inf  6.89329e+05  3.38864e+01  3.38864e+01
2.787920913e+00  3.1527297e+01         -inf  6.89329e+05  3.15273e+01  3.15273e+01
2.799072596e+00  2.7771433e+01         -inf  6.89329e+05  2.77714e+01  2.77714e+01
2.810268887e+00  2.5361298e+01         -inf  6.89329e+05  2.53613e+01  2.53613e+01
2.821509962e+00  2.2673236e+01         -inf  6.89329e+05  2.26732e+01  2.26732e+01
2.832796002e+00  1.9746083e+01         -inf  6.89329e+05  1.97461e+01  1.97461e+01
2.844127186e+00  1.9369972e+01         -inf  6.89329e+05  1.93700e+01  1.93700e+01
2.855503695e+00  1.8126019e+01         -inf  6.89329e+05  1.81260e+01  1.81261e+01
2.866925710e+00  1.7723063e+01         -inf  6.89329e+05  1.77231e+01  1.77231e+01
2.878393413e+00  1.6861244e+01         -inf  6.89329e+05  1.68612e+01  1.68613e+01
2.889906986e+00  1.6487497e+01         -inf  6.89329e+05  1.64875e+01  1.64876e+01
2.901466614e+00  1.5716451e+01         -inf  6.89329e+05  1.57165e+01  1.57165e+01
2.913072481e+00  1.5221302e+01         -inf  6.89329e+05  1.52213e+01  1.52214e+01
2.924724770e+00  1.5079533e+01         -inf  6.89329e+05  1.50795e+01  1.50796e+01
2.936423670e+00  1.5021320e+01         -inf  6.89329e+05  1.50213e+01  1.50214e+01
2.948169364e+00  1.5087214e+01         -inf  6.89329e+05  1.50872e+01  1.50873e+01
2.959962042e+00  1.5376490e+01         -inf  6.89329e+05  1.53765e+01  1.53766e+01
2.971801890e+00  1.5435332e+01         -inf  6.89329e+05  1.54353e+01  1.54354e+01
2.983689097e+00  1.5549191e+01         -inf  6.89329e+05  1.55492e+01  1.55493e+01
2.995623854e+00  1.5232358e+01         -inf  6.89329e+05  1.52324e+01  1.52325e+01
3.007606349e+00  1.5181078e+01         -inf  6.89329e+05  1.51811e+01  1.51812e+01
3.019636775e+00  1.5179894e+01         -inf  6.89329e+05  1.51799e+01  1.51800e+01
3.031715322e+00  1.5046987e+01         -inf  6.89329e+05  1.50470e+01  1.50471e+01
3.043842183e+00  1.5012454e+01         -inf  6.89329e+05  1.50125e+01  1.50126e+01
3.056017552e+00  1.5021197e+01         -inf  6.89329e+05  1.50212e+01  1.50214e+01
3.068241622e+00  1.5006217e+01         -inf  6.89329e+05  1.50062e+01  1.50064e+01
3.080514588e+00  1.4997299e+01         -inf  6.89329e+05  1.49973e+01  1.49975e+01
3.092836647e+00  1.4996225e+01         -inf  6.89329e+05  1.49962e+01  1.49964e+01
3.105207993e+00  1.5007353e+01         -inf  6.89329e+05  1.50074e+01  1.50076e+01
3.117628825e+00  1.5159941e+01         -inf  6.89329e+05  1.51599e+01  1.51602e+01
3.130099341e+00  1.6013401e+01         -inf  6.89329e+05  1.60134e+01  1.60137e+01
3.142619738e+00  1.5577833e+01         -inf  6.89329e+05  1.55778e+01  1.55781e+01
3.155190217e+00  1.5744616e+01         -inf  6.89329e+05  1.57446e+01  1.57449e+01
3.167810978e+00  1.5555748e+01         -inf  6.89329e+05  1.55557e+01  1.55561e+01
3.180482222e+00  1.6061317e+01         -inf  6.89329e+05  1.60613e+01  1.60616e+01
3.193204151e+00  1.6015944e+01         -inf  6.89329e+05  1.60159e+01  1.60163e+01
3.205976967e+00  1.6136036e+01         -inf  6.89329e+05  1.61360e+01  1.61364e+01
3.218800875e+00  1.6663004e+01         -inf  6.89329e+05  1.66630e+01  1.66634e+01
3.231676079e+00  1.6468988e+01         -inf  6.89329e+05  1.64690e+01  1.64694e+01
3.244602783e+00  1.6914589e+01         -inf  6.89329e+05  1.69146e+01  1.69150e+01
3.257581194e+00  1.6948890e+01         -inf  6.89329e+05  1.69489e+01  1.69493e+01
3.270611519e+00  2.1381913e+01         -inf  6.89329e+05  2.13819e+01  2.13824e+01
3.283693965e+00  1.9952085e+01         -inf  6.89329e+05  1.99521e+01  1.99526e+01
3.296828741e+00  1.9416774e+01         -inf  6.89329e+05  1.94168e+01  1.94173e+01
3.310016056e+00  2.1829240e+01         -inf  6.89329e+05  2.18292e+01  2.18296e+01
3.323256120e+00  1.9967676e+01         -inf  6.89329e+05  1.99677e+01  1.99682e+01
3.336549144e+00  1.6345036e+01         -inf  6.89329e+05  1.63450e+01  1.63457e+01
3.349895341e+00  1.6116509e+01         -inf  6.89329e+05  1.61165e+01  1.61172e+01
3.363294922e+00  1.6990299e+01         -inf  6.89329e+05  1.69903e+01  1.69909e+01
3.376748102e+00  1.6825196e+01         -inf  6.89329e+05  1.68252e+01  1.68259e+01
3.390255094e+00  1.6896914e+01         -inf  6.89329e+05  1.68969e+01  1.68976e+01
3.403816115e+00  1.6719636e+01         -inf  6.89329e+05  1.67196e+01  1.67204e+01
3.417431379e+00  1.6031026e+01         -inf  6.89329e+05  1.60310e+01  1.60319e+01
3.431101105e+00  1.6139412e+01         -inf  6.89329e+05  1.61394e+01  1.61403e+01
3.444825509e+00  1.5971539e+01         -inf  6.89329e+05  1.59715e+01  1.59725e+01
3.458604811e+00  1.5746023e+01         -inf  6.89329e+05  1.57460e+01  1.57471e+01
3.472439231e+00  1.6039200e+01         -inf  6.89329e+05  1.60392e+01  1.60403e+01
3.486328987e+00  1.5905188e+01         -inf  6.89329e+05  1.59052e+01  1.59064e+01
3.500274303e+00  1.5546929e+01         -inf  6.89329e+05  1.55469e+01  1.55482e+01
3.514275401e+00  1.5246622e+01         -inf  6.89329e+05  1.52466e+01  1.52480e+01
3.528332502e+00  1.5456487e+01         -inf  6.89329e+05  1.54565e+01  1.54579e+01
3.542445832e+00  1.6006700e+01         -inf  6.89329e+05  1.60067e+01  1.60081e+01
3.556615616e+00  1.5493773e+01         -inf  6.89329e+05  1.54938e+01  1.54953e+01
3.570842078e+00  1.7851110e+01         -inf  6.89329e+05  1.78511e+01  1.78527e+01
3.585125446e+00  1.6910979e+01         -inf  6.89329e+05  1.69110e+01  1.69127e+01
3.599465948e+00  1.6607449e+01         -inf  6.89329e+05  1.66074e+01  1.66093e+01
3.613863812e+00  1.6518017e+01         -inf  6.89329e+05  1.65180e+01  1.65199e+01
3.628319267e+00  1.5920717e+01         -inf  6.89329e+05  1.59207e+01  1.59227e+01
3.642832544e+00  1.5766415e+01         -inf  6.89329e+05  1.57664e+01  1.57685e+01
3.657403874e+00  1.5404787e+01         -inf  6.89329e+05  1.54048e+01  1.54070e+01
3.672033490e+00  1.5340568e+01         -inf  6.89329e+05  1.53406e+01  1.53429e+01
3.686721624e+00  1.5360603e+01         -inf  6.89329e+05  1.53606e+01  1.53631e+01
3.701468510e+00  1.5212075e+01         -inf  6.89329e+05  1.52121e+01  1.52147e+01
3.716274384e+00  1.5244345e+01         -inf  6.89329e+05  1.52443e+01  1.52471e+01
3.731139482e+00  1.5278614e+01         -inf  6.89329e+05  1.52786e+01  1.52815e+01
3.746064040e+00  1.5183576e+01         -inf  6.89329e+05  1.51836e+01  1.51866e+01
3.761048296e+00  1.5125707e+01         -inf  6.89329e+05  1.51257e+01  1.51289e+01
3.776092489e+00  1.5138051e+01         -inf  6.89329e+05  1.51381e+01  1.51414e+01
3.791196859e+00  1.5252252e+01         -inf  6.89329e+05  1.52523e+01  1.52558e+01
3.806361647e+00  1.5297434e+01         -inf  6.89329e+05  1.52974e+01  1.53011e+01
3.821587093e+00  1.5185502e+01         -inf  6.89329e+05  1.51855e+01  1.51894e+01
3.836873442e+00  1.5332043e+01         -inf  6.89329e+05  1.53320e+01  1.53361e+01
3.852220935e+00  1.5572721e+01         -inf  6.89329e+05  1.55727e+01  1.55769e+01
3.867629819e+00  1.6317731e+01         -inf  6.89329e+05  1.63177e+01  1.63220e+01
3.883100338e+00  1.6812037e+01         -inf  6.89329e+05  1.68120e+01  1.68163e+01
3.898632740e+00  1.6272469e+01         -inf  6.89329e+05  1.62725e+01  1.62771e+01
3.914227271e+00  1.6555439e+01         -inf  6.89329e+05  1.65554e+01  1.65602e+01
3.929884180e+00  1.6274397e+01         -inf  6.89329e+05  1.62744e+01  1.62795e+01
3.945603716e+00  1.5859665e+01         -inf  6.89329e+05  1.58597e+01  1.58651e+01
3.961386131e+00  1.5559621e+01         -inf  6.89329e+05  1.55596e+01  1.55655e+01
3.977231676e+00  1.5603604e+01         -inf  6.89329e+05  1.56036e+01  1.56097e+01
3.993140603e+00  1.5581162e+01         -inf  6.89329e+05  1.55812e+01  1.55875e+01
4.009113165e+00  1.5821395e+01         -inf  6.89329e+05  1.58214e+01  1.58280e+01
4.025149618e+00  1.6214289e+01         -inf  6.89329e+05  1.62143e+01  1.62211e+01
4.041250216e+00  1.6643424e+01         -inf  6.89329e+05  1.66434e+01  1.66503e+01
4.057415217e+00  1.6609361e+01         -inf  6.89329e+05  1.66094e+01  1.66166e+01
4.073644878e+00  1.6967289e+01         -inf  6.89329e+05  1.69673e+01  1.69746e+01
4.089939457e+00  1.7218591e+01         -inf  6.89329e+05  1.72186e+01  1.72260e+01
4.106299215e+00  1.7221433e+01         -inf  6.89329e+05  1.72214e+01  1.72291e+01
4.122724412e+00  1.7304913e+01         -inf  6.89329e+05  1.73049e+01  1.73129e+01
4.139215310e+00  1.7464644e+01         -inf  6.89329e+05  1.74646e+01  1.74728e+01
4.155772171e+00  1.7626067e+01         -inf  6.89329e+05  1.76261e+01  1.76338e+01
4.172395260e+00  1.9393546e+01         -inf  6.89329e+05  1.93935e+01  1.93972e+01
4.189084841e+00  2.7597676e+01         -inf  6.89329e+05  2.75977e+01  2.75986e+01
4.205841180e+00  4.0277813e+01         -inf  6.89329e+05  4.02778e+01  4.02787e+01
4.222664545e+00  4.8521225e+01         -inf  6.89329e+05  4.85212e+01  4.85231e+01
4.239555203e+00  5.1515819e+01         -inf  6.89329e+05  5.15158e+01  5.15182e+01
4.256513424e+00  4.9512815e+01         -inf  6.89329e+05  4.95128e+01  4.95149e+01
4.273539477e+00  5.1707472e+01         -inf  6.89329e+05  5.17075e+01  5.17100e+01
4.290633635e+00  5.0921116e+01         -inf  6.89329e+05  5.09211e+01  5.09236e+01
4.307796170e+00  4.8811563e+01         -inf  6.89329e+05  4.88116e+01  4.88138e+01
4.325027355e+00  4.5522258e+01         -inf  6.89329e+05  4.55223e+01  4.55240e+01
4.342327464e+00  4.2876642e+01         -inf  6.89329e+05  4.28766e+01  4.28781e+01
4.359696774e+00  4.0053944e+01         -inf  6.89329e+05  4.00539e+01  4.00552e+01
4.377135561e+00  3.6564213e+01         -inf  6.89329e+05  3.65642e+01  3.65654e+01
4.394644103e+00  3.5222505e+01         -inf  6.89329e+05  3.52225e+01  3.52236e+01
4.412222680e+00  3.3663278e+01         -inf  6.89329e+05  3.36633e+01  3.36644e+01
4.429871570e+00  3.1430347e+01         -inf  6.89329e+05  3.14303e+01  3.14317e+01
4.447591057e+00  2.7821567e+01         -inf  6.89329e+05  2.78216e+01  2.78241e+01
4.465381421e+00  2.6051251e+01         -inf  6.89329e+05  2.60513e+01  2.60546e+01
4.483242946e+00  2.4524040e+01         -inf  6.89329e+05  2.45240e+01  2.45288e+01
4.501175918e+00  2.2372367e+01         -inf  6.89329e+05  2.23724e+01  2.23817e+01
4.519180622e+00  2.3391277e+01         -inf  6.89329e+05  2.33913e+01  2.33989e+01
4.537257344e+00  2.2440992e+01         -inf  6.89329e+05  2.24410e+01  2.24512e+01
4.555406374e+00  2.1032904e+01         -inf  6.89329e+05  2.10329e+01  2.10475e+01
4.573627999e+00  1.9650554e+01         -inf  6.89329e+05  1.96506e+01  1.96704e+01
4.591922511e+00  1.7895657e+01         -inf  6.89329e+05  1.78957e+01  1.79214e+01
4.610290201e+00  1.6979939e+01         -inf  6.89329e+05  1.69799e+01  1.70090e+01
4.628731362e+00  1.6281746e+01         -inf  6.89329e+05  1.62817e+01  1.63128e+01
4.647246288e+00  1.5935647e+01         -inf  6.89329e+05  1.59356e+01  1.59683e+01
4.665835273e+00  1.5716748e+01         -inf  6.89329e+05  1.57167e+01  1.57509e+01
4.684498614e+00  1.8785449e+01         -inf  6.89329e+05  1.87854e+01  1.88205e+01
4.703236608e+00  2.8968138e+01         -inf  6.89329e+05  2.89681e+01  2.89988e+01
4.722049555e+00  2.9332881e+01         -inf  6.89329e+05  2.93329e+01  2.93646e+01
4.740937753e+00  2.6696582e+01         -inf  6.89329e+05  2.66966e+01  2.67315e+01
4.759901504e+00  2.8525051e+01         -inf  6.89329e+05  2.85251e+01  2.85611e+01
4.778941110e+00  2.7343745e+01         -inf  6.89329e+05  2.73437e+01  2.73796e+01
4.798056874e+00  2.5038370e+01         -inf  6.89329e+05  2.50384e+01  2.50753e+01
4.817249102e+00  2.4554513e+01         -inf  6.89329e+05  2.45545e+01  2.45811e+01
4.836518098e+00  2.2828905e+01         -inf  6.89329e+05  2.28289e+01  2.28631e+01
4.855864171e+00  2.0638171e+01         -inf  6.89329e+05  2.06382e+01  2.06719e+01
4.875287627e+00  1.9094832e+01         -inf  6.89329e+05  1.90948e+01  1.91355e+01
4.894788778e+00  1.7858090e+01         -inf  6.89329e+05  1.78581e+01  1.79066e+01
4.914367933e+00  1.7676749e+01         -inf  6.89329e+05  1.76767e+01  1.77299e+01
4.934025405e+00  1.6716397e+01         -inf  6.89329e+05  1.67164e+01  1.67747e+01
4.953761506e+00  1.6377203e+01         -inf  6.89329e+05  1.63772e+01  1.64377e+01
4.973576552e+00  1.5906266e+01         -inf  6.89329e+05  1.59063e+01  1.59694e+01
4.993470859e+00  1.5600066e+01         -inf  6.89329e+05  1.56001e+01  1.56658e+01
5.013444742e+00  1.5320781e+01         -inf  6.89329e+05  1.53208e+01  1.53891e+01
5.033498521e+00  1.5190135e+01         -inf  6.89329e+05  1.51901e+01  1.52611e+01
5.053632515e+00  1.5099533e+01         -inf  6.89329e+05  1.50995e+01  1.51733e+01
5.073847045e+00  1.5111881e+01         -inf  6.89329e+05  1.51119e+01  1.51883e+01
5.094142433e+00  1.5170905e+01         -inf  6.89329e+05  1.51709e+01  1.52498e+01
5.114519003e+00  1.5154195e+01         -inf  6.89329e+05  1.51542e+01  1.52362e+01
5.134977079e+00  1.5041367e+01         -inf  6.89329e+05  1.50414e+01  1.51268e+01
5.155516987e+00  1.5175579e+01         -inf  6.89329e+05  1.51756e+01  1.52636e+01
5.176139055e+00  1.7242032e+01         -inf  6.89329e+05  1.72420e+01  1.73187e+01
5.196843612e+00  1.5726746e+01         -inf  6.89329e+05  1.57267e+01  1.58149e+01
5.217630986e+00  1.6125156e+01         -inf  6.89329e+05  1.61252e+01  1.62114e+01
5.238501510e+00  1.5832996e+01         -inf  6.89329e+05  1.58330e+01  1.59241e+01
5.259455516e+00  1.5614359e+01         -inf  6.89329e+05  1.56144e+01  1.57119e+01
5.280493338e+00  1.5310508e+01         -inf  6.89329e+05  1.53105e+01  1.54145e+01
5.301615311e+00  1.5167150e+01         -inf  6.89329e+05  1.51672e+01  1.52753e+01
5.322821773e+00  1.5367200e+01         -inf  6.89329e+05  1.53672e+01  1.54771e+01
5.344113060e+00  1.5188569e+01         -inf  6.89329e+05  1.51886e+01  1.53002e+01
5.365489512e+00  1.5243657e+01         -inf  6.89329e+05  1.52437e+01  1.53563e+01
5.386951470e+00  1.5286058e+01         -inf  6.89329e+05  1.52861e+01  1.53996e+01
5.408499276e+00  1.5356122e+01         -inf  6.89329e+05  1.53561e+01  1.54703e+01
5.430133273e+00  1.5407560e+01         -inf  6.89329e+05  1.54076e+01  1.55227e+01
5.451853806e+00  1.5461292e+01         -inf  6.89329e+05  1.54613e+01  1.55768e+01
5.473661221e+00  1.5688967e+01         -inf  6.89329e+05  1.56890e+01  1.58043e+01
5.495555866e+00  1.5912245e+01         -inf  6.89329e+05  1.59122e+01  1.60270e+01
5.517538090e+00  1.5967378e+01         -inf  6.89329e+05  1.59674e+01  1.60819e+01
5.539608242e+00  1.5827673e+01         -inf  6.89329e+05  1.58277e+01  1.59418e+01
5.561766675e+00  1.5500944e+01         -inf  6.89329e+05  1.55009e+01  1.56148e+01
5.584013742e+00  1.5667867e+01         -inf  6.89329e+05  1.56679e+01  1.57816e+01
5.606349797e+00  1.5815273e+01         -inf  6.89329e+05  1.58153e+01  1.59289e+01
5.628775196e+00  1.5751938e+01         -inf  6.89329e+05  1.57519e+01  1.58656e+01
5.651290297e+00  1.5604912e+01         -inf  6.89329e+05  1.56049e+01  1.57188e+01
5.673895458e+00  1.5566333e+01         -inf  6.89329e+05  1.55663e+01  1.56802e+01
5.696591040e+00  1.5545889e+01         -inf  6.89329e+05  1.55459e+01  1.56599e+01
5.719377404e+00  1.6322971e+01         -inf  6.89329e+05  1.63230e+01  1.64369e+01
5.742254913e+00  1.8765777e+01         -inf  6.89329e+05  1.87658e+01  1.88786e+01
5.765223933e+00  1.8176066e+01         -inf  6.89329e+05  1.81761e+01  1.82888e+01
5.788284829e+00  1.7342350e+01         -inf  6.89329e+05  1.73424e+01  1.74553e+01
5.811437968e+00  1.7487000e+01         -inf  6.89329e+05  1.74870e+01  1.75997e+01
5.834683720e+00  1.7814784e+01         -inf  6.89329e+05  1.78148e+01  1.79274e+01
5.858022455e+00  1.7535036e+01         -inf  6.89329e+05  1.75350e+01  1.76486e+01
5.881454545e+00  1.7048277e+01         -inf  6.89329e+05  1.70483e+01  1.71633e+01
5.904980363e+00  1.6564898e+01         -inf  6.89329e+05  1.65649e+01  1.66817e+01
5.928600284e+00  1.6226044e+01         -inf  6.89329e+05  1.62260e+01  1.63446e+01
5.952314685e+00  1.6082477e+01         -inf  6.89329e+05  1.60825e+01  1.62029e+01
5.976123944e+00  1.6028299e+01         -inf  6.89329e+05  1.60283e+01  1.61515e+01
6.000028440e+00  1.6094535e+01         -inf  6.89329e+05  1.60945e+01  1.62208e+01
6.024028554e+00  1.6176450e+01         -inf  6.89329e+05  1.61764e+01  1.63063e+01
6.048124668e+00  1.6300100e+01         -inf  6.89329e+05  1.63001e+01  1.64344e+01
6.072317167e+00  1.6431132e+01         -inf  6.89329e+05  1.64311e+01  1.65701e+01
6.096606435e+00  1.6551081e+01         -inf  6.89329e+05  1.65511e+01  1.66951e+01
6.120992861e+00  1.6692270e+01         -inf  6.89329e+05  1.66923e+01  1.68421e+01
6.145476832e+00  1.6785568e+01         -inf  6.89329e+05  1.67856e+01  1.69416e+01
6.170058740e+00  1.6881918e+01         -inf  6.89329e+05  1.68819e+01  1.70448e+01
6.194738975e+00  1.6949514e+01         -inf  6.89329e+05  1.69495e+01  1.71189e+01
6.219517931e+00  1.7001038e+01         -inf  6.89329e+05  1.70010e+01  1.71766e+01
6.244396002e+00  1.7023932e+01         -inf  6.89329e+05  1.70239e+01  1.72048e+01
6.269373586e+00  1.7010232e+01         -inf  6.89329e+05  1.70102e+01  1.71954e+01
6.294451081e+00  1.7071341e+01         -inf  6.89329e+05  1.70713e+01  1.72600e+01
6.319628885e+00  1.7074398e+01         -inf  6.89329e+05  1.70744e+01  1.72657e+01
6.344907401e+00  1.7196987e+01         -inf  6.89329e+05  1.71970e+01  1.73902e+01
6.370287030e+00  1.7327810e+01         -inf  6.89329e+05  1.73278e+01  1.75226e+01
6.395768178e+00  1.7528376e+01         -inf  6.89329e+05  1.75284e+01  1.77247e+01
6.421351251e+00  1.7717217e+01         -inf  6.89329e+05  1.77172e+01  1.79162e+01
6.447036656e+00  1.7700732e+01         -inf  6.89329e+05  1.77007e+01  1.79047e+01
6.472824803e+00  1.7566113e+01         -inf  6.89329e+05  1.75661e+01  1.77775e+01
6.498716102e+00  1.7615039e+01         -inf  6.89329e+05  1.76150e+01  1.78343e+01
6.524710966e+00  1.7033899e+01         -inf  6.89329e+05  1.70339e+01  1.72650e+01
6.550809810e+00  1.6729805e+01         -inf  6.89329e+05  1.67298e+01  1.69722e+01
6.577013049e+00  1.6596689e+01         -inf  6.89329e+05  1.65967e+01  1.68506e+01
6.603321102e+00  1.6477496e+01         -inf  6.89329e+05  1.64775e+01  1.67442e+01
6.629734386e+00  1.6364564e+01         -inf  6.89329e+05  1.63646e+01  1.66449e+01
6.656253324e+00  1.6276514e+01         -inf  6.89329e+05  1.62765e+01  1.65713e+01
6.682878337e+00  1.6132945e+01         -inf  6.89329e+05  1.61329e+01  1.64435e+01
6.709609850e+00  1.6003321e+01         -inf  6.89329e+05  1.60033e+01  1.63309e+01
6.736448290e+00  1.5914893e+01         -inf  6.89329e+05  1.59149e+01  1.62601e+01
6.763394083e+00  1.5719542e+01         -inf  6.89329e+05  1.57195e+01  1.60845e+01
6.790447659e+00  1.5754082e+01         -inf  6.89329e+05  1.57541e+01  1.61394e+01
6.817609450e+00  1.5519128e+01         -inf  6.89329e+05  1.55191e+01  1.59278e+01
6.844879888e+00  1.5397798e+01         -inf  6.89329e+05  1.53978e+01  1.58302e+01
6.872259407e+00  1.5288429e+01         -inf  6.89329e+05  1.52884e+01  1.57451e+01
6.899748445e+00  1.5250435e+01         -inf  6.89329e+05  1.52504e+01  1.57325e+01
6.927347438e+00  1.5065920e+01         -inf  6.89329e+05  1.50659e+01  1.55766e+01
6.955056828e+00  1.4911966e+01         -inf  6.89329e+05  1.49120e+01  1.54533e+01
6.982877056e+00  1.4898019e+01         -inf  6.89329e+05  1.48980e+01  1.54711e+01
7.010808564e+00  1.4829567e+01         -inf  6.89329e+05  1.48296e+01  1.54373e+01
7.038851798e+00  1.4706634e+01         -inf  6.89329e+05  1.47066e+01  1.53528e+01
7.067007205e+00  1.4627826e+01         -inf  6.89329e+05  1.46278e+01  1.53126e+01
7.095275234e+00  1.4539325e+01         -inf  6.89329e+05  1.45393e+01  1.52665e+01
7.123656335e+00  1.4457853e+01         -inf  6.89329e+05  1.44579e+01  1.52281e+01
7.152150960e+00  1.4436099e+01         -inf  6.89329e+05  1.44361e+01  1.52521e+01
7.180759564e+00  1.4411329e+01         -inf  6.89329e+05  1.44113e+01  1.52737e+01
7.209482602e+00  1.4481732e+01         -inf  6.89329e+05  1.44817e+01  1.53884e+01
7.238320533e+00  1.4617177e+01         -inf  6.89329e+05  1.46172e+01  1.55622e+01
7.267273815e+00  1.4840657e+01         -inf  6.89329e+05  1.48407e+01  1.58175e+01
7.296342910e+00  1.4784676e+01         -inf  6.89329e+05  1.47847e+01  1.58005e+01
7.325528282e+00  1.5245193e+01         -inf  6.89329e+05  1.52452e+01  1.62674e+01
7.354830395e+00  1.5763549e+01         -inf  6.89329e+05  1.57635e+01  1.67750e+01
7.384249717e+00  1.6430450e+01         -inf  6.89329e+05  1.64304e+01  1.74178e+01
7.413786715e+00  1.5982152e+01         -inf  6.89329e+05  1.59822e+01  1.70314e+01
7.443441862e+00  1.6654573e+01         -inf  6.89329e+05  1.66546e+01  1.76835e+01
7.473215630e+00  1.6246438e+01         -inf  6.89329e+05  1.62464e+01  1.73322e+01
7.503108492e+00  1.6636797e+01         -inf  6.89329e+05  1.66368e+01  1.77164e+01
7.533120926e+00  1.6047501e+01         -inf  6.89329e+05  1.60475e+01  1.71998e+01
7.563253410e+00  1.5209903e+01         -inf  6.89329e+05  1.52099e+01  1.64620e+01
7.593506424e+00  1.5372935e+01         -inf  6.89329e+05  1.53729e+01  1.66478e+01
7.623880449e+00  1.6353752e+01         -inf  6.89329e+05  1.63538e+01  1.75714e+01
7.654375971e+00  2.0409091e+01         -inf  6.89329e+05  2.04091e+01  2.12891e+01
7.684993475e+00  2.0769212e+01         -inf  6.89329e+05  2.07692e+01  2.16042e+01
7.715733449e+00  1.9436526e+01         -inf  6.89329e+05  1.94365e+01  2.04342e+01
7.746596383e+00  1.8100554e+01         -inf  6.89329e+05  1.81006e+01  1.92494e+01
7.777582768e+00  1.7004087e+01         -inf  6.89329e+05  1.70041e+01  1.83002e+01
7.808693099e+00  1.7747973e+01         -inf  6.89329e+05  1.77480e+01  1.89953e+01
7.839927872e+00  1.8301863e+01         -inf  6.89329e+05  1.83019e+01  1.94963e+01
7.871287583e+00  1.8342816e+01         -inf  6.89329e+05  1.83428e+01  1.95452e+01
7.902772733e+00  1.7419151e+01         -inf  6.89329e+05  1.74192e+01  1.87412e+01
7.934383824e+00  1.6730396e+01         -inf  6.89329e+05  1.67304e+01  1.81511e+01
7.966121360e+00  1.5648043e+01         -inf  6.89329e+05  1.56480e+01  1.72166e+01
7.997985845e+00  1.5005583e+01         -inf  6.89329e+05  1.50056e+01  1.66640e+01
8.029977788e+00  1.4863652e+01         -inf  6.89329e+05  1.48637e+01  1.65697e+01
8.062097700e+00  1.4330193e+01         -inf  6.89329e+05  1.43302e+01  1.61274e+01
8.094346090e+00  1.4085556e+01         -inf  6.89329e+05  1.40856e+01  1.59367e+01
8.126723475e+00  1.3727690e+01         -inf  6.89329e+05  1.37277e+01  1.56462e+01
8.159230369e+00  1.3491855e+01         -inf  6.89329e+05  1.34919e+01  1.54624e+01
8.191867290e+00  1.3567613e+01         -inf  6.89329e+05  1.35676e+01  1.55737e+01
8.224634759e+00  1.3337136e+01         -inf  6.89329e+05  1.33371e+01  1.53941e+01
8.257533298e+00  1.3372831e+01         -inf  6.89329e+05  1.33728e+01  1.54723e+01
8.290563432e+00  1.3299719e+01         -inf  6.89329e+05  1.32997e+01  1.54438e+01
8.323725685e+00  1.3470632e+01         -inf  6.89329e+05  1.34706e+01  1.56551e+01
8.357020588e+00  1.3621145e+01         -inf  6.89329e+05  1.36211e+01  1.58460e+01
8.390448670e+00  1.3918417e+01         -inf  6.89329e+05  1.39184e+01  1.61785e+01
8.424010465e+00  1.4139834e+01         -inf  6.89329e+05  1.41398e+01  1.64379e+01
8.457706507e+00  1.4436082e+01         -inf  6.89329e+05  1.44361e+01  1.67654e+01
8.491537333e+00  1.4642248e+01         -inf  6.89329e+05  1.46422e+01  1.70197e+01
8.525503482e+00  1.4830540e+01         -inf  6.89329e+05  1.48305e+01  1.72576e+01
8.559605496e+00  1.4794476e+01         -inf  6.89329e+05  1.47945e+01  1.72836e+01
8.593843918e+00  1.5013011e+01         -inf  6.89329e+05  1.50130e+01  1.75349e+01
8.628219294e+00  1.5252094e+01         -inf  6.89329e+05  1.52521e+01  1.78113e+01
8.662732171e+00  1.5130266e+01         -inf  6.89329e+05  1.51303e+01  1.77381e+01
8.697383100e+00  1.5814737e+01         -inf  6.89329e+05  1.58147e+01  1.84733e+01
8.732172632e+00  1.5832874e+01         -inf  6.89329e+05  1.58329e+01  1.85511e+01
8.767101323e+00  1.5882682e+01         -inf  6.89329e+05  1.58827e+01  1.86575e+01
8.802169728e+00  1.6861967e+01         -inf  6.89329e+05  1.68620e+01  1.96773e+01
8.837378407e+00  1.6959054e+01         -inf  6.89329e+05  1.69591e+01  1.98177e+01
8.872727920e+00  1.6600721e+01         -inf  6.89329e+05  1.66007e+01  1.95109e+01
8.908218832e+00  1.6644979e+01         -inf  6.89329e+05  1.66450e+01  1.96099e+01
8.943851707e+00  1.6748379e+01         -inf  6.89329e+05  1.67484e+01  1.97711e+01
8.979627114e+00  1.6276361e+01         -inf  6.89329e+05  1.62764e+01  1.93693e+01
9.015545623e+00  1.5672945e+01         -inf  6.89329e+05  1.56729e+01  1.88400e+01
9.051607805e+00  1.6174343e+01         -inf  6.89329e+05  1.61743e+01  1.93966e+01
9.087814236e+00  1.6148803e+01         -inf  6.89329e+05  1.61488e+01  1.94376e+01
9.124165493e+00  1.6204884e+01         -inf  6.89329e+05  1.62049e+01  1.95749e+01
9.160662155e+00  1.6528133e+01         -inf  6.89329e+05  1.65281e+01  1.99965e+01
9.197304804e+00  1.7308874e+01         -inf  6.89329e+05  1.73089e+01  2.08369e+01
9.234094023e+00  1.6747513e+01         -inf  6.89329e+05  1.67475e+01  2.03156e+01
9.271030399e+00  1.6568982e+01         -inf  6.89329e+05  1.65690e+01  2.01729e+01
9.308114521e+00  1.7309958e+01         -inf  6.89329e+05  1.73100e+01  2.09747e+01
9.345346979e+00  1.9928237e+01         -inf  6.89329e+05  1.99282e+01  2.36106e+01
9.382728367e+00  2.8174751e+01         -inf  6.89329e+05  2.81748e+01  3.15032e+01
9.420259280e+00  3.4060107e+01         -inf  6.89329e+05  3.40601e+01  3.66910e+01
9.457940318e+00  3.5874021e+01         -inf  6.89329e+05  3.58740e+01  3.81929e+01
9.495772079e+00  3.6919686e+01         -inf  6.89329e+05  3.69197e+01  3.90160e+01
9.533755167e+00  3.5523401e+01         -inf  6.89329e+05  3.55234e+01  3.79180e+01
9.571890188e+00  2.9841711e+01         -inf  6.89329e+05  2.98417e+01  3.31994e+01
9.610177749e+00  3.5688957e+01         -inf  6.89329e+05  3.56890e+01  3.81872e+01
9.648618460e+00  3.6784928e+01         -inf  6.89329e+05  3.67849e+01  3.93497e+01
9.687212933e+00  3.5300313e+01         -inf  6.89329e+05  3.53003e+01  3.81721e+01
9.725961785e+00  3.3950311e+01         -inf  6.89329e+05  3.39503e+01  3.68861e+01
9.764865632e+00  3.4388200e+01         -inf  6.89329e+05  3.43882e+01  3.73713e+01
9.803925095e+00  3.3422116e+01         -inf  6.89329e+05  3.34221e+01  3.66110e+01
9.843140795e+00  3.2039810e+01         -inf  6.89329e+05  3.20398e+01  3.54879e+01
9.882513358e+00  3.0264623e+01         -inf  6.89329e+05  3.02646e+01  3.40448e+01
9.922043412e+00  2.8364203e+01         -inf  6.89329e+05  2.83642e+01  3.24563e+01
9.961731585e+00  2.6749537e+01         -inf  6.89329e+05  2.67495e+01  3.11150e+01
1.000157851e+01  2.4373964e+01         -inf  6.89329e+05  2.43740e+01  2.89994e+01
1.004158483e+01  2.1269665e+01         -inf  6.89329e+05  2.12697e+01  2.61543e+01
1.008175117e+01  1.9589514e+01         -inf  6.89329e+05  1.95895e+01  2.46521e+01
1.012207817e+01  1.7115378e+01         -inf  6.89329e+05  1.71154e+01  2.23852e+01
1.016256648e+01  1.5096085e+01         -inf  6.89329e+05  1.50961e+01  2.05201e+01
1.020321675e+01  1.3158105e+01         -inf  6.89329e+05  1.31581e+01  1.86921e+01
1.024402962e+01  1.1877930e+01         -inf  6.89329e+05  1.18779e+01  1.74964e+01
1.028500573e+01  1.0989680e+01         -inf  6.89329e+05  1.09897e+01  1.66843e+01
1.032614576e+01  1.0251709e+01         -inf  6.89329e+05  1.02517e+01  1.60431e+01
1.036745034e+01  9.7055700e+00         -inf  6.89329e+05  9.70557e+00  1.56224e+01
1.040892014e+01  9.2873908e+00         -inf  6.89329e+05  9.28739e+00  1.52793e+01
1.045055582e+01  9.2465890e+00         -inf  6.89329e+05  9.24659e+00  1.53575e+01
1.049235805e+01  9.0682212e+00         -inf  6.89329e+05  9.06822e+00  1.52654e+01
1.053432748e+01  8.9645495e+00         -inf  6.89329e+05  8.96455e+00  1.52525e+01
1.057646479e+01  8.8392042e+00         -inf  6.89329e+05  8.83920e+00  1.52324e+01
1.061877065e+01  8.7001832e+00         -inf  6.89329e+05  8.70018e+00  1.52026e+01
1.066124573e+01  8.5616859e+00         -inf  6.89329e+05  8.56169e+00  1.51713e+01
1.070389071e+01  8.4288213e+00         -inf  6.89329e+05  8.42882e+00  1.51391e+01
1.074670627e+01  8.3370989e+00         -inf  6.89329e+05  8.33710e+00  1.51368e+01
1.078969310e+01  8.1731318e+00         -inf  6.89329e+05  8.17313e+00  1.50717e+01
1.083285187e+01  8.0358490e+00         -inf  6.89329e+05  8.03585e+00  1.50352e+01
1.087618328e+01  7.9270120e+00         -inf  6.89329e+05  7.92701e+00  1.50187e+01
1.091968801e+01  7.8171223e+00         -inf  6.89329e+05  7.81712e+00  1.50055e+01
1.096336676e+01  7.7107739e+00         -inf  6.89329e+05  7.71077e+00  1.50008e+01
1.100722023e+01  7.6233764e+00         -inf  6.89329e+05  7.62338e+00  1.50093e+01
1.105124911e+01  7.5030980e+00         -inf  6.89329e+05  7.50310e+00  1.49947e+01
1.109545411e+01  7.4004563e+00         -inf  6.89329e+05  7.40046e+00  1.49953e+01
1.113983593e+01  7.2895174e+00         -inf  6.89329e+05  7.28952e+00  1.49892e+01
1.118439527e+01  7.1836503e+00         -inf  6.89329e+05  7.18365e+00  1.49878e+01
1.122913285e+01  7.0745708e+00         -inf  6.89329e+05  7.07457e+00  1.49890e+01
1.127404938e+01  6.9584002e+00         -inf  6.89329e+05  6.95840e+00  1.49828e+01
1.131914558e+01  6.8419947e+00         -inf  6.89329e+05  6.84199e+00  1.49797e+01
1.136442216e+01  6.7252418e+00         -inf  6.89329e+05  6.72524e+00  1.49792e+01
1.140987985e+01  6.6084998e+00         -inf  6.89329e+05  6.60850e+00  1.49798e+01
1.145551937e+01  6.4955234e+00         -inf  6.89329e+05  6.49552e+00  1.49835e+01
1.150134145e+01  6.3767332e+00         -inf  6.89329e+05  6.37673e+00  1.49834e+01
1.154734681e+01  6.2504236e+00         -inf  6.89329e+05  6.25042e+00  1.49881e+01
1.159353620e+01  6.1201655e+00         -inf  6.89329e+05  6.12017e+00  1.49892e+01
1.163991035e+01  6.0059855e+00         -inf  6.89329e+05  6.00599e+00  1.49838e+01
1.168646999e+01  5.8873296e+00         -inf  6.89329e+05  5.88733e+00  1.49922e+01
1.173321587e+01  5.7691188e+00         -inf  6.89329e+05  5.76912e+00  1.50011e+01
1.178014873e+01  5.6408209e+00         -inf  6.89329e+05  5.64082e+00  1.50028e+01
1.182726932e+01  5.5195622e+00         -inf  6.89329e+05  5.51956e+00  1.50142e+01
1.187457840e+01  5.3909001e+00         -inf  6.89329e+05  5.39090e+00  1.50158e+01
1.192207672e+01  5.2828027e+00         -inf  6.89329e+05  5.28280e+00  1.50399e+01
1.196976502e+01  5.1532952e+00         -inf  6.89329e+05  5.15330e+00  1.50461e+01
1.201764408e+01  5.0548975e+00         -inf  6.89329e+05  5.05490e+00  1.50932e+01
1.206571466e+01  4.8938930e+00         -inf  6.89329e+05  4.89389e+00  1.51767e+01
1.211397752e+01  4.7982280e+00         -inf  6.89329e+05  4.79823e+00  1.51378e+01
1.216243343e+01  4.7414942e+00         -inf  6.89329e+05  4.74149e+00  1.52424e+01
1.221108316e+01  4.5839237e+00         -inf  6.89329e+05  4.58392e+00  1.52435e+01
1.225992749e+01  4.5639736e+00         -inf  6.89329e+05  4.56397e+00  1.53662e+01
1.230896720e+01  4.4908176e+00         -inf  6.89329e+05  4.49082e+00  1.54286e+01
1.235820307e+01  4.4383228e+00         -inf  6.89329e+05  4.43832e+00  1.55069e+01
1.240763589e+01  4.4749981e+00         -inf  6.89329e+05  4.47500e+00  1.56740e+01
1.245726643e+01  4.2982941e+00         -inf  6.89329e+05  4.29829e+00  1.56434e+01
1.250709549e+01  4.4249313e+00         -inf  6.89329e+05  4.42493e+00  1.59206e+01
1.255712388e+01  4.1393040e+00         -inf  6.89329e+05  4.13930e+00  1.58265e+01
1.260735237e+01  5.3611104e+00         -inf  6.89329e+05  5.36111e+00  1.66905e+01
1.265778178e+01  5.0488977e+00         -inf  6.89329e+05  5.04890e+00  1.66116e+01
1.270841291e+01  4.0539793e+00         -inf  6.89329e+05  4.05398e+00  1.62302e+01
1.275924656e+01  4.3446714e+00         -inf  6.89329e+05  4.34467e+00  1.66577e+01
1.281028355e+01  4.1172477e+00         -inf  6.89329e+05  4.11725e+00  1.66097e+01
1.286152468e+01  4.4930849e+00         -inf  6.89329e+05  4.49308e+00  1.70889e+01
1.291297078e+01  4.2380078e+00         -inf  6.89329e+05  4.23801e+00  1.69170e+01
1.296462266e+01  5.4060832e+00         -inf  6.89329e+05  5.40608e+00  1.80493e+01
1.301648115e+01  4.8534596e+00         -inf  6.89329e+05  4.85346e+00  1.73952e+01
1.306854708e+01  5.8893215e+00         -inf  6.89329e+05  5.88932e+00  1.83890e+01
1.312082127e+01  5.7244535e+00         -inf  6.89329e+05  5.72445e+00  1.80503e+01
1.317330455e+01  6.6417317e+00         -inf  6.89329e+05  6.64173e+00  1.84305e+01
1.322599777e+01  8.7519241e+00         -inf  6.89329e+05  8.75192e+00  1.97381e+01
1.327890176e+01  8.4662311e+00         -inf  6.89329e+05  8.46623e+00  1.90598e+01
1.333201737e+01  1.1056985e+01         -inf  6.89329e+05  1.10570e+01  2.11352e+01
1.338534544e+01  1.0350768e+01         -inf  6.89329e+05  1.03508e+01  2.00762e+01
1.343888682e+01  1.3036770e+01         -inf  6.89329e+05  1.30368e+01  2.23126e+01
1.349264237e+01  1.8597314e+01         -inf  6.89329e+05  1.85973e+01  2.62341e+01
1.354661294e+01  1.4808423e+01         -inf  6.89329e+05  1.48084e+01  2.31723e+01
1.360079939e+01  1.6009386e+01         -inf  6.89329e+05  1.60094e+01  2.43559e+01
1.365520258e+01  1.5225418e+01         -inf  6.89329e+05  1.52254e+01  2.36257e+01
1.370982339e+01  1.6270474e+01         -inf  6.89329e+05  1.62705e+01  2.49621e+01
1.376466269e+01  1.3925591e+01         -inf  6.89329e+05  1.39256e+01  2.30544e+01
1.381972134e+01  1.6742853e+01         -inf  6.89329e+05  1.67429e+01  2.56450e+01
1.387500022e+01  2.9087145e+01         -inf  6.89329e+05  2.90871e+01  3.58363e+01
1.393050023e+01  1.9933820e+01         -inf  6.89329e+05  1.99338e+01  2.77160e+01
1.398622223e+01  1.8021810e+01         -inf  6.89329e+05  1.80218e+01  2.61673e+01
1.404216712e+01  1.9888169e+01         -inf  6.89329e+05  1.98882e+01  2.75031e+01
1.409833578e+01  2.0686280e+01         -inf  6.89329e+05  2.06863e+01  2.80588e+01
1.415472913e+01  2.2149623e+01         -inf  6.89329e+05  2.21496e+01  2.90531e+01
1.421134804e+01  2.5052595e+01         -inf  6.89329e+05  2.50526e+01  3.16137e+01
1.426819344e+01  2.6044293e+01         -inf  6.89329e+05  2.60443e+01  3.23534e+01
1.432526621e+01  2.6849781e+01         -inf  6.89329e+05  2.68498e+01  3.30801e+01
1.438256727e+01  2.9251803e+01         -inf  6.89329e+05  2.92518e+01  3.54943e+01
1.444009754e+01  3.0403689e+01         -inf  6.89329e+05  3.04037e+01  3.68918e+01
1.449785793e+01  3.0755104e+01         -inf  6.89329e+05  3.07551e+01  3.71529e+01
1.455584937e+01  3.1346748e+01         -inf  6.89329e+05  3.13467e+01  3.81060e+01
1.461407276e+01  3.2694327e+01         -inf  6.89329e+05  3.26943e+01  3.98805e+01
1.467252905e+01  3.2327227e+01         -inf  6.89329e+05  3.23272e+01  3.95588e+01
1.473121917e+01  3.2279509e+01         -inf  6.89329e+05  3.22795e+01  3.96275e+01
1.479014405e+01  3.3102550e+01         -inf  6.89329e+05  3.31025e+01  4.08501e+01
1.484930462e+01  3.2848147e+01         -inf  6.89329e+05  3.28481e+01  4.05991e+01
1.490870184e+01  3.4380428e+01         -inf  6.89329e+05  3.43804e+01  4.25200e+01
1.496833665e+01  4.5404994e+01         -inf  6.89329e+05  4.54050e+01  5.72434e+01
1.502821000e+01  3.4235821e+01         -inf  6.89329e+05  3.42358e+01  4.23849e+01
1.508832284e+01  3.5017773e+01         -inf  6.89329e+05  3.50178e+01  4.36753e+01
1.514867613e+01  3.1837191e+01         -inf  6.89329e+05  3.18372e+01  3.99869e+01
1.520927083e+01  3.0748126e+01         -inf  6.89329e+05  3.07481e+01  3.85825e+01
1.527010791e+01  3.1380789e+01         -inf  6.89329e+05  3.13808e+01  3.96223e+01
1.533118835e+01  3.2099958e+01         -inf  6.89329e+05  3.21000e+01  4.05822e+01
1.539251310e+01  3.4161239e+01         -inf  6.89329e+05  3.41612e+01  4.32467e+01
1.545408315e+01  3.0265033e+01         -inf  6.89329e+05  3.02650e+01  3.86377e+01
1.551589948e+01  2.9782626e+01         -inf  6.89329e+05  2.97826e+01  3.80426e+01
1.557796308e+01  2.7905129e+01         -inf  6.89329e+05  2.79051e+01  3.61060e+01
1.564027493e+01  2.5975078e+01         -inf  6.89329e+05  2.59751e+01  3.41098e+01
1.570283603e+01  2.6005804e+01         -inf  6.89329e+05  2.60058e+01  3.44638e+01
1.576564738e+01  2.4399836e+01         -inf  6.89329e+05  2.43998e+01  3.30442e+01
1.582870997e+01  2.2247287e+01         -inf  6.89329e+05  2.22473e+01  3.14065e+01
1.589202481e+01  2.0616178e+01         -inf  6.89329e+05  2.06162e+01  3.01787e+01
1.595559291e+01  1.6947406e+01         -inf  6.89329e+05  1.69474e+01  2.75307e+01
1.601941528e+01  1.6394355e+01         -inf  6.89329e+05  1.63944e+01  2.74102e+01
1.608349294e+01  1.0969794e+01         -inf  6.89329e+05  1.09698e+01  2.38701e+01
1.614782691e+01  1.3907777e+01         -inf  6.89329e+05  1.39078e+01  2.60931e+01
1.621241822e+01  2.3703145e+01         -inf  6.89329e+05  2.37031e+01  3.44286e+01
1.627726789e+01  1.0950789e+01         -inf  6.89329e+05  1.09508e+01  2.42652e+01
1.634237696e+01  8.0450564e+00         -inf  6.89329e+05  8.04506e+00  2.23207e+01
1.640774647e+01  1.0043605e+01         -inf  6.89329e+05  1.00436e+01  2.37523e+01
1.647337746e+01  9.3817173e+00         -inf  6.89329e+05  9.38172e+00  2.36845e+01
1.653927097e+01  7.6557197e+00         -inf  6.89329e+05  7.65572e+00  2.23814e+01
1.660542805e+01  6.4698832e+00         -inf  6.89329e+05  6.46988e+00  2.17631e+01
1.667184976e+01  5.3640750e+00         -inf  6.89329e+05  5.36407e+00  2.14241e+01
1.673853716e+01  1.1535132e+01         -inf  6.89329e+05  1.15351e+01  2.59547e+01
1.680549131e+01  4.3507943e+00         -inf  6.89329e+05  4.35079e+00  2.13809e+01
1.687271328e+01  2.4059520e+00         -inf  6.89329e+05  2.40595e+00  2.01180e+01
1.694020413e+01  2.3445687e+00         -inf  6.89329e+05  2.34457e+00  2.06833e+01
1.700796495e+01  5.5789900e-01         -inf  6.89329e+05  5.57899e-01  1.94724e+01
1.707599681e+01 -2.9427278e+00         -inf  6.89329e+05 -2.94273e+00  1.79780e+01
1.714430079e+01 -3.3241860e+00         -inf  6.89329e+05 -3.32419e+00  1.79847e+01
1.721287800e+01 -4.7026386e+00         -inf  6.89329e+05 -4.70264e+00  1.75187e+01
1.728172951e+01 -6.2971730e+00         -inf  6.89329e+05 -6.29717e+00  1.71040e+01
1.735085643e+01 -6.5270634e+00         -inf  6.89329e+05 -6.52706e+00  1.72267e+01
1.742025985e+01 -9.2110540e+00         -inf  6.89329e+05 -9.21105e+00  1.63289e+01
1.748994089e+01 -8.8743230e+00         -inf  6.89329e+05 -8.87432e+00  1.64810e+01
1.755990065e+01 -1.0142960e+01         -inf  6.89329e+05 -1.01430e+01  1.61997e+01
1.763014026e+01 -1.1101132e+01         -inf  6.89329e+05 -1.11011e+01  1.58518e+01
1.770066082e+01 -1.1589442e+01         -inf  6.89329e+05 -1.15894e+01  1.57767e+01
1.777146346e+01 -1.2098327e+01         -inf  6.89329e+05 -1.20983e+01  1.57118e+01
1.784254932e+01 -1.2966405e+01         -inf  6.89329e+05 -1.29664e+01  1.54715e+01
1.791391951e+01 -1.3193051e+01         -inf  6.89329e+05 -1.31931e+01  1.53794e+01
1.798557519e+01 -1.3649248e+01         -inf  6.89329e+05 -1.36492e+01  1.52956e+01
1.805751749e+01 -1.4090874e+01         -inf  6.89329e+05 -1.40909e+01  1.51927e+01
1.812974756e+01 -1.4249885e+01         -inf  6.89329e+05 -1.42499e+01  1.52159e+01
1.820226655e+01 -1.4728016e+01         -inf  6.89329e+05 -1.47280e+01  1.50986e+01
1.827507562e+01 -1.4286899e+01         -inf  6.89329e+05 -1.42869e+01  1.52928e+01
1.834817592e+01 -9.9391502e+00         -inf  6.89329e+05 -9.93915e+00  1.69564e+01
1.842156862e+01 -1.5416820e+01         -inf  6.89329e+05 -1.54168e+01  1.50360e+01
1.849525490e+01 -1.5706801e+01         -inf  6.89329e+05 -1.57068e+01  1.50337e+01
1.856923592e+01 -1.5686858e+01         -inf  6.89329e+05 -1.56869e+01  1.51185e+01
1.864351286e+01 -1.5841400e+01         -inf  6.89329e+05 -1.58414e+01  1.51346e+01
1.871808691e+01 -1.6010421e+01         -inf  6.89329e+05 -1.60104e+01  1.51444e+01
1.879295926e+01 -1.6222666e+01         -inf  6.89329e+05 -1.62227e+01  1.51173e+01
1.886813110e+01 -1.6601238e+01         -inf  6.89329e+05 -1.66012e+01  1.50545e+01
1.894360362e+01 -1.6566994e+01         -inf  6.89329e+05 -1.65670e+01  1.51381e+01
1.901937804e+01 -1.6906171e+01         -inf  6.89329e+05 -1.69062e+01  1.50905e+01
1.909545555e+01 -1.7209807e+01         -inf  6.89329e+05 -1.72098e+01  1.50400e+01
1.917183737e+01 -1.7327514e+01         -inf  6.89329e+05 -1.73275e+01  1.50816e+01
1.924852472e+01 -1.7667747e+01         -inf  6.89329e+05 -1.76677e+01  1.50252e+01
1.932551882e+01 -1.7806933e+01         -inf  6.89329e+05 -1.78069e+01  1.50446e+01
1.940282089e+01 -1.8049156e+01         -inf  6.89329e+05 -1.80492e+01  1.50263e+01
1.948043218e+01 -1.8270484e+01         -inf  6.89329e+05 -1.82705e+01  1.50141e+01
1.955835391e+01 -1.8438153e+01         -inf  6.89329e+05 -1.84382e+01  1.50204e+01
1.963658732e+01 -1.8585925e+01         -inf  6.89329e+05 -1.85859e+01  1.50290e+01
1.971513367e+01 -1.8807295e+01         -inf  6.89329e+05 -1.88073e+01  1.50187e+01
1.979399421e+01 -1.9016080e+01         -inf  6.89329e+05 -1.90161e+01  1.50096e+01
1.987317018e+01 -1.9194515e+01         -inf  6.89329e+05 -1.91945e+01  1.50099e+01
1.995266286e+01 -1.9368688e+01         -inf  6.89329e+05 -1.93687e+01  1.50113e+01
