# WARNING | GENERATOR | Too many electrons per pixel (up to 9.04e+13) detected in the 1.54-19.95 um spectral range. Reduce exposure time per frame to less than 0.000 seconds.
# ------------------------------------------------------------------------
# Radiance spectrum
# NASA-GSFC Planetary Spectrum Generator (PSG) (Villanueva et al. 2018, 2022)
# Synthesized on Tue May 12 15:49:57 2026
# Doppler velocities [km/s] (vobs,vrot+vorb,vwidth,vrfl,vstr): 29.00000,-0.00000,0.00000,0.00000,-0.00000
# ------------------------------------------------------------------------
# Spectra synthesized with the Planetary and Universal Model of Atmospheric Scattering (PUMAS, Villanueva et al. 2018, 2022)
# Single scattering radiative transfer method
# Radiative transfer took 5.680 seconds
# ------------------------------------------------------------------------
# Spectral unit: Wavelength [um]
# Radiance unit: Contrast [transit atmospheric thickness, km]
# Wave/freq Total Noise Stellar Earth Transit
2.000000000e-01  4.0695009e+01         -inf  6.89329e+05  4.06950e+01  4.06950e+01
2.008000000e-01  4.0611595e+01         -inf  6.89329e+05  4.06116e+01  4.06116e+01
2.016032000e-01  4.0528936e+01         -inf  6.89329e+05  4.05289e+01  4.05289e+01
2.024096128e-01  4.0446652e+01         -inf  6.89329e+05  4.04467e+01  4.04467e+01
2.032192513e-01  4.0364745e+01         -inf  6.89329e+05  4.03647e+01  4.03647e+01
2.040321283e-01  4.0285480e+01         -inf  6.89329e+05  4.02855e+01  4.02855e+01
2.048482568e-01  4.0206213e+01         -inf  6.89329e+05  4.02062e+01  4.02062e+01
2.056676498e-01  4.0129965e+01         -inf  6.89329e+05  4.01300e+01  4.01300e+01
2.064903204e-01  4.0055604e+01         -inf  6.89329e+05  4.00556e+01  4.00556e+01
2.073162817e-01  3.9981996e+01         -inf  6.89329e+05  3.99820e+01  3.99820e+01
2.081455468e-01  3.9909898e+01         -inf  6.89329e+05  3.99099e+01  3.99099e+01
2.089781290e-01  3.9838554e+01         -inf  6.89329e+05  3.98386e+01  3.98386e+01
2.098140415e-01  3.9771361e+01         -inf  6.89329e+05  3.97714e+01  3.97714e+01
2.106532977e-01  3.9710208e+01         -inf  6.89329e+05  3.97102e+01  3.97102e+01
2.114959109e-01  3.9649431e+01         -inf  6.89329e+05  3.96494e+01  3.96494e+01
2.123418945e-01  3.9606396e+01         -inf  6.89329e+05  3.96064e+01  3.96064e+01
2.131912621e-01  3.9574309e+01         -inf  6.89329e+05  3.95743e+01  3.95743e+01
2.140440271e-01  3.9515419e+01         -inf  6.89329e+05  3.95154e+01  3.95154e+01
2.149002032e-01  3.9473138e+01         -inf  6.89329e+05  3.94731e+01  3.94731e+01
2.157598041e-01  3.9435765e+01         -inf  6.89329e+05  3.94358e+01  3.94358e+01
2.166228433e-01  3.9399524e+01         -inf  6.89329e+05  3.93995e+01  3.93995e+01
2.174893346e-01  3.9374231e+01         -inf  6.89329e+05  3.93742e+01  3.93742e+01
2.183592920e-01  3.9345540e+01         -inf  6.89329e+05  3.93455e+01  3.93455e+01
2.192327292e-01  3.9324399e+01         -inf  6.89329e+05  3.93244e+01  3.93244e+01
2.201096601e-01  3.9306656e+01         -inf  6.89329e+05  3.93067e+01  3.93067e+01
2.209900987e-01  3.9294953e+01         -inf  6.89329e+05  3.92950e+01  3.92950e+01
2.218740591e-01  3.9287025e+01         -inf  6.89329e+05  3.92870e+01  3.92870e+01
2.227615553e-01  3.9280607e+01         -inf  6.89329e+05  3.92806e+01  3.92806e+01
2.236526016e-01  3.9279475e+01         -inf  6.89329e+05  3.92795e+01  3.92795e+01
2.245472120e-01  3.9284382e+01         -inf  6.89329e+05  3.92844e+01  3.92844e+01
2.254454008e-01  3.9285515e+01         -inf  6.89329e+05  3.92855e+01  3.92855e+01
2.263471824e-01  3.9298728e+01         -inf  6.89329e+05  3.92987e+01  3.92987e+01
2.272525711e-01  3.9309298e+01         -inf  6.89329e+05  3.93093e+01  3.93093e+01
2.281615814e-01  3.9324022e+01         -inf  6.89329e+05  3.93240e+01  3.93240e+01
2.290742278e-01  3.9343652e+01         -inf  6.89329e+05  3.93437e+01  3.93437e+01
2.299905247e-01  3.9356865e+01         -inf  6.89329e+05  3.93569e+01  3.93569e+01
2.309104868e-01  3.9383291e+01         -inf  6.89329e+05  3.93833e+01  3.93833e+01
2.318341287e-01  3.9401412e+01         -inf  6.89329e+05  3.94014e+01  3.94014e+01
2.327614652e-01  3.9429347e+01         -inf  6.89329e+05  3.94293e+01  3.94293e+01
2.336925111e-01  3.9447468e+01         -inf  6.89329e+05  3.94475e+01  3.94475e+01
2.346272811e-01  3.9478801e+01         -inf  6.89329e+05  3.94788e+01  3.94788e+01
2.355657903e-01  3.9497298e+01         -inf  6.89329e+05  3.94973e+01  3.94973e+01
2.365080534e-01  3.9522591e+01         -inf  6.89329e+05  3.95226e+01  3.95226e+01
2.374540856e-01  3.9549394e+01         -inf  6.89329e+05  3.95494e+01  3.95494e+01
2.384039020e-01  3.9569779e+01         -inf  6.89329e+05  3.95698e+01  3.95698e+01
2.393575176e-01  3.9591296e+01         -inf  6.89329e+05  3.95913e+01  3.95913e+01
2.403149477e-01  3.9616966e+01         -inf  6.89329e+05  3.96170e+01  3.96170e+01
2.412762074e-01  3.9630179e+01         -inf  6.89329e+05  3.96302e+01  3.96302e+01
2.422413123e-01  3.9647166e+01         -inf  6.89329e+05  3.96472e+01  3.96472e+01
2.432102775e-01  3.9666418e+01         -inf  6.89329e+05  3.96664e+01  3.96664e+01
2.441831186e-01  3.9673968e+01         -inf  6.89329e+05  3.96740e+01  3.96740e+01
2.451598511e-01  3.9687180e+01         -inf  6.89329e+05  3.96872e+01  3.96872e+01
2.461404905e-01  3.9691710e+01         -inf  6.89329e+05  3.96917e+01  3.96917e+01
2.471250525e-01  3.9690200e+01         -inf  6.89329e+05  3.96902e+01  3.96902e+01
2.481135527e-01  3.9689068e+01         -inf  6.89329e+05  3.96891e+01  3.96891e+01
2.491060069e-01  3.9696240e+01         -inf  6.89329e+05  3.96962e+01  3.96962e+01
2.501024309e-01  3.9686048e+01         -inf  6.89329e+05  3.96860e+01  3.96860e+01
2.511028406e-01  3.9655093e+01         -inf  6.89329e+05  3.96551e+01  3.96551e+01
2.521072520e-01  3.9666041e+01         -inf  6.89329e+05  3.96660e+01  3.96660e+01
2.531156810e-01  3.9627159e+01         -inf  6.89329e+05  3.96272e+01  3.96272e+01
2.541281437e-01  3.9605264e+01         -inf  6.89329e+05  3.96053e+01  3.96053e+01
2.551446563e-01  3.9592051e+01         -inf  6.89329e+05  3.95921e+01  3.95921e+01
2.561652349e-01  3.9538824e+01         -inf  6.89329e+05  3.95388e+01  3.95388e+01
2.571898959e-01  3.9487861e+01         -inf  6.89329e+05  3.94879e+01  3.94879e+01
2.582186555e-01  3.9469741e+01         -inf  6.89329e+05  3.94697e+01  3.94697e+01
2.592515301e-01  3.9411227e+01         -inf  6.89329e+05  3.94112e+01  3.94112e+01
2.602885362e-01  3.9350070e+01         -inf  6.89329e+05  3.93501e+01  3.93501e+01
2.613296904e-01  3.9291178e+01         -inf  6.89329e+05  3.92912e+01  3.92912e+01
2.623750091e-01  3.9233795e+01         -inf  6.89329e+05  3.92338e+01  3.92338e+01
2.634245092e-01  3.9125068e+01         -inf  6.89329e+05  3.91251e+01  3.91251e+01
2.644782072e-01  3.9094488e+01         -inf  6.89329e+05  3.90945e+01  3.90945e+01
2.655361200e-01  3.8986892e+01         -inf  6.89329e+05  3.89869e+01  3.89869e+01
2.665982645e-01  3.8889110e+01         -inf  6.89329e+05  3.88891e+01  3.88891e+01
2.676646576e-01  3.8802652e+01         -inf  6.89329e+05  3.88027e+01  3.88027e+01
2.687353162e-01  3.8657673e+01         -inf  6.89329e+05  3.86577e+01  3.86577e+01
2.698102574e-01  3.8597264e+01         -inf  6.89329e+05  3.85973e+01  3.85973e+01
2.708894985e-01  3.8435290e+01         -inf  6.89329e+05  3.84353e+01  3.84353e+01
2.719730565e-01  3.8334479e+01         -inf  6.89329e+05  3.83345e+01  3.83345e+01
2.730609487e-01  3.8200061e+01         -inf  6.89329e+05  3.82001e+01  3.82001e+01
2.741531925e-01  3.8013911e+01         -inf  6.89329e+05  3.80139e+01  3.80139e+01
2.752498053e-01  3.7902143e+01         -inf  6.89329e+05  3.79021e+01  3.79021e+01
2.763508045e-01  3.7735884e+01         -inf  6.89329e+05  3.77359e+01  3.77359e+01
2.774562077e-01  3.7574568e+01         -inf  6.89329e+05  3.75746e+01  3.75746e+01
2.785660325e-01  3.7398407e+01         -inf  6.89329e+05  3.73984e+01  3.73984e+01
2.796802967e-01  3.7230964e+01         -inf  6.89329e+05  3.72310e+01  3.72310e+01
2.807990178e-01  3.7019219e+01         -inf  6.89329e+05  3.70192e+01  3.70192e+01
2.819222139e-01  3.6813434e+01         -inf  6.89329e+05  3.68134e+01  3.68134e+01
2.830499028e-01  3.6651414e+01         -inf  6.89329e+05  3.66514e+01  3.66514e+01
2.841821024e-01  3.6423032e+01         -inf  6.89329e+05  3.64230e+01  3.64230e+01
2.853188308e-01  3.6205406e+01         -inf  6.89329e+05  3.62054e+01  3.62054e+01
2.864601061e-01  3.6011341e+01         -inf  6.89329e+05  3.60113e+01  3.60113e+01
2.876059465e-01  3.5774324e+01         -inf  6.89329e+05  3.57743e+01  3.57743e+01
2.887563703e-01  3.5535749e+01         -inf  6.89329e+05  3.55357e+01  3.55357e+01
2.899113958e-01  3.5307969e+01         -inf  6.89329e+05  3.53080e+01  3.53080e+01
2.910710414e-01  3.5093931e+01         -inf  6.89329e+05  3.50939e+01  3.50939e+01
2.922353256e-01  3.4841051e+01         -inf  6.89329e+05  3.48411e+01  3.48411e+01
2.934042669e-01  3.4611319e+01         -inf  6.89329e+05  3.46113e+01  3.46113e+01
2.945778839e-01  3.4381995e+01         -inf  6.89329e+05  3.43820e+01  3.43820e+01
2.957561955e-01  3.4128784e+01         -inf  6.89329e+05  3.41288e+01  3.41288e+01
2.969392202e-01  3.3902692e+01         -inf  6.89329e+05  3.39027e+01  3.39027e+01
2.981269771e-01  3.3678444e+01         -inf  6.89329e+05  3.36784e+01  3.36784e+01
2.993194850e-01  3.3470398e+01         -inf  6.89329e+05  3.34704e+01  3.34704e+01
3.005167630e-01  3.3263705e+01         -inf  6.89329e+05  3.32637e+01  3.32637e+01
3.017188300e-01  3.3051980e+01         -inf  6.89329e+05  3.30520e+01  3.30520e+01
3.029257054e-01  3.2855514e+01         -inf  6.89329e+05  3.28555e+01  3.28555e+01
3.041374082e-01  3.2688331e+01         -inf  6.89329e+05  3.26883e+01  3.26883e+01
3.053539578e-01  3.2478514e+01         -inf  6.89329e+05  3.24785e+01  3.24785e+01
3.065753736e-01  3.2333959e+01         -inf  6.89329e+05  3.23340e+01  3.23340e+01
3.078016751e-01  3.2135204e+01         -inf  6.89329e+05  3.21352e+01  3.21352e+01
3.090328818e-01  3.1995554e+01         -inf  6.89329e+05  3.19956e+01  3.19956e+01
3.102690134e-01  3.1810773e+01         -inf  6.89329e+05  3.18108e+01  3.18108e+01
3.115100894e-01  3.1679960e+01         -inf  6.89329e+05  3.16800e+01  3.16800e+01
3.127561298e-01  3.1499744e+01         -inf  6.89329e+05  3.14997e+01  3.14997e+01
3.140071543e-01  3.1385367e+01         -inf  6.89329e+05  3.13854e+01  3.13854e+01
3.152631829e-01  3.1227369e+01         -inf  6.89329e+05  3.12274e+01  3.12274e+01
3.165242356e-01  3.1074204e+01         -inf  6.89329e+05  3.10742e+01  3.10742e+01
3.177903326e-01  3.0982085e+01         -inf  6.89329e+05  3.09821e+01  3.09821e+01
3.190614939e-01  3.0799165e+01         -inf  6.89329e+05  3.07992e+01  3.07992e+01
3.203377399e-01  3.0725791e+01         -inf  6.89329e+05  3.07258e+01  3.07258e+01
3.216190908e-01  3.0555943e+01         -inf  6.89329e+05  3.05559e+01  3.05559e+01
3.229055672e-01  3.0492850e+01         -inf  6.89329e+05  3.04928e+01  3.04928e+01
3.241971895e-01  3.0303942e+01         -inf  6.89329e+05  3.03039e+01  3.03039e+01
3.254939782e-01  3.0277290e+01         -inf  6.89329e+05  3.02773e+01  3.02773e+01
3.267959541e-01  3.0091552e+01         -inf  6.89329e+05  3.00916e+01  3.00916e+01
3.281031380e-01  3.0058585e+01         -inf  6.89329e+05  3.00586e+01  3.00586e+01
3.294155505e-01  2.9878474e+01         -inf  6.89329e+05  2.98785e+01  2.98785e+01
3.307332127e-01  2.9842936e+01         -inf  6.89329e+05  2.98429e+01  2.98429e+01
3.320561456e-01  2.9707130e+01         -inf  6.89329e+05  2.97071e+01  2.97071e+01
3.333843702e-01  2.9624556e+01         -inf  6.89329e+05  2.96246e+01  2.96246e+01
3.347179076e-01  2.9520544e+01         -inf  6.89329e+05  2.95205e+01  2.95205e+01
3.360567793e-01  2.9413996e+01         -inf  6.89329e+05  2.94140e+01  2.94140e+01
3.374010064e-01  2.9356298e+01         -inf  6.89329e+05  2.93563e+01  2.93563e+01
3.387506104e-01  2.9232808e+01         -inf  6.89329e+05  2.92328e+01  2.92328e+01
3.401056128e-01  2.9155863e+01         -inf  6.89329e+05  2.91559e+01  2.91559e+01
3.414660353e-01  2.9054036e+01         -inf  6.89329e+05  2.90540e+01  2.90540e+01
3.428318994e-01  2.8963248e+01         -inf  6.89329e+05  2.89632e+01  2.89632e+01
3.442032270e-01  2.8891328e+01         -inf  6.89329e+05  2.88913e+01  2.88913e+01
3.455800399e-01  2.8788627e+01         -inf  6.89329e+05  2.87886e+01  2.87886e+01
3.469623601e-01  2.8701239e+01         -inf  6.89329e+05  2.87012e+01  2.87012e+01
3.483502095e-01  2.8611770e+01         -inf  6.89329e+05  2.86118e+01  2.86118e+01
3.497436104e-01  2.8522338e+01         -inf  6.89329e+05  2.85223e+01  2.85223e+01
3.511425848e-01  2.8439295e+01         -inf  6.89329e+05  2.84393e+01  2.84393e+01
3.525471552e-01  2.8350239e+01         -inf  6.89329e+05  2.83502e+01  2.83502e+01
3.539573438e-01  2.8260084e+01         -inf  6.89329e+05  2.82601e+01  2.82601e+01
3.553731732e-01  2.8173219e+01         -inf  6.89329e+05  2.81732e+01  2.81732e+01
3.567946659e-01  2.8085444e+01         -inf  6.89329e+05  2.80854e+01  2.80854e+01
3.582218445e-01  2.7998009e+01         -inf  6.89329e+05  2.79980e+01  2.79980e+01
3.596547319e-01  2.7911631e+01         -inf  6.89329e+05  2.79116e+01  2.79116e+01
3.610933508e-01  2.7823702e+01         -inf  6.89329e+05  2.78237e+01  2.78237e+01
3.625377242e-01  2.7736225e+01         -inf  6.89329e+05  2.77362e+01  2.77362e+01
3.639878751e-01  2.7649050e+01         -inf  6.89329e+05  2.76490e+01  2.76490e+01
3.654438266e-01  2.7561873e+01         -inf  6.89329e+05  2.75619e+01  2.75619e+01
3.669056019e-01  2.7474620e+01         -inf  6.89329e+05  2.74746e+01  2.74746e+01
3.683732243e-01  2.7387592e+01         -inf  6.89329e+05  2.73876e+01  2.73876e+01
3.698467172e-01  2.7300450e+01         -inf  6.89329e+05  2.73005e+01  2.73005e+01
3.713261041e-01  2.7213269e+01         -inf  6.89329e+05  2.72133e+01  2.72133e+01
3.728114085e-01  2.7126200e+01         -inf  6.89329e+05  2.71262e+01  2.71262e+01
3.743026542e-01  2.7039205e+01         -inf  6.89329e+05  2.70392e+01  2.70392e+01
3.757998648e-01  2.6952172e+01         -inf  6.89329e+05  2.69522e+01  2.69522e+01
3.773030642e-01  2.6865250e+01         -inf  6.89329e+05  2.68653e+01  2.68653e+01
3.788122765e-01  2.6778328e+01         -inf  6.89329e+05  2.67783e+01  2.67783e+01
3.803275256e-01  2.6691480e+01         -inf  6.89329e+05  2.66915e+01  2.66915e+01
3.818488357e-01  2.6604593e+01         -inf  6.89329e+05  2.66046e+01  2.66046e+01
3.833762310e-01  2.6517856e+01         -inf  6.89329e+05  2.65179e+01  2.65179e+01
3.849097360e-01  2.6431156e+01         -inf  6.89329e+05  2.64312e+01  2.64312e+01
3.864493749e-01  2.6344492e+01         -inf  6.89329e+05  2.63445e+01  2.63445e+01
3.879951724e-01  2.6257903e+01         -inf  6.89329e+05  2.62579e+01  2.62579e+01
3.895471531e-01  2.6171351e+01         -inf  6.89329e+05  2.61714e+01  2.61714e+01
3.911053417e-01  2.6084949e+01         -inf  6.89329e+05  2.60849e+01  2.60849e+01
3.926697631e-01  2.5998621e+01         -inf  6.89329e+05  2.59986e+01  2.59986e+01
3.942404421e-01  2.5912406e+01         -inf  6.89329e+05  2.59124e+01  2.59124e+01
3.958174039e-01  2.5826265e+01         -inf  6.89329e+05  2.58263e+01  2.58263e+01
3.974006735e-01  2.5740160e+01         -inf  6.89329e+05  2.57402e+01  2.57402e+01
3.989902762e-01  2.5654093e+01         -inf  6.89329e+05  2.56541e+01  2.56541e+01
4.005862373e-01  2.5568251e+01         -inf  6.89329e+05  2.55683e+01  2.55683e+01
4.021885823e-01  2.5482597e+01         -inf  6.89329e+05  2.54826e+01  2.54826e+01
4.037973366e-01  2.5396867e+01         -inf  6.89329e+05  2.53969e+01  2.53969e+01
4.054125259e-01  2.5311249e+01         -inf  6.89329e+05  2.53112e+01  2.53112e+01
4.070341760e-01  2.5226083e+01         -inf  6.89329e+05  2.52261e+01  2.52261e+01
4.086623127e-01  2.5141295e+01         -inf  6.89329e+05  2.51413e+01  2.51413e+01
4.102969620e-01  2.5056279e+01         -inf  6.89329e+05  2.50563e+01  2.50563e+01
4.119381498e-01  2.4970997e+01         -inf  6.89329e+05  2.49710e+01  2.49710e+01
4.135859024e-01  2.4885940e+01         -inf  6.89329e+05  2.48859e+01  2.48859e+01
4.152402460e-01  2.4801564e+01         -inf  6.89329e+05  2.48016e+01  2.48016e+01
4.169012070e-01  2.4717603e+01         -inf  6.89329e+05  2.47176e+01  2.47176e+01
4.185688119e-01  2.4633300e+01         -inf  6.89329e+05  2.46333e+01  2.46333e+01
4.202430871e-01  2.4549033e+01         -inf  6.89329e+05  2.45490e+01  2.45490e+01
4.219240595e-01  2.4465788e+01         -inf  6.89329e+05  2.44658e+01  2.44658e+01
4.236117557e-01  2.4383525e+01         -inf  6.89329e+05  2.43835e+01  2.43835e+01
4.253062027e-01  2.4301147e+01         -inf  6.89329e+05  2.43011e+01  2.43011e+01
4.270074275e-01  2.4217520e+01         -inf  6.89329e+05  2.42175e+01  2.42175e+01
4.287154572e-01  2.4133438e+01         -inf  6.89329e+05  2.41334e+01  2.41334e+01
4.304303191e-01  2.4050716e+01         -inf  6.89329e+05  2.40507e+01  2.40507e+01
4.321520403e-01  2.3969697e+01         -inf  6.89329e+05  2.39697e+01  2.39697e+01
4.338806485e-01  2.3888033e+01         -inf  6.89329e+05  2.38880e+01  2.38880e+01
4.356161711e-01  2.3805384e+01         -inf  6.89329e+05  2.38054e+01  2.38054e+01
4.373586358e-01  2.3724324e+01         -inf  6.89329e+05  2.37243e+01  2.37243e+01
4.391080703e-01  2.3646252e+01         -inf  6.89329e+05  2.36463e+01  2.36463e+01
4.408645026e-01  2.3569163e+01         -inf  6.89329e+05  2.35692e+01  2.35692e+01
4.426279606e-01  2.3490900e+01         -inf  6.89329e+05  2.34909e+01  2.34909e+01
4.443984725e-01  2.3409382e+01         -inf  6.89329e+05  2.34094e+01  2.34094e+01
4.461760664e-01  2.3326121e+01         -inf  6.89329e+05  2.33261e+01  2.33261e+01
4.479607706e-01  2.3246493e+01         -inf  6.89329e+05  2.32465e+01  2.32465e+01
4.497526137e-01  2.3170913e+01         -inf  6.89329e+05  2.31709e+01  2.31709e+01
4.515516242e-01  2.3093175e+01         -inf  6.89329e+05  2.30932e+01  2.30932e+01
4.533578307e-01  2.3012787e+01         -inf  6.89329e+05  2.30128e+01  2.30128e+01
4.551712620e-01  2.2935691e+01         -inf  6.89329e+05  2.29357e+01  2.29357e+01
4.569919470e-01  2.2864725e+01         -inf  6.89329e+05  2.28647e+01  2.28647e+01
4.588199148e-01  2.2796748e+01         -inf  6.89329e+05  2.27967e+01  2.27967e+01
4.606551945e-01  2.2728317e+01         -inf  6.89329e+05  2.27283e+01  2.27283e+01
4.624978152e-01  2.2652428e+01         -inf  6.89329e+05  2.26524e+01  2.26524e+01
4.643478065e-01  2.2568855e+01         -inf  6.89329e+05  2.25689e+01  2.25689e+01
4.662051977e-01  2.2488233e+01         -inf  6.89329e+05  2.24882e+01  2.24882e+01
4.680700185e-01  2.2417187e+01         -inf  6.89329e+05  2.24172e+01  2.24172e+01
4.699422986e-01  2.2348259e+01         -inf  6.89329e+05  2.23483e+01  2.23483e+01
4.718220678e-01  2.2273728e+01         -inf  6.89329e+05  2.22737e+01  2.22737e+01
4.737093561e-01  2.2199916e+01         -inf  6.89329e+05  2.21999e+01  2.21999e+01
4.756041935e-01  2.2134658e+01         -inf  6.89329e+05  2.21347e+01  2.21347e+01
4.775066103e-01  2.2078938e+01         -inf  6.89329e+05  2.20789e+01  2.20789e+01
4.794166367e-01  2.2027495e+01         -inf  6.89329e+05  2.20275e+01  2.20275e+01
4.813343033e-01  2.1973099e+01         -inf  6.89329e+05  2.19731e+01  2.19731e+01
4.832596405e-01  2.1903902e+01         -inf  6.89329e+05  2.19039e+01  2.19039e+01
4.851926790e-01  2.1821417e+01         -inf  6.89329e+05  2.18214e+01  2.18214e+01
4.871334497e-01  2.1742262e+01         -inf  6.89329e+05  2.17423e+01  2.17423e+01
4.890819835e-01  2.1677151e+01         -inf  6.89329e+05  2.16772e+01  2.16772e+01
4.910383115e-01  2.1617830e+01         -inf  6.89329e+05  2.16178e+01  2.16178e+01
4.930024647e-01  2.1552755e+01         -inf  6.89329e+05  2.15528e+01  2.15528e+01
4.949744746e-01  2.1486999e+01         -inf  6.89329e+05  2.14870e+01  2.14870e+01
4.969543725e-01  2.1431652e+01         -inf  6.89329e+05  2.14317e+01  2.14317e+01
4.989421900e-01  2.1390539e+01         -inf  6.89329e+05  2.13905e+01  2.13905e+01
5.009379587e-01  2.1359230e+01         -inf  6.89329e+05  2.13592e+01  2.13592e+01
5.029417106e-01  2.1329626e+01         -inf  6.89329e+05  2.13296e+01  2.13296e+01
5.049534774e-01  2.1287528e+01         -inf  6.89329e+05  2.12875e+01  2.12875e+01
5.069732913e-01  2.1223623e+01         -inf  6.89329e+05  2.12236e+01  2.12236e+01
5.090011845e-01  2.1146694e+01         -inf  6.89329e+05  2.11467e+01  2.11467e+01
5.110371892e-01  2.1075936e+01         -inf  6.89329e+05  2.10759e+01  2.10759e+01
5.130813380e-01  2.1020699e+01         -inf  6.89329e+05  2.10207e+01  2.10207e+01
5.151336633e-01  2.0973412e+01         -inf  6.89329e+05  2.09734e+01  2.09734e+01
5.171941980e-01  2.0924724e+01         -inf  6.89329e+05  2.09247e+01  2.09247e+01
5.192629748e-01  2.0876036e+01         -inf  6.89329e+05  2.08760e+01  2.08760e+01
5.213400267e-01  2.0834200e+01         -inf  6.89329e+05  2.08342e+01  2.08342e+01
5.234253868e-01  2.0804328e+01         -inf  6.89329e+05  2.08043e+01  2.08043e+01
5.255190883e-01  2.0784754e+01         -inf  6.89329e+05  2.07848e+01  2.07848e+01
5.276211647e-01  2.0769685e+01         -inf  6.89329e+05  2.07697e+01  2.07697e+01
5.297316493e-01  2.0752042e+01         -inf  6.89329e+05  2.07520e+01  2.07520e+01
5.318505759e-01  2.0724100e+01         -inf  6.89329e+05  2.07241e+01  2.07241e+01
5.339779782e-01  2.0679992e+01         -inf  6.89329e+05  2.06800e+01  2.06800e+01
5.361138902e-01  2.0622820e+01         -inf  6.89329e+05  2.06228e+01  2.06228e+01
5.382583457e-01  2.0569397e+01         -inf  6.89329e+05  2.05694e+01  2.05694e+01
5.404113791e-01  2.0532140e+01         -inf  6.89329e+05  2.05321e+01  2.05321e+01
5.425730246e-01  2.0505750e+01         -inf  6.89329e+05  2.05058e+01  2.05058e+01
5.447433167e-01  2.0478262e+01         -inf  6.89329e+05  2.04783e+01  2.04783e+01
5.469222900e-01  2.0443769e+01         -inf  6.89329e+05  2.04438e+01  2.04438e+01
5.491099791e-01  2.0405413e+01         -inf  6.89329e+05  2.04054e+01  2.04054e+01
5.513064191e-01  2.0368118e+01         -inf  6.89329e+05  2.03681e+01  2.03681e+01
5.535116447e-01  2.0334722e+01         -inf  6.89329e+05  2.03347e+01  2.03347e+01
5.557256913e-01  2.0309164e+01         -inf  6.89329e+05  2.03092e+01  2.03092e+01
5.579485941e-01  2.0296063e+01         -inf  6.89329e+05  2.02961e+01  2.02961e+01
5.601803884e-01  2.0294094e+01         -inf  6.89329e+05  2.02941e+01  2.02941e+01
5.624211100e-01  2.0293451e+01         -inf  6.89329e+05  2.02935e+01  2.02935e+01
5.646707944e-01  2.0284856e+01         -inf  6.89329e+05  2.02849e+01  2.02849e+01
5.669294776e-01  2.0268726e+01         -inf  6.89329e+05  2.02687e+01  2.02687e+01
5.691971955e-01  2.0251422e+01         -inf  6.89329e+05  2.02514e+01  2.02514e+01
5.714739843e-01  2.0234156e+01         -inf  6.89329e+05  2.02342e+01  2.02342e+01
5.737598803e-01  2.0205947e+01         -inf  6.89329e+05  2.02059e+01  2.02059e+01
5.760549198e-01  2.0157783e+01         -inf  6.89329e+05  2.01578e+01  2.01578e+01
5.783591395e-01  2.0094624e+01         -inf  6.89329e+05  2.00946e+01  2.00946e+01
5.806725760e-01  2.0026732e+01         -inf  6.89329e+05  2.00267e+01  2.00267e+01
5.829952663e-01  1.9962474e+01         -inf  6.89329e+05  1.99625e+01  1.99625e+01
5.853272474e-01  1.9906470e+01         -inf  6.89329e+05  1.99065e+01  1.99065e+01
5.876685564e-01  1.9860425e+01         -inf  6.89329e+05  1.98604e+01  1.98604e+01
5.900192306e-01  1.9826572e+01         -inf  6.89329e+05  1.98266e+01  1.98266e+01
5.923793075e-01  1.9810971e+01         -inf  6.89329e+05  1.98110e+01  1.98110e+01
5.947488247e-01  1.9815553e+01         -inf  6.89329e+05  1.98156e+01  1.98156e+01
5.971278200e-01  1.9827367e+01         -inf  6.89329e+05  1.98274e+01  1.98274e+01
5.995163313e-01  1.9830548e+01         -inf  6.89329e+05  1.98305e+01  1.98305e+01
6.019143966e-01  1.9811047e+01         -inf  6.89329e+05  1.98110e+01  1.98110e+01
6.043220542e-01  1.9764357e+01         -inf  6.89329e+05  1.97644e+01  1.97644e+01
6.067393425e-01  1.9694492e+01         -inf  6.89329e+05  1.96945e+01  1.96945e+01
6.091662998e-01  1.9609214e+01         -inf  6.89329e+05  1.96092e+01  1.96092e+01
6.116029650e-01  1.9519504e+01         -inf  6.89329e+05  1.95195e+01  1.95195e+01
6.140493769e-01  1.9432671e+01         -inf  6.89329e+05  1.94327e+01  1.94327e+01
6.165055744e-01  1.9351366e+01         -inf  6.89329e+05  1.93514e+01  1.93514e+01
6.189715967e-01  1.9276800e+01         -inf  6.89329e+05  1.92768e+01  1.92768e+01
6.214474831e-01  1.9208407e+01         -inf  6.89329e+05  1.92084e+01  1.92084e+01
6.239332730e-01  1.9142777e+01         -inf  6.89329e+05  1.91428e+01  1.91428e+01
6.264290061e-01  1.9075821e+01         -inf  6.89329e+05  1.90758e+01  1.90758e+01
6.289347221e-01  1.9005381e+01         -inf  6.89329e+05  1.90054e+01  1.90054e+01
6.314504610e-01  1.8934030e+01         -inf  6.89329e+05  1.89340e+01  1.89340e+01
6.339762629e-01  1.8861922e+01         -inf  6.89329e+05  1.88619e+01  1.88619e+01
6.365121679e-01  1.8785040e+01         -inf  6.89329e+05  1.87850e+01  1.87850e+01
6.390582166e-01  1.8706719e+01         -inf  6.89329e+05  1.87067e+01  1.87067e+01
6.416144494e-01  1.8628245e+01         -inf  6.89329e+05  1.86282e+01  1.86282e+01
6.441809072e-01  1.8555944e+01         -inf  6.89329e+05  1.85559e+01  1.85559e+01
6.467576309e-01  1.8486747e+01         -inf  6.89329e+05  1.84867e+01  1.84867e+01
6.493446614e-01  1.8419822e+01         -inf  6.89329e+05  1.84198e+01  1.84198e+01
6.519420400e-01  1.8356116e+01         -inf  6.89329e+05  1.83561e+01  1.83561e+01
6.545498082e-01  1.8290743e+01         -inf  6.89329e+05  1.82907e+01  1.82907e+01
6.571680074e-01  1.8225180e+01         -inf  6.89329e+05  1.82252e+01  1.82252e+01
6.597966795e-01  1.8161623e+01         -inf  6.89329e+05  1.81616e+01  1.81616e+01
6.624358662e-01  1.8099998e+01         -inf  6.89329e+05  1.81000e+01  1.81000e+01
6.650856096e-01  1.8035720e+01         -inf  6.89329e+05  1.80357e+01  1.80357e+01
6.677459521e-01  1.7968374e+01         -inf  6.89329e+05  1.79684e+01  1.79684e+01
6.704169359e-01  1.7901937e+01         -inf  6.89329e+05  1.79019e+01  1.79019e+01
6.730986036e-01  1.7837884e+01         -inf  6.89329e+05  1.78379e+01  1.78379e+01
6.757909981e-01  1.7777089e+01         -inf  6.89329e+05  1.77771e+01  1.77771e+01
6.784941620e-01  1.7718339e+01         -inf  6.89329e+05  1.77183e+01  1.77183e+01
6.812081387e-01  1.7665232e+01         -inf  6.89329e+05  1.76652e+01  1.76652e+01
6.839329712e-01  1.7618223e+01         -inf  6.89329e+05  1.76182e+01  1.76182e+01
6.866687031e-01  1.7567843e+01         -inf  6.89329e+05  1.75678e+01  1.75678e+01
6.894153779e-01  1.7510493e+01         -inf  6.89329e+05  1.75105e+01  1.75105e+01
6.921730395e-01  1.7453899e+01         -inf  6.89329e+05  1.74539e+01  1.74539e+01
6.949417316e-01  1.7399161e+01         -inf  6.89329e+05  1.73992e+01  1.73992e+01
6.977214985e-01  1.7345749e+01         -inf  6.89329e+05  1.73457e+01  1.73457e+01
7.005123845e-01  1.7296124e+01         -inf  6.89329e+05  1.72961e+01  1.72961e+01
7.033144341e-01  1.7251992e+01         -inf  6.89329e+05  1.72520e+01  1.72520e+01
7.061276918e-01  1.7211988e+01         -inf  6.89329e+05  1.72120e+01  1.72120e+01
7.089522026e-01  1.7174333e+01         -inf  6.89329e+05  1.71743e+01  1.71743e+01
7.117880114e-01  1.7139519e+01         -inf  6.89329e+05  1.71395e+01  1.71395e+01
7.146351634e-01  1.7110122e+01         -inf  6.89329e+05  1.71101e+01  1.71101e+01
7.174937041e-01  1.7075270e+01         -inf  6.89329e+05  1.70753e+01  1.70753e+01
7.203636789e-01  1.7027424e+01         -inf  6.89329e+05  1.70274e+01  1.70274e+01
7.232451336e-01  1.6982115e+01         -inf  6.89329e+05  1.69821e+01  1.69821e+01
7.261381142e-01  1.6944118e+01         -inf  6.89329e+05  1.69441e+01  1.69441e+01
7.290426666e-01  1.6903961e+01         -inf  6.89329e+05  1.69040e+01  1.69040e+01
7.319588373e-01  1.6867327e+01         -inf  6.89329e+05  1.68673e+01  1.68673e+01
7.348866726e-01  1.6837626e+01         -inf  6.89329e+05  1.68376e+01  1.68376e+01
7.378262193e-01  1.6810955e+01         -inf  6.89329e+05  1.68110e+01  1.68110e+01
7.407775242e-01  1.6786974e+01         -inf  6.89329e+05  1.67870e+01  1.67870e+01
7.437406343e-01  1.6769093e+01         -inf  6.89329e+05  1.67691e+01  1.67691e+01
7.467155968e-01  1.6753143e+01         -inf  6.89329e+05  1.67531e+01  1.67531e+01
7.497024592e-01  1.6723100e+01         -inf  6.89329e+05  1.67231e+01  1.67231e+01
7.527012690e-01  1.6676009e+01         -inf  6.89329e+05  1.66760e+01  1.66760e+01
7.557120741e-01  1.6632175e+01         -inf  6.89329e+05  1.66322e+01  1.66322e+01
7.587349224e-01  1.6597813e+01         -inf  6.89329e+05  1.65978e+01  1.65978e+01
7.617698621e-01  1.6569209e+01         -inf  6.89329e+05  1.65692e+01  1.65692e+01
7.648169416e-01  1.6543182e+01         -inf  6.89329e+05  1.65432e+01  1.65432e+01
7.678762093e-01  1.6519806e+01         -inf  6.89329e+05  1.65198e+01  1.65198e+01
7.709477142e-01  1.6500938e+01         -inf  6.89329e+05  1.65009e+01  1.65009e+01
7.740315050e-01  1.6490141e+01         -inf  6.89329e+05  1.64901e+01  1.64901e+01
7.771276310e-01  1.6485102e+01         -inf  6.89329e+05  1.64851e+01  1.64851e+01
7.802361416e-01  1.6468924e+01         -inf  6.89329e+05  1.64689e+01  1.64689e+01
7.833570861e-01  1.6433879e+01         -inf  6.89329e+05  1.64339e+01  1.64339e+01
7.864905145e-01  1.6394174e+01         -inf  6.89329e+05  1.63942e+01  1.63942e+01
7.896364765e-01  1.6362386e+01         -inf  6.89329e+05  1.63624e+01  1.63624e+01
7.927950224e-01  1.6333289e+01         -inf  6.89329e+05  1.63333e+01  1.63333e+01
7.959662025e-01  1.6306616e+01         -inf  6.89329e+05  1.63066e+01  1.63066e+01
7.991500673e-01  1.6284073e+01         -inf  6.89329e+05  1.62841e+01  1.62841e+01
8.023466676e-01  1.6263386e+01         -inf  6.89329e+05  1.62634e+01  1.62634e+01
8.055560543e-01  1.6246526e+01         -inf  6.89329e+05  1.62465e+01  1.62465e+01
8.087782785e-01  1.6237471e+01         -inf  6.89329e+05  1.62375e+01  1.62375e+01
8.120133916e-01  1.6232167e+01         -inf  6.89329e+05  1.62322e+01  1.62322e+01
8.152614452e-01  1.6225499e+01         -inf  6.89329e+05  1.62255e+01  1.62255e+01
8.185224910e-01  1.6207729e+01         -inf  6.89329e+05  1.62077e+01  1.62077e+01
8.217965809e-01  1.6175221e+01         -inf  6.89329e+05  1.61752e+01  1.61752e+01
8.250837672e-01  1.6138015e+01         -inf  6.89329e+05  1.61380e+01  1.61380e+01
8.283841023e-01  1.6107363e+01         -inf  6.89329e+05  1.61074e+01  1.61074e+01
8.316976387e-01  1.6083114e+01         -inf  6.89329e+05  1.60831e+01  1.60831e+01
8.350244293e-01  1.6063184e+01         -inf  6.89329e+05  1.60632e+01  1.60632e+01
8.383645270e-01  1.6046778e+01         -inf  6.89329e+05  1.60468e+01  1.60468e+01
8.417179851e-01  1.6032191e+01         -inf  6.89329e+05  1.60322e+01  1.60322e+01
8.450848570e-01  1.6020597e+01         -inf  6.89329e+05  1.60206e+01  1.60206e+01
8.484651965e-01  1.6014194e+01         -inf  6.89329e+05  1.60142e+01  1.60142e+01
8.518590573e-01  1.6015141e+01         -inf  6.89329e+05  1.60151e+01  1.60151e+01
8.552664935e-01  1.6003244e+01         -inf  6.89329e+05  1.60032e+01  1.60032e+01
8.586875595e-01  1.5978881e+01         -inf  6.89329e+05  1.59789e+01  1.59789e+01
8.621223097e-01  1.5951866e+01         -inf  6.89329e+05  1.59519e+01  1.59519e+01
8.655707989e-01  1.5925419e+01         -inf  6.89329e+05  1.59254e+01  1.59254e+01
8.690330821e-01  1.5906208e+01         -inf  6.89329e+05  1.59062e+01  1.59062e+01
8.725092145e-01  1.5886771e+01         -inf  6.89329e+05  1.58868e+01  1.58868e+01
8.759992513e-01  1.5871009e+01         -inf  6.89329e+05  1.58710e+01  1.58710e+01
8.795032483e-01  1.5858959e+01         -inf  6.89329e+05  1.58590e+01  1.58590e+01
8.830212613e-01  1.5852594e+01         -inf  6.89329e+05  1.58526e+01  1.58526e+01
8.865533464e-01  1.5843083e+01         -inf  6.89329e+05  1.58431e+01  1.58431e+01
8.900995597e-01  1.5830201e+01         -inf  6.89329e+05  1.58302e+01  1.58302e+01
8.936599580e-01  1.5816068e+01         -inf  6.89329e+05  1.58161e+01  1.58161e+01
8.972345978e-01  1.5808982e+01         -inf  6.89329e+05  1.58090e+01  1.58090e+01
9.008235362e-01  1.5794811e+01         -inf  6.89329e+05  1.57948e+01  1.57948e+01
9.044268304e-01  1.5774691e+01         -inf  6.89329e+05  1.57747e+01  1.57747e+01
9.080445377e-01  1.5756200e+01         -inf  6.89329e+05  1.57562e+01  1.57562e+01
9.116767158e-01  1.5740476e+01         -inf  6.89329e+05  1.57405e+01  1.57405e+01
9.153234227e-01  1.5726835e+01         -inf  6.89329e+05  1.57268e+01  1.57268e+01
9.189847164e-01  1.5714596e+01         -inf  6.89329e+05  1.57146e+01  1.57146e+01
9.226606552e-01  1.5703797e+01         -inf  6.89329e+05  1.57038e+01  1.57038e+01
9.263512979e-01  1.5692923e+01         -inf  6.89329e+05  1.56929e+01  1.56929e+01
9.300567031e-01  1.5682540e+01         -inf  6.89329e+05  1.56825e+01  1.56825e+01
9.337769299e-01  1.5671703e+01         -inf  6.89329e+05  1.56717e+01  1.56717e+01
9.375120376e-01  1.5663671e+01         -inf  6.89329e+05  1.56637e+01  1.56637e+01
9.412620857e-01  1.5660260e+01         -inf  6.89329e+05  1.56603e+01  1.56603e+01
9.450271341e-01  1.5654122e+01         -inf  6.89329e+05  1.56541e+01  1.56541e+01
9.488072426e-01  1.5636995e+01         -inf  6.89329e+05  1.56370e+01  1.56370e+01
9.526024716e-01  1.5621156e+01         -inf  6.89329e+05  1.56212e+01  1.56212e+01
9.564128815e-01  1.5610016e+01         -inf  6.89329e+05  1.56100e+01  1.56100e+01
9.602385330e-01  1.5598724e+01         -inf  6.89329e+05  1.55987e+01  1.55987e+01
9.640794871e-01  1.5588797e+01         -inf  6.89329e+05  1.55888e+01  1.55888e+01
9.679358051e-01  1.5578755e+01         -inf  6.89329e+05  1.55788e+01  1.55788e+01
9.718075483e-01  1.5569131e+01         -inf  6.89329e+05  1.55691e+01  1.55691e+01
9.756947785e-01  1.5559355e+01         -inf  6.89329e+05  1.55594e+01  1.55594e+01
9.795975576e-01  1.5550564e+01         -inf  6.89329e+05  1.55506e+01  1.55506e+01
9.835159478e-01  1.5542228e+01         -inf  6.89329e+05  1.55422e+01  1.55422e+01
9.874500116e-01  1.5536203e+01         -inf  6.89329e+05  1.55362e+01  1.55362e+01
9.913998117e-01  1.5536961e+01         -inf  6.89329e+05  1.55370e+01  1.55370e+01
9.953654109e-01  1.5524835e+01         -inf  6.89329e+05  1.55248e+01  1.55248e+01
9.993468726e-01  1.5510891e+01         -inf  6.89329e+05  1.55109e+01  1.55109e+01
1.003344260e+00  1.5500811e+01         -inf  6.89329e+05  1.55008e+01  1.55008e+01
1.007357637e+00  1.5492058e+01         -inf  6.89329e+05  1.54921e+01  1.54921e+01
1.011387068e+00  1.5483836e+01         -inf  6.89329e+05  1.54838e+01  1.54838e+01
1.015432616e+00  1.5475765e+01         -inf  6.89329e+05  1.54758e+01  1.54758e+01
1.019494346e+00  1.5467656e+01         -inf  6.89329e+05  1.54677e+01  1.54677e+01
1.023572324e+00  1.5459774e+01         -inf  6.89329e+05  1.54598e+01  1.54598e+01
1.027666613e+00  1.5452120e+01         -inf  6.89329e+05  1.54521e+01  1.54521e+01
1.031777280e+00  1.5444579e+01         -inf  6.89329e+05  1.54446e+01  1.54446e+01
1.035904389e+00  1.5440221e+01         -inf  6.89329e+05  1.54402e+01  1.54402e+01
1.040048006e+00  1.5436129e+01         -inf  6.89329e+05  1.54361e+01  1.54361e+01
1.044208198e+00  1.5424610e+01         -inf  6.89329e+05  1.54246e+01  1.54246e+01
1.048385031e+00  1.5426656e+01         -inf  6.89329e+05  1.54267e+01  1.54267e+01
1.052578571e+00  1.5426656e+01         -inf  6.89329e+05  1.54267e+01  1.54267e+01
1.056788885e+00  1.5403769e+01         -inf  6.89329e+05  1.54038e+01  1.54038e+01
1.061016041e+00  1.5396683e+01         -inf  6.89329e+05  1.53967e+01  1.53967e+01
1.065260105e+00  1.5393310e+01         -inf  6.89329e+05  1.53933e+01  1.53933e+01
1.069521146e+00  1.5383761e+01         -inf  6.89329e+05  1.53838e+01  1.53838e+01
1.073799230e+00  1.5376827e+01         -inf  6.89329e+05  1.53768e+01  1.53768e+01
1.078094427e+00  1.5370498e+01         -inf  6.89329e+05  1.53705e+01  1.53705e+01
1.082406805e+00  1.5364246e+01         -inf  6.89329e+05  1.53642e+01  1.53642e+01
1.086736432e+00  1.5358259e+01         -inf  6.89329e+05  1.53583e+01  1.53583e+01
1.091083378e+00  1.5352575e+01         -inf  6.89329e+05  1.53526e+01  1.53526e+01
1.095447711e+00  1.5347118e+01         -inf  6.89329e+05  1.53471e+01  1.53471e+01
1.099829502e+00  1.5341434e+01         -inf  6.89329e+05  1.53414e+01  1.53414e+01
1.104228820e+00  1.5335561e+01         -inf  6.89329e+05  1.53356e+01  1.53356e+01
1.108645735e+00  1.5330559e+01         -inf  6.89329e+05  1.53306e+01  1.53306e+01
1.113080318e+00  1.5328096e+01         -inf  6.89329e+05  1.53281e+01  1.53281e+01
1.117532640e+00  1.5325671e+01         -inf  6.89329e+05  1.53257e+01  1.53257e+01
1.122002770e+00  1.5325595e+01         -inf  6.89329e+05  1.53256e+01  1.53256e+01
1.126490781e+00  1.5329915e+01         -inf  6.89329e+05  1.53299e+01  1.53299e+01
1.130996744e+00  1.5326277e+01         -inf  6.89329e+05  1.53263e+01  1.53263e+01
1.135520731e+00  1.5324989e+01         -inf  6.89329e+05  1.53250e+01  1.53250e+01
1.140062814e+00  1.5305701e+01         -inf  6.89329e+05  1.53057e+01  1.53057e+01
1.144623065e+00  1.5299865e+01         -inf  6.89329e+05  1.52999e+01  1.52999e+01
1.149201558e+00  1.5303427e+01         -inf  6.89329e+05  1.53034e+01  1.53034e+01
1.153798364e+00  1.5318244e+01         -inf  6.89329e+05  1.53182e+01  1.53182e+01
1.158413557e+00  1.5305966e+01         -inf  6.89329e+05  1.53060e+01  1.53060e+01
1.163047212e+00  1.5317145e+01         -inf  6.89329e+05  1.53171e+01  1.53171e+01
1.167699401e+00  1.5297251e+01         -inf  6.89329e+05  1.52973e+01  1.52973e+01
1.172370198e+00  1.5282851e+01         -inf  6.89329e+05  1.52829e+01  1.52829e+01
1.177059679e+00  1.5270384e+01         -inf  6.89329e+05  1.52704e+01  1.52704e+01
1.181767918e+00  1.5262313e+01         -inf  6.89329e+05  1.52623e+01  1.52623e+01
1.186494989e+00  1.5256326e+01         -inf  6.89329e+05  1.52563e+01  1.52563e+01
1.191240969e+00  1.5250301e+01         -inf  6.89329e+05  1.52503e+01  1.52503e+01
1.196005933e+00  1.5242570e+01         -inf  6.89329e+05  1.52426e+01  1.52426e+01
1.200789957e+00  1.5279517e+01         -inf  6.89329e+05  1.52795e+01  1.52795e+01
1.205593117e+00  1.5512634e+01         -inf  6.89329e+05  1.55126e+01  1.55126e+01
1.210415489e+00  1.5329119e+01         -inf  6.89329e+05  1.53291e+01  1.53291e+01
1.215257151e+00  1.5248595e+01         -inf  6.89329e+05  1.52486e+01  1.52486e+01
1.220118180e+00  1.5446284e+01         -inf  6.89329e+05  1.54463e+01  1.54463e+01
1.224998652e+00  1.5302215e+01         -inf  6.89329e+05  1.53022e+01  1.53022e+01
1.229898647e+00  1.5219758e+01         -inf  6.89329e+05  1.52198e+01  1.52198e+01
1.234818242e+00  1.5216461e+01         -inf  6.89329e+05  1.52165e+01  1.52165e+01
1.239757515e+00  1.5207973e+01         -inf  6.89329e+05  1.52080e+01  1.52080e+01
1.244716545e+00  1.5200735e+01         -inf  6.89329e+05  1.52007e+01  1.52007e+01
1.249695411e+00  1.5197817e+01         -inf  6.89329e+05  1.51978e+01  1.51978e+01
1.254694192e+00  1.5195165e+01         -inf  6.89329e+05  1.51952e+01  1.51952e+01
1.259712969e+00  1.5191375e+01         -inf  6.89329e+05  1.51914e+01  1.51914e+01
1.264751821e+00  1.5189064e+01         -inf  6.89329e+05  1.51891e+01  1.51891e+01
1.269810828e+00  1.5183607e+01         -inf  6.89329e+05  1.51836e+01  1.51836e+01
1.274890072e+00  1.5180083e+01         -inf  6.89329e+05  1.51801e+01  1.51801e+01
1.279989632e+00  1.5176938e+01         -inf  6.89329e+05  1.51769e+01  1.51769e+01
1.285109591e+00  1.5174134e+01         -inf  6.89329e+05  1.51741e+01  1.51741e+01
1.290250029e+00  1.5190845e+01         -inf  6.89329e+05  1.51908e+01  1.51908e+01
1.295411029e+00  1.5187548e+01         -inf  6.89329e+05  1.51875e+01  1.51875e+01
1.300592673e+00  1.5165910e+01         -inf  6.89329e+05  1.51659e+01  1.51659e+01
1.305795044e+00  1.5162614e+01         -inf  6.89329e+05  1.51626e+01  1.51626e+01
1.311018224e+00  1.5173489e+01         -inf  6.89329e+05  1.51735e+01  1.51735e+01
1.316262297e+00  1.5243063e+01         -inf  6.89329e+05  1.52431e+01  1.52431e+01
1.321527346e+00  1.5212407e+01         -inf  6.89329e+05  1.52124e+01  1.52124e+01
1.326813455e+00  1.5169473e+01         -inf  6.89329e+05  1.51695e+01  1.51695e+01
1.332120709e+00  1.5225139e+01         -inf  6.89329e+05  1.52251e+01  1.52251e+01
1.337449192e+00  1.5199939e+01         -inf  6.89329e+05  1.51999e+01  1.51999e+01
1.342798989e+00  1.5211838e+01         -inf  6.89329e+05  1.52118e+01  1.52118e+01
1.348170185e+00  1.5176786e+01         -inf  6.89329e+05  1.51768e+01  1.51768e+01
1.353562866e+00  1.5180576e+01         -inf  6.89329e+05  1.51806e+01  1.51806e+01
1.358977117e+00  1.5191224e+01         -inf  6.89329e+05  1.51912e+01  1.51912e+01
1.364413026e+00  1.5184403e+01         -inf  6.89329e+05  1.51844e+01  1.51844e+01
1.369870678e+00  1.5175422e+01         -inf  6.89329e+05  1.51754e+01  1.51754e+01
1.375350160e+00  1.5180765e+01         -inf  6.89329e+05  1.51808e+01  1.51808e+01
1.380851561e+00  1.5183683e+01         -inf  6.89329e+05  1.51837e+01  1.51837e+01
1.386374967e+00  1.5183759e+01         -inf  6.89329e+05  1.51838e+01  1.51838e+01
1.391920467e+00  1.5177923e+01         -inf  6.89329e+05  1.51779e+01  1.51779e+01
1.397488149e+00  1.5174702e+01         -inf  6.89329e+05  1.51747e+01  1.51747e+01
1.403078102e+00  1.5176862e+01         -inf  6.89329e+05  1.51769e+01  1.51769e+01
1.408690414e+00  1.5172694e+01         -inf  6.89329e+05  1.51727e+01  1.51727e+01
1.414325176e+00  1.5146130e+01         -inf  6.89329e+05  1.51461e+01  1.51461e+01
1.419982476e+00  1.5133170e+01         -inf  6.89329e+05  1.51332e+01  1.51332e+01
1.425662406e+00  1.5126083e+01         -inf  6.89329e+05  1.51261e+01  1.51261e+01
1.431365056e+00  1.6597737e+01         -inf  6.89329e+05  1.65977e+01  1.65977e+01
1.437090516e+00  1.6234326e+01         -inf  6.89329e+05  1.62343e+01  1.62343e+01
1.442838878e+00  1.5571329e+01         -inf  6.89329e+05  1.55713e+01  1.55713e+01
1.448610234e+00  1.5191868e+01         -inf  6.89329e+05  1.51919e+01  1.51919e+01
1.454404675e+00  1.5106530e+01         -inf  6.89329e+05  1.51065e+01  1.51065e+01
1.460222293e+00  1.5098913e+01         -inf  6.89329e+05  1.50989e+01  1.50989e+01
1.466063182e+00  1.5095995e+01         -inf  6.89329e+05  1.50960e+01  1.50960e+01
1.471927435e+00  1.5201607e+01         -inf  6.89329e+05  1.52016e+01  1.52016e+01
1.477815145e+00  1.5182773e+01         -inf  6.89329e+05  1.51828e+01  1.51828e+01
1.483726405e+00  1.5107212e+01         -inf  6.89329e+05  1.51072e+01  1.51072e+01
1.489661311e+00  1.5091107e+01         -inf  6.89329e+05  1.50911e+01  1.50911e+01
1.495619956e+00  1.5113730e+01         -inf  6.89329e+05  1.51137e+01  1.51137e+01
1.501602436e+00  1.5095806e+01         -inf  6.89329e+05  1.50958e+01  1.50958e+01
1.507608846e+00  1.5082050e+01         -inf  6.89329e+05  1.50820e+01  1.50820e+01
1.513639281e+00  1.5080345e+01         -inf  6.89329e+05  1.50803e+01  1.50803e+01
1.519693838e+00  1.5079056e+01         -inf  6.89329e+05  1.50791e+01  1.50791e+01
1.525772614e+00  1.5096526e+01         -inf  6.89329e+05  1.50965e+01  1.50965e+01
1.531875704e+00  1.5202630e+01         -inf  6.89329e+05  1.52026e+01  1.52026e+01
1.538003207e+00  1.5291036e+01         -inf  6.89329e+05  1.52910e+01  1.52910e+01
1.544155220e+00  1.5174247e+01         -inf  6.89329e+05  1.51742e+01  1.51742e+01
1.550331841e+00  1.5072614e+01         -inf  6.89329e+05  1.50726e+01  1.50726e+01
1.556533168e+00  1.5070416e+01         -inf  6.89329e+05  1.50704e+01  1.50704e+01
1.562759301e+00  1.5070757e+01         -inf  6.89329e+05  1.50708e+01  1.50708e+01
1.569010338e+00  1.5473453e+01         -inf  6.89329e+05  1.54735e+01  1.54735e+01
1.575286379e+00  1.5891052e+01         -inf  6.89329e+05  1.58911e+01  1.58911e+01
1.581587525e+00  1.5476712e+01         -inf  6.89329e+05  1.54767e+01  1.54767e+01
1.587913875e+00  1.5089553e+01         -inf  6.89329e+05  1.50896e+01  1.50896e+01
1.594265530e+00  1.5085119e+01         -inf  6.89329e+05  1.50851e+01  1.50851e+01
1.600642593e+00  1.5797880e+01         -inf  6.89329e+05  1.57979e+01  1.57979e+01
1.607045163e+00  1.5845508e+01         -inf  6.89329e+05  1.58455e+01  1.58455e+01
1.613473344e+00  1.5402291e+01         -inf  6.89329e+05  1.54023e+01  1.54023e+01
1.619927237e+00  1.5093835e+01         -inf  6.89329e+05  1.50938e+01  1.50938e+01
1.626406946e+00  1.5096715e+01         -inf  6.89329e+05  1.50967e+01  1.50967e+01
1.632912574e+00  1.5151321e+01         -inf  6.89329e+05  1.51513e+01  1.51513e+01
1.639444224e+00  1.5270460e+01         -inf  6.89329e+05  1.52705e+01  1.52705e+01
1.646002001e+00  1.5329650e+01         -inf  6.89329e+05  1.53296e+01  1.53296e+01
1.652586009e+00  1.5261403e+01         -inf  6.89329e+05  1.52614e+01  1.52614e+01
1.659196353e+00  1.5122142e+01         -inf  6.89329e+05  1.51221e+01  1.51221e+01
1.665833138e+00  1.5443632e+01         -inf  6.89329e+05  1.54436e+01  1.54436e+01
1.672496471e+00  1.5113957e+01         -inf  6.89329e+05  1.51140e+01  1.51140e+01
1.679186457e+00  1.5146319e+01         -inf  6.89329e+05  1.51463e+01  1.51463e+01
1.685903203e+00  1.5137679e+01         -inf  6.89329e+05  1.51377e+01  1.51377e+01
1.692646815e+00  1.5131313e+01         -inf  6.89329e+05  1.51313e+01  1.51313e+01
1.699417403e+00  1.5139915e+01         -inf  6.89329e+05  1.51399e+01  1.51399e+01
1.706215072e+00  1.5258864e+01         -inf  6.89329e+05  1.52589e+01  1.52589e+01
1.713039933e+00  1.5158370e+01         -inf  6.89329e+05  1.51584e+01  1.51584e+01
1.719892092e+00  1.5146054e+01         -inf  6.89329e+05  1.51461e+01  1.51461e+01
1.726771661e+00  1.5217447e+01         -inf  6.89329e+05  1.52174e+01  1.52174e+01
1.733678747e+00  1.5123014e+01         -inf  6.89329e+05  1.51230e+01  1.51230e+01
1.740613462e+00  1.5091145e+01         -inf  6.89329e+05  1.50911e+01  1.50911e+01
1.747575916e+00  1.5071591e+01         -inf  6.89329e+05  1.50716e+01  1.50716e+01
1.754566220e+00  1.5066096e+01         -inf  6.89329e+05  1.50661e+01  1.50661e+01
1.761584485e+00  1.5066665e+01         -inf  6.89329e+05  1.50667e+01  1.50667e+01
1.768630823e+00  1.5103498e+01         -inf  6.89329e+05  1.51035e+01  1.51035e+01
1.775705346e+00  1.5141469e+01         -inf  6.89329e+05  1.51415e+01  1.51415e+01
1.782808167e+00  1.5099140e+01         -inf  6.89329e+05  1.50991e+01  1.50991e+01
1.789939400e+00  1.5183456e+01         -inf  6.89329e+05  1.51835e+01  1.51835e+01
1.797099158e+00  1.5078222e+01         -inf  6.89329e+05  1.50782e+01  1.50782e+01
1.804287554e+00  1.5082618e+01         -inf  6.89329e+05  1.50826e+01  1.50826e+01
1.811504704e+00  1.5075759e+01         -inf  6.89329e+05  1.50758e+01  1.50758e+01
1.818750723e+00  1.5059540e+01         -inf  6.89329e+05  1.50595e+01  1.50595e+01
1.826025726e+00  1.5043283e+01         -inf  6.89329e+05  1.50433e+01  1.50433e+01
1.833329829e+00  1.5041010e+01         -inf  6.89329e+05  1.50410e+01  1.50410e+01
1.840663148e+00  1.5044041e+01         -inf  6.89329e+05  1.50440e+01  1.50440e+01
1.848025801e+00  1.5040024e+01         -inf  6.89329e+05  1.50400e+01  1.50400e+01
1.855417904e+00  1.5037675e+01         -inf  6.89329e+05  1.50377e+01  1.50377e+01
1.862839576e+00  1.5034340e+01         -inf  6.89329e+05  1.50343e+01  1.50343e+01
1.870290934e+00  1.5044534e+01         -inf  6.89329e+05  1.50445e+01  1.50445e+01
1.877772098e+00  1.5285087e+01         -inf  6.89329e+05  1.52851e+01  1.52851e+01
1.885283186e+00  1.5280578e+01         -inf  6.89329e+05  1.52806e+01  1.52806e+01
1.892824319e+00  1.5057229e+01         -inf  6.89329e+05  1.50572e+01  1.50572e+01
1.900395616e+00  1.5029831e+01         -inf  6.89329e+05  1.50298e+01  1.50298e+01
1.907997199e+00  1.5027330e+01         -inf  6.89329e+05  1.50273e+01  1.50273e+01
1.915629188e+00  1.5024904e+01         -inf  6.89329e+05  1.50249e+01  1.50249e+01
1.923291704e+00  1.5023426e+01         -inf  6.89329e+05  1.50234e+01  1.50234e+01
1.930984871e+00  1.5022782e+01         -inf  6.89329e+05  1.50228e+01  1.50228e+01
1.938708811e+00  1.5062686e+01         -inf  6.89329e+05  1.50627e+01  1.50627e+01
1.946463646e+00  1.5885975e+01         -inf  6.89329e+05  1.58860e+01  1.58860e+01
1.954249500e+00  1.8792842e+01         -inf  6.89329e+05  1.87928e+01  1.87928e+01
1.962066498e+00  1.8406945e+01         -inf  6.89329e+05  1.84069e+01  1.84069e+01
1.969914764e+00  1.7323740e+01         -inf  6.89329e+05  1.73237e+01  1.73237e+01
1.977794423e+00  1.5534422e+01         -inf  6.89329e+05  1.55344e+01  1.55344e+01
1.985705601e+00  1.5229497e+01         -inf  6.89329e+05  1.52295e+01  1.52295e+01
1.993648424e+00  1.5614374e+01         -inf  6.89329e+05  1.56144e+01  1.56144e+01
2.001623017e+00  2.0783050e+01         -inf  6.89329e+05  2.07830e+01  2.07831e+01
2.009629509e+00  2.1272725e+01         -inf  6.89329e+05  2.12727e+01  2.12727e+01
2.017668027e+00  1.9611713e+01         -inf  6.89329e+05  1.96117e+01  1.96117e+01
2.025738699e+00  1.6338821e+01         -inf  6.89329e+05  1.63388e+01  1.63388e+01
2.033841654e+00  1.6019915e+01         -inf  6.89329e+05  1.60199e+01  1.60199e+01
2.041977021e+00  1.6304343e+01         -inf  6.89329e+05  1.63043e+01  1.63043e+01
2.050144929e+00  1.7545721e+01         -inf  6.89329e+05  1.75457e+01  1.75457e+01
2.058345509e+00  1.8037652e+01         -inf  6.89329e+05  1.80377e+01  1.80377e+01
2.066578891e+00  1.7592768e+01         -inf  6.89329e+05  1.75928e+01  1.75928e+01
2.074845206e+00  1.6311996e+01         -inf  6.89329e+05  1.63120e+01  1.63120e+01
2.083144587e+00  1.5850548e+01         -inf  6.89329e+05  1.58505e+01  1.58505e+01
2.091477165e+00  1.5497060e+01         -inf  6.89329e+05  1.54971e+01  1.54971e+01
2.099843074e+00  1.5302631e+01         -inf  6.89329e+05  1.53026e+01  1.53026e+01
2.108242446e+00  1.5202781e+01         -inf  6.89329e+05  1.52028e+01  1.52028e+01
2.116675416e+00  1.5130555e+01         -inf  6.89329e+05  1.51306e+01  1.51306e+01
2.125142118e+00  1.5049233e+01         -inf  6.89329e+05  1.50492e+01  1.50492e+01
2.133642686e+00  1.5042791e+01         -inf  6.89329e+05  1.50428e+01  1.50428e+01
2.142177257e+00  1.5080496e+01         -inf  6.89329e+05  1.50805e+01  1.50805e+01
2.150745966e+00  1.5221577e+01         -inf  6.89329e+05  1.52216e+01  1.52216e+01
2.159348950e+00  1.5221046e+01         -inf  6.89329e+05  1.52210e+01  1.52210e+01
2.167986346e+00  1.5193194e+01         -inf  6.89329e+05  1.51932e+01  1.51932e+01
2.176658291e+00  1.5177203e+01         -inf  6.89329e+05  1.51772e+01  1.51772e+01
2.185364924e+00  1.5084285e+01         -inf  6.89329e+05  1.50843e+01  1.50843e+01
2.194106384e+00  1.5131426e+01         -inf  6.89329e+05  1.51314e+01  1.51314e+01
2.202882810e+00  1.5547381e+01         -inf  6.89329e+05  1.55474e+01  1.55474e+01
2.211694341e+00  1.5080420e+01         -inf  6.89329e+05  1.50804e+01  1.50804e+01
2.220541118e+00  1.5203122e+01         -inf  6.89329e+05  1.52031e+01  1.52031e+01
2.229423283e+00  1.5281752e+01         -inf  6.89329e+05  1.52818e+01  1.52818e+01
2.238340976e+00  1.5307519e+01         -inf  6.89329e+05  1.53075e+01  1.53075e+01
2.247294340e+00  1.5405170e+01         -inf  6.89329e+05  1.54052e+01  1.54052e+01
2.256283517e+00  1.5433893e+01         -inf  6.89329e+05  1.54339e+01  1.54339e+01
2.265308651e+00  1.5545145e+01         -inf  6.89329e+05  1.55451e+01  1.55451e+01
2.274369886e+00  1.5740892e+01         -inf  6.89329e+05  1.57409e+01  1.57409e+01
2.283467365e+00  1.5774198e+01         -inf  6.89329e+05  1.57742e+01  1.57742e+01
2.292601235e+00  1.5923334e+01         -inf  6.89329e+05  1.59233e+01  1.59233e+01
2.301771640e+00  1.6207956e+01         -inf  6.89329e+05  1.62080e+01  1.62080e+01
2.310978726e+00  1.5505471e+01         -inf  6.89329e+05  1.55055e+01  1.55055e+01
2.320222641e+00  1.6069359e+01         -inf  6.89329e+05  1.60694e+01  1.60694e+01
2.329503532e+00  1.5766544e+01         -inf  6.89329e+05  1.57665e+01  1.57665e+01
2.338821546e+00  1.5992747e+01         -inf  6.89329e+05  1.59927e+01  1.59927e+01
2.348176832e+00  1.6199203e+01         -inf  6.89329e+05  1.61992e+01  1.61992e+01
2.357569539e+00  1.5860853e+01         -inf  6.89329e+05  1.58609e+01  1.58609e+01
2.366999817e+00  1.5978538e+01         -inf  6.89329e+05  1.59785e+01  1.59785e+01
2.376467817e+00  1.6011161e+01         -inf  6.89329e+05  1.60112e+01  1.60112e+01
2.385973688e+00  1.5532222e+01         -inf  6.89329e+05  1.55322e+01  1.55322e+01
2.395517583e+00  1.5516080e+01         -inf  6.89329e+05  1.55161e+01  1.55161e+01
2.405099653e+00  1.5269586e+01         -inf  6.89329e+05  1.52696e+01  1.52696e+01
2.414720052e+00  1.5140216e+01         -inf  6.89329e+05  1.51402e+01  1.51402e+01
2.424378932e+00  1.5266668e+01         -inf  6.89329e+05  1.52667e+01  1.52667e+01
2.434076448e+00  1.5127710e+01         -inf  6.89329e+05  1.51277e+01  1.51277e+01
2.443812753e+00  1.5082956e+01         -inf  6.89329e+05  1.50830e+01  1.50830e+01
2.453588004e+00  1.5054118e+01         -inf  6.89329e+05  1.50541e+01  1.50541e+01
2.463402356e+00  1.5024484e+01         -inf  6.89329e+05  1.50245e+01  1.50245e+01
2.473255966e+00  1.5029827e+01         -inf  6.89329e+05  1.50298e+01  1.50298e+01
2.483148990e+00  1.5199594e+01         -inf  6.89329e+05  1.51996e+01  1.51996e+01
2.493081586e+00  1.5137902e+01         -inf  6.89329e+05  1.51379e+01  1.51379e+01
2.503053912e+00  1.5084319e+01         -inf  6.89329e+05  1.50843e+01  1.50843e+01
2.513066128e+00  1.5041156e+01         -inf  6.89329e+05  1.50412e+01  1.50412e+01
2.523118392e+00  1.5024293e+01         -inf  6.89329e+05  1.50243e+01  1.50243e+01
2.533210866e+00  1.5026074e+01         -inf  6.89329e+05  1.50261e+01  1.50261e+01
2.543343709e+00  1.5013038e+01         -inf  6.89329e+05  1.50130e+01  1.50130e+01
2.553517084e+00  1.5050631e+01         -inf  6.89329e+05  1.50506e+01  1.50506e+01
2.563731152e+00  1.5205809e+01         -inf  6.89329e+05  1.52058e+01  1.52058e+01
2.573986077e+00  1.5200581e+01         -inf  6.89329e+05  1.52006e+01  1.52006e+01
2.584282021e+00  1.5264584e+01         -inf  6.89329e+05  1.52646e+01  1.52646e+01
2.594619149e+00  1.5230063e+01         -inf  6.89329e+05  1.52301e+01  1.52301e+01
2.604997626e+00  1.5177125e+01         -inf  6.89329e+05  1.51771e+01  1.51771e+01
2.615417616e+00  1.5154805e+01         -inf  6.89329e+05  1.51548e+01  1.51548e+01
2.625879287e+00  1.5091597e+01         -inf  6.89329e+05  1.50916e+01  1.50916e+01
2.636382804e+00  1.5065373e+01         -inf  6.89329e+05  1.50654e+01  1.50654e+01
2.646928335e+00  1.5053626e+01         -inf  6.89329e+05  1.50536e+01  1.50536e+01
2.657516049e+00  1.5258971e+01         -inf  6.89329e+05  1.52590e+01  1.52590e+01
2.668146113e+00  2.1415224e+01         -inf  6.89329e+05  2.14152e+01  2.14153e+01
2.678818697e+00  3.1714602e+01         -inf  6.89329e+05  3.17146e+01  3.17147e+01
2.689533972e+00  3.1271908e+01         -inf  6.89329e+05  3.12719e+01  3.12719e+01
2.700292108e+00  3.1937269e+01         -inf  6.89329e+05  3.19373e+01  3.19373e+01
2.711093276e+00  2.8079545e+01         -inf  6.89329e+05  2.80795e+01  2.80796e+01
2.721937650e+00  2.2248876e+01         -inf  6.89329e+05  2.22489e+01  2.22489e+01
2.732825400e+00  2.0746464e+01         -inf  6.89329e+05  2.07465e+01  2.07465e+01
2.743756702e+00  2.4503870e+01         -inf  6.89329e+05  2.45039e+01  2.45039e+01
2.754731729e+00  3.0538032e+01         -inf  6.89329e+05  3.05380e+01  3.05381e+01
2.765750655e+00  2.9908816e+01         -inf  6.89329e+05  2.99088e+01  2.99088e+01
2.776813658e+00  3.1082295e+01         -inf  6.89329e+05  3.10823e+01  3.10823e+01
2.787920913e+00  2.8215276e+01         -inf  6.89329e+05  2.82153e+01  2.82153e+01
2.799072596e+00  2.4141963e+01         -inf  6.89329e+05  2.41420e+01  2.41420e+01
2.810268887e+00  2.1944004e+01         -inf  6.89329e+05  2.19440e+01  2.19440e+01
2.821509962e+00  2.0159162e+01         -inf  6.89329e+05  2.01592e+01  2.01592e+01
2.832796002e+00  1.8196934e+01         -inf  6.89329e+05  1.81969e+01  1.81970e+01
2.844127186e+00  1.8406766e+01         -inf  6.89329e+05  1.84068e+01  1.84068e+01
2.855503695e+00  1.7104101e+01         -inf  6.89329e+05  1.71041e+01  1.71041e+01
2.866925710e+00  1.6168358e+01         -inf  6.89329e+05  1.61684e+01  1.61684e+01
2.878393413e+00  1.5658276e+01         -inf  6.89329e+05  1.56583e+01  1.56583e+01
2.889906986e+00  1.5314434e+01         -inf  6.89329e+05  1.53144e+01  1.53145e+01
2.901466614e+00  1.5091040e+01         -inf  6.89329e+05  1.50910e+01  1.50911e+01
2.913072481e+00  1.5007817e+01         -inf  6.89329e+05  1.50078e+01  1.50079e+01
2.924724770e+00  1.4996254e+01         -inf  6.89329e+05  1.49963e+01  1.49963e+01
2.936423670e+00  1.4989655e+01         -inf  6.89329e+05  1.49897e+01  1.49897e+01
2.948169364e+00  1.4993818e+01         -inf  6.89329e+05  1.49938e+01  1.49939e+01
2.959962042e+00  1.5060243e+01         -inf  6.89329e+05  1.50602e+01  1.50603e+01
2.971801890e+00  1.5260131e+01         -inf  6.89329e+05  1.52601e+01  1.52602e+01
2.983689097e+00  1.5377897e+01         -inf  6.89329e+05  1.53779e+01  1.53780e+01
2.995623854e+00  1.5117596e+01         -inf  6.89329e+05  1.51176e+01  1.51177e+01
3.007606349e+00  1.5120203e+01         -inf  6.89329e+05  1.51202e+01  1.51203e+01
3.019636775e+00  1.5101362e+01         -inf  6.89329e+05  1.51014e+01  1.51015e+01
3.031715322e+00  1.5005820e+01         -inf  6.89329e+05  1.50058e+01  1.50060e+01
3.043842183e+00  1.4991903e+01         -inf  6.89329e+05  1.49919e+01  1.49920e+01
3.056017552e+00  1.4991401e+01         -inf  6.89329e+05  1.49914e+01  1.49916e+01
3.068241622e+00  1.4987450e+01         -inf  6.89329e+05  1.49875e+01  1.49876e+01
3.080514588e+00  1.4985355e+01         -inf  6.89329e+05  1.49854e+01  1.49855e+01
3.092836647e+00  1.4985647e+01         -inf  6.89329e+05  1.49856e+01  1.49858e+01
3.105207993e+00  1.4991812e+01         -inf  6.89329e+05  1.49918e+01  1.49920e+01
3.117628825e+00  1.5045839e+01         -inf  6.89329e+05  1.50458e+01  1.50460e+01
3.130099341e+00  1.5178154e+01         -inf  6.89329e+05  1.51782e+01  1.51784e+01
3.142619738e+00  1.5086624e+01         -inf  6.89329e+05  1.50866e+01  1.50869e+01
3.155190217e+00  1.5194573e+01         -inf  6.89329e+05  1.51946e+01  1.51948e+01
3.167810978e+00  1.5195316e+01         -inf  6.89329e+05  1.51953e+01  1.51956e+01
3.180482222e+00  1.5617932e+01         -inf  6.89329e+05  1.56179e+01  1.56182e+01
3.193204151e+00  1.5658308e+01         -inf  6.89329e+05  1.56583e+01  1.56586e+01
3.205976967e+00  1.5811260e+01         -inf  6.89329e+05  1.58113e+01  1.58116e+01
3.218800875e+00  1.6357805e+01         -inf  6.89329e+05  1.63578e+01  1.63581e+01
3.231676079e+00  1.6027386e+01         -inf  6.89329e+05  1.60274e+01  1.60277e+01
3.244602783e+00  1.6663131e+01         -inf  6.89329e+05  1.66631e+01  1.66635e+01
3.257581194e+00  1.6738012e+01         -inf  6.89329e+05  1.67380e+01  1.67384e+01
3.270611519e+00  1.7045256e+01         -inf  6.89329e+05  1.70453e+01  1.70456e+01
3.283693965e+00  1.6217747e+01         -inf  6.89329e+05  1.62177e+01  1.62182e+01
3.296828741e+00  1.6370005e+01         -inf  6.89329e+05  1.63700e+01  1.63705e+01
3.310016056e+00  2.0705703e+01         -inf  6.89329e+05  2.07057e+01  2.07060e+01
3.323256120e+00  1.8349797e+01         -inf  6.89329e+05  1.83498e+01  1.83502e+01
3.336549144e+00  1.5514430e+01         -inf  6.89329e+05  1.55144e+01  1.55150e+01
3.349895341e+00  1.5738235e+01         -inf  6.89329e+05  1.57382e+01  1.57388e+01
3.363294922e+00  1.6728346e+01         -inf  6.89329e+05  1.67283e+01  1.67289e+01
3.376748102e+00  1.6600938e+01         -inf  6.89329e+05  1.66009e+01  1.66015e+01
3.390255094e+00  1.6657167e+01         -inf  6.89329e+05  1.66572e+01  1.66578e+01
3.403816115e+00  1.6466175e+01         -inf  6.89329e+05  1.64662e+01  1.64668e+01
3.417431379e+00  1.5823471e+01         -inf  6.89329e+05  1.58235e+01  1.58242e+01
3.431101105e+00  1.5937436e+01         -inf  6.89329e+05  1.59374e+01  1.59382e+01
3.444825509e+00  1.5814807e+01         -inf  6.89329e+05  1.58148e+01  1.58157e+01
3.458604811e+00  1.5550682e+01         -inf  6.89329e+05  1.55507e+01  1.55516e+01
3.472439231e+00  1.5780825e+01         -inf  6.89329e+05  1.57808e+01  1.57818e+01
3.486328987e+00  1.5755035e+01         -inf  6.89329e+05  1.57550e+01  1.57560e+01
3.500274303e+00  1.5494767e+01         -inf  6.89329e+05  1.54948e+01  1.54958e+01
3.514275401e+00  1.5200038e+01         -inf  6.89329e+05  1.52000e+01  1.52012e+01
3.528332502e+00  1.5411353e+01         -inf  6.89329e+05  1.54114e+01  1.54126e+01
3.542445832e+00  1.5944412e+01         -inf  6.89329e+05  1.59444e+01  1.59457e+01
3.556615616e+00  1.5363018e+01         -inf  6.89329e+05  1.53630e+01  1.53644e+01
3.570842078e+00  1.5808275e+01         -inf  6.89329e+05  1.58083e+01  1.58097e+01
3.585125446e+00  1.5724750e+01         -inf  6.89329e+05  1.57248e+01  1.57262e+01
3.599465948e+00  1.5434439e+01         -inf  6.89329e+05  1.54344e+01  1.54360e+01
3.613863812e+00  1.5405973e+01         -inf  6.89329e+05  1.54060e+01  1.54076e+01
3.628319267e+00  1.5274125e+01         -inf  6.89329e+05  1.52741e+01  1.52759e+01
3.642832544e+00  1.5466356e+01         -inf  6.89329e+05  1.54664e+01  1.54682e+01
3.657403874e+00  1.5105257e+01         -inf  6.89329e+05  1.51053e+01  1.51072e+01
3.672033490e+00  1.5219229e+01         -inf  6.89329e+05  1.52192e+01  1.52213e+01
3.686721624e+00  1.5230184e+01         -inf  6.89329e+05  1.52302e+01  1.52323e+01
3.701468510e+00  1.5100578e+01         -inf  6.89329e+05  1.51006e+01  1.51029e+01
3.716274384e+00  1.5170190e+01         -inf  6.89329e+05  1.51702e+01  1.51726e+01
3.731139482e+00  1.5198033e+01         -inf  6.89329e+05  1.51980e+01  1.52005e+01
3.746064040e+00  1.5137762e+01         -inf  6.89329e+05  1.51378e+01  1.51404e+01
3.761048296e+00  1.5110605e+01         -inf  6.89329e+05  1.51106e+01  1.51134e+01
3.776092489e+00  1.5121643e+01         -inf  6.89329e+05  1.51216e+01  1.51246e+01
3.791196859e+00  1.5221464e+01         -inf  6.89329e+05  1.52215e+01  1.52245e+01
3.806361647e+00  1.5298460e+01         -inf  6.89329e+05  1.52985e+01  1.53017e+01
3.821587093e+00  1.5210082e+01         -inf  6.89329e+05  1.52101e+01  1.52135e+01
3.836873442e+00  1.5339895e+01         -inf  6.89329e+05  1.53399e+01  1.53434e+01
3.852220935e+00  1.5342165e+01         -inf  6.89329e+05  1.53422e+01  1.53459e+01
3.867629819e+00  1.5364324e+01         -inf  6.89329e+05  1.53643e+01  1.53681e+01
3.883100338e+00  1.5542522e+01         -inf  6.89329e+05  1.55425e+01  1.55463e+01
3.898632740e+00  1.5458976e+01         -inf  6.89329e+05  1.54590e+01  1.54631e+01
3.914227271e+00  1.5559571e+01         -inf  6.89329e+05  1.55596e+01  1.55638e+01
3.929884180e+00  1.5523358e+01         -inf  6.89329e+05  1.55234e+01  1.55278e+01
3.945603716e+00  1.5474852e+01         -inf  6.89329e+05  1.54749e+01  1.54797e+01
3.961386131e+00  1.5511655e+01         -inf  6.89329e+05  1.55117e+01  1.55168e+01
3.977231676e+00  1.5716881e+01         -inf  6.89329e+05  1.57169e+01  1.57222e+01
3.993140603e+00  1.5755532e+01         -inf  6.89329e+05  1.57555e+01  1.57611e+01
4.009113165e+00  1.6004372e+01         -inf  6.89329e+05  1.60044e+01  1.60101e+01
4.025149618e+00  1.6204372e+01         -inf  6.89329e+05  1.62044e+01  1.62102e+01
4.041250216e+00  1.6498794e+01         -inf  6.89329e+05  1.64988e+01  1.65047e+01
4.057415217e+00  1.6722620e+01         -inf  6.89329e+05  1.67226e+01  1.67287e+01
4.073644878e+00  1.7084790e+01         -inf  6.89329e+05  1.70848e+01  1.70910e+01
4.089939457e+00  1.7412362e+01         -inf  6.89329e+05  1.74124e+01  1.74186e+01
4.106299215e+00  1.7700620e+01         -inf  6.89329e+05  1.77006e+01  1.77069e+01
4.122724412e+00  1.7977327e+01         -inf  6.89329e+05  1.79773e+01  1.79838e+01
4.139215310e+00  1.8212367e+01         -inf  6.89329e+05  1.82124e+01  1.82189e+01
4.155772171e+00  1.8390316e+01         -inf  6.89329e+05  1.83903e+01  1.83965e+01
4.172395260e+00  1.9527025e+01         -inf  6.89329e+05  1.95270e+01  1.95303e+01
4.189084841e+00  2.4736430e+01         -inf  6.89329e+05  2.47364e+01  2.47416e+01
4.205841180e+00  3.3741922e+01         -inf  6.89329e+05  3.37419e+01  3.37585e+01
4.222664545e+00  4.1979260e+01         -inf  6.89329e+05  4.19793e+01  4.20106e+01
4.239555203e+00  4.5436278e+01         -inf  6.89329e+05  4.54363e+01  4.54715e+01
4.256513424e+00  4.3609536e+01         -inf  6.89329e+05  4.36095e+01  4.36323e+01
4.273539477e+00  4.5333174e+01         -inf  6.89329e+05  4.53332e+01  4.53610e+01
4.290633635e+00  4.3672221e+01         -inf  6.89329e+05  4.36722e+01  4.37002e+01
4.307796170e+00  4.0760185e+01         -inf  6.89329e+05  4.07602e+01  4.07886e+01
4.325027355e+00  3.7310318e+01         -inf  6.89329e+05  3.73103e+01  3.73330e+01
4.342327464e+00  3.5020898e+01         -inf  6.89329e+05  3.50209e+01  3.50402e+01
4.359696774e+00  3.4030074e+01         -inf  6.89329e+05  3.40301e+01  3.40422e+01
4.377135561e+00  3.1557152e+01         -inf  6.89329e+05  3.15572e+01  3.15641e+01
4.394644103e+00  3.1553472e+01         -inf  6.89329e+05  3.15535e+01  3.15580e+01
4.412222680e+00  3.0512678e+01         -inf  6.89329e+05  3.05127e+01  3.05155e+01
4.429871570e+00  2.8149614e+01         -inf  6.89329e+05  2.81496e+01  2.81517e+01
4.447591057e+00  2.4375426e+01         -inf  6.89329e+05  2.43754e+01  2.43782e+01
4.465381421e+00  2.1309742e+01         -inf  6.89329e+05  2.13097e+01  2.13131e+01
4.483242946e+00  1.9117120e+01         -inf  6.89329e+05  1.91171e+01  1.91217e+01
4.501175918e+00  1.7842882e+01         -inf  6.89329e+05  1.78429e+01  1.78516e+01
4.519180622e+00  1.8043252e+01         -inf  6.89329e+05  1.80433e+01  1.80503e+01
4.537257344e+00  1.7488343e+01         -inf  6.89329e+05  1.74883e+01  1.74977e+01
4.555406374e+00  1.6825348e+01         -inf  6.89329e+05  1.68253e+01  1.68387e+01
4.573627999e+00  1.6267669e+01         -inf  6.89329e+05  1.62677e+01  1.62859e+01
4.591922511e+00  1.5760667e+01         -inf  6.89329e+05  1.57607e+01  1.57840e+01
4.610290201e+00  1.5512305e+01         -inf  6.89329e+05  1.55123e+01  1.55385e+01
4.628731362e+00  1.5368918e+01         -inf  6.89329e+05  1.53689e+01  1.53968e+01
4.647246288e+00  1.5266328e+01         -inf  6.89329e+05  1.52663e+01  1.52956e+01
4.665835273e+00  1.5198699e+01         -inf  6.89329e+05  1.51987e+01  1.52293e+01
4.684498614e+00  1.5594603e+01         -inf  6.89329e+05  1.55946e+01  1.56265e+01
4.703236608e+00  1.9394448e+01         -inf  6.89329e+05  1.93944e+01  1.94246e+01
4.722049555e+00  2.0009607e+01         -inf  6.89329e+05  2.00096e+01  2.00412e+01
4.740937753e+00  1.8887269e+01         -inf  6.89329e+05  1.88873e+01  1.89212e+01
4.759901504e+00  1.9144128e+01         -inf  6.89329e+05  1.91441e+01  1.91794e+01
4.778941110e+00  1.8917846e+01         -inf  6.89329e+05  1.89178e+01  1.89522e+01
4.798056874e+00  1.8094250e+01         -inf  6.89329e+05  1.80942e+01  1.81290e+01
4.817249102e+00  2.0179103e+01         -inf  6.89329e+05  2.01791e+01  2.02037e+01
4.836518098e+00  1.7925521e+01         -inf  6.89329e+05  1.79255e+01  1.79574e+01
4.855864171e+00  1.7850126e+01         -inf  6.89329e+05  1.78501e+01  1.78814e+01
4.875287627e+00  1.6829966e+01         -inf  6.89329e+05  1.68300e+01  1.68676e+01
4.894788778e+00  1.6004823e+01         -inf  6.89329e+05  1.60048e+01  1.60492e+01
4.914367933e+00  1.6088919e+01         -inf  6.89329e+05  1.60889e+01  1.61375e+01
4.934025405e+00  1.5436637e+01         -inf  6.89329e+05  1.54366e+01  1.54894e+01
4.953761506e+00  1.5362237e+01         -inf  6.89329e+05  1.53622e+01  1.54170e+01
4.973576552e+00  1.5169654e+01         -inf  6.89329e+05  1.51697e+01  1.52267e+01
4.993470859e+00  1.5051320e+01         -inf  6.89329e+05  1.50513e+01  1.51107e+01
5.013444742e+00  1.4955835e+01         -inf  6.89329e+05  1.49558e+01  1.50176e+01
5.033498521e+00  1.4940094e+01         -inf  6.89329e+05  1.49401e+01  1.50043e+01
5.053632515e+00  1.4932195e+01         -inf  6.89329e+05  1.49322e+01  1.49989e+01
5.073847045e+00  1.4962998e+01         -inf  6.89329e+05  1.49630e+01  1.50323e+01
5.094142433e+00  1.5053303e+01         -inf  6.89329e+05  1.50533e+01  1.51249e+01
5.114519003e+00  1.5065566e+01         -inf  6.89329e+05  1.50656e+01  1.51399e+01
5.134977079e+00  1.4977644e+01         -inf  6.89329e+05  1.49776e+01  1.50551e+01
5.155516987e+00  1.5125485e+01         -inf  6.89329e+05  1.51255e+01  1.52054e+01
5.176139055e+00  1.7020125e+01         -inf  6.89329e+05  1.70201e+01  1.70905e+01
5.196843612e+00  1.5709526e+01         -inf  6.89329e+05  1.57095e+01  1.57900e+01
5.217630986e+00  1.5946739e+01         -inf  6.89329e+05  1.59467e+01  1.60259e+01
5.238501510e+00  1.5629239e+01         -inf  6.89329e+05  1.56292e+01  1.57129e+01
5.259455516e+00  1.5349103e+01         -inf  6.89329e+05  1.53491e+01  1.54387e+01
5.280493338e+00  1.5071699e+01         -inf  6.89329e+05  1.50717e+01  1.51668e+01
5.301615311e+00  1.4978434e+01         -inf  6.89329e+05  1.49784e+01  1.50771e+01
5.322821773e+00  1.4986082e+01         -inf  6.89329e+05  1.49861e+01  1.50864e+01
5.344113060e+00  1.4937731e+01         -inf  6.89329e+05  1.49377e+01  1.50395e+01
5.365489512e+00  1.4931437e+01         -inf  6.89329e+05  1.49314e+01  1.50341e+01
5.386951470e+00  1.4927031e+01         -inf  6.89329e+05  1.49270e+01  1.50305e+01
5.408499276e+00  1.4930717e+01         -inf  6.89329e+05  1.49307e+01  1.50348e+01
5.430133273e+00  1.4938206e+01         -inf  6.89329e+05  1.49382e+01  1.50432e+01
5.451853806e+00  1.4946572e+01         -inf  6.89329e+05  1.49466e+01  1.50519e+01
5.473661221e+00  1.4969285e+01         -inf  6.89329e+05  1.49693e+01  1.50745e+01
5.495555866e+00  1.5009032e+01         -inf  6.89329e+05  1.50090e+01  1.51138e+01
5.517538090e+00  1.5039650e+01         -inf  6.89329e+05  1.50397e+01  1.51442e+01
5.539608242e+00  1.5017089e+01         -inf  6.89329e+05  1.50171e+01  1.51212e+01
5.561766675e+00  1.4958849e+01         -inf  6.89329e+05  1.49588e+01  1.50627e+01
5.584013742e+00  1.4984039e+01         -inf  6.89329e+05  1.49840e+01  1.50878e+01
5.606349797e+00  1.4998081e+01         -inf  6.89329e+05  1.49981e+01  1.51018e+01
5.628775196e+00  1.4979158e+01         -inf  6.89329e+05  1.49792e+01  1.50830e+01
5.651290297e+00  1.4957164e+01         -inf  6.89329e+05  1.49572e+01  1.50612e+01
5.673895458e+00  1.4951000e+01         -inf  6.89329e+05  1.49510e+01  1.50550e+01
5.696591040e+00  1.4944416e+01         -inf  6.89329e+05  1.49444e+01  1.50487e+01
5.719377404e+00  1.5006785e+01         -inf  6.89329e+05  1.50068e+01  1.51112e+01
5.742254913e+00  1.5483499e+01         -inf  6.89329e+05  1.54835e+01  1.55876e+01
5.765223933e+00  1.5532325e+01         -inf  6.89329e+05  1.55323e+01  1.56363e+01
5.788284829e+00  1.5263241e+01         -inf  6.89329e+05  1.52632e+01  1.53672e+01
5.811437968e+00  1.5306418e+01         -inf  6.89329e+05  1.53064e+01  1.54102e+01
5.834683720e+00  1.5429086e+01         -inf  6.89329e+05  1.54291e+01  1.55332e+01
5.858022455e+00  1.5302155e+01         -inf  6.89329e+05  1.53022e+01  1.54071e+01
5.881454545e+00  1.5148768e+01         -inf  6.89329e+05  1.51488e+01  1.52552e+01
5.904980363e+00  1.5033751e+01         -inf  6.89329e+05  1.50338e+01  1.51418e+01
5.928600284e+00  1.4980349e+01         -inf  6.89329e+05  1.49803e+01  1.50903e+01
5.952314685e+00  1.4965463e+01         -inf  6.89329e+05  1.49655e+01  1.50775e+01
5.976123944e+00  1.4948300e+01         -inf  6.89329e+05  1.49483e+01  1.50634e+01
6.000028440e+00  1.4955704e+01         -inf  6.89329e+05  1.49557e+01  1.50743e+01
6.024028554e+00  1.4942327e+01         -inf  6.89329e+05  1.49423e+01  1.50650e+01
6.048124668e+00  1.4949970e+01         -inf  6.89329e+05  1.49500e+01  1.50776e+01
6.072317167e+00  1.4950451e+01         -inf  6.89329e+05  1.49505e+01  1.50835e+01
6.096606435e+00  1.4941238e+01         -inf  6.89329e+05  1.49412e+01  1.50801e+01
6.120992861e+00  1.4945413e+01         -inf  6.89329e+05  1.49454e+01  1.50909e+01
6.145476832e+00  1.4929681e+01         -inf  6.89329e+05  1.49297e+01  1.50824e+01
6.170058740e+00  1.4939494e+01         -inf  6.89329e+05  1.49395e+01  1.50999e+01
6.194738975e+00  1.4930838e+01         -inf  6.89329e+05  1.49308e+01  1.50985e+01
6.219517931e+00  1.4934003e+01         -inf  6.89329e+05  1.49340e+01  1.51083e+01
6.244396002e+00  1.4914783e+01         -inf  6.89329e+05  1.49148e+01  1.50947e+01
6.269373586e+00  1.4866798e+01         -inf  6.89329e+05  1.48668e+01  1.50511e+01
6.294451081e+00  1.4928091e+01         -inf  6.89329e+05  1.49281e+01  1.51159e+01
6.319628885e+00  1.4858857e+01         -inf  6.89329e+05  1.48589e+01  1.50493e+01
6.344907401e+00  1.4921782e+01         -inf  6.89329e+05  1.49218e+01  1.51146e+01
6.370287030e+00  1.4855887e+01         -inf  6.89329e+05  1.48559e+01  1.50516e+01
6.395768178e+00  1.4877527e+01         -inf  6.89329e+05  1.48775e+01  1.50763e+01
6.421351251e+00  1.4876550e+01         -inf  6.89329e+05  1.48766e+01  1.50791e+01
6.447036656e+00  1.4919271e+01         -inf  6.89329e+05  1.49193e+01  1.51262e+01
6.472824803e+00  1.5018236e+01         -inf  6.89329e+05  1.50182e+01  1.52306e+01
6.498716102e+00  1.5402679e+01         -inf  6.89329e+05  1.54027e+01  1.56201e+01
6.524710966e+00  1.5008824e+01         -inf  6.89329e+05  1.50088e+01  1.52359e+01
6.550809810e+00  1.4820726e+01         -inf  6.89329e+05  1.48207e+01  1.50575e+01
6.577013049e+00  1.4806574e+01         -inf  6.89329e+05  1.48066e+01  1.50536e+01
6.603321102e+00  1.4793272e+01         -inf  6.89329e+05  1.47933e+01  1.50520e+01
6.629734386e+00  1.4775063e+01         -inf  6.89329e+05  1.47751e+01  1.50465e+01
6.656253324e+00  1.4807626e+01         -inf  6.89329e+05  1.48076e+01  1.50923e+01
6.682878337e+00  1.4761607e+01         -inf  6.89329e+05  1.47616e+01  1.50609e+01
6.709609850e+00  1.4745980e+01         -inf  6.89329e+05  1.47460e+01  1.50608e+01
6.736448290e+00  1.4781402e+01         -inf  6.89329e+05  1.47814e+01  1.51122e+01
6.763394083e+00  1.4690667e+01         -inf  6.89329e+05  1.46907e+01  1.50395e+01
6.790447659e+00  1.4858675e+01         -inf  6.89329e+05  1.48587e+01  1.52257e+01
6.817609450e+00  1.4721737e+01         -inf  6.89329e+05  1.47217e+01  1.51101e+01
6.844879888e+00  1.4700161e+01         -inf  6.89329e+05  1.47002e+01  1.51099e+01
6.872259407e+00  1.4679227e+01         -inf  6.89329e+05  1.46792e+01  1.51109e+01
6.899748445e+00  1.4713912e+01         -inf  6.89329e+05  1.47139e+01  1.51684e+01
6.927347438e+00  1.4609945e+01         -inf  6.89329e+05  1.46099e+01  1.50905e+01
6.955056828e+00  1.4542233e+01         -inf  6.89329e+05  1.45422e+01  1.50507e+01
6.982877056e+00  1.4547804e+01         -inf  6.89329e+05  1.45478e+01  1.50855e+01
7.010808564e+00  1.4509235e+01         -inf  6.89329e+05  1.45092e+01  1.50788e+01
7.038851798e+00  1.4429201e+01         -inf  6.89329e+05  1.44292e+01  1.50343e+01
7.067007205e+00  1.4398194e+01         -inf  6.89329e+05  1.43982e+01  1.50389e+01
7.095275234e+00  1.4367095e+01         -inf  6.89329e+05  1.43671e+01  1.50471e+01
7.123656335e+00  1.4312911e+01         -inf  6.89329e+05  1.43129e+01  1.50330e+01
7.152150960e+00  1.4305428e+01         -inf  6.89329e+05  1.43054e+01  1.50684e+01
7.180759564e+00  1.4276835e+01         -inf  6.89329e+05  1.42768e+01  1.50834e+01
7.209482602e+00  1.4355889e+01         -inf  6.89329e+05  1.43559e+01  1.52044e+01
7.238320533e+00  1.4444882e+01         -inf  6.89329e+05  1.44449e+01  1.53302e+01
7.267273815e+00  1.4622681e+01         -inf  6.89329e+05  1.46227e+01  1.55381e+01
7.296342910e+00  1.4587895e+01         -inf  6.89329e+05  1.45879e+01  1.55395e+01
7.325528282e+00  1.4943905e+01         -inf  6.89329e+05  1.49439e+01  1.59004e+01
7.354830395e+00  1.5440547e+01         -inf  6.89329e+05  1.54405e+01  1.63841e+01
7.384249717e+00  1.6099371e+01         -inf  6.89329e+05  1.60994e+01  1.70150e+01
7.413786715e+00  1.5798727e+01         -inf  6.89329e+05  1.57987e+01  1.67713e+01
7.443441862e+00  1.6498668e+01         -inf  6.89329e+05  1.64987e+01  1.74469e+01
7.473215630e+00  1.6209728e+01         -inf  6.89329e+05  1.62097e+01  1.72112e+01
7.503108492e+00  1.6663729e+01         -inf  6.89329e+05  1.66637e+01  1.76554e+01
7.533120926e+00  1.6129147e+01         -inf  6.89329e+05  1.61291e+01  1.71915e+01
7.563253410e+00  1.5179980e+01         -inf  6.89329e+05  1.51800e+01  1.63429e+01
7.593506424e+00  1.4745827e+01         -inf  6.89329e+05  1.47458e+01  1.59402e+01
7.623880449e+00  1.4789719e+01         -inf  6.89329e+05  1.47897e+01  1.59416e+01
7.654375971e+00  1.9427162e+01         -inf  6.89329e+05  1.94272e+01  2.02208e+01
7.684993475e+00  1.9117193e+01         -inf  6.89329e+05  1.91172e+01  1.98811e+01
7.715733449e+00  1.7211610e+01         -inf  6.89329e+05  1.72116e+01  1.81486e+01
7.746596383e+00  1.5953751e+01         -inf  6.89329e+05  1.59538e+01  1.70354e+01
7.777582768e+00  1.5602696e+01         -inf  6.89329e+05  1.56027e+01  1.68190e+01
7.808693099e+00  1.5712866e+01         -inf  6.89329e+05  1.57129e+01  1.68905e+01
7.839927872e+00  1.6068468e+01         -inf  6.89329e+05  1.60685e+01  1.71951e+01
7.871287583e+00  1.6347632e+01         -inf  6.89329e+05  1.63476e+01  1.74758e+01
7.902772733e+00  1.5680121e+01         -inf  6.89329e+05  1.56801e+01  1.69234e+01
7.934383824e+00  1.5646507e+01         -inf  6.89329e+05  1.56465e+01  1.69756e+01
7.966121360e+00  1.4780464e+01         -inf  6.89329e+05  1.47805e+01  1.62538e+01
7.997985845e+00  1.4502324e+01         -inf  6.89329e+05  1.45023e+01  1.60577e+01
8.029977788e+00  1.4559372e+01         -inf  6.89329e+05  1.45594e+01  1.61559e+01
8.062097700e+00  1.4092750e+01         -inf  6.89329e+05  1.40927e+01  1.57781e+01
8.094346090e+00  1.3881616e+01         -inf  6.89329e+05  1.38816e+01  1.56187e+01
8.126723475e+00  1.3596086e+01         -inf  6.89329e+05  1.35961e+01  1.53966e+01
8.159230369e+00  1.3392241e+01         -inf  6.89329e+05  1.33922e+01  1.52417e+01
8.191867290e+00  1.3421017e+01         -inf  6.89329e+05  1.34210e+01  1.53049e+01
8.224634759e+00  1.3210579e+01         -inf  6.89329e+05  1.32106e+01  1.51419e+01
8.257533298e+00  1.3160852e+01         -inf  6.89329e+05  1.31609e+01  1.51332e+01
8.290563432e+00  1.3026163e+01         -inf  6.89329e+05  1.30262e+01  1.50407e+01
8.323725685e+00  1.3037620e+01         -inf  6.89329e+05  1.30376e+01  1.50921e+01
8.357020588e+00  1.2977524e+01         -inf  6.89329e+05  1.29775e+01  1.50723e+01
8.390448670e+00  1.3006911e+01         -inf  6.89329e+05  1.30069e+01  1.51392e+01
8.424010465e+00  1.3000716e+01         -inf  6.89329e+05  1.30007e+01  1.51718e+01
8.457706507e+00  1.3036755e+01         -inf  6.89329e+05  1.30368e+01  1.52427e+01
8.491537333e+00  1.3036968e+01         -inf  6.89329e+05  1.30370e+01  1.52888e+01
8.525503482e+00  1.3027217e+01         -inf  6.89329e+05  1.30272e+01  1.53270e+01
8.559605496e+00  1.2976318e+01         -inf  6.89329e+05  1.29763e+01  1.53315e+01
8.593843918e+00  1.3040762e+01         -inf  6.89329e+05  1.30408e+01  1.54331e+01
8.628219294e+00  1.3094111e+01         -inf  6.89329e+05  1.30941e+01  1.55267e+01
8.662732171e+00  1.3073610e+01         -inf  6.89329e+05  1.30736e+01  1.55537e+01
8.697383100e+00  1.3123613e+01         -inf  6.89329e+05  1.31236e+01  1.56555e+01
8.732172632e+00  1.3087782e+01         -inf  6.89329e+05  1.30878e+01  1.56755e+01
8.767101323e+00  1.3051307e+01         -inf  6.89329e+05  1.30513e+01  1.56932e+01
8.802169728e+00  1.3259680e+01         -inf  6.89329e+05  1.32597e+01  1.59495e+01
8.837378407e+00  1.3388681e+01         -inf  6.89329e+05  1.33887e+01  1.61255e+01
8.872727920e+00  1.3346831e+01         -inf  6.89329e+05  1.33468e+01  1.61327e+01
8.908218832e+00  1.3323086e+01         -inf  6.89329e+05  1.33231e+01  1.61601e+01
8.943851707e+00  1.3311252e+01         -inf  6.89329e+05  1.33113e+01  1.62020e+01
8.979627114e+00  1.3080681e+01         -inf  6.89329e+05  1.30807e+01  1.60323e+01
9.015545623e+00  1.2781796e+01         -inf  6.89329e+05  1.27818e+01  1.57964e+01
9.051607805e+00  1.2770482e+01         -inf  6.89329e+05  1.27705e+01  1.58427e+01
9.087814236e+00  1.2780765e+01         -inf  6.89329e+05  1.27808e+01  1.59161e+01
9.124165493e+00  1.2759710e+01         -inf  6.89329e+05  1.27597e+01  1.59742e+01
9.160662155e+00  1.2727273e+01         -inf  6.89329e+05  1.27273e+01  1.60406e+01
9.197304804e+00  1.2842392e+01         -inf  6.89329e+05  1.28424e+01  1.62300e+01
9.234094023e+00  1.2589046e+01         -inf  6.89329e+05  1.25890e+01  1.60185e+01
9.271030399e+00  1.2531775e+01         -inf  6.89329e+05  1.25318e+01  1.59945e+01
9.308114521e+00  1.2550602e+01         -inf  6.89329e+05  1.25506e+01  1.60777e+01
9.345346979e+00  1.2777590e+01         -inf  6.89329e+05  1.27776e+01  1.63610e+01
9.382728367e+00  1.5784593e+01         -inf  6.89329e+05  1.57846e+01  1.92524e+01
9.420259280e+00  2.0221722e+01         -inf  6.89329e+05  2.02217e+01  2.31216e+01
9.457940318e+00  2.2319619e+01         -inf  6.89329e+05  2.23196e+01  2.47069e+01
9.495772079e+00  2.3637949e+01         -inf  6.89329e+05  2.36379e+01  2.57271e+01
9.533755167e+00  2.2630893e+01         -inf  6.89329e+05  2.26309e+01  2.50421e+01
9.571890188e+00  1.8115964e+01         -inf  6.89329e+05  1.81160e+01  2.15047e+01
9.610177749e+00  2.2275162e+01         -inf  6.89329e+05  2.22752e+01  2.48767e+01
9.648618460e+00  2.2206183e+01         -inf  6.89329e+05  2.22062e+01  2.49945e+01
9.687212933e+00  2.1139789e+01         -inf  6.89329e+05  2.11398e+01  2.40928e+01
9.725961785e+00  2.0907966e+01         -inf  6.89329e+05  2.09080e+01  2.38798e+01
9.764865632e+00  2.0740371e+01         -inf  6.89329e+05  2.07404e+01  2.38173e+01
9.803925095e+00  1.9900122e+01         -inf  6.89329e+05  1.99001e+01  2.32521e+01
9.843140795e+00  1.8768046e+01         -inf  6.89329e+05  1.87680e+01  2.24003e+01
9.882513358e+00  1.7174954e+01         -inf  6.89329e+05  1.71750e+01  2.11745e+01
9.922043412e+00  1.5724896e+01         -inf  6.89329e+05  1.57249e+01  1.99890e+01
9.961731585e+00  1.4361306e+01         -inf  6.89329e+05  1.43613e+01  1.88471e+01
1.000157851e+01  1.3076028e+01         -inf  6.89329e+05  1.30760e+01  1.77380e+01
1.004158483e+01  1.1824208e+01         -inf  6.89329e+05  1.18242e+01  1.66359e+01
1.008175117e+01  1.1163710e+01         -inf  6.89329e+05  1.11637e+01  1.61000e+01
1.012207817e+01  1.0524733e+01         -inf  6.89329e+05  1.05247e+01  1.56031e+01
1.016256648e+01  1.0133870e+01         -inf  6.89329e+05  1.01339e+01  1.53352e+01
1.020321675e+01  9.8955073e+00         -inf  6.89329e+05  9.89551e+00  1.51880e+01
1.024402962e+01  9.7750549e+00         -inf  6.89329e+05  9.77505e+00  1.51413e+01
1.028500573e+01  9.6910613e+00         -inf  6.89329e+05  9.69106e+00  1.51288e+01
1.032614576e+01  9.5743096e+00         -inf  6.89329e+05  9.57431e+00  1.51081e+01
1.036745034e+01  9.4079858e+00         -inf  6.89329e+05  9.40799e+00  1.50374e+01
1.040892014e+01  9.3156322e+00         -inf  6.89329e+05  9.31563e+00  1.49968e+01
1.045055582e+01  9.2392676e+00         -inf  6.89329e+05  9.23927e+00  1.50533e+01
1.049235805e+01  9.1528187e+00         -inf  6.89329e+05  9.15282e+00  1.50489e+01
1.053432748e+01  9.0653669e+00         -inf  6.89329e+05  9.06537e+00  1.50506e+01
1.057646479e+01  8.9586248e+00         -inf  6.89329e+05  8.95862e+00  1.50432e+01
1.061877065e+01  8.8429104e+00         -inf  6.89329e+05  8.84291e+00  1.50296e+01
1.066124573e+01  8.7289968e+00         -inf  6.89329e+05  8.72900e+00  1.50147e+01
1.070389071e+01  8.6217193e+00         -inf  6.89329e+05  8.62172e+00  1.50012e+01
1.074670627e+01  8.5232511e+00         -inf  6.89329e+05  8.52325e+00  1.49916e+01
1.078969310e+01  8.4359544e+00         -inf  6.89329e+05  8.43595e+00  1.49859e+01
1.083285187e+01  8.3441665e+00         -inf  6.89329e+05  8.34417e+00  1.49825e+01
1.087618328e+01  8.2561013e+00         -inf  6.89329e+05  8.25610e+00  1.49816e+01
1.091968801e+01  8.1613458e+00         -inf  6.89329e+05  8.16135e+00  1.49798e+01
1.096336676e+01  8.0634606e+00         -inf  6.89329e+05  8.06346e+00  1.49794e+01
1.100722023e+01  7.9673499e+00         -inf  6.89329e+05  7.96735e+00  1.49795e+01
1.105124911e+01  7.8681422e+00         -inf  6.89329e+05  7.86814e+00  1.49796e+01
1.109545411e+01  7.7683506e+00         -inf  6.89329e+05  7.76835e+00  1.49800e+01
1.113983593e+01  7.6659071e+00         -inf  6.89329e+05  7.66591e+00  1.49791e+01
1.118439527e+01  7.5634849e+00         -inf  6.89329e+05  7.56348e+00  1.49784e+01
1.122913285e+01  7.4566370e+00         -inf  6.89329e+05  7.45664e+00  1.49782e+01
1.127404938e+01  7.3505210e+00         -inf  6.89329e+05  7.35052e+00  1.49778e+01
1.131914558e+01  7.2420143e+00         -inf  6.89329e+05  7.24201e+00  1.49778e+01
1.136442216e+01  7.1304678e+00         -inf  6.89329e+05  7.13047e+00  1.49777e+01
1.140987985e+01  7.0178011e+00         -inf  6.89329e+05  7.01780e+00  1.49777e+01
1.145551937e+01  6.9048251e+00         -inf  6.89329e+05  6.90483e+00  1.49776e+01
1.150134145e+01  6.7906748e+00         -inf  6.89329e+05  6.79067e+00  1.49776e+01
1.154734681e+01  6.6667435e+00         -inf  6.89329e+05  6.66674e+00  1.49779e+01
1.159353620e+01  6.5434485e+00         -inf  6.89329e+05  6.54345e+00  1.49782e+01
1.163991035e+01  6.4362507e+00         -inf  6.89329e+05  6.43625e+00  1.49777e+01
1.168646999e+01  6.3144426e+00         -inf  6.89329e+05  6.31444e+00  1.49779e+01
1.173321587e+01  6.1918691e+00         -inf  6.89329e+05  6.19187e+00  1.49780e+01
1.178014873e+01  6.0685305e+00         -inf  6.89329e+05  6.06853e+00  1.49782e+01
1.182726932e+01  5.9424503e+00         -inf  6.89329e+05  5.94245e+00  1.49787e+01
1.187457840e+01  5.8179712e+00         -inf  6.89329e+05  5.81797e+00  1.49788e+01
1.192207672e+01  5.6920362e+00         -inf  6.89329e+05  5.69204e+00  1.49797e+01
1.196976502e+01  5.5621427e+00         -inf  6.89329e+05  5.56214e+00  1.49800e+01
1.201764408e+01  5.4256175e+00         -inf  6.89329e+05  5.42562e+00  1.49821e+01
1.206571466e+01  5.2009377e+00         -inf  6.89329e+05  5.20094e+00  1.49884e+01
1.211397752e+01  5.1405811e+00         -inf  6.89329e+05  5.14058e+00  1.49858e+01
1.216243343e+01  4.9901605e+00         -inf  6.89329e+05  4.99016e+00  1.49939e+01
1.221108316e+01  4.8358668e+00         -inf  6.89329e+05  4.83587e+00  1.49999e+01
1.225992749e+01  4.7024366e+00         -inf  6.89329e+05  4.70244e+00  1.50175e+01
1.230896720e+01  4.5788498e+00         -inf  6.89329e+05  4.57885e+00  1.50357e+01
1.235820307e+01  4.4657131e+00         -inf  6.89329e+05  4.46571e+00  1.50584e+01
1.240763589e+01  4.3613025e+00         -inf  6.89329e+05  4.36130e+00  1.50883e+01
1.245726643e+01  4.2292871e+00         -inf  6.89329e+05  4.22929e+00  1.50997e+01
1.250709549e+01  4.1100379e+00         -inf  6.89329e+05  4.11004e+00  1.51283e+01
1.255712388e+01  3.9243765e+00         -inf  6.89329e+05  3.92438e+00  1.51169e+01
1.260735237e+01  4.3302998e+00         -inf  6.89329e+05  4.33030e+00  1.53534e+01
1.265778178e+01  4.2934331e+00         -inf  6.89329e+05  4.29343e+00  1.54005e+01
1.270841291e+01  3.5080733e+00         -inf  6.89329e+05  3.50807e+00  1.51593e+01
1.275924656e+01  3.4219486e+00         -inf  6.89329e+05  3.42195e+00  1.52375e+01
1.281028355e+01  3.2521547e+00         -inf  6.89329e+05  3.25215e+00  1.52608e+01
1.286152468e+01  3.1604741e+00         -inf  6.89329e+05  3.16047e+00  1.53134e+01
1.291297078e+01  3.0660664e+00         -inf  6.89329e+05  3.06607e+00  1.53486e+01
1.296462266e+01  3.1185526e+00         -inf  6.89329e+05  3.11855e+00  1.54932e+01
1.301648115e+01  3.1907561e+00         -inf  6.89329e+05  3.19076e+00  1.54755e+01
1.306854708e+01  3.4838492e+00         -inf  6.89329e+05  3.48385e+00  1.57099e+01
1.312082127e+01  3.6116178e+00         -inf  6.89329e+05  3.61162e+00  1.57086e+01
1.317330455e+01  4.2992903e+00         -inf  6.89329e+05  4.29929e+00  1.59433e+01
1.322599777e+01  5.3765078e+00         -inf  6.89329e+05  5.37651e+00  1.62823e+01
1.327890176e+01  6.0073198e+00         -inf  6.89329e+05  6.00732e+00  1.64637e+01
1.333201737e+01  7.2721722e+00         -inf  6.89329e+05  7.27217e+00  1.71664e+01
1.338534544e+01  7.7542292e+00         -inf  6.89329e+05  7.75423e+00  1.72210e+01
1.343888682e+01  9.1821322e+00         -inf  6.89329e+05  9.18213e+00  1.81286e+01
1.349264237e+01  1.3499562e+01         -inf  6.89329e+05  1.34996e+01  2.06146e+01
1.354661294e+01  1.1372754e+01         -inf  6.89329e+05  1.13728e+01  1.92856e+01
1.360079939e+01  1.2023682e+01         -inf  6.89329e+05  1.20237e+01  1.98532e+01
1.365520258e+01  1.2079421e+01         -inf  6.89329e+05  1.20794e+01  1.99420e+01
1.370982339e+01  1.1832147e+01         -inf  6.89329e+05  1.18321e+01  2.00138e+01
1.376466269e+01  1.0521847e+01         -inf  6.89329e+05  1.05218e+01  1.92026e+01
1.381972134e+01  1.1686147e+01         -inf  6.89329e+05  1.16861e+01  2.01011e+01
1.387500022e+01  2.4799940e+01         -inf  6.89329e+05  2.47999e+01  2.91589e+01
1.393050023e+01  1.4725623e+01         -inf  6.89329e+05  1.47256e+01  2.17872e+01
1.398622223e+01  1.3786883e+01         -inf  6.89329e+05  1.37869e+01  2.12437e+01
1.404216712e+01  1.5564276e+01         -inf  6.89329e+05  1.55643e+01  2.23317e+01
1.409833578e+01  1.6203534e+01         -inf  6.89329e+05  1.62035e+01  2.27170e+01
1.415472913e+01  1.8225571e+01         -inf  6.89329e+05  1.82256e+01  2.40026e+01
1.421134804e+01  2.0658464e+01         -inf  6.89329e+05  2.06585e+01  2.58192e+01
1.426819344e+01  2.2290561e+01         -inf  6.89329e+05  2.22906e+01  2.69220e+01
1.432526621e+01  2.3804173e+01         -inf  6.89329e+05  2.38042e+01  2.80848e+01
1.438256727e+01  2.6773129e+01         -inf  6.89329e+05  2.67731e+01  3.04327e+01
1.444009754e+01  2.8463165e+01         -inf  6.89329e+05  2.84632e+01  3.19113e+01
1.449785793e+01  2.8653612e+01         -inf  6.89329e+05  2.86536e+01  3.20117e+01
1.455584937e+01  3.0847282e+01         -inf  6.89329e+05  3.08473e+01  3.39849e+01
1.461407276e+01  3.2416662e+01         -inf  6.89329e+05  3.24167e+01  3.54366e+01
1.467252905e+01  3.2499403e+01         -inf  6.89329e+05  3.24994e+01  3.55353e+01
1.473121917e+01  3.2778751e+01         -inf  6.89329e+05  3.27788e+01  3.58200e+01
1.479014405e+01  3.4034999e+01         -inf  6.89329e+05  3.40350e+01  3.70251e+01
1.484930462e+01  3.3675794e+01         -inf  6.89329e+05  3.36758e+01  3.67392e+01
1.490870184e+01  3.3766832e+01         -inf  6.89329e+05  3.37668e+01  3.69687e+01
1.496833665e+01  4.5174542e+01         -inf  6.89329e+05  4.51745e+01  4.89611e+01
1.502821000e+01  3.4510679e+01         -inf  6.89329e+05  3.45107e+01  3.76042e+01
1.508832284e+01  3.5264372e+01         -inf  6.89329e+05  3.52644e+01  3.84504e+01
1.514867613e+01  3.3163369e+01         -inf  6.89329e+05  3.31634e+01  3.64972e+01
1.520927083e+01  3.1748876e+01         -inf  6.89329e+05  3.17489e+01  3.52091e+01
1.527010791e+01  3.2317275e+01         -inf  6.89329e+05  3.23173e+01  3.58526e+01
1.533118835e+01  3.2383185e+01         -inf  6.89329e+05  3.23832e+01  3.59827e+01
1.539251310e+01  3.3460115e+01         -inf  6.89329e+05  3.34601e+01  3.71154e+01
1.545408315e+01  2.9968068e+01         -inf  6.89329e+05  2.99681e+01  3.40933e+01
1.551589948e+01  2.9168400e+01         -inf  6.89329e+05  2.91684e+01  3.34170e+01
1.557796308e+01  2.7007989e+01         -inf  6.89329e+05  2.70080e+01  3.17080e+01
1.564027493e+01  2.4459761e+01         -inf  6.89329e+05  2.44598e+01  2.97673e+01
1.570283603e+01  2.4134502e+01         -inf  6.89329e+05  2.41345e+01  2.96630e+01
1.576564738e+01  2.2076545e+01         -inf  6.89329e+05  2.20765e+01  2.82391e+01
1.582870997e+01  1.9657721e+01         -inf  6.89329e+05  1.96577e+01  2.67477e+01
1.589202481e+01  1.7997315e+01         -inf  6.89329e+05  1.79973e+01  2.57184e+01
1.595559291e+01  1.4395077e+01         -inf  6.89329e+05  1.43951e+01  2.36134e+01
1.601941528e+01  1.3950321e+01         -inf  6.89329e+05  1.39503e+01  2.35714e+01
1.608349294e+01  8.9538081e+00         -inf  6.89329e+05  8.95381e+00  2.09332e+01
1.614782691e+01  1.1513924e+01         -inf  6.89329e+05  1.15139e+01  2.23984e+01
1.621241822e+01  1.9197033e+01         -inf  6.89329e+05  1.91970e+01  2.71867e+01
1.627726789e+01  8.1914827e+00         -inf  6.89329e+05  8.19148e+00  2.06360e+01
1.634237696e+01  5.9382643e+00         -inf  6.89329e+05  5.93826e+00  1.95496e+01
1.640774647e+01  7.9705520e+00         -inf  6.89329e+05  7.97055e+00  2.07405e+01
1.647337746e+01  7.0238969e+00         -inf  6.89329e+05  7.02390e+00  2.04650e+01
1.653927097e+01  5.7229275e+00         -inf  6.89329e+05  5.72293e+00  1.96799e+01
1.660542805e+01  4.7016945e+00         -inf  6.89329e+05  4.70169e+00  1.92304e+01
1.667184976e+01  3.1403636e+00         -inf  6.89329e+05  3.14036e+00  1.85806e+01
1.673853716e+01  7.5425865e+00         -inf  6.89329e+05  7.54259e+00  2.10411e+01
1.680549131e+01  1.6141650e+00         -inf  6.89329e+05  1.61416e+00  1.81584e+01
1.687271328e+01  3.7632855e-01         -inf  6.89329e+05  3.76329e-01  1.76211e+01
1.694020413e+01 -1.0217109e+00         -inf  6.89329e+05 -1.02171e+00  1.71009e+01
1.700796495e+01 -1.6308188e+00         -inf  6.89329e+05 -1.63082e+00  1.69565e+01
1.707599681e+01 -4.4576236e+00         -inf  6.89329e+05 -4.45762e+00  1.62549e+01
1.714430079e+01 -4.9474255e+00         -inf  6.89329e+05 -4.94743e+00  1.61854e+01
1.721287800e+01 -6.3051724e+00         -inf  6.89329e+05 -6.30517e+00  1.57776e+01
1.728172951e+01 -7.6950776e+00         -inf  6.89329e+05 -7.69508e+00  1.55896e+01
1.735085643e+01 -8.0360180e+00         -inf  6.89329e+05 -8.03602e+00  1.55797e+01
1.742025985e+01 -9.9943828e+00         -inf  6.89329e+05 -9.99438e+00  1.52945e+01
1.748994089e+01 -9.8237364e+00         -inf  6.89329e+05 -9.82374e+00  1.53033e+01
1.755990065e+01 -1.0855679e+01         -inf  6.89329e+05 -1.08557e+01  1.52064e+01
1.763014026e+01 -1.1498261e+01         -inf  6.89329e+05 -1.14983e+01  1.51196e+01
1.770066082e+01 -1.1907970e+01         -inf  6.89329e+05 -1.19080e+01  1.50984e+01
1.777146346e+01 -1.2317502e+01         -inf  6.89329e+05 -1.23175e+01  1.50771e+01
1.784254932e+01 -1.2853805e+01         -inf  6.89329e+05 -1.28538e+01  1.50353e+01
1.791391951e+01 -1.3004347e+01         -inf  6.89329e+05 -1.30043e+01  1.50394e+01
1.798557519e+01 -1.3346461e+01         -inf  6.89329e+05 -1.33465e+01  1.50258e+01
1.805751749e+01 -1.3664246e+01         -inf  6.89329e+05 -1.36642e+01  1.50077e+01
1.812974756e+01 -1.3842869e+01         -inf  6.89329e+05 -1.38429e+01  1.50246e+01
1.820226655e+01 -1.4184349e+01         -inf  6.89329e+05 -1.41843e+01  1.49958e+01
1.827507562e+01 -1.4058125e+01         -inf  6.89329e+05 -1.40581e+01  1.50225e+01
1.834817592e+01 -1.1302129e+01         -inf  6.89329e+05 -1.13021e+01  1.54663e+01
1.842156862e+01 -1.4827796e+01         -inf  6.89329e+05 -1.48278e+01  1.49866e+01
1.849525490e+01 -1.5093851e+01         -inf  6.89329e+05 -1.50939e+01  1.49866e+01
1.856923592e+01 -1.5187757e+01         -inf  6.89329e+05 -1.51878e+01  1.50054e+01
1.864351286e+01 -1.5370212e+01         -inf  6.89329e+05 -1.53702e+01  1.50075e+01
1.871808691e+01 -1.5554588e+01         -inf  6.89329e+05 -1.55546e+01  1.50115e+01
1.879295926e+01 -1.5757418e+01         -inf  6.89329e+05 -1.57574e+01  1.50041e+01
1.886813110e+01 -1.6060829e+01         -inf  6.89329e+05 -1.60608e+01  1.49905e+01
1.894360362e+01 -1.6143816e+01         -inf  6.89329e+05 -1.61438e+01  1.50043e+01
1.901937804e+01 -1.6426474e+01         -inf  6.89329e+05 -1.64265e+01  1.49941e+01
1.909545555e+01 -1.6679102e+01         -inf  6.89329e+05 -1.66791e+01  1.49856e+01
1.917183737e+01 -1.6851504e+01         -inf  6.89329e+05 -1.68515e+01  1.49897e+01
1.924852472e+01 -1.7123524e+01         -inf  6.89329e+05 -1.71235e+01  1.49824e+01
1.932551882e+01 -1.7296404e+01         -inf  6.89329e+05 -1.72964e+01  1.49838e+01
1.940282089e+01 -1.7518595e+01         -inf  6.89329e+05 -1.75186e+01  1.49817e+01
1.948043218e+01 -1.7728618e+01         -inf  6.89329e+05 -1.77286e+01  1.49808e+01
1.955835391e+01 -1.7912322e+01         -inf  6.89329e+05 -1.79123e+01  1.49811e+01
1.963658732e+01 -1.8082186e+01         -inf  6.89329e+05 -1.80822e+01  1.49815e+01
1.971513367e+01 -1.8290128e+01         -inf  6.89329e+05 -1.82901e+01  1.49809e+01
1.979399421e+01 -1.8490073e+01         -inf  6.89329e+05 -1.84901e+01  1.49802e+01
1.987317018e+01 -1.8673825e+01         -inf  6.89329e+05 -1.86738e+01  1.49803e+01
1.995266286e+01 -1.8854862e+01         -inf  6.89329e+05 -1.88549e+01  1.49804e+01
