# WARNING | GENERATOR | Too many electrons per pixel (up to 9.04e+13) detected in the 1.54-19.95 um spectral range. Reduce exposure time per frame to less than 0.000 seconds.
# ------------------------------------------------------------------------
# Radiance spectrum
# NASA-GSFC Planetary Spectrum Generator (PSG) (Villanueva et al. 2018, 2022)
# Synthesized on Tue Oct  6 07:34:13 2026
# Doppler velocities [km/s] (vobs,vrot+vorb,vwidth,vrfl,vstr): 29.00000,-0.00000,0.00000,0.00000,-0.00000
# ------------------------------------------------------------------------
# Spectra synthesized with the Planetary and Universal Model of Atmospheric Scattering (PUMAS, Villanueva et al. 2018, 2022)
# Single scattering radiative transfer method
# Radiative transfer took 8.153 seconds
# ------------------------------------------------------------------------
# Spectral unit: Wavelength [um]
# Radiance unit: Contrast [transit atmospheric thickness, km]
# Wave/freq Total Noise Stellar Earth Transit
2.000000000e-01  4.3201814e+01         -inf  6.89329e+05  4.32018e+01  4.32018e+01
2.008000000e-01  4.2972796e+01         -inf  6.89329e+05  4.29728e+01  4.29728e+01
2.016032000e-01  4.2867152e+01         -inf  6.89329e+05  4.28672e+01  4.28672e+01
2.024096128e-01  4.2804518e+01         -inf  6.89329e+05  4.28045e+01  4.28045e+01
2.032192513e-01  4.2726792e+01         -inf  6.89329e+05  4.27268e+01  4.27268e+01
2.040321283e-01  4.2637745e+01         -inf  6.89329e+05  4.26377e+01  4.26377e+01
2.048482568e-01  4.2563413e+01         -inf  6.89329e+05  4.25634e+01  4.25634e+01
2.056676498e-01  4.2496249e+01         -inf  6.89329e+05  4.24962e+01  4.24962e+01
2.064903204e-01  4.2435121e+01         -inf  6.89329e+05  4.24351e+01  4.24351e+01
2.073162817e-01  4.2375503e+01         -inf  6.89329e+05  4.23755e+01  4.23755e+01
2.081455468e-01  4.2318902e+01         -inf  6.89329e+05  4.23189e+01  4.23189e+01
2.089781290e-01  4.2260414e+01         -inf  6.89329e+05  4.22604e+01  4.22604e+01
2.098140415e-01  4.2210982e+01         -inf  6.89329e+05  4.22110e+01  4.22110e+01
2.106532977e-01  4.2154003e+01         -inf  6.89329e+05  4.21540e+01  4.21540e+01
2.114959109e-01  4.2090608e+01         -inf  6.89329e+05  4.20906e+01  4.20906e+01
2.123418945e-01  4.2066080e+01         -inf  6.89329e+05  4.20661e+01  4.20661e+01
2.131912621e-01  4.2063439e+01         -inf  6.89329e+05  4.20634e+01  4.20634e+01
2.140440271e-01  4.1999288e+01         -inf  6.89329e+05  4.19993e+01  4.19993e+01
2.149002032e-01  4.2004949e+01         -inf  6.89329e+05  4.20049e+01  4.20049e+01
2.157598041e-01  4.2015137e+01         -inf  6.89329e+05  4.20151e+01  4.20151e+01
2.166228433e-01  4.2025326e+01         -inf  6.89329e+05  4.20253e+01  4.20253e+01
2.174893346e-01  4.2055137e+01         -inf  6.89329e+05  4.20551e+01  4.20551e+01
2.183592920e-01  4.2073627e+01         -inf  6.89329e+05  4.20736e+01  4.20736e+01
2.192327292e-01  4.2106080e+01         -inf  6.89329e+05  4.21061e+01  4.21061e+01
2.201096601e-01  4.2142683e+01         -inf  6.89329e+05  4.21427e+01  4.21427e+01
2.209900987e-01  4.2186832e+01         -inf  6.89329e+05  4.21868e+01  4.21868e+01
2.218740591e-01  4.2235132e+01         -inf  6.89329e+05  4.22351e+01  4.22351e+01
2.227615553e-01  4.2282678e+01         -inf  6.89329e+05  4.22827e+01  4.22827e+01
2.236526016e-01  4.2335882e+01         -inf  6.89329e+05  4.23359e+01  4.23359e+01
2.245472120e-01  4.2395124e+01         -inf  6.89329e+05  4.23951e+01  4.23951e+01
2.254454008e-01  4.2445687e+01         -inf  6.89329e+05  4.24457e+01  4.24457e+01
2.263471824e-01  4.2512097e+01         -inf  6.89329e+05  4.25121e+01  4.25121e+01
2.272525711e-01  4.2572091e+01         -inf  6.89329e+05  4.25721e+01  4.25721e+01
2.281615814e-01  4.2636991e+01         -inf  6.89329e+05  4.26370e+01  4.26370e+01
2.290742278e-01  4.2707926e+01         -inf  6.89329e+05  4.27079e+01  4.27079e+01
2.299905247e-01  4.2764901e+01         -inf  6.89329e+05  4.27649e+01  4.27649e+01
2.309104868e-01  4.2841117e+01         -inf  6.89329e+05  4.28411e+01  4.28411e+01
2.318341287e-01  4.2902618e+01         -inf  6.89329e+05  4.29026e+01  4.29026e+01
2.327614652e-01  4.2976192e+01         -inf  6.89329e+05  4.29762e+01  4.29762e+01
2.336925111e-01  4.3033541e+01         -inf  6.89329e+05  4.30335e+01  4.30335e+01
2.346272811e-01  4.3107868e+01         -inf  6.89329e+05  4.31079e+01  4.31079e+01
2.355657903e-01  4.3162198e+01         -inf  6.89329e+05  4.31622e+01  4.31622e+01
2.365080534e-01  4.3224451e+01         -inf  6.89329e+05  4.32245e+01  4.32245e+01
2.374540856e-01  4.3287457e+01         -inf  6.89329e+05  4.32875e+01  4.32875e+01
2.384039020e-01  4.3340276e+01         -inf  6.89329e+05  4.33403e+01  4.33403e+01
2.393575176e-01  4.3393095e+01         -inf  6.89329e+05  4.33931e+01  4.33931e+01
2.403149477e-01  4.3450063e+01         -inf  6.89329e+05  4.34501e+01  4.34501e+01
2.412762074e-01  4.3490054e+01         -inf  6.89329e+05  4.34901e+01  4.34901e+01
2.422413123e-01  4.3535326e+01         -inf  6.89329e+05  4.35353e+01  4.35353e+01
2.432102775e-01  4.3597575e+01         -inf  6.89329e+05  4.35976e+01  4.35976e+01
2.441831186e-01  4.3625492e+01         -inf  6.89329e+05  4.36255e+01  4.36255e+01
2.451598511e-01  4.3663973e+01         -inf  6.89329e+05  4.36640e+01  4.36640e+01
2.461404905e-01  4.3686231e+01         -inf  6.89329e+05  4.36862e+01  4.36862e+01
2.471250525e-01  4.3714526e+01         -inf  6.89329e+05  4.37145e+01  4.37145e+01
2.481135527e-01  4.3711130e+01         -inf  6.89329e+05  4.37111e+01  4.37111e+01
2.491060069e-01  4.3765832e+01         -inf  6.89329e+05  4.37658e+01  4.37658e+01
2.501024309e-01  4.3751497e+01         -inf  6.89329e+05  4.37515e+01  4.37515e+01
2.511028406e-01  4.3726220e+01         -inf  6.89329e+05  4.37262e+01  4.37262e+01
2.521072520e-01  4.3780168e+01         -inf  6.89329e+05  4.37802e+01  4.37802e+01
2.531156810e-01  4.3733766e+01         -inf  6.89329e+05  4.37338e+01  4.37338e+01
2.541281437e-01  4.3720939e+01         -inf  6.89329e+05  4.37209e+01  4.37209e+01
2.551446563e-01  4.3725843e+01         -inf  6.89329e+05  4.37258e+01  4.37258e+01
2.561652349e-01  4.3686608e+01         -inf  6.89329e+05  4.36866e+01  4.36866e+01
2.571898959e-01  4.3631151e+01         -inf  6.89329e+05  4.36312e+01  4.36312e+01
2.582186555e-01  4.3624361e+01         -inf  6.89329e+05  4.36244e+01  4.36244e+01
2.592515301e-01  4.3576448e+01         -inf  6.89329e+05  4.35764e+01  4.35764e+01
2.602885362e-01  4.3520613e+01         -inf  6.89329e+05  4.35206e+01  4.35206e+01
2.613296904e-01  4.3459872e+01         -inf  6.89329e+05  4.34599e+01  4.34599e+01
2.623750091e-01  4.3407054e+01         -inf  6.89329e+05  4.34071e+01  4.34071e+01
2.634245092e-01  4.3294625e+01         -inf  6.89329e+05  4.32946e+01  4.32946e+01
2.644782072e-01  4.3276516e+01         -inf  6.89329e+05  4.32765e+01  4.32765e+01
2.655361200e-01  4.3159557e+01         -inf  6.89329e+05  4.31596e+01  4.31596e+01
2.665982645e-01  4.3057688e+01         -inf  6.89329e+05  4.30577e+01  4.30577e+01
2.676646576e-01  4.2970910e+01         -inf  6.89329e+05  4.29709e+01  4.29709e+01
2.687353162e-01  4.2814706e+01         -inf  6.89329e+05  4.28147e+01  4.28147e+01
2.698102574e-01  4.2756600e+01         -inf  6.89329e+05  4.27566e+01  4.27566e+01
2.708894985e-01  4.2576619e+01         -inf  6.89329e+05  4.25766e+01  4.25766e+01
2.719730565e-01  4.2472100e+01         -inf  6.89329e+05  4.24721e+01  4.24721e+01
2.730609487e-01  4.2326072e+01         -inf  6.89329e+05  4.23261e+01  4.23261e+01
2.741531925e-01  4.2117023e+01         -inf  6.89329e+05  4.21170e+01  4.21170e+01
2.752498053e-01  4.1997402e+01         -inf  6.89329e+05  4.19974e+01  4.19974e+01
2.763508045e-01  4.1811362e+01         -inf  6.89329e+05  4.18114e+01  4.18114e+01
2.774562077e-01  4.1630600e+01         -inf  6.89329e+05  4.16306e+01  4.16306e+01
2.785660325e-01  4.1430586e+01         -inf  6.89329e+05  4.14306e+01  4.14306e+01
2.796802967e-01  4.1240755e+01         -inf  6.89329e+05  4.12408e+01  4.12408e+01
2.807990178e-01  4.0993552e+01         -inf  6.89329e+05  4.09936e+01  4.09936e+01
2.819222139e-01  4.0752001e+01         -inf  6.89329e+05  4.07520e+01  4.07520e+01
2.830499028e-01  4.0565170e+01         -inf  6.89329e+05  4.05652e+01  4.05652e+01
2.841821024e-01  4.0290387e+01         -inf  6.89329e+05  4.02904e+01  4.02904e+01
2.853188308e-01  4.0026538e+01         -inf  6.89329e+05  4.00265e+01  4.00265e+01
2.864601061e-01  3.9792123e+01         -inf  6.89329e+05  3.97921e+01  3.97921e+01
2.876059465e-01  3.9495788e+01         -inf  6.89329e+05  3.94958e+01  3.94958e+01
2.887563703e-01  3.9193023e+01         -inf  6.89329e+05  3.91930e+01  3.91930e+01
2.899113958e-01  3.8900813e+01         -inf  6.89329e+05  3.89008e+01  3.89008e+01
2.910710414e-01  3.8624448e+01         -inf  6.89329e+05  3.86244e+01  3.86244e+01
2.922353256e-01  3.8286149e+01         -inf  6.89329e+05  3.82861e+01  3.82861e+01
2.934042669e-01  3.7976907e+01         -inf  6.89329e+05  3.79769e+01  3.79769e+01
2.945778839e-01  3.7663458e+01         -inf  6.89329e+05  3.76635e+01  3.76635e+01
2.957561955e-01  3.7306831e+01         -inf  6.89329e+05  3.73068e+01  3.73068e+01
2.969392202e-01  3.6987685e+01         -inf  6.89329e+05  3.69877e+01  3.69877e+01
2.981269771e-01  3.6666635e+01         -inf  6.89329e+05  3.66666e+01  3.66666e+01
2.993194850e-01  3.6368305e+01         -inf  6.89329e+05  3.63683e+01  3.63683e+01
3.005167630e-01  3.6068640e+01         -inf  6.89329e+05  3.60686e+01  3.60686e+01
3.017188300e-01  3.5756533e+01         -inf  6.89329e+05  3.57565e+01  3.57565e+01
3.029257054e-01  3.5467718e+01         -inf  6.89329e+05  3.54677e+01  3.54677e+01
3.041374082e-01  3.5228338e+01         -inf  6.89329e+05  3.52283e+01  3.52283e+01
3.053539578e-01  3.4909882e+01         -inf  6.89329e+05  3.49099e+01  3.49099e+01
3.065753736e-01  3.4707580e+01         -inf  6.89329e+05  3.47076e+01  3.47076e+01
3.078016751e-01  3.4401377e+01         -inf  6.89329e+05  3.44014e+01  3.44014e+01
3.090328818e-01  3.4205822e+01         -inf  6.89329e+05  3.42058e+01  3.42058e+01
3.102690134e-01  3.3920073e+01         -inf  6.89329e+05  3.39201e+01  3.39201e+01
3.115100894e-01  3.3738899e+01         -inf  6.89329e+05  3.37389e+01  3.37389e+01
3.127561298e-01  3.3454716e+01         -inf  6.89329e+05  3.34547e+01  3.34547e+01
3.140071543e-01  3.3304137e+01         -inf  6.89329e+05  3.33041e+01  3.33041e+01
3.152631829e-01  3.3059802e+01         -inf  6.89329e+05  3.30598e+01  3.30598e+01
3.165242356e-01  3.2820446e+01         -inf  6.89329e+05  3.28204e+01  3.28204e+01
3.177903326e-01  3.2714255e+01         -inf  6.89329e+05  3.27143e+01  3.27143e+01
3.190614939e-01  3.2398093e+01         -inf  6.89329e+05  3.23981e+01  3.23981e+01
3.203377399e-01  3.2336188e+01         -inf  6.89329e+05  3.23362e+01  3.23362e+01
3.216190908e-01  3.2041096e+01         -inf  6.89329e+05  3.20411e+01  3.20411e+01
3.229055672e-01  3.2006628e+01         -inf  6.89329e+05  3.20066e+01  3.20066e+01
3.241971895e-01  3.1652369e+01         -inf  6.89329e+05  3.16524e+01  3.16524e+01
3.254939782e-01  3.1714884e+01         -inf  6.89329e+05  3.17149e+01  3.17149e+01
3.267959541e-01  3.1361176e+01         -inf  6.89329e+05  3.13612e+01  3.13612e+01
3.281031380e-01  3.1412280e+01         -inf  6.89329e+05  3.14123e+01  3.14123e+01
3.294155505e-01  3.1065359e+01         -inf  6.89329e+05  3.10654e+01  3.10654e+01
3.307332127e-01  3.1113970e+01         -inf  6.89329e+05  3.11140e+01  3.11140e+01
3.320561456e-01  3.0886637e+01         -inf  6.89329e+05  3.08866e+01  3.08866e+01
3.333843702e-01  3.0805213e+01         -inf  6.89329e+05  3.08052e+01  3.08052e+01
3.347179076e-01  3.0664627e+01         -inf  6.89329e+05  3.06646e+01  3.06646e+01
3.360567793e-01  3.0515570e+01         -inf  6.89329e+05  3.05156e+01  3.05156e+01
3.374010064e-01  3.0505816e+01         -inf  6.89329e+05  3.05058e+01  3.05058e+01
3.387506104e-01  3.0309575e+01         -inf  6.89329e+05  3.03096e+01  3.03096e+01
3.401056128e-01  3.0245232e+01         -inf  6.89329e+05  3.02452e+01  3.02452e+01
3.414660353e-01  3.0110153e+01         -inf  6.89329e+05  3.01102e+01  3.01102e+01
3.428318994e-01  3.0006753e+01         -inf  6.89329e+05  3.00068e+01  3.00068e+01
3.442032270e-01  2.9956962e+01         -inf  6.89329e+05  2.99570e+01  2.99570e+01
3.455800399e-01  2.9819835e+01         -inf  6.89329e+05  2.98198e+01  2.98198e+01
3.469623601e-01  2.9726034e+01         -inf  6.89329e+05  2.97260e+01  2.97260e+01
3.483502095e-01  2.9626447e+01         -inf  6.89329e+05  2.96264e+01  2.96264e+01
3.497436104e-01  2.9527085e+01         -inf  6.89329e+05  2.95271e+01  2.95271e+01
3.511425848e-01  2.9445605e+01         -inf  6.89329e+05  2.94456e+01  2.94456e+01
3.525471552e-01  2.9347526e+01         -inf  6.89329e+05  2.93475e+01  2.93475e+01
3.539573438e-01  2.9246156e+01         -inf  6.89329e+05  2.92462e+01  2.92462e+01
3.553731732e-01  2.9153972e+01         -inf  6.89329e+05  2.91540e+01  2.91540e+01
3.567946659e-01  2.9059254e+01         -inf  6.89329e+05  2.90593e+01  2.90593e+01
3.582218445e-01  2.8965479e+01         -inf  6.89329e+05  2.89655e+01  2.89655e+01
3.596547319e-01  2.8874842e+01         -inf  6.89329e+05  2.88748e+01  2.88748e+01
3.610933508e-01  2.8779590e+01         -inf  6.89329e+05  2.87796e+01  2.87796e+01
3.625377242e-01  2.8685546e+01         -inf  6.89329e+05  2.86855e+01  2.86855e+01
3.639878751e-01  2.8592409e+01         -inf  6.89329e+05  2.85924e+01  2.85924e+01
3.654438266e-01  2.8499346e+01         -inf  6.89329e+05  2.84993e+01  2.84993e+01
3.669056019e-01  2.8405942e+01         -inf  6.89329e+05  2.84059e+01  2.84059e+01
3.683732243e-01  2.8313103e+01         -inf  6.89329e+05  2.83131e+01  2.83131e+01
3.698467172e-01  2.8219885e+01         -inf  6.89329e+05  2.82199e+01  2.82199e+01
3.713261041e-01  2.8126590e+01         -inf  6.89329e+05  2.81266e+01  2.81266e+01
3.728114085e-01  2.8033520e+01         -inf  6.89329e+05  2.80335e+01  2.80335e+01
3.743026542e-01  2.7940600e+01         -inf  6.89329e+05  2.79406e+01  2.79406e+01
3.757998648e-01  2.7847528e+01         -inf  6.89329e+05  2.78475e+01  2.78475e+01
3.773030642e-01  2.7754568e+01         -inf  6.89329e+05  2.77546e+01  2.77546e+01
3.788122765e-01  2.7661644e+01         -inf  6.89329e+05  2.76616e+01  2.76616e+01
3.803275256e-01  2.7568794e+01         -inf  6.89329e+05  2.75688e+01  2.75688e+01
3.818488357e-01  2.7475830e+01         -inf  6.89329e+05  2.74758e+01  2.74758e+01
3.833762310e-01  2.7383091e+01         -inf  6.89329e+05  2.73831e+01  2.73831e+01
3.849097360e-01  2.7290276e+01         -inf  6.89329e+05  2.72903e+01  2.72903e+01
3.864493749e-01  2.7197572e+01         -inf  6.89329e+05  2.71976e+01  2.71976e+01
3.879951724e-01  2.7104943e+01         -inf  6.89329e+05  2.71049e+01  2.71049e+01
3.895471531e-01  2.7012312e+01         -inf  6.89329e+05  2.70123e+01  2.70123e+01
3.911053417e-01  2.6919794e+01         -inf  6.89329e+05  2.69198e+01  2.69198e+01
3.926697631e-01  2.6827387e+01         -inf  6.89329e+05  2.68274e+01  2.68274e+01
3.942404421e-01  2.6735245e+01         -inf  6.89329e+05  2.67352e+01  2.67352e+01
3.958174039e-01  2.6643062e+01         -inf  6.89329e+05  2.66431e+01  2.66431e+01
3.974006735e-01  2.6550728e+01         -inf  6.89329e+05  2.65507e+01  2.65507e+01
3.989902762e-01  2.6458467e+01         -inf  6.89329e+05  2.64585e+01  2.64585e+01
4.005862373e-01  2.6366546e+01         -inf  6.89329e+05  2.63665e+01  2.63665e+01
4.021885823e-01  2.6274851e+01         -inf  6.89329e+05  2.62749e+01  2.62749e+01
4.037973366e-01  2.6182813e+01         -inf  6.89329e+05  2.61828e+01  2.61828e+01
4.054125259e-01  2.6090888e+01         -inf  6.89329e+05  2.60909e+01  2.60909e+01
4.070341760e-01  2.5999907e+01         -inf  6.89329e+05  2.59999e+01  2.59999e+01
4.086623127e-01  2.5909644e+01         -inf  6.89329e+05  2.59096e+01  2.59096e+01
4.102969620e-01  2.5818585e+01         -inf  6.89329e+05  2.58186e+01  2.58186e+01
4.119381498e-01  2.5726617e+01         -inf  6.89329e+05  2.57266e+01  2.57266e+01
4.135859024e-01  2.5634836e+01         -inf  6.89329e+05  2.56348e+01  2.56348e+01
4.152402460e-01  2.5544681e+01         -inf  6.89329e+05  2.55447e+01  2.55447e+01
4.169012070e-01  2.5455282e+01         -inf  6.89329e+05  2.54553e+01  2.54553e+01
4.185688119e-01  2.5364670e+01         -inf  6.89329e+05  2.53647e+01  2.53647e+01
4.202430871e-01  2.5273868e+01         -inf  6.89329e+05  2.52739e+01  2.52739e+01
4.219240595e-01  2.5185411e+01         -inf  6.89329e+05  2.51854e+01  2.51854e+01
4.236117557e-01  2.5099222e+01         -inf  6.89329e+05  2.50992e+01  2.50992e+01
4.253062027e-01  2.5012352e+01         -inf  6.89329e+05  2.50124e+01  2.50124e+01
4.270074275e-01  2.4921885e+01         -inf  6.89329e+05  2.49219e+01  2.49219e+01
4.287154572e-01  2.4829866e+01         -inf  6.89329e+05  2.48299e+01  2.48299e+01
4.304303191e-01  2.4740911e+01         -inf  6.89329e+05  2.47409e+01  2.47409e+01
4.321520403e-01  2.4656116e+01         -inf  6.89329e+05  2.46561e+01  2.46561e+01
4.338806485e-01  2.4569277e+01         -inf  6.89329e+05  2.45693e+01  2.45693e+01
4.356161711e-01  2.4479448e+01         -inf  6.89329e+05  2.44794e+01  2.44794e+01
4.373586358e-01  2.4393287e+01         -inf  6.89329e+05  2.43933e+01  2.43933e+01
4.391080703e-01  2.4314089e+01         -inf  6.89329e+05  2.43141e+01  2.43141e+01
4.408645026e-01  2.4236516e+01         -inf  6.89329e+05  2.42365e+01  2.42365e+01
4.426279606e-01  2.4155991e+01         -inf  6.89329e+05  2.41560e+01  2.41560e+01
4.443984725e-01  2.4066988e+01         -inf  6.89329e+05  2.40670e+01  2.40670e+01
4.461760664e-01  2.3973254e+01         -inf  6.89329e+05  2.39733e+01  2.39733e+01
4.479607706e-01  2.3887919e+01         -inf  6.89329e+05  2.38879e+01  2.38879e+01
4.497526137e-01  2.3812158e+01         -inf  6.89329e+05  2.38122e+01  2.38122e+01
4.515516242e-01  2.3730568e+01         -inf  6.89329e+05  2.37306e+01  2.37306e+01
4.533578307e-01  2.3642354e+01         -inf  6.89329e+05  2.36424e+01  2.36424e+01
4.551712620e-01  2.3561821e+01         -inf  6.89329e+05  2.35618e+01  2.35618e+01
4.569919470e-01  2.3495442e+01         -inf  6.89329e+05  2.34954e+01  2.34954e+01
4.588199148e-01  2.3436138e+01         -inf  6.89329e+05  2.34361e+01  2.34361e+01
4.606551945e-01  2.3374715e+01         -inf  6.89329e+05  2.33747e+01  2.33747e+01
4.624978152e-01  2.3294709e+01         -inf  6.89329e+05  2.32947e+01  2.32947e+01
4.643478065e-01  2.3195665e+01         -inf  6.89329e+05  2.31957e+01  2.31957e+01
4.662051977e-01  2.3102713e+01         -inf  6.89329e+05  2.31027e+01  2.31027e+01
4.680700185e-01  2.3032657e+01         -inf  6.89329e+05  2.30327e+01  2.30327e+01
4.699422986e-01  2.2967483e+01         -inf  6.89329e+05  2.29675e+01  2.29675e+01
4.718220678e-01  2.2888191e+01         -inf  6.89329e+05  2.28882e+01  2.28882e+01
4.737093561e-01  2.2809882e+01         -inf  6.89329e+05  2.28099e+01  2.28099e+01
4.756041935e-01  2.2751481e+01         -inf  6.89329e+05  2.27515e+01  2.27515e+01
4.775066103e-01  2.2714956e+01         -inf  6.89329e+05  2.27150e+01  2.27150e+01
4.794166367e-01  2.2688953e+01         -inf  6.89329e+05  2.26890e+01  2.26890e+01
4.813343033e-01  2.2655078e+01         -inf  6.89329e+05  2.26551e+01  2.26551e+01
4.832596405e-01  2.2584525e+01         -inf  6.89329e+05  2.25845e+01  2.25845e+01
4.851926790e-01  2.2482972e+01         -inf  6.89329e+05  2.24830e+01  2.24830e+01
4.871334497e-01  2.2387890e+01         -inf  6.89329e+05  2.23879e+01  2.23879e+01
4.890819835e-01  2.2324980e+01         -inf  6.89329e+05  2.23250e+01  2.23250e+01
4.910383115e-01  2.2275735e+01         -inf  6.89329e+05  2.22757e+01  2.22757e+01
4.930024647e-01  2.2212483e+01         -inf  6.89329e+05  2.22125e+01  2.22125e+01
4.949744746e-01  2.2146582e+01         -inf  6.89329e+05  2.21466e+01  2.21466e+01
4.969543725e-01  2.2104754e+01         -inf  6.89329e+05  2.21048e+01  2.21048e+01
4.989421900e-01  2.2095934e+01         -inf  6.89329e+05  2.20959e+01  2.20959e+01
5.009379587e-01  2.2108539e+01         -inf  6.89329e+05  2.21085e+01  2.21085e+01
5.029417106e-01  2.2123984e+01         -inf  6.89329e+05  2.21240e+01  2.21240e+01
5.049534774e-01  2.2109145e+01         -inf  6.89329e+05  2.21091e+01  2.21091e+01
5.069732913e-01  2.2044037e+01         -inf  6.89329e+05  2.20440e+01  2.20440e+01
5.090011845e-01  2.1948457e+01         -inf  6.89329e+05  2.19485e+01  2.19485e+01
5.110371892e-01  2.1866085e+01         -inf  6.89329e+05  2.18661e+01  2.18661e+01
5.130813380e-01  2.1818464e+01         -inf  6.89329e+05  2.18185e+01  2.18185e+01
5.151336633e-01  2.1788672e+01         -inf  6.89329e+05  2.17887e+01  2.17887e+01
5.171941980e-01  2.1754679e+01         -inf  6.89329e+05  2.17547e+01  2.17547e+01
5.192629748e-01  2.1719927e+01         -inf  6.89329e+05  2.17199e+01  2.17199e+01
5.213400267e-01  2.1700167e+01         -inf  6.89329e+05  2.17002e+01  2.17002e+01
5.234253868e-01  2.1706261e+01         -inf  6.89329e+05  2.17063e+01  2.17063e+01
5.255190883e-01  2.1734274e+01         -inf  6.89329e+05  2.17343e+01  2.17343e+01
5.276211647e-01  2.1770956e+01         -inf  6.89329e+05  2.17710e+01  2.17710e+01
5.297316493e-01  2.1800672e+01         -inf  6.89329e+05  2.18007e+01  2.18007e+01
5.318505759e-01  2.1806729e+01         -inf  6.89329e+05  2.18067e+01  2.18067e+01
5.339779782e-01  2.1777089e+01         -inf  6.89329e+05  2.17771e+01  2.17771e+01
5.361138902e-01  2.1718110e+01         -inf  6.89329e+05  2.17181e+01  2.17181e+01
5.382583457e-01  2.1666210e+01         -inf  6.89329e+05  2.16662e+01  2.16662e+01
5.404113791e-01  2.1648910e+01         -inf  6.89329e+05  2.16489e+01  2.16489e+01
5.425730246e-01  2.1654323e+01         -inf  6.89329e+05  2.16543e+01  2.16543e+01
5.447433167e-01  2.1656254e+01         -inf  6.89329e+05  2.16563e+01  2.16563e+01
5.469222900e-01  2.1642702e+01         -inf  6.89329e+05  2.16427e+01  2.16427e+01
5.491099791e-01  2.1620480e+01         -inf  6.89329e+05  2.16205e+01  2.16205e+01
5.513064191e-01  2.1599546e+01         -inf  6.89329e+05  2.15995e+01  2.15995e+01
5.535116447e-01  2.1586183e+01         -inf  6.89329e+05  2.15862e+01  2.15862e+01
5.557256913e-01  2.1588681e+01         -inf  6.89329e+05  2.15887e+01  2.15887e+01
5.579485941e-01  2.1615975e+01         -inf  6.89329e+05  2.16160e+01  2.16160e+01
5.601803884e-01  2.1665112e+01         -inf  6.89329e+05  2.16651e+01  2.16651e+01
5.624211100e-01  2.1715877e+01         -inf  6.89329e+05  2.17159e+01  2.17159e+01
5.646707944e-01  2.1749038e+01         -inf  6.89329e+05  2.17490e+01  2.17490e+01
5.669294776e-01  2.1765959e+01         -inf  6.89329e+05  2.17660e+01  2.17660e+01
5.691971955e-01  2.1779776e+01         -inf  6.89329e+05  2.17798e+01  2.17798e+01
5.714739843e-01  2.1792836e+01         -inf  6.89329e+05  2.17928e+01  2.17928e+01
5.737598803e-01  2.1783373e+01         -inf  6.89329e+05  2.17834e+01  2.17834e+01
5.760549198e-01  2.1733063e+01         -inf  6.89329e+05  2.17331e+01  2.17331e+01
5.783591395e-01  2.1653226e+01         -inf  6.89329e+05  2.16532e+01  2.16532e+01
5.806725760e-01  2.1563242e+01         -inf  6.89329e+05  2.15632e+01  2.15632e+01
5.829952663e-01  2.1479616e+01         -inf  6.89329e+05  2.14796e+01  2.14796e+01
5.853272474e-01  2.1411701e+01         -inf  6.89329e+05  2.14117e+01  2.14117e+01
5.876685564e-01  2.1363433e+01         -inf  6.89329e+05  2.13634e+01  2.13634e+01
5.900192306e-01  2.1339317e+01         -inf  6.89329e+05  2.13393e+01  2.13393e+01
5.923793075e-01  2.1351280e+01         -inf  6.89329e+05  2.13513e+01  2.13513e+01
5.947488247e-01  2.1402274e+01         -inf  6.89329e+05  2.14023e+01  2.14023e+01
5.971278200e-01  2.1466291e+01         -inf  6.89329e+05  2.14663e+01  2.14663e+01
5.995163313e-01  2.1512363e+01         -inf  6.89329e+05  2.15124e+01  2.15124e+01
6.019143966e-01  2.1513725e+01         -inf  6.89329e+05  2.15137e+01  2.15137e+01
6.043220542e-01  2.1461445e+01         -inf  6.89329e+05  2.14614e+01  2.14614e+01
6.067393425e-01  2.1363736e+01         -inf  6.89329e+05  2.13637e+01  2.13637e+01
6.091662998e-01  2.1235056e+01         -inf  6.89329e+05  2.12351e+01  2.12351e+01
6.116029650e-01  2.1096191e+01         -inf  6.89329e+05  2.10962e+01  2.10962e+01
6.140493769e-01  2.0961676e+01         -inf  6.89329e+05  2.09617e+01  2.09617e+01
6.165055744e-01  2.0837418e+01         -inf  6.89329e+05  2.08374e+01  2.08374e+01
6.189715967e-01  2.0725766e+01         -inf  6.89329e+05  2.07258e+01  2.07258e+01
6.214474831e-01  2.0625774e+01         -inf  6.89329e+05  2.06258e+01  2.06258e+01
6.239332730e-01  2.0530588e+01         -inf  6.89329e+05  2.05306e+01  2.05306e+01
6.264290061e-01  2.0432372e+01         -inf  6.89329e+05  2.04324e+01  2.04324e+01
6.289347221e-01  2.0338887e+01         -inf  6.89329e+05  2.03389e+01  2.03389e+01
6.314504610e-01  2.0219426e+01         -inf  6.89329e+05  2.02194e+01  2.02194e+01
6.339762629e-01  2.0104999e+01         -inf  6.89329e+05  2.01050e+01  2.01050e+01
6.365121679e-01  1.9982732e+01         -inf  6.89329e+05  1.99827e+01  1.99827e+01
6.390582166e-01  1.9856297e+01         -inf  6.89329e+05  1.98563e+01  1.98563e+01
6.416144494e-01  1.9728497e+01         -inf  6.89329e+05  1.97285e+01  1.97285e+01
6.441809072e-01  1.9612811e+01         -inf  6.89329e+05  1.96128e+01  1.96128e+01
6.467576309e-01  1.9503031e+01         -inf  6.89329e+05  1.95030e+01  1.95030e+01
6.493446614e-01  1.9397301e+01         -inf  6.89329e+05  1.93973e+01  1.93973e+01
6.519420400e-01  1.9297553e+01         -inf  6.89329e+05  1.92976e+01  1.92976e+01
6.545498082e-01  1.9193524e+01         -inf  6.89329e+05  1.91935e+01  1.91935e+01
6.571680074e-01  1.9088395e+01         -inf  6.89329e+05  1.90884e+01  1.90884e+01
6.597966795e-01  1.8986824e+01         -inf  6.89329e+05  1.89868e+01  1.89868e+01
6.624358662e-01  1.8888622e+01         -inf  6.89329e+05  1.88886e+01  1.88886e+01
6.650856096e-01  1.8783828e+01         -inf  6.89329e+05  1.87838e+01  1.87838e+01
6.677459521e-01  1.8671497e+01         -inf  6.89329e+05  1.86715e+01  1.86715e+01
6.704169359e-01  1.8560413e+01         -inf  6.89329e+05  1.85604e+01  1.85604e+01
6.730986036e-01  1.8453720e+01         -inf  6.89329e+05  1.84537e+01  1.84537e+01
6.757909981e-01  1.8353579e+01         -inf  6.89329e+05  1.83536e+01  1.83536e+01
6.784941620e-01  1.8257412e+01         -inf  6.89329e+05  1.82574e+01  1.82574e+01
6.812081387e-01  1.8173327e+01         -inf  6.89329e+05  1.81733e+01  1.81733e+01
6.839329712e-01  1.8102460e+01         -inf  6.89329e+05  1.81025e+01  1.81025e+01
6.866687031e-01  1.8153290e+01         -inf  6.89329e+05  1.81533e+01  1.81533e+01
6.894153779e-01  1.8078219e+01         -inf  6.89329e+05  1.80782e+01  1.80782e+01
6.921730395e-01  1.7867695e+01         -inf  6.89329e+05  1.78677e+01  1.78677e+01
6.949417316e-01  1.7742619e+01         -inf  6.89329e+05  1.77426e+01  1.77426e+01
6.977214985e-01  1.7653603e+01         -inf  6.89329e+05  1.76536e+01  1.76536e+01
7.005123845e-01  1.7573071e+01         -inf  6.89329e+05  1.75731e+01  1.75731e+01
7.033144341e-01  1.7504621e+01         -inf  6.89329e+05  1.75046e+01  1.75046e+01
7.061276918e-01  1.7445414e+01         -inf  6.89329e+05  1.74454e+01  1.74454e+01
7.089522026e-01  1.7391244e+01         -inf  6.89329e+05  1.73912e+01  1.73912e+01
7.117880114e-01  1.7343173e+01         -inf  6.89329e+05  1.73432e+01  1.73432e+01
7.146351634e-01  1.7307299e+01         -inf  6.89329e+05  1.73073e+01  1.73073e+01
7.174937041e-01  1.7258204e+01         -inf  6.89329e+05  1.72582e+01  1.72582e+01
7.203636789e-01  1.7178311e+01         -inf  6.89329e+05  1.71783e+01  1.71783e+01
7.232451336e-01  1.7103341e+01         -inf  6.89329e+05  1.71033e+01  1.71033e+01
7.261381142e-01  1.7044623e+01         -inf  6.89329e+05  1.70446e+01  1.70446e+01
7.290426666e-01  1.6981661e+01         -inf  6.89329e+05  1.69817e+01  1.69817e+01
7.319588373e-01  1.6926653e+01         -inf  6.89329e+05  1.69267e+01  1.69267e+01
7.348866726e-01  1.6887065e+01         -inf  6.89329e+05  1.68871e+01  1.68871e+01
7.378262193e-01  1.6854409e+01         -inf  6.89329e+05  1.68544e+01  1.68544e+01
7.407775242e-01  1.6827473e+01         -inf  6.89329e+05  1.68275e+01  1.68275e+01
7.437406343e-01  1.6814592e+01         -inf  6.89329e+05  1.68146e+01  1.68146e+01
7.467155968e-01  1.6805689e+01         -inf  6.89329e+05  1.68057e+01  1.68057e+01
7.497024592e-01  1.6763334e+01         -inf  6.89329e+05  1.67633e+01  1.67633e+01
7.527012690e-01  1.6680366e+01         -inf  6.89329e+05  1.66804e+01  1.66804e+01
7.557120741e-01  1.6604330e+01         -inf  6.89329e+05  1.66043e+01  1.66043e+01
7.587349224e-01  1.6757803e+01         -inf  6.89329e+05  1.67578e+01  1.67578e+01
7.617698621e-01  1.7380334e+01         -inf  6.89329e+05  1.73803e+01  1.73803e+01
7.648169416e-01  1.6929495e+01         -inf  6.89329e+05  1.69295e+01  1.69295e+01
7.678762093e-01  1.6515904e+01         -inf  6.89329e+05  1.65159e+01  1.65159e+01
7.709477142e-01  1.6427552e+01         -inf  6.89329e+05  1.64276e+01  1.64276e+01
7.740315050e-01  1.6427097e+01         -inf  6.89329e+05  1.64271e+01  1.64271e+01
7.771276310e-01  1.6440547e+01         -inf  6.89329e+05  1.64405e+01  1.64405e+01
7.802361416e-01  1.6427022e+01         -inf  6.89329e+05  1.64270e+01  1.64270e+01
7.833570861e-01  1.6367577e+01         -inf  6.89329e+05  1.63676e+01  1.63676e+01
7.864905145e-01  1.6298357e+01         -inf  6.89329e+05  1.62984e+01  1.62984e+01
7.896364765e-01  1.6246413e+01         -inf  6.89329e+05  1.62464e+01  1.62464e+01
7.927950224e-01  1.6201061e+01         -inf  6.89329e+05  1.62011e+01  1.62011e+01
7.959662025e-01  1.6160861e+01         -inf  6.89329e+05  1.61609e+01  1.61609e+01
7.991500673e-01  1.6130134e+01         -inf  6.89329e+05  1.61301e+01  1.61301e+01
8.023466676e-01  1.6103801e+01         -inf  6.89329e+05  1.61038e+01  1.61038e+01
8.055560543e-01  1.6086448e+01         -inf  6.89329e+05  1.60864e+01  1.60864e+01
8.087782785e-01  1.6087282e+01         -inf  6.89329e+05  1.60873e+01  1.60873e+01
8.120133916e-01  1.6096830e+01         -inf  6.89329e+05  1.60968e+01  1.60968e+01
8.152614452e-01  1.6102589e+01         -inf  6.89329e+05  1.61026e+01  1.61026e+01
8.185224910e-01  1.6081409e+01         -inf  6.89329e+05  1.60814e+01  1.60814e+01
8.217965809e-01  1.6024803e+01         -inf  6.89329e+05  1.60248e+01  1.60248e+01
8.250837672e-01  1.5956715e+01         -inf  6.89329e+05  1.59567e+01  1.59567e+01
8.283841023e-01  1.5903746e+01         -inf  6.89329e+05  1.59037e+01  1.59037e+01
8.316976387e-01  1.5865818e+01         -inf  6.89329e+05  1.58658e+01  1.58658e+01
8.350244293e-01  1.5838309e+01         -inf  6.89329e+05  1.58383e+01  1.58383e+01
8.383645270e-01  1.5818455e+01         -inf  6.89329e+05  1.58185e+01  1.58185e+01
8.417179851e-01  1.5803261e+01         -inf  6.89329e+05  1.58033e+01  1.58033e+01
8.450848570e-01  1.5794773e+01         -inf  6.89329e+05  1.57948e+01  1.57948e+01
8.484651965e-01  1.5798373e+01         -inf  6.89329e+05  1.57984e+01  1.57984e+01
8.518590573e-01  1.5819213e+01         -inf  6.89329e+05  1.58192e+01  1.58192e+01
8.552664935e-01  1.5809096e+01         -inf  6.89329e+05  1.58091e+01  1.58091e+01
8.586875595e-01  1.5768401e+01         -inf  6.89329e+05  1.57684e+01  1.57684e+01
8.621223097e-01  1.5720280e+01         -inf  6.89329e+05  1.57203e+01  1.57203e+01
8.655707989e-01  1.5675530e+01         -inf  6.89329e+05  1.56755e+01  1.56755e+01
8.690330821e-01  1.5644460e+01         -inf  6.89329e+05  1.56445e+01  1.56445e+01
8.725092145e-01  1.5616988e+01         -inf  6.89329e+05  1.56170e+01  1.56170e+01
8.759992513e-01  1.5597057e+01         -inf  6.89329e+05  1.55971e+01  1.55971e+01
8.795032483e-01  1.5584060e+01         -inf  6.89329e+05  1.55841e+01  1.55841e+01
8.830212613e-01  1.5579437e+01         -inf  6.89329e+05  1.55794e+01  1.55794e+01
8.865533464e-01  1.5572011e+01         -inf  6.89329e+05  1.55720e+01  1.55720e+01
8.900995597e-01  1.5558294e+01         -inf  6.89329e+05  1.55583e+01  1.55583e+01
8.936599580e-01  1.5541583e+01         -inf  6.89329e+05  1.55416e+01  1.55416e+01
8.972345978e-01  1.5540106e+01         -inf  6.89329e+05  1.55401e+01  1.55401e+01
9.008235362e-01  1.5522107e+01         -inf  6.89329e+05  1.55221e+01  1.55221e+01
9.044268304e-01  1.5490581e+01         -inf  6.89329e+05  1.54906e+01  1.54906e+01
9.080445377e-01  1.5461896e+01         -inf  6.89329e+05  1.54619e+01  1.54619e+01
9.116767158e-01  1.5438971e+01         -inf  6.89329e+05  1.54390e+01  1.54390e+01
9.153234227e-01  1.5420517e+01         -inf  6.89329e+05  1.54205e+01  1.54205e+01
9.189847164e-01  1.5405057e+01         -inf  6.89329e+05  1.54051e+01  1.54051e+01
9.226606552e-01  1.5392325e+01         -inf  6.89329e+05  1.53923e+01  1.53923e+01
9.263512979e-01  1.5380161e+01         -inf  6.89329e+05  1.53802e+01  1.53802e+01
9.300567031e-01  1.5368604e+01         -inf  6.89329e+05  1.53686e+01  1.53686e+01
9.337769299e-01  1.5356023e+01         -inf  6.89329e+05  1.53560e+01  1.53560e+01
9.375120376e-01  1.5350036e+01         -inf  6.89329e+05  1.53500e+01  1.53500e+01
9.412620857e-01  1.5353826e+01         -inf  6.89329e+05  1.53538e+01  1.53538e+01
9.450271341e-01  1.5351249e+01         -inf  6.89329e+05  1.53512e+01  1.53512e+01
9.488072426e-01  1.5323284e+01         -inf  6.89329e+05  1.53233e+01  1.53233e+01
9.526024716e-01  1.5297933e+01         -inf  6.89329e+05  1.52979e+01  1.52979e+01
9.564128815e-01  1.5283192e+01         -inf  6.89329e+05  1.52832e+01  1.52832e+01
9.602385330e-01  1.5267921e+01         -inf  6.89329e+05  1.52679e+01  1.52679e+01
9.640794871e-01  1.5255530e+01         -inf  6.89329e+05  1.52555e+01  1.52555e+01
9.679358051e-01  1.5242911e+01         -inf  6.89329e+05  1.52429e+01  1.52429e+01
9.718075483e-01  1.5230634e+01         -inf  6.89329e+05  1.52306e+01  1.52306e+01
9.756947785e-01  1.5218735e+01         -inf  6.89329e+05  1.52187e+01  1.52187e+01
9.795975576e-01  1.5208352e+01         -inf  6.89329e+05  1.52084e+01  1.52084e+01
9.835159478e-01  1.5199030e+01         -inf  6.89329e+05  1.51990e+01  1.51990e+01
9.874500116e-01  1.5194862e+01         -inf  6.89329e+05  1.51949e+01  1.51949e+01
9.913998117e-01  1.5206078e+01         -inf  6.89329e+05  1.52061e+01  1.52061e+01
9.953654109e-01  1.5187927e+01         -inf  6.89329e+05  1.51879e+01  1.51879e+01
9.993468726e-01  1.5165266e+01         -inf  6.89329e+05  1.51653e+01  1.51653e+01
1.003344260e+00  1.5151435e+01         -inf  6.89329e+05  1.51514e+01  1.51514e+01
1.007357637e+00  1.5140370e+01         -inf  6.89329e+05  1.51404e+01  1.51404e+01
1.011387068e+00  1.5130441e+01         -inf  6.89329e+05  1.51304e+01  1.51304e+01
1.015432616e+00  1.5120816e+01         -inf  6.89329e+05  1.51208e+01  1.51208e+01
1.019494346e+00  1.5111229e+01         -inf  6.89329e+05  1.51112e+01  1.51112e+01
1.023572324e+00  1.5101869e+01         -inf  6.89329e+05  1.51019e+01  1.51019e+01
1.027666613e+00  1.5092888e+01         -inf  6.89329e+05  1.50929e+01  1.50929e+01
1.031777280e+00  1.5083982e+01         -inf  6.89329e+05  1.50840e+01  1.50840e+01
1.035904389e+00  1.5079056e+01         -inf  6.89329e+05  1.50791e+01  1.50791e+01
1.040048006e+00  1.5074585e+01         -inf  6.89329e+05  1.50746e+01  1.50746e+01
1.044208198e+00  1.5062231e+01         -inf  6.89329e+05  1.50622e+01  1.50622e+01
1.048385031e+00  1.5066172e+01         -inf  6.89329e+05  1.50662e+01  1.50662e+01
1.052578571e+00  1.5064505e+01         -inf  6.89329e+05  1.50645e+01  1.50645e+01
1.056788885e+00  1.5036841e+01         -inf  6.89329e+05  1.50368e+01  1.50368e+01
1.061016041e+00  1.5028163e+01         -inf  6.89329e+05  1.50282e+01  1.50282e+01
1.065260105e+00  1.5024563e+01         -inf  6.89329e+05  1.50246e+01  1.50246e+01
1.069521146e+00  1.5013233e+01         -inf  6.89329e+05  1.50132e+01  1.50132e+01
1.073799230e+00  1.5004706e+01         -inf  6.89329e+05  1.50047e+01  1.50047e+01
1.078094427e+00  1.4997203e+01         -inf  6.89329e+05  1.49972e+01  1.49972e+01
1.082406805e+00  1.4989927e+01         -inf  6.89329e+05  1.49899e+01  1.49899e+01
1.086736432e+00  1.4982878e+01         -inf  6.89329e+05  1.49829e+01  1.49829e+01
1.091083378e+00  1.4976323e+01         -inf  6.89329e+05  1.49763e+01  1.49763e+01
1.095447711e+00  1.4969918e+01         -inf  6.89329e+05  1.49699e+01  1.49699e+01
1.099829502e+00  1.4963249e+01         -inf  6.89329e+05  1.49632e+01  1.49632e+01
1.104228820e+00  1.4956427e+01         -inf  6.89329e+05  1.49564e+01  1.49564e+01
1.108645735e+00  1.4950705e+01         -inf  6.89329e+05  1.49507e+01  1.49507e+01
1.113080318e+00  1.4948318e+01         -inf  6.89329e+05  1.49483e+01  1.49483e+01
1.117532640e+00  1.4945930e+01         -inf  6.89329e+05  1.49459e+01  1.49459e+01
1.122002770e+00  1.4947598e+01         -inf  6.89329e+05  1.49476e+01  1.49476e+01
1.126490781e+00  1.4954078e+01         -inf  6.89329e+05  1.49541e+01  1.49541e+01
1.130996744e+00  1.4949000e+01         -inf  6.89329e+05  1.49490e+01  1.49490e+01
1.135520731e+00  1.4948583e+01         -inf  6.89329e+05  1.49486e+01  1.49486e+01
1.140062814e+00  1.4924102e+01         -inf  6.89329e+05  1.49241e+01  1.49241e+01
1.144623065e+00  1.4917622e+01         -inf  6.89329e+05  1.49176e+01  1.49176e+01
1.149201558e+00  1.4923003e+01         -inf  6.89329e+05  1.49230e+01  1.49230e+01
1.153798364e+00  1.4943126e+01         -inf  6.89329e+05  1.49431e+01  1.49431e+01
1.158413557e+00  1.4927286e+01         -inf  6.89329e+05  1.49273e+01  1.49273e+01
1.163047212e+00  1.4942823e+01         -inf  6.89329e+05  1.49428e+01  1.49428e+01
1.167699401e+00  1.4916978e+01         -inf  6.89329e+05  1.49170e+01  1.49170e+01
1.172370198e+00  1.4898485e+01         -inf  6.89329e+05  1.48985e+01  1.48985e+01
1.177059679e+00  1.4882606e+01         -inf  6.89329e+05  1.48826e+01  1.48826e+01
1.181767918e+00  1.4872564e+01         -inf  6.89329e+05  1.48726e+01  1.48726e+01
1.186494989e+00  1.4865250e+01         -inf  6.89329e+05  1.48653e+01  1.48653e+01
1.191240969e+00  1.4857936e+01         -inf  6.89329e+05  1.48579e+01  1.48579e+01
1.196005933e+00  1.4848235e+01         -inf  6.89329e+05  1.48482e+01  1.48482e+01
1.200789957e+00  1.4894582e+01         -inf  6.89329e+05  1.48946e+01  1.48946e+01
1.205593117e+00  1.5165190e+01         -inf  6.89329e+05  1.51652e+01  1.51652e+01
1.210415489e+00  1.4956693e+01         -inf  6.89329e+05  1.49567e+01  1.49567e+01
1.215257151e+00  1.4858467e+01         -inf  6.89329e+05  1.48585e+01  1.48585e+01
1.220118180e+00  1.5086673e+01         -inf  6.89329e+05  1.50867e+01  1.50867e+01
1.224998652e+00  1.4922094e+01         -inf  6.89329e+05  1.49221e+01  1.49221e+01
1.229898647e+00  1.4823488e+01         -inf  6.89329e+05  1.48235e+01  1.48235e+01
1.234818242e+00  1.4817880e+01         -inf  6.89329e+05  1.48179e+01  1.48179e+01
1.239757515e+00  1.4807420e+01         -inf  6.89329e+05  1.48074e+01  1.48074e+01
1.244716545e+00  1.4798894e+01         -inf  6.89329e+05  1.47989e+01  1.47989e+01
1.249695411e+00  1.4796430e+01         -inf  6.89329e+05  1.47964e+01  1.47964e+01
1.254694192e+00  1.4797719e+01         -inf  6.89329e+05  1.47977e+01  1.47977e+01
1.259712969e+00  1.4813256e+01         -inf  6.89329e+05  1.48133e+01  1.48133e+01
1.264751821e+00  1.4870934e+01         -inf  6.89329e+05  1.48709e+01  1.48709e+01
1.269810828e+00  1.4929067e+01         -inf  6.89329e+05  1.49291e+01  1.49291e+01
1.274890072e+00  1.4805071e+01         -inf  6.89329e+05  1.48051e+01  1.48051e+01
1.279989632e+00  1.4778354e+01         -inf  6.89329e+05  1.47784e+01  1.47784e+01
1.285109591e+00  1.4769107e+01         -inf  6.89329e+05  1.47691e+01  1.47691e+01
1.290250029e+00  1.4788358e+01         -inf  6.89329e+05  1.47884e+01  1.47884e+01
1.295411029e+00  1.4783621e+01         -inf  6.89329e+05  1.47836e+01  1.47836e+01
1.300592673e+00  1.4758041e+01         -inf  6.89329e+05  1.47580e+01  1.47580e+01
1.305795044e+00  1.4754176e+01         -inf  6.89329e+05  1.47542e+01  1.47542e+01
1.311018224e+00  1.4768614e+01         -inf  6.89329e+05  1.47686e+01  1.47686e+01
1.316262297e+00  1.4850471e+01         -inf  6.89329e+05  1.48505e+01  1.48505e+01
1.321527346e+00  1.4815758e+01         -inf  6.89329e+05  1.48158e+01  1.48158e+01
1.326813455e+00  1.4762892e+01         -inf  6.89329e+05  1.47629e+01  1.47629e+01
1.332120709e+00  1.4833000e+01         -inf  6.89329e+05  1.48330e+01  1.48330e+01
1.337449192e+00  1.4801054e+01         -inf  6.89329e+05  1.48011e+01  1.48011e+01
1.342798989e+00  1.4817387e+01         -inf  6.89329e+05  1.48174e+01  1.48174e+01
1.348170185e+00  1.4778089e+01         -inf  6.89329e+05  1.47781e+01  1.47781e+01
1.353562866e+00  1.4786805e+01         -inf  6.89329e+05  1.47868e+01  1.47868e+01
1.358977117e+00  1.4810414e+01         -inf  6.89329e+05  1.48104e+01  1.48104e+01
1.364413026e+00  1.4812650e+01         -inf  6.89329e+05  1.48127e+01  1.48127e+01
1.369870678e+00  1.4803403e+01         -inf  6.89329e+05  1.48034e+01  1.48034e+01
1.375350160e+00  1.4805753e+01         -inf  6.89329e+05  1.48058e+01  1.48058e+01
1.380851561e+00  1.4807989e+01         -inf  6.89329e+05  1.48080e+01  1.48080e+01
1.386374967e+00  1.4806928e+01         -inf  6.89329e+05  1.48069e+01  1.48069e+01
1.391920467e+00  1.4797984e+01         -inf  6.89329e+05  1.47980e+01  1.47980e+01
1.397488149e+00  1.4792338e+01         -inf  6.89329e+05  1.47923e+01  1.47923e+01
1.403078102e+00  1.4789495e+01         -inf  6.89329e+05  1.47895e+01  1.47895e+01
1.408690414e+00  1.4778619e+01         -inf  6.89329e+05  1.47786e+01  1.47786e+01
1.414325176e+00  1.4741442e+01         -inf  6.89329e+05  1.47414e+01  1.47414e+01
1.419982476e+00  1.4724048e+01         -inf  6.89329e+05  1.47240e+01  1.47240e+01
1.425662406e+00  1.4715028e+01         -inf  6.89329e+05  1.47150e+01  1.47150e+01
1.431365056e+00  1.6457331e+01         -inf  6.89329e+05  1.64573e+01  1.64573e+01
1.437090516e+00  1.6024310e+01         -inf  6.89329e+05  1.60243e+01  1.60243e+01
1.442838878e+00  1.5302366e+01         -inf  6.89329e+05  1.53024e+01  1.53024e+01
1.448610234e+00  1.4819547e+01         -inf  6.89329e+05  1.48195e+01  1.48195e+01
1.454404675e+00  1.4692896e+01         -inf  6.89329e+05  1.46929e+01  1.46929e+01
1.460222293e+00  1.4680997e+01         -inf  6.89329e+05  1.46810e+01  1.46810e+01
1.466063182e+00  1.4677396e+01         -inf  6.89329e+05  1.46774e+01  1.46774e+01
1.471927435e+00  1.4805412e+01         -inf  6.89329e+05  1.48054e+01  1.48054e+01
1.477815145e+00  1.4779870e+01         -inf  6.89329e+05  1.47799e+01  1.47799e+01
1.483726405e+00  1.4692707e+01         -inf  6.89329e+05  1.46927e+01  1.46927e+01
1.489661311e+00  1.4671333e+01         -inf  6.89329e+05  1.46713e+01  1.46713e+01
1.495619956e+00  1.4697709e+01         -inf  6.89329e+05  1.46977e+01  1.46977e+01
1.501602436e+00  1.4676449e+01         -inf  6.89329e+05  1.46764e+01  1.46764e+01
1.507608846e+00  1.4659585e+01         -inf  6.89329e+05  1.46596e+01  1.46596e+01
1.513639281e+00  1.4657917e+01         -inf  6.89329e+05  1.46579e+01  1.46579e+01
1.519693838e+00  1.4657273e+01         -inf  6.89329e+05  1.46573e+01  1.46573e+01
1.525772614e+00  1.4680731e+01         -inf  6.89329e+05  1.46807e+01  1.46807e+01
1.531875704e+00  1.4811741e+01         -inf  6.89329e+05  1.48117e+01  1.48117e+01
1.538003207e+00  1.4904245e+01         -inf  6.89329e+05  1.49042e+01  1.49042e+01
1.544155220e+00  1.4774223e+01         -inf  6.89329e+05  1.47742e+01  1.47742e+01
1.550331841e+00  1.4649011e+01         -inf  6.89329e+05  1.46490e+01  1.46490e+01
1.556533168e+00  1.4645980e+01         -inf  6.89329e+05  1.46460e+01  1.46460e+01
1.562759301e+00  1.4647041e+01         -inf  6.89329e+05  1.46470e+01  1.46470e+01
1.569010338e+00  1.5156551e+01         -inf  6.89329e+05  1.51566e+01  1.51566e+01
1.575286379e+00  1.5612517e+01         -inf  6.89329e+05  1.56125e+01  1.56125e+01
1.581587525e+00  1.5143970e+01         -inf  6.89329e+05  1.51440e+01  1.51440e+01
1.587913875e+00  1.4675843e+01         -inf  6.89329e+05  1.46758e+01  1.46758e+01
1.594265530e+00  1.4667960e+01         -inf  6.89329e+05  1.46680e+01  1.46680e+01
1.600642593e+00  1.5517484e+01         -inf  6.89329e+05  1.55175e+01  1.55175e+01
1.607045163e+00  1.5553406e+01         -inf  6.89329e+05  1.55534e+01  1.55534e+01
1.613473344e+00  1.5070454e+01         -inf  6.89329e+05  1.50705e+01  1.50705e+01
1.619927237e+00  1.4688766e+01         -inf  6.89329e+05  1.46888e+01  1.46888e+01
1.626406946e+00  1.4684711e+01         -inf  6.89329e+05  1.46847e+01  1.46847e+01
1.632912574e+00  1.4753001e+01         -inf  6.89329e+05  1.47530e+01  1.47530e+01
1.639444224e+00  1.4896893e+01         -inf  6.89329e+05  1.48969e+01  1.48969e+01
1.646002001e+00  1.4953888e+01         -inf  6.89329e+05  1.49539e+01  1.49539e+01
1.652586009e+00  1.4879310e+01         -inf  6.89329e+05  1.48793e+01  1.48793e+01
1.659196353e+00  1.4711959e+01         -inf  6.89329e+05  1.47120e+01  1.47120e+01
1.665833138e+00  1.5108046e+01         -inf  6.89329e+05  1.51080e+01  1.51080e+01
1.672496471e+00  1.4703280e+01         -inf  6.89329e+05  1.47033e+01  1.47033e+01
1.679186457e+00  1.4739775e+01         -inf  6.89329e+05  1.47398e+01  1.47398e+01
1.685903203e+00  1.4735265e+01         -inf  6.89329e+05  1.47353e+01  1.47353e+01
1.692646815e+00  1.4730680e+01         -inf  6.89329e+05  1.47307e+01  1.47307e+01
1.699417403e+00  1.4740798e+01         -inf  6.89329e+05  1.47408e+01  1.47408e+01
1.706215072e+00  1.4882796e+01         -inf  6.89329e+05  1.48828e+01  1.48828e+01
1.713039933e+00  1.4753910e+01         -inf  6.89329e+05  1.47539e+01  1.47539e+01
1.719892092e+00  1.4737653e+01         -inf  6.89329e+05  1.47377e+01  1.47377e+01
1.726771661e+00  1.4832167e+01         -inf  6.89329e+05  1.48322e+01  1.48322e+01
1.733678747e+00  1.4718856e+01         -inf  6.89329e+05  1.47189e+01  1.47189e+01
1.740613462e+00  1.4678420e+01         -inf  6.89329e+05  1.46784e+01  1.46784e+01
1.747575916e+00  1.4652877e+01         -inf  6.89329e+05  1.46529e+01  1.46529e+01
1.754566220e+00  1.4645335e+01         -inf  6.89329e+05  1.46453e+01  1.46453e+01
1.761584485e+00  1.4646359e+01         -inf  6.89329e+05  1.46464e+01  1.46464e+01
1.768630823e+00  1.4692442e+01         -inf  6.89329e+05  1.46924e+01  1.46924e+01
1.775705346e+00  1.4735872e+01         -inf  6.89329e+05  1.47359e+01  1.47359e+01
1.782808167e+00  1.4682664e+01         -inf  6.89329e+05  1.46827e+01  1.46827e+01
1.789939400e+00  1.4787828e+01         -inf  6.89329e+05  1.47878e+01  1.47878e+01
1.797099158e+00  1.4661442e+01         -inf  6.89329e+05  1.46614e+01  1.46614e+01
1.804287554e+00  1.4665307e+01         -inf  6.89329e+05  1.46653e+01  1.46653e+01
1.811504704e+00  1.4661972e+01         -inf  6.89329e+05  1.46620e+01  1.46620e+01
1.818750723e+00  1.4646283e+01         -inf  6.89329e+05  1.46463e+01  1.46463e+01
1.826025726e+00  1.4631768e+01         -inf  6.89329e+05  1.46318e+01  1.46318e+01
1.833329829e+00  1.4637074e+01         -inf  6.89329e+05  1.46371e+01  1.46371e+01
1.840663148e+00  1.4649921e+01         -inf  6.89329e+05  1.46499e+01  1.46499e+01
1.848025801e+00  1.4652195e+01         -inf  6.89329e+05  1.46522e+01  1.46522e+01
1.855417904e+00  1.4651399e+01         -inf  6.89329e+05  1.46514e+01  1.46514e+01
1.862839576e+00  1.4645980e+01         -inf  6.89329e+05  1.46460e+01  1.46460e+01
1.870290934e+00  1.4656742e+01         -inf  6.89329e+05  1.46567e+01  1.46567e+01
1.877772098e+00  1.4936229e+01         -inf  6.89329e+05  1.49362e+01  1.49362e+01
1.885283186e+00  1.4932023e+01         -inf  6.89329e+05  1.49320e+01  1.49320e+01
1.892824319e+00  1.4666937e+01         -inf  6.89329e+05  1.46669e+01  1.46669e+01
1.900395616e+00  1.4630252e+01         -inf  6.89329e+05  1.46303e+01  1.46303e+01
1.907997199e+00  1.4623961e+01         -inf  6.89329e+05  1.46240e+01  1.46240e+01
1.915629188e+00  1.4614487e+01         -inf  6.89329e+05  1.46145e+01  1.46145e+01
1.923291704e+00  1.4603951e+01         -inf  6.89329e+05  1.46040e+01  1.46040e+01
1.930984871e+00  1.4596523e+01         -inf  6.89329e+05  1.45965e+01  1.45965e+01
1.938708811e+00  1.4665572e+01         -inf  6.89329e+05  1.46656e+01  1.46656e+01
1.946463646e+00  1.5793977e+01         -inf  6.89329e+05  1.57940e+01  1.57940e+01
1.954249500e+00  1.9113049e+01         -inf  6.89329e+05  1.91130e+01  1.91130e+01
1.962066498e+00  1.8564995e+01         -inf  6.89329e+05  1.85650e+01  1.85650e+01
1.969914764e+00  1.7369955e+01         -inf  6.89329e+05  1.73700e+01  1.73700e+01
1.977794423e+00  1.5257652e+01         -inf  6.89329e+05  1.52577e+01  1.52577e+01
1.985705601e+00  1.4851645e+01         -inf  6.89329e+05  1.48516e+01  1.48516e+01
1.993648424e+00  1.5367164e+01         -inf  6.89329e+05  1.53672e+01  1.53672e+01
2.001623017e+00  2.1348744e+01         -inf  6.89329e+05  2.13487e+01  2.13487e+01
2.009629509e+00  2.1822288e+01         -inf  6.89329e+05  2.18223e+01  2.18223e+01
2.017668027e+00  2.0120259e+01         -inf  6.89329e+05  2.01203e+01  2.01203e+01
2.025738699e+00  1.6367388e+01         -inf  6.89329e+05  1.63674e+01  1.63674e+01
2.033841654e+00  1.5852177e+01         -inf  6.89329e+05  1.58522e+01  1.58522e+01
2.041977021e+00  1.6119828e+01         -inf  6.89329e+05  1.61198e+01  1.61198e+01
2.050144929e+00  1.7649171e+01         -inf  6.89329e+05  1.76492e+01  1.76492e+01
2.058345509e+00  1.8101664e+01         -inf  6.89329e+05  1.81017e+01  1.81017e+01
2.066578891e+00  1.7659853e+01         -inf  6.89329e+05  1.76599e+01  1.76599e+01
2.074845206e+00  1.6296197e+01         -inf  6.89329e+05  1.62962e+01  1.62962e+01
2.083144587e+00  1.5683601e+01         -inf  6.89329e+05  1.56836e+01  1.56836e+01
2.091477165e+00  1.5236280e+01         -inf  6.89329e+05  1.52363e+01  1.52363e+01
2.099843074e+00  1.4949113e+01         -inf  6.89329e+05  1.49491e+01  1.49491e+01
2.108242446e+00  1.4840579e+01         -inf  6.89329e+05  1.48406e+01  1.48406e+01
2.116675416e+00  1.4752318e+01         -inf  6.89329e+05  1.47523e+01  1.47523e+01
2.125142118e+00  1.4643630e+01         -inf  6.89329e+05  1.46436e+01  1.46436e+01
2.133642686e+00  1.4620323e+01         -inf  6.89329e+05  1.46203e+01  1.46203e+01
2.142177257e+00  1.4681034e+01         -inf  6.89329e+05  1.46810e+01  1.46810e+01
2.150745966e+00  1.4845278e+01         -inf  6.89329e+05  1.48453e+01  1.48453e+01
2.159348950e+00  1.4842891e+01         -inf  6.89329e+05  1.48429e+01  1.48429e+01
2.167986346e+00  1.4810603e+01         -inf  6.89329e+05  1.48106e+01  1.48106e+01
2.176658291e+00  1.4778960e+01         -inf  6.89329e+05  1.47790e+01  1.47790e+01
2.185364924e+00  1.4664814e+01         -inf  6.89329e+05  1.46648e+01  1.46648e+01
2.194106384e+00  1.4725790e+01         -inf  6.89329e+05  1.47258e+01  1.47258e+01
2.202882810e+00  1.5259205e+01         -inf  6.89329e+05  1.52592e+01  1.52592e+01
2.211694341e+00  1.4666936e+01         -inf  6.89329e+05  1.46669e+01  1.46669e+01
2.220541118e+00  1.4817462e+01         -inf  6.89329e+05  1.48175e+01  1.48175e+01
2.229423283e+00  1.4927664e+01         -inf  6.89329e+05  1.49277e+01  1.49277e+01
2.238340976e+00  1.4976321e+01         -inf  6.89329e+05  1.49763e+01  1.49763e+01
2.247294340e+00  1.5105505e+01         -inf  6.89329e+05  1.51055e+01  1.51055e+01
2.256283517e+00  1.5160452e+01         -inf  6.89329e+05  1.51605e+01  1.51605e+01
2.265308651e+00  1.5277507e+01         -inf  6.89329e+05  1.52775e+01  1.52775e+01
2.274369886e+00  1.5487207e+01         -inf  6.89329e+05  1.54872e+01  1.54872e+01
2.283467365e+00  1.5511685e+01         -inf  6.89329e+05  1.55117e+01  1.55117e+01
2.292601235e+00  1.5716224e+01         -inf  6.89329e+05  1.57162e+01  1.57162e+01
2.301771640e+00  1.6039843e+01         -inf  6.89329e+05  1.60398e+01  1.60398e+01
2.310978726e+00  1.5170418e+01         -inf  6.89329e+05  1.51704e+01  1.51704e+01
2.320222641e+00  1.5900030e+01         -inf  6.89329e+05  1.59000e+01  1.59000e+01
2.329503532e+00  1.5499710e+01         -inf  6.89329e+05  1.54997e+01  1.54997e+01
2.338821546e+00  1.5818566e+01         -inf  6.89329e+05  1.58186e+01  1.58186e+01
2.348176832e+00  1.6067387e+01         -inf  6.89329e+05  1.60674e+01  1.60674e+01
2.357569539e+00  1.5619600e+01         -inf  6.89329e+05  1.56196e+01  1.56196e+01
2.366999817e+00  1.5776166e+01         -inf  6.89329e+05  1.57762e+01  1.57762e+01
2.376467817e+00  1.5830500e+01         -inf  6.89329e+05  1.58305e+01  1.58305e+01
2.385973688e+00  1.5227030e+01         -inf  6.89329e+05  1.52270e+01  1.52270e+01
2.395517583e+00  1.5226499e+01         -inf  6.89329e+05  1.52265e+01  1.52265e+01
2.405099653e+00  1.4926637e+01         -inf  6.89329e+05  1.49266e+01  1.49266e+01
2.414720052e+00  1.4759969e+01         -inf  6.89329e+05  1.47600e+01  1.47600e+01
2.424378932e+00  1.4913865e+01         -inf  6.89329e+05  1.49139e+01  1.49139e+01
2.434076448e+00  1.4737154e+01         -inf  6.89329e+05  1.47372e+01  1.47372e+01
2.443812753e+00  1.4675798e+01         -inf  6.89329e+05  1.46758e+01  1.46758e+01
2.453588004e+00  1.4641084e+01         -inf  6.89329e+05  1.46411e+01  1.46411e+01
2.463402356e+00  1.4603072e+01         -inf  6.89329e+05  1.46031e+01  1.46031e+01
2.473255966e+00  1.4618496e+01         -inf  6.89329e+05  1.46185e+01  1.46185e+01
2.483148990e+00  1.5007843e+01         -inf  6.89329e+05  1.50078e+01  1.50079e+01
2.493081586e+00  1.4870206e+01         -inf  6.89329e+05  1.48702e+01  1.48702e+01
2.503053912e+00  1.4754356e+01         -inf  6.89329e+05  1.47544e+01  1.47544e+01
2.513066128e+00  1.4650783e+01         -inf  6.89329e+05  1.46508e+01  1.46508e+01
2.523118392e+00  1.4615463e+01         -inf  6.89329e+05  1.46155e+01  1.46155e+01
2.533210866e+00  1.4618041e+01         -inf  6.89329e+05  1.46180e+01  1.46180e+01
2.543343709e+00  1.4611751e+01         -inf  6.89329e+05  1.46118e+01  1.46118e+01
2.553517084e+00  1.4689102e+01         -inf  6.89329e+05  1.46891e+01  1.46891e+01
2.563731152e+00  1.4912123e+01         -inf  6.89329e+05  1.49121e+01  1.49121e+01
2.573986077e+00  1.4953317e+01         -inf  6.89329e+05  1.49533e+01  1.49533e+01
2.584282021e+00  1.5099896e+01         -inf  6.89329e+05  1.50999e+01  1.50999e+01
2.594619149e+00  1.5176518e+01         -inf  6.89329e+05  1.51765e+01  1.51765e+01
2.604997626e+00  1.5149955e+01         -inf  6.89329e+05  1.51500e+01  1.51500e+01
2.615417616e+00  1.5151357e+01         -inf  6.89329e+05  1.51514e+01  1.51514e+01
2.625879287e+00  1.5038127e+01         -inf  6.89329e+05  1.50381e+01  1.50381e+01
2.636382804e+00  1.4974387e+01         -inf  6.89329e+05  1.49744e+01  1.49744e+01
2.646928335e+00  1.4951574e+01         -inf  6.89329e+05  1.49516e+01  1.49516e+01
2.657516049e+00  1.5283871e+01         -inf  6.89329e+05  1.52839e+01  1.52839e+01
2.668146113e+00  2.2610830e+01         -inf  6.89329e+05  2.26108e+01  2.26108e+01
2.678818697e+00  3.2994125e+01         -inf  6.89329e+05  3.29941e+01  3.29941e+01
2.689533972e+00  3.2428893e+01         -inf  6.89329e+05  3.24289e+01  3.24289e+01
2.700292108e+00  3.3128425e+01         -inf  6.89329e+05  3.31284e+01  3.31284e+01
2.711093276e+00  2.9333498e+01         -inf  6.89329e+05  2.93335e+01  2.93335e+01
2.721937650e+00  2.3315447e+01         -inf  6.89329e+05  2.33154e+01  2.33154e+01
2.732825400e+00  2.1669917e+01         -inf  6.89329e+05  2.16699e+01  2.16699e+01
2.743756702e+00  2.5621480e+01         -inf  6.89329e+05  2.56215e+01  2.56215e+01
2.754731729e+00  3.1742098e+01         -inf  6.89329e+05  3.17421e+01  3.17421e+01
2.765750655e+00  3.0959933e+01         -inf  6.89329e+05  3.09599e+01  3.09599e+01
2.776813658e+00  3.2258977e+01         -inf  6.89329e+05  3.22590e+01  3.22590e+01
2.787920913e+00  2.9471353e+01         -inf  6.89329e+05  2.94714e+01  2.94714e+01
2.799072596e+00  2.5422024e+01         -inf  6.89329e+05  2.54220e+01  2.54220e+01
2.810268887e+00  2.3106341e+01         -inf  6.89329e+05  2.31063e+01  2.31063e+01
2.821509962e+00  2.0993127e+01         -inf  6.89329e+05  2.09931e+01  2.09931e+01
2.832796002e+00  1.8587205e+01         -inf  6.89329e+05  1.85872e+01  1.85872e+01
2.844127186e+00  1.8729681e+01         -inf  6.89329e+05  1.87297e+01  1.87297e+01
2.855503695e+00  1.7287821e+01         -inf  6.89329e+05  1.72878e+01  1.72879e+01
2.866925710e+00  1.6393279e+01         -inf  6.89329e+05  1.63933e+01  1.63933e+01
2.878393413e+00  1.5707127e+01         -inf  6.89329e+05  1.57071e+01  1.57072e+01
2.889906986e+00  1.5289575e+01         -inf  6.89329e+05  1.52896e+01  1.52897e+01
2.901466614e+00  1.4837849e+01         -inf  6.89329e+05  1.48378e+01  1.48380e+01
2.913072481e+00  1.4619853e+01         -inf  6.89329e+05  1.46199e+01  1.46200e+01
2.924724770e+00  1.4578496e+01         -inf  6.89329e+05  1.45785e+01  1.45786e+01
2.936423670e+00  1.4558855e+01         -inf  6.89329e+05  1.45589e+01  1.45590e+01
2.948169364e+00  1.4578855e+01         -inf  6.89329e+05  1.45789e+01  1.45790e+01
2.959962042e+00  1.4729262e+01         -inf  6.89329e+05  1.47293e+01  1.47294e+01
2.971801890e+00  1.4921467e+01         -inf  6.89329e+05  1.49215e+01  1.49216e+01
2.983689097e+00  1.5051475e+01         -inf  6.89329e+05  1.50515e+01  1.50517e+01
2.995623854e+00  1.4730022e+01         -inf  6.89329e+05  1.47300e+01  1.47302e+01
3.007606349e+00  1.4719967e+01         -inf  6.89329e+05  1.47200e+01  1.47202e+01
3.019636775e+00  1.4706729e+01         -inf  6.89329e+05  1.47067e+01  1.47070e+01
3.031715322e+00  1.4580931e+01         -inf  6.89329e+05  1.45809e+01  1.45812e+01
3.043842183e+00  1.4559314e+01         -inf  6.89329e+05  1.45593e+01  1.45596e+01
3.056017552e+00  1.4560132e+01         -inf  6.89329e+05  1.45601e+01  1.45604e+01
3.068241622e+00  1.4553560e+01         -inf  6.89329e+05  1.45536e+01  1.45539e+01
3.080514588e+00  1.4550245e+01         -inf  6.89329e+05  1.45502e+01  1.45506e+01
3.092836647e+00  1.4550606e+01         -inf  6.89329e+05  1.45506e+01  1.45509e+01
3.105207993e+00  1.4560137e+01         -inf  6.89329e+05  1.45601e+01  1.45605e+01
3.117628825e+00  1.4639892e+01         -inf  6.89329e+05  1.46399e+01  1.46403e+01
3.130099341e+00  1.4917689e+01         -inf  6.89329e+05  1.49177e+01  1.49181e+01
3.142619738e+00  1.4755429e+01         -inf  6.89329e+05  1.47554e+01  1.47558e+01
3.155190217e+00  1.4914840e+01         -inf  6.89329e+05  1.49148e+01  1.49153e+01
3.167810978e+00  1.4876465e+01         -inf  6.89329e+05  1.48765e+01  1.48769e+01
3.180482222e+00  1.5422674e+01         -inf  6.89329e+05  1.54227e+01  1.54231e+01
3.193204151e+00  1.5447922e+01         -inf  6.89329e+05  1.54479e+01  1.54484e+01
3.205976967e+00  1.5627662e+01         -inf  6.89329e+05  1.56277e+01  1.56282e+01
3.218800875e+00  1.6257163e+01         -inf  6.89329e+05  1.62572e+01  1.62577e+01
3.231676079e+00  1.5881019e+01         -inf  6.89329e+05  1.58810e+01  1.58816e+01
3.244602783e+00  1.6598724e+01         -inf  6.89329e+05  1.65987e+01  1.65993e+01
3.257581194e+00  1.6670827e+01         -inf  6.89329e+05  1.66708e+01  1.66714e+01
3.270611519e+00  1.7794767e+01         -inf  6.89329e+05  1.77948e+01  1.77954e+01
3.283693965e+00  1.6753838e+01         -inf  6.89329e+05  1.67538e+01  1.67546e+01
3.296828741e+00  1.6774882e+01         -inf  6.89329e+05  1.67749e+01  1.67756e+01
3.310016056e+00  2.1335032e+01         -inf  6.89329e+05  2.13350e+01  2.13355e+01
3.323256120e+00  1.8869736e+01         -inf  6.89329e+05  1.88697e+01  1.88704e+01
3.336549144e+00  1.5299034e+01         -inf  6.89329e+05  1.52990e+01  1.53000e+01
3.349895341e+00  1.5498696e+01         -inf  6.89329e+05  1.54987e+01  1.54997e+01
3.363294922e+00  1.6638855e+01         -inf  6.89329e+05  1.66389e+01  1.66398e+01
3.376748102e+00  1.6505473e+01         -inf  6.89329e+05  1.65055e+01  1.65065e+01
3.390255094e+00  1.6588470e+01         -inf  6.89329e+05  1.65885e+01  1.65895e+01
3.403816115e+00  1.6383541e+01         -inf  6.89329e+05  1.63835e+01  1.63847e+01
3.417431379e+00  1.5614784e+01         -inf  6.89329e+05  1.56148e+01  1.56160e+01
3.431101105e+00  1.5754604e+01         -inf  6.89329e+05  1.57546e+01  1.57559e+01
3.444825509e+00  1.5595598e+01         -inf  6.89329e+05  1.55956e+01  1.55970e+01
3.458604811e+00  1.5295387e+01         -inf  6.89329e+05  1.52954e+01  1.52969e+01
3.472439231e+00  1.5601676e+01         -inf  6.89329e+05  1.56017e+01  1.56033e+01
3.486328987e+00  1.5530635e+01         -inf  6.89329e+05  1.55306e+01  1.55323e+01
3.500274303e+00  1.5175044e+01         -inf  6.89329e+05  1.51750e+01  1.51769e+01
3.514275401e+00  1.4821209e+01         -inf  6.89329e+05  1.48212e+01  1.48231e+01
3.528332502e+00  1.5078131e+01         -inf  6.89329e+05  1.50781e+01  1.50802e+01
3.542445832e+00  1.5724315e+01         -inf  6.89329e+05  1.57243e+01  1.57264e+01
3.556615616e+00  1.5039869e+01         -inf  6.89329e+05  1.50399e+01  1.50421e+01
3.570842078e+00  1.5909139e+01         -inf  6.89329e+05  1.59091e+01  1.59114e+01
3.585125446e+00  1.5665047e+01         -inf  6.89329e+05  1.56650e+01  1.56675e+01
3.599465948e+00  1.5308168e+01         -inf  6.89329e+05  1.53082e+01  1.53108e+01
3.613863812e+00  1.5240769e+01         -inf  6.89329e+05  1.52408e+01  1.52435e+01
3.628319267e+00  1.4991271e+01         -inf  6.89329e+05  1.49913e+01  1.49942e+01
3.642832544e+00  1.5174872e+01         -inf  6.89329e+05  1.51749e+01  1.51779e+01
3.657403874e+00  1.4737764e+01         -inf  6.89329e+05  1.47378e+01  1.47410e+01
3.672033490e+00  1.4852905e+01         -inf  6.89329e+05  1.48529e+01  1.48563e+01
3.686721624e+00  1.4871452e+01         -inf  6.89329e+05  1.48715e+01  1.48750e+01
3.701468510e+00  1.4710463e+01         -inf  6.89329e+05  1.47105e+01  1.47142e+01
3.716274384e+00  1.4787066e+01         -inf  6.89329e+05  1.47871e+01  1.47910e+01
3.731139482e+00  1.4829244e+01         -inf  6.89329e+05  1.48292e+01  1.48333e+01
3.746064040e+00  1.4745622e+01         -inf  6.89329e+05  1.47456e+01  1.47499e+01
3.761048296e+00  1.4702508e+01         -inf  6.89329e+05  1.47025e+01  1.47070e+01
3.776092489e+00  1.4718928e+01         -inf  6.89329e+05  1.47189e+01  1.47237e+01
3.791196859e+00  1.4846469e+01         -inf  6.89329e+05  1.48465e+01  1.48514e+01
3.806361647e+00  1.4925641e+01         -inf  6.89329e+05  1.49256e+01  1.49308e+01
3.821587093e+00  1.4813010e+01         -inf  6.89329e+05  1.48130e+01  1.48184e+01
3.836873442e+00  1.4973156e+01         -inf  6.89329e+05  1.49732e+01  1.49788e+01
3.852220935e+00  1.5035210e+01         -inf  6.89329e+05  1.50352e+01  1.50411e+01
3.867629819e+00  1.5279374e+01         -inf  6.89329e+05  1.52794e+01  1.52852e+01
3.883100338e+00  1.5630297e+01         -inf  6.89329e+05  1.56303e+01  1.56361e+01
3.898632740e+00  1.5376564e+01         -inf  6.89329e+05  1.53766e+01  1.53830e+01
3.914227271e+00  1.5566677e+01         -inf  6.89329e+05  1.55667e+01  1.55732e+01
3.929884180e+00  1.5452845e+01         -inf  6.89329e+05  1.54528e+01  1.54598e+01
3.945603716e+00  1.5284570e+01         -inf  6.89329e+05  1.52846e+01  1.52921e+01
3.961386131e+00  1.5238786e+01         -inf  6.89329e+05  1.52388e+01  1.52467e+01
3.977231676e+00  1.5456291e+01         -inf  6.89329e+05  1.54563e+01  1.54645e+01
3.993140603e+00  1.5502312e+01         -inf  6.89329e+05  1.55023e+01  1.55109e+01
4.009113165e+00  1.5812106e+01         -inf  6.89329e+05  1.58121e+01  1.58209e+01
4.025149618e+00  1.6116750e+01         -inf  6.89329e+05  1.61167e+01  1.61256e+01
4.041250216e+00  1.6522860e+01         -inf  6.89329e+05  1.65229e+01  1.65318e+01
4.057415217e+00  1.6742216e+01         -inf  6.89329e+05  1.67422e+01  1.67514e+01
4.073644878e+00  1.7181850e+01         -inf  6.89329e+05  1.71818e+01  1.71910e+01
4.089939457e+00  1.7551216e+01         -inf  6.89329e+05  1.75512e+01  1.75603e+01
4.106299215e+00  1.7832782e+01         -inf  6.89329e+05  1.78328e+01  1.78421e+01
4.122724412e+00  1.8123367e+01         -inf  6.89329e+05  1.81234e+01  1.81328e+01
4.139215310e+00  1.8382910e+01         -inf  6.89329e+05  1.83829e+01  1.83924e+01
4.155772171e+00  1.8593198e+01         -inf  6.89329e+05  1.85932e+01  1.86017e+01
4.172395260e+00  2.0022908e+01         -inf  6.89329e+05  2.00229e+01  2.00265e+01
4.189084841e+00  2.5648303e+01         -inf  6.89329e+05  2.56483e+01  2.56491e+01
4.205841180e+00  3.5104289e+01         -inf  6.89329e+05  3.51043e+01  3.51044e+01
4.222664545e+00  4.3005188e+01         -inf  6.89329e+05  4.30052e+01  4.30052e+01
4.239555203e+00  4.6192950e+01         -inf  6.89329e+05  4.61930e+01  4.61930e+01
4.256513424e+00  4.4208651e+01         -inf  6.89329e+05  4.42087e+01  4.42087e+01
4.273539477e+00  4.5890114e+01         -inf  6.89329e+05  4.58901e+01  4.58902e+01
4.290633635e+00  4.4431582e+01         -inf  6.89329e+05  4.44316e+01  4.44316e+01
4.307796170e+00  4.1618440e+01         -inf  6.89329e+05  4.16184e+01  4.16185e+01
4.325027355e+00  3.8118395e+01         -inf  6.89329e+05  3.81184e+01  3.81185e+01
4.342327464e+00  3.5708450e+01         -inf  6.89329e+05  3.57084e+01  3.57086e+01
4.359696774e+00  3.4641050e+01         -inf  6.89329e+05  3.46410e+01  3.46412e+01
4.377135561e+00  3.2374476e+01         -inf  6.89329e+05  3.23745e+01  3.23749e+01
4.394644103e+00  3.2474578e+01         -inf  6.89329e+05  3.24746e+01  3.24750e+01
4.412222680e+00  3.1599841e+01         -inf  6.89329e+05  3.15998e+01  3.16003e+01
4.429871570e+00  2.9355105e+01         -inf  6.89329e+05  2.93551e+01  2.93560e+01
4.447591057e+00  2.5611830e+01         -inf  6.89329e+05  2.56118e+01  2.56141e+01
4.465381421e+00  2.2677380e+01         -inf  6.89329e+05  2.26774e+01  2.26807e+01
4.483242946e+00  2.0567649e+01         -inf  6.89329e+05  2.05676e+01  2.05727e+01
4.501175918e+00  1.9039350e+01         -inf  6.89329e+05  1.90393e+01  1.90497e+01
4.519180622e+00  1.9480150e+01         -inf  6.89329e+05  1.94801e+01  1.94889e+01
4.537257344e+00  1.8796828e+01         -inf  6.89329e+05  1.87968e+01  1.88086e+01
4.555406374e+00  1.7867596e+01         -inf  6.89329e+05  1.78676e+01  1.78849e+01
4.573627999e+00  1.6989553e+01         -inf  6.89329e+05  1.69896e+01  1.70138e+01
4.591922511e+00  1.6023813e+01         -inf  6.89329e+05  1.60238e+01  1.60564e+01
4.610290201e+00  1.5523028e+01         -inf  6.89329e+05  1.55230e+01  1.55606e+01
4.628731362e+00  1.5216119e+01         -inf  6.89329e+05  1.52161e+01  1.52566e+01
4.647246288e+00  1.5026994e+01         -inf  6.89329e+05  1.50270e+01  1.50698e+01
4.665835273e+00  1.4897140e+01         -inf  6.89329e+05  1.48971e+01  1.49420e+01
4.684498614e+00  1.5815764e+01         -inf  6.89329e+05  1.58158e+01  1.58621e+01
4.703236608e+00  2.1691775e+01         -inf  6.89329e+05  2.16918e+01  2.17328e+01
4.722049555e+00  2.2351465e+01         -inf  6.89329e+05  2.23515e+01  2.23940e+01
4.740937753e+00  2.0773232e+01         -inf  6.89329e+05  2.07732e+01  2.08187e+01
4.759901504e+00  2.1359838e+01         -inf  6.89329e+05  2.13598e+01  2.14075e+01
4.778941110e+00  2.0867352e+01         -inf  6.89329e+05  2.08674e+01  2.09122e+01
4.798056874e+00  1.9595568e+01         -inf  6.89329e+05  1.95956e+01  1.96398e+01
4.817249102e+00  2.1052712e+01         -inf  6.89329e+05  2.10527e+01  2.10815e+01
4.836518098e+00  1.8655390e+01         -inf  6.89329e+05  1.86554e+01  1.86934e+01
4.855864171e+00  1.8222505e+01         -inf  6.89329e+05  1.82225e+01  1.82595e+01
4.875287627e+00  1.7043359e+01         -inf  6.89329e+05  1.70434e+01  1.70892e+01
4.894788778e+00  1.6048606e+01         -inf  6.89329e+05  1.60486e+01  1.61063e+01
4.914367933e+00  1.6077360e+01         -inf  6.89329e+05  1.60774e+01  1.61425e+01
4.934025405e+00  1.5254655e+01         -inf  6.89329e+05  1.52547e+01  1.53287e+01
4.953761506e+00  1.5125022e+01         -inf  6.89329e+05  1.51250e+01  1.52019e+01
4.973576552e+00  1.4862556e+01         -inf  6.89329e+05  1.48626e+01  1.49431e+01
4.993470859e+00  1.4695165e+01         -inf  6.89329e+05  1.46952e+01  1.47793e+01
5.013444742e+00  1.4546074e+01         -inf  6.89329e+05  1.45461e+01  1.46335e+01
5.033498521e+00  1.4511511e+01         -inf  6.89329e+05  1.45115e+01  1.46021e+01
5.053632515e+00  1.4493830e+01         -inf  6.89329e+05  1.44938e+01  1.45874e+01
5.073847045e+00  1.4537070e+01         -inf  6.89329e+05  1.45371e+01  1.46331e+01
5.094142433e+00  1.4645611e+01         -inf  6.89329e+05  1.46456e+01  1.47437e+01
5.114519003e+00  1.4649485e+01         -inf  6.89329e+05  1.46495e+01  1.47508e+01
5.134977079e+00  1.4536703e+01         -inf  6.89329e+05  1.45367e+01  1.46422e+01
5.155516987e+00  1.4714427e+01         -inf  6.89329e+05  1.47144e+01  1.48213e+01
5.176139055e+00  1.6926924e+01         -inf  6.89329e+05  1.69269e+01  1.70151e+01
5.196843612e+00  1.5392183e+01         -inf  6.89329e+05  1.53922e+01  1.54947e+01
5.217630986e+00  1.5732803e+01         -inf  6.89329e+05  1.57328e+01  1.58300e+01
5.238501510e+00  1.5374099e+01         -inf  6.89329e+05  1.53741e+01  1.54763e+01
5.259455516e+00  1.5063421e+01         -inf  6.89329e+05  1.50634e+01  1.51725e+01
5.280493338e+00  1.4720975e+01         -inf  6.89329e+05  1.47210e+01  1.48369e+01
5.301615311e+00  1.4588065e+01         -inf  6.89329e+05  1.45881e+01  1.47074e+01
5.322821773e+00  1.4648407e+01         -inf  6.89329e+05  1.46484e+01  1.47677e+01
5.344113060e+00  1.4559292e+01         -inf  6.89329e+05  1.45593e+01  1.46775e+01
5.365489512e+00  1.4566767e+01         -inf  6.89329e+05  1.45668e+01  1.46837e+01
5.386951470e+00  1.4570940e+01         -inf  6.89329e+05  1.45709e+01  1.46869e+01
5.408499276e+00  1.4587779e+01         -inf  6.89329e+05  1.45878e+01  1.47027e+01
5.430133273e+00  1.4608793e+01         -inf  6.89329e+05  1.46088e+01  1.47236e+01
5.451853806e+00  1.4632206e+01         -inf  6.89329e+05  1.46322e+01  1.47461e+01
5.473661221e+00  1.4695013e+01         -inf  6.89329e+05  1.46950e+01  1.48077e+01
5.495555866e+00  1.4791148e+01         -inf  6.89329e+05  1.47911e+01  1.49024e+01
5.517538090e+00  1.4852285e+01         -inf  6.89329e+05  1.48523e+01  1.49627e+01
5.539608242e+00  1.4808355e+01         -inf  6.89329e+05  1.48084e+01  1.49178e+01
5.561766675e+00  1.4690363e+01         -inf  6.89329e+05  1.46904e+01  1.47992e+01
5.584013742e+00  1.4755077e+01         -inf  6.89329e+05  1.47551e+01  1.48635e+01
5.606349797e+00  1.4800096e+01         -inf  6.89329e+05  1.48001e+01  1.49083e+01
5.628775196e+00  1.4772597e+01         -inf  6.89329e+05  1.47726e+01  1.48807e+01
5.651290297e+00  1.4733719e+01         -inf  6.89329e+05  1.47337e+01  1.48418e+01
5.673895458e+00  1.4732449e+01         -inf  6.89329e+05  1.47324e+01  1.48405e+01
5.696591040e+00  1.4731746e+01         -inf  6.89329e+05  1.47317e+01  1.48399e+01
5.719377404e+00  1.4914380e+01         -inf  6.89329e+05  1.49144e+01  1.50226e+01
5.742254913e+00  1.5925776e+01         -inf  6.89329e+05  1.59258e+01  1.60334e+01
5.765223933e+00  1.5945809e+01         -inf  6.89329e+05  1.59458e+01  1.60533e+01
5.788284829e+00  1.5459265e+01         -inf  6.89329e+05  1.54593e+01  1.55668e+01
5.811437968e+00  1.5557513e+01         -inf  6.89329e+05  1.55575e+01  1.56648e+01
5.834683720e+00  1.5802294e+01         -inf  6.89329e+05  1.58023e+01  1.59098e+01
5.858022455e+00  1.5608867e+01         -inf  6.89329e+05  1.56089e+01  1.57173e+01
5.881454545e+00  1.5339042e+01         -inf  6.89329e+05  1.53390e+01  1.54490e+01
5.904980363e+00  1.5120839e+01         -inf  6.89329e+05  1.51208e+01  1.52326e+01
5.928600284e+00  1.5013376e+01         -inf  6.89329e+05  1.50134e+01  1.51271e+01
5.952314685e+00  1.4985133e+01         -inf  6.89329e+05  1.49851e+01  1.51010e+01
5.976123944e+00  1.4958113e+01         -inf  6.89329e+05  1.49581e+01  1.50770e+01
6.000028440e+00  1.4970044e+01         -inf  6.89329e+05  1.49700e+01  1.50925e+01
6.024028554e+00  1.4951707e+01         -inf  6.89329e+05  1.49517e+01  1.50784e+01
6.048124668e+00  1.4956023e+01         -inf  6.89329e+05  1.49560e+01  1.50878e+01
6.072317167e+00  1.4948694e+01         -inf  6.89329e+05  1.49487e+01  1.50860e+01
6.096606435e+00  1.4927000e+01         -inf  6.89329e+05  1.49270e+01  1.50704e+01
6.120992861e+00  1.4921057e+01         -inf  6.89329e+05  1.49211e+01  1.50712e+01
6.145476832e+00  1.4884201e+01         -inf  6.89329e+05  1.48842e+01  1.50418e+01
6.170058740e+00  1.4880292e+01         -inf  6.89329e+05  1.48803e+01  1.50459e+01
6.194738975e+00  1.4858280e+01         -inf  6.89329e+05  1.48583e+01  1.50313e+01
6.219517931e+00  1.4855530e+01         -inf  6.89329e+05  1.48555e+01  1.50354e+01
6.244396002e+00  1.4833818e+01         -inf  6.89329e+05  1.48338e+01  1.50194e+01
6.269373586e+00  1.4786609e+01         -inf  6.89329e+05  1.47866e+01  1.49767e+01
6.294451081e+00  1.4869360e+01         -inf  6.89329e+05  1.48694e+01  1.50630e+01
6.319628885e+00  1.4811200e+01         -inf  6.89329e+05  1.48112e+01  1.50075e+01
6.344907401e+00  1.4904301e+01         -inf  6.89329e+05  1.49043e+01  1.51031e+01
6.370287030e+00  1.4855785e+01         -inf  6.89329e+05  1.48558e+01  1.50575e+01
6.395768178e+00  1.4905829e+01         -inf  6.89329e+05  1.49058e+01  1.51107e+01
6.421351251e+00  1.4931156e+01         -inf  6.89329e+05  1.49312e+01  1.51398e+01
6.447036656e+00  1.4998076e+01         -inf  6.89329e+05  1.49981e+01  1.52113e+01
6.472824803e+00  1.5118764e+01         -inf  6.89329e+05  1.51188e+01  1.53376e+01
6.498716102e+00  1.5559978e+01         -inf  6.89329e+05  1.55600e+01  1.57842e+01
6.524710966e+00  1.5067062e+01         -inf  6.89329e+05  1.50671e+01  1.53010e+01
6.550809810e+00  1.4836740e+01         -inf  6.89329e+05  1.48367e+01  1.50806e+01
6.577013049e+00  1.4802236e+01         -inf  6.89329e+05  1.48022e+01  1.50567e+01
6.603321102e+00  1.4764448e+01         -inf  6.89329e+05  1.47644e+01  1.50310e+01
6.629734386e+00  1.4720552e+01         -inf  6.89329e+05  1.47206e+01  1.50001e+01
6.656253324e+00  1.4734077e+01         -inf  6.89329e+05  1.47341e+01  1.50273e+01
6.682878337e+00  1.4659403e+01         -inf  6.89329e+05  1.46594e+01  1.49676e+01
6.709609850e+00  1.4618934e+01         -inf  6.89329e+05  1.46189e+01  1.49432e+01
6.736448290e+00  1.4639312e+01         -inf  6.89329e+05  1.46393e+01  1.49801e+01
6.763394083e+00  1.4513192e+01         -inf  6.89329e+05  1.45132e+01  1.48725e+01
6.790447659e+00  1.4692951e+01         -inf  6.89329e+05  1.46930e+01  1.50713e+01
6.817609450e+00  1.4512610e+01         -inf  6.89329e+05  1.45126e+01  1.49128e+01
6.844879888e+00  1.4473899e+01         -inf  6.89329e+05  1.44739e+01  1.48963e+01
6.872259407e+00  1.4436538e+01         -inf  6.89329e+05  1.44365e+01  1.48817e+01
6.899748445e+00  1.4473394e+01         -inf  6.89329e+05  1.44734e+01  1.49423e+01
6.927347438e+00  1.4334773e+01         -inf  6.89329e+05  1.43348e+01  1.48308e+01
6.955056828e+00  1.4234951e+01         -inf  6.89329e+05  1.42350e+01  1.47601e+01
6.982877056e+00  1.4246288e+01         -inf  6.89329e+05  1.42463e+01  1.48022e+01
7.010808564e+00  1.4191952e+01         -inf  6.89329e+05  1.41920e+01  1.47815e+01
7.038851798e+00  1.4080392e+01         -inf  6.89329e+05  1.40804e+01  1.47078e+01
7.067007205e+00  1.4037397e+01         -inf  6.89329e+05  1.40374e+01  1.47031e+01
7.095275234e+00  1.3991527e+01         -inf  6.89329e+05  1.39915e+01  1.47003e+01
7.123656335e+00  1.3920528e+01         -inf  6.89329e+05  1.39205e+01  1.46740e+01
7.152150960e+00  1.3908777e+01         -inf  6.89329e+05  1.39088e+01  1.47118e+01
7.180759564e+00  1.3873669e+01         -inf  6.89329e+05  1.38737e+01  1.47290e+01
7.209482602e+00  1.3965211e+01         -inf  6.89329e+05  1.39652e+01  1.48735e+01
7.238320533e+00  1.4081799e+01         -inf  6.89329e+05  1.40818e+01  1.50399e+01
7.267273815e+00  1.4305264e+01         -inf  6.89329e+05  1.43053e+01  1.53080e+01
7.296342910e+00  1.4249967e+01         -inf  6.89329e+05  1.42500e+01  1.53088e+01
7.325528282e+00  1.4707944e+01         -inf  6.89329e+05  1.47079e+01  1.57875e+01
7.354830395e+00  1.5298535e+01         -inf  6.89329e+05  1.52985e+01  1.63783e+01
7.384249717e+00  1.6046951e+01         -inf  6.89329e+05  1.60470e+01  1.71091e+01
7.413786715e+00  1.5615145e+01         -inf  6.89329e+05  1.56151e+01  1.67619e+01
7.443441862e+00  1.6388689e+01         -inf  6.89329e+05  1.63887e+01  1.75211e+01
7.473215630e+00  1.6005015e+01         -inf  6.89329e+05  1.60050e+01  1.72150e+01
7.503108492e+00  1.6471194e+01         -inf  6.89329e+05  1.64712e+01  1.76819e+01
7.533120926e+00  1.5826065e+01         -inf  6.89329e+05  1.58261e+01  1.71318e+01
7.563253410e+00  1.4742511e+01         -inf  6.89329e+05  1.47425e+01  1.61738e+01
7.593506424e+00  1.4367791e+01         -inf  6.89329e+05  1.43678e+01  1.58259e+01
7.623880449e+00  1.4703744e+01         -inf  6.89329e+05  1.47037e+01  1.60893e+01
7.654375971e+00  1.9873054e+01         -inf  6.89329e+05  1.98731e+01  2.08339e+01
7.684993475e+00  1.9763987e+01         -inf  6.89329e+05  1.97640e+01  2.06669e+01
7.715733449e+00  1.7792240e+01         -inf  6.89329e+05  1.77922e+01  1.89020e+01
7.746596383e+00  1.6311684e+01         -inf  6.89329e+05  1.63117e+01  1.76116e+01
7.777582768e+00  1.5614656e+01         -inf  6.89329e+05  1.56147e+01  1.70978e+01
7.808693099e+00  1.5965698e+01         -inf  6.89329e+05  1.59657e+01  1.73822e+01
7.839927872e+00  1.6456610e+01         -inf  6.89329e+05  1.64566e+01  1.77992e+01
7.871287583e+00  1.6679652e+01         -inf  6.89329e+05  1.66797e+01  1.80270e+01
7.902772733e+00  1.5833402e+01         -inf  6.89329e+05  1.58334e+01  1.73265e+01
7.934383824e+00  1.5614788e+01         -inf  6.89329e+05  1.56148e+01  1.72267e+01
7.966121360e+00  1.4523832e+01         -inf  6.89329e+05  1.45238e+01  1.63228e+01
7.997985845e+00  1.4086555e+01         -inf  6.89329e+05  1.40866e+01  1.59967e+01
8.029977788e+00  1.4123860e+01         -inf  6.89329e+05  1.41239e+01  1.60852e+01
8.062097700e+00  1.3538730e+01         -inf  6.89329e+05  1.35387e+01  1.56203e+01
8.094346090e+00  1.3264739e+01         -inf  6.89329e+05  1.32647e+01  1.54164e+01
8.126723475e+00  1.2890464e+01         -inf  6.89329e+05  1.28905e+01  1.51301e+01
8.159230369e+00  1.2622585e+01         -inf  6.89329e+05  1.26226e+01  1.49283e+01
8.191867290e+00  1.2678088e+01         -inf  6.89329e+05  1.26781e+01  1.50214e+01
8.224634759e+00  1.2386104e+01         -inf  6.89329e+05  1.23861e+01  1.47962e+01
8.257533298e+00  1.2346211e+01         -inf  6.89329e+05  1.23462e+01  1.48045e+01
8.290563432e+00  1.2156248e+01         -inf  6.89329e+05  1.21562e+01  1.46714e+01
8.323725685e+00  1.2213476e+01         -inf  6.89329e+05  1.22135e+01  1.47729e+01
8.357020588e+00  1.2179390e+01         -inf  6.89329e+05  1.21794e+01  1.47866e+01
8.390448670e+00  1.2292897e+01         -inf  6.89329e+05  1.22929e+01  1.49386e+01
8.424010465e+00  1.2336223e+01         -inf  6.89329e+05  1.23362e+01  1.50267e+01
8.457706507e+00  1.2461748e+01         -inf  6.89329e+05  1.24617e+01  1.51880e+01
8.491537333e+00  1.2493526e+01         -inf  6.89329e+05  1.24935e+01  1.52763e+01
8.525503482e+00  1.2524055e+01         -inf  6.89329e+05  1.25241e+01  1.53664e+01
8.559605496e+00  1.2442890e+01         -inf  6.89329e+05  1.24429e+01  1.53588e+01
8.593843918e+00  1.2592174e+01         -inf  6.89329e+05  1.25922e+01  1.55452e+01
8.628219294e+00  1.2725430e+01         -inf  6.89329e+05  1.27254e+01  1.57199e+01
8.662732171e+00  1.2694304e+01         -inf  6.89329e+05  1.26943e+01  1.57429e+01
8.697383100e+00  1.2856272e+01         -inf  6.89329e+05  1.28563e+01  1.59657e+01
8.732172632e+00  1.2817077e+01         -inf  6.89329e+05  1.28171e+01  1.59969e+01
8.767101323e+00  1.2779827e+01         -inf  6.89329e+05  1.27798e+01  1.60280e+01
8.802169728e+00  1.3243663e+01         -inf  6.89329e+05  1.32437e+01  1.65476e+01
8.837378407e+00  1.3407697e+01         -inf  6.89329e+05  1.34077e+01  1.67652e+01
8.872727920e+00  1.3287519e+01         -inf  6.89329e+05  1.32875e+01  1.67018e+01
8.908218832e+00  1.3249826e+01         -inf  6.89329e+05  1.32498e+01  1.67239e+01
8.943851707e+00  1.3272006e+01         -inf  6.89329e+05  1.32720e+01  1.68103e+01
8.979627114e+00  1.2929847e+01         -inf  6.89329e+05  1.29298e+01  1.65445e+01
9.015545623e+00  1.2475923e+01         -inf  6.89329e+05  1.24759e+01  1.61700e+01
9.051607805e+00  1.2575122e+01         -inf  6.89329e+05  1.25751e+01  1.63359e+01
9.087814236e+00  1.2609873e+01         -inf  6.89329e+05  1.26099e+01  1.64452e+01
9.124165493e+00  1.2625173e+01         -inf  6.89329e+05  1.26252e+01  1.65483e+01
9.160662155e+00  1.2694165e+01         -inf  6.89329e+05  1.26942e+01  1.66951e+01
9.197304804e+00  1.3053960e+01         -inf  6.89329e+05  1.30540e+01  1.70648e+01
9.234094023e+00  1.2705261e+01         -inf  6.89329e+05  1.27053e+01  1.67029e+01
9.271030399e+00  1.2623824e+01         -inf  6.89329e+05  1.26238e+01  1.66397e+01
9.308114521e+00  1.2689494e+01         -inf  6.89329e+05  1.26895e+01  1.67963e+01
9.345346979e+00  1.3388493e+01         -inf  6.89329e+05  1.33885e+01  1.75750e+01
9.382728367e+00  1.8068798e+01         -inf  6.89329e+05  1.80688e+01  2.20632e+01
9.420259280e+00  2.3228354e+01         -inf  6.89329e+05  2.32284e+01  2.63243e+01
9.457940318e+00  2.5371065e+01         -inf  6.89329e+05  2.53711e+01  2.78615e+01
9.495772079e+00  2.6712416e+01         -inf  6.89329e+05  2.67124e+01  2.88339e+01
9.533755167e+00  2.5533806e+01         -inf  6.89329e+05  2.55338e+01  2.80730e+01
9.571890188e+00  2.0395504e+01         -inf  6.89329e+05  2.03955e+01  2.42514e+01
9.610177749e+00  2.5213681e+01         -inf  6.89329e+05  2.52137e+01  2.79200e+01
9.648618460e+00  2.5333015e+01         -inf  6.89329e+05  2.53330e+01  2.82238e+01
9.687212933e+00  2.4023525e+01         -inf  6.89329e+05  2.40235e+01  2.72423e+01
9.725961785e+00  2.3654791e+01         -inf  6.89329e+05  2.36548e+01  2.69047e+01
9.764865632e+00  2.3558758e+01         -inf  6.89329e+05  2.35588e+01  2.69014e+01
9.803925095e+00  2.2707727e+01         -inf  6.89329e+05  2.27077e+01  2.63666e+01
9.843140795e+00  2.1507808e+01         -inf  6.89329e+05  2.15078e+01  2.55143e+01
9.882513358e+00  1.9738738e+01         -inf  6.89329e+05  1.97387e+01  2.42333e+01
9.922043412e+00  1.8036171e+01         -inf  6.89329e+05  1.80362e+01  2.29177e+01
9.961731585e+00  1.6306859e+01         -inf  6.89329e+05  1.63069e+01  2.15245e+01
1.000157851e+01  1.4511435e+01         -inf  6.89329e+05  1.45114e+01  2.00072e+01
1.004158483e+01  1.2517640e+01         -inf  6.89329e+05  1.25176e+01  1.82497e+01
1.008175117e+01  1.1430362e+01         -inf  6.89329e+05  1.14304e+01  1.73308e+01
1.012207817e+01  1.0201794e+01         -inf  6.89329e+05  1.02018e+01  1.62607e+01
1.016256648e+01  9.4524370e+00         -inf  6.89329e+05  9.45244e+00  1.55972e+01
1.020321675e+01  8.9625910e+00         -inf  6.89329e+05  8.96259e+00  1.51485e+01
1.024402962e+01  8.7154285e+00         -inf  6.89329e+05  8.71543e+00  1.49619e+01
1.028500573e+01  8.5667177e+00         -inf  6.89329e+05  8.56672e+00  1.48777e+01
1.032614576e+01  8.3853382e+00         -inf  6.89329e+05  8.38534e+00  1.48054e+01
1.036745034e+01  8.0180915e+00         -inf  6.89329e+05  8.01809e+00  1.46671e+01
1.040892014e+01  7.8028536e+00         -inf  6.89329e+05  7.80285e+00  1.45833e+01
1.045055582e+01  7.8683530e+00         -inf  6.89329e+05  7.86835e+00  1.46853e+01
1.049235805e+01  7.7630330e+00         -inf  6.89329e+05  7.76303e+00  1.46702e+01
1.053432748e+01  7.6768002e+00         -inf  6.89329e+05  7.67680e+00  1.46733e+01
1.057646479e+01  7.5535549e+00         -inf  6.89329e+05  7.55355e+00  1.46623e+01
1.061877065e+01  7.4057850e+00         -inf  6.89329e+05  7.40578e+00  1.46407e+01
1.066124573e+01  7.2470028e+00         -inf  6.89329e+05  7.24700e+00  1.46155e+01
1.070389071e+01  7.0844854e+00         -inf  6.89329e+05  7.08449e+00  1.45900e+01
1.074670627e+01  6.9317977e+00         -inf  6.89329e+05  6.93180e+00  1.45698e+01
1.078969310e+01  6.7941206e+00         -inf  6.89329e+05  6.79412e+00  1.45569e+01
1.083285187e+01  6.6620195e+00         -inf  6.89329e+05  6.66202e+00  1.45488e+01
1.087618328e+01  6.5485860e+00         -inf  6.89329e+05  6.54859e+00  1.45461e+01
1.091968801e+01  6.4348091e+00         -inf  6.89329e+05  6.43481e+00  1.45421e+01
1.096336676e+01  6.3192162e+00         -inf  6.89329e+05  6.31922e+00  1.45408e+01
1.100722023e+01  6.2100717e+00         -inf  6.89329e+05  6.21007e+00  1.45410e+01
1.105124911e+01  6.0958460e+00         -inf  6.89329e+05  6.09585e+00  1.45412e+01
1.109545411e+01  5.9834714e+00         -inf  6.89329e+05  5.98347e+00  1.45421e+01
1.113983593e+01  5.8655420e+00         -inf  6.89329e+05  5.86554e+00  1.45400e+01
1.118439527e+01  5.7483151e+00         -inf  6.89329e+05  5.74832e+00  1.45389e+01
1.122913285e+01  5.6263892e+00         -inf  6.89329e+05  5.62639e+00  1.45382e+01
1.127404938e+01  5.5053184e+00         -inf  6.89329e+05  5.50532e+00  1.45374e+01
1.131914558e+01  5.3821361e+00         -inf  6.89329e+05  5.38214e+00  1.45375e+01
1.136442216e+01  5.2554364e+00         -inf  6.89329e+05  5.25544e+00  1.45373e+01
1.140987985e+01  5.1277795e+00         -inf  6.89329e+05  5.12778e+00  1.45374e+01
1.145551937e+01  5.0000829e+00         -inf  6.89329e+05  5.00008e+00  1.45372e+01
1.150134145e+01  4.8709509e+00         -inf  6.89329e+05  4.87095e+00  1.45372e+01
1.154734681e+01  4.7314312e+00         -inf  6.89329e+05  4.73143e+00  1.45380e+01
1.159353620e+01  4.5915044e+00         -inf  6.89329e+05  4.59150e+00  1.45386e+01
1.163991035e+01  4.4694652e+00         -inf  6.89329e+05  4.46947e+00  1.45376e+01
1.168646999e+01  4.3324412e+00         -inf  6.89329e+05  4.33244e+00  1.45382e+01
1.173321587e+01  4.1950707e+00         -inf  6.89329e+05  4.19507e+00  1.45387e+01
1.178014873e+01  4.0558407e+00         -inf  6.89329e+05  4.05584e+00  1.45393e+01
1.182726932e+01  3.9147427e+00         -inf  6.89329e+05  3.91474e+00  1.45409e+01
1.187457840e+01  3.7746260e+00         -inf  6.89329e+05  3.77463e+00  1.45413e+01
1.192207672e+01  3.6348409e+00         -inf  6.89329e+05  3.63484e+00  1.45443e+01
1.196976502e+01  3.4895206e+00         -inf  6.89329e+05  3.48952e+00  1.45451e+01
1.201764408e+01  3.3412462e+00         -inf  6.89329e+05  3.34125e+00  1.45514e+01
1.206571466e+01  3.1549713e+00         -inf  6.89329e+05  3.15497e+00  1.45671e+01
1.211397752e+01  3.0438938e+00         -inf  6.89329e+05  3.04389e+00  1.45619e+01
1.216243343e+01  2.9158621e+00         -inf  6.89329e+05  2.91586e+00  1.45843e+01
1.221108316e+01  2.7908503e+00         -inf  6.89329e+05  2.79085e+00  1.45963e+01
1.225992749e+01  2.7144935e+00         -inf  6.89329e+05  2.71449e+00  1.46369e+01
1.230896720e+01  2.6417886e+00         -inf  6.89329e+05  2.64179e+00  1.46722e+01
1.235820307e+01  2.5759057e+00         -inf  6.89329e+05  2.57591e+00  1.47145e+01
1.240763589e+01  2.5184386e+00         -inf  6.89329e+05  2.51844e+00  1.47746e+01
1.245726643e+01  2.3906707e+00         -inf  6.89329e+05  2.39067e+00  1.47877e+01
1.250709549e+01  2.2928811e+00         -inf  6.89329e+05  2.29288e+00  1.48590e+01
1.255712388e+01  2.0479890e+00         -inf  6.89329e+05  2.04799e+00  1.48368e+01
1.260735237e+01  3.3245595e+00         -inf  6.89329e+05  3.32456e+00  1.52671e+01
1.265778178e+01  2.7647373e+00         -inf  6.89329e+05  2.76474e+00  1.53059e+01
1.270841291e+01  1.5935507e+00         -inf  6.89329e+05  1.59355e+00  1.49546e+01
1.275924656e+01  1.6861168e+00         -inf  6.89329e+05  1.68612e+00  1.51193e+01
1.281028355e+01  1.6125668e+00         -inf  6.89329e+05  1.61257e+00  1.51533e+01
1.286152468e+01  1.7075589e+00         -inf  6.89329e+05  1.70756e+00  1.52841e+01
1.291297078e+01  1.7602085e+00         -inf  6.89329e+05  1.76021e+00  1.53226e+01
1.296462266e+01  2.3853572e+00         -inf  6.89329e+05  2.38536e+00  1.56705e+01
1.301648115e+01  2.4292403e+00         -inf  6.89329e+05  2.42924e+00  1.55495e+01
1.306854708e+01  2.9077276e+00         -inf  6.89329e+05  2.90773e+00  1.60093e+01
1.312082127e+01  3.1490337e+00         -inf  6.89329e+05  3.14903e+00  1.59134e+01
1.317330455e+01  4.2530420e+00         -inf  6.89329e+05  4.25304e+00  1.62628e+01
1.322599777e+01  5.7686951e+00         -inf  6.89329e+05  5.76870e+00  1.68205e+01
1.327890176e+01  6.3256643e+00         -inf  6.89329e+05  6.32566e+00  1.69381e+01
1.333201737e+01  8.0106249e+00         -inf  6.89329e+05  8.01062e+00  1.80739e+01
1.338534544e+01  8.2288578e+00         -inf  6.89329e+05  8.22886e+00  1.79142e+01
1.343888682e+01  1.0038653e+01         -inf  6.89329e+05  1.00387e+01  1.92333e+01
1.349264237e+01  1.4770399e+01         -inf  6.89329e+05  1.47704e+01  2.21227e+01
1.354661294e+01  1.2271720e+01         -inf  6.89329e+05  1.22717e+01  2.04764e+01
1.360079939e+01  1.3029061e+01         -inf  6.89329e+05  1.30291e+01  2.11826e+01
1.365520258e+01  1.2961290e+01         -inf  6.89329e+05  1.29613e+01  2.11658e+01
1.370982339e+01  1.2968682e+01         -inf  6.89329e+05  1.29687e+01  2.14707e+01
1.376466269e+01  1.1371544e+01         -inf  6.89329e+05  1.13715e+01  2.03711e+01
1.381972134e+01  1.2956830e+01         -inf  6.89329e+05  1.29568e+01  2.16679e+01
1.387500022e+01  2.5723512e+01         -inf  6.89329e+05  2.57235e+01  3.06122e+01
1.393050023e+01  1.6053228e+01         -inf  6.89329e+05  1.60532e+01  2.34342e+01
1.398622223e+01  1.4936230e+01         -inf  6.89329e+05  1.49362e+01  2.27643e+01
1.404216712e+01  1.6752110e+01         -inf  6.89329e+05  1.67521e+01  2.39399e+01
1.409833578e+01  1.7476069e+01         -inf  6.89329e+05  1.74761e+01  2.44231e+01
1.415472913e+01  1.9345997e+01         -inf  6.89329e+05  1.93460e+01  2.56227e+01
1.421134804e+01  2.1826198e+01         -inf  6.89329e+05  2.18262e+01  2.75201e+01
1.426819344e+01  2.3337293e+01         -inf  6.89329e+05  2.33373e+01  2.85572e+01
1.432526621e+01  2.4671391e+01         -inf  6.89329e+05  2.46714e+01  2.96128e+01
1.438256727e+01  2.7561163e+01         -inf  6.89329e+05  2.75612e+01  3.19491e+01
1.444009754e+01  2.9123896e+01         -inf  6.89329e+05  2.91239e+01  3.33420e+01
1.449785793e+01  2.9154804e+01         -inf  6.89329e+05  2.91548e+01  3.33349e+01
1.455584937e+01  3.1372702e+01         -inf  6.89329e+05  3.13727e+01  3.53601e+01
1.461407276e+01  3.2916990e+01         -inf  6.89329e+05  3.29170e+01  3.68095e+01
1.467252905e+01  3.2985741e+01         -inf  6.89329e+05  3.29857e+01  3.69298e+01
1.473121917e+01  3.3233424e+01         -inf  6.89329e+05  3.32334e+01  3.72136e+01
1.479014405e+01  3.4492127e+01         -inf  6.89329e+05  3.44921e+01  3.84372e+01
1.484930462e+01  3.4066411e+01         -inf  6.89329e+05  3.40664e+01  3.81008e+01
1.490870184e+01  3.3868761e+01         -inf  6.89329e+05  3.38688e+01  3.79754e+01
1.496833665e+01  4.5678368e+01         -inf  6.89329e+05  4.56784e+01  4.88756e+01
1.502821000e+01  3.4933434e+01         -inf  6.89329e+05  3.49334e+01  3.91319e+01
1.508832284e+01  3.5701234e+01         -inf  6.89329e+05  3.57012e+01  3.98823e+01
1.514867613e+01  3.3537898e+01         -inf  6.89329e+05  3.35379e+01  3.79240e+01
1.520927083e+01  3.2046285e+01         -inf  6.89329e+05  3.20463e+01  3.66195e+01
1.527010791e+01  3.2653244e+01         -inf  6.89329e+05  3.26532e+01  3.72345e+01
1.533118835e+01  3.2711545e+01         -inf  6.89329e+05  3.27115e+01  3.73595e+01
1.539251310e+01  3.3782591e+01         -inf  6.89329e+05  3.37826e+01  3.84266e+01
1.545408315e+01  3.0248472e+01         -inf  6.89329e+05  3.02485e+01  3.53820e+01
1.551589948e+01  2.9565496e+01         -inf  6.89329e+05  2.95655e+01  3.48495e+01
1.557796308e+01  2.7412796e+01         -inf  6.89329e+05  2.74128e+01  3.31143e+01
1.564027493e+01  2.4929911e+01         -inf  6.89329e+05  2.49299e+01  3.12067e+01
1.570283603e+01  2.4680909e+01         -inf  6.89329e+05  2.46809e+01  3.11483e+01
1.576564738e+01  2.2703268e+01         -inf  6.89329e+05  2.27033e+01  2.97506e+01
1.582870997e+01  2.0317826e+01         -inf  6.89329e+05  2.03178e+01  2.82442e+01
1.589202481e+01  1.8714691e+01         -inf  6.89329e+05  1.87147e+01  2.72358e+01
1.595559291e+01  1.5125122e+01         -inf  6.89329e+05  1.51251e+01  2.50517e+01
1.601941528e+01  1.4653079e+01         -inf  6.89329e+05  1.46531e+01  2.49696e+01
1.608349294e+01  9.5497198e+00         -inf  6.89329e+05  9.54972e+00  2.21015e+01
1.614782691e+01  1.2217245e+01         -inf  6.89329e+05  1.22172e+01  2.37298e+01
1.621241822e+01  2.0198939e+01         -inf  6.89329e+05  2.01989e+01  2.88862e+01
1.627726789e+01  8.9376190e+00         -inf  6.89329e+05  8.93762e+00  2.19205e+01
1.634237696e+01  6.5794186e+00         -inf  6.89329e+05  6.57942e+00  2.06829e+01
1.640774647e+01  8.6277444e+00         -inf  6.89329e+05  8.62774e+00  2.19682e+01
1.647337746e+01  7.7387841e+00         -inf  6.89329e+05  7.73878e+00  2.17114e+01
1.653927097e+01  6.2918521e+00         -inf  6.89329e+05  6.29185e+00  2.07770e+01
1.660542805e+01  5.1819234e+00         -inf  6.89329e+05  5.18192e+00  2.02304e+01
1.667184976e+01  3.6699313e+00         -inf  6.89329e+05  3.66993e+00  1.95622e+01
1.673853716e+01  8.5132642e+00         -inf  6.89329e+05  8.51326e+00  2.24458e+01
1.680549131e+01  2.1980351e+00         -inf  6.89329e+05  2.19804e+00  1.90999e+01
1.687271328e+01  7.3427359e-01         -inf  6.89329e+05  7.34274e-01  1.83363e+01
1.694020413e+01 -4.5821050e-01         -inf  6.89329e+05 -4.58210e-01  1.79720e+01
1.700796495e+01 -1.3629426e+00         -inf  6.89329e+05 -1.36294e+00  1.75125e+01
1.707599681e+01 -4.3606940e+00         -inf  6.89329e+05 -4.36069e+00  1.65645e+01
1.714430079e+01 -4.8472075e+00         -inf  6.89329e+05 -4.84721e+00  1.64811e+01
1.721287800e+01 -6.3733737e+00         -inf  6.89329e+05 -6.37337e+00  1.59357e+01
1.728172951e+01 -7.8528075e+00         -inf  6.89329e+05 -7.85281e+00  1.57052e+01
1.735085643e+01 -8.2055125e+00         -inf  6.89329e+05 -8.20551e+00  1.57092e+01
1.742025985e+01 -1.0629002e+01         -inf  6.89329e+05 -1.06290e+01  1.52154e+01
1.748994089e+01 -1.0392712e+01         -inf  6.89329e+05 -1.03927e+01  1.52536e+01
1.755990065e+01 -1.1608161e+01         -inf  6.89329e+05 -1.16082e+01  1.50871e+01
1.763014026e+01 -1.2406552e+01         -inf  6.89329e+05 -1.24066e+01  1.48972e+01
1.770066082e+01 -1.2873221e+01         -inf  6.89329e+05 -1.28732e+01  1.48577e+01
1.777146346e+01 -1.3411739e+01         -inf  6.89329e+05 -1.34117e+01  1.48154e+01
1.784254932e+01 -1.4287031e+01         -inf  6.89329e+05 -1.42870e+01  1.47119e+01
1.791391951e+01 -1.4374734e+01         -inf  6.89329e+05 -1.43747e+01  1.46910e+01
1.798557519e+01 -1.4812267e+01         -inf  6.89329e+05 -1.48123e+01  1.46588e+01
1.805751749e+01 -1.5219881e+01         -inf  6.89329e+05 -1.52199e+01  1.46187e+01
1.812974756e+01 -1.5334509e+01         -inf  6.89329e+05 -1.53345e+01  1.46431e+01
1.820226655e+01 -1.5768933e+01         -inf  6.89329e+05 -1.57689e+01  1.45858e+01
1.827507562e+01 -1.5230332e+01         -inf  6.89329e+05 -1.52303e+01  1.46464e+01
1.834817592e+01 -1.1396006e+01         -inf  6.89329e+05 -1.13960e+01  1.55203e+01
1.842156862e+01 -1.6319487e+01         -inf  6.89329e+05 -1.63195e+01  1.45664e+01
1.849525490e+01 -1.6621322e+01         -inf  6.89329e+05 -1.66213e+01  1.45668e+01
1.856923592e+01 -1.6562755e+01         -inf  6.89329e+05 -1.65628e+01  1.46051e+01
1.864351286e+01 -1.6688625e+01         -inf  6.89329e+05 -1.66886e+01  1.46103e+01
1.871808691e+01 -1.6829827e+01         -inf  6.89329e+05 -1.68298e+01  1.46184e+01
1.879295926e+01 -1.6988875e+01         -inf  6.89329e+05 -1.69889e+01  1.46047e+01
1.886813110e+01 -1.7335783e+01         -inf  6.89329e+05 -1.73358e+01  1.45776e+01
1.894360362e+01 -1.7281897e+01         -inf  6.89329e+05 -1.72819e+01  1.46079e+01
1.901937804e+01 -1.7591396e+01         -inf  6.89329e+05 -1.75914e+01  1.45869e+01
1.909545555e+01 -1.7845658e+01         -inf  6.89329e+05 -1.78457e+01  1.45692e+01
1.917183737e+01 -1.7956594e+01         -inf  6.89329e+05 -1.79566e+01  1.45791e+01
1.924852472e+01 -1.8251815e+01         -inf  6.89329e+05 -1.82518e+01  1.45626e+01
1.932551882e+01 -1.8366976e+01         -inf  6.89329e+05 -1.83670e+01  1.45663e+01
1.940282089e+01 -1.8575279e+01         -inf  6.89329e+05 -1.85753e+01  1.45617e+01
1.948043218e+01 -1.8763017e+01         -inf  6.89329e+05 -1.87630e+01  1.45597e+01
1.955835391e+01 -1.8903622e+01         -inf  6.89329e+05 -1.89036e+01  1.45607e+01
1.963658732e+01 -1.9022384e+01         -inf  6.89329e+05 -1.90224e+01  1.45620e+01
1.971513367e+01 -1.9214079e+01         -inf  6.89329e+05 -1.92141e+01  1.45612e+01
1.979399421e+01 -1.9391070e+01         -inf  6.89329e+05 -1.93911e+01  1.45602e+01
1.987317018e+01 -1.9541919e+01         -inf  6.89329e+05 -1.95419e+01  1.45608e+01
1.995266286e+01 -1.9690128e+01         -inf  6.89329e+05 -1.96901e+01  1.45614e+01
