# WARNING | GENERATOR | Too many electrons per pixel (up to 9.04e+13) detected in the 1.54-19.95 um spectral range. Reduce exposure time per frame to less than 0.000 seconds.
# ------------------------------------------------------------------------
# Radiance spectrum
# NASA-GSFC Planetary Spectrum Generator (PSG) (Villanueva et al. 2018, 2022)
# Synthesized on Tue Oct  6 07:34:50 2026
# Doppler velocities [km/s] (vobs,vrot+vorb,vwidth,vrfl,vstr): 29.00000,-0.00000,0.00000,0.00000,-0.00000
# ------------------------------------------------------------------------
# Spectra synthesized with the Planetary and Universal Model of Atmospheric Scattering (PUMAS, Villanueva et al. 2018, 2022)
# Single scattering radiative transfer method
# Radiative transfer took 6.034 seconds
# ------------------------------------------------------------------------
# Spectral unit: Wavelength [um]
# Radiance unit: Contrast [transit atmospheric thickness, km]
# Wave/freq Total Noise Stellar Earth Transit
2.000000000e-01  4.0768985e+01         -inf  6.89329e+05  4.07690e+01  4.07690e+01
2.008000000e-01  4.0653868e+01         -inf  6.89329e+05  4.06539e+01  4.06539e+01
2.016032000e-01  4.0566680e+01         -inf  6.89329e+05  4.05667e+01  4.05667e+01
2.024096128e-01  4.0485907e+01         -inf  6.89329e+05  4.04859e+01  4.04859e+01
2.032192513e-01  4.0403246e+01         -inf  6.89329e+05  4.04032e+01  4.04032e+01
2.040321283e-01  4.0320961e+01         -inf  6.89329e+05  4.03210e+01  4.03210e+01
2.048482568e-01  4.0240185e+01         -inf  6.89329e+05  4.02402e+01  4.02402e+01
2.056676498e-01  4.0162050e+01         -inf  6.89329e+05  4.01620e+01  4.01620e+01
2.064903204e-01  4.0085424e+01         -inf  6.89329e+05  4.00854e+01  4.00854e+01
2.073162817e-01  4.0009929e+01         -inf  6.89329e+05  4.00099e+01  4.00099e+01
2.081455468e-01  3.9935189e+01         -inf  6.89329e+05  3.99352e+01  3.99352e+01
2.089781290e-01  3.9860825e+01         -inf  6.89329e+05  3.98608e+01  3.98608e+01
2.098140415e-01  3.9789858e+01         -inf  6.89329e+05  3.97899e+01  3.97899e+01
2.106532977e-01  3.9721532e+01         -inf  6.89329e+05  3.97215e+01  3.97215e+01
2.114959109e-01  3.9652828e+01         -inf  6.89329e+05  3.96528e+01  3.96528e+01
2.123418945e-01  3.9598846e+01         -inf  6.89329e+05  3.95988e+01  3.95988e+01
2.131912621e-01  3.9554301e+01         -inf  6.89329e+05  3.95543e+01  3.95543e+01
2.140440271e-01  3.9487106e+01         -inf  6.89329e+05  3.94871e+01  3.94871e+01
2.149002032e-01  3.9438407e+01         -inf  6.89329e+05  3.94384e+01  3.94384e+01
2.157598041e-01  3.9393861e+01         -inf  6.89329e+05  3.93939e+01  3.93939e+01
2.166228433e-01  3.9350447e+01         -inf  6.89329e+05  3.93504e+01  3.93504e+01
2.174893346e-01  3.9316471e+01         -inf  6.89329e+05  3.93165e+01  3.93165e+01
2.183592920e-01  3.9279475e+01         -inf  6.89329e+05  3.92795e+01  3.92795e+01
2.192327292e-01  3.9250028e+01         -inf  6.89329e+05  3.92500e+01  3.92500e+01
2.201096601e-01  3.9223602e+01         -inf  6.89329e+05  3.92236e+01  3.92236e+01
2.209900987e-01  3.9202838e+01         -inf  6.89329e+05  3.92028e+01  3.92028e+01
2.218740591e-01  3.9185472e+01         -inf  6.89329e+05  3.91855e+01  3.91855e+01
2.227615553e-01  3.9170371e+01         -inf  6.89329e+05  3.91704e+01  3.91704e+01
2.236526016e-01  3.9159800e+01         -inf  6.89329e+05  3.91598e+01  3.91598e+01
2.245472120e-01  3.9154893e+01         -inf  6.89329e+05  3.91549e+01  3.91549e+01
2.254454008e-01  3.9146965e+01         -inf  6.89329e+05  3.91470e+01  3.91470e+01
2.263471824e-01  3.9150362e+01         -inf  6.89329e+05  3.91504e+01  3.91504e+01
2.272525711e-01  3.9151495e+01         -inf  6.89329e+05  3.91515e+01  3.91515e+01
2.281615814e-01  3.9157158e+01         -inf  6.89329e+05  3.91572e+01  3.91572e+01
2.290742278e-01  3.9167728e+01         -inf  6.89329e+05  3.91677e+01  3.91677e+01
2.299905247e-01  3.9172636e+01         -inf  6.89329e+05  3.91726e+01  3.91726e+01
2.309104868e-01  3.9190380e+01         -inf  6.89329e+05  3.91904e+01  3.91904e+01
2.318341287e-01  3.9200573e+01         -inf  6.89329e+05  3.92006e+01  3.92006e+01
2.327614652e-01  3.9219827e+01         -inf  6.89329e+05  3.92198e+01  3.92198e+01
2.336925111e-01  3.9230775e+01         -inf  6.89329e+05  3.92308e+01  3.92308e+01
2.346272811e-01  3.9254181e+01         -inf  6.89329e+05  3.92542e+01  3.92542e+01
2.355657903e-01  3.9265506e+01         -inf  6.89329e+05  3.92655e+01  3.92655e+01
2.365080534e-01  3.9283627e+01         -inf  6.89329e+05  3.92836e+01  3.92836e+01
2.374540856e-01  3.9303636e+01         -inf  6.89329e+05  3.93036e+01  3.93036e+01
2.384039020e-01  3.9317604e+01         -inf  6.89329e+05  3.93176e+01  3.93176e+01
2.393575176e-01  3.9333082e+01         -inf  6.89329e+05  3.93331e+01  3.93331e+01
2.403149477e-01  3.9352335e+01         -inf  6.89329e+05  3.93523e+01  3.93523e+01
2.412762074e-01  3.9360263e+01         -inf  6.89329e+05  3.93603e+01  3.93603e+01
2.422413123e-01  3.9371966e+01         -inf  6.89329e+05  3.93720e+01  3.93720e+01
2.432102775e-01  3.9388199e+01         -inf  6.89329e+05  3.93882e+01  3.93882e+01
2.441831186e-01  3.9390464e+01         -inf  6.89329e+05  3.93905e+01  3.93905e+01
2.451598511e-01  3.9399524e+01         -inf  6.89329e+05  3.93995e+01  3.93995e+01
2.461404905e-01  3.9398769e+01         -inf  6.89329e+05  3.93988e+01  3.93988e+01
2.471250525e-01  3.9395371e+01         -inf  6.89329e+05  3.93954e+01  3.93954e+01
2.481135527e-01  3.9386689e+01         -inf  6.89329e+05  3.93867e+01  3.93867e+01
2.491060069e-01  3.9394616e+01         -inf  6.89329e+05  3.93946e+01  3.93946e+01
2.501024309e-01  3.9377251e+01         -inf  6.89329e+05  3.93773e+01  3.93773e+01
2.511028406e-01  3.9343275e+01         -inf  6.89329e+05  3.93433e+01  3.93433e+01
2.521072520e-01  3.9354223e+01         -inf  6.89329e+05  3.93542e+01  3.93542e+01
2.531156810e-01  3.9310431e+01         -inf  6.89329e+05  3.93104e+01  3.93104e+01
2.541281437e-01  3.9285137e+01         -inf  6.89329e+05  3.92851e+01  3.92851e+01
2.551446563e-01  3.9269659e+01         -inf  6.89329e+05  3.92697e+01  3.92697e+01
2.561652349e-01  3.9216429e+01         -inf  6.89329e+05  3.92164e+01  3.92164e+01
2.571898959e-01  3.9162066e+01         -inf  6.89329e+05  3.91621e+01  3.91621e+01
2.582186555e-01  3.9140924e+01         -inf  6.89329e+05  3.91409e+01  3.91409e+01
2.592515301e-01  3.9082407e+01         -inf  6.89329e+05  3.90824e+01  3.90824e+01
2.602885362e-01  3.9020492e+01         -inf  6.89329e+05  3.90205e+01  3.90205e+01
2.613296904e-01  3.8959709e+01         -inf  6.89329e+05  3.89597e+01  3.89597e+01
2.623750091e-01  3.8900813e+01         -inf  6.89329e+05  3.89008e+01  3.89008e+01
2.634245092e-01  3.8792836e+01         -inf  6.89329e+05  3.87928e+01  3.87928e+01
2.644782072e-01  3.8760745e+01         -inf  6.89329e+05  3.87607e+01  3.87607e+01
2.655361200e-01  3.8652765e+01         -inf  6.89329e+05  3.86528e+01  3.86528e+01
2.665982645e-01  3.8554600e+01         -inf  6.89329e+05  3.85546e+01  3.85546e+01
2.676646576e-01  3.8468138e+01         -inf  6.89329e+05  3.84681e+01  3.84681e+01
2.687353162e-01  3.8325039e+01         -inf  6.89329e+05  3.83250e+01  3.83250e+01
2.698102574e-01  3.8263117e+01         -inf  6.89329e+05  3.82631e+01  3.82631e+01
2.708894985e-01  3.8102645e+01         -inf  6.89329e+05  3.81026e+01  3.81026e+01
2.719730565e-01  3.8001828e+01         -inf  6.89329e+05  3.80018e+01  3.80018e+01
2.730609487e-01  3.7868688e+01         -inf  6.89329e+05  3.78687e+01  3.78687e+01
2.741531925e-01  3.7685284e+01         -inf  6.89329e+05  3.76853e+01  3.76853e+01
2.752498053e-01  3.7573624e+01         -inf  6.89329e+05  3.75736e+01  3.75736e+01
2.763508045e-01  3.7409584e+01         -inf  6.89329e+05  3.74096e+01  3.74096e+01
2.774562077e-01  3.7250299e+01         -inf  6.89329e+05  3.72503e+01  3.72503e+01
2.785660325e-01  3.7076735e+01         -inf  6.89329e+05  3.70767e+01  3.70767e+01
2.796802967e-01  3.6911814e+01         -inf  6.89329e+05  3.69118e+01  3.69118e+01
2.807990178e-01  3.6704288e+01         -inf  6.89329e+05  3.67043e+01  3.67043e+01
2.819222139e-01  3.6502836e+01         -inf  6.89329e+05  3.65028e+01  3.65028e+01
2.830499028e-01  3.6343566e+01         -inf  6.89329e+05  3.63436e+01  3.63436e+01
2.841821024e-01  3.6120952e+01         -inf  6.89329e+05  3.61210e+01  3.61210e+01
2.853188308e-01  3.5909057e+01         -inf  6.89329e+05  3.59091e+01  3.59091e+01
2.864601061e-01  3.5719931e+01         -inf  6.89329e+05  3.57199e+01  3.57199e+01
2.876059465e-01  3.5490382e+01         -inf  6.89329e+05  3.54904e+01  3.54904e+01
2.887563703e-01  3.5259919e+01         -inf  6.89329e+05  3.52599e+01  3.52599e+01
2.899113958e-01  3.5040137e+01         -inf  6.89329e+05  3.50401e+01  3.50401e+01
2.910710414e-01  3.4833760e+01         -inf  6.89329e+05  3.48338e+01  3.48338e+01
2.922353256e-01  3.4591561e+01         -inf  6.89329e+05  3.45916e+01  3.45916e+01
2.934042669e-01  3.4371530e+01         -inf  6.89329e+05  3.43715e+01  3.43715e+01
2.945778839e-01  3.4152512e+01         -inf  6.89329e+05  3.41525e+01  3.41525e+01
2.957561955e-01  3.3911949e+01         -inf  6.89329e+05  3.39119e+01  3.39119e+01
2.969392202e-01  3.3697109e+01         -inf  6.89329e+05  3.36971e+01  3.36971e+01
2.981269771e-01  3.3484567e+01         -inf  6.89329e+05  3.34846e+01  3.34846e+01
2.993194850e-01  3.3287284e+01         -inf  6.89329e+05  3.32873e+01  3.32873e+01
3.005167630e-01  3.3091733e+01         -inf  6.89329e+05  3.30917e+01  3.30917e+01
3.017188300e-01  3.2892057e+01         -inf  6.89329e+05  3.28921e+01  3.28921e+01
3.029257054e-01  3.2706659e+01         -inf  6.89329e+05  3.27067e+01  3.27067e+01
3.041374082e-01  3.2547900e+01         -inf  6.89329e+05  3.25479e+01  3.25479e+01
3.053539578e-01  3.2351230e+01         -inf  6.89329e+05  3.23512e+01  3.23512e+01
3.065753736e-01  3.2213172e+01         -inf  6.89329e+05  3.22132e+01  3.22132e+01
3.078016751e-01  3.2026999e+01         -inf  6.89329e+05  3.20270e+01  3.20270e+01
3.090328818e-01  3.1893583e+01         -inf  6.89329e+05  3.18936e+01  3.18936e+01
3.102690134e-01  3.1720327e+01         -inf  6.89329e+05  3.17203e+01  3.17203e+01
3.115100894e-01  3.1594918e+01         -inf  6.89329e+05  3.15949e+01  3.15949e+01
3.127561298e-01  3.1426076e+01         -inf  6.89329e+05  3.14261e+01  3.14261e+01
3.140071543e-01  3.1315289e+01         -inf  6.89329e+05  3.13153e+01  3.13153e+01
3.152631829e-01  3.1166285e+01         -inf  6.89329e+05  3.11663e+01  3.11663e+01
3.165242356e-01  3.1021662e+01         -inf  6.89329e+05  3.10217e+01  3.10217e+01
3.177903326e-01  3.0930373e+01         -inf  6.89329e+05  3.09304e+01  3.09304e+01
3.190614939e-01  3.0760077e+01         -inf  6.89329e+05  3.07601e+01  3.07601e+01
3.203377399e-01  3.0685040e+01         -inf  6.89329e+05  3.06850e+01  3.06850e+01
3.216190908e-01  3.0526457e+01         -inf  6.89329e+05  3.05265e+01  3.05265e+01
3.229055672e-01  3.0460187e+01         -inf  6.89329e+05  3.04602e+01  3.04602e+01
3.241971895e-01  3.0285456e+01         -inf  6.89329e+05  3.02855e+01  3.02855e+01
3.254939782e-01  3.0250449e+01         -inf  6.89329e+05  3.02504e+01  3.02504e+01
3.267959541e-01  3.0078585e+01         -inf  6.89329e+05  3.00786e+01  3.00786e+01
3.281031380e-01  3.0038019e+01         -inf  6.89329e+05  3.00380e+01  3.00380e+01
3.294155505e-01  2.9871178e+01         -inf  6.89329e+05  2.98712e+01  2.98712e+01
3.307332127e-01  2.9828266e+01         -inf  6.89329e+05  2.98283e+01  2.98283e+01
3.320561456e-01  2.9699493e+01         -inf  6.89329e+05  2.96995e+01  2.96995e+01
3.333843702e-01  2.9616276e+01         -inf  6.89329e+05  2.96163e+01  2.96163e+01
3.347179076e-01  2.9514721e+01         -inf  6.89329e+05  2.95147e+01  2.95147e+01
3.360567793e-01  2.9411009e+01         -inf  6.89329e+05  2.94110e+01  2.94110e+01
3.374010064e-01  2.9349076e+01         -inf  6.89329e+05  2.93491e+01  2.93491e+01
3.387506104e-01  2.9230805e+01         -inf  6.89329e+05  2.92308e+01  2.92308e+01
3.401056128e-01  2.9152384e+01         -inf  6.89329e+05  2.91524e+01  2.91524e+01
3.414660353e-01  2.9052674e+01         -inf  6.89329e+05  2.90527e+01  2.90527e+01
3.428318994e-01  2.8962416e+01         -inf  6.89329e+05  2.89624e+01  2.89624e+01
3.442032270e-01  2.8888303e+01         -inf  6.89329e+05  2.88883e+01  2.88883e+01
3.455800399e-01  2.8787833e+01         -inf  6.89329e+05  2.87878e+01  2.87878e+01
3.469623601e-01  2.8700483e+01         -inf  6.89329e+05  2.87005e+01  2.87005e+01
3.483502095e-01  2.8611317e+01         -inf  6.89329e+05  2.86113e+01  2.86113e+01
3.497436104e-01  2.8522225e+01         -inf  6.89329e+05  2.85222e+01  2.85222e+01
3.511425848e-01  2.8438577e+01         -inf  6.89329e+05  2.84386e+01  2.84386e+01
3.525471552e-01  2.8349785e+01         -inf  6.89329e+05  2.83498e+01  2.83498e+01
3.539573438e-01  2.8260046e+01         -inf  6.89329e+05  2.82600e+01  2.82600e+01
3.553731732e-01  2.8173105e+01         -inf  6.89329e+05  2.81731e+01  2.81731e+01
3.567946659e-01  2.8085444e+01         -inf  6.89329e+05  2.80854e+01  2.80854e+01
3.582218445e-01  2.7998047e+01         -inf  6.89329e+05  2.79980e+01  2.79980e+01
3.596547319e-01  2.7911556e+01         -inf  6.89329e+05  2.79116e+01  2.79116e+01
3.610933508e-01  2.7823740e+01         -inf  6.89329e+05  2.78237e+01  2.78237e+01
3.625377242e-01  2.7736263e+01         -inf  6.89329e+05  2.77363e+01  2.77363e+01
3.639878751e-01  2.7649088e+01         -inf  6.89329e+05  2.76491e+01  2.76491e+01
3.654438266e-01  2.7561949e+01         -inf  6.89329e+05  2.75619e+01  2.75619e+01
3.669056019e-01  2.7474696e+01         -inf  6.89329e+05  2.74747e+01  2.74747e+01
3.683732243e-01  2.7387668e+01         -inf  6.89329e+05  2.73877e+01  2.73877e+01
3.698467172e-01  2.7300526e+01         -inf  6.89329e+05  2.73005e+01  2.73005e+01
3.713261041e-01  2.7213344e+01         -inf  6.89329e+05  2.72133e+01  2.72133e+01
3.728114085e-01  2.7126313e+01         -inf  6.89329e+05  2.71263e+01  2.71263e+01
3.743026542e-01  2.7039319e+01         -inf  6.89329e+05  2.70393e+01  2.70393e+01
3.757998648e-01  2.6952285e+01         -inf  6.89329e+05  2.69523e+01  2.69523e+01
3.773030642e-01  2.6865326e+01         -inf  6.89329e+05  2.68653e+01  2.68653e+01
3.788122765e-01  2.6778441e+01         -inf  6.89329e+05  2.67784e+01  2.67784e+01
3.803275256e-01  2.6691593e+01         -inf  6.89329e+05  2.66916e+01  2.66916e+01
3.818488357e-01  2.6604707e+01         -inf  6.89329e+05  2.66047e+01  2.66047e+01
3.833762310e-01  2.6517970e+01         -inf  6.89329e+05  2.65180e+01  2.65180e+01
3.849097360e-01  2.6431269e+01         -inf  6.89329e+05  2.64313e+01  2.64313e+01
3.864493749e-01  2.6344606e+01         -inf  6.89329e+05  2.63446e+01  2.63446e+01
3.879951724e-01  2.6258017e+01         -inf  6.89329e+05  2.62580e+01  2.62580e+01
3.895471531e-01  2.6171464e+01         -inf  6.89329e+05  2.61715e+01  2.61715e+01
3.911053417e-01  2.6085024e+01         -inf  6.89329e+05  2.60850e+01  2.60850e+01
3.926697631e-01  2.5998697e+01         -inf  6.89329e+05  2.59987e+01  2.59987e+01
3.942404421e-01  2.5912519e+01         -inf  6.89329e+05  2.59125e+01  2.59125e+01
3.958174039e-01  2.5826340e+01         -inf  6.89329e+05  2.58263e+01  2.58263e+01
3.974006735e-01  2.5740236e+01         -inf  6.89329e+05  2.57402e+01  2.57402e+01
3.989902762e-01  2.5654206e+01         -inf  6.89329e+05  2.56542e+01  2.56542e+01
4.005862373e-01  2.5568327e+01         -inf  6.89329e+05  2.55683e+01  2.55683e+01
4.021885823e-01  2.5482635e+01         -inf  6.89329e+05  2.54826e+01  2.54826e+01
4.037973366e-01  2.5396905e+01         -inf  6.89329e+05  2.53969e+01  2.53969e+01
4.054125259e-01  2.5311286e+01         -inf  6.89329e+05  2.53113e+01  2.53113e+01
4.070341760e-01  2.5226121e+01         -inf  6.89329e+05  2.52261e+01  2.52261e+01
4.086623127e-01  2.5141219e+01         -inf  6.89329e+05  2.51412e+01  2.51412e+01
4.102969620e-01  2.5056203e+01         -inf  6.89329e+05  2.50562e+01  2.50562e+01
4.119381498e-01  2.4970959e+01         -inf  6.89329e+05  2.49710e+01  2.49710e+01
4.135859024e-01  2.4885902e+01         -inf  6.89329e+05  2.48859e+01  2.48859e+01
4.152402460e-01  2.4801488e+01         -inf  6.89329e+05  2.48015e+01  2.48015e+01
4.169012070e-01  2.4717451e+01         -inf  6.89329e+05  2.47175e+01  2.47175e+01
4.185688119e-01  2.4633110e+01         -inf  6.89329e+05  2.46331e+01  2.46331e+01
4.202430871e-01  2.4548844e+01         -inf  6.89329e+05  2.45488e+01  2.45488e+01
4.219240595e-01  2.4465523e+01         -inf  6.89329e+05  2.44655e+01  2.44655e+01
4.236117557e-01  2.4383033e+01         -inf  6.89329e+05  2.43830e+01  2.43830e+01
4.253062027e-01  2.4300504e+01         -inf  6.89329e+05  2.43005e+01  2.43005e+01
4.270074275e-01  2.4216877e+01         -inf  6.89329e+05  2.42169e+01  2.42169e+01
4.287154572e-01  2.4132908e+01         -inf  6.89329e+05  2.41329e+01  2.41329e+01
4.304303191e-01  2.4050111e+01         -inf  6.89329e+05  2.40501e+01  2.40501e+01
4.321520403e-01  2.3968864e+01         -inf  6.89329e+05  2.39689e+01  2.39689e+01
4.338806485e-01  2.3887125e+01         -inf  6.89329e+05  2.38871e+01  2.38871e+01
4.356161711e-01  2.3804514e+01         -inf  6.89329e+05  2.38045e+01  2.38045e+01
4.373586358e-01  2.3723302e+01         -inf  6.89329e+05  2.37233e+01  2.37233e+01
4.391080703e-01  2.3644738e+01         -inf  6.89329e+05  2.36447e+01  2.36447e+01
4.408645026e-01  2.3567082e+01         -inf  6.89329e+05  2.35671e+01  2.35671e+01
4.426279606e-01  2.3488403e+01         -inf  6.89329e+05  2.34884e+01  2.34884e+01
4.443984725e-01  2.3406960e+01         -inf  6.89329e+05  2.34070e+01  2.34070e+01
4.461760664e-01  2.3324002e+01         -inf  6.89329e+05  2.33240e+01  2.33240e+01
4.479607706e-01  2.3244298e+01         -inf  6.89329e+05  2.32443e+01  2.32443e+01
4.497526137e-01  2.3168112e+01         -inf  6.89329e+05  2.31681e+01  2.31681e+01
4.515516242e-01  2.3090110e+01         -inf  6.89329e+05  2.30901e+01  2.30901e+01
4.533578307e-01  2.3009797e+01         -inf  6.89329e+05  2.30098e+01  2.30098e+01
4.551712620e-01  2.2932436e+01         -inf  6.89329e+05  2.29324e+01  2.29324e+01
4.569919470e-01  2.2860486e+01         -inf  6.89329e+05  2.28605e+01  2.28605e+01
4.588199148e-01  2.2791184e+01         -inf  6.89329e+05  2.27912e+01  2.27912e+01
4.606551945e-01  2.2721504e+01         -inf  6.89329e+05  2.27215e+01  2.27215e+01
4.624978152e-01  2.2645388e+01         -inf  6.89329e+05  2.26454e+01  2.26454e+01
4.643478065e-01  2.2562572e+01         -inf  6.89329e+05  2.25626e+01  2.25626e+01
4.662051977e-01  2.2482366e+01         -inf  6.89329e+05  2.24824e+01  2.24824e+01
4.680700185e-01  2.2410563e+01         -inf  6.89329e+05  2.24106e+01  2.24106e+01
4.699422986e-01  2.2340726e+01         -inf  6.89329e+05  2.23407e+01  2.23407e+01
4.718220678e-01  2.2265969e+01         -inf  6.89329e+05  2.22660e+01  2.22660e+01
4.737093561e-01  2.2191967e+01         -inf  6.89329e+05  2.21920e+01  2.21920e+01
4.756041935e-01  2.2125460e+01         -inf  6.89329e+05  2.21255e+01  2.21255e+01
4.775066103e-01  2.2067393e+01         -inf  6.89329e+05  2.20674e+01  2.20674e+01
4.794166367e-01  2.2013149e+01         -inf  6.89329e+05  2.20131e+01  2.20131e+01
4.813343033e-01  2.1956368e+01         -inf  6.89329e+05  2.19564e+01  2.19564e+01
4.832596405e-01  2.1886603e+01         -inf  6.89329e+05  2.18866e+01  2.18866e+01
4.851926790e-01  2.1805253e+01         -inf  6.89329e+05  2.18053e+01  2.18053e+01
4.871334497e-01  2.1726855e+01         -inf  6.89329e+05  2.17269e+01  2.17269e+01
4.890819835e-01  2.1660835e+01         -inf  6.89329e+05  2.16608e+01  2.16608e+01
4.910383115e-01  2.1600000e+01         -inf  6.89329e+05  2.16000e+01  2.16000e+01
4.930024647e-01  2.1534130e+01         -inf  6.89329e+05  2.15341e+01  2.15341e+01
4.949744746e-01  2.1467729e+01         -inf  6.89329e+05  2.14677e+01  2.14677e+01
4.969543725e-01  2.1410565e+01         -inf  6.89329e+05  2.14106e+01  2.14106e+01
4.989421900e-01  2.1365969e+01         -inf  6.89329e+05  2.13660e+01  2.13660e+01
5.009379587e-01  2.1330118e+01         -inf  6.89329e+05  2.13301e+01  2.13301e+01
5.029417106e-01  2.1295894e+01         -inf  6.89329e+05  2.12959e+01  2.12959e+01
5.049534774e-01  2.1250654e+01         -inf  6.89329e+05  2.12507e+01  2.12507e+01
5.069732913e-01  2.1186257e+01         -inf  6.89329e+05  2.11863e+01  2.11863e+01
5.090011845e-01  2.1110388e+01         -inf  6.89329e+05  2.11104e+01  2.11104e+01
5.110371892e-01  2.1040007e+01         -inf  6.89329e+05  2.10400e+01  2.10400e+01
5.130813380e-01  2.0983407e+01         -inf  6.89329e+05  2.09834e+01  2.09834e+01
5.151336633e-01  2.0933924e+01         -inf  6.89329e+05  2.09339e+01  2.09339e+01
5.171941980e-01  2.0883229e+01         -inf  6.89329e+05  2.08832e+01  2.08832e+01
5.192629748e-01  2.0832610e+01         -inf  6.89329e+05  2.08326e+01  2.08326e+01
5.213400267e-01  2.0788123e+01         -inf  6.89329e+05  2.07881e+01  2.07881e+01
5.234253868e-01  2.0754313e+01         -inf  6.89329e+05  2.07543e+01  2.07543e+01
5.255190883e-01  2.0729704e+01         -inf  6.89329e+05  2.07297e+01  2.07297e+01
5.276211647e-01  2.0709221e+01         -inf  6.89329e+05  2.07092e+01  2.07092e+01
5.297316493e-01  2.0686579e+01         -inf  6.89329e+05  2.06866e+01  2.06866e+01
5.318505759e-01  2.0654814e+01         -inf  6.89329e+05  2.06548e+01  2.06548e+01
5.339779782e-01  2.0608736e+01         -inf  6.89329e+05  2.06087e+01  2.06087e+01
5.361138902e-01  2.0551072e+01         -inf  6.89329e+05  2.05511e+01  2.05511e+01
5.382583457e-01  2.0496852e+01         -inf  6.89329e+05  2.04969e+01  2.04969e+01
5.404113791e-01  2.0457059e+01         -inf  6.89329e+05  2.04571e+01  2.04571e+01
5.425730246e-01  2.0426995e+01         -inf  6.89329e+05  2.04270e+01  2.04270e+01
5.447433167e-01  2.0396061e+01         -inf  6.89329e+05  2.03961e+01  2.03961e+01
5.469222900e-01  2.0358955e+01         -inf  6.89329e+05  2.03590e+01  2.03590e+01
5.491099791e-01  2.0318441e+01         -inf  6.89329e+05  2.03184e+01  2.03184e+01
5.513064191e-01  2.0278911e+01         -inf  6.89329e+05  2.02789e+01  2.02789e+01
5.535116447e-01  2.0242978e+01         -inf  6.89329e+05  2.02430e+01  2.02430e+01
5.557256913e-01  2.0214125e+01         -inf  6.89329e+05  2.02141e+01  2.02141e+01
5.579485941e-01  2.0196443e+01         -inf  6.89329e+05  2.01964e+01  2.01964e+01
5.601803884e-01  2.0188832e+01         -inf  6.89329e+05  2.01888e+01  2.01888e+01
5.624211100e-01  2.0182584e+01         -inf  6.89329e+05  2.01826e+01  2.01826e+01
5.646707944e-01  2.0169256e+01         -inf  6.89329e+05  2.01693e+01  2.01693e+01
5.669294776e-01  2.0149226e+01         -inf  6.89329e+05  2.01492e+01  2.01492e+01
5.691971955e-01  2.0128211e+01         -inf  6.89329e+05  2.01282e+01  2.01282e+01
5.714739843e-01  2.0107347e+01         -inf  6.89329e+05  2.01073e+01  2.01073e+01
5.737598803e-01  2.0076638e+01         -inf  6.89329e+05  2.00766e+01  2.00766e+01
5.760549198e-01  2.0028057e+01         -inf  6.89329e+05  2.00281e+01  2.00281e+01
5.783591395e-01  1.9966033e+01         -inf  6.89329e+05  1.99660e+01  1.99660e+01
5.806725760e-01  1.9899768e+01         -inf  6.89329e+05  1.98998e+01  1.98998e+01
5.829952663e-01  1.9836796e+01         -inf  6.89329e+05  1.98368e+01  1.98368e+01
5.853272474e-01  1.9781359e+01         -inf  6.89329e+05  1.97814e+01  1.97814e+01
5.876685564e-01  1.9734934e+01         -inf  6.89329e+05  1.97349e+01  1.97349e+01
5.900192306e-01  1.9699490e+01         -inf  6.89329e+05  1.96995e+01  1.96995e+01
5.923793075e-01  1.9680556e+01         -inf  6.89329e+05  1.96806e+01  1.96806e+01
5.947488247e-01  1.9679913e+01         -inf  6.89329e+05  1.96799e+01  1.96799e+01
5.971278200e-01  1.9685858e+01         -inf  6.89329e+05  1.96859e+01  1.96859e+01
5.995163313e-01  1.9684078e+01         -inf  6.89329e+05  1.96841e+01  1.96841e+01
6.019143966e-01  1.9661888e+01         -inf  6.89329e+05  1.96619e+01  1.96619e+01
6.043220542e-01  1.9615235e+01         -inf  6.89329e+05  1.96152e+01  1.96152e+01
6.067393425e-01  1.9547678e+01         -inf  6.89329e+05  1.95477e+01  1.95477e+01
6.091662998e-01  1.9466261e+01         -inf  6.89329e+05  1.94663e+01  1.94663e+01
6.116029650e-01  1.9380942e+01         -inf  6.89329e+05  1.93809e+01  1.93809e+01
6.140493769e-01  1.9298310e+01         -inf  6.89329e+05  1.92983e+01  1.92983e+01
6.165055744e-01  1.9220752e+01         -inf  6.89329e+05  1.92208e+01  1.92208e+01
6.189715967e-01  1.9149291e+01         -inf  6.89329e+05  1.91493e+01  1.91493e+01
6.214474831e-01  1.9083471e+01         -inf  6.89329e+05  1.90835e+01  1.90835e+01
6.239332730e-01  1.9020226e+01         -inf  6.89329e+05  1.90202e+01  1.90202e+01
6.264290061e-01  1.8955807e+01         -inf  6.89329e+05  1.89558e+01  1.89558e+01
6.289347221e-01  1.8889758e+01         -inf  6.89329e+05  1.88898e+01  1.88898e+01
6.314504610e-01  1.8820414e+01         -inf  6.89329e+05  1.88204e+01  1.88204e+01
6.339762629e-01  1.8751296e+01         -inf  6.89329e+05  1.87513e+01  1.87513e+01
6.365121679e-01  1.8678314e+01         -inf  6.89329e+05  1.86783e+01  1.86783e+01
6.390582166e-01  1.8604044e+01         -inf  6.89329e+05  1.86040e+01  1.86040e+01
6.416144494e-01  1.8529735e+01         -inf  6.89329e+05  1.85297e+01  1.85297e+01
6.441809072e-01  1.8461068e+01         -inf  6.89329e+05  1.84611e+01  1.84611e+01
6.467576309e-01  1.8395166e+01         -inf  6.89329e+05  1.83952e+01  1.83952e+01
6.493446614e-01  1.8331421e+01         -inf  6.89329e+05  1.83314e+01  1.83314e+01
6.519420400e-01  1.8270555e+01         -inf  6.89329e+05  1.82706e+01  1.82706e+01
6.545498082e-01  1.8208325e+01         -inf  6.89329e+05  1.82083e+01  1.82083e+01
6.571680074e-01  1.8145980e+01         -inf  6.89329e+05  1.81460e+01  1.81460e+01
6.597966795e-01  1.8085453e+01         -inf  6.89329e+05  1.80855e+01  1.80855e+01
6.624358662e-01  1.8026706e+01         -inf  6.89329e+05  1.80267e+01  1.80267e+01
6.650856096e-01  1.7965647e+01         -inf  6.89329e+05  1.79656e+01  1.79656e+01
6.677459521e-01  1.7901937e+01         -inf  6.89329e+05  1.79019e+01  1.79019e+01
6.704169359e-01  1.7839134e+01         -inf  6.89329e+05  1.78391e+01  1.78391e+01
6.730986036e-01  1.7778491e+01         -inf  6.89329e+05  1.77785e+01  1.77785e+01
6.757909981e-01  1.7720801e+01         -inf  6.89329e+05  1.77208e+01  1.77208e+01
6.784941620e-01  1.7664967e+01         -inf  6.89329e+05  1.76650e+01  1.76650e+01
6.812081387e-01  1.7614170e+01         -inf  6.89329e+05  1.76142e+01  1.76142e+01
6.839329712e-01  1.7568866e+01         -inf  6.89329e+05  1.75689e+01  1.75689e+01
6.866687031e-01  1.7541138e+01         -inf  6.89329e+05  1.75411e+01  1.75411e+01
6.894153779e-01  1.7490227e+01         -inf  6.89329e+05  1.74902e+01  1.74902e+01
6.921730395e-01  1.7416397e+01         -inf  6.89329e+05  1.74164e+01  1.74164e+01
6.949417316e-01  1.7360712e+01         -inf  6.89329e+05  1.73607e+01  1.73607e+01
6.977214985e-01  1.7309989e+01         -inf  6.89329e+05  1.73100e+01  1.73100e+01
7.005123845e-01  1.7262636e+01         -inf  6.89329e+05  1.72626e+01  1.72626e+01
7.033144341e-01  1.7220246e+01         -inf  6.89329e+05  1.72202e+01  1.72202e+01
7.061276918e-01  1.7181531e+01         -inf  6.89329e+05  1.71815e+01  1.71815e+01
7.089522026e-01  1.7144936e+01         -inf  6.89329e+05  1.71449e+01  1.71449e+01
7.117880114e-01  1.7110880e+01         -inf  6.89329e+05  1.71109e+01  1.71109e+01
7.146351634e-01  1.7081710e+01         -inf  6.89329e+05  1.70817e+01  1.70817e+01
7.174937041e-01  1.7047729e+01         -inf  6.89329e+05  1.70477e+01  1.70477e+01
7.203636789e-01  1.7002307e+01         -inf  6.89329e+05  1.70023e+01  1.70023e+01
7.232451336e-01  1.6959120e+01         -inf  6.89329e+05  1.69591e+01  1.69591e+01
7.261381142e-01  1.6922335e+01         -inf  6.89329e+05  1.69223e+01  1.69223e+01
7.290426666e-01  1.6883882e+01         -inf  6.89329e+05  1.68839e+01  1.68839e+01
7.319588373e-01  1.6848650e+01         -inf  6.89329e+05  1.68487e+01  1.68487e+01
7.348866726e-01  1.6819479e+01         -inf  6.89329e+05  1.68195e+01  1.68195e+01
7.378262193e-01  1.6792998e+01         -inf  6.89329e+05  1.67930e+01  1.67930e+01
7.407775242e-01  1.6768941e+01         -inf  6.89329e+05  1.67689e+01  1.67689e+01
7.437406343e-01  1.6750302e+01         -inf  6.89329e+05  1.67503e+01  1.67503e+01
7.467155968e-01  1.6733405e+01         -inf  6.89329e+05  1.67334e+01  1.67334e+01
7.497024592e-01  1.6704120e+01         -inf  6.89329e+05  1.67041e+01  1.67041e+01
7.527012690e-01  1.6659794e+01         -inf  6.89329e+05  1.66598e+01  1.66598e+01
7.557120741e-01  1.6618423e+01         -inf  6.89329e+05  1.66184e+01  1.66184e+01
7.587349224e-01  1.6634032e+01         -inf  6.89329e+05  1.66340e+01  1.66340e+01
7.617698621e-01  1.6818987e+01         -inf  6.89329e+05  1.68190e+01  1.68190e+01
7.648169416e-01  1.6662446e+01         -inf  6.89329e+05  1.66624e+01  1.66624e+01
7.678762093e-01  1.6518480e+01         -inf  6.89329e+05  1.65185e+01  1.65185e+01
7.709477142e-01  1.6489648e+01         -inf  6.89329e+05  1.64896e+01  1.64896e+01
7.740315050e-01  1.6477600e+01         -inf  6.89329e+05  1.64776e+01  1.64776e+01
7.771276310e-01  1.6470705e+01         -inf  6.89329e+05  1.64707e+01  1.64707e+01
7.802361416e-01  1.6453997e+01         -inf  6.89329e+05  1.64540e+01  1.64540e+01
7.833570861e-01  1.6420732e+01         -inf  6.89329e+05  1.64207e+01  1.64207e+01
7.864905145e-01  1.6383300e+01         -inf  6.89329e+05  1.63833e+01  1.63833e+01
7.896364765e-01  1.6352953e+01         -inf  6.89329e+05  1.63530e+01  1.63530e+01
7.927950224e-01  1.6324992e+01         -inf  6.89329e+05  1.63250e+01  1.63250e+01
7.959662025e-01  1.6299190e+01         -inf  6.89329e+05  1.62992e+01  1.62992e+01
7.991500673e-01  1.6277026e+01         -inf  6.89329e+05  1.62770e+01  1.62770e+01
8.023466676e-01  1.6256567e+01         -inf  6.89329e+05  1.62566e+01  1.62566e+01
8.055560543e-01  1.6239555e+01         -inf  6.89329e+05  1.62396e+01  1.62396e+01
8.087782785e-01  1.6229401e+01         -inf  6.89329e+05  1.62294e+01  1.62294e+01
8.120133916e-01  1.6222619e+01         -inf  6.89329e+05  1.62226e+01  1.62226e+01
8.152614452e-01  1.6214625e+01         -inf  6.89329e+05  1.62146e+01  1.62146e+01
8.185224910e-01  1.6196931e+01         -inf  6.89329e+05  1.61969e+01  1.61969e+01
8.217965809e-01  1.6166204e+01         -inf  6.89329e+05  1.61662e+01  1.61662e+01
8.250837672e-01  1.6131384e+01         -inf  6.89329e+05  1.61314e+01  1.61314e+01
8.283841023e-01  1.6102437e+01         -inf  6.89329e+05  1.61024e+01  1.61024e+01
8.316976387e-01  1.6079098e+01         -inf  6.89329e+05  1.60791e+01  1.60791e+01
8.350244293e-01  1.6059623e+01         -inf  6.89329e+05  1.60596e+01  1.60596e+01
8.383645270e-01  1.6043255e+01         -inf  6.89329e+05  1.60433e+01  1.60433e+01
8.417179851e-01  1.6028554e+01         -inf  6.89329e+05  1.60286e+01  1.60286e+01
8.450848570e-01  1.6016467e+01         -inf  6.89329e+05  1.60165e+01  1.60165e+01
8.484651965e-01  1.6009003e+01         -inf  6.89329e+05  1.60090e+01  1.60090e+01
8.518590573e-01  1.6008018e+01         -inf  6.89329e+05  1.60080e+01  1.60080e+01
8.552664935e-01  1.5995817e+01         -inf  6.89329e+05  1.59958e+01  1.59958e+01
8.586875595e-01  1.5972667e+01         -inf  6.89329e+05  1.59727e+01  1.59727e+01
8.621223097e-01  1.5947243e+01         -inf  6.89329e+05  1.59472e+01  1.59472e+01
8.655707989e-01  1.5922236e+01         -inf  6.89329e+05  1.59222e+01  1.59222e+01
8.690330821e-01  1.5903859e+01         -inf  6.89329e+05  1.59039e+01  1.59039e+01
8.725092145e-01  1.5884876e+01         -inf  6.89329e+05  1.58849e+01  1.58849e+01
8.759992513e-01  1.5869228e+01         -inf  6.89329e+05  1.58692e+01  1.58692e+01
8.795032483e-01  1.5857103e+01         -inf  6.89329e+05  1.58571e+01  1.58571e+01
8.830212613e-01  1.5850510e+01         -inf  6.89329e+05  1.58505e+01  1.58505e+01
8.865533464e-01  1.5840696e+01         -inf  6.89329e+05  1.58407e+01  1.58407e+01
8.900995597e-01  1.5827624e+01         -inf  6.89329e+05  1.58276e+01  1.58276e+01
8.936599580e-01  1.5813491e+01         -inf  6.89329e+05  1.58135e+01  1.58135e+01
8.972345978e-01  1.5805686e+01         -inf  6.89329e+05  1.58057e+01  1.58057e+01
9.008235362e-01  1.5791590e+01         -inf  6.89329e+05  1.57916e+01  1.57916e+01
9.044268304e-01  1.5772304e+01         -inf  6.89329e+05  1.57723e+01  1.57723e+01
9.080445377e-01  1.5754533e+01         -inf  6.89329e+05  1.57545e+01  1.57545e+01
9.116767158e-01  1.5739263e+01         -inf  6.89329e+05  1.57393e+01  1.57393e+01
9.153234227e-01  1.5725888e+01         -inf  6.89329e+05  1.57259e+01  1.57259e+01
9.189847164e-01  1.5713687e+01         -inf  6.89329e+05  1.57137e+01  1.57137e+01
9.226606552e-01  1.5702926e+01         -inf  6.89329e+05  1.57029e+01  1.57029e+01
9.263512979e-01  1.5691937e+01         -inf  6.89329e+05  1.56919e+01  1.56919e+01
9.300567031e-01  1.5681517e+01         -inf  6.89329e+05  1.56815e+01  1.56815e+01
9.337769299e-01  1.5670718e+01         -inf  6.89329e+05  1.56707e+01  1.56707e+01
9.375120376e-01  1.5662382e+01         -inf  6.89329e+05  1.56624e+01  1.56624e+01
9.412620857e-01  1.5658138e+01         -inf  6.89329e+05  1.56581e+01  1.56581e+01
9.450271341e-01  1.5651469e+01         -inf  6.89329e+05  1.56515e+01  1.56515e+01
9.488072426e-01  1.5635176e+01         -inf  6.89329e+05  1.56352e+01  1.56352e+01
9.526024716e-01  1.5620057e+01         -inf  6.89329e+05  1.56201e+01  1.56201e+01
9.564128815e-01  1.5609069e+01         -inf  6.89329e+05  1.56091e+01  1.56091e+01
9.602385330e-01  1.5597967e+01         -inf  6.89329e+05  1.55980e+01  1.55980e+01
9.640794871e-01  1.5588115e+01         -inf  6.89329e+05  1.55881e+01  1.55881e+01
9.679358051e-01  1.5578187e+01         -inf  6.89329e+05  1.55782e+01  1.55782e+01
9.718075483e-01  1.5568638e+01         -inf  6.89329e+05  1.55686e+01  1.55686e+01
9.756947785e-01  1.5558938e+01         -inf  6.89329e+05  1.55589e+01  1.55589e+01
9.795975576e-01  1.5550147e+01         -inf  6.89329e+05  1.55501e+01  1.55501e+01
9.835159478e-01  1.5541735e+01         -inf  6.89329e+05  1.55417e+01  1.55417e+01
9.874500116e-01  1.5535445e+01         -inf  6.89329e+05  1.55354e+01  1.55354e+01
9.913998117e-01  1.5535142e+01         -inf  6.89329e+05  1.55351e+01  1.55351e+01
9.953654109e-01  1.5523433e+01         -inf  6.89329e+05  1.55234e+01  1.55234e+01
9.993468726e-01  1.5510171e+01         -inf  6.89329e+05  1.55102e+01  1.55102e+01
1.003344260e+00  1.5500319e+01         -inf  6.89329e+05  1.55003e+01  1.55003e+01
1.007357637e+00  1.5491604e+01         -inf  6.89329e+05  1.54916e+01  1.54916e+01
1.011387068e+00  1.5483419e+01         -inf  6.89329e+05  1.54834e+01  1.54834e+01
1.015432616e+00  1.5475348e+01         -inf  6.89329e+05  1.54753e+01  1.54753e+01
1.019494346e+00  1.5467277e+01         -inf  6.89329e+05  1.54673e+01  1.54673e+01
1.023572324e+00  1.5459395e+01         -inf  6.89329e+05  1.54594e+01  1.54594e+01
1.027666613e+00  1.5451741e+01         -inf  6.89329e+05  1.54517e+01  1.54517e+01
1.031777280e+00  1.5444162e+01         -inf  6.89329e+05  1.54442e+01  1.54442e+01
1.035904389e+00  1.5439805e+01         -inf  6.89329e+05  1.54398e+01  1.54398e+01
1.040048006e+00  1.5435674e+01         -inf  6.89329e+05  1.54357e+01  1.54357e+01
1.044208198e+00  1.5424041e+01         -inf  6.89329e+05  1.54240e+01  1.54240e+01
1.048385031e+00  1.5425936e+01         -inf  6.89329e+05  1.54259e+01  1.54259e+01
1.052578571e+00  1.5426163e+01         -inf  6.89329e+05  1.54262e+01  1.54262e+01
1.056788885e+00  1.5403352e+01         -inf  6.89329e+05  1.54034e+01  1.54034e+01
1.061016041e+00  1.5396266e+01         -inf  6.89329e+05  1.53963e+01  1.53963e+01
1.065260105e+00  1.5392931e+01         -inf  6.89329e+05  1.53929e+01  1.53929e+01
1.069521146e+00  1.5383382e+01         -inf  6.89329e+05  1.53834e+01  1.53834e+01
1.073799230e+00  1.5376410e+01         -inf  6.89329e+05  1.53764e+01  1.53764e+01
1.078094427e+00  1.5370082e+01         -inf  6.89329e+05  1.53701e+01  1.53701e+01
1.082406805e+00  1.5363867e+01         -inf  6.89329e+05  1.53639e+01  1.53639e+01
1.086736432e+00  1.5357842e+01         -inf  6.89329e+05  1.53578e+01  1.53578e+01
1.091083378e+00  1.5352196e+01         -inf  6.89329e+05  1.53522e+01  1.53522e+01
1.095447711e+00  1.5346702e+01         -inf  6.89329e+05  1.53467e+01  1.53467e+01
1.099829502e+00  1.5341018e+01         -inf  6.89329e+05  1.53410e+01  1.53410e+01
1.104228820e+00  1.5335144e+01         -inf  6.89329e+05  1.53351e+01  1.53351e+01
1.108645735e+00  1.5330142e+01         -inf  6.89329e+05  1.53301e+01  1.53301e+01
1.113080318e+00  1.5327755e+01         -inf  6.89329e+05  1.53278e+01  1.53278e+01
1.117532640e+00  1.5325368e+01         -inf  6.89329e+05  1.53254e+01  1.53254e+01
1.122002770e+00  1.5325443e+01         -inf  6.89329e+05  1.53254e+01  1.53254e+01
1.126490781e+00  1.5329953e+01         -inf  6.89329e+05  1.53300e+01  1.53300e+01
1.130996744e+00  1.5326277e+01         -inf  6.89329e+05  1.53263e+01  1.53263e+01
1.135520731e+00  1.5325102e+01         -inf  6.89329e+05  1.53251e+01  1.53251e+01
1.140062814e+00  1.5305512e+01         -inf  6.89329e+05  1.53055e+01  1.53055e+01
1.144623065e+00  1.5299676e+01         -inf  6.89329e+05  1.52997e+01  1.52997e+01
1.149201558e+00  1.5303389e+01         -inf  6.89329e+05  1.53034e+01  1.53034e+01
1.153798364e+00  1.5318585e+01         -inf  6.89329e+05  1.53186e+01  1.53186e+01
1.158413557e+00  1.5306194e+01         -inf  6.89329e+05  1.53062e+01  1.53062e+01
1.163047212e+00  1.5317637e+01         -inf  6.89329e+05  1.53176e+01  1.53176e+01
1.167699401e+00  1.5297478e+01         -inf  6.89329e+05  1.52975e+01  1.52975e+01
1.172370198e+00  1.5282851e+01         -inf  6.89329e+05  1.52829e+01  1.52829e+01
1.177059679e+00  1.5270233e+01         -inf  6.89329e+05  1.52702e+01  1.52702e+01
1.181767918e+00  1.5262123e+01         -inf  6.89329e+05  1.52621e+01  1.52621e+01
1.186494989e+00  1.5256060e+01         -inf  6.89329e+05  1.52561e+01  1.52561e+01
1.191240969e+00  1.5250035e+01         -inf  6.89329e+05  1.52500e+01  1.52500e+01
1.196005933e+00  1.5242229e+01         -inf  6.89329e+05  1.52422e+01  1.52422e+01
1.200789957e+00  1.5279138e+01         -inf  6.89329e+05  1.52791e+01  1.52791e+01
1.205593117e+00  1.5512217e+01         -inf  6.89329e+05  1.55122e+01  1.55122e+01
1.210415489e+00  1.5328702e+01         -inf  6.89329e+05  1.53287e+01  1.53287e+01
1.215257151e+00  1.5248216e+01         -inf  6.89329e+05  1.52482e+01  1.52482e+01
1.220118180e+00  1.5445829e+01         -inf  6.89329e+05  1.54458e+01  1.54458e+01
1.224998652e+00  1.5301798e+01         -inf  6.89329e+05  1.53018e+01  1.53018e+01
1.229898647e+00  1.5219341e+01         -inf  6.89329e+05  1.52193e+01  1.52193e+01
1.234818242e+00  1.5216044e+01         -inf  6.89329e+05  1.52160e+01  1.52160e+01
1.239757515e+00  1.5207556e+01         -inf  6.89329e+05  1.52076e+01  1.52076e+01
1.244716545e+00  1.5200318e+01         -inf  6.89329e+05  1.52003e+01  1.52003e+01
1.249695411e+00  1.5197476e+01         -inf  6.89329e+05  1.51975e+01  1.51975e+01
1.254694192e+00  1.5195165e+01         -inf  6.89329e+05  1.51952e+01  1.51952e+01
1.259712969e+00  1.5193270e+01         -inf  6.89329e+05  1.51933e+01  1.51933e+01
1.264751821e+00  1.5197401e+01         -inf  6.89329e+05  1.51974e+01  1.51974e+01
1.269810828e+00  1.5198499e+01         -inf  6.89329e+05  1.51985e+01  1.51985e+01
1.274890072e+00  1.5182394e+01         -inf  6.89329e+05  1.51824e+01  1.51824e+01
1.279989632e+00  1.5177089e+01         -inf  6.89329e+05  1.51771e+01  1.51771e+01
1.285109591e+00  1.5173830e+01         -inf  6.89329e+05  1.51738e+01  1.51738e+01
1.290250029e+00  1.5190428e+01         -inf  6.89329e+05  1.51904e+01  1.51904e+01
1.295411029e+00  1.5187093e+01         -inf  6.89329e+05  1.51871e+01  1.51871e+01
1.300592673e+00  1.5165456e+01         -inf  6.89329e+05  1.51655e+01  1.51655e+01
1.305795044e+00  1.5162197e+01         -inf  6.89329e+05  1.51622e+01  1.51622e+01
1.311018224e+00  1.5173110e+01         -inf  6.89329e+05  1.51731e+01  1.51731e+01
1.316262297e+00  1.5242835e+01         -inf  6.89329e+05  1.52428e+01  1.52428e+01
1.321527346e+00  1.5212482e+01         -inf  6.89329e+05  1.52125e+01  1.52125e+01
1.326813455e+00  1.5169397e+01         -inf  6.89329e+05  1.51694e+01  1.51694e+01
1.332120709e+00  1.5226238e+01         -inf  6.89329e+05  1.52262e+01  1.52262e+01
1.337449192e+00  1.5200091e+01         -inf  6.89329e+05  1.52001e+01  1.52001e+01
1.342798989e+00  1.5212217e+01         -inf  6.89329e+05  1.52122e+01  1.52122e+01
1.348170185e+00  1.5177013e+01         -inf  6.89329e+05  1.51770e+01  1.51770e+01
1.353562866e+00  1.5180954e+01         -inf  6.89329e+05  1.51810e+01  1.51810e+01
1.358977117e+00  1.5191868e+01         -inf  6.89329e+05  1.51919e+01  1.51919e+01
1.364413026e+00  1.5184895e+01         -inf  6.89329e+05  1.51849e+01  1.51849e+01
1.369870678e+00  1.5175763e+01         -inf  6.89329e+05  1.51758e+01  1.51758e+01
1.375350160e+00  1.5181258e+01         -inf  6.89329e+05  1.51813e+01  1.51813e+01
1.380851561e+00  1.5184327e+01         -inf  6.89329e+05  1.51843e+01  1.51843e+01
1.386374967e+00  1.5184441e+01         -inf  6.89329e+05  1.51844e+01  1.51844e+01
1.391920467e+00  1.5178529e+01         -inf  6.89329e+05  1.51785e+01  1.51785e+01
1.397488149e+00  1.5175308e+01         -inf  6.89329e+05  1.51753e+01  1.51753e+01
1.403078102e+00  1.5177582e+01         -inf  6.89329e+05  1.51776e+01  1.51776e+01
1.408690414e+00  1.5173414e+01         -inf  6.89329e+05  1.51734e+01  1.51734e+01
1.414325176e+00  1.5146357e+01         -inf  6.89329e+05  1.51464e+01  1.51464e+01
1.419982476e+00  1.5133170e+01         -inf  6.89329e+05  1.51332e+01  1.51332e+01
1.425662406e+00  1.5126008e+01         -inf  6.89329e+05  1.51260e+01  1.51260e+01
1.431365056e+00  1.6597245e+01         -inf  6.89329e+05  1.65972e+01  1.65972e+01
1.437090516e+00  1.6233834e+01         -inf  6.89329e+05  1.62338e+01  1.62338e+01
1.442838878e+00  1.5570912e+01         -inf  6.89329e+05  1.55709e+01  1.55709e+01
1.448610234e+00  1.5191489e+01         -inf  6.89329e+05  1.51915e+01  1.51915e+01
1.454404675e+00  1.5106151e+01         -inf  6.89329e+05  1.51062e+01  1.51062e+01
1.460222293e+00  1.5098534e+01         -inf  6.89329e+05  1.50985e+01  1.50985e+01
1.466063182e+00  1.5095578e+01         -inf  6.89329e+05  1.50956e+01  1.50956e+01
1.471927435e+00  1.5201228e+01         -inf  6.89329e+05  1.52012e+01  1.52012e+01
1.477815145e+00  1.5182394e+01         -inf  6.89329e+05  1.51824e+01  1.51824e+01
1.483726405e+00  1.5106795e+01         -inf  6.89329e+05  1.51068e+01  1.51068e+01
1.489661311e+00  1.5090652e+01         -inf  6.89329e+05  1.50907e+01  1.50907e+01
1.495619956e+00  1.5113275e+01         -inf  6.89329e+05  1.51133e+01  1.51133e+01
1.501602436e+00  1.5095389e+01         -inf  6.89329e+05  1.50954e+01  1.50954e+01
1.507608846e+00  1.5081595e+01         -inf  6.89329e+05  1.50816e+01  1.50816e+01
1.513639281e+00  1.5079928e+01         -inf  6.89329e+05  1.50799e+01  1.50799e+01
1.519693838e+00  1.5078639e+01         -inf  6.89329e+05  1.50786e+01  1.50786e+01
1.525772614e+00  1.5096109e+01         -inf  6.89329e+05  1.50961e+01  1.50961e+01
1.531875704e+00  1.5202175e+01         -inf  6.89329e+05  1.52022e+01  1.52022e+01
1.538003207e+00  1.5290581e+01         -inf  6.89329e+05  1.52906e+01  1.52906e+01
1.544155220e+00  1.5173792e+01         -inf  6.89329e+05  1.51738e+01  1.51738e+01
1.550331841e+00  1.5072159e+01         -inf  6.89329e+05  1.50722e+01  1.50722e+01
1.556533168e+00  1.5069961e+01         -inf  6.89329e+05  1.50700e+01  1.50700e+01
1.562759301e+00  1.5070302e+01         -inf  6.89329e+05  1.50703e+01  1.50703e+01
1.569010338e+00  1.5472961e+01         -inf  6.89329e+05  1.54730e+01  1.54730e+01
1.575286379e+00  1.5890522e+01         -inf  6.89329e+05  1.58905e+01  1.58905e+01
1.581587525e+00  1.5476219e+01         -inf  6.89329e+05  1.54762e+01  1.54762e+01
1.587913875e+00  1.5089098e+01         -inf  6.89329e+05  1.50891e+01  1.50891e+01
1.594265530e+00  1.5084702e+01         -inf  6.89329e+05  1.50847e+01  1.50847e+01
1.600642593e+00  1.5797388e+01         -inf  6.89329e+05  1.57974e+01  1.57974e+01
1.607045163e+00  1.5845016e+01         -inf  6.89329e+05  1.58450e+01  1.58450e+01
1.613473344e+00  1.5401836e+01         -inf  6.89329e+05  1.54018e+01  1.54018e+01
1.619927237e+00  1.5093494e+01         -inf  6.89329e+05  1.50935e+01  1.50935e+01
1.626406946e+00  1.5096715e+01         -inf  6.89329e+05  1.50967e+01  1.50967e+01
1.632912574e+00  1.5152003e+01         -inf  6.89329e+05  1.51520e+01  1.51520e+01
1.639444224e+00  1.5271710e+01         -inf  6.89329e+05  1.52717e+01  1.52717e+01
1.646002001e+00  1.5331431e+01         -inf  6.89329e+05  1.53314e+01  1.53314e+01
1.652586009e+00  1.5263488e+01         -inf  6.89329e+05  1.52635e+01  1.52635e+01
1.659196353e+00  1.5122976e+01         -inf  6.89329e+05  1.51230e+01  1.51230e+01
1.665833138e+00  1.5450793e+01         -inf  6.89329e+05  1.54508e+01  1.54508e+01
1.672496471e+00  1.5114715e+01         -inf  6.89329e+05  1.51147e+01  1.51147e+01
1.679186457e+00  1.5147759e+01         -inf  6.89329e+05  1.51478e+01  1.51478e+01
1.685903203e+00  1.5138968e+01         -inf  6.89329e+05  1.51390e+01  1.51390e+01
1.692646815e+00  1.5132526e+01         -inf  6.89329e+05  1.51325e+01  1.51325e+01
1.699417403e+00  1.5141317e+01         -inf  6.89329e+05  1.51413e+01  1.51413e+01
1.706215072e+00  1.5262616e+01         -inf  6.89329e+05  1.52626e+01  1.52626e+01
1.713039933e+00  1.5160226e+01         -inf  6.89329e+05  1.51602e+01  1.51602e+01
1.719892092e+00  1.5147721e+01         -inf  6.89329e+05  1.51477e+01  1.51477e+01
1.726771661e+00  1.5220402e+01         -inf  6.89329e+05  1.52204e+01  1.52204e+01
1.733678747e+00  1.5124151e+01         -inf  6.89329e+05  1.51242e+01  1.51242e+01
1.740613462e+00  1.5091713e+01         -inf  6.89329e+05  1.50917e+01  1.50917e+01
1.747575916e+00  1.5071818e+01         -inf  6.89329e+05  1.50718e+01  1.50718e+01
1.754566220e+00  1.5066172e+01         -inf  6.89329e+05  1.50662e+01  1.50662e+01
1.761584485e+00  1.5066854e+01         -inf  6.89329e+05  1.50669e+01  1.50669e+01
1.768630823e+00  1.5104446e+01         -inf  6.89329e+05  1.51044e+01  1.51044e+01
1.775705346e+00  1.5143212e+01         -inf  6.89329e+05  1.51432e+01  1.51432e+01
1.782808167e+00  1.5100050e+01         -inf  6.89329e+05  1.51000e+01  1.51000e+01
1.789939400e+00  1.5186032e+01         -inf  6.89329e+05  1.51860e+01  1.51860e+01
1.797099158e+00  1.5078677e+01         -inf  6.89329e+05  1.50787e+01  1.50787e+01
1.804287554e+00  1.5083187e+01         -inf  6.89329e+05  1.50832e+01  1.50832e+01
1.811504704e+00  1.5076025e+01         -inf  6.89329e+05  1.50760e+01  1.50760e+01
1.818750723e+00  1.5059578e+01         -inf  6.89329e+05  1.50596e+01  1.50596e+01
1.826025726e+00  1.5043094e+01         -inf  6.89329e+05  1.50431e+01  1.50431e+01
1.833329829e+00  1.5040782e+01         -inf  6.89329e+05  1.50408e+01  1.50408e+01
1.840663148e+00  1.5043852e+01         -inf  6.89329e+05  1.50439e+01  1.50439e+01
1.848025801e+00  1.5039759e+01         -inf  6.89329e+05  1.50398e+01  1.50398e+01
1.855417904e+00  1.5037372e+01         -inf  6.89329e+05  1.50374e+01  1.50374e+01
1.862839576e+00  1.5033999e+01         -inf  6.89329e+05  1.50340e+01  1.50340e+01
1.870290934e+00  1.5044117e+01         -inf  6.89329e+05  1.50441e+01  1.50441e+01
1.877772098e+00  1.5284632e+01         -inf  6.89329e+05  1.52846e+01  1.52846e+01
1.885283186e+00  1.5279971e+01         -inf  6.89329e+05  1.52800e+01  1.52800e+01
1.892824319e+00  1.5056698e+01         -inf  6.89329e+05  1.50567e+01  1.50567e+01
1.900395616e+00  1.5029376e+01         -inf  6.89329e+05  1.50294e+01  1.50294e+01
1.907997199e+00  1.5026913e+01         -inf  6.89329e+05  1.50269e+01  1.50269e+01
1.915629188e+00  1.5024525e+01         -inf  6.89329e+05  1.50245e+01  1.50245e+01
1.923291704e+00  1.5023047e+01         -inf  6.89329e+05  1.50230e+01  1.50230e+01
1.930984871e+00  1.5022365e+01         -inf  6.89329e+05  1.50224e+01  1.50224e+01
1.938708811e+00  1.5062231e+01         -inf  6.89329e+05  1.50622e+01  1.50622e+01
1.946463646e+00  1.5885331e+01         -inf  6.89329e+05  1.58853e+01  1.58853e+01
1.954249500e+00  1.8791706e+01         -inf  6.89329e+05  1.87917e+01  1.87917e+01
1.962066498e+00  1.8405998e+01         -inf  6.89329e+05  1.84060e+01  1.84060e+01
1.969914764e+00  1.7322830e+01         -inf  6.89329e+05  1.73228e+01  1.73228e+01
1.977794423e+00  1.5533816e+01         -inf  6.89329e+05  1.55338e+01  1.55338e+01
1.985705601e+00  1.5229042e+01         -inf  6.89329e+05  1.52290e+01  1.52290e+01
1.993648424e+00  1.5613805e+01         -inf  6.89329e+05  1.56138e+01  1.56138e+01
2.001623017e+00  2.0781195e+01         -inf  6.89329e+05  2.07812e+01  2.07812e+01
2.009629509e+00  2.1271097e+01         -inf  6.89329e+05  2.12711e+01  2.12711e+01
2.017668027e+00  1.9610236e+01         -inf  6.89329e+05  1.96102e+01  1.96102e+01
2.025738699e+00  1.6337911e+01         -inf  6.89329e+05  1.63379e+01  1.63379e+01
2.033841654e+00  1.6018665e+01         -inf  6.89329e+05  1.60187e+01  1.60187e+01
2.041977021e+00  1.6303168e+01         -inf  6.89329e+05  1.63032e+01  1.63032e+01
2.050144929e+00  1.7544736e+01         -inf  6.89329e+05  1.75447e+01  1.75447e+01
2.058345509e+00  1.8036781e+01         -inf  6.89329e+05  1.80368e+01  1.80368e+01
2.066578891e+00  1.7591935e+01         -inf  6.89329e+05  1.75919e+01  1.75919e+01
2.074845206e+00  1.6311314e+01         -inf  6.89329e+05  1.63113e+01  1.63113e+01
2.083144587e+00  1.5849979e+01         -inf  6.89329e+05  1.58500e+01  1.58500e+01
2.091477165e+00  1.5496492e+01         -inf  6.89329e+05  1.54965e+01  1.54965e+01
2.099843074e+00  1.5302139e+01         -inf  6.89329e+05  1.53021e+01  1.53021e+01
2.108242446e+00  1.5203236e+01         -inf  6.89329e+05  1.52032e+01  1.52032e+01
2.116675416e+00  1.5130744e+01         -inf  6.89329e+05  1.51307e+01  1.51307e+01
2.125142118e+00  1.5049233e+01         -inf  6.89329e+05  1.50492e+01  1.50492e+01
2.133642686e+00  1.5042412e+01         -inf  6.89329e+05  1.50424e+01  1.50424e+01
2.142177257e+00  1.5078715e+01         -inf  6.89329e+05  1.50787e+01  1.50787e+01
2.150745966e+00  1.5220705e+01         -inf  6.89329e+05  1.52207e+01  1.52207e+01
2.159348950e+00  1.5221501e+01         -inf  6.89329e+05  1.52215e+01  1.52215e+01
2.167986346e+00  1.5194634e+01         -inf  6.89329e+05  1.51946e+01  1.51946e+01
2.176658291e+00  1.5179325e+01         -inf  6.89329e+05  1.51793e+01  1.51793e+01
2.185364924e+00  1.5085005e+01         -inf  6.89329e+05  1.50850e+01  1.50850e+01
2.194106384e+00  1.5133132e+01         -inf  6.89329e+05  1.51331e+01  1.51331e+01
2.202882810e+00  1.5556967e+01         -inf  6.89329e+05  1.55570e+01  1.55570e+01
2.211694341e+00  1.5081064e+01         -inf  6.89329e+05  1.50811e+01  1.50811e+01
2.220541118e+00  1.5206229e+01         -inf  6.89329e+05  1.52062e+01  1.52062e+01
2.229423283e+00  1.5286413e+01         -inf  6.89329e+05  1.52864e+01  1.52864e+01
2.238340976e+00  1.5312559e+01         -inf  6.89329e+05  1.53126e+01  1.53126e+01
2.247294340e+00  1.5411953e+01         -inf  6.89329e+05  1.54120e+01  1.54120e+01
2.256283517e+00  1.5441661e+01         -inf  6.89329e+05  1.54417e+01  1.54417e+01
2.265308651e+00  1.5554883e+01         -inf  6.89329e+05  1.55549e+01  1.55549e+01
2.274369886e+00  1.5754305e+01         -inf  6.89329e+05  1.57543e+01  1.57543e+01
2.283467365e+00  1.5788331e+01         -inf  6.89329e+05  1.57883e+01  1.57883e+01
2.292601235e+00  1.5940119e+01         -inf  6.89329e+05  1.59401e+01  1.59401e+01
2.301771640e+00  1.6230044e+01         -inf  6.89329e+05  1.62300e+01  1.62300e+01
2.310978726e+00  1.5514679e+01         -inf  6.89329e+05  1.55147e+01  1.55147e+01
2.320222641e+00  1.6088682e+01         -inf  6.89329e+05  1.60887e+01  1.60887e+01
2.329503532e+00  1.5780677e+01         -inf  6.89329e+05  1.57807e+01  1.57807e+01
2.338821546e+00  1.6010441e+01         -inf  6.89329e+05  1.60104e+01  1.60104e+01
2.348176832e+00  1.6220307e+01         -inf  6.89329e+05  1.62203e+01  1.62203e+01
2.357569539e+00  1.5876388e+01         -inf  6.89329e+05  1.58764e+01  1.58764e+01
2.366999817e+00  1.5996157e+01         -inf  6.89329e+05  1.59962e+01  1.59962e+01
2.376467817e+00  1.6029423e+01         -inf  6.89329e+05  1.60294e+01  1.60294e+01
2.385973688e+00  1.5541468e+01         -inf  6.89329e+05  1.55415e+01  1.55415e+01
2.395517583e+00  1.5524682e+01         -inf  6.89329e+05  1.55247e+01  1.55247e+01
2.405099653e+00  1.5273868e+01         -inf  6.89329e+05  1.52739e+01  1.52739e+01
2.414720052e+00  1.5142300e+01         -inf  6.89329e+05  1.51423e+01  1.51423e+01
2.424378932e+00  1.5271253e+01         -inf  6.89329e+05  1.52713e+01  1.52713e+01
2.434076448e+00  1.5129719e+01         -inf  6.89329e+05  1.51297e+01  1.51297e+01
2.443812753e+00  1.5084169e+01         -inf  6.89329e+05  1.50842e+01  1.50842e+01
2.453588004e+00  1.5054800e+01         -inf  6.89329e+05  1.50548e+01  1.50548e+01
2.463402356e+00  1.5024598e+01         -inf  6.89329e+05  1.50246e+01  1.50246e+01
2.473255966e+00  1.5028500e+01         -inf  6.89329e+05  1.50285e+01  1.50285e+01
2.483148990e+00  1.5178942e+01         -inf  6.89329e+05  1.51789e+01  1.51789e+01
2.493081586e+00  1.5123616e+01         -inf  6.89329e+05  1.51236e+01  1.51236e+01
2.503053912e+00  1.5076323e+01         -inf  6.89329e+05  1.50763e+01  1.50763e+01
2.513066128e+00  1.5038844e+01         -inf  6.89329e+05  1.50388e+01  1.50388e+01
2.523118392e+00  1.5023610e+01         -inf  6.89329e+05  1.50236e+01  1.50236e+01
2.533210866e+00  1.5026036e+01         -inf  6.89329e+05  1.50260e+01  1.50260e+01
2.543343709e+00  1.5012810e+01         -inf  6.89329e+05  1.50128e+01  1.50128e+01
2.553517084e+00  1.5051085e+01         -inf  6.89329e+05  1.50511e+01  1.50511e+01
2.563731152e+00  1.5209106e+01         -inf  6.89329e+05  1.52091e+01  1.52091e+01
2.573986077e+00  1.5203537e+01         -inf  6.89329e+05  1.52035e+01  1.52035e+01
2.584282021e+00  1.5268070e+01         -inf  6.89329e+05  1.52681e+01  1.52681e+01
2.594619149e+00  1.5231882e+01         -inf  6.89329e+05  1.52319e+01  1.52319e+01
2.604997626e+00  1.5178300e+01         -inf  6.89329e+05  1.51783e+01  1.51783e+01
2.615417616e+00  1.5156359e+01         -inf  6.89329e+05  1.51564e+01  1.51564e+01
2.625879287e+00  1.5091862e+01         -inf  6.89329e+05  1.50919e+01  1.50919e+01
2.636382804e+00  1.5065032e+01         -inf  6.89329e+05  1.50650e+01  1.50650e+01
2.646928335e+00  1.5053171e+01         -inf  6.89329e+05  1.50532e+01  1.50532e+01
2.657516049e+00  1.5258024e+01         -inf  6.89329e+05  1.52580e+01  1.52580e+01
2.668146113e+00  2.1403039e+01         -inf  6.89329e+05  2.14030e+01  2.14031e+01
2.678818697e+00  3.1699491e+01         -inf  6.89329e+05  3.16995e+01  3.16995e+01
2.689533972e+00  3.1262575e+01         -inf  6.89329e+05  3.12626e+01  3.12626e+01
2.700292108e+00  3.1925597e+01         -inf  6.89329e+05  3.19256e+01  3.19256e+01
2.711093276e+00  2.8070096e+01         -inf  6.89329e+05  2.80701e+01  2.80701e+01
2.721937650e+00  2.2242747e+01         -inf  6.89329e+05  2.22427e+01  2.22428e+01
2.732825400e+00  2.0742982e+01         -inf  6.89329e+05  2.07430e+01  2.07430e+01
2.743756702e+00  2.4497213e+01         -inf  6.89329e+05  2.44972e+01  2.44972e+01
2.754731729e+00  3.0530551e+01         -inf  6.89329e+05  3.05306e+01  3.05306e+01
2.765750655e+00  2.9902920e+01         -inf  6.89329e+05  2.99029e+01  2.99029e+01
2.776813658e+00  3.1072434e+01         -inf  6.89329e+05  3.10724e+01  3.10725e+01
2.787920913e+00  2.8206507e+01         -inf  6.89329e+05  2.82065e+01  2.82065e+01
2.799072596e+00  2.4134474e+01         -inf  6.89329e+05  2.41345e+01  2.41345e+01
2.810268887e+00  2.1938253e+01         -inf  6.89329e+05  2.19383e+01  2.19383e+01
2.821509962e+00  2.0155529e+01         -inf  6.89329e+05  2.01555e+01  2.01555e+01
2.832796002e+00  1.8194738e+01         -inf  6.89329e+05  1.81947e+01  1.81948e+01
2.844127186e+00  1.8405176e+01         -inf  6.89329e+05  1.84052e+01  1.84052e+01
2.855503695e+00  1.7105919e+01         -inf  6.89329e+05  1.71059e+01  1.71060e+01
2.866925710e+00  1.6177906e+01         -inf  6.89329e+05  1.61779e+01  1.61779e+01
2.878393413e+00  1.5666006e+01         -inf  6.89329e+05  1.56660e+01  1.56661e+01
2.889906986e+00  1.5322430e+01         -inf  6.89329e+05  1.53224e+01  1.53225e+01
2.901466614e+00  1.5093958e+01         -inf  6.89329e+05  1.50940e+01  1.50940e+01
2.913072481e+00  1.5007855e+01         -inf  6.89329e+05  1.50079e+01  1.50079e+01
2.924724770e+00  1.4996065e+01         -inf  6.89329e+05  1.49961e+01  1.49961e+01
2.936423670e+00  1.4989200e+01         -inf  6.89329e+05  1.49892e+01  1.49893e+01
2.948169364e+00  1.4993818e+01         -inf  6.89329e+05  1.49938e+01  1.49939e+01
2.959962042e+00  1.5062214e+01         -inf  6.89329e+05  1.50622e+01  1.50623e+01
2.971801890e+00  1.5260320e+01         -inf  6.89329e+05  1.52603e+01  1.52604e+01
2.983689097e+00  1.5378466e+01         -inf  6.89329e+05  1.53785e+01  1.53786e+01
2.995623854e+00  1.5117672e+01         -inf  6.89329e+05  1.51177e+01  1.51178e+01
3.007606349e+00  1.5119749e+01         -inf  6.89329e+05  1.51197e+01  1.51199e+01
3.019636775e+00  1.5100756e+01         -inf  6.89329e+05  1.51008e+01  1.51009e+01
3.031715322e+00  1.5005138e+01         -inf  6.89329e+05  1.50051e+01  1.50053e+01
3.043842183e+00  1.4991221e+01         -inf  6.89329e+05  1.49912e+01  1.49914e+01
3.056017552e+00  1.4990568e+01         -inf  6.89329e+05  1.49906e+01  1.49907e+01
3.068241622e+00  1.4986768e+01         -inf  6.89329e+05  1.49868e+01  1.49869e+01
3.080514588e+00  1.4984749e+01         -inf  6.89329e+05  1.49847e+01  1.49849e+01
3.092836647e+00  1.4985117e+01         -inf  6.89329e+05  1.49851e+01  1.49853e+01
3.105207993e+00  1.4991358e+01         -inf  6.89329e+05  1.49914e+01  1.49916e+01
3.117628825e+00  1.5044474e+01         -inf  6.89329e+05  1.50445e+01  1.50447e+01
3.130099341e+00  1.5164019e+01         -inf  6.89329e+05  1.51640e+01  1.51642e+01
3.142619738e+00  1.5078326e+01         -inf  6.89329e+05  1.50783e+01  1.50786e+01
3.155190217e+00  1.5189306e+01         -inf  6.89329e+05  1.51893e+01  1.51896e+01
3.167810978e+00  1.5194937e+01         -inf  6.89329e+05  1.51949e+01  1.51952e+01
3.180482222e+00  1.5627405e+01         -inf  6.89329e+05  1.56274e+01  1.56277e+01
3.193204151e+00  1.5669069e+01         -inf  6.89329e+05  1.56691e+01  1.56694e+01
3.205976967e+00  1.5824105e+01         -inf  6.89329e+05  1.58241e+01  1.58244e+01
3.218800875e+00  1.6385349e+01         -inf  6.89329e+05  1.63853e+01  1.63856e+01
3.231676079e+00  1.6041519e+01         -inf  6.89329e+05  1.60415e+01  1.60419e+01
3.244602783e+00  1.6696849e+01         -inf  6.89329e+05  1.66968e+01  1.66972e+01
3.257581194e+00  1.6768850e+01         -inf  6.89329e+05  1.67688e+01  1.67692e+01
3.270611519e+00  1.6974944e+01         -inf  6.89329e+05  1.69749e+01  1.69753e+01
3.283693965e+00  1.6139735e+01         -inf  6.89329e+05  1.61397e+01  1.61402e+01
3.296828741e+00  1.6314803e+01         -inf  6.89329e+05  1.63148e+01  1.63153e+01
3.310016056e+00  2.0827805e+01         -inf  6.89329e+05  2.08278e+01  2.08281e+01
3.323256120e+00  1.8404489e+01         -inf  6.89329e+05  1.84045e+01  1.84049e+01
3.336549144e+00  1.5515718e+01         -inf  6.89329e+05  1.55157e+01  1.55163e+01
3.349895341e+00  1.5748125e+01         -inf  6.89329e+05  1.57481e+01  1.57487e+01
3.363294922e+00  1.6759942e+01         -inf  6.89329e+05  1.67599e+01  1.67605e+01
3.376748102e+00  1.6630034e+01         -inf  6.89329e+05  1.66300e+01  1.66306e+01
3.390255094e+00  1.6687173e+01         -inf  6.89329e+05  1.66872e+01  1.66878e+01
3.403816115e+00  1.6492961e+01         -inf  6.89329e+05  1.64930e+01  1.64936e+01
3.417431379e+00  1.5837377e+01         -inf  6.89329e+05  1.58374e+01  1.58381e+01
3.431101105e+00  1.5953539e+01         -inf  6.89329e+05  1.59535e+01  1.59543e+01
3.444825509e+00  1.5828372e+01         -inf  6.89329e+05  1.58284e+01  1.58292e+01
3.458604811e+00  1.5559814e+01         -inf  6.89329e+05  1.55598e+01  1.55607e+01
3.472439231e+00  1.5793973e+01         -inf  6.89329e+05  1.57940e+01  1.57949e+01
3.486328987e+00  1.5768069e+01         -inf  6.89329e+05  1.57681e+01  1.57691e+01
3.500274303e+00  1.5503104e+01         -inf  6.89329e+05  1.55031e+01  1.55042e+01
3.514275401e+00  1.5203486e+01         -inf  6.89329e+05  1.52035e+01  1.52046e+01
3.528332502e+00  1.5418325e+01         -inf  6.89329e+05  1.54183e+01  1.54195e+01
3.542445832e+00  1.5960591e+01         -inf  6.89329e+05  1.59606e+01  1.59618e+01
3.556615616e+00  1.5369725e+01         -inf  6.89329e+05  1.53697e+01  1.53711e+01
3.570842078e+00  1.5793953e+01         -inf  6.89329e+05  1.57940e+01  1.57953e+01
3.585125446e+00  1.5714065e+01         -inf  6.89329e+05  1.57141e+01  1.57155e+01
3.599465948e+00  1.5418297e+01         -inf  6.89329e+05  1.54183e+01  1.54199e+01
3.613863812e+00  1.5392521e+01         -inf  6.89329e+05  1.53925e+01  1.53942e+01
3.628319267e+00  1.5269995e+01         -inf  6.89329e+05  1.52700e+01  1.52717e+01
3.642832544e+00  1.5471396e+01         -inf  6.89329e+05  1.54714e+01  1.54732e+01
3.657403874e+00  1.5103552e+01         -inf  6.89329e+05  1.51036e+01  1.51055e+01
3.672033490e+00  1.5222109e+01         -inf  6.89329e+05  1.52221e+01  1.52242e+01
3.686721624e+00  1.5233102e+01         -inf  6.89329e+05  1.52331e+01  1.52353e+01
3.701468510e+00  1.5101298e+01         -inf  6.89329e+05  1.51013e+01  1.51036e+01
3.716274384e+00  1.5172540e+01         -inf  6.89329e+05  1.51725e+01  1.51749e+01
3.731139482e+00  1.5201179e+01         -inf  6.89329e+05  1.52012e+01  1.52037e+01
3.746064040e+00  1.5139922e+01         -inf  6.89329e+05  1.51399e+01  1.51426e+01
3.761048296e+00  1.5112197e+01         -inf  6.89329e+05  1.51122e+01  1.51150e+01
3.776092489e+00  1.5123234e+01         -inf  6.89329e+05  1.51232e+01  1.51262e+01
3.791196859e+00  1.5223965e+01         -inf  6.89329e+05  1.52240e+01  1.52270e+01
3.806361647e+00  1.5299673e+01         -inf  6.89329e+05  1.52997e+01  1.53029e+01
3.821587093e+00  1.5210991e+01         -inf  6.89329e+05  1.52110e+01  1.52144e+01
3.836873442e+00  1.5341941e+01         -inf  6.89329e+05  1.53419e+01  1.53455e+01
3.852220935e+00  1.5345386e+01         -inf  6.89329e+05  1.53454e+01  1.53491e+01
3.867629819e+00  1.5373118e+01         -inf  6.89329e+05  1.53731e+01  1.53769e+01
3.883100338e+00  1.5555903e+01         -inf  6.89329e+05  1.55559e+01  1.55597e+01
3.898632740e+00  1.5468718e+01         -inf  6.89329e+05  1.54687e+01  1.54728e+01
3.914227271e+00  1.5570904e+01         -inf  6.89329e+05  1.55709e+01  1.55751e+01
3.929884180e+00  1.5531736e+01         -inf  6.89329e+05  1.55317e+01  1.55362e+01
3.945603716e+00  1.5479287e+01         -inf  6.89329e+05  1.54793e+01  1.54841e+01
3.961386131e+00  1.5512944e+01         -inf  6.89329e+05  1.55129e+01  1.55181e+01
3.977231676e+00  1.5717980e+01         -inf  6.89329e+05  1.57180e+01  1.57233e+01
3.993140603e+00  1.5755305e+01         -inf  6.89329e+05  1.57553e+01  1.57609e+01
4.009113165e+00  1.6005282e+01         -inf  6.89329e+05  1.60053e+01  1.60110e+01
4.025149618e+00  1.6206116e+01         -inf  6.89329e+05  1.62061e+01  1.62120e+01
4.041250216e+00  1.6503229e+01         -inf  6.89329e+05  1.65032e+01  1.65092e+01
4.057415217e+00  1.6724970e+01         -inf  6.89329e+05  1.67250e+01  1.67311e+01
4.073644878e+00  1.7087899e+01         -inf  6.89329e+05  1.70879e+01  1.70941e+01
4.089939457e+00  1.7414599e+01         -inf  6.89329e+05  1.74146e+01  1.74208e+01
4.106299215e+00  1.7701340e+01         -inf  6.89329e+05  1.77013e+01  1.77077e+01
4.122724412e+00  1.7977327e+01         -inf  6.89329e+05  1.79773e+01  1.79838e+01
4.139215310e+00  1.8211837e+01         -inf  6.89329e+05  1.82118e+01  1.82184e+01
4.155772171e+00  1.8390089e+01         -inf  6.89329e+05  1.83901e+01  1.83963e+01
4.172395260e+00  1.9524131e+01         -inf  6.89329e+05  1.95241e+01  1.95273e+01
4.189084841e+00  2.4711560e+01         -inf  6.89329e+05  2.47116e+01  2.47162e+01
4.205841180e+00  3.3720352e+01         -inf  6.89329e+05  3.37204e+01  3.37350e+01
4.222664545e+00  4.1938550e+01         -inf  6.89329e+05  4.19386e+01  4.19665e+01
4.239555203e+00  4.5381786e+01         -inf  6.89329e+05  4.53818e+01  4.54131e+01
4.256513424e+00  4.3537630e+01         -inf  6.89329e+05  4.35376e+01  4.35576e+01
4.273539477e+00  4.5254137e+01         -inf  6.89329e+05  4.52541e+01  4.52788e+01
4.290633635e+00  4.3601804e+01         -inf  6.89329e+05  4.36018e+01  4.36266e+01
4.307796170e+00  4.0698169e+01         -inf  6.89329e+05  4.06982e+01  4.07233e+01
4.325027355e+00  3.7245140e+01         -inf  6.89329e+05  3.72451e+01  3.72651e+01
4.342327464e+00  3.4943974e+01         -inf  6.89329e+05  3.49440e+01  3.49608e+01
4.359696774e+00  3.3951794e+01         -inf  6.89329e+05  3.39518e+01  3.39623e+01
4.377135561e+00  3.1497137e+01         -inf  6.89329e+05  3.14971e+01  3.15032e+01
4.394644103e+00  3.1510298e+01         -inf  6.89329e+05  3.15103e+01  3.15142e+01
4.412222680e+00  3.0486144e+01         -inf  6.89329e+05  3.04861e+01  3.04886e+01
4.429871570e+00  2.8132864e+01         -inf  6.89329e+05  2.81329e+01  2.81348e+01
4.447591057e+00  2.4364720e+01         -inf  6.89329e+05  2.43647e+01  2.43673e+01
4.465381421e+00  2.1315169e+01         -inf  6.89329e+05  2.13152e+01  2.13185e+01
4.483242946e+00  1.9142872e+01         -inf  6.89329e+05  1.91429e+01  1.91474e+01
4.501175918e+00  1.7867157e+01         -inf  6.89329e+05  1.78672e+01  1.78758e+01
4.519180622e+00  1.8072907e+01         -inf  6.89329e+05  1.80729e+01  1.80798e+01
4.537257344e+00  1.7517733e+01         -inf  6.89329e+05  1.75177e+01  1.75270e+01
4.555406374e+00  1.6849241e+01         -inf  6.89329e+05  1.68492e+01  1.68625e+01
4.573627999e+00  1.6280451e+01         -inf  6.89329e+05  1.62805e+01  1.62986e+01
4.591922511e+00  1.5757890e+01         -inf  6.89329e+05  1.57579e+01  1.57812e+01
4.610290201e+00  1.5507883e+01         -inf  6.89329e+05  1.55079e+01  1.55341e+01
4.628731362e+00  1.5364528e+01         -inf  6.89329e+05  1.53645e+01  1.53924e+01
4.647246288e+00  1.5260608e+01         -inf  6.89329e+05  1.52606e+01  1.52899e+01
4.665835273e+00  1.5192825e+01         -inf  6.89329e+05  1.51928e+01  1.52235e+01
4.684498614e+00  1.5548740e+01         -inf  6.89329e+05  1.55487e+01  1.55807e+01
4.703236608e+00  1.9138987e+01         -inf  6.89329e+05  1.91390e+01  1.91693e+01
4.722049555e+00  1.9727967e+01         -inf  6.89329e+05  1.97280e+01  1.97598e+01
4.740937753e+00  1.8647978e+01         -inf  6.89329e+05  1.86480e+01  1.86820e+01
4.759901504e+00  1.8883777e+01         -inf  6.89329e+05  1.88838e+01  1.89193e+01
4.778941110e+00  1.8699637e+01         -inf  6.89329e+05  1.86996e+01  1.87341e+01
4.798056874e+00  1.7941611e+01         -inf  6.89329e+05  1.79416e+01  1.79765e+01
4.817249102e+00  2.0137402e+01         -inf  6.89329e+05  2.01374e+01  2.01620e+01
4.836518098e+00  1.7871719e+01         -inf  6.89329e+05  1.78717e+01  1.79036e+01
4.855864171e+00  1.7830614e+01         -inf  6.89329e+05  1.78306e+01  1.78619e+01
4.875287627e+00  1.6812876e+01         -inf  6.89329e+05  1.68129e+01  1.68505e+01
4.894788778e+00  1.5985343e+01         -inf  6.89329e+05  1.59853e+01  1.60298e+01
4.914367933e+00  1.6072394e+01         -inf  6.89329e+05  1.60724e+01  1.61210e+01
4.934025405e+00  1.5421665e+01         -inf  6.89329e+05  1.54217e+01  1.54745e+01
4.953761506e+00  1.5351055e+01         -inf  6.89329e+05  1.53511e+01  1.54058e+01
4.973576552e+00  1.5161694e+01         -inf  6.89329e+05  1.51617e+01  1.52188e+01
4.993470859e+00  1.5045445e+01         -inf  6.89329e+05  1.50454e+01  1.51049e+01
5.013444742e+00  1.4952007e+01         -inf  6.89329e+05  1.49520e+01  1.50138e+01
5.033498521e+00  1.4937516e+01         -inf  6.89329e+05  1.49375e+01  1.50017e+01
5.053632515e+00  1.4930527e+01         -inf  6.89329e+05  1.49305e+01  1.49972e+01
5.073847045e+00  1.4961786e+01         -inf  6.89329e+05  1.49618e+01  1.50310e+01
5.094142433e+00  1.5052432e+01         -inf  6.89329e+05  1.50524e+01  1.51240e+01
5.114519003e+00  1.5064808e+01         -inf  6.89329e+05  1.50648e+01  1.51392e+01
5.134977079e+00  1.4976962e+01         -inf  6.89329e+05  1.49770e+01  1.50544e+01
5.155516987e+00  1.5124917e+01         -inf  6.89329e+05  1.51249e+01  1.52048e+01
5.176139055e+00  1.7019481e+01         -inf  6.89329e+05  1.70195e+01  1.70898e+01
5.196843612e+00  1.5708957e+01         -inf  6.89329e+05  1.57090e+01  1.57894e+01
5.217630986e+00  1.5946133e+01         -inf  6.89329e+05  1.59461e+01  1.60253e+01
5.238501510e+00  1.5628633e+01         -inf  6.89329e+05  1.56286e+01  1.57122e+01
5.259455516e+00  1.5348459e+01         -inf  6.89329e+05  1.53485e+01  1.54380e+01
5.280493338e+00  1.5071093e+01         -inf  6.89329e+05  1.50711e+01  1.51662e+01
5.301615311e+00  1.4977639e+01         -inf  6.89329e+05  1.49776e+01  1.50763e+01
5.322821773e+00  1.4986279e+01         -inf  6.89329e+05  1.49863e+01  1.50866e+01
5.344113060e+00  1.4935912e+01         -inf  6.89329e+05  1.49359e+01  1.50376e+01
5.365489512e+00  1.4928633e+01         -inf  6.89329e+05  1.49286e+01  1.50313e+01
5.386951470e+00  1.4922785e+01         -inf  6.89329e+05  1.49228e+01  1.50262e+01
5.408499276e+00  1.4924878e+01         -inf  6.89329e+05  1.49249e+01  1.50290e+01
5.430133273e+00  1.4931077e+01         -inf  6.89329e+05  1.49311e+01  1.50361e+01
5.451853806e+00  1.4938458e+01         -inf  6.89329e+05  1.49385e+01  1.50438e+01
5.473661221e+00  1.4958668e+01         -inf  6.89329e+05  1.49587e+01  1.50639e+01
5.495555866e+00  1.4994168e+01         -inf  6.89329e+05  1.49942e+01  1.50989e+01
5.517538090e+00  1.5021715e+01         -inf  6.89329e+05  1.50217e+01  1.51263e+01
5.539608242e+00  1.5001771e+01         -inf  6.89329e+05  1.50018e+01  1.51059e+01
5.561766675e+00  1.4950355e+01         -inf  6.89329e+05  1.49504e+01  1.50542e+01
5.584013742e+00  1.4972816e+01         -inf  6.89329e+05  1.49728e+01  1.50766e+01
5.606349797e+00  1.4985455e+01         -inf  6.89329e+05  1.49855e+01  1.50892e+01
5.628775196e+00  1.4968996e+01         -inf  6.89329e+05  1.49690e+01  1.50728e+01
5.651290297e+00  1.4949846e+01         -inf  6.89329e+05  1.49498e+01  1.50539e+01
5.673895458e+00  1.4944781e+01         -inf  6.89329e+05  1.49448e+01  1.50488e+01
5.696591040e+00  1.4939335e+01         -inf  6.89329e+05  1.49393e+01  1.50436e+01
5.719377404e+00  1.4995372e+01         -inf  6.89329e+05  1.49954e+01  1.50998e+01
5.742254913e+00  1.5421582e+01         -inf  6.89329e+05  1.54216e+01  1.55257e+01
5.765223933e+00  1.5467148e+01         -inf  6.89329e+05  1.54671e+01  1.55711e+01
5.788284829e+00  1.5225704e+01         -inf  6.89329e+05  1.52257e+01  1.53297e+01
5.811437968e+00  1.5265279e+01         -inf  6.89329e+05  1.52653e+01  1.53691e+01
5.834683720e+00  1.5377215e+01         -inf  6.89329e+05  1.53772e+01  1.54813e+01
5.858022455e+00  1.5263025e+01         -inf  6.89329e+05  1.52630e+01  1.53680e+01
5.881454545e+00  1.5125486e+01         -inf  6.89329e+05  1.51255e+01  1.52319e+01
5.904980363e+00  1.5023135e+01         -inf  6.89329e+05  1.50231e+01  1.51312e+01
5.928600284e+00  1.4975951e+01         -inf  6.89329e+05  1.49760e+01  1.50860e+01
5.952314685e+00  1.4963948e+01         -inf  6.89329e+05  1.49639e+01  1.50760e+01
5.976123944e+00  1.4947961e+01         -inf  6.89329e+05  1.49480e+01  1.50631e+01
6.000028440e+00  1.4956124e+01         -inf  6.89329e+05  1.49561e+01  1.50747e+01
6.024028554e+00  1.4942937e+01         -inf  6.89329e+05  1.49429e+01  1.50656e+01
6.048124668e+00  1.4951112e+01         -inf  6.89329e+05  1.49511e+01  1.50787e+01
6.072317167e+00  1.4952011e+01         -inf  6.89329e+05  1.49520e+01  1.50850e+01
6.096606435e+00  1.4943027e+01         -inf  6.89329e+05  1.49430e+01  1.50819e+01
6.120992861e+00  1.4947811e+01         -inf  6.89329e+05  1.49478e+01  1.50933e+01
6.145476832e+00  1.4932231e+01         -inf  6.89329e+05  1.49322e+01  1.50849e+01
6.170058740e+00  1.4942577e+01         -inf  6.89329e+05  1.49426e+01  1.51030e+01
6.194738975e+00  1.4934150e+01         -inf  6.89329e+05  1.49341e+01  1.51018e+01
6.219517931e+00  1.4937620e+01         -inf  6.89329e+05  1.49376e+01  1.51119e+01
6.244396002e+00  1.4918325e+01         -inf  6.89329e+05  1.49183e+01  1.50982e+01
6.269373586e+00  1.4869506e+01         -inf  6.89329e+05  1.48695e+01  1.50538e+01
6.294451081e+00  1.4932051e+01         -inf  6.89329e+05  1.49321e+01  1.51198e+01
6.319628885e+00  1.4861527e+01         -inf  6.89329e+05  1.48615e+01  1.50520e+01
6.344907401e+00  1.4925667e+01         -inf  6.89329e+05  1.49257e+01  1.51185e+01
6.370287030e+00  1.4858939e+01         -inf  6.89329e+05  1.48589e+01  1.50547e+01
6.395768178e+00  1.4881340e+01         -inf  6.89329e+05  1.48813e+01  1.50801e+01
6.421351251e+00  1.4880668e+01         -inf  6.89329e+05  1.48807e+01  1.50832e+01
6.447036656e+00  1.4923958e+01         -inf  6.89329e+05  1.49240e+01  1.51309e+01
6.472824803e+00  1.5024173e+01         -inf  6.89329e+05  1.50242e+01  1.52365e+01
6.498716102e+00  1.5414909e+01         -inf  6.89329e+05  1.54149e+01  1.56323e+01
6.524710966e+00  1.5014150e+01         -inf  6.89329e+05  1.50141e+01  1.52412e+01
6.550809810e+00  1.4822598e+01         -inf  6.89329e+05  1.48226e+01  1.50593e+01
6.577013049e+00  1.4808218e+01         -inf  6.89329e+05  1.48082e+01  1.50552e+01
6.603321102e+00  1.4794803e+01         -inf  6.89329e+05  1.47948e+01  1.50536e+01
6.629734386e+00  1.4776442e+01         -inf  6.89329e+05  1.47764e+01  1.50478e+01
6.656253324e+00  1.4809802e+01         -inf  6.89329e+05  1.48098e+01  1.50945e+01
6.682878337e+00  1.4763100e+01         -inf  6.89329e+05  1.47631e+01  1.50623e+01
6.709609850e+00  1.4747434e+01         -inf  6.89329e+05  1.47474e+01  1.50622e+01
6.736448290e+00  1.4783653e+01         -inf  6.89329e+05  1.47837e+01  1.51144e+01
6.763394083e+00  1.4691475e+01         -inf  6.89329e+05  1.46915e+01  1.50403e+01
6.790447659e+00  1.4862558e+01         -inf  6.89329e+05  1.48626e+01  1.52296e+01
6.817609450e+00  1.4723493e+01         -inf  6.89329e+05  1.47235e+01  1.51118e+01
6.844879888e+00  1.4701992e+01         -inf  6.89329e+05  1.47020e+01  1.51118e+01
6.872259407e+00  1.4680944e+01         -inf  6.89329e+05  1.46809e+01  1.51126e+01
6.899748445e+00  1.4716540e+01         -inf  6.89329e+05  1.47165e+01  1.51711e+01
6.927347438e+00  1.4611243e+01         -inf  6.89329e+05  1.46112e+01  1.50918e+01
6.955056828e+00  1.4542770e+01         -inf  6.89329e+05  1.45428e+01  1.50513e+01
6.982877056e+00  1.4548873e+01         -inf  6.89329e+05  1.45489e+01  1.50865e+01
7.010808564e+00  1.4509999e+01         -inf  6.89329e+05  1.45100e+01  1.50795e+01
7.038851798e+00  1.4428862e+01         -inf  6.89329e+05  1.44289e+01  1.50339e+01
7.067007205e+00  1.4397931e+01         -inf  6.89329e+05  1.43979e+01  1.50386e+01
7.095275234e+00  1.4367211e+01         -inf  6.89329e+05  1.43672e+01  1.50472e+01
7.123656335e+00  1.4312760e+01         -inf  6.89329e+05  1.43128e+01  1.50328e+01
7.152150960e+00  1.4305695e+01         -inf  6.89329e+05  1.43057e+01  1.50686e+01
7.180759564e+00  1.4276494e+01         -inf  6.89329e+05  1.42765e+01  1.50831e+01
7.209482602e+00  1.4356159e+01         -inf  6.89329e+05  1.43562e+01  1.52046e+01
7.238320533e+00  1.4446037e+01         -inf  6.89329e+05  1.44460e+01  1.53313e+01
7.267273815e+00  1.4626135e+01         -inf  6.89329e+05  1.46261e+01  1.55415e+01
7.296342910e+00  1.4592695e+01         -inf  6.89329e+05  1.45927e+01  1.55443e+01
7.325528282e+00  1.4955325e+01         -inf  6.89329e+05  1.49553e+01  1.59117e+01
7.354830395e+00  1.5457602e+01         -inf  6.89329e+05  1.54576e+01  1.64010e+01
7.384249717e+00  1.6125905e+01         -inf  6.89329e+05  1.61259e+01  1.70413e+01
7.413786715e+00  1.5822035e+01         -inf  6.89329e+05  1.58220e+01  1.67944e+01
7.443441862e+00  1.6533002e+01         -inf  6.89329e+05  1.65330e+01  1.74809e+01
7.473215630e+00  1.6239509e+01         -inf  6.89329e+05  1.62395e+01  1.72407e+01
7.503108492e+00  1.6701064e+01         -inf  6.89329e+05  1.67011e+01  1.76925e+01
7.533120926e+00  1.6159295e+01         -inf  6.89329e+05  1.61593e+01  1.72214e+01
7.563253410e+00  1.5199325e+01         -inf  6.89329e+05  1.51993e+01  1.63620e+01
7.593506424e+00  1.4761073e+01         -inf  6.89329e+05  1.47611e+01  1.59549e+01
7.623880449e+00  1.4810310e+01         -inf  6.89329e+05  1.48103e+01  1.59608e+01
7.654375971e+00  1.9521312e+01         -inf  6.89329e+05  1.95213e+01  2.03139e+01
7.684993475e+00  1.9194547e+01         -inf  6.89329e+05  1.91945e+01  1.99565e+01
7.715733449e+00  1.7271049e+01         -inf  6.89329e+05  1.72710e+01  1.82052e+01
7.746596383e+00  1.5996355e+01         -inf  6.89329e+05  1.59964e+01  1.70753e+01
7.777582768e+00  1.5634291e+01         -inf  6.89329e+05  1.56343e+01  1.68490e+01
7.808693099e+00  1.5750790e+01         -inf  6.89329e+05  1.57508e+01  1.69258e+01
7.839927872e+00  1.6112319e+01         -inf  6.89329e+05  1.61123e+01  1.72360e+01
7.871287583e+00  1.6390751e+01         -inf  6.89329e+05  1.63908e+01  1.75162e+01
7.902772733e+00  1.5714415e+01         -inf  6.89329e+05  1.57144e+01  1.69554e+01
7.934383824e+00  1.5678580e+01         -inf  6.89329e+05  1.56786e+01  1.70062e+01
7.966121360e+00  1.4800781e+01         -inf  6.89329e+05  1.48008e+01  1.62730e+01
7.997985845e+00  1.4517639e+01         -inf  6.89329e+05  1.45176e+01  1.60724e+01
8.029977788e+00  1.4573831e+01         -inf  6.89329e+05  1.45738e+01  1.61699e+01
8.062097700e+00  1.4103004e+01         -inf  6.89329e+05  1.41030e+01  1.57880e+01
8.094346090e+00  1.3890010e+01         -inf  6.89329e+05  1.38900e+01  1.56269e+01
8.126723475e+00  1.3601440e+01         -inf  6.89329e+05  1.36014e+01  1.54018e+01
8.159230369e+00  1.3395419e+01         -inf  6.89329e+05  1.33954e+01  1.52448e+01
8.191867290e+00  1.3424926e+01         -inf  6.89329e+05  1.34249e+01  1.53087e+01
8.224634759e+00  1.3211896e+01         -inf  6.89329e+05  1.32119e+01  1.51432e+01
8.257533298e+00  1.3161556e+01         -inf  6.89329e+05  1.31616e+01  1.51339e+01
8.290563432e+00  1.3024457e+01         -inf  6.89329e+05  1.30245e+01  1.50390e+01
8.323725685e+00  1.3035902e+01         -inf  6.89329e+05  1.30359e+01  1.50903e+01
8.357020588e+00  1.2973954e+01         -inf  6.89329e+05  1.29740e+01  1.50687e+01
8.390448670e+00  1.3002853e+01         -inf  6.89329e+05  1.30029e+01  1.51349e+01
8.424010465e+00  1.2994120e+01         -inf  6.89329e+05  1.29941e+01  1.51649e+01
8.457706507e+00  1.3029947e+01         -inf  6.89329e+05  1.30299e+01  1.52354e+01
8.491537333e+00  1.3023222e+01         -inf  6.89329e+05  1.30232e+01  1.52748e+01
8.525503482e+00  1.3006767e+01         -inf  6.89329e+05  1.30068e+01  1.53064e+01
8.559605496e+00  1.2944702e+01         -inf  6.89329e+05  1.29447e+01  1.53002e+01
8.593843918e+00  1.3007608e+01         -inf  6.89329e+05  1.30076e+01  1.54001e+01
8.628219294e+00  1.3055339e+01         -inf  6.89329e+05  1.30553e+01  1.54880e+01
8.662732171e+00  1.3032003e+01         -inf  6.89329e+05  1.30320e+01  1.55123e+01
8.697383100e+00  1.3067856e+01         -inf  6.89329e+05  1.30679e+01  1.56002e+01
8.732172632e+00  1.3025323e+01         -inf  6.89329e+05  1.30253e+01  1.56139e+01
8.767101323e+00  1.2984371e+01         -inf  6.89329e+05  1.29844e+01  1.56274e+01
8.802169728e+00  1.3166046e+01         -inf  6.89329e+05  1.31660e+01  1.58576e+01
8.837378407e+00  1.3284327e+01         -inf  6.89329e+05  1.32843e+01  1.60235e+01
8.872727920e+00  1.3247544e+01         -inf  6.89329e+05  1.32475e+01  1.60362e+01
8.908218832e+00  1.3222762e+01         -inf  6.89329e+05  1.32228e+01  1.60628e+01
8.943851707e+00  1.3204384e+01         -inf  6.89329e+05  1.32044e+01  1.60982e+01
8.979627114e+00  1.2984786e+01         -inf  6.89329e+05  1.29848e+01  1.59389e+01
9.015545623e+00  1.2701961e+01         -inf  6.89329e+05  1.27020e+01  1.57183e+01
9.051607805e+00  1.2683485e+01         -inf  6.89329e+05  1.26835e+01  1.57575e+01
9.087814236e+00  1.2686511e+01         -inf  6.89329e+05  1.26865e+01  1.58238e+01
9.124165493e+00  1.2660984e+01         -inf  6.89329e+05  1.26610e+01  1.58777e+01
9.160662155e+00  1.2621913e+01         -inf  6.89329e+05  1.26219e+01  1.59376e+01
9.197304804e+00  1.2719895e+01         -inf  6.89329e+05  1.27199e+01  1.61103e+01
9.234094023e+00  1.2490028e+01         -inf  6.89329e+05  1.24900e+01  1.59216e+01
9.271030399e+00  1.2440476e+01         -inf  6.89329e+05  1.24405e+01  1.59052e+01
9.308114521e+00  1.2454768e+01         -inf  6.89329e+05  1.24548e+01  1.59842e+01
9.345346979e+00  1.2653782e+01         -inf  6.89329e+05  1.26538e+01  1.62410e+01
9.382728367e+00  1.5493715e+01         -inf  6.89329e+05  1.54937e+01  1.89853e+01
9.420259280e+00  1.9823110e+01         -inf  6.89329e+05  1.98231e+01  2.27968e+01
9.457940318e+00  2.1896659e+01         -inf  6.89329e+05  2.18967e+01  2.43785e+01
9.495772079e+00  2.3201870e+01         -inf  6.89329e+05  2.32019e+01  2.53976e+01
9.533755167e+00  2.2201984e+01         -inf  6.89329e+05  2.22020e+01  2.47120e+01
9.571890188e+00  1.7753716e+01         -inf  6.89329e+05  1.77537e+01  2.11930e+01
9.610177749e+00  2.1833028e+01         -inf  6.89329e+05  2.18330e+01  2.45414e+01
9.648618460e+00  2.1756172e+01         -inf  6.89329e+05  2.17562e+01  2.46487e+01
9.687212933e+00  2.0715613e+01         -inf  6.89329e+05  2.07156e+01  2.37556e+01
9.725961785e+00  2.0490126e+01         -inf  6.89329e+05  2.04901e+01  2.35505e+01
9.764865632e+00  2.0320364e+01         -inf  6.89329e+05  2.03204e+01  2.34879e+01
9.803925095e+00  1.9485503e+01         -inf  6.89329e+05  1.94855e+01  2.29217e+01
9.843140795e+00  1.8366228e+01         -inf  6.89329e+05  1.83662e+01  2.20720e+01
9.882513358e+00  1.6807121e+01         -inf  6.89329e+05  1.68071e+01  2.08613e+01
9.922043412e+00  1.5394963e+01         -inf  6.89329e+05  1.53950e+01  1.96976e+01
9.961731585e+00  1.4080798e+01         -inf  6.89329e+05  1.40808e+01  1.85914e+01
1.000157851e+01  1.2851113e+01         -inf  6.89329e+05  1.28511e+01  1.75277e+01
1.004158483e+01  1.1669633e+01         -inf  6.89329e+05  1.16696e+01  1.64887e+01
1.008175117e+01  1.1048165e+01         -inf  6.89329e+05  1.10482e+01  1.59890e+01
1.012207817e+01  1.0455683e+01         -inf  6.89329e+05  1.04557e+01  1.55365e+01
1.016256648e+01  1.0094387e+01         -inf  6.89329e+05  1.00944e+01  1.52971e+01
1.020321675e+01  9.8758579e+00         -inf  6.89329e+05  9.87586e+00  1.51689e+01
1.024402962e+01  9.7646111e+00         -inf  6.89329e+05  9.76461e+00  1.51312e+01
1.028500573e+01  9.6857906e+00         -inf  6.89329e+05  9.68579e+00  1.51237e+01
1.032614576e+01  9.5717514e+00         -inf  6.89329e+05  9.57175e+00  1.51055e+01
1.036745034e+01  9.4063830e+00         -inf  6.89329e+05  9.40638e+00  1.50359e+01
1.040892014e+01  9.3146563e+00         -inf  6.89329e+05  9.31466e+00  1.49958e+01
1.045055582e+01  9.2385078e+00         -inf  6.89329e+05  9.23851e+00  1.50526e+01
1.049235805e+01  9.1521451e+00         -inf  6.89329e+05  9.15215e+00  1.50482e+01
1.053432748e+01  9.0646984e+00         -inf  6.89329e+05  9.06470e+00  1.50499e+01
1.057646479e+01  8.9579953e+00         -inf  6.89329e+05  8.95800e+00  1.50426e+01
1.061877065e+01  8.8422793e+00         -inf  6.89329e+05  8.84228e+00  1.50290e+01
1.066124573e+01  8.7284041e+00         -inf  6.89329e+05  8.72840e+00  1.50141e+01
1.070389071e+01  8.6211333e+00         -inf  6.89329e+05  8.62113e+00  1.50006e+01
1.074670627e+01  8.5226425e+00         -inf  6.89329e+05  8.52264e+00  1.49911e+01
1.078969310e+01  8.4353776e+00         -inf  6.89329e+05  8.43538e+00  1.49854e+01
1.083285187e+01  8.3436367e+00         -inf  6.89329e+05  8.34364e+00  1.49820e+01
1.087618328e+01  8.2555766e+00         -inf  6.89329e+05  8.25558e+00  1.49811e+01
1.091968801e+01  8.1608241e+00         -inf  6.89329e+05  8.16082e+00  1.49793e+01
1.096336676e+01  8.0629393e+00         -inf  6.89329e+05  8.06294e+00  1.49788e+01
1.100722023e+01  7.9667985e+00         -inf  6.89329e+05  7.96680e+00  1.49790e+01
1.105124911e+01  7.8676582e+00         -inf  6.89329e+05  7.86766e+00  1.49791e+01
1.109545411e+01  7.7678280e+00         -inf  6.89329e+05  7.76783e+00  1.49795e+01
1.113983593e+01  7.6653849e+00         -inf  6.89329e+05  7.66538e+00  1.49785e+01
1.118439527e+01  7.5630284e+00         -inf  6.89329e+05  7.56303e+00  1.49780e+01
1.122913285e+01  7.4561315e+00         -inf  6.89329e+05  7.45613e+00  1.49777e+01
1.127404938e+01  7.3500173e+00         -inf  6.89329e+05  7.35002e+00  1.49773e+01
1.131914558e+01  7.2415280e+00         -inf  6.89329e+05  7.24153e+00  1.49773e+01
1.136442216e+01  7.1299817e+00         -inf  6.89329e+05  7.12998e+00  1.49772e+01
1.140987985e+01  7.0173148e+00         -inf  6.89329e+05  7.01731e+00  1.49772e+01
1.145551937e+01  6.9043209e+00         -inf  6.89329e+05  6.90432e+00  1.49772e+01
1.150134145e+01  6.7902043e+00         -inf  6.89329e+05  6.79020e+00  1.49771e+01
1.154734681e+01  6.6662767e+00         -inf  6.89329e+05  6.66628e+00  1.49774e+01
1.159353620e+01  6.5429633e+00         -inf  6.89329e+05  6.54296e+00  1.49777e+01
1.163991035e+01  6.4357644e+00         -inf  6.89329e+05  6.43576e+00  1.49772e+01
1.168646999e+01  6.3139434e+00         -inf  6.89329e+05  6.31394e+00  1.49774e+01
1.173321587e+01  6.1913441e+00         -inf  6.89329e+05  6.19134e+00  1.49775e+01
1.178014873e+01  6.0680268e+00         -inf  6.89329e+05  6.06803e+00  1.49777e+01
1.182726932e+01  5.9418726e+00         -inf  6.89329e+05  5.94187e+00  1.49781e+01
1.187457840e+01  5.8174040e+00         -inf  6.89329e+05  5.81740e+00  1.49782e+01
1.192207672e+01  5.6913514e+00         -inf  6.89329e+05  5.69135e+00  1.49790e+01
1.196976502e+01  5.5614441e+00         -inf  6.89329e+05  5.56144e+00  1.49793e+01
1.201764408e+01  5.4246409e+00         -inf  6.89329e+05  5.42464e+00  1.49812e+01
1.206571466e+01  5.1997922e+00         -inf  6.89329e+05  5.19979e+00  1.49872e+01
1.211397752e+01  5.1393783e+00         -inf  6.89329e+05  5.13938e+00  1.49847e+01
1.216243343e+01  4.9884035e+00         -inf  6.89329e+05  4.98840e+00  1.49922e+01
1.221108316e+01  4.8341527e+00         -inf  6.89329e+05  4.83415e+00  1.49982e+01
1.225992749e+01  4.6999228e+00         -inf  6.89329e+05  4.69992e+00  1.50151e+01
1.230896720e+01  4.5759357e+00         -inf  6.89329e+05  4.57594e+00  1.50329e+01
1.235820307e+01  4.4621559e+00         -inf  6.89329e+05  4.46216e+00  1.50550e+01
1.240763589e+01  4.3561798e+00         -inf  6.89329e+05  4.35618e+00  1.50835e+01
1.245726643e+01  4.2242379e+00         -inf  6.89329e+05  4.22424e+00  1.50949e+01
1.250709549e+01  4.1017365e+00         -inf  6.89329e+05  4.10174e+00  1.51204e+01
1.255712388e+01  3.9161092e+00         -inf  6.89329e+05  3.91611e+00  1.51091e+01
1.260735237e+01  4.3198915e+00         -inf  6.89329e+05  4.31989e+00  1.53435e+01
1.265778178e+01  4.2813745e+00         -inf  6.89329e+05  4.28137e+00  1.53890e+01
1.270841291e+01  3.4917993e+00         -inf  6.89329e+05  3.49180e+00  1.51439e+01
1.275924656e+01  3.3989931e+00         -inf  6.89329e+05  3.39899e+00  1.52158e+01
1.281028355e+01  3.2275519e+00         -inf  6.89329e+05  3.22755e+00  1.52377e+01
1.286152468e+01  3.1295518e+00         -inf  6.89329e+05  3.12955e+00  1.52844e+01
1.291297078e+01  3.0321567e+00         -inf  6.89329e+05  3.03216e+00  1.53169e+01
1.296462266e+01  3.0712446e+00         -inf  6.89329e+05  3.07124e+00  1.54487e+01
1.301648115e+01  3.1499081e+00         -inf  6.89329e+05  3.14991e+00  1.54372e+01
1.306854708e+01  3.4244599e+00         -inf  6.89329e+05  3.42446e+00  1.56540e+01
1.312082127e+01  3.5674600e+00         -inf  6.89329e+05  3.56746e+00  1.56673e+01
1.317330455e+01  4.2471693e+00         -inf  6.89329e+05  4.24717e+00  1.58943e+01
1.322599777e+01  5.3213604e+00         -inf  6.89329e+05  5.32136e+00  1.62302e+01
1.327890176e+01  5.9670072e+00         -inf  6.89329e+05  5.96701e+00  1.64257e+01
1.333201737e+01  7.1992831e+00         -inf  6.89329e+05  7.19928e+00  1.70977e+01
1.338534544e+01  7.7267370e+00         -inf  6.89329e+05  7.72674e+00  1.71949e+01
1.343888682e+01  9.1103440e+00         -inf  6.89329e+05  9.11034e+00  1.80610e+01
1.349264237e+01  1.3477487e+01         -inf  6.89329e+05  1.34775e+01  2.05920e+01
1.354661294e+01  1.1347882e+01         -inf  6.89329e+05  1.13479e+01  1.92617e+01
1.360079939e+01  1.1978731e+01         -inf  6.89329e+05  1.19787e+01  1.98110e+01
1.365520258e+01  1.2054078e+01         -inf  6.89329e+05  1.20541e+01  1.99181e+01
1.370982339e+01  1.1760930e+01         -inf  6.89329e+05  1.17609e+01  1.99480e+01
1.376466269e+01  1.0486316e+01         -inf  6.89329e+05  1.04863e+01  1.91693e+01
1.381972134e+01  1.1593747e+01         -inf  6.89329e+05  1.15937e+01  2.00166e+01
1.387500022e+01  2.4777458e+01         -inf  6.89329e+05  2.47775e+01  2.91306e+01
1.393050023e+01  1.4671599e+01         -inf  6.89329e+05  1.46716e+01  2.17348e+01
1.398622223e+01  1.3742001e+01         -inf  6.89329e+05  1.37420e+01  2.12011e+01
1.404216712e+01  1.5526910e+01         -inf  6.89329e+05  1.55269e+01  2.22958e+01
1.409833578e+01  1.6165626e+01         -inf  6.89329e+05  1.61656e+01  2.26812e+01
1.415472913e+01  1.8209558e+01         -inf  6.89329e+05  1.82096e+01  2.39846e+01
1.421134804e+01  2.0645875e+01         -inf  6.89329e+05  2.06459e+01  2.58035e+01
1.426819344e+01  2.2280545e+01         -inf  6.89329e+05  2.22805e+01  2.69078e+01
1.432526621e+01  2.3794006e+01         -inf  6.89329e+05  2.37940e+01  2.80703e+01
1.438256727e+01  2.6765202e+01         -inf  6.89329e+05  2.67652e+01  3.04193e+01
1.444009754e+01  2.8454231e+01         -inf  6.89329e+05  2.84542e+01  3.18957e+01
1.449785793e+01  2.8633548e+01         -inf  6.89329e+05  2.86335e+01  3.19850e+01
1.455584937e+01  3.0839998e+01         -inf  6.89329e+05  3.08400e+01  3.39708e+01
1.461407276e+01  3.2406528e+01         -inf  6.89329e+05  3.24065e+01  3.54184e+01
1.467252905e+01  3.2491727e+01         -inf  6.89329e+05  3.24917e+01  3.55213e+01
1.473121917e+01  3.2772270e+01         -inf  6.89329e+05  3.27723e+01  3.58075e+01
1.479014405e+01  3.4028091e+01         -inf  6.89329e+05  3.40281e+01  3.70121e+01
1.484930462e+01  3.3664513e+01         -inf  6.89329e+05  3.36645e+01  3.67220e+01
1.490870184e+01  3.3734880e+01         -inf  6.89329e+05  3.37349e+01  3.69197e+01
1.496833665e+01  4.5148583e+01         -inf  6.89329e+05  4.51486e+01  4.88477e+01
1.502821000e+01  3.4501859e+01         -inf  6.89329e+05  3.45019e+01  3.75937e+01
1.508832284e+01  3.5252371e+01         -inf  6.89329e+05  3.52524e+01  3.84345e+01
1.514867613e+01  3.3156945e+01         -inf  6.89329e+05  3.31569e+01  3.64863e+01
1.520927083e+01  3.1740769e+01         -inf  6.89329e+05  3.17408e+01  3.51978e+01
1.527010791e+01  3.2308607e+01         -inf  6.89329e+05  3.23086e+01  3.58379e+01
1.533118835e+01  3.2372243e+01         -inf  6.89329e+05  3.23722e+01  3.59646e+01
1.539251310e+01  3.3441683e+01         -inf  6.89329e+05  3.34417e+01  3.70884e+01
1.545408315e+01  2.9953804e+01         -inf  6.89329e+05  2.99538e+01  3.40719e+01
1.551589948e+01  2.9161570e+01         -inf  6.89329e+05  2.91616e+01  3.34046e+01
1.557796308e+01  2.7001091e+01         -inf  6.89329e+05  2.70011e+01  3.16961e+01
1.564027493e+01  2.4451789e+01         -inf  6.89329e+05  2.44518e+01  2.97566e+01
1.570283603e+01  2.4127054e+01         -inf  6.89329e+05  2.41271e+01  2.96515e+01
1.576564738e+01  2.2068319e+01         -inf  6.89329e+05  2.20683e+01  2.82274e+01
1.582870997e+01  1.9649783e+01         -inf  6.89329e+05  1.96498e+01  2.67372e+01
1.589202481e+01  1.7990349e+01         -inf  6.89329e+05  1.79903e+01  2.57096e+01
1.595559291e+01  1.4388340e+01         -inf  6.89329e+05  1.43883e+01  2.36052e+01
1.601941528e+01  1.3943438e+01         -inf  6.89329e+05  1.39434e+01  2.35632e+01
1.608349294e+01  8.9488963e+00         -inf  6.89329e+05  8.94890e+00  2.09276e+01
1.614782691e+01  1.1507375e+01         -inf  6.89329e+05  1.15074e+01  2.23901e+01
1.621241822e+01  1.9179583e+01         -inf  6.89329e+05  1.91796e+01  2.71634e+01
1.627726789e+01  8.1848231e+00         -inf  6.89329e+05  8.18482e+00  2.06280e+01
1.634237696e+01  5.9352661e+00         -inf  6.89329e+05  5.93527e+00  1.95457e+01
1.640774647e+01  7.9678488e+00         -inf  6.89329e+05  7.96785e+00  2.07367e+01
1.647337746e+01  7.0222840e+00         -inf  6.89329e+05  7.02228e+00  2.04619e+01
1.653927097e+01  5.7222815e+00         -inf  6.89329e+05  5.72228e+00  1.96775e+01
1.660542805e+01  4.7017862e+00         -inf  6.89329e+05  4.70179e+00  1.92286e+01
1.667184976e+01  3.1409658e+00         -inf  6.89329e+05  3.14097e+00  1.85790e+01
1.673853716e+01  7.5345225e+00         -inf  6.89329e+05  7.53452e+00  2.10302e+01
1.680549131e+01  1.6136424e+00         -inf  6.89329e+05  1.61364e+00  1.81554e+01
1.687271328e+01  3.7699148e-01         -inf  6.89329e+05  3.76991e-01  1.76192e+01
1.694020413e+01 -9.9172242e-01         -inf  6.89329e+05 -9.91722e-01  1.71143e+01
1.700796495e+01 -1.6162641e+00         -inf  6.89329e+05 -1.61626e+00  1.69587e+01
1.707599681e+01 -4.4547923e+00         -inf  6.89329e+05 -4.45479e+00  1.62552e+01
1.714430079e+01 -4.9446439e+00         -inf  6.89329e+05 -4.94464e+00  1.61851e+01
1.721287800e+01 -6.2974038e+00         -inf  6.89329e+05 -6.29740e+00  1.57798e+01
1.728172951e+01 -7.6813097e+00         -inf  6.89329e+05 -7.68131e+00  1.55955e+01
1.735085643e+01 -8.0269514e+00         -inf  6.89329e+05 -8.02695e+00  1.55832e+01
1.742025985e+01 -9.9829919e+00         -inf  6.89329e+05 -9.98299e+00  1.52996e+01
1.748994089e+01 -9.8138331e+00         -inf  6.89329e+05 -9.81383e+00  1.53075e+01
1.755990065e+01 -1.0845084e+01         -inf  6.89329e+05 -1.08451e+01  1.52112e+01
1.763014026e+01 -1.1492260e+01         -inf  6.89329e+05 -1.14923e+01  1.51221e+01
1.770066082e+01 -1.1902561e+01         -inf  6.89329e+05 -1.19026e+01  1.51007e+01
1.777146346e+01 -1.2312856e+01         -inf  6.89329e+05 -1.23129e+01  1.50791e+01
1.784254932e+01 -1.2851003e+01         -inf  6.89329e+05 -1.28510e+01  1.50364e+01
1.791391951e+01 -1.3003550e+01         -inf  6.89329e+05 -1.30035e+01  1.50393e+01
1.798557519e+01 -1.3345998e+01         -inf  6.89329e+05 -1.33460e+01  1.50257e+01
1.805751749e+01 -1.3664095e+01         -inf  6.89329e+05 -1.36641e+01  1.50074e+01
1.812974756e+01 -1.3843145e+01         -inf  6.89329e+05 -1.38431e+01  1.50242e+01
1.820226655e+01 -1.4184770e+01         -inf  6.89329e+05 -1.41848e+01  1.49952e+01
1.827507562e+01 -1.4058786e+01         -inf  6.89329e+05 -1.40588e+01  1.50218e+01
1.834817592e+01 -1.1303292e+01         -inf  6.89329e+05 -1.13033e+01  1.54651e+01
1.842156862e+01 -1.4828333e+01         -inf  6.89329e+05 -1.48283e+01  1.49860e+01
1.849525490e+01 -1.5094366e+01         -inf  6.89329e+05 -1.50944e+01  1.49861e+01
1.856923592e+01 -1.5188321e+01         -inf  6.89329e+05 -1.51883e+01  1.50049e+01
1.864351286e+01 -1.5370744e+01         -inf  6.89329e+05 -1.53707e+01  1.50070e+01
1.871808691e+01 -1.5555163e+01         -inf  6.89329e+05 -1.55552e+01  1.50109e+01
1.879295926e+01 -1.5757997e+01         -inf  6.89329e+05 -1.57580e+01  1.50036e+01
1.886813110e+01 -1.6061372e+01         -inf  6.89329e+05 -1.60614e+01  1.49900e+01
1.894360362e+01 -1.6144399e+01         -inf  6.89329e+05 -1.61444e+01  1.50038e+01
1.901937804e+01 -1.6427024e+01         -inf  6.89329e+05 -1.64270e+01  1.49936e+01
1.909545555e+01 -1.6679653e+01         -inf  6.89329e+05 -1.66797e+01  1.49852e+01
1.917183737e+01 -1.6852056e+01         -inf  6.89329e+05 -1.68521e+01  1.49892e+01
1.924852472e+01 -1.7124041e+01         -inf  6.89329e+05 -1.71240e+01  1.49819e+01
1.932551882e+01 -1.7296961e+01         -inf  6.89329e+05 -1.72970e+01  1.49833e+01
1.940282089e+01 -1.7519116e+01         -inf  6.89329e+05 -1.75191e+01  1.49812e+01
1.948043218e+01 -1.7729181e+01         -inf  6.89329e+05 -1.77292e+01  1.49803e+01
1.955835391e+01 -1.7912883e+01         -inf  6.89329e+05 -1.79129e+01  1.49806e+01
1.963658732e+01 -1.8082787e+01         -inf  6.89329e+05 -1.80828e+01  1.49810e+01
1.971513367e+01 -1.8290697e+01         -inf  6.89329e+05 -1.82907e+01  1.49804e+01
1.979399421e+01 -1.8490608e+01         -inf  6.89329e+05 -1.84906e+01  1.49798e+01
1.987317018e+01 -1.8674363e+01         -inf  6.89329e+05 -1.86744e+01  1.49798e+01
1.995266286e+01 -1.8855402e+01         -inf  6.89329e+05 -1.88554e+01  1.49799e+01
