# WARNING | GENERATOR | Too many electrons per pixel (up to 9.04e+13) detected in the 1.54-19.95 um spectral range. Reduce exposure time per frame to less than 0.000 seconds.
# ------------------------------------------------------------------------
# Radiance spectrum
# NASA-GSFC Planetary Spectrum Generator (PSG) (Villanueva et al. 2018, 2022)
# Synthesized on Tue Oct  6 07:36:52 2026
# Doppler velocities [km/s] (vobs,vrot+vorb,vwidth,vrfl,vstr): 29.00000,-0.00000,0.00000,0.00000,-0.00000
# ------------------------------------------------------------------------
# Spectra synthesized with the Planetary and Universal Model of Atmospheric Scattering (PUMAS, Villanueva et al. 2018, 2022)
# Single scattering radiative transfer method
# Radiative transfer took 3.126 seconds
# ------------------------------------------------------------------------
# Spectral unit: Wavelength [um]
# Radiance unit: Contrast [transit atmospheric thickness, km]
# Wave/freq Total Noise Stellar Earth Transit
2.000000000e-01  4.1879665e+01         -inf  6.89329e+05  4.18797e+01  4.18797e+01
2.008000000e-01  4.1664941e+01         -inf  6.89329e+05  4.16649e+01  4.16649e+01
2.016032000e-01  4.1562671e+01         -inf  6.89329e+05  4.15627e+01  4.15627e+01
2.024096128e-01  4.1496629e+01         -inf  6.89329e+05  4.14966e+01  4.14966e+01
2.032192513e-01  4.1420773e+01         -inf  6.89329e+05  4.14208e+01  4.14208e+01
2.040321283e-01  4.1348691e+01         -inf  6.89329e+05  4.13487e+01  4.13487e+01
2.048482568e-01  4.1287930e+01         -inf  6.89329e+05  4.12879e+01  4.12879e+01
2.056676498e-01  4.1246039e+01         -inf  6.89329e+05  4.12460e+01  4.12460e+01
2.064903204e-01  4.1216979e+01         -inf  6.89329e+05  4.12170e+01  4.12170e+01
2.073162817e-01  4.1190183e+01         -inf  6.89329e+05  4.11902e+01  4.11902e+01
2.081455468e-01  4.1171690e+01         -inf  6.89329e+05  4.11717e+01  4.11717e+01
2.089781290e-01  4.1152065e+01         -inf  6.89329e+05  4.11521e+01  4.11521e+01
2.098140415e-01  4.1157726e+01         -inf  6.89329e+05  4.11577e+01  4.11577e+01
2.106532977e-01  4.1182258e+01         -inf  6.89329e+05  4.11823e+01  4.11823e+01
2.114959109e-01  4.1203015e+01         -inf  6.89329e+05  4.12030e+01  4.12030e+01
2.123418945e-01  4.1331331e+01         -inf  6.89329e+05  4.13313e+01  4.13313e+01
2.131912621e-01  4.1524555e+01         -inf  6.89329e+05  4.15246e+01  4.15246e+01
2.140440271e-01  4.1539273e+01         -inf  6.89329e+05  4.15393e+01  4.15393e+01
2.149002032e-01  4.1681546e+01         -inf  6.89329e+05  4.16815e+01  4.16815e+01
2.157598041e-01  4.1846079e+01         -inf  6.89329e+05  4.18461e+01  4.18461e+01
2.166228433e-01  4.2012496e+01         -inf  6.89329e+05  4.20125e+01  4.20125e+01
2.174893346e-01  4.2240793e+01         -inf  6.89329e+05  4.22408e+01  4.22408e+01
2.183592920e-01  4.2438517e+01         -inf  6.89329e+05  4.24385e+01  4.24385e+01
2.192327292e-01  4.2679628e+01         -inf  6.89329e+05  4.26796e+01  4.26796e+01
2.201096601e-01  4.2933557e+01         -inf  6.89329e+05  4.29336e+01  4.29336e+01
2.209900987e-01  4.3215773e+01         -inf  6.89329e+05  4.32158e+01  4.32158e+01
2.218740591e-01  4.3511936e+01         -inf  6.89329e+05  4.35119e+01  4.35119e+01
2.227615553e-01  4.3810348e+01         -inf  6.89329e+05  4.38103e+01  4.38103e+01
2.236526016e-01  4.4130626e+01         -inf  6.89329e+05  4.41306e+01  4.41306e+01
2.245472120e-01  4.4474652e+01         -inf  6.89329e+05  4.44747e+01  4.44747e+01
2.254454008e-01  4.4789616e+01         -inf  6.89329e+05  4.47896e+01  4.47896e+01
2.263471824e-01  4.5161141e+01         -inf  6.89329e+05  4.51611e+01  4.51611e+01
2.272525711e-01  4.5507375e+01         -inf  6.89329e+05  4.55074e+01  4.55074e+01
2.281615814e-01  4.5868298e+01         -inf  6.89329e+05  4.58683e+01  4.58683e+01
2.290742278e-01  4.6243531e+01         -inf  6.89329e+05  4.62435e+01  4.62435e+01
2.299905247e-01  4.6570853e+01         -inf  6.89329e+05  4.65709e+01  4.65709e+01
2.309104868e-01  4.6959619e+01         -inf  6.89329e+05  4.69596e+01  4.69596e+01
2.318341287e-01  4.7291051e+01         -inf  6.89329e+05  4.72911e+01  4.72911e+01
2.327614652e-01  4.7660546e+01         -inf  6.89329e+05  4.76605e+01  4.76605e+01
2.336925111e-01  4.7968945e+01         -inf  6.89329e+05  4.79689e+01  4.79689e+01
2.346272811e-01  4.8330484e+01         -inf  6.89329e+05  4.83305e+01  4.83305e+01
2.355657903e-01  4.8617363e+01         -inf  6.89329e+05  4.86174e+01  4.86174e+01
2.365080534e-01  4.8926846e+01         -inf  6.89329e+05  4.89268e+01  4.89268e+01
2.374540856e-01  4.9231415e+01         -inf  6.89329e+05  4.92314e+01  4.92314e+01
2.384039020e-01  4.9497147e+01         -inf  6.89329e+05  4.94971e+01  4.94971e+01
2.393575176e-01  4.9757591e+01         -inf  6.89329e+05  4.97576e+01  4.97576e+01
2.403149477e-01  5.0026693e+01         -inf  6.89329e+05  5.00267e+01  5.00267e+01
2.412762074e-01  5.0233977e+01         -inf  6.89329e+05  5.02340e+01  5.02340e+01
2.422413123e-01  5.0449921e+01         -inf  6.89329e+05  5.04499e+01  5.04499e+01
2.432102775e-01  5.0671512e+01         -inf  6.89329e+05  5.06715e+01  5.06715e+01
2.441831186e-01  5.0833554e+01         -inf  6.89329e+05  5.08336e+01  5.08336e+01
2.451598511e-01  5.1014811e+01         -inf  6.89329e+05  5.10148e+01  5.10148e+01
2.461404905e-01  5.1154235e+01         -inf  6.89329e+05  5.11542e+01  5.11542e+01
2.471250525e-01  5.1270672e+01         -inf  6.89329e+05  5.12707e+01  5.12707e+01
2.481135527e-01  5.1375801e+01         -inf  6.89329e+05  5.13758e+01  5.13758e+01
2.491060069e-01  5.1521247e+01         -inf  6.89329e+05  5.15212e+01  5.15212e+01
2.501024309e-01  5.1586433e+01         -inf  6.89329e+05  5.15864e+01  5.15864e+01
2.511028406e-01  5.1580404e+01         -inf  6.89329e+05  5.15804e+01  5.15804e+01
2.521072520e-01  5.1727729e+01         -inf  6.89329e+05  5.17277e+01  5.17277e+01
2.531156810e-01  5.1687413e+01         -inf  6.89329e+05  5.16874e+01  5.16874e+01
2.541281437e-01  5.1707759e+01         -inf  6.89329e+05  5.17078e+01  5.17078e+01
2.551446563e-01  5.1759756e+01         -inf  6.89329e+05  5.17598e+01  5.17598e+01
2.561652349e-01  5.1672341e+01         -inf  6.89329e+05  5.16723e+01  5.16723e+01
2.571898959e-01  5.1586810e+01         -inf  6.89329e+05  5.15868e+01  5.15868e+01
2.582186555e-01  5.1616953e+01         -inf  6.89329e+05  5.16170e+01  5.16170e+01
2.592515301e-01  5.1508436e+01         -inf  6.89329e+05  5.15084e+01  5.15084e+01
2.602885362e-01  5.1389743e+01         -inf  6.89329e+05  5.13897e+01  5.13897e+01
2.613296904e-01  5.1275193e+01         -inf  6.89329e+05  5.12752e+01  5.12752e+01
2.623750091e-01  5.1165917e+01         -inf  6.89329e+05  5.11659e+01  5.11659e+01
2.634245092e-01  5.0875760e+01         -inf  6.89329e+05  5.08758e+01  5.08758e+01
2.644782072e-01  5.0860310e+01         -inf  6.89329e+05  5.08603e+01  5.08603e+01
2.655361200e-01  5.0567878e+01         -inf  6.89329e+05  5.05679e+01  5.05679e+01
2.665982645e-01  5.0308597e+01         -inf  6.89329e+05  5.03086e+01  5.03086e+01
2.676646576e-01  5.0088502e+01         -inf  6.89329e+05  5.00885e+01  5.00885e+01
2.687353162e-01  4.9651304e+01         -inf  6.89329e+05  4.96513e+01  4.96513e+01
2.698102574e-01  4.9522400e+01         -inf  6.89329e+05  4.95224e+01  4.95224e+01
2.708894985e-01  4.9010906e+01         -inf  6.89329e+05  4.90109e+01  4.90109e+01
2.719730565e-01  4.8726306e+01         -inf  6.89329e+05  4.87263e+01  4.87263e+01
2.730609487e-01  4.8311634e+01         -inf  6.89329e+05  4.83116e+01  4.83116e+01
2.741531925e-01  4.7689954e+01         -inf  6.89329e+05  4.76900e+01  4.76900e+01
2.752498053e-01  4.7354772e+01         -inf  6.89329e+05  4.73548e+01  4.73548e+01
2.763508045e-01  4.6802758e+01         -inf  6.89329e+05  4.68028e+01  4.68028e+01
2.774562077e-01  4.6267289e+01         -inf  6.89329e+05  4.62673e+01  4.62673e+01
2.785660325e-01  4.5670679e+01         -inf  6.89329e+05  4.56707e+01  4.56707e+01
2.796802967e-01  4.5108714e+01         -inf  6.89329e+05  4.51087e+01  4.51087e+01
2.807990178e-01  4.4369032e+01         -inf  6.89329e+05  4.43690e+01  4.43690e+01
2.819222139e-01  4.3657182e+01         -inf  6.89329e+05  4.36572e+01  4.36572e+01
2.830499028e-01  4.3125224e+01         -inf  6.89329e+05  4.31252e+01  4.31252e+01
2.841821024e-01  4.2337769e+01         -inf  6.89329e+05  4.23378e+01  4.23378e+01
2.853188308e-01  4.1605693e+01         -inf  6.89329e+05  4.16057e+01  4.16057e+01
2.864601061e-01  4.0977701e+01         -inf  6.89329e+05  4.09777e+01  4.09777e+01
2.876059465e-01  4.0204703e+01         -inf  6.89329e+05  4.02047e+01  4.02047e+01
2.887563703e-01  3.9450488e+01         -inf  6.89329e+05  3.94505e+01  3.94505e+01
2.899113958e-01  3.8760745e+01         -inf  6.89329e+05  3.87607e+01  3.87607e+01
2.910710414e-01  3.8143046e+01         -inf  6.89329e+05  3.81430e+01  3.81430e+01
2.922353256e-01  3.7427371e+01         -inf  6.89329e+05  3.74274e+01  3.74274e+01
2.934042669e-01  3.6817701e+01         -inf  6.89329e+05  3.68177e+01  3.68177e+01
2.945778839e-01  3.6240305e+01         -inf  6.89329e+05  3.62403e+01  3.62403e+01
2.957561955e-01  3.5631203e+01         -inf  6.89329e+05  3.56312e+01  3.56312e+01
2.969392202e-01  3.5128534e+01         -inf  6.89329e+05  3.51285e+01  3.51285e+01
2.981269771e-01  3.4660432e+01         -inf  6.89329e+05  3.46604e+01  3.46604e+01
2.993194850e-01  3.4256373e+01         -inf  6.89329e+05  3.42564e+01  3.42564e+01
3.005167630e-01  3.3878889e+01         -inf  6.89329e+05  3.38789e+01  3.38789e+01
3.017188300e-01  3.3515060e+01         -inf  6.89329e+05  3.35151e+01  3.35151e+01
3.029257054e-01  3.3201167e+01         -inf  6.89329e+05  3.32012e+01  3.32012e+01
3.041374082e-01  3.2952935e+01         -inf  6.89329e+05  3.29529e+01  3.29529e+01
3.053539578e-01  3.2652845e+01         -inf  6.89329e+05  3.26528e+01  3.26528e+01
3.065753736e-01  3.2462906e+01         -inf  6.89329e+05  3.24629e+01  3.24629e+01
3.078016751e-01  3.2209695e+01         -inf  6.89329e+05  3.22097e+01  3.22097e+01
3.090328818e-01  3.2042911e+01         -inf  6.89329e+05  3.20429e+01  3.20429e+01
3.102690134e-01  3.1831296e+01         -inf  6.89329e+05  3.18313e+01  3.18313e+01
3.115100894e-01  3.1687180e+01         -inf  6.89329e+05  3.16872e+01  3.16872e+01
3.127561298e-01  3.1499328e+01         -inf  6.89329e+05  3.14993e+01  3.14993e+01
3.140071543e-01  3.1380000e+01         -inf  6.89329e+05  3.13800e+01  3.13800e+01
3.152631829e-01  3.1225554e+01         -inf  6.89329e+05  3.12256e+01  3.12256e+01
3.165242356e-01  3.1081084e+01         -inf  6.89329e+05  3.10811e+01  3.10811e+01
3.177903326e-01  3.0986507e+01         -inf  6.89329e+05  3.09865e+01  3.09865e+01
3.190614939e-01  3.0828499e+01         -inf  6.89329e+05  3.08285e+01  3.08285e+01
3.203377399e-01  3.0748548e+01         -inf  6.89329e+05  3.07485e+01  3.07485e+01
3.216190908e-01  3.0607280e+01         -inf  6.89329e+05  3.06073e+01  3.06073e+01
3.229055672e-01  3.0533677e+01         -inf  6.89329e+05  3.05337e+01  3.05337e+01
3.241971895e-01  3.0387490e+01         -inf  6.89329e+05  3.03875e+01  3.03875e+01
3.254939782e-01  3.0333543e+01         -inf  6.89329e+05  3.03335e+01  3.03335e+01
3.267959541e-01  3.0193779e+01         -inf  6.89329e+05  3.01938e+01  3.01938e+01
3.281031380e-01  3.0134613e+01         -inf  6.89329e+05  3.01346e+01  3.01346e+01
3.294155505e-01  3.0001876e+01         -inf  6.89329e+05  3.00019e+01  3.00019e+01
3.307332127e-01  2.9939949e+01         -inf  6.89329e+05  2.99399e+01  2.99399e+01
3.320561456e-01  2.9830573e+01         -inf  6.89329e+05  2.98306e+01  2.98306e+01
3.333843702e-01  2.9746261e+01         -inf  6.89329e+05  2.97463e+01  2.97463e+01
3.347179076e-01  2.9652459e+01         -inf  6.89329e+05  2.96525e+01  2.96525e+01
3.360567793e-01  2.9557975e+01         -inf  6.89329e+05  2.95580e+01  2.95580e+01
3.374010064e-01  2.9484133e+01         -inf  6.89329e+05  2.94841e+01  2.94841e+01
3.387506104e-01  2.9382841e+01         -inf  6.89329e+05  2.93828e+01  2.93828e+01
3.401056128e-01  2.9300792e+01         -inf  6.89329e+05  2.93008e+01  2.93008e+01
3.414660353e-01  2.9208798e+01         -inf  6.89329e+05  2.92088e+01  2.92088e+01
3.428318994e-01  2.9121265e+01         -inf  6.89329e+05  2.91213e+01  2.91213e+01
3.442032270e-01  2.9040953e+01         -inf  6.89329e+05  2.90410e+01  2.90410e+01
3.455800399e-01  2.8948879e+01         -inf  6.89329e+05  2.89489e+01  2.89489e+01
3.469623601e-01  2.8862666e+01         -inf  6.89329e+05  2.88627e+01  2.88627e+01
3.483502095e-01  2.8775657e+01         -inf  6.89329e+05  2.87757e+01  2.87757e+01
3.497436104e-01  2.8688685e+01         -inf  6.89329e+05  2.86887e+01  2.86887e+01
3.511425848e-01  2.8603943e+01         -inf  6.89329e+05  2.86039e+01  2.86039e+01
3.525471552e-01  2.8517082e+01         -inf  6.89329e+05  2.85171e+01  2.85171e+01
3.539573438e-01  2.8429841e+01         -inf  6.89329e+05  2.84298e+01  2.84298e+01
3.553731732e-01  2.8343734e+01         -inf  6.89329e+05  2.83437e+01  2.83437e+01
3.567946659e-01  2.8257324e+01         -inf  6.89329e+05  2.82573e+01  2.82573e+01
3.582218445e-01  2.8170987e+01         -inf  6.89329e+05  2.81710e+01  2.81710e+01
3.596547319e-01  2.8085028e+01         -inf  6.89329e+05  2.80850e+01  2.80850e+01
3.610933508e-01  2.7998538e+01         -inf  6.89329e+05  2.79985e+01  2.79985e+01
3.625377242e-01  2.7912161e+01         -inf  6.89329e+05  2.79122e+01  2.79122e+01
3.639878751e-01  2.7825933e+01         -inf  6.89329e+05  2.78259e+01  2.78259e+01
3.654438266e-01  2.7739667e+01         -inf  6.89329e+05  2.77397e+01  2.77397e+01
3.669056019e-01  2.7653361e+01         -inf  6.89329e+05  2.76534e+01  2.76534e+01
3.683732243e-01  2.7567168e+01         -inf  6.89329e+05  2.75672e+01  2.75672e+01
3.698467172e-01  2.7480898e+01         -inf  6.89329e+05  2.74809e+01  2.74809e+01
3.713261041e-01  2.7394627e+01         -inf  6.89329e+05  2.73946e+01  2.73946e+01
3.728114085e-01  2.7308431e+01         -inf  6.89329e+05  2.73084e+01  2.73084e+01
3.743026542e-01  2.7222233e+01         -inf  6.89329e+05  2.72222e+01  2.72222e+01
3.757998648e-01  2.7136034e+01         -inf  6.89329e+05  2.71360e+01  2.71360e+01
3.773030642e-01  2.7049872e+01         -inf  6.89329e+05  2.70499e+01  2.70499e+01
3.788122765e-01  2.6963746e+01         -inf  6.89329e+05  2.69637e+01  2.69637e+01
3.803275256e-01  2.6877619e+01         -inf  6.89329e+05  2.68776e+01  2.68776e+01
3.818488357e-01  2.6791529e+01         -inf  6.89329e+05  2.67915e+01  2.67915e+01
3.833762310e-01  2.6705513e+01         -inf  6.89329e+05  2.67055e+01  2.67055e+01
3.849097360e-01  2.6619497e+01         -inf  6.89329e+05  2.66195e+01  2.66195e+01
3.864493749e-01  2.6533554e+01         -inf  6.89329e+05  2.65336e+01  2.65336e+01
3.879951724e-01  2.6447649e+01         -inf  6.89329e+05  2.64476e+01  2.64476e+01
3.895471531e-01  2.6361780e+01         -inf  6.89329e+05  2.63618e+01  2.63618e+01
3.911053417e-01  2.6275985e+01         -inf  6.89329e+05  2.62760e+01  2.62760e+01
3.926697631e-01  2.6190266e+01         -inf  6.89329e+05  2.61903e+01  2.61903e+01
3.942404421e-01  2.6104620e+01         -inf  6.89329e+05  2.61046e+01  2.61046e+01
3.958174039e-01  2.6019011e+01         -inf  6.89329e+05  2.60190e+01  2.60190e+01
3.974006735e-01  2.5933477e+01         -inf  6.89329e+05  2.59335e+01  2.59335e+01
3.989902762e-01  2.5848018e+01         -inf  6.89329e+05  2.58480e+01  2.58480e+01
4.005862373e-01  2.5762670e+01         -inf  6.89329e+05  2.57627e+01  2.57627e+01
4.021885823e-01  2.5677435e+01         -inf  6.89329e+05  2.56774e+01  2.56774e+01
4.037973366e-01  2.5592275e+01         -inf  6.89329e+05  2.55923e+01  2.55923e+01
4.054125259e-01  2.5507189e+01         -inf  6.89329e+05  2.55072e+01  2.55072e+01
4.070341760e-01  2.5422291e+01         -inf  6.89329e+05  2.54223e+01  2.54223e+01
4.086623127e-01  2.5337543e+01         -inf  6.89329e+05  2.53375e+01  2.53375e+01
4.102969620e-01  2.5252870e+01         -inf  6.89329e+05  2.52529e+01  2.52529e+01
4.119381498e-01  2.5168234e+01         -inf  6.89329e+05  2.51682e+01  2.51682e+01
4.135859024e-01  2.5083710e+01         -inf  6.89329e+05  2.50837e+01  2.50837e+01
4.152402460e-01  2.4999449e+01         -inf  6.89329e+05  2.49994e+01  2.49994e+01
4.169012070e-01  2.4915415e+01         -inf  6.89329e+05  2.49154e+01  2.49154e+01
4.185688119e-01  2.4831417e+01         -inf  6.89329e+05  2.48314e+01  2.48314e+01
4.202430871e-01  2.4747532e+01         -inf  6.89329e+05  2.47475e+01  2.47475e+01
4.219240595e-01  2.4664024e+01         -inf  6.89329e+05  2.46640e+01  2.46640e+01
4.236117557e-01  2.4580818e+01         -inf  6.89329e+05  2.45808e+01  2.45808e+01
4.253062027e-01  2.4497762e+01         -inf  6.89329e+05  2.44978e+01  2.44978e+01
4.270074275e-01  2.4414553e+01         -inf  6.89329e+05  2.44146e+01  2.44146e+01
4.287154572e-01  2.4331382e+01         -inf  6.89329e+05  2.43314e+01  2.43314e+01
4.304303191e-01  2.4248701e+01         -inf  6.89329e+05  2.42487e+01  2.42487e+01
4.321520403e-01  2.4166511e+01         -inf  6.89329e+05  2.41665e+01  2.41665e+01
4.338806485e-01  2.4084357e+01         -inf  6.89329e+05  2.40844e+01  2.40844e+01
4.356161711e-01  2.4002165e+01         -inf  6.89329e+05  2.40022e+01  2.40022e+01
4.373586358e-01  2.3920502e+01         -inf  6.89329e+05  2.39205e+01  2.39205e+01
4.391080703e-01  2.3839632e+01         -inf  6.89329e+05  2.38396e+01  2.38396e+01
4.408645026e-01  2.3759178e+01         -inf  6.89329e+05  2.37592e+01  2.37592e+01
4.426279606e-01  2.3678646e+01         -inf  6.89329e+05  2.36786e+01  2.36786e+01
4.443984725e-01  2.3597660e+01         -inf  6.89329e+05  2.35977e+01  2.35977e+01
4.461760664e-01  2.3516483e+01         -inf  6.89329e+05  2.35165e+01  2.35165e+01
4.479607706e-01  2.3436290e+01         -inf  6.89329e+05  2.34363e+01  2.34363e+01
4.497526137e-01  2.3357155e+01         -inf  6.89329e+05  2.33572e+01  2.33572e+01
4.515516242e-01  2.3277792e+01         -inf  6.89329e+05  2.32778e+01  2.32778e+01
4.533578307e-01  2.3198125e+01         -inf  6.89329e+05  2.31981e+01  2.31981e+01
4.551712620e-01  2.3119366e+01         -inf  6.89329e+05  2.31194e+01  2.31194e+01
4.569919470e-01  2.3042119e+01         -inf  6.89329e+05  2.30421e+01  2.30421e+01
4.588199148e-01  2.2965704e+01         -inf  6.89329e+05  2.29657e+01  2.29657e+01
4.606551945e-01  2.2889478e+01         -inf  6.89329e+05  2.28895e+01  2.28895e+01
4.624978152e-01  2.2811964e+01         -inf  6.89329e+05  2.28120e+01  2.28120e+01
4.643478065e-01  2.2733124e+01         -inf  6.89329e+05  2.27331e+01  2.27331e+01
4.662051977e-01  2.2655191e+01         -inf  6.89329e+05  2.26552e+01  2.26552e+01
4.680700185e-01  2.2579453e+01         -inf  6.89329e+05  2.25795e+01  2.25795e+01
4.699422986e-01  2.2504433e+01         -inf  6.89329e+05  2.25044e+01  2.25044e+01
4.718220678e-01  2.2428580e+01         -inf  6.89329e+05  2.24286e+01  2.24286e+01
4.737093561e-01  2.2353142e+01         -inf  6.89329e+05  2.23531e+01  2.23531e+01
4.756041935e-01  2.2279747e+01         -inf  6.89329e+05  2.22797e+01  2.22797e+01
4.775066103e-01  2.2208547e+01         -inf  6.89329e+05  2.22085e+01  2.22085e+01
4.794166367e-01  2.2138557e+01         -inf  6.89329e+05  2.21386e+01  2.21386e+01
4.813343033e-01  2.2068226e+01         -inf  6.89329e+05  2.20682e+01  2.20682e+01
4.832596405e-01  2.1995244e+01         -inf  6.89329e+05  2.19952e+01  2.19952e+01
4.851926790e-01  2.1919914e+01         -inf  6.89329e+05  2.19199e+01  2.19199e+01
4.871334497e-01  2.1845568e+01         -inf  6.89329e+05  2.18456e+01  2.18456e+01
4.890819835e-01  2.1774401e+01         -inf  6.89329e+05  2.17744e+01  2.17744e+01
4.910383115e-01  2.1704709e+01         -inf  6.89329e+05  2.17047e+01  2.17047e+01
4.930024647e-01  2.1634222e+01         -inf  6.89329e+05  2.16342e+01  2.16342e+01
4.949744746e-01  2.1563923e+01         -inf  6.89329e+05  2.15639e+01  2.15639e+01
4.969543725e-01  2.1496046e+01         -inf  6.89329e+05  2.14960e+01  2.14960e+01
4.989421900e-01  2.1431387e+01         -inf  6.89329e+05  2.14314e+01  2.14314e+01
5.009379587e-01  2.1369073e+01         -inf  6.89329e+05  2.13691e+01  2.13691e+01
5.029417106e-01  2.1307479e+01         -inf  6.89329e+05  2.13075e+01  2.13075e+01
5.049534774e-01  2.1243726e+01         -inf  6.89329e+05  2.12437e+01  2.12437e+01
5.069732913e-01  2.1175921e+01         -inf  6.89329e+05  2.11759e+01  2.11759e+01
5.090011845e-01  2.1105845e+01         -inf  6.89329e+05  2.11058e+01  2.11058e+01
5.110371892e-01  2.1037395e+01         -inf  6.89329e+05  2.10374e+01  2.10374e+01
5.130813380e-01  2.0972428e+01         -inf  6.89329e+05  2.09724e+01  2.09724e+01
5.151336633e-01  2.0909504e+01         -inf  6.89329e+05  2.09095e+01  2.09095e+01
5.171941980e-01  2.0846618e+01         -inf  6.89329e+05  2.08466e+01  2.08466e+01
5.192629748e-01  2.0784148e+01         -inf  6.89329e+05  2.07841e+01  2.07841e+01
5.213400267e-01  2.0723457e+01         -inf  6.89329e+05  2.07235e+01  2.07235e+01
5.234253868e-01  2.0665604e+01         -inf  6.89329e+05  2.06656e+01  2.06656e+01
5.255190883e-01  2.0610250e+01         -inf  6.89329e+05  2.06103e+01  2.06103e+01
5.276211647e-01  2.0556297e+01         -inf  6.89329e+05  2.05563e+01  2.05563e+01
5.297316493e-01  2.0502229e+01         -inf  6.89329e+05  2.05022e+01  2.05022e+01
5.318505759e-01  2.0446457e+01         -inf  6.89329e+05  2.04465e+01  2.04465e+01
5.339779782e-01  2.0387731e+01         -inf  6.89329e+05  2.03877e+01  2.03877e+01
5.361138902e-01  2.0326619e+01         -inf  6.89329e+05  2.03266e+01  2.03266e+01
5.382583457e-01  2.0266719e+01         -inf  6.89329e+05  2.02667e+01  2.02667e+01
5.404113791e-01  2.0210604e+01         -inf  6.89329e+05  2.02106e+01  2.02106e+01
5.425730246e-01  2.0157177e+01         -inf  6.89329e+05  2.01572e+01  2.01572e+01
5.447433167e-01  2.0103939e+01         -inf  6.89329e+05  2.01039e+01  2.01039e+01
5.469222900e-01  2.0049603e+01         -inf  6.89329e+05  2.00496e+01  2.00496e+01
5.491099791e-01  1.9994887e+01         -inf  6.89329e+05  1.99949e+01  1.99949e+01
5.513064191e-01  1.9940815e+01         -inf  6.89329e+05  1.99408e+01  1.99408e+01
5.535116447e-01  1.9887991e+01         -inf  6.89329e+05  1.98880e+01  1.98880e+01
5.557256913e-01  1.9837212e+01         -inf  6.89329e+05  1.98372e+01  1.98372e+01
5.579485941e-01  1.9789576e+01         -inf  6.89329e+05  1.97896e+01  1.97896e+01
5.601803884e-01  1.9744779e+01         -inf  6.89329e+05  1.97448e+01  1.97448e+01
5.624211100e-01  1.9700740e+01         -inf  6.89329e+05  1.97007e+01  1.97007e+01
5.646707944e-01  1.9655450e+01         -inf  6.89329e+05  1.96555e+01  1.96555e+01
5.669294776e-01  1.9608949e+01         -inf  6.89329e+05  1.96089e+01  1.96089e+01
5.691971955e-01  1.9562598e+01         -inf  6.89329e+05  1.95626e+01  1.95626e+01
5.714739843e-01  1.9516702e+01         -inf  6.89329e+05  1.95167e+01  1.95167e+01
5.737598803e-01  1.9468760e+01         -inf  6.89329e+05  1.94688e+01  1.94688e+01
5.760549198e-01  1.9416728e+01         -inf  6.89329e+05  1.94167e+01  1.94167e+01
5.783591395e-01  1.9361855e+01         -inf  6.89329e+05  1.93619e+01  1.93619e+01
5.806725760e-01  1.9306263e+01         -inf  6.89329e+05  1.93063e+01  1.93063e+01
5.829952663e-01  1.9251920e+01         -inf  6.89329e+05  1.92519e+01  1.92519e+01
5.853272474e-01  1.9199810e+01         -inf  6.89329e+05  1.91998e+01  1.91998e+01
5.876685564e-01  1.9150313e+01         -inf  6.89329e+05  1.91503e+01  1.91503e+01
5.900192306e-01  1.9103922e+01         -inf  6.89329e+05  1.91039e+01  1.91039e+01
5.923793075e-01  1.9061923e+01         -inf  6.89329e+05  1.90619e+01  1.90619e+01
5.947488247e-01  1.9024809e+01         -inf  6.89329e+05  1.90248e+01  1.90248e+01
5.971278200e-01  1.8989778e+01         -inf  6.89329e+05  1.89898e+01  1.89898e+01
5.995163313e-01  1.8953307e+01         -inf  6.89329e+05  1.89533e+01  1.89533e+01
6.019143966e-01  1.8912103e+01         -inf  6.89329e+05  1.89121e+01  1.89121e+01
6.043220542e-01  1.8865179e+01         -inf  6.89329e+05  1.88652e+01  1.88652e+01
6.067393425e-01  1.8813407e+01         -inf  6.89329e+05  1.88134e+01  1.88134e+01
6.091662998e-01  1.8758643e+01         -inf  6.89329e+05  1.87586e+01  1.87586e+01
6.116029650e-01  1.8703424e+01         -inf  6.89329e+05  1.87034e+01  1.87034e+01
6.140493769e-01  1.8649303e+01         -inf  6.89329e+05  1.86493e+01  1.86493e+01
6.165055744e-01  1.8596885e+01         -inf  6.89329e+05  1.85969e+01  1.85969e+01
6.189715967e-01  1.8546361e+01         -inf  6.89329e+05  1.85464e+01  1.85464e+01
6.214474831e-01  1.8497579e+01         -inf  6.89329e+05  1.84976e+01  1.84976e+01
6.239332730e-01  1.8449819e+01         -inf  6.89329e+05  1.84498e+01  1.84498e+01
6.264290061e-01  1.8402210e+01         -inf  6.89329e+05  1.84022e+01  1.84022e+01
6.289347221e-01  1.8356836e+01         -inf  6.89329e+05  1.83568e+01  1.83568e+01
6.314504610e-01  1.8307030e+01         -inf  6.89329e+05  1.83070e+01  1.83070e+01
6.339762629e-01  1.8259117e+01         -inf  6.89329e+05  1.82591e+01  1.82591e+01
6.365121679e-01  1.8211128e+01         -inf  6.89329e+05  1.82111e+01  1.82111e+01
6.390582166e-01  1.8163290e+01         -inf  6.89329e+05  1.81633e+01  1.81633e+01
6.416144494e-01  1.8115830e+01         -inf  6.89329e+05  1.81158e+01  1.81158e+01
6.441809072e-01  1.8070075e+01         -inf  6.89329e+05  1.80701e+01  1.80701e+01
6.467576309e-01  1.8025342e+01         -inf  6.89329e+05  1.80253e+01  1.80253e+01
6.493446614e-01  1.7981480e+01         -inf  6.89329e+05  1.79815e+01  1.79815e+01
6.519420400e-01  1.7938640e+01         -inf  6.89329e+05  1.79386e+01  1.79386e+01
6.545498082e-01  1.7895914e+01         -inf  6.89329e+05  1.78959e+01  1.78959e+01
6.571680074e-01  1.7853490e+01         -inf  6.89329e+05  1.78535e+01  1.78535e+01
6.597966795e-01  1.7811862e+01         -inf  6.89329e+05  1.78119e+01  1.78119e+01
6.624358662e-01  1.7770991e+01         -inf  6.89329e+05  1.77710e+01  1.77710e+01
6.650856096e-01  1.7730006e+01         -inf  6.89329e+05  1.77300e+01  1.77300e+01
6.677459521e-01  1.7688793e+01         -inf  6.89329e+05  1.76888e+01  1.76888e+01
6.704169359e-01  1.7648111e+01         -inf  6.89329e+05  1.76481e+01  1.76481e+01
6.730986036e-01  1.7608299e+01         -inf  6.89329e+05  1.76083e+01  1.76083e+01
6.757909981e-01  1.7569472e+01         -inf  6.89329e+05  1.75695e+01  1.75695e+01
6.784941620e-01  1.7531403e+01         -inf  6.89329e+05  1.75314e+01  1.75314e+01
6.812081387e-01  1.7494734e+01         -inf  6.89329e+05  1.74947e+01  1.74947e+01
6.839329712e-01  1.7459581e+01         -inf  6.89329e+05  1.74596e+01  1.74596e+01
6.866687031e-01  1.7459013e+01         -inf  6.89329e+05  1.74590e+01  1.74590e+01
6.894153779e-01  1.7427837e+01         -inf  6.89329e+05  1.74278e+01  1.74278e+01
6.921730395e-01  1.7357833e+01         -inf  6.89329e+05  1.73578e+01  1.73578e+01
6.949417316e-01  1.7316618e+01         -inf  6.89329e+05  1.73166e+01  1.73166e+01
6.977214985e-01  1.7281918e+01         -inf  6.89329e+05  1.72819e+01  1.72819e+01
7.005123845e-01  1.7248317e+01         -inf  6.89329e+05  1.72483e+01  1.72483e+01
7.033144341e-01  1.7216042e+01         -inf  6.89329e+05  1.72160e+01  1.72160e+01
7.061276918e-01  1.7184827e+01         -inf  6.89329e+05  1.71848e+01  1.71848e+01
7.089522026e-01  1.7154331e+01         -inf  6.89329e+05  1.71543e+01  1.71543e+01
7.117880114e-01  1.7124745e+01         -inf  6.89329e+05  1.71247e+01  1.71247e+01
7.146351634e-01  1.7096409e+01         -inf  6.89329e+05  1.70964e+01  1.70964e+01
7.174937041e-01  1.7067428e+01         -inf  6.89329e+05  1.70674e+01  1.70674e+01
7.203636789e-01  1.7036326e+01         -inf  6.89329e+05  1.70363e+01  1.70363e+01
7.232451336e-01  1.7006057e+01         -inf  6.89329e+05  1.70061e+01  1.70061e+01
7.261381142e-01  1.6977455e+01         -inf  6.89329e+05  1.69775e+01  1.69775e+01
7.290426666e-01  1.6948626e+01         -inf  6.89329e+05  1.69486e+01  1.69486e+01
7.319588373e-01  1.6920630e+01         -inf  6.89329e+05  1.69206e+01  1.69206e+01
7.348866726e-01  1.6894187e+01         -inf  6.89329e+05  1.68942e+01  1.68942e+01
7.378262193e-01  1.6868615e+01         -inf  6.89329e+05  1.68686e+01  1.68686e+01
7.407775242e-01  1.6843839e+01         -inf  6.89329e+05  1.68438e+01  1.68438e+01
7.437406343e-01  1.6820426e+01         -inf  6.89329e+05  1.68204e+01  1.68204e+01
7.467155968e-01  1.6797658e+01         -inf  6.89329e+05  1.67977e+01  1.67977e+01
7.497024592e-01  1.6772616e+01         -inf  6.89329e+05  1.67726e+01  1.67726e+01
7.527012690e-01  1.6744770e+01         -inf  6.89329e+05  1.67448e+01  1.67448e+01
7.557120741e-01  1.6717796e+01         -inf  6.89329e+05  1.67178e+01  1.67178e+01
7.587349224e-01  1.6768562e+01         -inf  6.89329e+05  1.67686e+01  1.67686e+01
7.617698621e-01  1.7061973e+01         -inf  6.89329e+05  1.70620e+01  1.70620e+01
7.648169416e-01  1.6846150e+01         -inf  6.89329e+05  1.68461e+01  1.68461e+01
7.678762093e-01  1.6637593e+01         -inf  6.89329e+05  1.66376e+01  1.66376e+01
7.709477142e-01  1.6602587e+01         -inf  6.89329e+05  1.66026e+01  1.66026e+01
7.740315050e-01  1.6583000e+01         -inf  6.89329e+05  1.65830e+01  1.65830e+01
7.771276310e-01  1.6564739e+01         -inf  6.89329e+05  1.65647e+01  1.65647e+01
7.802361416e-01  1.6544735e+01         -inf  6.89329e+05  1.65447e+01  1.65447e+01
7.833570861e-01  1.6522155e+01         -inf  6.89329e+05  1.65222e+01  1.65222e+01
7.864905145e-01  1.6497870e+01         -inf  6.89329e+05  1.64979e+01  1.64979e+01
7.896364765e-01  1.6475971e+01         -inf  6.89329e+05  1.64760e+01  1.64760e+01
7.927950224e-01  1.6454376e+01         -inf  6.89329e+05  1.64544e+01  1.64544e+01
7.959662025e-01  1.6433652e+01         -inf  6.89329e+05  1.64337e+01  1.64337e+01
7.991500673e-01  1.6413875e+01         -inf  6.89329e+05  1.64139e+01  1.64139e+01
8.023466676e-01  1.6394628e+01         -inf  6.89329e+05  1.63946e+01  1.63946e+01
8.055560543e-01  1.6376253e+01         -inf  6.89329e+05  1.63763e+01  1.63763e+01
8.087782785e-01  1.6359507e+01         -inf  6.89329e+05  1.63595e+01  1.63595e+01
8.120133916e-01  1.6343670e+01         -inf  6.89329e+05  1.63437e+01  1.63437e+01
8.152614452e-01  1.6327757e+01         -inf  6.89329e+05  1.63278e+01  1.63278e+01
8.185224910e-01  1.6310102e+01         -inf  6.89329e+05  1.63101e+01  1.63101e+01
8.217965809e-01  1.6290059e+01         -inf  6.89329e+05  1.62901e+01  1.62901e+01
8.250837672e-01  1.6269373e+01         -inf  6.89329e+05  1.62694e+01  1.62694e+01
8.283841023e-01  1.6250088e+01         -inf  6.89329e+05  1.62501e+01  1.62501e+01
8.316976387e-01  1.6232091e+01         -inf  6.89329e+05  1.62321e+01  1.62321e+01
8.350244293e-01  1.6215079e+01         -inf  6.89329e+05  1.62151e+01  1.62151e+01
8.383645270e-01  1.6198939e+01         -inf  6.89329e+05  1.61989e+01  1.61989e+01
8.417179851e-01  1.6183253e+01         -inf  6.89329e+05  1.61833e+01  1.61833e+01
8.450848570e-01  1.6168250e+01         -inf  6.89329e+05  1.61682e+01  1.61682e+01
8.484651965e-01  1.6154307e+01         -inf  6.89329e+05  1.61543e+01  1.61543e+01
8.518590573e-01  1.6141955e+01         -inf  6.89329e+05  1.61420e+01  1.61420e+01
8.552664935e-01  1.6127519e+01         -inf  6.89329e+05  1.61275e+01  1.61275e+01
8.586875595e-01  1.6111341e+01         -inf  6.89329e+05  1.61113e+01  1.61113e+01
8.621223097e-01  1.6094821e+01         -inf  6.89329e+05  1.60948e+01  1.60948e+01
8.655707989e-01  1.6078264e+01         -inf  6.89329e+05  1.60783e+01  1.60783e+01
8.690330821e-01  1.6064814e+01         -inf  6.89329e+05  1.60648e+01  1.60648e+01
8.725092145e-01  1.6048597e+01         -inf  6.89329e+05  1.60486e+01  1.60486e+01
8.759992513e-01  1.6033669e+01         -inf  6.89329e+05  1.60337e+01  1.60337e+01
8.795032483e-01  1.6020673e+01         -inf  6.89329e+05  1.60207e+01  1.60207e+01
8.830212613e-01  1.6010746e+01         -inf  6.89329e+05  1.60107e+01  1.60107e+01
8.865533464e-01  1.5998545e+01         -inf  6.89329e+05  1.59985e+01  1.59985e+01
8.900995597e-01  1.5984943e+01         -inf  6.89329e+05  1.59849e+01  1.59849e+01
8.936599580e-01  1.5971303e+01         -inf  6.89329e+05  1.59713e+01  1.59713e+01
8.972345978e-01  1.5959330e+01         -inf  6.89329e+05  1.59593e+01  1.59593e+01
9.008235362e-01  1.5946106e+01         -inf  6.89329e+05  1.59461e+01  1.59461e+01
9.044268304e-01  1.5931898e+01         -inf  6.89329e+05  1.59319e+01  1.59319e+01
9.080445377e-01  1.5918485e+01         -inf  6.89329e+05  1.59185e+01  1.59185e+01
9.116767158e-01  1.5905905e+01         -inf  6.89329e+05  1.59059e+01  1.59059e+01
9.153234227e-01  1.5893780e+01         -inf  6.89329e+05  1.58938e+01  1.58938e+01
9.189847164e-01  1.5882110e+01         -inf  6.89329e+05  1.58821e+01  1.58821e+01
9.226606552e-01  1.5871160e+01         -inf  6.89329e+05  1.58712e+01  1.58712e+01
9.263512979e-01  1.5859679e+01         -inf  6.89329e+05  1.58597e+01  1.58597e+01
9.300567031e-01  1.5848843e+01         -inf  6.89329e+05  1.58488e+01  1.58488e+01
9.337769299e-01  1.5838120e+01         -inf  6.89329e+05  1.58381e+01  1.58381e+01
9.375120376e-01  1.5827700e+01         -inf  6.89329e+05  1.58277e+01  1.58277e+01
9.412620857e-01  1.5818379e+01         -inf  6.89329e+05  1.58184e+01  1.58184e+01
9.450271341e-01  1.5808755e+01         -inf  6.89329e+05  1.58088e+01  1.58088e+01
9.488072426e-01  1.5797274e+01         -inf  6.89329e+05  1.57973e+01  1.57973e+01
9.526024716e-01  1.5786172e+01         -inf  6.89329e+05  1.57862e+01  1.57862e+01
9.564128815e-01  1.5776017e+01         -inf  6.89329e+05  1.57760e+01  1.57760e+01
9.602385330e-01  1.5766014e+01         -inf  6.89329e+05  1.57660e+01  1.57660e+01
9.640794871e-01  1.5756466e+01         -inf  6.89329e+05  1.57565e+01  1.57565e+01
9.679358051e-01  1.5746879e+01         -inf  6.89329e+05  1.57469e+01  1.57469e+01
9.718075483e-01  1.5737748e+01         -inf  6.89329e+05  1.57377e+01  1.57377e+01
9.756947785e-01  1.5728313e+01         -inf  6.89329e+05  1.57283e+01  1.57283e+01
9.795975576e-01  1.5719446e+01         -inf  6.89329e+05  1.57194e+01  1.57194e+01
9.835159478e-01  1.5710656e+01         -inf  6.89329e+05  1.57107e+01  1.57107e+01
9.874500116e-01  1.5702471e+01         -inf  6.89329e+05  1.57025e+01  1.57025e+01
9.913998117e-01  1.5695575e+01         -inf  6.89329e+05  1.56956e+01  1.56956e+01
9.953654109e-01  1.5686367e+01         -inf  6.89329e+05  1.56864e+01  1.56864e+01
9.993468726e-01  1.5677008e+01         -inf  6.89329e+05  1.56770e+01  1.56770e+01
1.003344260e+00  1.5668331e+01         -inf  6.89329e+05  1.56683e+01  1.56683e+01
1.007357637e+00  1.5660033e+01         -inf  6.89329e+05  1.56600e+01  1.56600e+01
1.011387068e+00  1.5651962e+01         -inf  6.89329e+05  1.56520e+01  1.56520e+01
1.015432616e+00  1.5643929e+01         -inf  6.89329e+05  1.56439e+01  1.56439e+01
1.019494346e+00  1.5635934e+01         -inf  6.89329e+05  1.56359e+01  1.56359e+01
1.023572324e+00  1.5628090e+01         -inf  6.89329e+05  1.56281e+01  1.56281e+01
1.027666613e+00  1.5620436e+01         -inf  6.89329e+05  1.56204e+01  1.56204e+01
1.031777280e+00  1.5612858e+01         -inf  6.89329e+05  1.56129e+01  1.56129e+01
1.035904389e+00  1.5608463e+01         -inf  6.89329e+05  1.56085e+01  1.56085e+01
1.040048006e+00  1.5604143e+01         -inf  6.89329e+05  1.56041e+01  1.56041e+01
1.044208198e+00  1.5591601e+01         -inf  6.89329e+05  1.55916e+01  1.55916e+01
1.048385031e+00  1.5592700e+01         -inf  6.89329e+05  1.55927e+01  1.55927e+01
1.052578571e+00  1.5594177e+01         -inf  6.89329e+05  1.55942e+01  1.55942e+01
1.056788885e+00  1.5571518e+01         -inf  6.89329e+05  1.55715e+01  1.55715e+01
1.061016041e+00  1.5564546e+01         -inf  6.89329e+05  1.55645e+01  1.55645e+01
1.065260105e+00  1.5561249e+01         -inf  6.89329e+05  1.55612e+01  1.55612e+01
1.069521146e+00  1.5551587e+01         -inf  6.89329e+05  1.55516e+01  1.55516e+01
1.073799230e+00  1.5544539e+01         -inf  6.89329e+05  1.55445e+01  1.55445e+01
1.078094427e+00  1.5538135e+01         -inf  6.89329e+05  1.55381e+01  1.55381e+01
1.082406805e+00  1.5531845e+01         -inf  6.89329e+05  1.55318e+01  1.55318e+01
1.086736432e+00  1.5525782e+01         -inf  6.89329e+05  1.55258e+01  1.55258e+01
1.091083378e+00  1.5519985e+01         -inf  6.89329e+05  1.55200e+01  1.55200e+01
1.095447711e+00  1.5514339e+01         -inf  6.89329e+05  1.55143e+01  1.55143e+01
1.099829502e+00  1.5508541e+01         -inf  6.89329e+05  1.55085e+01  1.55085e+01
1.104228820e+00  1.5502668e+01         -inf  6.89329e+05  1.55027e+01  1.55027e+01
1.108645735e+00  1.5497477e+01         -inf  6.89329e+05  1.54975e+01  1.54975e+01
1.113080318e+00  1.5494294e+01         -inf  6.89329e+05  1.54943e+01  1.54943e+01
1.117532640e+00  1.5490997e+01         -inf  6.89329e+05  1.54910e+01  1.54910e+01
1.122002770e+00  1.5489254e+01         -inf  6.89329e+05  1.54893e+01  1.54893e+01
1.126490781e+00  1.5490846e+01         -inf  6.89329e+05  1.54908e+01  1.54908e+01
1.130996744e+00  1.5487019e+01         -inf  6.89329e+05  1.54870e+01  1.54870e+01
1.135520731e+00  1.5484556e+01         -inf  6.89329e+05  1.54846e+01  1.54846e+01
1.140062814e+00  1.5468944e+01         -inf  6.89329e+05  1.54689e+01  1.54689e+01
1.144623065e+00  1.5463374e+01         -inf  6.89329e+05  1.54634e+01  1.54634e+01
1.149201558e+00  1.5464700e+01         -inf  6.89329e+05  1.54647e+01  1.54647e+01
1.153798364e+00  1.5474287e+01         -inf  6.89329e+05  1.54743e+01  1.54743e+01
1.158413557e+00  1.5463942e+01         -inf  6.89329e+05  1.54639e+01  1.54639e+01
1.163047212e+00  1.5470801e+01         -inf  6.89329e+05  1.54708e+01  1.54708e+01
1.167699401e+00  1.5454999e+01         -inf  6.89329e+05  1.54550e+01  1.54550e+01
1.172370198e+00  1.5443177e+01         -inf  6.89329e+05  1.54432e+01  1.54432e+01
1.177059679e+00  1.5432832e+01         -inf  6.89329e+05  1.54328e+01  1.54328e+01
1.181767918e+00  1.5425708e+01         -inf  6.89329e+05  1.54257e+01  1.54257e+01
1.186494989e+00  1.5420100e+01         -inf  6.89329e+05  1.54201e+01  1.54201e+01
1.191240969e+00  1.5414530e+01         -inf  6.89329e+05  1.54145e+01  1.54145e+01
1.196005933e+00  1.5407709e+01         -inf  6.89329e+05  1.54077e+01  1.54077e+01
1.200789957e+00  1.5445110e+01         -inf  6.89329e+05  1.54451e+01  1.54451e+01
1.205593117e+00  1.5680835e+01         -inf  6.89329e+05  1.56808e+01  1.56808e+01
1.210415489e+00  1.5495469e+01         -inf  6.89329e+05  1.54955e+01  1.54955e+01
1.215257151e+00  1.5414568e+01         -inf  6.89329e+05  1.54146e+01  1.54146e+01
1.220118180e+00  1.5614336e+01         -inf  6.89329e+05  1.56143e+01  1.56143e+01
1.224998652e+00  1.5468679e+01         -inf  6.89329e+05  1.54687e+01  1.54687e+01
1.229898647e+00  1.5385580e+01         -inf  6.89329e+05  1.53856e+01  1.53856e+01
1.234818242e+00  1.5382359e+01         -inf  6.89329e+05  1.53824e+01  1.53824e+01
1.239757515e+00  1.5373833e+01         -inf  6.89329e+05  1.53738e+01  1.53738e+01
1.244716545e+00  1.5366558e+01         -inf  6.89329e+05  1.53666e+01  1.53666e+01
1.249695411e+00  1.5363716e+01         -inf  6.89329e+05  1.53637e+01  1.53637e+01
1.254694192e+00  1.5361556e+01         -inf  6.89329e+05  1.53616e+01  1.53616e+01
1.259712969e+00  1.5360570e+01         -inf  6.89329e+05  1.53606e+01  1.53606e+01
1.264751821e+00  1.5368376e+01         -inf  6.89329e+05  1.53684e+01  1.53684e+01
1.269810828e+00  1.5373151e+01         -inf  6.89329e+05  1.53732e+01  1.53732e+01
1.274890072e+00  1.5349847e+01         -inf  6.89329e+05  1.53498e+01  1.53498e+01
1.279989632e+00  1.5343405e+01         -inf  6.89329e+05  1.53434e+01  1.53434e+01
1.285109591e+00  1.5339881e+01         -inf  6.89329e+05  1.53399e+01  1.53399e+01
1.290250029e+00  1.5356630e+01         -inf  6.89329e+05  1.53566e+01  1.53566e+01
1.295411029e+00  1.5353257e+01         -inf  6.89329e+05  1.53533e+01  1.53533e+01
1.300592673e+00  1.5331279e+01         -inf  6.89329e+05  1.53313e+01  1.53313e+01
1.305795044e+00  1.5327831e+01         -inf  6.89329e+05  1.53278e+01  1.53278e+01
1.311018224e+00  1.5337948e+01         -inf  6.89329e+05  1.53379e+01  1.53379e+01
1.316262297e+00  1.5406421e+01         -inf  6.89329e+05  1.54064e+01  1.54064e+01
1.321527346e+00  1.5370612e+01         -inf  6.89329e+05  1.53706e+01  1.53706e+01
1.326813455e+00  1.5329536e+01         -inf  6.89329e+05  1.53295e+01  1.53295e+01
1.332120709e+00  1.5368983e+01         -inf  6.89329e+05  1.53690e+01  1.53690e+01
1.337449192e+00  1.5357425e+01         -inf  6.89329e+05  1.53574e+01  1.53574e+01
1.342798989e+00  1.5366179e+01         -inf  6.89329e+05  1.53662e+01  1.53662e+01
1.348170185e+00  1.5332567e+01         -inf  6.89329e+05  1.53326e+01  1.53326e+01
1.353562866e+00  1.5333553e+01         -inf  6.89329e+05  1.53336e+01  1.53336e+01
1.358977117e+00  1.5340146e+01         -inf  6.89329e+05  1.53401e+01  1.53401e+01
1.364413026e+00  1.5334197e+01         -inf  6.89329e+05  1.53342e+01  1.53342e+01
1.369870678e+00  1.5327679e+01         -inf  6.89329e+05  1.53277e+01  1.53277e+01
1.375350160e+00  1.5331014e+01         -inf  6.89329e+05  1.53310e+01  1.53310e+01
1.380851561e+00  1.5331961e+01         -inf  6.89329e+05  1.53320e+01  1.53320e+01
1.386374967e+00  1.5331355e+01         -inf  6.89329e+05  1.53314e+01  1.53314e+01
1.391920467e+00  1.5326353e+01         -inf  6.89329e+05  1.53264e+01  1.53264e+01
1.397488149e+00  1.5323321e+01         -inf  6.89329e+05  1.53233e+01  1.53233e+01
1.403078102e+00  1.5324382e+01         -inf  6.89329e+05  1.53244e+01  1.53244e+01
1.408690414e+00  1.5321010e+01         -inf  6.89329e+05  1.53210e+01  1.53210e+01
1.414325176e+00  1.5301343e+01         -inf  6.89329e+05  1.53013e+01  1.53013e+01
1.419982476e+00  1.5291491e+01         -inf  6.89329e+05  1.52915e+01  1.52915e+01
1.425662406e+00  1.5285958e+01         -inf  6.89329e+05  1.52860e+01  1.52860e+01
1.431365056e+00  1.6774396e+01         -inf  6.89329e+05  1.67744e+01  1.67744e+01
1.437090516e+00  1.6410086e+01         -inf  6.89329e+05  1.64101e+01  1.64101e+01
1.442838878e+00  1.5736308e+01         -inf  6.89329e+05  1.57363e+01  1.57363e+01
1.448610234e+00  1.5355152e+01         -inf  6.89329e+05  1.53552e+01  1.53552e+01
1.454404675e+00  1.5270119e+01         -inf  6.89329e+05  1.52701e+01  1.52701e+01
1.460222293e+00  1.5262730e+01         -inf  6.89329e+05  1.52627e+01  1.52627e+01
1.466063182e+00  1.5260039e+01         -inf  6.89329e+05  1.52600e+01  1.52600e+01
1.471927435e+00  1.5366027e+01         -inf  6.89329e+05  1.53660e+01  1.53660e+01
1.477815145e+00  1.5347422e+01         -inf  6.89329e+05  1.53474e+01  1.53474e+01
1.483726405e+00  1.5271369e+01         -inf  6.89329e+05  1.52714e+01  1.52714e+01
1.489661311e+00  1.5255454e+01         -inf  6.89329e+05  1.52555e+01  1.52555e+01
1.495619956e+00  1.5278569e+01         -inf  6.89329e+05  1.52786e+01  1.52786e+01
1.501602436e+00  1.5260456e+01         -inf  6.89329e+05  1.52605e+01  1.52605e+01
1.507608846e+00  1.5246511e+01         -inf  6.89329e+05  1.52465e+01  1.52465e+01
1.513639281e+00  1.5244920e+01         -inf  6.89329e+05  1.52449e+01  1.52449e+01
1.519693838e+00  1.5243783e+01         -inf  6.89329e+05  1.52438e+01  1.52438e+01
1.525772614e+00  1.5261252e+01         -inf  6.89329e+05  1.52613e+01  1.52613e+01
1.531875704e+00  1.5367846e+01         -inf  6.89329e+05  1.53678e+01  1.53678e+01
1.538003207e+00  1.5457652e+01         -inf  6.89329e+05  1.54577e+01  1.54577e+01
1.544155220e+00  1.5339199e+01         -inf  6.89329e+05  1.53392e+01  1.53392e+01
1.550331841e+00  1.5237038e+01         -inf  6.89329e+05  1.52370e+01  1.52370e+01
1.556533168e+00  1.5234840e+01         -inf  6.89329e+05  1.52348e+01  1.52348e+01
1.562759301e+00  1.5235105e+01         -inf  6.89329e+05  1.52351e+01  1.52351e+01
1.569010338e+00  1.5639723e+01         -inf  6.89329e+05  1.56397e+01  1.56397e+01
1.575286379e+00  1.6062919e+01         -inf  6.89329e+05  1.60629e+01  1.60629e+01
1.581587525e+00  1.5643626e+01         -inf  6.89329e+05  1.56436e+01  1.56436e+01
1.587913875e+00  1.5253711e+01         -inf  6.89329e+05  1.52537e+01  1.52537e+01
1.594265530e+00  1.5249581e+01         -inf  6.89329e+05  1.52496e+01  1.52496e+01
1.600642593e+00  1.5967855e+01         -inf  6.89329e+05  1.59679e+01  1.59679e+01
1.607045163e+00  1.6017149e+01         -inf  6.89329e+05  1.60171e+01  1.60171e+01
1.613473344e+00  1.5567350e+01         -inf  6.89329e+05  1.55673e+01  1.55673e+01
1.619927237e+00  1.5256022e+01         -inf  6.89329e+05  1.52560e+01  1.52560e+01
1.626406946e+00  1.5254507e+01         -inf  6.89329e+05  1.52545e+01  1.52545e+01
1.632912574e+00  1.5299600e+01         -inf  6.89329e+05  1.52996e+01  1.52996e+01
1.639444224e+00  1.5411915e+01         -inf  6.89329e+05  1.54119e+01  1.54119e+01
1.646002001e+00  1.5467352e+01         -inf  6.89329e+05  1.54674e+01  1.54674e+01
1.652586009e+00  1.5393803e+01         -inf  6.89329e+05  1.53938e+01  1.53938e+01
1.659196353e+00  1.5268376e+01         -inf  6.89329e+05  1.52684e+01  1.52684e+01
1.665833138e+00  1.5496151e+01         -inf  6.89329e+05  1.54962e+01  1.54962e+01
1.672496471e+00  1.5261328e+01         -inf  6.89329e+05  1.52613e+01  1.52613e+01
1.679186457e+00  1.5283116e+01         -inf  6.89329e+05  1.52831e+01  1.52831e+01
1.685903203e+00  1.5276864e+01         -inf  6.89329e+05  1.52769e+01  1.52769e+01
1.692646815e+00  1.5272052e+01         -inf  6.89329e+05  1.52721e+01  1.52721e+01
1.699417403e+00  1.5278228e+01         -inf  6.89329e+05  1.52782e+01  1.52782e+01
1.706215072e+00  1.5364095e+01         -inf  6.89329e+05  1.53641e+01  1.53641e+01
1.713039933e+00  1.5289975e+01         -inf  6.89329e+05  1.52900e+01  1.52900e+01
1.719892092e+00  1.5280237e+01         -inf  6.89329e+05  1.52802e+01  1.52802e+01
1.726771661e+00  1.5331961e+01         -inf  6.89329e+05  1.53320e+01  1.53320e+01
1.733678747e+00  1.5264018e+01         -inf  6.89329e+05  1.52640e+01  1.52640e+01
1.740613462e+00  1.5240448e+01         -inf  6.89329e+05  1.52404e+01  1.52404e+01
1.747575916e+00  1.5226011e+01         -inf  6.89329e+05  1.52260e+01  1.52260e+01
1.754566220e+00  1.5221312e+01         -inf  6.89329e+05  1.52213e+01  1.52213e+01
1.761584485e+00  1.5221615e+01         -inf  6.89329e+05  1.52216e+01  1.52216e+01
1.768630823e+00  1.5248519e+01         -inf  6.89329e+05  1.52485e+01  1.52485e+01
1.775705346e+00  1.5275348e+01         -inf  6.89329e+05  1.52753e+01  1.52753e+01
1.782808167e+00  1.5243972e+01         -inf  6.89329e+05  1.52440e+01  1.52440e+01
1.789939400e+00  1.5304829e+01         -inf  6.89329e+05  1.53048e+01  1.53048e+01
1.797099158e+00  1.5228777e+01         -inf  6.89329e+05  1.52288e+01  1.52288e+01
1.804287554e+00  1.5231543e+01         -inf  6.89329e+05  1.52315e+01  1.52315e+01
1.811504704e+00  1.5225669e+01         -inf  6.89329e+05  1.52257e+01  1.52257e+01
1.818750723e+00  1.5214112e+01         -inf  6.89329e+05  1.52141e+01  1.52141e+01
1.826025726e+00  1.5202213e+01         -inf  6.89329e+05  1.52022e+01  1.52022e+01
1.833329829e+00  1.5200015e+01         -inf  6.89329e+05  1.52000e+01  1.52000e+01
1.840663148e+00  1.5201607e+01         -inf  6.89329e+05  1.52016e+01  1.52016e+01
1.848025801e+00  1.5198234e+01         -inf  6.89329e+05  1.51982e+01  1.51982e+01
1.855417904e+00  1.5196302e+01         -inf  6.89329e+05  1.51963e+01  1.51963e+01
1.862839576e+00  1.5193725e+01         -inf  6.89329e+05  1.51937e+01  1.51937e+01
1.870290934e+00  1.5204941e+01         -inf  6.89329e+05  1.52049e+01  1.52049e+01
1.877772098e+00  1.5448444e+01         -inf  6.89329e+05  1.54484e+01  1.54484e+01
1.885283186e+00  1.5443177e+01         -inf  6.89329e+05  1.54432e+01  1.54432e+01
1.892824319e+00  1.5217901e+01         -inf  6.89329e+05  1.52179e+01  1.52179e+01
1.900395616e+00  1.5190807e+01         -inf  6.89329e+05  1.51908e+01  1.51908e+01
1.907997199e+00  1.5188458e+01         -inf  6.89329e+05  1.51885e+01  1.51885e+01
1.915629188e+00  1.5186335e+01         -inf  6.89329e+05  1.51863e+01  1.51863e+01
1.923291704e+00  1.5185274e+01         -inf  6.89329e+05  1.51853e+01  1.51853e+01
1.930984871e+00  1.5185615e+01         -inf  6.89329e+05  1.51856e+01  1.51856e+01
1.938708811e+00  1.5225366e+01         -inf  6.89329e+05  1.52254e+01  1.52254e+01
1.946463646e+00  1.6046740e+01         -inf  6.89329e+05  1.60467e+01  1.60467e+01
1.954249500e+00  1.8992012e+01         -inf  6.89329e+05  1.89920e+01  1.89920e+01
1.962066498e+00  1.8616542e+01         -inf  6.89329e+05  1.86165e+01  1.86165e+01
1.969914764e+00  1.7511894e+01         -inf  6.89329e+05  1.75119e+01  1.75119e+01
1.977794423e+00  1.5700614e+01         -inf  6.89329e+05  1.57006e+01  1.57006e+01
1.985705601e+00  1.5395849e+01         -inf  6.89329e+05  1.53958e+01  1.53958e+01
1.993648424e+00  1.5780261e+01         -inf  6.89329e+05  1.57803e+01  1.57803e+01
2.001623017e+00  2.0996014e+01         -inf  6.89329e+05  2.09960e+01  2.09960e+01
2.009629509e+00  2.1504715e+01         -inf  6.89329e+05  2.15047e+01  2.15047e+01
2.017668027e+00  1.9810516e+01         -inf  6.89329e+05  1.98105e+01  1.98105e+01
2.025738699e+00  1.6505826e+01         -inf  6.89329e+05  1.65058e+01  1.65058e+01
2.033841654e+00  1.6184958e+01         -inf  6.89329e+05  1.61850e+01  1.61850e+01
2.041977021e+00  1.6475138e+01         -inf  6.89329e+05  1.64751e+01  1.64751e+01
2.050144929e+00  1.7729475e+01         -inf  6.89329e+05  1.77295e+01  1.77295e+01
2.058345509e+00  1.8242035e+01         -inf  6.89329e+05  1.82420e+01  1.82420e+01
2.066578891e+00  1.7788718e+01         -inf  6.89329e+05  1.77887e+01  1.77887e+01
2.074845206e+00  1.6478775e+01         -inf  6.89329e+05  1.64788e+01  1.64788e+01
2.083144587e+00  1.6016164e+01         -inf  6.89329e+05  1.60162e+01  1.60162e+01
2.091477165e+00  1.5662193e+01         -inf  6.89329e+05  1.56622e+01  1.56622e+01
2.099843074e+00  1.5468641e+01         -inf  6.89329e+05  1.54686e+01  1.54686e+01
2.108242446e+00  1.5376713e+01         -inf  6.89329e+05  1.53767e+01  1.53767e+01
2.116675416e+00  1.5300850e+01         -inf  6.89329e+05  1.53009e+01  1.53009e+01
2.125142118e+00  1.5217446e+01         -inf  6.89329e+05  1.52174e+01  1.52174e+01
2.133642686e+00  1.5207177e+01         -inf  6.89329e+05  1.52072e+01  1.52072e+01
2.142177257e+00  1.5231732e+01         -inf  6.89329e+05  1.52317e+01  1.52317e+01
2.150745966e+00  1.5377129e+01         -inf  6.89329e+05  1.53771e+01  1.53771e+01
2.159348950e+00  1.5366254e+01         -inf  6.89329e+05  1.53663e+01  1.53663e+01
2.167986346e+00  1.5330407e+01         -inf  6.89329e+05  1.53304e+01  1.53304e+01
2.176658291e+00  1.5303882e+01         -inf  6.89329e+05  1.53039e+01  1.53039e+01
2.185364924e+00  1.5231505e+01         -inf  6.89329e+05  1.52315e+01  1.52315e+01
2.194106384e+00  1.5264662e+01         -inf  6.89329e+05  1.52647e+01  1.52647e+01
2.202882810e+00  1.5566970e+01         -inf  6.89329e+05  1.55670e+01  1.55670e+01
2.211694341e+00  1.5224721e+01         -inf  6.89329e+05  1.52247e+01  1.52247e+01
2.220541118e+00  1.5314302e+01         -inf  6.89329e+05  1.53143e+01  1.53143e+01
2.229423283e+00  1.5370687e+01         -inf  6.89329e+05  1.53707e+01  1.53707e+01
2.238340976e+00  1.5392248e+01         -inf  6.89329e+05  1.53922e+01  1.53922e+01
2.247294340e+00  1.5464509e+01         -inf  6.89329e+05  1.54645e+01  1.54645e+01
2.256283517e+00  1.5497286e+01         -inf  6.89329e+05  1.54973e+01  1.54973e+01
2.265308651e+00  1.5572540e+01         -inf  6.89329e+05  1.55725e+01  1.55725e+01
2.274369886e+00  1.5710616e+01         -inf  6.89329e+05  1.57106e+01  1.57106e+01
2.283467365e+00  1.5729675e+01         -inf  6.89329e+05  1.57297e+01  1.57297e+01
2.292601235e+00  1.5838800e+01         -inf  6.89329e+05  1.58388e+01  1.58388e+01
2.301771640e+00  1.6042116e+01         -inf  6.89329e+05  1.60421e+01  1.60421e+01
2.310978726e+00  1.5529949e+01         -inf  6.89329e+05  1.55299e+01  1.55300e+01
2.320222641e+00  1.5945157e+01         -inf  6.89329e+05  1.59452e+01  1.59452e+01
2.329503532e+00  1.5719823e+01         -inf  6.89329e+05  1.57198e+01  1.57198e+01
2.338821546e+00  1.5893778e+01         -inf  6.89329e+05  1.58938e+01  1.58938e+01
2.348176832e+00  1.6043176e+01         -inf  6.89329e+05  1.60432e+01  1.60432e+01
2.357569539e+00  1.5793672e+01         -inf  6.89329e+05  1.57937e+01  1.57937e+01
2.366999817e+00  1.5878849e+01         -inf  6.89329e+05  1.58788e+01  1.58789e+01
2.376467817e+00  1.5903288e+01         -inf  6.89329e+05  1.59033e+01  1.59033e+01
2.385973688e+00  1.5555941e+01         -inf  6.89329e+05  1.55559e+01  1.55559e+01
2.395517583e+00  1.5546695e+01         -inf  6.89329e+05  1.55467e+01  1.55467e+01
2.405099653e+00  1.5363067e+01         -inf  6.89329e+05  1.53631e+01  1.53631e+01
2.414720052e+00  1.5266211e+01         -inf  6.89329e+05  1.52662e+01  1.52662e+01
2.424378932e+00  1.5357307e+01         -inf  6.89329e+05  1.53573e+01  1.53573e+01
2.434076448e+00  1.5255714e+01         -inf  6.89329e+05  1.52557e+01  1.52557e+01
2.443812753e+00  1.5222784e+01         -inf  6.89329e+05  1.52228e+01  1.52228e+01
2.453588004e+00  1.5202018e+01         -inf  6.89329e+05  1.52020e+01  1.52020e+01
2.463402356e+00  1.5180266e+01         -inf  6.89329e+05  1.51803e+01  1.51803e+01
2.473255966e+00  1.5176969e+01         -inf  6.89329e+05  1.51770e+01  1.51770e+01
2.483148990e+00  1.5210429e+01         -inf  6.89329e+05  1.52104e+01  1.52104e+01
2.493081586e+00  1.5196712e+01         -inf  6.89329e+05  1.51967e+01  1.51967e+01
2.503053912e+00  1.5187465e+01         -inf  6.89329e+05  1.51875e+01  1.51875e+01
2.513066128e+00  1.5181933e+01         -inf  6.89329e+05  1.51819e+01  1.51819e+01
2.523118392e+00  1.5175567e+01         -inf  6.89329e+05  1.51756e+01  1.51756e+01
2.533210866e+00  1.5178031e+01         -inf  6.89329e+05  1.51780e+01  1.51780e+01
2.543343709e+00  1.5169203e+01         -inf  6.89329e+05  1.51692e+01  1.51692e+01
2.553517084e+00  1.5196450e+01         -inf  6.89329e+05  1.51964e+01  1.51965e+01
2.563731152e+00  1.5308654e+01         -inf  6.89329e+05  1.53087e+01  1.53087e+01
2.573986077e+00  1.5302705e+01         -inf  6.89329e+05  1.53027e+01  1.53027e+01
2.584282021e+00  1.5350565e+01         -inf  6.89329e+05  1.53506e+01  1.53506e+01
2.594619149e+00  1.5334877e+01         -inf  6.89329e+05  1.53349e+01  1.53349e+01
2.604997626e+00  1.5293725e+01         -inf  6.89329e+05  1.52937e+01  1.52937e+01
2.615417616e+00  1.5283797e+01         -inf  6.89329e+05  1.52838e+01  1.52838e+01
2.625879287e+00  1.5225706e+01         -inf  6.89329e+05  1.52257e+01  1.52257e+01
2.636382804e+00  1.5200089e+01         -inf  6.89329e+05  1.52001e+01  1.52001e+01
2.646928335e+00  1.5191449e+01         -inf  6.89329e+05  1.51914e+01  1.51915e+01
2.657516049e+00  1.5399747e+01         -inf  6.89329e+05  1.53997e+01  1.53998e+01
2.668146113e+00  2.1468616e+01         -inf  6.89329e+05  2.14686e+01  2.14686e+01
2.678818697e+00  3.1823893e+01         -inf  6.89329e+05  3.18239e+01  3.18239e+01
2.689533972e+00  3.1459890e+01         -inf  6.89329e+05  3.14599e+01  3.14599e+01
2.700292108e+00  3.2103356e+01         -inf  6.89329e+05  3.21034e+01  3.21034e+01
2.711093276e+00  2.8224589e+01         -inf  6.89329e+05  2.82246e+01  2.82246e+01
2.721937650e+00  2.2398020e+01         -inf  6.89329e+05  2.23980e+01  2.23980e+01
2.732825400e+00  2.0918053e+01         -inf  6.89329e+05  2.09181e+01  2.09181e+01
2.743756702e+00  2.4659357e+01         -inf  6.89329e+05  2.46594e+01  2.46594e+01
2.754731729e+00  3.0719120e+01         -inf  6.89329e+05  3.07191e+01  3.07191e+01
2.765750655e+00  3.0142693e+01         -inf  6.89329e+05  3.01427e+01  3.01427e+01
2.776813658e+00  3.1257284e+01         -inf  6.89329e+05  3.12573e+01  3.12573e+01
2.787920913e+00  2.8355929e+01         -inf  6.89329e+05  2.83559e+01  2.83559e+01
2.799072596e+00  2.4257501e+01         -inf  6.89329e+05  2.42575e+01  2.42575e+01
2.810268887e+00  2.2088954e+01         -inf  6.89329e+05  2.20890e+01  2.20890e+01
2.821509962e+00  2.0329785e+01         -inf  6.89329e+05  2.03298e+01  2.03298e+01
2.832796002e+00  1.8381055e+01         -inf  6.89329e+05  1.83811e+01  1.83811e+01
2.844127186e+00  1.8599590e+01         -inf  6.89329e+05  1.85996e+01  1.85996e+01
2.855503695e+00  1.7306167e+01         -inf  6.89329e+05  1.73062e+01  1.73062e+01
2.866925710e+00  1.6417163e+01         -inf  6.89329e+05  1.64172e+01  1.64172e+01
2.878393413e+00  1.5889852e+01         -inf  6.89329e+05  1.58899e+01  1.58899e+01
2.889906986e+00  1.5548663e+01         -inf  6.89329e+05  1.55487e+01  1.55487e+01
2.901466614e+00  1.5284873e+01         -inf  6.89329e+05  1.52849e+01  1.52850e+01
2.913072481e+00  1.5176560e+01         -inf  6.89329e+05  1.51766e+01  1.51767e+01
2.924724770e+00  1.5161998e+01         -inf  6.89329e+05  1.51620e+01  1.51621e+01
2.936423670e+00  1.5153121e+01         -inf  6.89329e+05  1.51531e+01  1.51533e+01
2.948169364e+00  1.5161222e+01         -inf  6.89329e+05  1.51612e+01  1.51614e+01
2.959962042e+00  1.5243900e+01         -inf  6.89329e+05  1.52439e+01  1.52440e+01
2.971801890e+00  1.5430484e+01         -inf  6.89329e+05  1.54305e+01  1.54306e+01
2.983689097e+00  1.5553699e+01         -inf  6.89329e+05  1.55537e+01  1.55539e+01
2.995623854e+00  1.5287142e+01         -inf  6.89329e+05  1.52871e+01  1.52873e+01
3.007606349e+00  1.5284971e+01         -inf  6.89329e+05  1.52850e+01  1.52852e+01
3.019636775e+00  1.5263779e+01         -inf  6.89329e+05  1.52638e+01  1.52640e+01
3.031715322e+00  1.5167512e+01         -inf  6.89329e+05  1.51675e+01  1.51677e+01
3.043842183e+00  1.5153667e+01         -inf  6.89329e+05  1.51537e+01  1.51539e+01
3.056017552e+00  1.5152100e+01         -inf  6.89329e+05  1.51521e+01  1.51523e+01
3.068241622e+00  1.5149244e+01         -inf  6.89329e+05  1.51492e+01  1.51495e+01
3.080514588e+00  1.5147562e+01         -inf  6.89329e+05  1.51476e+01  1.51478e+01
3.092836647e+00  1.5147925e+01         -inf  6.89329e+05  1.51479e+01  1.51482e+01
3.105207993e+00  1.5153971e+01         -inf  6.89329e+05  1.51540e+01  1.51543e+01
3.117628825e+00  1.5201473e+01         -inf  6.89329e+05  1.52015e+01  1.52018e+01
3.130099341e+00  1.5241581e+01         -inf  6.89329e+05  1.52416e+01  1.52419e+01
3.142619738e+00  1.5186762e+01         -inf  6.89329e+05  1.51868e+01  1.51871e+01
3.155190217e+00  1.5284245e+01         -inf  6.89329e+05  1.52842e+01  1.52846e+01
3.167810978e+00  1.5300973e+01         -inf  6.89329e+05  1.53010e+01  1.53014e+01
3.180482222e+00  1.5606386e+01         -inf  6.89329e+05  1.56064e+01  1.56068e+01
3.193204151e+00  1.5631714e+01         -inf  6.89329e+05  1.56317e+01  1.56321e+01
3.205976967e+00  1.5754616e+01         -inf  6.89329e+05  1.57546e+01  1.57551e+01
3.218800875e+00  1.6128438e+01         -inf  6.89329e+05  1.61284e+01  1.61289e+01
3.231676079e+00  1.5906544e+01         -inf  6.89329e+05  1.59065e+01  1.59070e+01
3.244602783e+00  1.6340325e+01         -inf  6.89329e+05  1.63403e+01  1.63408e+01
3.257581194e+00  1.6434786e+01         -inf  6.89329e+05  1.64348e+01  1.64353e+01
3.270611519e+00  1.6214752e+01         -inf  6.89329e+05  1.62148e+01  1.62153e+01
3.283693965e+00  1.5641285e+01         -inf  6.89329e+05  1.56413e+01  1.56420e+01
3.296828741e+00  1.5880546e+01         -inf  6.89329e+05  1.58805e+01  1.58812e+01
3.310016056e+00  1.9012959e+01         -inf  6.89329e+05  1.90130e+01  1.90134e+01
3.323256120e+00  1.7567501e+01         -inf  6.89329e+05  1.75675e+01  1.75681e+01
3.336549144e+00  1.5519772e+01         -inf  6.89329e+05  1.55198e+01  1.55206e+01
3.349895341e+00  1.5707154e+01         -inf  6.89329e+05  1.57072e+01  1.57080e+01
3.363294922e+00  1.6419733e+01         -inf  6.89329e+05  1.64197e+01  1.64206e+01
3.376748102e+00  1.6333484e+01         -inf  6.89329e+05  1.63335e+01  1.63344e+01
3.390255094e+00  1.6379357e+01         -inf  6.89329e+05  1.63794e+01  1.63803e+01
3.403816115e+00  1.6242588e+01         -inf  6.89329e+05  1.62426e+01  1.62436e+01
3.417431379e+00  1.5776807e+01         -inf  6.89329e+05  1.57768e+01  1.57779e+01
3.431101105e+00  1.5857067e+01         -inf  6.89329e+05  1.58571e+01  1.58583e+01
3.444825509e+00  1.5769684e+01         -inf  6.89329e+05  1.57697e+01  1.57710e+01
3.458604811e+00  1.5569752e+01         -inf  6.89329e+05  1.55698e+01  1.55711e+01
3.472439231e+00  1.5744857e+01         -inf  6.89329e+05  1.57449e+01  1.57463e+01
3.486328987e+00  1.5720964e+01         -inf  6.89329e+05  1.57210e+01  1.57225e+01
3.500274303e+00  1.5526665e+01         -inf  6.89329e+05  1.55267e+01  1.55283e+01
3.514275401e+00  1.5305109e+01         -inf  6.89329e+05  1.53051e+01  1.53069e+01
3.528332502e+00  1.5464976e+01         -inf  6.89329e+05  1.54650e+01  1.54668e+01
3.542445832e+00  1.5868329e+01         -inf  6.89329e+05  1.58683e+01  1.58702e+01
3.556615616e+00  1.5438480e+01         -inf  6.89329e+05  1.54385e+01  1.54405e+01
3.570842078e+00  1.5680205e+01         -inf  6.89329e+05  1.56802e+01  1.56823e+01
3.585125446e+00  1.5613684e+01         -inf  6.89329e+05  1.56137e+01  1.56159e+01
3.599465948e+00  1.5395353e+01         -inf  6.89329e+05  1.53954e+01  1.53977e+01
3.613863812e+00  1.5387801e+01         -inf  6.89329e+05  1.53878e+01  1.53903e+01
3.628319267e+00  1.5333324e+01         -inf  6.89329e+05  1.53333e+01  1.53360e+01
3.642832544e+00  1.5501351e+01         -inf  6.89329e+05  1.55014e+01  1.55041e+01
3.657403874e+00  1.5223249e+01         -inf  6.89329e+05  1.52232e+01  1.52262e+01
3.672033490e+00  1.5314975e+01         -inf  6.89329e+05  1.53150e+01  1.53181e+01
3.686721624e+00  1.5322810e+01         -inf  6.89329e+05  1.53228e+01  1.53260e+01
3.701468510e+00  1.5228200e+01         -inf  6.89329e+05  1.52282e+01  1.52316e+01
3.716274384e+00  1.5280710e+01         -inf  6.89329e+05  1.52807e+01  1.52843e+01
3.731139482e+00  1.5302967e+01         -inf  6.89329e+05  1.53030e+01  1.53067e+01
3.746064040e+00  1.5259573e+01         -inf  6.89329e+05  1.52596e+01  1.52635e+01
3.761048296e+00  1.5242209e+01         -inf  6.89329e+05  1.52422e+01  1.52464e+01
3.776092489e+00  1.5255119e+01         -inf  6.89329e+05  1.52551e+01  1.52595e+01
3.791196859e+00  1.5342802e+01         -inf  6.89329e+05  1.53428e+01  1.53473e+01
3.806361647e+00  1.5440935e+01         -inf  6.89329e+05  1.54409e+01  1.54457e+01
3.821587093e+00  1.5356068e+01         -inf  6.89329e+05  1.53561e+01  1.53611e+01
3.836873442e+00  1.5472682e+01         -inf  6.89329e+05  1.54727e+01  1.54779e+01
3.852220935e+00  1.5474869e+01         -inf  6.89329e+05  1.54749e+01  1.54803e+01
3.867629819e+00  1.5566318e+01         -inf  6.89329e+05  1.55663e+01  1.55717e+01
3.883100338e+00  1.5794021e+01         -inf  6.89329e+05  1.57940e+01  1.57994e+01
3.898632740e+00  1.5656886e+01         -inf  6.89329e+05  1.56569e+01  1.56629e+01
3.914227271e+00  1.5785976e+01         -inf  6.89329e+05  1.57860e+01  1.57920e+01
3.929884180e+00  1.5733644e+01         -inf  6.89329e+05  1.57336e+01  1.57401e+01
3.945603716e+00  1.5657895e+01         -inf  6.89329e+05  1.56579e+01  1.56648e+01
3.961386131e+00  1.5676472e+01         -inf  6.89329e+05  1.56765e+01  1.56838e+01
3.977231676e+00  1.5871569e+01         -inf  6.89329e+05  1.58716e+01  1.58792e+01
3.993140603e+00  1.5928755e+01         -inf  6.89329e+05  1.59288e+01  1.59366e+01
4.009113165e+00  1.6171188e+01         -inf  6.89329e+05  1.61712e+01  1.61792e+01
4.025149618e+00  1.6404864e+01         -inf  6.89329e+05  1.64049e+01  1.64130e+01
4.041250216e+00  1.6704386e+01         -inf  6.89329e+05  1.67044e+01  1.67126e+01
4.057415217e+00  1.6934962e+01         -inf  6.89329e+05  1.69350e+01  1.69434e+01
4.073644878e+00  1.7303765e+01         -inf  6.89329e+05  1.73038e+01  1.73121e+01
4.089939457e+00  1.7636051e+01         -inf  6.89329e+05  1.76361e+01  1.76443e+01
4.106299215e+00  1.7916821e+01         -inf  6.89329e+05  1.79168e+01  1.79252e+01
4.122724412e+00  1.8189636e+01         -inf  6.89329e+05  1.81896e+01  1.81981e+01
4.139215310e+00  1.8429076e+01         -inf  6.89329e+05  1.84291e+01  1.84376e+01
4.155772171e+00  1.8609340e+01         -inf  6.89329e+05  1.86093e+01  1.86166e+01
4.172395260e+00  1.9744839e+01         -inf  6.89329e+05  1.97448e+01  1.97479e+01
4.189084841e+00  2.4863376e+01         -inf  6.89329e+05  2.48634e+01  2.48668e+01
4.205841180e+00  3.3996007e+01         -inf  6.89329e+05  3.39960e+01  3.40061e+01
4.222664545e+00  4.2414191e+01         -inf  6.89329e+05  4.24142e+01  4.24336e+01
4.239555203e+00  4.5962990e+01         -inf  6.89329e+05  4.59630e+01  4.59845e+01
4.256513424e+00  4.3927219e+01         -inf  6.89329e+05  4.39272e+01  4.39405e+01
4.273539477e+00  4.5632554e+01         -inf  6.89329e+05  4.56326e+01  4.56492e+01
4.290633635e+00  4.3998247e+01         -inf  6.89329e+05  4.39982e+01  4.40152e+01
4.307796170e+00  4.1125475e+01         -inf  6.89329e+05  4.11255e+01  4.11426e+01
4.325027355e+00  3.7500971e+01         -inf  6.89329e+05  3.75010e+01  3.75145e+01
4.342327464e+00  3.5065076e+01         -inf  6.89329e+05  3.50651e+01  3.50766e+01
4.359696774e+00  3.3991484e+01         -inf  6.89329e+05  3.39915e+01  3.39988e+01
4.377135561e+00  3.1565902e+01         -inf  6.89329e+05  3.15659e+01  3.15702e+01
4.394644103e+00  3.1639943e+01         -inf  6.89329e+05  3.16399e+01  3.16428e+01
4.412222680e+00  3.0626790e+01         -inf  6.89329e+05  3.06268e+01  3.06286e+01
4.429871570e+00  2.8254720e+01         -inf  6.89329e+05  2.82547e+01  2.82563e+01
4.447591057e+00  2.4482280e+01         -inf  6.89329e+05  2.44823e+01  2.44847e+01
4.465381421e+00  2.1535908e+01         -inf  6.89329e+05  2.15359e+01  2.15392e+01
4.483242946e+00  1.9502498e+01         -inf  6.89329e+05  1.95025e+01  1.95073e+01
4.501175918e+00  1.8227024e+01         -inf  6.89329e+05  1.82270e+01  1.82365e+01
4.519180622e+00  1.8461306e+01         -inf  6.89329e+05  1.84613e+01  1.84698e+01
4.537257344e+00  1.7908008e+01         -inf  6.89329e+05  1.79080e+01  1.79195e+01
4.555406374e+00  1.7207101e+01         -inf  6.89329e+05  1.72071e+01  1.72238e+01
4.573627999e+00  1.6570541e+01         -inf  6.89329e+05  1.65705e+01  1.65938e+01
4.591922511e+00  1.5935207e+01         -inf  6.89329e+05  1.59352e+01  1.59660e+01
4.610290201e+00  1.5659313e+01         -inf  6.89329e+05  1.56593e+01  1.56946e+01
4.628731362e+00  1.5507168e+01         -inf  6.89329e+05  1.55072e+01  1.55451e+01
4.647246288e+00  1.5389536e+01         -inf  6.89329e+05  1.53895e+01  1.54297e+01
4.665835273e+00  1.5316614e+01         -inf  6.89329e+05  1.53166e+01  1.53587e+01
4.684498614e+00  1.5384262e+01         -inf  6.89329e+05  1.53843e+01  1.54279e+01
4.703236608e+00  1.7023276e+01         -inf  6.89329e+05  1.70233e+01  1.70634e+01
4.722049555e+00  1.7309463e+01         -inf  6.89329e+05  1.73095e+01  1.73518e+01
4.740937753e+00  1.6673929e+01         -inf  6.89329e+05  1.66739e+01  1.67170e+01
4.759901504e+00  1.6806228e+01         -inf  6.89329e+05  1.68062e+01  1.68524e+01
4.778941110e+00  1.7070401e+01         -inf  6.89329e+05  1.70704e+01  1.71119e+01
4.798056874e+00  1.7025045e+01         -inf  6.89329e+05  1.70250e+01  1.70639e+01
4.817249102e+00  2.0085639e+01         -inf  6.89329e+05  2.00856e+01  2.01094e+01
4.836518098e+00  1.7741483e+01         -inf  6.89329e+05  1.77415e+01  1.77727e+01
4.855864171e+00  1.7913172e+01         -inf  6.89329e+05  1.79132e+01  1.79433e+01
4.875287627e+00  1.6892460e+01         -inf  6.89329e+05  1.68925e+01  1.69307e+01
4.894788778e+00  1.6035883e+01         -inf  6.89329e+05  1.60359e+01  1.60865e+01
4.914367933e+00  1.6137262e+01         -inf  6.89329e+05  1.61373e+01  1.61959e+01
4.934025405e+00  1.5486122e+01         -inf  6.89329e+05  1.54861e+01  1.55547e+01
4.953761506e+00  1.5436864e+01         -inf  6.89329e+05  1.54369e+01  1.55084e+01
4.973576552e+00  1.5263633e+01         -inf  6.89329e+05  1.52636e+01  1.53389e+01
4.993470859e+00  1.5157468e+01         -inf  6.89329e+05  1.51575e+01  1.52364e+01
5.013444742e+00  1.5075139e+01         -inf  6.89329e+05  1.50751e+01  1.51573e+01
5.033498521e+00  1.5067736e+01         -inf  6.89329e+05  1.50677e+01  1.51526e+01
5.053632515e+00  1.5066577e+01         -inf  6.89329e+05  1.50666e+01  1.51537e+01
5.073847045e+00  1.5101630e+01         -inf  6.89329e+05  1.51016e+01  1.51900e+01
5.094142433e+00  1.5196427e+01         -inf  6.89329e+05  1.51964e+01  1.52857e+01
5.114519003e+00  1.5210689e+01         -inf  6.89329e+05  1.52107e+01  1.53023e+01
5.134977079e+00  1.5122240e+01         -inf  6.89329e+05  1.51222e+01  1.52174e+01
5.155516987e+00  1.5275945e+01         -inf  6.89329e+05  1.52759e+01  1.53703e+01
5.176139055e+00  1.7196100e+01         -inf  6.89329e+05  1.71961e+01  1.72709e+01
5.196843612e+00  1.5875841e+01         -inf  6.89329e+05  1.58758e+01  1.59626e+01
5.217630986e+00  1.6118560e+01         -inf  6.89329e+05  1.61186e+01  1.61988e+01
5.238501510e+00  1.5796805e+01         -inf  6.89329e+05  1.57968e+01  1.58810e+01
5.259455516e+00  1.5512930e+01         -inf  6.89329e+05  1.55129e+01  1.56024e+01
5.280493338e+00  1.5234736e+01         -inf  6.89329e+05  1.52347e+01  1.53290e+01
5.301615311e+00  1.5142118e+01         -inf  6.89329e+05  1.51421e+01  1.52384e+01
5.322821773e+00  1.5160629e+01         -inf  6.89329e+05  1.51606e+01  1.52563e+01
5.344113060e+00  1.5097954e+01         -inf  6.89329e+05  1.50980e+01  1.51921e+01
5.365489512e+00  1.5086322e+01         -inf  6.89329e+05  1.50863e+01  1.51796e+01
5.386951470e+00  1.5072760e+01         -inf  6.89329e+05  1.50728e+01  1.51655e+01
5.408499276e+00  1.5065486e+01         -inf  6.89329e+05  1.50655e+01  1.51578e+01
5.430133273e+00  1.5063983e+01         -inf  6.89329e+05  1.50640e+01  1.51566e+01
5.451853806e+00  1.5065309e+01         -inf  6.89329e+05  1.50653e+01  1.51578e+01
5.473661221e+00  1.5069948e+01         -inf  6.89329e+05  1.50699e+01  1.51621e+01
5.495555866e+00  1.5078269e+01         -inf  6.89329e+05  1.50783e+01  1.51698e+01
5.517538090e+00  1.5085149e+01         -inf  6.89329e+05  1.50851e+01  1.51764e+01
5.539608242e+00  1.5081798e+01         -inf  6.89329e+05  1.50818e+01  1.51727e+01
5.561766675e+00  1.5071923e+01         -inf  6.89329e+05  1.50719e+01  1.51624e+01
5.584013742e+00  1.5077331e+01         -inf  6.89329e+05  1.50773e+01  1.51677e+01
5.606349797e+00  1.5080595e+01         -inf  6.89329e+05  1.50806e+01  1.51709e+01
5.628775196e+00  1.5077978e+01         -inf  6.89329e+05  1.50780e+01  1.51683e+01
5.651290297e+00  1.5075291e+01         -inf  6.89329e+05  1.50753e+01  1.51657e+01
5.673895458e+00  1.5075608e+01         -inf  6.89329e+05  1.50756e+01  1.51659e+01
5.696591040e+00  1.5075635e+01         -inf  6.89329e+05  1.50756e+01  1.51661e+01
5.719377404e+00  1.5091558e+01         -inf  6.89329e+05  1.50916e+01  1.51822e+01
5.742254913e+00  1.5182844e+01         -inf  6.89329e+05  1.51828e+01  1.52733e+01
5.765223933e+00  1.5198499e+01         -inf  6.89329e+05  1.51985e+01  1.52888e+01
5.788284829e+00  1.5143907e+01         -inf  6.89329e+05  1.51439e+01  1.52340e+01
5.811437968e+00  1.5155162e+01         -inf  6.89329e+05  1.51552e+01  1.52451e+01
5.834683720e+00  1.5184558e+01         -inf  6.89329e+05  1.51846e+01  1.52747e+01
5.858022455e+00  1.5157710e+01         -inf  6.89329e+05  1.51577e+01  1.52486e+01
5.881454545e+00  1.5126527e+01         -inf  6.89329e+05  1.51265e+01  1.52185e+01
5.904980363e+00  1.5105392e+01         -inf  6.89329e+05  1.51054e+01  1.51988e+01
5.928600284e+00  1.5095542e+01         -inf  6.89329e+05  1.50955e+01  1.51906e+01
5.952314685e+00  1.5096889e+01         -inf  6.89329e+05  1.50969e+01  1.51938e+01
5.976123944e+00  1.5088940e+01         -inf  6.89329e+05  1.50889e+01  1.51885e+01
6.000028440e+00  1.5096272e+01         -inf  6.89329e+05  1.50963e+01  1.51988e+01
6.024028554e+00  1.5086457e+01         -inf  6.89329e+05  1.50865e+01  1.51926e+01
6.048124668e+00  1.5092408e+01         -inf  6.89329e+05  1.50924e+01  1.52029e+01
6.072317167e+00  1.5092948e+01         -inf  6.89329e+05  1.50929e+01  1.52082e+01
6.096606435e+00  1.5086128e+01         -inf  6.89329e+05  1.50861e+01  1.52066e+01
6.120992861e+00  1.5089495e+01         -inf  6.89329e+05  1.50895e+01  1.52158e+01
6.145476832e+00  1.5076329e+01         -inf  6.89329e+05  1.50763e+01  1.52090e+01
6.170058740e+00  1.5084502e+01         -inf  6.89329e+05  1.50845e+01  1.52241e+01
6.194738975e+00  1.5077185e+01         -inf  6.89329e+05  1.50772e+01  1.52232e+01
6.219517931e+00  1.5079158e+01         -inf  6.89329e+05  1.50792e+01  1.52311e+01
6.244396002e+00  1.5063576e+01         -inf  6.89329e+05  1.50636e+01  1.52205e+01
6.269373586e+00  1.5027486e+01         -inf  6.89329e+05  1.50275e+01  1.51882e+01
6.294451081e+00  1.5071419e+01         -inf  6.89329e+05  1.50714e+01  1.52353e+01
6.319628885e+00  1.5019868e+01         -inf  6.89329e+05  1.50199e+01  1.51860e+01
6.344907401e+00  1.5065624e+01         -inf  6.89329e+05  1.50656e+01  1.52339e+01
6.370287030e+00  1.5015878e+01         -inf  6.89329e+05  1.50159e+01  1.51867e+01
6.395768178e+00  1.5031354e+01         -inf  6.89329e+05  1.50314e+01  1.52049e+01
6.421351251e+00  1.5030501e+01         -inf  6.89329e+05  1.50305e+01  1.52073e+01
6.447036656e+00  1.5061596e+01         -inf  6.89329e+05  1.50616e+01  1.52424e+01
6.472824803e+00  1.5134497e+01         -inf  6.89329e+05  1.51345e+01  1.53202e+01
6.498716102e+00  1.5418945e+01         -inf  6.89329e+05  1.54189e+01  1.56094e+01
6.524710966e+00  1.5121751e+01         -inf  6.89329e+05  1.51218e+01  1.53205e+01
6.550809810e+00  1.4981340e+01         -inf  6.89329e+05  1.49813e+01  1.51886e+01
6.577013049e+00  1.4969631e+01         -inf  6.89329e+05  1.49696e+01  1.51861e+01
6.603321102e+00  1.4958608e+01         -inf  6.89329e+05  1.49586e+01  1.51856e+01
6.629734386e+00  1.4943777e+01         -inf  6.89329e+05  1.49438e+01  1.51821e+01
6.656253324e+00  1.4965774e+01         -inf  6.89329e+05  1.49658e+01  1.52161e+01
6.682878337e+00  1.4930505e+01         -inf  6.89329e+05  1.49305e+01  1.51940e+01
6.709609850e+00  1.4917035e+01         -inf  6.89329e+05  1.49170e+01  1.51945e+01
6.736448290e+00  1.4941203e+01         -inf  6.89329e+05  1.49412e+01  1.52332e+01
6.763394083e+00  1.4872100e+01         -inf  6.89329e+05  1.48721e+01  1.51803e+01
6.790447659e+00  1.4995873e+01         -inf  6.89329e+05  1.49959e+01  1.53209e+01
6.817609450e+00  1.4891518e+01         -inf  6.89329e+05  1.48915e+01  1.52357e+01
6.844879888e+00  1.4870862e+01         -inf  6.89329e+05  1.48709e+01  1.52346e+01
6.872259407e+00  1.4852283e+01         -inf  6.89329e+05  1.48523e+01  1.52361e+01
6.899748445e+00  1.4875609e+01         -inf  6.89329e+05  1.48756e+01  1.52804e+01
6.927347438e+00  1.4793022e+01         -inf  6.89329e+05  1.47930e+01  1.52215e+01
6.955056828e+00  1.4737718e+01         -inf  6.89329e+05  1.47377e+01  1.51917e+01
6.982877056e+00  1.4738301e+01         -inf  6.89329e+05  1.47383e+01  1.52191e+01
7.010808564e+00  1.4703738e+01         -inf  6.89329e+05  1.47037e+01  1.52136e+01
7.038851798e+00  1.4636793e+01         -inf  6.89329e+05  1.46368e+01  1.51789e+01
7.067007205e+00  1.4607624e+01         -inf  6.89329e+05  1.46076e+01  1.51820e+01
7.095275234e+00  1.4580097e+01         -inf  6.89329e+05  1.45801e+01  1.51900e+01
7.123656335e+00  1.4535671e+01         -inf  6.89329e+05  1.45357e+01  1.51818e+01
7.152150960e+00  1.4527143e+01         -inf  6.89329e+05  1.45271e+01  1.52124e+01
7.180759564e+00  1.4509089e+01         -inf  6.89329e+05  1.45091e+01  1.52353e+01
7.209482602e+00  1.4583119e+01         -inf  6.89329e+05  1.45831e+01  1.53508e+01
7.238320533e+00  1.4661047e+01         -inf  6.89329e+05  1.46610e+01  1.54688e+01
7.267273815e+00  1.4803764e+01         -inf  6.89329e+05  1.48038e+01  1.56492e+01
7.296342910e+00  1.4736074e+01         -inf  6.89329e+05  1.47361e+01  1.56304e+01
7.325528282e+00  1.4967693e+01         -inf  6.89329e+05  1.49677e+01  1.58876e+01
7.354830395e+00  1.5372526e+01         -inf  6.89329e+05  1.53725e+01  1.63027e+01
7.384249717e+00  1.5856651e+01         -inf  6.89329e+05  1.58567e+01  1.67803e+01
7.413786715e+00  1.5567409e+01         -inf  6.89329e+05  1.55674e+01  1.65727e+01
7.443441862e+00  1.6040527e+01         -inf  6.89329e+05  1.60405e+01  1.70458e+01
7.473215630e+00  1.5793850e+01         -inf  6.89329e+05  1.57938e+01  1.68823e+01
7.503108492e+00  1.6083060e+01         -inf  6.89329e+05  1.60831e+01  1.71856e+01
7.533120926e+00  1.5638698e+01         -inf  6.89329e+05  1.56387e+01  1.68424e+01
7.563253410e+00  1.4872852e+01         -inf  6.89329e+05  1.48729e+01  1.62084e+01
7.593506424e+00  1.4570740e+01         -inf  6.89329e+05  1.45707e+01  1.59449e+01
7.623880449e+00  1.4726494e+01         -inf  6.89329e+05  1.47265e+01  1.60444e+01
7.654375971e+00  1.8039145e+01         -inf  6.89329e+05  1.80391e+01  1.89445e+01
7.684993475e+00  1.8107394e+01         -inf  6.89329e+05  1.81074e+01  1.89642e+01
7.715733449e+00  1.6718945e+01         -inf  6.89329e+05  1.67189e+01  1.77838e+01
7.746596383e+00  1.5752935e+01         -inf  6.89329e+05  1.57529e+01  1.70040e+01
7.777582768e+00  1.5308369e+01         -inf  6.89329e+05  1.53084e+01  1.67384e+01
7.808693099e+00  1.5535615e+01         -inf  6.89329e+05  1.55356e+01  1.69033e+01
7.839927872e+00  1.5878203e+01         -inf  6.89329e+05  1.58782e+01  1.71738e+01
7.871287583e+00  1.6054819e+01         -inf  6.89329e+05  1.60548e+01  1.73545e+01
7.902772733e+00  1.5446554e+01         -inf  6.89329e+05  1.54466e+01  1.68907e+01
7.934383824e+00  1.5254590e+01         -inf  6.89329e+05  1.52546e+01  1.68143e+01
7.966121360e+00  1.4502481e+01         -inf  6.89329e+05  1.45025e+01  1.62496e+01
7.997985845e+00  1.4206493e+01         -inf  6.89329e+05  1.42065e+01  1.60636e+01
8.029977788e+00  1.4227923e+01         -inf  6.89329e+05  1.42279e+01  1.61311e+01
8.062097700e+00  1.3778120e+01         -inf  6.89329e+05  1.37781e+01  1.58077e+01
8.094346090e+00  1.3555770e+01         -inf  6.89329e+05  1.35558e+01  1.56599e+01
8.126723475e+00  1.3282140e+01         -inf  6.89329e+05  1.32821e+01  1.54775e+01
8.159230369e+00  1.3088791e+01         -inf  6.89329e+05  1.30888e+01  1.53523e+01
8.191867290e+00  1.3100874e+01         -inf  6.89329e+05  1.31009e+01  1.53997e+01
8.224634759e+00  1.2898546e+01         -inf  6.89329e+05  1.28985e+01  1.52675e+01
8.257533298e+00  1.2843887e+01         -inf  6.89329e+05  1.28439e+01  1.52599e+01
8.290563432e+00  1.2706491e+01         -inf  6.89329e+05  1.27065e+01  1.51818e+01
8.323725685e+00  1.2703652e+01         -inf  6.89329e+05  1.27037e+01  1.52213e+01
8.357020588e+00  1.2642533e+01         -inf  6.89329e+05  1.26425e+01  1.52085e+01
8.390448670e+00  1.2664443e+01         -inf  6.89329e+05  1.26644e+01  1.52678e+01
8.424010465e+00  1.2641396e+01         -inf  6.89329e+05  1.26414e+01  1.52902e+01
8.457706507e+00  1.2678402e+01         -inf  6.89329e+05  1.26784e+01  1.53632e+01
8.491537333e+00  1.2614591e+01         -inf  6.89329e+05  1.26146e+01  1.53568e+01
8.525503482e+00  1.2547732e+01         -inf  6.89329e+05  1.25477e+01  1.53509e+01
8.559605496e+00  1.2385185e+01         -inf  6.89329e+05  1.23852e+01  1.52635e+01
8.593843918e+00  1.2441827e+01         -inf  6.89329e+05  1.24418e+01  1.53583e+01
8.628219294e+00  1.2451882e+01         -inf  6.89329e+05  1.24519e+01  1.54108e+01
8.662732171e+00  1.2400182e+01         -inf  6.89329e+05  1.24002e+01  1.54138e+01
8.697383100e+00  1.2327974e+01         -inf  6.89329e+05  1.23280e+01  1.54054e+01
8.732172632e+00  1.2213507e+01         -inf  6.89329e+05  1.22135e+01  1.53632e+01
8.767101323e+00  1.2110329e+01         -inf  6.89329e+05  1.21103e+01  1.53310e+01
8.802169728e+00  1.2081407e+01         -inf  6.89329e+05  1.20814e+01  1.53673e+01
8.837378407e+00  1.2069509e+01         -inf  6.89329e+05  1.20695e+01  1.54185e+01
8.872727920e+00  1.2033749e+01         -inf  6.89329e+05  1.20337e+01  1.54455e+01
8.908218832e+00  1.1992723e+01         -inf  6.89329e+05  1.19927e+01  1.54675e+01
8.943851707e+00  1.1930557e+01         -inf  6.89329e+05  1.19306e+01  1.54701e+01
8.979627114e+00  1.1799118e+01         -inf  6.89329e+05  1.17991e+01  1.54062e+01
9.015545623e+00  1.1649716e+01         -inf  6.89329e+05  1.16497e+01  1.53256e+01
9.051607805e+00  1.1581570e+01         -inf  6.89329e+05  1.15816e+01  1.53265e+01
9.087814236e+00  1.1519615e+01         -inf  6.89329e+05  1.15196e+01  1.53419e+01
9.124165493e+00  1.1453193e+01         -inf  6.89329e+05  1.14532e+01  1.53582e+01
9.160662155e+00  1.1438414e+01         -inf  6.89329e+05  1.14384e+01  1.53775e+01
9.197304804e+00  1.1547034e+01         -inf  6.89329e+05  1.15470e+01  1.54381e+01
9.234094023e+00  1.1599765e+01         -inf  6.89329e+05  1.15998e+01  1.54279e+01
9.271030399e+00  1.1640718e+01         -inf  6.89329e+05  1.16407e+01  1.54721e+01
9.308114521e+00  1.1562982e+01         -inf  6.89329e+05  1.15630e+01  1.55001e+01
9.345346979e+00  1.1483342e+01         -inf  6.89329e+05  1.14833e+01  1.55478e+01
9.382728367e+00  1.2474414e+01         -inf  6.89329e+05  1.24744e+01  1.67032e+01
9.420259280e+00  1.5703161e+01         -inf  6.89329e+05  1.57032e+01  1.97572e+01
9.457940318e+00  1.7976188e+01         -inf  6.89329e+05  1.79762e+01  2.17269e+01
9.495772079e+00  1.9438410e+01         -inf  6.89329e+05  1.94384e+01  2.29941e+01
9.533755167e+00  1.8262555e+01         -inf  6.89329e+05  1.82626e+01  2.21054e+01
9.571890188e+00  1.4119549e+01         -inf  6.89329e+05  1.41195e+01  1.85272e+01
9.610177749e+00  1.8022103e+01         -inf  6.89329e+05  1.80221e+01  2.21796e+01
9.648618460e+00  1.7397921e+01         -inf  6.89329e+05  1.73979e+01  2.16982e+01
9.687212933e+00  1.6278481e+01         -inf  6.89329e+05  1.62785e+01  2.06979e+01
9.725961785e+00  1.6123702e+01         -inf  6.89329e+05  1.61237e+01  2.06331e+01
9.764865632e+00  1.5850412e+01         -inf  6.89329e+05  1.58504e+01  2.04948e+01
9.803925095e+00  1.4940345e+01         -inf  6.89329e+05  1.49403e+01  1.97962e+01
9.843140795e+00  1.3991919e+01         -inf  6.89329e+05  1.39919e+01  1.90472e+01
9.882513358e+00  1.2684105e+01         -inf  6.89329e+05  1.26841e+01  1.79620e+01
9.922043412e+00  1.1692093e+01         -inf  6.89329e+05  1.16921e+01  1.71349e+01
9.961731585e+00  1.0863114e+01         -inf  6.89329e+05  1.08631e+01  1.64523e+01
1.000157851e+01  1.0198275e+01         -inf  6.89329e+05  1.01983e+01  1.59161e+01
1.004158483e+01  9.6877834e+00         -inf  6.89329e+05  9.68778e+00  1.55287e+01
1.008175117e+01  9.4179301e+00         -inf  6.89329e+05  9.41793e+00  1.53714e+01
1.012207817e+01  9.2361073e+00         -inf  6.89329e+05  9.23611e+00  1.52634e+01
1.016256648e+01  9.1944424e+00         -inf  6.89329e+05  9.19444e+00  1.52222e+01
1.020321675e+01  9.2144838e+00         -inf  6.89329e+05  9.21448e+00  1.52179e+01
1.024402962e+01  9.1949327e+00         -inf  6.89329e+05  9.19493e+00  1.52351e+01
1.028500573e+01  9.1668556e+00         -inf  6.89329e+05  9.16686e+00  1.52581e+01
1.032614576e+01  9.0607421e+00         -inf  6.89329e+05  9.06074e+00  1.52557e+01
1.036745034e+01  8.6700846e+00         -inf  6.89329e+05  8.67008e+00  1.51926e+01
1.040892014e+01  8.4207603e+00         -inf  6.89329e+05  8.42076e+00  1.51566e+01
1.045055582e+01  8.5670482e+00         -inf  6.89329e+05  8.56705e+00  1.52140e+01
1.049235805e+01  8.4704044e+00         -inf  6.89329e+05  8.47040e+00  1.52105e+01
1.053432748e+01  8.3938888e+00         -inf  6.89329e+05  8.39389e+00  1.52122e+01
1.057646479e+01  8.2802182e+00         -inf  6.89329e+05  8.28022e+00  1.52051e+01
1.061877065e+01  8.1360435e+00         -inf  6.89329e+05  8.13604e+00  1.51916e+01
1.066124573e+01  7.9688948e+00         -inf  6.89329e+05  7.96889e+00  1.51769e+01
1.070389071e+01  7.7894063e+00         -inf  6.89329e+05  7.78941e+00  1.51637e+01
1.074670627e+01  7.6124343e+00         -inf  6.89329e+05  7.61243e+00  1.51544e+01
1.078969310e+01  7.4472554e+00         -inf  6.89329e+05  7.44726e+00  1.51489e+01
1.083285187e+01  7.2936506e+00         -inf  6.89329e+05  7.29365e+00  1.51456e+01
1.087618328e+01  7.1596023e+00         -inf  6.89329e+05  7.15960e+00  1.51448e+01
1.091968801e+01  7.0362521e+00         -inf  6.89329e+05  7.03625e+00  1.51430e+01
1.096336676e+01  6.9125617e+00         -inf  6.89329e+05  6.91256e+00  1.51425e+01
1.100722023e+01  6.7934555e+00         -inf  6.89329e+05  6.79346e+00  1.51427e+01
1.105124911e+01  6.6724429e+00         -inf  6.89329e+05  6.67244e+00  1.51428e+01
1.109545411e+01  6.5533178e+00         -inf  6.89329e+05  6.55332e+00  1.51432e+01
1.113983593e+01  6.4296746e+00         -inf  6.89329e+05  6.42967e+00  1.51423e+01
1.118439527e+01  6.3045786e+00         -inf  6.89329e+05  6.30458e+00  1.51418e+01
1.122913285e+01  6.1787557e+00         -inf  6.89329e+05  6.17876e+00  1.51415e+01
1.127404938e+01  6.0522434e+00         -inf  6.89329e+05  6.05224e+00  1.51411e+01
1.131914558e+01  5.9251654e+00         -inf  6.89329e+05  5.92517e+00  1.51411e+01
1.136442216e+01  5.7962838e+00         -inf  6.89329e+05  5.79628e+00  1.51411e+01
1.140987985e+01  5.6665155e+00         -inf  6.89329e+05  5.66652e+00  1.51411e+01
1.145551937e+01  5.5355982e+00         -inf  6.89329e+05  5.53560e+00  1.51410e+01
1.150134145e+01  5.4035852e+00         -inf  6.89329e+05  5.40359e+00  1.51409e+01
1.154734681e+01  5.2715268e+00         -inf  6.89329e+05  5.27153e+00  1.51412e+01
1.159353620e+01  5.1375532e+00         -inf  6.89329e+05  5.13755e+00  1.51414e+01
1.163991035e+01  5.0004724e+00         -inf  6.89329e+05  5.00047e+00  1.51410e+01
1.168646999e+01  4.8641890e+00         -inf  6.89329e+05  4.86419e+00  1.51411e+01
1.173321587e+01  4.7271416e+00         -inf  6.89329e+05  4.72714e+00  1.51411e+01
1.178014873e+01  4.5889175e+00         -inf  6.89329e+05  4.58892e+00  1.51412e+01
1.182726932e+01  4.4505022e+00         -inf  6.89329e+05  4.45050e+00  1.51414e+01
1.187457840e+01  4.3101344e+00         -inf  6.89329e+05  4.31013e+00  1.51414e+01
1.192207672e+01  4.1691980e+00         -inf  6.89329e+05  4.16920e+00  1.51416e+01
1.196976502e+01  4.0277971e+00         -inf  6.89329e+05  4.02780e+00  1.51418e+01
1.201764408e+01  3.8893851e+00         -inf  6.89329e+05  3.88939e+00  1.51423e+01
1.206571466e+01  3.8718786e+00         -inf  6.89329e+05  3.87188e+00  1.51475e+01
1.211397752e+01  3.6354814e+00         -inf  6.89329e+05  3.63548e+00  1.51444e+01
1.216243343e+01  3.5445814e+00         -inf  6.89329e+05  3.54458e+00  1.51486e+01
1.221108316e+01  3.4804925e+00         -inf  6.89329e+05  3.48049e+00  1.51549e+01
1.225992749e+01  3.4380699e+00         -inf  6.89329e+05  3.43807e+00  1.51667e+01
1.230896720e+01  3.4037496e+00         -inf  6.89329e+05  3.40375e+00  1.51821e+01
1.235820307e+01  3.3647537e+00         -inf  6.89329e+05  3.36475e+00  1.52004e+01
1.240763589e+01  3.3065739e+00         -inf  6.89329e+05  3.30657e+00  1.52197e+01
1.245726643e+01  3.2113760e+00         -inf  6.89329e+05  3.21138e+00  1.52317e+01
1.250709549e+01  3.0538496e+00         -inf  6.89329e+05  3.05385e+00  1.52381e+01
1.255712388e+01  2.8323527e+00         -inf  6.89329e+05  2.83235e+00  1.52268e+01
1.260735237e+01  4.3052100e+00         -inf  6.89329e+05  4.30521e+00  1.54473e+01
1.265778178e+01  3.3909576e+00         -inf  6.89329e+05  3.39096e+00  1.54809e+01
1.270841291e+01  2.2450581e+00         -inf  6.89329e+05  2.24506e+00  1.52138e+01
1.275924656e+01  2.3281689e+00         -inf  6.89329e+05  2.32817e+00  1.52449e+01
1.281028355e+01  2.3897122e+00         -inf  6.89329e+05  2.38971e+00  1.52558e+01
1.286152468e+01  2.4306871e+00         -inf  6.89329e+05  2.43069e+00  1.52635e+01
1.291297078e+01  2.5279042e+00         -inf  6.89329e+05  2.52790e+00  1.52713e+01
1.296462266e+01  3.0610030e+00         -inf  6.89329e+05  3.06100e+00  1.53254e+01
1.301648115e+01  3.1802374e+00         -inf  6.89329e+05  3.18024e+00  1.53450e+01
1.306854708e+01  3.2831568e+00         -inf  6.89329e+05  3.28316e+00  1.54489e+01
1.312082127e+01  3.7940627e+00         -inf  6.89329e+05  3.79406e+00  1.55605e+01
1.317330455e+01  4.6207124e+00         -inf  6.89329e+05  4.62071e+00  1.57394e+01
1.322599777e+01  5.6887434e+00         -inf  6.89329e+05  5.68874e+00  1.60682e+01
1.327890176e+01  6.3591120e+00         -inf  6.89329e+05  6.35911e+00  1.63532e+01
1.333201737e+01  7.2880590e+00         -inf  6.89329e+05  7.28806e+00  1.68209e+01
1.338534544e+01  8.0449699e+00         -inf  6.89329e+05  8.04497e+00  1.72024e+01
1.343888682e+01  9.0763319e+00         -inf  6.89329e+05  9.07633e+00  1.77983e+01
1.349264237e+01  1.3562006e+01         -inf  6.89329e+05  1.35620e+01  2.05726e+01
1.354661294e+01  1.1535804e+01         -inf  6.89329e+05  1.15358e+01  1.92952e+01
1.360079939e+01  1.2021703e+01         -inf  6.89329e+05  1.20217e+01  1.97296e+01
1.365520258e+01  1.2211677e+01         -inf  6.89329e+05  1.22117e+01  1.99469e+01
1.370982339e+01  1.1651003e+01         -inf  6.89329e+05  1.16510e+01  1.97127e+01
1.376466269e+01  1.0642385e+01         -inf  6.89329e+05  1.06424e+01  1.91506e+01
1.381972134e+01  1.1351753e+01         -inf  6.89329e+05  1.13518e+01  1.96623e+01
1.387500022e+01  2.4780767e+01         -inf  6.89329e+05  2.47808e+01  2.91224e+01
1.393050023e+01  1.4539330e+01         -inf  6.89329e+05  1.45393e+01  2.15865e+01
1.398622223e+01  1.3690496e+01         -inf  6.89329e+05  1.36905e+01  2.11171e+01
1.404216712e+01  1.5436660e+01         -inf  6.89329e+05  1.54367e+01  2.22386e+01
1.409833578e+01  1.6028062e+01         -inf  6.89329e+05  1.60281e+01  2.26170e+01
1.415472913e+01  1.8123010e+01         -inf  6.89329e+05  1.81230e+01  2.40018e+01
1.421134804e+01  2.0525670e+01         -inf  6.89329e+05  2.05257e+01  2.58093e+01
1.426819344e+01  2.2157569e+01         -inf  6.89329e+05  2.21576e+01  2.69190e+01
1.432526621e+01  2.3685399e+01         -inf  6.89329e+05  2.36854e+01  2.80937e+01
1.438256727e+01  2.6732254e+01         -inf  6.89329e+05  2.67323e+01  3.04567e+01
1.444009754e+01  2.8511890e+01         -inf  6.89329e+05  2.85119e+01  3.19786e+01
1.449785793e+01  2.8632255e+01         -inf  6.89329e+05  2.86323e+01  3.20093e+01
1.455584937e+01  3.1007768e+01         -inf  6.89329e+05  3.10078e+01  3.40911e+01
1.461407276e+01  3.2635740e+01         -inf  6.89329e+05  3.26357e+01  3.55450e+01
1.467252905e+01  3.2710138e+01         -inf  6.89329e+05  3.27101e+01  3.56418e+01
1.473121917e+01  3.3020249e+01         -inf  6.89329e+05  3.30202e+01  3.59409e+01
1.479014405e+01  3.4294531e+01         -inf  6.89329e+05  3.42945e+01  3.71293e+01
1.484930462e+01  3.3903018e+01         -inf  6.89329e+05  3.39030e+01  3.68234e+01
1.490870184e+01  3.3987972e+01         -inf  6.89329e+05  3.39880e+01  3.69893e+01
1.496833665e+01  4.6512561e+01         -inf  6.89329e+05  4.65126e+01  4.96603e+01
1.502821000e+01  3.4752206e+01         -inf  6.89329e+05  3.47522e+01  3.76975e+01
1.508832284e+01  3.5575876e+01         -inf  6.89329e+05  3.55759e+01  3.86143e+01
1.514867613e+01  3.3404223e+01         -inf  6.89329e+05  3.34042e+01  3.65984e+01
1.520927083e+01  3.1940215e+01         -inf  6.89329e+05  3.19402e+01  3.52978e+01
1.527010791e+01  3.2542813e+01         -inf  6.89329e+05  3.25428e+01  3.59554e+01
1.533118835e+01  3.2606854e+01         -inf  6.89329e+05  3.26069e+01  3.60731e+01
1.539251310e+01  3.3701620e+01         -inf  6.89329e+05  3.37016e+01  3.72136e+01
1.545408315e+01  3.0086005e+01         -inf  6.89329e+05  3.00860e+01  3.41745e+01
1.551589948e+01  2.9270581e+01         -inf  6.89329e+05  2.92706e+01  3.35072e+01
1.557796308e+01  2.7026441e+01         -inf  6.89329e+05  2.70264e+01  3.17825e+01
1.564027493e+01  2.4367930e+01         -inf  6.89329e+05  2.43679e+01  2.98214e+01
1.570283603e+01  2.4065333e+01         -inf  6.89329e+05  2.40653e+01  2.97183e+01
1.576564738e+01  2.1952226e+01         -inf  6.89329e+05  2.19522e+01  2.82791e+01
1.582870997e+01  1.9540132e+01         -inf  6.89329e+05  1.95401e+01  2.68082e+01
1.589202481e+01  1.7885528e+01         -inf  6.89329e+05  1.78855e+01  2.57729e+01
1.595559291e+01  1.4379788e+01         -inf  6.89329e+05  1.43798e+01  2.37042e+01
1.601941528e+01  1.3968143e+01         -inf  6.89329e+05  1.39681e+01  2.36542e+01
1.608349294e+01  9.1785690e+00         -inf  6.89329e+05  9.17857e+00  2.10594e+01
1.614782691e+01  1.1641934e+01         -inf  6.89329e+05  1.16419e+01  2.25064e+01
1.621241822e+01  1.9071905e+01         -inf  6.89329e+05  1.90719e+01  2.71113e+01
1.627726789e+01  8.4242231e+00         -inf  6.89329e+05  8.42422e+00  2.07505e+01
1.634237696e+01  6.2751290e+00         -inf  6.89329e+05  6.27513e+00  1.96941e+01
1.640774647e+01  8.2348780e+00         -inf  6.89329e+05  8.23488e+00  2.08747e+01
1.647337746e+01  7.3330983e+00         -inf  6.89329e+05  7.33310e+00  2.05919e+01
1.653927097e+01  6.0618556e+00         -inf  6.89329e+05  6.06186e+00  1.98273e+01
1.660542805e+01  5.0860737e+00         -inf  6.89329e+05  5.08607e+00  1.93843e+01
1.667184976e+01  3.5985493e+00         -inf  6.89329e+05  3.59855e+00  1.87362e+01
1.673853716e+01  7.7222456e+00         -inf  6.89329e+05  7.72225e+00  2.10736e+01
1.680549131e+01  2.1373724e+00         -inf  6.89329e+05  2.13737e+00  1.82924e+01
1.687271328e+01  9.5790252e-01         -inf  6.89329e+05  9.57903e-01  1.77689e+01
1.694020413e+01 -3.2184098e-01         -inf  6.89329e+05 -3.21841e-01  1.73766e+01
1.700796495e+01 -9.0565668e-01         -inf  6.89329e+05 -9.05657e-01  1.71329e+01
1.707599681e+01 -3.4203621e+00         -inf  6.89329e+05 -3.42036e+00  1.64272e+01
1.714430079e+01 -3.8508994e+00         -inf  6.89329e+05 -3.85090e+00  1.63503e+01
1.721287800e+01 -5.0852655e+00         -inf  6.89329e+05 -5.08527e+00  1.59687e+01
1.728172951e+01 -6.2101413e+00         -inf  6.89329e+05 -6.21014e+00  1.58063e+01
1.735085643e+01 -6.5103203e+00         -inf  6.89329e+05 -6.51032e+00  1.57755e+01
1.742025985e+01 -8.1564681e+00         -inf  6.89329e+05 -8.15647e+00  1.55039e+01
1.748994089e+01 -8.0979791e+00         -inf  6.89329e+05 -8.09798e+00  1.55072e+01
1.755990065e+01 -8.9312597e+00         -inf  6.89329e+05 -8.93126e+00  1.54160e+01
1.763014026e+01 -9.4950814e+00         -inf  6.89329e+05 -9.49508e+00  1.53102e+01
1.770066082e+01 -9.8374275e+00         -inf  6.89329e+05 -9.83743e+00  1.52872e+01
1.777146346e+01 -1.0213285e+01         -inf  6.89329e+05 -1.02133e+01  1.52636e+01
1.784254932e+01 -1.0775671e+01         -inf  6.89329e+05 -1.07757e+01  1.52138e+01
1.791391951e+01 -1.0888203e+01         -inf  6.89329e+05 -1.08882e+01  1.52075e+01
1.798557519e+01 -1.1198262e+01         -inf  6.89329e+05 -1.11983e+01  1.51926e+01
1.805751749e+01 -1.1491339e+01         -inf  6.89329e+05 -1.14913e+01  1.51733e+01
1.812974756e+01 -1.1621026e+01         -inf  6.89329e+05 -1.16210e+01  1.51876e+01
1.820226655e+01 -1.1934440e+01         -inf  6.89329e+05 -1.19344e+01  1.51586e+01
1.827507562e+01 -1.1737615e+01         -inf  6.89329e+05 -1.17376e+01  1.51841e+01
1.834817592e+01 -9.5782858e+00         -inf  6.89329e+05 -9.57829e+00  1.56193e+01
1.842156862e+01 -1.2461067e+01         -inf  6.89329e+05 -1.24611e+01  1.51490e+01
1.849525490e+01 -1.2695667e+01         -inf  6.89329e+05 -1.26957e+01  1.51490e+01
1.856923592e+01 -1.2745217e+01         -inf  6.89329e+05 -1.27452e+01  1.51675e+01
1.864351286e+01 -1.2896201e+01         -inf  6.89329e+05 -1.28962e+01  1.51694e+01
1.871808691e+01 -1.3055367e+01         -inf  6.89329e+05 -1.30554e+01  1.51733e+01
1.879295926e+01 -1.3228948e+01         -inf  6.89329e+05 -1.32289e+01  1.51661e+01
1.886813110e+01 -1.3495953e+01         -inf  6.89329e+05 -1.34960e+01  1.51528e+01
1.894360362e+01 -1.3562508e+01         -inf  6.89329e+05 -1.35625e+01  1.51663e+01
1.901937804e+01 -1.3810946e+01         -inf  6.89329e+05 -1.38109e+01  1.51561e+01
1.909545555e+01 -1.4032869e+01         -inf  6.89329e+05 -1.40329e+01  1.51480e+01
1.917183737e+01 -1.4185015e+01         -inf  6.89329e+05 -1.41850e+01  1.51518e+01
1.924852472e+01 -1.4425115e+01         -inf  6.89329e+05 -1.44251e+01  1.51447e+01
1.932551882e+01 -1.4581600e+01         -inf  6.89329e+05 -1.45816e+01  1.51459e+01
1.940282089e+01 -1.4781161e+01         -inf  6.89329e+05 -1.47812e+01  1.51439e+01
1.948043218e+01 -1.4971765e+01         -inf  6.89329e+05 -1.49718e+01  1.51430e+01
1.955835391e+01 -1.5142866e+01         -inf  6.89329e+05 -1.51429e+01  1.51432e+01
1.963658732e+01 -1.5305902e+01         -inf  6.89329e+05 -1.53059e+01  1.51436e+01
1.971513367e+01 -1.5497757e+01         -inf  6.89329e+05 -1.54978e+01  1.51430e+01
1.979399421e+01 -1.5685037e+01         -inf  6.89329e+05 -1.56850e+01  1.51424e+01
1.987317018e+01 -1.5862045e+01         -inf  6.89329e+05 -1.58620e+01  1.51424e+01
1.995266286e+01 -1.6038681e+01         -inf  6.89329e+05 -1.60387e+01  1.51425e+01
