# WARNING | GENERATOR | Too many electrons per pixel (up to 9.04e+13) detected in the 1.54-19.95 um spectral range. Reduce exposure time per frame to less than 0.000 seconds.
# ------------------------------------------------------------------------
# Radiance spectrum
# NASA-GSFC Planetary Spectrum Generator (PSG) (Villanueva et al. 2018, 2022)
# Synthesized on Tue Oct  6 07:34:22 2026
# Doppler velocities [km/s] (vobs,vrot+vorb,vwidth,vrfl,vstr): 29.00000,-0.00000,0.00000,0.00000,-0.00000
# ------------------------------------------------------------------------
# Spectra synthesized with the Planetary and Universal Model of Atmospheric Scattering (PUMAS, Villanueva et al. 2018, 2022)
# Single scattering radiative transfer method
# Radiative transfer took 8.156 seconds
# ------------------------------------------------------------------------
# Spectral unit: Wavelength [um]
# Radiance unit: Contrast [transit atmospheric thickness, km]
# Wave/freq Total Noise Stellar Earth Transit
2.000000000e-01  4.0990155e+01         -inf  6.89329e+05  4.09902e+01  4.09902e+01
2.008000000e-01  4.0871646e+01         -inf  6.89329e+05  4.08716e+01  4.08716e+01
2.016032000e-01  4.0782573e+01         -inf  6.89329e+05  4.07826e+01  4.07826e+01
2.024096128e-01  4.0699915e+01         -inf  6.89329e+05  4.06999e+01  4.06999e+01
2.032192513e-01  4.0614992e+01         -inf  6.89329e+05  4.06150e+01  4.06150e+01
2.040321283e-01  4.0528181e+01         -inf  6.89329e+05  4.05282e+01  4.05282e+01
2.048482568e-01  4.0443255e+01         -inf  6.89329e+05  4.04433e+01  4.04433e+01
2.056676498e-01  4.0359084e+01         -inf  6.89329e+05  4.03591e+01  4.03591e+01
2.064903204e-01  4.0275288e+01         -inf  6.89329e+05  4.02753e+01  4.02753e+01
2.073162817e-01  4.0191869e+01         -inf  6.89329e+05  4.01919e+01  4.01919e+01
2.081455468e-01  4.0108449e+01         -inf  6.89329e+05  4.01084e+01  4.01084e+01
2.089781290e-01  4.0025028e+01         -inf  6.89329e+05  4.00250e+01  4.00250e+01
2.098140415e-01  3.9942361e+01         -inf  6.89329e+05  3.99424e+01  3.99424e+01
2.106532977e-01  3.9858183e+01         -inf  6.89329e+05  3.98582e+01  3.98582e+01
2.114959109e-01  3.9773248e+01         -inf  6.89329e+05  3.97732e+01  3.97732e+01
2.123418945e-01  3.9692088e+01         -inf  6.89329e+05  3.96921e+01  3.96921e+01
2.131912621e-01  3.9613569e+01         -inf  6.89329e+05  3.96136e+01  3.96136e+01
2.140440271e-01  3.9529009e+01         -inf  6.89329e+05  3.95290e+01  3.95290e+01
2.149002032e-01  3.9453130e+01         -inf  6.89329e+05  3.94531e+01  3.94531e+01
2.157598041e-01  3.9378383e+01         -inf  6.89329e+05  3.93784e+01  3.93784e+01
2.166228433e-01  3.9304013e+01         -inf  6.89329e+05  3.93040e+01  3.93040e+01
2.174893346e-01  3.9233040e+01         -inf  6.89329e+05  3.92330e+01  3.92330e+01
2.183592920e-01  3.9160933e+01         -inf  6.89329e+05  3.91609e+01  3.91609e+01
2.192327292e-01  3.9091846e+01         -inf  6.89329e+05  3.90918e+01  3.90918e+01
2.201096601e-01  3.9024645e+01         -inf  6.89329e+05  3.90246e+01  3.90246e+01
2.209900987e-01  3.8959332e+01         -inf  6.89329e+05  3.89593e+01  3.89593e+01
2.218740591e-01  3.8896283e+01         -inf  6.89329e+05  3.88963e+01  3.88963e+01
2.227615553e-01  3.8834366e+01         -inf  6.89329e+05  3.88344e+01  3.88344e+01
2.236526016e-01  3.8774714e+01         -inf  6.89329e+05  3.87747e+01  3.87747e+01
2.245472120e-01  3.8717704e+01         -inf  6.89329e+05  3.87177e+01  3.87177e+01
2.254454008e-01  3.8660694e+01         -inf  6.89329e+05  3.86607e+01  3.86607e+01
2.263471824e-01  3.8608591e+01         -inf  6.89329e+05  3.86086e+01  3.86086e+01
2.272525711e-01  3.8556865e+01         -inf  6.89329e+05  3.85569e+01  3.85569e+01
2.281615814e-01  3.8508160e+01         -inf  6.89329e+05  3.85082e+01  3.85082e+01
2.290742278e-01  3.8462852e+01         -inf  6.89329e+05  3.84629e+01  3.84629e+01
2.299905247e-01  3.8415656e+01         -inf  6.89329e+05  3.84157e+01  3.84157e+01
2.309104868e-01  3.8375634e+01         -inf  6.89329e+05  3.83756e+01  3.83756e+01
2.318341287e-01  3.8333346e+01         -inf  6.89329e+05  3.83333e+01  3.83333e+01
2.327614652e-01  3.8296344e+01         -inf  6.89329e+05  3.82963e+01  3.82963e+01
2.336925111e-01  3.8256698e+01         -inf  6.89329e+05  3.82567e+01  3.82567e+01
2.346272811e-01  3.8224226e+01         -inf  6.89329e+05  3.82242e+01  3.82242e+01
2.355657903e-01  3.8186468e+01         -inf  6.89329e+05  3.81865e+01  3.81865e+01
2.365080534e-01  3.8153619e+01         -inf  6.89329e+05  3.81536e+01  3.81536e+01
2.374540856e-01  3.8123034e+01         -inf  6.89329e+05  3.81230e+01  3.81230e+01
2.384039020e-01  3.8089807e+01         -inf  6.89329e+05  3.80898e+01  3.80898e+01
2.393575176e-01  3.8058467e+01         -inf  6.89329e+05  3.80585e+01  3.80585e+01
2.403149477e-01  3.8030525e+01         -inf  6.89329e+05  3.80305e+01  3.80305e+01
2.412762074e-01  3.7996542e+01         -inf  6.89329e+05  3.79965e+01  3.79965e+01
2.422413123e-01  3.7965957e+01         -inf  6.89329e+05  3.79660e+01  3.79660e+01
2.432102775e-01  3.7941791e+01         -inf  6.89329e+05  3.79418e+01  3.79418e+01
2.441831186e-01  3.7906674e+01         -inf  6.89329e+05  3.79067e+01  3.79067e+01
2.451598511e-01  3.7876844e+01         -inf  6.89329e+05  3.78768e+01  3.78768e+01
2.461404905e-01  3.7841160e+01         -inf  6.89329e+05  3.78412e+01  3.78412e+01
2.471250525e-01  3.7806459e+01         -inf  6.89329e+05  3.78065e+01  3.78065e+01
2.481135527e-01  3.7763487e+01         -inf  6.89329e+05  3.77635e+01  3.77635e+01
2.491060069e-01  3.7740151e+01         -inf  6.89329e+05  3.77402e+01  3.77402e+01
2.501024309e-01  3.7692837e+01         -inf  6.89329e+05  3.76928e+01  3.76928e+01
2.511028406e-01  3.7636988e+01         -inf  6.89329e+05  3.76370e+01  3.76370e+01
2.521072520e-01  3.7616597e+01         -inf  6.89329e+05  3.76166e+01  3.76166e+01
2.531156810e-01  3.7552893e+01         -inf  6.89329e+05  3.75529e+01  3.75529e+01
2.541281437e-01  3.7504255e+01         -inf  6.89329e+05  3.75043e+01  3.75043e+01
2.551446563e-01  3.7463849e+01         -inf  6.89329e+05  3.74638e+01  3.74638e+01
2.561652349e-01  3.7398520e+01         -inf  6.89329e+05  3.73985e+01  3.73985e+01
2.571898959e-01  3.7329111e+01         -inf  6.89329e+05  3.73291e+01  3.73291e+01
2.582186555e-01  3.7284437e+01         -inf  6.89329e+05  3.72844e+01  3.72844e+01
2.592515301e-01  3.7215254e+01         -inf  6.89329e+05  3.72153e+01  3.72153e+01
2.602885362e-01  3.7142861e+01         -inf  6.89329e+05  3.71429e+01  3.71429e+01
2.613296904e-01  3.7069824e+01         -inf  6.89329e+05  3.70698e+01  3.70698e+01
2.623750091e-01  3.6999581e+01         -inf  6.89329e+05  3.69996e+01  3.69996e+01
2.634245092e-01  3.6895499e+01         -inf  6.89329e+05  3.68955e+01  3.68955e+01
2.644782072e-01  3.6844213e+01         -inf  6.89329e+05  3.68442e+01  3.68442e+01
2.655361200e-01  3.6738958e+01         -inf  6.89329e+05  3.67390e+01  3.67390e+01
2.665982645e-01  3.6641519e+01         -inf  6.89329e+05  3.66415e+01  3.66415e+01
2.676646576e-01  3.6552199e+01         -inf  6.89329e+05  3.65522e+01  3.65522e+01
2.687353162e-01  3.6424316e+01         -inf  6.89329e+05  3.64243e+01  3.64243e+01
2.698102574e-01  3.6351611e+01         -inf  6.89329e+05  3.63516e+01  3.63516e+01
2.708894985e-01  3.6212129e+01         -inf  6.89329e+05  3.62121e+01  3.62121e+01
2.719730565e-01  3.6113549e+01         -inf  6.89329e+05  3.61135e+01  3.61135e+01
2.730609487e-01  3.5993211e+01         -inf  6.89329e+05  3.59932e+01  3.59932e+01
2.741531925e-01  3.5840274e+01         -inf  6.89329e+05  3.58403e+01  3.58403e+01
2.752498053e-01  3.5735040e+01         -inf  6.89329e+05  3.57350e+01  3.57350e+01
2.763508045e-01  3.5596073e+01         -inf  6.89329e+05  3.55961e+01  3.55961e+01
2.774562077e-01  3.5460881e+01         -inf  6.89329e+05  3.54609e+01  3.54609e+01
2.785660325e-01  3.5317450e+01         -inf  6.89329e+05  3.53175e+01  3.53175e+01
2.796802967e-01  3.5180363e+01         -inf  6.89329e+05  3.51804e+01  3.51804e+01
2.807990178e-01  3.5017849e+01         -inf  6.89329e+05  3.50178e+01  3.50178e+01
2.819222139e-01  3.4860620e+01         -inf  6.89329e+05  3.48606e+01  3.48606e+01
2.830499028e-01  3.4729718e+01         -inf  6.89329e+05  3.47297e+01  3.47297e+01
2.841821024e-01  3.4562546e+01         -inf  6.89329e+05  3.45625e+01  3.45625e+01
2.853188308e-01  3.4403379e+01         -inf  6.89329e+05  3.44034e+01  3.44034e+01
2.864601061e-01  3.4258414e+01         -inf  6.89329e+05  3.42584e+01  3.42584e+01
2.876059465e-01  3.4092438e+01         -inf  6.89329e+05  3.40924e+01  3.40924e+01
2.887563703e-01  3.3927894e+01         -inf  6.89329e+05  3.39279e+01  3.39279e+01
2.899113958e-01  3.3770902e+01         -inf  6.89329e+05  3.37709e+01  3.37709e+01
2.910710414e-01  3.3622333e+01         -inf  6.89329e+05  3.36223e+01  3.36223e+01
2.922353256e-01  3.3457437e+01         -inf  6.89329e+05  3.34574e+01  3.34574e+01
2.934042669e-01  3.3305422e+01         -inf  6.89329e+05  3.33054e+01  3.33054e+01
2.945778839e-01  3.3155595e+01         -inf  6.89329e+05  3.31556e+01  3.31556e+01
2.957561955e-01  3.2997791e+01         -inf  6.89329e+05  3.29978e+01  3.29978e+01
2.969392202e-01  3.2853625e+01         -inf  6.89329e+05  3.28536e+01  3.28536e+01
2.981269771e-01  3.2712139e+01         -inf  6.89329e+05  3.27121e+01  3.27121e+01
2.993194850e-01  3.2578662e+01         -inf  6.89329e+05  3.25787e+01  3.25787e+01
3.005167630e-01  3.2447260e+01         -inf  6.89329e+05  3.24473e+01  3.24473e+01
3.017188300e-01  3.2315705e+01         -inf  6.89329e+05  3.23157e+01  3.23157e+01
3.029257054e-01  3.2191025e+01         -inf  6.89329e+05  3.21910e+01  3.21910e+01
3.041374082e-01  3.2077266e+01         -inf  6.89329e+05  3.20773e+01  3.20773e+01
3.053539578e-01  3.1950918e+01         -inf  6.89329e+05  3.19509e+01  3.19509e+01
3.065753736e-01  3.1845999e+01         -inf  6.89329e+05  3.18460e+01  3.18460e+01
3.078016751e-01  3.1725656e+01         -inf  6.89329e+05  3.17257e+01  3.17257e+01
3.090328818e-01  3.1623417e+01         -inf  6.89329e+05  3.16234e+01  3.16234e+01
3.102690134e-01  3.1509307e+01         -inf  6.89329e+05  3.15093e+01  3.15093e+01
3.115100894e-01  3.1410465e+01         -inf  6.89329e+05  3.14105e+01  3.14105e+01
3.127561298e-01  3.1299489e+01         -inf  6.89329e+05  3.12995e+01  3.12995e+01
3.140071543e-01  3.1205483e+01         -inf  6.89329e+05  3.12055e+01  3.12055e+01
3.152631829e-01  3.1101269e+01         -inf  6.89329e+05  3.11013e+01  3.11013e+01
3.165242356e-01  3.0998906e+01         -inf  6.89329e+05  3.09989e+01  3.09989e+01
3.177903326e-01  3.0910490e+01         -inf  6.89329e+05  3.09105e+01  3.09105e+01
3.190614939e-01  3.0802491e+01         -inf  6.89329e+05  3.08025e+01  3.08025e+01
3.203377399e-01  3.0718042e+01         -inf  6.89329e+05  3.07180e+01  3.07180e+01
3.216190908e-01  3.0613744e+01         -inf  6.89329e+05  3.06137e+01  3.06137e+01
3.229055672e-01  3.0531182e+01         -inf  6.89329e+05  3.05312e+01  3.05312e+01
3.241971895e-01  3.0423858e+01         -inf  6.89329e+05  3.04239e+01  3.04239e+01
3.254939782e-01  3.0348174e+01         -inf  6.89329e+05  3.03482e+01  3.03482e+01
3.267959541e-01  3.0241867e+01         -inf  6.89329e+05  3.02419e+01  3.02419e+01
3.281031380e-01  3.0164669e+01         -inf  6.89329e+05  3.01647e+01  3.01647e+01
3.294155505e-01  3.0059795e+01         -inf  6.89329e+05  3.00598e+01  3.00598e+01
3.307332127e-01  2.9981876e+01         -inf  6.89329e+05  2.99819e+01  2.99819e+01
3.320561456e-01  2.9885355e+01         -inf  6.89329e+05  2.98854e+01  2.98854e+01
3.333843702e-01  2.9798701e+01         -inf  6.89329e+05  2.97987e+01  2.97987e+01
3.347179076e-01  2.9708075e+01         -inf  6.89329e+05  2.97081e+01  2.97081e+01
3.360567793e-01  2.9616995e+01         -inf  6.89329e+05  2.96170e+01  2.96170e+01
3.374010064e-01  2.9534873e+01         -inf  6.89329e+05  2.95349e+01  2.95349e+01
3.387506104e-01  2.9440614e+01         -inf  6.89329e+05  2.94406e+01  2.94406e+01
3.401056128e-01  2.9354899e+01         -inf  6.89329e+05  2.93549e+01  2.93549e+01
3.414660353e-01  2.9264645e+01         -inf  6.89329e+05  2.92646e+01  2.92646e+01
3.428318994e-01  2.9176394e+01         -inf  6.89329e+05  2.91764e+01  2.91764e+01
3.442032270e-01  2.9091583e+01         -inf  6.89329e+05  2.90916e+01  2.90916e+01
3.455800399e-01  2.9001098e+01         -inf  6.89329e+05  2.90011e+01  2.90011e+01
3.469623601e-01  2.8913449e+01         -inf  6.89329e+05  2.89134e+01  2.89134e+01
3.483502095e-01  2.8825382e+01         -inf  6.89329e+05  2.88254e+01  2.88254e+01
3.497436104e-01  2.8737352e+01         -inf  6.89329e+05  2.87374e+01  2.87374e+01
3.511425848e-01  2.8650493e+01         -inf  6.89329e+05  2.86505e+01  2.86505e+01
3.525471552e-01  2.8562498e+01         -inf  6.89329e+05  2.85625e+01  2.85625e+01
3.539573438e-01  2.8474313e+01         -inf  6.89329e+05  2.84743e+01  2.84743e+01
3.553731732e-01  2.8386731e+01         -inf  6.89329e+05  2.83867e+01  2.83867e+01
3.567946659e-01  2.8298998e+01         -inf  6.89329e+05  2.82990e+01  2.82990e+01
3.582218445e-01  2.8211300e+01         -inf  6.89329e+05  2.82113e+01  2.82113e+01
3.596547319e-01  2.8123867e+01         -inf  6.89329e+05  2.81239e+01  2.81239e+01
3.610933508e-01  2.8036092e+01         -inf  6.89329e+05  2.80361e+01  2.80361e+01
3.625377242e-01  2.7948429e+01         -inf  6.89329e+05  2.79484e+01  2.79484e+01
3.639878751e-01  2.7860840e+01         -inf  6.89329e+05  2.78608e+01  2.78608e+01
3.654438266e-01  2.7773251e+01         -inf  6.89329e+05  2.77733e+01  2.77733e+01
3.669056019e-01  2.7685660e+01         -inf  6.89329e+05  2.76857e+01  2.76857e+01
3.683732243e-01  2.7598106e+01         -inf  6.89329e+05  2.75981e+01  2.75981e+01
3.698467172e-01  2.7510588e+01         -inf  6.89329e+05  2.75106e+01  2.75106e+01
3.713261041e-01  2.7423069e+01         -inf  6.89329e+05  2.74231e+01  2.74231e+01
3.728114085e-01  2.7335587e+01         -inf  6.89329e+05  2.73356e+01  2.73356e+01
3.743026542e-01  2.7248179e+01         -inf  6.89329e+05  2.72482e+01  2.72482e+01
3.757998648e-01  2.7160732e+01         -inf  6.89329e+05  2.71607e+01  2.71607e+01
3.773030642e-01  2.7073360e+01         -inf  6.89329e+05  2.70734e+01  2.70734e+01
3.788122765e-01  2.6986062e+01         -inf  6.89329e+05  2.69861e+01  2.69861e+01
3.803275256e-01  2.6898763e+01         -inf  6.89329e+05  2.68988e+01  2.68988e+01
3.818488357e-01  2.6811501e+01         -inf  6.89329e+05  2.68115e+01  2.68115e+01
3.833762310e-01  2.6724351e+01         -inf  6.89329e+05  2.67244e+01  2.67244e+01
3.849097360e-01  2.6637199e+01         -inf  6.89329e+05  2.66372e+01  2.66372e+01
3.864493749e-01  2.6550123e+01         -inf  6.89329e+05  2.65501e+01  2.65501e+01
3.879951724e-01  2.6463120e+01         -inf  6.89329e+05  2.64631e+01  2.64631e+01
3.895471531e-01  2.6376192e+01         -inf  6.89329e+05  2.63762e+01  2.63762e+01
3.911053417e-01  2.6289339e+01         -inf  6.89329e+05  2.62893e+01  2.62893e+01
3.926697631e-01  2.6202560e+01         -inf  6.89329e+05  2.62026e+01  2.62026e+01
3.942404421e-01  2.6115893e+01         -inf  6.89329e+05  2.61159e+01  2.61159e+01
3.958174039e-01  2.6029301e+01         -inf  6.89329e+05  2.60293e+01  2.60293e+01
3.974006735e-01  2.5942783e+01         -inf  6.89329e+05  2.59428e+01  2.59428e+01
3.989902762e-01  2.5856340e+01         -inf  6.89329e+05  2.58563e+01  2.58563e+01
4.005862373e-01  2.5770047e+01         -inf  6.89329e+05  2.57700e+01  2.57700e+01
4.021885823e-01  2.5683867e+01         -inf  6.89329e+05  2.56839e+01  2.56839e+01
4.037973366e-01  2.5597798e+01         -inf  6.89329e+05  2.55978e+01  2.55978e+01
4.054125259e-01  2.5511804e+01         -inf  6.89329e+05  2.55118e+01  2.55118e+01
4.070341760e-01  2.5426036e+01         -inf  6.89329e+05  2.54260e+01  2.54260e+01
4.086623127e-01  2.5340457e+01         -inf  6.89329e+05  2.53405e+01  2.53405e+01
4.102969620e-01  2.5254913e+01         -inf  6.89329e+05  2.52549e+01  2.52549e+01
4.119381498e-01  2.5169482e+01         -inf  6.89329e+05  2.51695e+01  2.51695e+01
4.135859024e-01  2.5084164e+01         -inf  6.89329e+05  2.50842e+01  2.50842e+01
4.152402460e-01  2.4999147e+01         -inf  6.89329e+05  2.49991e+01  2.49991e+01
4.169012070e-01  2.4914356e+01         -inf  6.89329e+05  2.49144e+01  2.49144e+01
4.185688119e-01  2.4829601e+01         -inf  6.89329e+05  2.48296e+01  2.48296e+01
4.202430871e-01  2.4745035e+01         -inf  6.89329e+05  2.47450e+01  2.47450e+01
4.219240595e-01  2.4660808e+01         -inf  6.89329e+05  2.46608e+01  2.46608e+01
4.236117557e-01  2.4576996e+01         -inf  6.89329e+05  2.45770e+01  2.45770e+01
4.253062027e-01  2.4493297e+01         -inf  6.89329e+05  2.44933e+01  2.44933e+01
4.270074275e-01  2.4409445e+01         -inf  6.89329e+05  2.44094e+01  2.44094e+01
4.287154572e-01  2.4325706e+01         -inf  6.89329e+05  2.43257e+01  2.43257e+01
4.304303191e-01  2.4242419e+01         -inf  6.89329e+05  2.42424e+01  2.42424e+01
4.321520403e-01  2.4159699e+01         -inf  6.89329e+05  2.41597e+01  2.41597e+01
4.338806485e-01  2.4077054e+01         -inf  6.89329e+05  2.40771e+01  2.40771e+01
4.356161711e-01  2.3994332e+01         -inf  6.89329e+05  2.39943e+01  2.39943e+01
4.373586358e-01  2.3912176e+01         -inf  6.89329e+05  2.39122e+01  2.39122e+01
4.391080703e-01  2.3830966e+01         -inf  6.89329e+05  2.38310e+01  2.38310e+01
4.408645026e-01  2.3750171e+01         -inf  6.89329e+05  2.37502e+01  2.37502e+01
4.426279606e-01  2.3669337e+01         -inf  6.89329e+05  2.36693e+01  2.36693e+01
4.443984725e-01  2.3587896e+01         -inf  6.89329e+05  2.35879e+01  2.35879e+01
4.461760664e-01  2.3506265e+01         -inf  6.89329e+05  2.35063e+01  2.35063e+01
4.479607706e-01  2.3425769e+01         -inf  6.89329e+05  2.34258e+01  2.34258e+01
4.497526137e-01  2.3346444e+01         -inf  6.89329e+05  2.33464e+01  2.33464e+01
4.515516242e-01  2.3266854e+01         -inf  6.89329e+05  2.32669e+01  2.32669e+01
4.533578307e-01  2.3186885e+01         -inf  6.89329e+05  2.31869e+01  2.31869e+01
4.551712620e-01  2.3107936e+01         -inf  6.89329e+05  2.31079e+01  2.31079e+01
4.569919470e-01  2.3030765e+01         -inf  6.89329e+05  2.30308e+01  2.30308e+01
4.588199148e-01  2.2954615e+01         -inf  6.89329e+05  2.29546e+01  2.29546e+01
4.606551945e-01  2.2878615e+01         -inf  6.89329e+05  2.28786e+01  2.28786e+01
4.624978152e-01  2.2801025e+01         -inf  6.89329e+05  2.28010e+01  2.28010e+01
4.643478065e-01  2.2721807e+01         -inf  6.89329e+05  2.27218e+01  2.27218e+01
4.662051977e-01  2.2643533e+01         -inf  6.89329e+05  2.26435e+01  2.26435e+01
4.680700185e-01  2.2568022e+01         -inf  6.89329e+05  2.25680e+01  2.25680e+01
4.699422986e-01  2.2493305e+01         -inf  6.89329e+05  2.24933e+01  2.24933e+01
4.718220678e-01  2.2417451e+01         -inf  6.89329e+05  2.24175e+01  2.24175e+01
4.737093561e-01  2.2342089e+01         -inf  6.89329e+05  2.23421e+01  2.23421e+01
4.756041935e-01  2.2269224e+01         -inf  6.89329e+05  2.22692e+01  2.22692e+01
4.775066103e-01  2.2199121e+01         -inf  6.89329e+05  2.21991e+01  2.21991e+01
4.794166367e-01  2.2130456e+01         -inf  6.89329e+05  2.21305e+01  2.21305e+01
4.813343033e-01  2.2061412e+01         -inf  6.89329e+05  2.20614e+01  2.20614e+01
4.832596405e-01  2.1988809e+01         -inf  6.89329e+05  2.19888e+01  2.19888e+01
4.851926790e-01  2.1913063e+01         -inf  6.89329e+05  2.19131e+01  2.19131e+01
4.871334497e-01  2.1838452e+01         -inf  6.89329e+05  2.18385e+01  2.18385e+01
4.890819835e-01  2.1767890e+01         -inf  6.89329e+05  2.17679e+01  2.17679e+01
4.910383115e-01  2.1699182e+01         -inf  6.89329e+05  2.16992e+01  2.16992e+01
4.930024647e-01  2.1629301e+01         -inf  6.89329e+05  2.16293e+01  2.16293e+01
4.949744746e-01  2.1559570e+01         -inf  6.89329e+05  2.15596e+01  2.15596e+01
4.969543725e-01  2.1492942e+01         -inf  6.89329e+05  2.14929e+01  2.14929e+01
4.989421900e-01  2.1430516e+01         -inf  6.89329e+05  2.14305e+01  2.14305e+01
5.009379587e-01  2.1371118e+01         -inf  6.89329e+05  2.13711e+01  2.13711e+01
5.029417106e-01  2.1312665e+01         -inf  6.89329e+05  2.13127e+01  2.13127e+01
5.049534774e-01  2.1251184e+01         -inf  6.89329e+05  2.12512e+01  2.12512e+01
5.069732913e-01  2.1184099e+01         -inf  6.89329e+05  2.11841e+01  2.11841e+01
5.090011845e-01  2.1113795e+01         -inf  6.89329e+05  2.11138e+01  2.11138e+01
5.110371892e-01  2.1045497e+01         -inf  6.89329e+05  2.10455e+01  2.10455e+01
5.130813380e-01  2.0981855e+01         -inf  6.89329e+05  2.09819e+01  2.09819e+01
5.151336633e-01  2.0920787e+01         -inf  6.89329e+05  2.09208e+01  2.09208e+01
5.171941980e-01  2.0859680e+01         -inf  6.89329e+05  2.08597e+01  2.08597e+01
5.192629748e-01  2.0798989e+01         -inf  6.89329e+05  2.07990e+01  2.07990e+01
5.213400267e-01  2.0740608e+01         -inf  6.89329e+05  2.07406e+01  2.07406e+01
5.234253868e-01  2.0685974e+01         -inf  6.89329e+05  2.06860e+01  2.06860e+01
5.255190883e-01  2.0634671e+01         -inf  6.89329e+05  2.06347e+01  2.06347e+01
5.276211647e-01  2.0585148e+01         -inf  6.89329e+05  2.05851e+01  2.05851e+01
5.297316493e-01  2.0535359e+01         -inf  6.89329e+05  2.05354e+01  2.05354e+01
5.318505759e-01  2.0483032e+01         -inf  6.89329e+05  2.04830e+01  2.04830e+01
5.339779782e-01  2.0426465e+01         -inf  6.89329e+05  2.04265e+01  2.04265e+01
5.361138902e-01  2.0366452e+01         -inf  6.89329e+05  2.03665e+01  2.03665e+01
5.382583457e-01  2.0307877e+01         -inf  6.89329e+05  2.03079e+01  2.03079e+01
5.404113791e-01  2.0254413e+01         -inf  6.89329e+05  2.02544e+01  2.02544e+01
5.425730246e-01  2.0204546e+01         -inf  6.89329e+05  2.02045e+01  2.02045e+01
5.447433167e-01  2.0154754e+01         -inf  6.89329e+05  2.01548e+01  2.01548e+01
5.469222900e-01  2.0103333e+01         -inf  6.89329e+05  2.01033e+01  2.01033e+01
5.491099791e-01  2.0051155e+01         -inf  6.89329e+05  2.00512e+01  2.00512e+01
5.513064191e-01  1.9999658e+01         -inf  6.89329e+05  1.99997e+01  1.99997e+01
5.535116447e-01  1.9949713e+01         -inf  6.89329e+05  1.99497e+01  1.99497e+01
5.557256913e-01  1.9902532e+01         -inf  6.89329e+05  1.99025e+01  1.99025e+01
5.579485941e-01  1.9859554e+01         -inf  6.89329e+05  1.98596e+01  1.98596e+01
5.601803884e-01  1.9820400e+01         -inf  6.89329e+05  1.98204e+01  1.98204e+01
5.624211100e-01  1.9782192e+01         -inf  6.89329e+05  1.97822e+01  1.97822e+01
5.646707944e-01  1.9741977e+01         -inf  6.89329e+05  1.97420e+01  1.97420e+01
5.669294776e-01  1.9699869e+01         -inf  6.89329e+05  1.96999e+01  1.96999e+01
5.691971955e-01  1.9657798e+01         -inf  6.89329e+05  1.96578e+01  1.96578e+01
5.714739843e-01  1.9616181e+01         -inf  6.89329e+05  1.96162e+01  1.96162e+01
5.737598803e-01  1.9571497e+01         -inf  6.89329e+05  1.95715e+01  1.95715e+01
5.760549198e-01  1.9520867e+01         -inf  6.89329e+05  1.95209e+01  1.95209e+01
5.783591395e-01  1.9465844e+01         -inf  6.89329e+05  1.94658e+01  1.94658e+01
5.806725760e-01  1.9409722e+01         -inf  6.89329e+05  1.94097e+01  1.94097e+01
5.829952663e-01  1.9355039e+01         -inf  6.89329e+05  1.93550e+01  1.93550e+01
5.853272474e-01  1.9303309e+01         -inf  6.89329e+05  1.93033e+01  1.93033e+01
5.876685564e-01  1.9255101e+01         -inf  6.89329e+05  1.92551e+01  1.92551e+01
5.900192306e-01  1.9211096e+01         -inf  6.89329e+05  1.92111e+01  1.92111e+01
5.923793075e-01  1.9173187e+01         -inf  6.89329e+05  1.91732e+01  1.91732e+01
5.947488247e-01  1.9142133e+01         -inf  6.89329e+05  1.91421e+01  1.91421e+01
5.971278200e-01  1.9113844e+01         -inf  6.89329e+05  1.91138e+01  1.91138e+01
5.995163313e-01  1.9083244e+01         -inf  6.89329e+05  1.90832e+01  1.90832e+01
6.019143966e-01  1.9045714e+01         -inf  6.89329e+05  1.90457e+01  1.90457e+01
6.043220542e-01  1.8999738e+01         -inf  6.89329e+05  1.89997e+01  1.89997e+01
6.067393425e-01  1.8946528e+01         -inf  6.89329e+05  1.89465e+01  1.89465e+01
6.091662998e-01  1.8888773e+01         -inf  6.89329e+05  1.88888e+01  1.88888e+01
6.116029650e-01  1.8829957e+01         -inf  6.89329e+05  1.88300e+01  1.88300e+01
6.140493769e-01  1.8772467e+01         -inf  6.89329e+05  1.87725e+01  1.87725e+01
6.165055744e-01  1.8717134e+01         -inf  6.89329e+05  1.87171e+01  1.87171e+01
6.189715967e-01  1.8664301e+01         -inf  6.89329e+05  1.86643e+01  1.86643e+01
6.214474831e-01  1.8613777e+01         -inf  6.89329e+05  1.86138e+01  1.86138e+01
6.239332730e-01  1.8564427e+01         -inf  6.89329e+05  1.85644e+01  1.85644e+01
6.264290061e-01  1.8515039e+01         -inf  6.89329e+05  1.85150e+01  1.85150e+01
6.289347221e-01  1.8466408e+01         -inf  6.89329e+05  1.84664e+01  1.84664e+01
6.314504610e-01  1.8415126e+01         -inf  6.89329e+05  1.84151e+01  1.84151e+01
6.339762629e-01  1.8364865e+01         -inf  6.89329e+05  1.83649e+01  1.83649e+01
6.365121679e-01  1.8313809e+01         -inf  6.89329e+05  1.83138e+01  1.83138e+01
6.390582166e-01  1.8262639e+01         -inf  6.89329e+05  1.82626e+01  1.82626e+01
6.416144494e-01  1.8211772e+01         -inf  6.89329e+05  1.82118e+01  1.82118e+01
6.441809072e-01  1.8163176e+01         -inf  6.89329e+05  1.81632e+01  1.81632e+01
6.467576309e-01  1.8115868e+01         -inf  6.89329e+05  1.81159e+01  1.81159e+01
6.493446614e-01  1.8069583e+01         -inf  6.89329e+05  1.80696e+01  1.80696e+01
6.519420400e-01  1.8024622e+01         -inf  6.89329e+05  1.80246e+01  1.80246e+01
6.545498082e-01  1.7979472e+01         -inf  6.89329e+05  1.79795e+01  1.79795e+01
6.571680074e-01  1.7934587e+01         -inf  6.89329e+05  1.79346e+01  1.79346e+01
6.597966795e-01  1.7890649e+01         -inf  6.89329e+05  1.78906e+01  1.78906e+01
6.624358662e-01  1.7847581e+01         -inf  6.89329e+05  1.78476e+01  1.78476e+01
6.650856096e-01  1.7804059e+01         -inf  6.89329e+05  1.78041e+01  1.78041e+01
6.677459521e-01  1.7759930e+01         -inf  6.89329e+05  1.77599e+01  1.77599e+01
6.704169359e-01  1.7716369e+01         -inf  6.89329e+05  1.77164e+01  1.77164e+01
6.730986036e-01  1.7673869e+01         -inf  6.89329e+05  1.76739e+01  1.76739e+01
6.757909981e-01  1.7632618e+01         -inf  6.89329e+05  1.76326e+01  1.76326e+01
6.784941620e-01  1.7592276e+01         -inf  6.89329e+05  1.75923e+01  1.75923e+01
6.812081387e-01  1.7553941e+01         -inf  6.89329e+05  1.75539e+01  1.75539e+01
6.839329712e-01  1.7517690e+01         -inf  6.89329e+05  1.75177e+01  1.75177e+01
6.866687031e-01  1.7501856e+01         -inf  6.89329e+05  1.75019e+01  1.75019e+01
6.894153779e-01  1.7466589e+01         -inf  6.89329e+05  1.74666e+01  1.74666e+01
6.921730395e-01  1.7407609e+01         -inf  6.89329e+05  1.74076e+01  1.74076e+01
6.949417316e-01  1.7366394e+01         -inf  6.89329e+05  1.73664e+01  1.73664e+01
6.977214985e-01  1.7329649e+01         -inf  6.89329e+05  1.73296e+01  1.73296e+01
7.005123845e-01  1.7294343e+01         -inf  6.89329e+05  1.72943e+01  1.72943e+01
7.033144341e-01  1.7260894e+01         -inf  6.89329e+05  1.72609e+01  1.72609e+01
7.061276918e-01  1.7228884e+01         -inf  6.89329e+05  1.72289e+01  1.72289e+01
7.089522026e-01  1.7197858e+01         -inf  6.89329e+05  1.71979e+01  1.71979e+01
7.117880114e-01  1.7167931e+01         -inf  6.89329e+05  1.71679e+01  1.71679e+01
7.146351634e-01  1.7139860e+01         -inf  6.89329e+05  1.71399e+01  1.71399e+01
7.174937041e-01  1.7110501e+01         -inf  6.89329e+05  1.71105e+01  1.71105e+01
7.203636789e-01  1.7077581e+01         -inf  6.89329e+05  1.70776e+01  1.70776e+01
7.232451336e-01  1.7045683e+01         -inf  6.89329e+05  1.70457e+01  1.70457e+01
7.261381142e-01  1.7016248e+01         -inf  6.89329e+05  1.70162e+01  1.70162e+01
7.290426666e-01  1.6986207e+01         -inf  6.89329e+05  1.69862e+01  1.69862e+01
7.319588373e-01  1.6957377e+01         -inf  6.89329e+05  1.69574e+01  1.69574e+01
7.348866726e-01  1.6930821e+01         -inf  6.89329e+05  1.69308e+01  1.69308e+01
7.378262193e-01  1.6905438e+01         -inf  6.89329e+05  1.69054e+01  1.69054e+01
7.407775242e-01  1.6881079e+01         -inf  6.89329e+05  1.68811e+01  1.68811e+01
7.437406343e-01  1.6858727e+01         -inf  6.89329e+05  1.68587e+01  1.68587e+01
7.467155968e-01  1.6837209e+01         -inf  6.89329e+05  1.68372e+01  1.68372e+01
7.497024592e-01  1.6811826e+01         -inf  6.89329e+05  1.68118e+01  1.68118e+01
7.527012690e-01  1.6781746e+01         -inf  6.89329e+05  1.67817e+01  1.67817e+01
7.557120741e-01  1.6752802e+01         -inf  6.89329e+05  1.67528e+01  1.67528e+01
7.587349224e-01  1.6776215e+01         -inf  6.89329e+05  1.67762e+01  1.67762e+01
7.617698621e-01  1.6966128e+01         -inf  6.89329e+05  1.69661e+01  1.69661e+01
7.648169416e-01  1.6811448e+01         -inf  6.89329e+05  1.68114e+01  1.68114e+01
7.678762093e-01  1.6667447e+01         -inf  6.89329e+05  1.66674e+01  1.66674e+01
7.709477142e-01  1.6636949e+01         -inf  6.89329e+05  1.66369e+01  1.66369e+01
7.740315050e-01  1.6618878e+01         -inf  6.89329e+05  1.66189e+01  1.66189e+01
7.771276310e-01  1.6602700e+01         -inf  6.89329e+05  1.66027e+01  1.66027e+01
7.802361416e-01  1.6583530e+01         -inf  6.89329e+05  1.65835e+01  1.65835e+01
7.833570861e-01  1.6559548e+01         -inf  6.89329e+05  1.65595e+01  1.65595e+01
7.864905145e-01  1.6533445e+01         -inf  6.89329e+05  1.65334e+01  1.65334e+01
7.896364765e-01  1.6510486e+01         -inf  6.89329e+05  1.65105e+01  1.65105e+01
7.927950224e-01  1.6488133e+01         -inf  6.89329e+05  1.64881e+01  1.64881e+01
7.959662025e-01  1.6466878e+01         -inf  6.89329e+05  1.64669e+01  1.64669e+01
7.991500673e-01  1.6446988e+01         -inf  6.89329e+05  1.64470e+01  1.64470e+01
8.023466676e-01  1.6427817e+01         -inf  6.89329e+05  1.64278e+01  1.64278e+01
8.055560543e-01  1.6409897e+01         -inf  6.89329e+05  1.64099e+01  1.64099e+01
8.087782785e-01  1.6394477e+01         -inf  6.89329e+05  1.63945e+01  1.63945e+01
8.120133916e-01  1.6380307e+01         -inf  6.89329e+05  1.63803e+01  1.63803e+01
8.152614452e-01  1.6365948e+01         -inf  6.89329e+05  1.63659e+01  1.63659e+01
8.185224910e-01  1.6348520e+01         -inf  6.89329e+05  1.63485e+01  1.63485e+01
8.217965809e-01  1.6327000e+01         -inf  6.89329e+05  1.63270e+01  1.63270e+01
8.250837672e-01  1.6304305e+01         -inf  6.89329e+05  1.63043e+01  1.63043e+01
8.283841023e-01  1.6283656e+01         -inf  6.89329e+05  1.62837e+01  1.62837e+01
8.316976387e-01  1.6265054e+01         -inf  6.89329e+05  1.62651e+01  1.62651e+01
8.350244293e-01  1.6247890e+01         -inf  6.89329e+05  1.62479e+01  1.62479e+01
8.383645270e-01  1.6231977e+01         -inf  6.89329e+05  1.62320e+01  1.62320e+01
8.417179851e-01  1.6216709e+01         -inf  6.89329e+05  1.62167e+01  1.62167e+01
8.450848570e-01  1.6202349e+01         -inf  6.89329e+05  1.62023e+01  1.62023e+01
8.484651965e-01  1.6189656e+01         -inf  6.89329e+05  1.61897e+01  1.61897e+01
8.518590573e-01  1.6179351e+01         -inf  6.89329e+05  1.61794e+01  1.61794e+01
8.552664935e-01  1.6165559e+01         -inf  6.89329e+05  1.61656e+01  1.61656e+01
8.586875595e-01  1.6148585e+01         -inf  6.89329e+05  1.61486e+01  1.61486e+01
8.621223097e-01  1.6130929e+01         -inf  6.89329e+05  1.61309e+01  1.61309e+01
8.655707989e-01  1.6113198e+01         -inf  6.89329e+05  1.61132e+01  1.61132e+01
8.690330821e-01  1.6099065e+01         -inf  6.89329e+05  1.60991e+01  1.60991e+01
8.725092145e-01  1.6082508e+01         -inf  6.89329e+05  1.60825e+01  1.60825e+01
8.759992513e-01  1.6067655e+01         -inf  6.89329e+05  1.60677e+01  1.60677e+01
8.795032483e-01  1.6055114e+01         -inf  6.89329e+05  1.60551e+01  1.60551e+01
8.830212613e-01  1.6046778e+01         -inf  6.89329e+05  1.60468e+01  1.60468e+01
8.865533464e-01  1.6035298e+01         -inf  6.89329e+05  1.60353e+01  1.60353e+01
8.900995597e-01  1.6021734e+01         -inf  6.89329e+05  1.60217e+01  1.60217e+01
8.936599580e-01  1.6007942e+01         -inf  6.89329e+05  1.60079e+01  1.60079e+01
8.972345978e-01  1.5996727e+01         -inf  6.89329e+05  1.59967e+01  1.59967e+01
9.008235362e-01  1.5983314e+01         -inf  6.89329e+05  1.59833e+01  1.59833e+01
9.044268304e-01  1.5968272e+01         -inf  6.89329e+05  1.59683e+01  1.59683e+01
9.080445377e-01  1.5954215e+01         -inf  6.89329e+05  1.59542e+01  1.59542e+01
9.116767158e-01  1.5941370e+01         -inf  6.89329e+05  1.59414e+01  1.59414e+01
9.153234227e-01  1.5929207e+01         -inf  6.89329e+05  1.59292e+01  1.59292e+01
9.189847164e-01  1.5917613e+01         -inf  6.89329e+05  1.59176e+01  1.59176e+01
9.226606552e-01  1.5906815e+01         -inf  6.89329e+05  1.59068e+01  1.59068e+01
9.263512979e-01  1.5895599e+01         -inf  6.89329e+05  1.58956e+01  1.58956e+01
9.300567031e-01  1.5885028e+01         -inf  6.89329e+05  1.58850e+01  1.58850e+01
9.337769299e-01  1.5874532e+01         -inf  6.89329e+05  1.58745e+01  1.58745e+01
9.375120376e-01  1.5864643e+01         -inf  6.89329e+05  1.58646e+01  1.58646e+01
9.412620857e-01  1.5856269e+01         -inf  6.89329e+05  1.58563e+01  1.58563e+01
9.450271341e-01  1.5847251e+01         -inf  6.89329e+05  1.58473e+01  1.58473e+01
9.488072426e-01  1.5835164e+01         -inf  6.89329e+05  1.58352e+01  1.58352e+01
9.526024716e-01  1.5823494e+01         -inf  6.89329e+05  1.58235e+01  1.58235e+01
9.564128815e-01  1.5813340e+01         -inf  6.89329e+05  1.58133e+01  1.58133e+01
9.602385330e-01  1.5803299e+01         -inf  6.89329e+05  1.58033e+01  1.58033e+01
9.640794871e-01  1.5793864e+01         -inf  6.89329e+05  1.57939e+01  1.57939e+01
9.679358051e-01  1.5784391e+01         -inf  6.89329e+05  1.57844e+01  1.57844e+01
9.718075483e-01  1.5775411e+01         -inf  6.89329e+05  1.57754e+01  1.57754e+01
9.756947785e-01  1.5766052e+01         -inf  6.89329e+05  1.57661e+01  1.57661e+01
9.795975576e-01  1.5757337e+01         -inf  6.89329e+05  1.57573e+01  1.57573e+01
9.835159478e-01  1.5748774e+01         -inf  6.89329e+05  1.57488e+01  1.57488e+01
9.874500116e-01  1.5741082e+01         -inf  6.89329e+05  1.57411e+01  1.57411e+01
9.913998117e-01  1.5735436e+01         -inf  6.89329e+05  1.57354e+01  1.57354e+01
9.953654109e-01  1.5725964e+01         -inf  6.89329e+05  1.57260e+01  1.57260e+01
9.993468726e-01  1.5716074e+01         -inf  6.89329e+05  1.57161e+01  1.57161e+01
1.003344260e+00  1.5707283e+01         -inf  6.89329e+05  1.57073e+01  1.57073e+01
1.007357637e+00  1.5699061e+01         -inf  6.89329e+05  1.56991e+01  1.56991e+01
1.011387068e+00  1.5691104e+01         -inf  6.89329e+05  1.56911e+01  1.56911e+01
1.015432616e+00  1.5683147e+01         -inf  6.89329e+05  1.56831e+01  1.56831e+01
1.019494346e+00  1.5675189e+01         -inf  6.89329e+05  1.56752e+01  1.56752e+01
1.023572324e+00  1.5667422e+01         -inf  6.89329e+05  1.56674e+01  1.56674e+01
1.027666613e+00  1.5659843e+01         -inf  6.89329e+05  1.56598e+01  1.56598e+01
1.031777280e+00  1.5652341e+01         -inf  6.89329e+05  1.56523e+01  1.56523e+01
1.035904389e+00  1.5648059e+01         -inf  6.89329e+05  1.56481e+01  1.56481e+01
1.040048006e+00  1.5643891e+01         -inf  6.89329e+05  1.56439e+01  1.56439e+01
1.044208198e+00  1.5631576e+01         -inf  6.89329e+05  1.56316e+01  1.56316e+01
1.048385031e+00  1.5632941e+01         -inf  6.89329e+05  1.56329e+01  1.56329e+01
1.052578571e+00  1.5634380e+01         -inf  6.89329e+05  1.56344e+01  1.56344e+01
1.056788885e+00  1.5611759e+01         -inf  6.89329e+05  1.56118e+01  1.56118e+01
1.061016041e+00  1.5604825e+01         -inf  6.89329e+05  1.56048e+01  1.56048e+01
1.065260105e+00  1.5601604e+01         -inf  6.89329e+05  1.56016e+01  1.56016e+01
1.069521146e+00  1.5592055e+01         -inf  6.89329e+05  1.55921e+01  1.55921e+01
1.073799230e+00  1.5585121e+01         -inf  6.89329e+05  1.55851e+01  1.55851e+01
1.078094427e+00  1.5578831e+01         -inf  6.89329e+05  1.55788e+01  1.55788e+01
1.082406805e+00  1.5572655e+01         -inf  6.89329e+05  1.55727e+01  1.55727e+01
1.086736432e+00  1.5566668e+01         -inf  6.89329e+05  1.55667e+01  1.55667e+01
1.091083378e+00  1.5561060e+01         -inf  6.89329e+05  1.55611e+01  1.55611e+01
1.095447711e+00  1.5555603e+01         -inf  6.89329e+05  1.55556e+01  1.55556e+01
1.099829502e+00  1.5549958e+01         -inf  6.89329e+05  1.55500e+01  1.55500e+01
1.104228820e+00  1.5544122e+01         -inf  6.89329e+05  1.55441e+01  1.55441e+01
1.108645735e+00  1.5539158e+01         -inf  6.89329e+05  1.55392e+01  1.55392e+01
1.113080318e+00  1.5536657e+01         -inf  6.89329e+05  1.55367e+01  1.55367e+01
1.117532640e+00  1.5534194e+01         -inf  6.89329e+05  1.55342e+01  1.55342e+01
1.122002770e+00  1.5534043e+01         -inf  6.89329e+05  1.55340e+01  1.55340e+01
1.126490781e+00  1.5538135e+01         -inf  6.89329e+05  1.55381e+01  1.55381e+01
1.130996744e+00  1.5534460e+01         -inf  6.89329e+05  1.55345e+01  1.55345e+01
1.135520731e+00  1.5533096e+01         -inf  6.89329e+05  1.55331e+01  1.55331e+01
1.140062814e+00  1.5514225e+01         -inf  6.89329e+05  1.55142e+01  1.55142e+01
1.144623065e+00  1.5508504e+01         -inf  6.89329e+05  1.55085e+01  1.55085e+01
1.149201558e+00  1.5511800e+01         -inf  6.89329e+05  1.55118e+01  1.55118e+01
1.153798364e+00  1.5526010e+01         -inf  6.89329e+05  1.55260e+01  1.55260e+01
1.158413557e+00  1.5513998e+01         -inf  6.89329e+05  1.55140e+01  1.55140e+01
1.163047212e+00  1.5524684e+01         -inf  6.89329e+05  1.55247e+01  1.55247e+01
1.167699401e+00  1.5505283e+01         -inf  6.89329e+05  1.55053e+01  1.55053e+01
1.172370198e+00  1.5491187e+01         -inf  6.89329e+05  1.54912e+01  1.54912e+01
1.177059679e+00  1.5479023e+01         -inf  6.89329e+05  1.54790e+01  1.54790e+01
1.181767918e+00  1.5471142e+01         -inf  6.89329e+05  1.54711e+01  1.54711e+01
1.186494989e+00  1.5465193e+01         -inf  6.89329e+05  1.54652e+01  1.54652e+01
1.191240969e+00  1.5459281e+01         -inf  6.89329e+05  1.54593e+01  1.54593e+01
1.196005933e+00  1.5451703e+01         -inf  6.89329e+05  1.54517e+01  1.54517e+01
1.200789957e+00  1.5489368e+01         -inf  6.89329e+05  1.54894e+01  1.54894e+01
1.205593117e+00  1.5724524e+01         -inf  6.89329e+05  1.57245e+01  1.57245e+01
1.210415489e+00  1.5540030e+01         -inf  6.89329e+05  1.55400e+01  1.55400e+01
1.215257151e+00  1.5458523e+01         -inf  6.89329e+05  1.54585e+01  1.54585e+01
1.220118180e+00  1.5657911e+01         -inf  6.89329e+05  1.56579e+01  1.56579e+01
1.224998652e+00  1.5512899e+01         -inf  6.89329e+05  1.55129e+01  1.55129e+01
1.229898647e+00  1.5429498e+01         -inf  6.89329e+05  1.54295e+01  1.54295e+01
1.234818242e+00  1.5426087e+01         -inf  6.89329e+05  1.54261e+01  1.54261e+01
1.239757515e+00  1.5417524e+01         -inf  6.89329e+05  1.54175e+01  1.54175e+01
1.244716545e+00  1.5410286e+01         -inf  6.89329e+05  1.54103e+01  1.54103e+01
1.249695411e+00  1.5407444e+01         -inf  6.89329e+05  1.54074e+01  1.54074e+01
1.254694192e+00  1.5405208e+01         -inf  6.89329e+05  1.54052e+01  1.54052e+01
1.259712969e+00  1.5403314e+01         -inf  6.89329e+05  1.54033e+01  1.54033e+01
1.264751821e+00  1.5407482e+01         -inf  6.89329e+05  1.54075e+01  1.54075e+01
1.269810828e+00  1.5408581e+01         -inf  6.89329e+05  1.54086e+01  1.54086e+01
1.274890072e+00  1.5392514e+01         -inf  6.89329e+05  1.53925e+01  1.53925e+01
1.279989632e+00  1.5387209e+01         -inf  6.89329e+05  1.53872e+01  1.53872e+01
1.285109591e+00  1.5383913e+01         -inf  6.89329e+05  1.53839e+01  1.53839e+01
1.290250029e+00  1.5400927e+01         -inf  6.89329e+05  1.54009e+01  1.54009e+01
1.295411029e+00  1.5397554e+01         -inf  6.89329e+05  1.53976e+01  1.53976e+01
1.300592673e+00  1.5375690e+01         -inf  6.89329e+05  1.53757e+01  1.53757e+01
1.305795044e+00  1.5372393e+01         -inf  6.89329e+05  1.53724e+01  1.53724e+01
1.311018224e+00  1.5383420e+01         -inf  6.89329e+05  1.53834e+01  1.53834e+01
1.316262297e+00  1.5453560e+01         -inf  6.89329e+05  1.54536e+01  1.54536e+01
1.321527346e+00  1.5421995e+01         -inf  6.89329e+05  1.54220e+01  1.54220e+01
1.326813455e+00  1.5378759e+01         -inf  6.89329e+05  1.53788e+01  1.53788e+01
1.332120709e+00  1.5432719e+01         -inf  6.89329e+05  1.54327e+01  1.54327e+01
1.337449192e+00  1.5409415e+01         -inf  6.89329e+05  1.54094e+01  1.54094e+01
1.342798989e+00  1.5420896e+01         -inf  6.89329e+05  1.54209e+01  1.54209e+01
1.348170185e+00  1.5385921e+01         -inf  6.89329e+05  1.53859e+01  1.53859e+01
1.353562866e+00  1.5389786e+01         -inf  6.89329e+05  1.53898e+01  1.53898e+01
1.358977117e+00  1.5401040e+01         -inf  6.89329e+05  1.54010e+01  1.54010e+01
1.364413026e+00  1.5395470e+01         -inf  6.89329e+05  1.53955e+01  1.53955e+01
1.369870678e+00  1.5386944e+01         -inf  6.89329e+05  1.53869e+01  1.53869e+01
1.375350160e+00  1.5391567e+01         -inf  6.89329e+05  1.53916e+01  1.53916e+01
1.380851561e+00  1.5394030e+01         -inf  6.89329e+05  1.53940e+01  1.53940e+01
1.386374967e+00  1.5393916e+01         -inf  6.89329e+05  1.53939e+01  1.53939e+01
1.391920467e+00  1.5388081e+01         -inf  6.89329e+05  1.53881e+01  1.53881e+01
1.397488149e+00  1.5384746e+01         -inf  6.89329e+05  1.53847e+01  1.53847e+01
1.403078102e+00  1.5386186e+01         -inf  6.89329e+05  1.53862e+01  1.53862e+01
1.408690414e+00  1.5381525e+01         -inf  6.89329e+05  1.53815e+01  1.53815e+01
1.414325176e+00  1.5355417e+01         -inf  6.89329e+05  1.53554e+01  1.53554e+01
1.419982476e+00  1.5342685e+01         -inf  6.89329e+05  1.53427e+01  1.53427e+01
1.425662406e+00  1.5335788e+01         -inf  6.89329e+05  1.53358e+01  1.53358e+01
1.431365056e+00  1.6817623e+01         -inf  6.89329e+05  1.68176e+01  1.68176e+01
1.437090516e+00  1.6451269e+01         -inf  6.89329e+05  1.64513e+01  1.64513e+01
1.442838878e+00  1.5790529e+01         -inf  6.89329e+05  1.57905e+01  1.57905e+01
1.448610234e+00  1.5405171e+01         -inf  6.89329e+05  1.54052e+01  1.54052e+01
1.454404675e+00  1.5317031e+01         -inf  6.89329e+05  1.53170e+01  1.53170e+01
1.460222293e+00  1.5309225e+01         -inf  6.89329e+05  1.53092e+01  1.53092e+01
1.466063182e+00  1.5306307e+01         -inf  6.89329e+05  1.53063e+01  1.53063e+01
1.471927435e+00  1.5413318e+01         -inf  6.89329e+05  1.54133e+01  1.54133e+01
1.477815145e+00  1.5394068e+01         -inf  6.89329e+05  1.53941e+01  1.53941e+01
1.483726405e+00  1.5317941e+01         -inf  6.89329e+05  1.53179e+01  1.53179e+01
1.489661311e+00  1.5301533e+01         -inf  6.89329e+05  1.53015e+01  1.53015e+01
1.495619956e+00  1.5324458e+01         -inf  6.89329e+05  1.53245e+01  1.53245e+01
1.501602436e+00  1.5306383e+01         -inf  6.89329e+05  1.53064e+01  1.53064e+01
1.507608846e+00  1.5292400e+01         -inf  6.89329e+05  1.52924e+01  1.52924e+01
1.513639281e+00  1.5290657e+01         -inf  6.89329e+05  1.52907e+01  1.52907e+01
1.519693838e+00  1.5289104e+01         -inf  6.89329e+05  1.52891e+01  1.52891e+01
1.525772614e+00  1.5307293e+01         -inf  6.89329e+05  1.53073e+01  1.53073e+01
1.531875704e+00  1.5415098e+01         -inf  6.89329e+05  1.54151e+01  1.54151e+01
1.538003207e+00  1.5503350e+01         -inf  6.89329e+05  1.55034e+01  1.55034e+01
1.544155220e+00  1.5386186e+01         -inf  6.89329e+05  1.53862e+01  1.53862e+01
1.550331841e+00  1.5283116e+01         -inf  6.89329e+05  1.52831e+01  1.52831e+01
1.556533168e+00  1.5280881e+01         -inf  6.89329e+05  1.52809e+01  1.52809e+01
1.562759301e+00  1.5281260e+01         -inf  6.89329e+05  1.52813e+01  1.52813e+01
1.569010338e+00  1.5689815e+01         -inf  6.89329e+05  1.56898e+01  1.56898e+01
1.575286379e+00  1.6107097e+01         -inf  6.89329e+05  1.61071e+01  1.61071e+01
1.581587525e+00  1.5691634e+01         -inf  6.89329e+05  1.56916e+01  1.56916e+01
1.587913875e+00  1.5300813e+01         -inf  6.89329e+05  1.53008e+01  1.53008e+01
1.594265530e+00  1.5296228e+01         -inf  6.89329e+05  1.52962e+01  1.52962e+01
1.600642593e+00  1.6014838e+01         -inf  6.89329e+05  1.60148e+01  1.60148e+01
1.607045163e+00  1.6060835e+01         -inf  6.89329e+05  1.60608e+01  1.60608e+01
1.613473344e+00  1.5618087e+01         -inf  6.89329e+05  1.56181e+01  1.56181e+01
1.619927237e+00  1.5305474e+01         -inf  6.89329e+05  1.53055e+01  1.53055e+01
1.626406946e+00  1.5306914e+01         -inf  6.89329e+05  1.53069e+01  1.53069e+01
1.632912574e+00  1.5360608e+01         -inf  6.89329e+05  1.53606e+01  1.53606e+01
1.639444224e+00  1.5481600e+01         -inf  6.89329e+05  1.54816e+01  1.54816e+01
1.646002001e+00  1.5540977e+01         -inf  6.89329e+05  1.55410e+01  1.55410e+01
1.652586009e+00  1.5471824e+01         -inf  6.89329e+05  1.54718e+01  1.54718e+01
1.659196353e+00  1.5331696e+01         -inf  6.89329e+05  1.53317e+01  1.53317e+01
1.665833138e+00  1.5652720e+01         -inf  6.89329e+05  1.56527e+01  1.56527e+01
1.672496471e+00  1.5323321e+01         -inf  6.89329e+05  1.53233e+01  1.53233e+01
1.679186457e+00  1.5355910e+01         -inf  6.89329e+05  1.53559e+01  1.53559e+01
1.685903203e+00  1.5346626e+01         -inf  6.89329e+05  1.53466e+01  1.53466e+01
1.692646815e+00  1.5339388e+01         -inf  6.89329e+05  1.53394e+01  1.53394e+01
1.699417403e+00  1.5347573e+01         -inf  6.89329e+05  1.53476e+01  1.53476e+01
1.706215072e+00  1.5462654e+01         -inf  6.89329e+05  1.54627e+01  1.54627e+01
1.713039933e+00  1.5365193e+01         -inf  6.89329e+05  1.53652e+01  1.53652e+01
1.719892092e+00  1.5353143e+01         -inf  6.89329e+05  1.53531e+01  1.53531e+01
1.726771661e+00  1.5422222e+01         -inf  6.89329e+05  1.54222e+01  1.54222e+01
1.733678747e+00  1.5330824e+01         -inf  6.89329e+05  1.53308e+01  1.53308e+01
1.740613462e+00  1.5300055e+01         -inf  6.89329e+05  1.53001e+01  1.53001e+01
1.747575916e+00  1.5281108e+01         -inf  6.89329e+05  1.52811e+01  1.52811e+01
1.754566220e+00  1.5275386e+01         -inf  6.89329e+05  1.52754e+01  1.52754e+01
1.761584485e+00  1.5276144e+01         -inf  6.89329e+05  1.52761e+01  1.52761e+01
1.768630823e+00  1.5311537e+01         -inf  6.89329e+05  1.53115e+01  1.53115e+01
1.775705346e+00  1.5348293e+01         -inf  6.89329e+05  1.53483e+01  1.53483e+01
1.782808167e+00  1.5307558e+01         -inf  6.89329e+05  1.53076e+01  1.53076e+01
1.789939400e+00  1.5389521e+01         -inf  6.89329e+05  1.53895e+01  1.53895e+01
1.797099158e+00  1.5287285e+01         -inf  6.89329e+05  1.52873e+01  1.52873e+01
1.804287554e+00  1.5291605e+01         -inf  6.89329e+05  1.52916e+01  1.52916e+01
1.811504704e+00  1.5284443e+01         -inf  6.89329e+05  1.52844e+01  1.52844e+01
1.818750723e+00  1.5269588e+01         -inf  6.89329e+05  1.52696e+01  1.52696e+01
1.826025726e+00  1.5254810e+01         -inf  6.89329e+05  1.52548e+01  1.52548e+01
1.833329829e+00  1.5253559e+01         -inf  6.89329e+05  1.52536e+01  1.52536e+01
1.840663148e+00  1.5257387e+01         -inf  6.89329e+05  1.52574e+01  1.52574e+01
1.848025801e+00  1.5254241e+01         -inf  6.89329e+05  1.52542e+01  1.52542e+01
1.855417904e+00  1.5252195e+01         -inf  6.89329e+05  1.52522e+01  1.52522e+01
1.862839576e+00  1.5248823e+01         -inf  6.89329e+05  1.52488e+01  1.52488e+01
1.870290934e+00  1.5259130e+01         -inf  6.89329e+05  1.52591e+01  1.52591e+01
1.877772098e+00  1.5501569e+01         -inf  6.89329e+05  1.55016e+01  1.55016e+01
1.885283186e+00  1.5496151e+01         -inf  6.89329e+05  1.54962e+01  1.54962e+01
1.892824319e+00  1.5270839e+01         -inf  6.89329e+05  1.52708e+01  1.52708e+01
1.900395616e+00  1.5243290e+01         -inf  6.89329e+05  1.52433e+01  1.52433e+01
1.907997199e+00  1.5240638e+01         -inf  6.89329e+05  1.52406e+01  1.52406e+01
1.915629188e+00  1.5237644e+01         -inf  6.89329e+05  1.52376e+01  1.52376e+01
1.923291704e+00  1.5235332e+01         -inf  6.89329e+05  1.52353e+01  1.52353e+01
1.930984871e+00  1.5234158e+01         -inf  6.89329e+05  1.52342e+01  1.52342e+01
1.938708811e+00  1.5275765e+01         -inf  6.89329e+05  1.52758e+01  1.52758e+01
1.946463646e+00  1.6116986e+01         -inf  6.89329e+05  1.61170e+01  1.61170e+01
1.954249500e+00  1.9026286e+01         -inf  6.89329e+05  1.90263e+01  1.90263e+01
1.962066498e+00  1.8631237e+01         -inf  6.89329e+05  1.86312e+01  1.86312e+01
1.969914764e+00  1.7547843e+01         -inf  6.89329e+05  1.75478e+01  1.75478e+01
1.977794423e+00  1.5753813e+01         -inf  6.89329e+05  1.57538e+01  1.57538e+01
1.985705601e+00  1.5442987e+01         -inf  6.89329e+05  1.54430e+01  1.54430e+01
1.993648424e+00  1.5834634e+01         -inf  6.89329e+05  1.58346e+01  1.58346e+01
2.001623017e+00  2.1012786e+01         -inf  6.89329e+05  2.10128e+01  2.10128e+01
2.009629509e+00  2.1505056e+01         -inf  6.89329e+05  2.15051e+01  2.15051e+01
2.017668027e+00  1.9849443e+01         -inf  6.89329e+05  1.98494e+01  1.98494e+01
2.025738699e+00  1.6572392e+01         -inf  6.89329e+05  1.65724e+01  1.65724e+01
2.033841654e+00  1.6241184e+01         -inf  6.89329e+05  1.62412e+01  1.62412e+01
2.041977021e+00  1.6522079e+01         -inf  6.89329e+05  1.65221e+01  1.65221e+01
2.050144929e+00  1.7775498e+01         -inf  6.89329e+05  1.77755e+01  1.77755e+01
2.058345509e+00  1.8259306e+01         -inf  6.89329e+05  1.82593e+01  1.82593e+01
2.066578891e+00  1.7816975e+01         -inf  6.89329e+05  1.78170e+01  1.78170e+01
2.074845206e+00  1.6545871e+01         -inf  6.89329e+05  1.65459e+01  1.65459e+01
2.083144587e+00  1.6077885e+01         -inf  6.89329e+05  1.60779e+01  1.60779e+01
2.091477165e+00  1.5718613e+01         -inf  6.89329e+05  1.57186e+01  1.57186e+01
2.099843074e+00  1.5517863e+01         -inf  6.89329e+05  1.55179e+01  1.55179e+01
2.108242446e+00  1.5405360e+01         -inf  6.89329e+05  1.54054e+01  1.54054e+01
2.116675416e+00  1.5335636e+01         -inf  6.89329e+05  1.53356e+01  1.53356e+01
2.125142118e+00  1.5255037e+01         -inf  6.89329e+05  1.52550e+01  1.52550e+01
2.133642686e+00  1.5252422e+01         -inf  6.89329e+05  1.52524e+01  1.52524e+01
2.142177257e+00  1.5281259e+01         -inf  6.89329e+05  1.52813e+01  1.52813e+01
2.150745966e+00  1.5426580e+01         -inf  6.89329e+05  1.54266e+01  1.54266e+01
2.159348950e+00  1.5426617e+01         -inf  6.89329e+05  1.54266e+01  1.54266e+01
2.167986346e+00  1.5399789e+01         -inf  6.89329e+05  1.53998e+01  1.53998e+01
2.176658291e+00  1.5384329e+01         -inf  6.89329e+05  1.53843e+01  1.53843e+01
2.185364924e+00  1.5293461e+01         -inf  6.89329e+05  1.52935e+01  1.52935e+01
2.194106384e+00  1.5340108e+01         -inf  6.89329e+05  1.53401e+01  1.53401e+01
2.202882810e+00  1.5746651e+01         -inf  6.89329e+05  1.57467e+01  1.57467e+01
2.211694341e+00  1.5288686e+01         -inf  6.89329e+05  1.52887e+01  1.52887e+01
2.220541118e+00  1.5410285e+01         -inf  6.89329e+05  1.54103e+01  1.54103e+01
2.229423283e+00  1.5487851e+01         -inf  6.89329e+05  1.54879e+01  1.54879e+01
2.238340976e+00  1.5512178e+01         -inf  6.89329e+05  1.55122e+01  1.55122e+01
2.247294340e+00  1.5609068e+01         -inf  6.89329e+05  1.56091e+01  1.56091e+01
2.256283517e+00  1.5630855e+01         -inf  6.89329e+05  1.56309e+01  1.56309e+01
2.265308651e+00  1.5744074e+01         -inf  6.89329e+05  1.57441e+01  1.57441e+01
2.274369886e+00  1.5941255e+01         -inf  6.89329e+05  1.59413e+01  1.59413e+01
2.283467365e+00  1.5976038e+01         -inf  6.89329e+05  1.59760e+01  1.59760e+01
2.292601235e+00  1.6122289e+01         -inf  6.89329e+05  1.61223e+01  1.61223e+01
2.301771640e+00  1.6401333e+01         -inf  6.89329e+05  1.64013e+01  1.64013e+01
2.310978726e+00  1.5709328e+01         -inf  6.89329e+05  1.57093e+01  1.57093e+01
2.320222641e+00  1.6267969e+01         -inf  6.89329e+05  1.62680e+01  1.62680e+01
2.329503532e+00  1.5967474e+01         -inf  6.89329e+05  1.59675e+01  1.59675e+01
2.338821546e+00  1.6190564e+01         -inf  6.89329e+05  1.61906e+01  1.61906e+01
2.348176832e+00  1.6398945e+01         -inf  6.89329e+05  1.63989e+01  1.63989e+01
2.357569539e+00  1.6062424e+01         -inf  6.89329e+05  1.60624e+01  1.60624e+01
2.366999817e+00  1.6182720e+01         -inf  6.89329e+05  1.61827e+01  1.61827e+01
2.376467817e+00  1.6214773e+01         -inf  6.89329e+05  1.62148e+01  1.62148e+01
2.385973688e+00  1.5737062e+01         -inf  6.89329e+05  1.57371e+01  1.57371e+01
2.395517583e+00  1.5721375e+01         -inf  6.89329e+05  1.57214e+01  1.57214e+01
2.405099653e+00  1.5476481e+01         -inf  6.89329e+05  1.54765e+01  1.54765e+01
2.414720052e+00  1.5347569e+01         -inf  6.89329e+05  1.53476e+01  1.53476e+01
2.424378932e+00  1.5470152e+01         -inf  6.89329e+05  1.54702e+01  1.54702e+01
2.434076448e+00  1.5334722e+01         -inf  6.89329e+05  1.53347e+01  1.53347e+01
2.443812753e+00  1.5291145e+01         -inf  6.89329e+05  1.52911e+01  1.52911e+01
2.453588004e+00  1.5263179e+01         -inf  6.89329e+05  1.52632e+01  1.52632e+01
2.463402356e+00  1.5233848e+01         -inf  6.89329e+05  1.52338e+01  1.52339e+01
2.473255966e+00  1.5231953e+01         -inf  6.89329e+05  1.52320e+01  1.52320e+01
2.483148990e+00  1.5285383e+01         -inf  6.89329e+05  1.52854e+01  1.52854e+01
2.493081586e+00  1.5263556e+01         -inf  6.89329e+05  1.52636e+01  1.52636e+01
2.503053912e+00  1.5248322e+01         -inf  6.89329e+05  1.52483e+01  1.52483e+01
2.513066128e+00  1.5238773e+01         -inf  6.89329e+05  1.52388e+01  1.52388e+01
2.523118392e+00  1.5231573e+01         -inf  6.89329e+05  1.52316e+01  1.52316e+01
2.533210866e+00  1.5236538e+01         -inf  6.89329e+05  1.52365e+01  1.52365e+01
2.543343709e+00  1.5225587e+01         -inf  6.89329e+05  1.52256e+01  1.52256e+01
2.553517084e+00  1.5265302e+01         -inf  6.89329e+05  1.52653e+01  1.52653e+01
2.563731152e+00  1.5419983e+01         -inf  6.89329e+05  1.54200e+01  1.54200e+01
2.573986077e+00  1.5421196e+01         -inf  6.89329e+05  1.54212e+01  1.54212e+01
2.584282021e+00  1.5487243e+01         -inf  6.89329e+05  1.54872e+01  1.54872e+01
2.594619149e+00  1.5439044e+01         -inf  6.89329e+05  1.54390e+01  1.54390e+01
2.604997626e+00  1.5398158e+01         -inf  6.89329e+05  1.53982e+01  1.53982e+01
2.615417616e+00  1.5379363e+01         -inf  6.89329e+05  1.53794e+01  1.53794e+01
2.625879287e+00  1.5328889e+01         -inf  6.89329e+05  1.53289e+01  1.53289e+01
2.636382804e+00  1.5305774e+01         -inf  6.89329e+05  1.53058e+01  1.53058e+01
2.646928335e+00  1.5291677e+01         -inf  6.89329e+05  1.52917e+01  1.52917e+01
2.657516049e+00  1.5488531e+01         -inf  6.89329e+05  1.54885e+01  1.54885e+01
2.668146113e+00  2.1564490e+01         -inf  6.89329e+05  2.15645e+01  2.15645e+01
2.678818697e+00  3.1744706e+01         -inf  6.89329e+05  3.17447e+01  3.17447e+01
2.689533972e+00  3.1402679e+01         -inf  6.89329e+05  3.14027e+01  3.14027e+01
2.700292108e+00  3.2038300e+01         -inf  6.89329e+05  3.20383e+01  3.20383e+01
2.711093276e+00  2.8238642e+01         -inf  6.89329e+05  2.82386e+01  2.82386e+01
2.721937650e+00  2.2464953e+01         -inf  6.89329e+05  2.24650e+01  2.24650e+01
2.732825400e+00  2.0996655e+01         -inf  6.89329e+05  2.09967e+01  2.09967e+01
2.743756702e+00  2.4693990e+01         -inf  6.89329e+05  2.46940e+01  2.46940e+01
2.754731729e+00  3.0689538e+01         -inf  6.89329e+05  3.06895e+01  3.06895e+01
2.765750655e+00  3.0093745e+01         -inf  6.89329e+05  3.00937e+01  3.00937e+01
2.776813658e+00  3.1208507e+01         -inf  6.89329e+05  3.12085e+01  3.12085e+01
2.787920913e+00  2.8363360e+01         -inf  6.89329e+05  2.83634e+01  2.83634e+01
2.799072596e+00  2.4336563e+01         -inf  6.89329e+05  2.43366e+01  2.43366e+01
2.810268887e+00  2.2172998e+01         -inf  6.89329e+05  2.21730e+01  2.21730e+01
2.821509962e+00  2.0403776e+01         -inf  6.89329e+05  2.04038e+01  2.04038e+01
2.832796002e+00  1.8436049e+01         -inf  6.89329e+05  1.84360e+01  1.84361e+01
2.844127186e+00  1.8643217e+01         -inf  6.89329e+05  1.86432e+01  1.86432e+01
2.855503695e+00  1.7306840e+01         -inf  6.89329e+05  1.73068e+01  1.73069e+01
2.866925710e+00  1.6277803e+01         -inf  6.89329e+05  1.62778e+01  1.62779e+01
2.878393413e+00  1.5767342e+01         -inf  6.89329e+05  1.57673e+01  1.57674e+01
2.889906986e+00  1.5395648e+01         -inf  6.89329e+05  1.53956e+01  1.53957e+01
2.901466614e+00  1.5253344e+01         -inf  6.89329e+05  1.52533e+01  1.52534e+01
2.913072481e+00  1.5207936e+01         -inf  6.89329e+05  1.52079e+01  1.52080e+01
2.924724770e+00  1.5203153e+01         -inf  6.89329e+05  1.52032e+01  1.52033e+01
2.936423670e+00  1.5199317e+01         -inf  6.89329e+05  1.51993e+01  1.51994e+01
2.948169364e+00  1.5199953e+01         -inf  6.89329e+05  1.52000e+01  1.52001e+01
2.959962042e+00  1.5245987e+01         -inf  6.89329e+05  1.52460e+01  1.52461e+01
2.971801890e+00  1.5468035e+01         -inf  6.89329e+05  1.54680e+01  1.54682e+01
2.983689097e+00  1.5581058e+01         -inf  6.89329e+05  1.55811e+01  1.55812e+01
2.995623854e+00  1.5324054e+01         -inf  6.89329e+05  1.53241e+01  1.53242e+01
3.007606349e+00  1.5331092e+01         -inf  6.89329e+05  1.53311e+01  1.53313e+01
3.019636775e+00  1.5313877e+01         -inf  6.89329e+05  1.53139e+01  1.53141e+01
3.031715322e+00  1.5216135e+01         -inf  6.89329e+05  1.52161e+01  1.52163e+01
3.043842183e+00  1.5201835e+01         -inf  6.89329e+05  1.52018e+01  1.52021e+01
3.056017552e+00  1.5200495e+01         -inf  6.89329e+05  1.52005e+01  1.52007e+01
3.068241622e+00  1.5197525e+01         -inf  6.89329e+05  1.51975e+01  1.51978e+01
3.080514588e+00  1.5195805e+01         -inf  6.89329e+05  1.51958e+01  1.51961e+01
3.092836647e+00  1.5196319e+01         -inf  6.89329e+05  1.51963e+01  1.51966e+01
3.105207993e+00  1.5202895e+01         -inf  6.89329e+05  1.52029e+01  1.52032e+01
3.117628825e+00  1.5252367e+01         -inf  6.89329e+05  1.52524e+01  1.52527e+01
3.130099341e+00  1.5306497e+01         -inf  6.89329e+05  1.53065e+01  1.53068e+01
3.142619738e+00  1.5247815e+01         -inf  6.89329e+05  1.52478e+01  1.52482e+01
3.155190217e+00  1.5365079e+01         -inf  6.89329e+05  1.53651e+01  1.53655e+01
3.167810978e+00  1.5391165e+01         -inf  6.89329e+05  1.53912e+01  1.53916e+01
3.180482222e+00  1.5829381e+01         -inf  6.89329e+05  1.58294e+01  1.58298e+01
3.193204151e+00  1.5868309e+01         -inf  6.89329e+05  1.58683e+01  1.58687e+01
3.205976967e+00  1.6014015e+01         -inf  6.89329e+05  1.60140e+01  1.60145e+01
3.218800875e+00  1.6575245e+01         -inf  6.89329e+05  1.65752e+01  1.65757e+01
3.231676079e+00  1.6209697e+01         -inf  6.89329e+05  1.62097e+01  1.62102e+01
3.244602783e+00  1.6868987e+01         -inf  6.89329e+05  1.68690e+01  1.68695e+01
3.257581194e+00  1.6919384e+01         -inf  6.89329e+05  1.69194e+01  1.69199e+01
3.270611519e+00  1.6656030e+01         -inf  6.89329e+05  1.66560e+01  1.66566e+01
3.283693965e+00  1.5880655e+01         -inf  6.89329e+05  1.58807e+01  1.58813e+01
3.296828741e+00  1.6155070e+01         -inf  6.89329e+05  1.61551e+01  1.61557e+01
3.310016056e+00  2.0981188e+01         -inf  6.89329e+05  2.09812e+01  2.09816e+01
3.323256120e+00  1.8544290e+01         -inf  6.89329e+05  1.85443e+01  1.85449e+01
3.336549144e+00  1.5680420e+01         -inf  6.89329e+05  1.56804e+01  1.56813e+01
3.349895341e+00  1.5927777e+01         -inf  6.89329e+05  1.59278e+01  1.59286e+01
3.363294922e+00  1.6937233e+01         -inf  6.89329e+05  1.69372e+01  1.69381e+01
3.376748102e+00  1.6811517e+01         -inf  6.89329e+05  1.68115e+01  1.68124e+01
3.390255094e+00  1.6869965e+01         -inf  6.89329e+05  1.68700e+01  1.68709e+01
3.403816115e+00  1.6675813e+01         -inf  6.89329e+05  1.66758e+01  1.66768e+01
3.417431379e+00  1.6029414e+01         -inf  6.89329e+05  1.60294e+01  1.60305e+01
3.431101105e+00  1.6142105e+01         -inf  6.89329e+05  1.61421e+01  1.61433e+01
3.444825509e+00  1.6018203e+01         -inf  6.89329e+05  1.60182e+01  1.60195e+01
3.458604811e+00  1.5757429e+01         -inf  6.89329e+05  1.57574e+01  1.57588e+01
3.472439231e+00  1.5982773e+01         -inf  6.89329e+05  1.59828e+01  1.59842e+01
3.486328987e+00  1.5954525e+01         -inf  6.89329e+05  1.59545e+01  1.59560e+01
3.500274303e+00  1.5696466e+01         -inf  6.89329e+05  1.56965e+01  1.56981e+01
3.514275401e+00  1.5405197e+01         -inf  6.89329e+05  1.54052e+01  1.54069e+01
3.528332502e+00  1.5614058e+01         -inf  6.89329e+05  1.56141e+01  1.56159e+01
3.542445832e+00  1.6142624e+01         -inf  6.89329e+05  1.61426e+01  1.61445e+01
3.556615616e+00  1.5558844e+01         -inf  6.89329e+05  1.55588e+01  1.55608e+01
3.570842078e+00  1.5817692e+01         -inf  6.89329e+05  1.58177e+01  1.58197e+01
3.585125446e+00  1.5798351e+01         -inf  6.89329e+05  1.57984e+01  1.58005e+01
3.599465948e+00  1.5512887e+01         -inf  6.89329e+05  1.55129e+01  1.55152e+01
3.613863812e+00  1.5507194e+01         -inf  6.89329e+05  1.55072e+01  1.55096e+01
3.628319267e+00  1.5436959e+01         -inf  6.89329e+05  1.54370e+01  1.54395e+01
3.642832544e+00  1.5658147e+01         -inf  6.89329e+05  1.56581e+01  1.56608e+01
3.657403874e+00  1.5295556e+01         -inf  6.89329e+05  1.52956e+01  1.52984e+01
3.672033490e+00  1.5423055e+01         -inf  6.89329e+05  1.54231e+01  1.54260e+01
3.686721624e+00  1.5431159e+01         -inf  6.89329e+05  1.54312e+01  1.54343e+01
3.701468510e+00  1.5303437e+01         -inf  6.89329e+05  1.53034e+01  1.53068e+01
3.716274384e+00  1.5373723e+01         -inf  6.89329e+05  1.53737e+01  1.53772e+01
3.731139482e+00  1.5401516e+01         -inf  6.89329e+05  1.54015e+01  1.54052e+01
3.746064040e+00  1.5342933e+01         -inf  6.89329e+05  1.53429e+01  1.53468e+01
3.761048296e+00  1.5316896e+01         -inf  6.89329e+05  1.53169e+01  1.53209e+01
3.776092489e+00  1.5328068e+01         -inf  6.89329e+05  1.53281e+01  1.53323e+01
3.791196859e+00  1.5427993e+01         -inf  6.89329e+05  1.54280e+01  1.54324e+01
3.806361647e+00  1.5507252e+01         -inf  6.89329e+05  1.55073e+01  1.55119e+01
3.821587093e+00  1.5417775e+01         -inf  6.89329e+05  1.54178e+01  1.54226e+01
3.836873442e+00  1.5545604e+01         -inf  6.89329e+05  1.55456e+01  1.55507e+01
3.852220935e+00  1.5539836e+01         -inf  6.89329e+05  1.55398e+01  1.55451e+01
3.867629819e+00  1.5482468e+01         -inf  6.89329e+05  1.54825e+01  1.54878e+01
3.883100338e+00  1.5563099e+01         -inf  6.89329e+05  1.55631e+01  1.55684e+01
3.898632740e+00  1.5562897e+01         -inf  6.89329e+05  1.55629e+01  1.55688e+01
3.914227271e+00  1.5620098e+01         -inf  6.89329e+05  1.56201e+01  1.56260e+01
3.929884180e+00  1.5622456e+01         -inf  6.89329e+05  1.56225e+01  1.56287e+01
3.945603716e+00  1.5630472e+01         -inf  6.89329e+05  1.56305e+01  1.56372e+01
3.961386131e+00  1.5700331e+01         -inf  6.89329e+05  1.57003e+01  1.57075e+01
3.977231676e+00  1.5910051e+01         -inf  6.89329e+05  1.59101e+01  1.59175e+01
3.993140603e+00  1.5945119e+01         -inf  6.89329e+05  1.59451e+01  1.59528e+01
4.009113165e+00  1.6188528e+01         -inf  6.89329e+05  1.61885e+01  1.61964e+01
4.025149618e+00  1.6365165e+01         -inf  6.89329e+05  1.63652e+01  1.63731e+01
4.041250216e+00  1.6628766e+01         -inf  6.89329e+05  1.66288e+01  1.66368e+01
4.057415217e+00  1.6863899e+01         -inf  6.89329e+05  1.68639e+01  1.68721e+01
4.073644878e+00  1.7213813e+01         -inf  6.89329e+05  1.72138e+01  1.72220e+01
4.089939457e+00  1.7545742e+01         -inf  6.89329e+05  1.75457e+01  1.75539e+01
4.106299215e+00  1.7850471e+01         -inf  6.89329e+05  1.78505e+01  1.78588e+01
4.122724412e+00  1.8130651e+01         -inf  6.89329e+05  1.81307e+01  1.81390e+01
4.139215310e+00  1.8364340e+01         -inf  6.89329e+05  1.83643e+01  1.83728e+01
4.155772171e+00  1.8544634e+01         -inf  6.89329e+05  1.85446e+01  1.85523e+01
4.172395260e+00  1.9703675e+01         -inf  6.89329e+05  1.97037e+01  1.97070e+01
4.189084841e+00  2.4651777e+01         -inf  6.89329e+05  2.46518e+01  2.46525e+01
4.205841180e+00  3.3603187e+01         -inf  6.89329e+05  3.36032e+01  3.36033e+01
4.222664545e+00  4.1462263e+01         -inf  6.89329e+05  4.14623e+01  4.14623e+01
4.239555203e+00  4.4640601e+01         -inf  6.89329e+05  4.46406e+01  4.46406e+01
4.256513424e+00  4.2669793e+01         -inf  6.89329e+05  4.26698e+01  4.26698e+01
4.273539477e+00  4.4294316e+01         -inf  6.89329e+05  4.42943e+01  4.42943e+01
4.290633635e+00  4.2820714e+01         -inf  6.89329e+05  4.28207e+01  4.28207e+01
4.307796170e+00  4.0009518e+01         -inf  6.89329e+05  4.00095e+01  4.00096e+01
4.325027355e+00  3.6481558e+01         -inf  6.89329e+05  3.64816e+01  3.64816e+01
4.342327464e+00  3.4108182e+01         -inf  6.89329e+05  3.41082e+01  3.41083e+01
4.359696774e+00  3.3282180e+01         -inf  6.89329e+05  3.32822e+01  3.32823e+01
4.377135561e+00  3.1174514e+01         -inf  6.89329e+05  3.11745e+01  3.11748e+01
4.394644103e+00  3.1406978e+01         -inf  6.89329e+05  3.14070e+01  3.14073e+01
4.412222680e+00  3.0533921e+01         -inf  6.89329e+05  3.05339e+01  3.05343e+01
4.429871570e+00  2.8251471e+01         -inf  6.89329e+05  2.82515e+01  2.82523e+01
4.447591057e+00  2.4529087e+01         -inf  6.89329e+05  2.45291e+01  2.45312e+01
4.465381421e+00  2.1299829e+01         -inf  6.89329e+05  2.12998e+01  2.13032e+01
4.483242946e+00  1.8718979e+01         -inf  6.89329e+05  1.87190e+01  1.87242e+01
4.501175918e+00  1.7428257e+01         -inf  6.89329e+05  1.74283e+01  1.74386e+01
4.519180622e+00  1.7369039e+01         -inf  6.89329e+05  1.73690e+01  1.73779e+01
4.537257344e+00  1.6949325e+01         -inf  6.89329e+05  1.69493e+01  1.69611e+01
4.555406374e+00  1.6476263e+01         -inf  6.89329e+05  1.64763e+01  1.64931e+01
4.573627999e+00  1.6079045e+01         -inf  6.89329e+05  1.60790e+01  1.61022e+01
4.591922511e+00  1.5747233e+01         -inf  6.89329e+05  1.57472e+01  1.57776e+01
4.610290201e+00  1.5581624e+01         -inf  6.89329e+05  1.55816e+01  1.56162e+01
4.628731362e+00  1.5480351e+01         -inf  6.89329e+05  1.54804e+01  1.55174e+01
4.647246288e+00  1.5402769e+01         -inf  6.89329e+05  1.54028e+01  1.54419e+01
4.665835273e+00  1.5356113e+01         -inf  6.89329e+05  1.53561e+01  1.53971e+01
4.684498614e+00  1.5494164e+01         -inf  6.89329e+05  1.54942e+01  1.55367e+01
4.703236608e+00  1.7523630e+01         -inf  6.89329e+05  1.75236e+01  1.75635e+01
4.722049555e+00  1.7820560e+01         -inf  6.89329e+05  1.78206e+01  1.78628e+01
4.740937753e+00  1.7125410e+01         -inf  6.89329e+05  1.71254e+01  1.71694e+01
4.759901504e+00  1.7278774e+01         -inf  6.89329e+05  1.72788e+01  1.73253e+01
4.778941110e+00  1.7478284e+01         -inf  6.89329e+05  1.74783e+01  1.75217e+01
4.798056874e+00  1.7272332e+01         -inf  6.89329e+05  1.72723e+01  1.73148e+01
4.817249102e+00  2.0164377e+01         -inf  6.89329e+05  2.01644e+01  2.01922e+01
4.836518098e+00  1.7819214e+01         -inf  6.89329e+05  1.78192e+01  1.78558e+01
4.855864171e+00  1.7960191e+01         -inf  6.89329e+05  1.79602e+01  1.79956e+01
4.875287627e+00  1.6954819e+01         -inf  6.89329e+05  1.69548e+01  1.69986e+01
4.894788778e+00  1.6105058e+01         -inf  6.89329e+05  1.61051e+01  1.61593e+01
4.914367933e+00  1.6205903e+01         -inf  6.89329e+05  1.62059e+01  1.62668e+01
4.934025405e+00  1.5549394e+01         -inf  6.89329e+05  1.55494e+01  1.56177e+01
4.953761506e+00  1.5495537e+01         -inf  6.89329e+05  1.54955e+01  1.55664e+01
4.973576552e+00  1.5321050e+01         -inf  6.89329e+05  1.53211e+01  1.53952e+01
4.993470859e+00  1.5213079e+01         -inf  6.89329e+05  1.52131e+01  1.52904e+01
5.013444742e+00  1.5129235e+01         -inf  6.89329e+05  1.51292e+01  1.52096e+01
5.033498521e+00  1.5120110e+01         -inf  6.89329e+05  1.51201e+01  1.52034e+01
5.053632515e+00  1.5117717e+01         -inf  6.89329e+05  1.51177e+01  1.52038e+01
5.073847045e+00  1.5152446e+01         -inf  6.89329e+05  1.51524e+01  1.52411e+01
5.094142433e+00  1.5246412e+01         -inf  6.89329e+05  1.52464e+01  1.53373e+01
5.114519003e+00  1.5258245e+01         -inf  6.89329e+05  1.52582e+01  1.53522e+01
5.134977079e+00  1.5168711e+01         -inf  6.89329e+05  1.51687e+01  1.52666e+01
5.155516987e+00  1.5319172e+01         -inf  6.89329e+05  1.53192e+01  1.54188e+01
5.176139055e+00  1.7234154e+01         -inf  6.89329e+05  1.72342e+01  1.73177e+01
5.196843612e+00  1.5908472e+01         -inf  6.89329e+05  1.59085e+01  1.60053e+01
5.217630986e+00  1.6154242e+01         -inf  6.89329e+05  1.61542e+01  1.62470e+01
5.238501510e+00  1.5835602e+01         -inf  6.89329e+05  1.58356e+01  1.59334e+01
5.259455516e+00  1.5554481e+01         -inf  6.89329e+05  1.55545e+01  1.56591e+01
5.280493338e+00  1.5269574e+01         -inf  6.89329e+05  1.52696e+01  1.53808e+01
5.301615311e+00  1.5169807e+01         -inf  6.89329e+05  1.51698e+01  1.52846e+01
5.322821773e+00  1.5160146e+01         -inf  6.89329e+05  1.51601e+01  1.52756e+01
5.344113060e+00  1.5124203e+01         -inf  6.89329e+05  1.51242e+01  1.52392e+01
5.365489512e+00  1.5114379e+01         -inf  6.89329e+05  1.51144e+01  1.52288e+01
5.386951470e+00  1.5105430e+01         -inf  6.89329e+05  1.51054e+01  1.52192e+01
5.408499276e+00  1.5102905e+01         -inf  6.89329e+05  1.51029e+01  1.52160e+01
5.430133273e+00  1.5104469e+01         -inf  6.89329e+05  1.51045e+01  1.52176e+01
5.451853806e+00  1.5108634e+01         -inf  6.89329e+05  1.51086e+01  1.52210e+01
5.473661221e+00  1.5117957e+01         -inf  6.89329e+05  1.51180e+01  1.52292e+01
5.495555866e+00  1.5133224e+01         -inf  6.89329e+05  1.51332e+01  1.52430e+01
5.517538090e+00  1.5145107e+01         -inf  6.89329e+05  1.51451e+01  1.52540e+01
5.539608242e+00  1.5140722e+01         -inf  6.89329e+05  1.51407e+01  1.52486e+01
5.561766675e+00  1.5125839e+01         -inf  6.89329e+05  1.51258e+01  1.52329e+01
5.584013742e+00  1.5136091e+01         -inf  6.89329e+05  1.51361e+01  1.52427e+01
5.606349797e+00  1.5143044e+01         -inf  6.89329e+05  1.51430e+01  1.52494e+01
5.628775196e+00  1.5140315e+01         -inf  6.89329e+05  1.51403e+01  1.52465e+01
5.651290297e+00  1.5136887e+01         -inf  6.89329e+05  1.51369e+01  1.52431e+01
5.673895458e+00  1.5138488e+01         -inf  6.89329e+05  1.51385e+01  1.52447e+01
5.696591040e+00  1.5140121e+01         -inf  6.89329e+05  1.51401e+01  1.52464e+01
5.719377404e+00  1.5163664e+01         -inf  6.89329e+05  1.51637e+01  1.52702e+01
5.742254913e+00  1.5321202e+01         -inf  6.89329e+05  1.53212e+01  1.54275e+01
5.765223933e+00  1.5342711e+01         -inf  6.89329e+05  1.53427e+01  1.54488e+01
5.788284829e+00  1.5259851e+01         -inf  6.89329e+05  1.52599e+01  1.53659e+01
5.811437968e+00  1.5280965e+01         -inf  6.89329e+05  1.52810e+01  1.53869e+01
5.834683720e+00  1.5330185e+01         -inf  6.89329e+05  1.53302e+01  1.54364e+01
5.858022455e+00  1.5293581e+01         -inf  6.89329e+05  1.52936e+01  1.54007e+01
5.881454545e+00  1.5247119e+01         -inf  6.89329e+05  1.52471e+01  1.53556e+01
5.904980363e+00  1.5214874e+01         -inf  6.89329e+05  1.52149e+01  1.53250e+01
5.928600284e+00  1.5200983e+01         -inf  6.89329e+05  1.52010e+01  1.53131e+01
5.952314685e+00  1.5203502e+01         -inf  6.89329e+05  1.52035e+01  1.53177e+01
5.976123944e+00  1.5194026e+01         -inf  6.89329e+05  1.51940e+01  1.53113e+01
6.000028440e+00  1.5203797e+01         -inf  6.89329e+05  1.52038e+01  1.53246e+01
6.024028554e+00  1.5191495e+01         -inf  6.89329e+05  1.51915e+01  1.53164e+01
6.048124668e+00  1.5198184e+01         -inf  6.89329e+05  1.51982e+01  1.53281e+01
6.072317167e+00  1.5197517e+01         -inf  6.89329e+05  1.51975e+01  1.53329e+01
6.096606435e+00  1.5187115e+01         -inf  6.89329e+05  1.51871e+01  1.53285e+01
6.120992861e+00  1.5188911e+01         -inf  6.89329e+05  1.51889e+01  1.53370e+01
6.145476832e+00  1.5172164e+01         -inf  6.89329e+05  1.51722e+01  1.53276e+01
6.170058740e+00  1.5179203e+01         -inf  6.89329e+05  1.51792e+01  1.53425e+01
6.194738975e+00  1.5169379e+01         -inf  6.89329e+05  1.51694e+01  1.53400e+01
6.219517931e+00  1.5171720e+01         -inf  6.89329e+05  1.51717e+01  1.53491e+01
6.244396002e+00  1.5152573e+01         -inf  6.89329e+05  1.51526e+01  1.53356e+01
6.269373586e+00  1.5106920e+01         -inf  6.89329e+05  1.51069e+01  1.52944e+01
6.294451081e+00  1.5167077e+01         -inf  6.89329e+05  1.51671e+01  1.53581e+01
6.319628885e+00  1.5102365e+01         -inf  6.89329e+05  1.51024e+01  1.52961e+01
6.344907401e+00  1.5165154e+01         -inf  6.89329e+05  1.51652e+01  1.53614e+01
6.370287030e+00  1.5104087e+01         -inf  6.89329e+05  1.51041e+01  1.53032e+01
6.395768178e+00  1.5127113e+01         -inf  6.89329e+05  1.51271e+01  1.53293e+01
6.421351251e+00  1.5128390e+01         -inf  6.89329e+05  1.51284e+01  1.53344e+01
6.447036656e+00  1.5170873e+01         -inf  6.89329e+05  1.51709e+01  1.53814e+01
6.472824803e+00  1.5267543e+01         -inf  6.89329e+05  1.52675e+01  1.54836e+01
6.498716102e+00  1.5640487e+01         -inf  6.89329e+05  1.56405e+01  1.58619e+01
6.524710966e+00  1.5253934e+01         -inf  6.89329e+05  1.52539e+01  1.54849e+01
6.550809810e+00  1.5070080e+01         -inf  6.89329e+05  1.50701e+01  1.53108e+01
6.577013049e+00  1.5053918e+01         -inf  6.89329e+05  1.50539e+01  1.53051e+01
6.603321102e+00  1.5037981e+01         -inf  6.89329e+05  1.50380e+01  1.53011e+01
6.629734386e+00  1.5017279e+01         -inf  6.89329e+05  1.50173e+01  1.52932e+01
6.656253324e+00  1.5045725e+01         -inf  6.89329e+05  1.50457e+01  1.53351e+01
6.682878337e+00  1.4997921e+01         -inf  6.89329e+05  1.49979e+01  1.53021e+01
6.709609850e+00  1.4979383e+01         -inf  6.89329e+05  1.49794e+01  1.52993e+01
6.736448290e+00  1.5010987e+01         -inf  6.89329e+05  1.50110e+01  1.53472e+01
6.763394083e+00  1.4919463e+01         -inf  6.89329e+05  1.49195e+01  1.52739e+01
6.790447659e+00  1.5080246e+01         -inf  6.89329e+05  1.50802e+01  1.54533e+01
6.817609450e+00  1.4943500e+01         -inf  6.89329e+05  1.49435e+01  1.53381e+01
6.844879888e+00  1.4919627e+01         -inf  6.89329e+05  1.49196e+01  1.53361e+01
6.872259407e+00  1.4896697e+01         -inf  6.89329e+05  1.48967e+01  1.53355e+01
6.899748445e+00  1.4928734e+01         -inf  6.89329e+05  1.49287e+01  1.53910e+01
6.927347438e+00  1.4823391e+01         -inf  6.89329e+05  1.48234e+01  1.53123e+01
6.955056828e+00  1.4753768e+01         -inf  6.89329e+05  1.47538e+01  1.52715e+01
6.982877056e+00  1.4755913e+01         -inf  6.89329e+05  1.47559e+01  1.53040e+01
7.010808564e+00  1.4713623e+01         -inf  6.89329e+05  1.47136e+01  1.52952e+01
7.038851798e+00  1.4629111e+01         -inf  6.89329e+05  1.46291e+01  1.52485e+01
7.067007205e+00  1.4593982e+01         -inf  6.89329e+05  1.45940e+01  1.52519e+01
7.095275234e+00  1.4558937e+01         -inf  6.89329e+05  1.45589e+01  1.52602e+01
7.123656335e+00  1.4500475e+01         -inf  6.89329e+05  1.45005e+01  1.52467e+01
7.152150960e+00  1.4485363e+01         -inf  6.89329e+05  1.44854e+01  1.52813e+01
7.180759564e+00  1.4449387e+01         -inf  6.89329e+05  1.44494e+01  1.52972e+01
7.209482602e+00  1.4518555e+01         -inf  6.89329e+05  1.45186e+01  1.54182e+01
7.238320533e+00  1.4596983e+01         -inf  6.89329e+05  1.45970e+01  1.55441e+01
7.267273815e+00  1.4761880e+01         -inf  6.89329e+05  1.47619e+01  1.57504e+01
7.296342910e+00  1.4711561e+01         -inf  6.89329e+05  1.47116e+01  1.57509e+01
7.325528282e+00  1.5054626e+01         -inf  6.89329e+05  1.50546e+01  1.61093e+01
7.354830395e+00  1.5537984e+01         -inf  6.89329e+05  1.55380e+01  1.65870e+01
7.384249717e+00  1.6189168e+01         -inf  6.89329e+05  1.61892e+01  1.72150e+01
7.413786715e+00  1.5867508e+01         -inf  6.89329e+05  1.58675e+01  1.69692e+01
7.443441862e+00  1.6563334e+01         -inf  6.89329e+05  1.65633e+01  1.76454e+01
7.473215630e+00  1.6248604e+01         -inf  6.89329e+05  1.62486e+01  1.74006e+01
7.503108492e+00  1.6703914e+01         -inf  6.89329e+05  1.67039e+01  1.78520e+01
7.533120926e+00  1.6145215e+01         -inf  6.89329e+05  1.61452e+01  1.73816e+01
7.563253410e+00  1.5168173e+01         -inf  6.89329e+05  1.51682e+01  1.65256e+01
7.593506424e+00  1.4709542e+01         -inf  6.89329e+05  1.47095e+01  1.61017e+01
7.623880449e+00  1.4688190e+01         -inf  6.89329e+05  1.46882e+01  1.60267e+01
7.654375971e+00  1.9539847e+01         -inf  6.89329e+05  1.95398e+01  2.04559e+01
7.684993475e+00  1.9147888e+01         -inf  6.89329e+05  1.91479e+01  2.00232e+01
7.715733449e+00  1.7084605e+01         -inf  6.89329e+05  1.70846e+01  1.81726e+01
7.746596383e+00  1.5744493e+01         -inf  6.89329e+05  1.57445e+01  1.70100e+01
7.777582768e+00  1.5466886e+01         -inf  6.89329e+05  1.54669e+01  1.68921e+01
7.808693099e+00  1.5501544e+01         -inf  6.89329e+05  1.55015e+01  1.68783e+01
7.839927872e+00  1.5855725e+01         -inf  6.89329e+05  1.58557e+01  1.71670e+01
7.871287583e+00  1.6185488e+01         -inf  6.89329e+05  1.61855e+01  1.74956e+01
7.902772733e+00  1.5532079e+01         -inf  6.89329e+05  1.55321e+01  1.69769e+01
7.934383824e+00  1.5555518e+01         -inf  6.89329e+05  1.55555e+01  1.71012e+01
7.966121360e+00  1.4679501e+01         -inf  6.89329e+05  1.46795e+01  1.63996e+01
7.997985845e+00  1.4418658e+01         -inf  6.89329e+05  1.44187e+01  1.62379e+01
8.029977788e+00  1.4483287e+01         -inf  6.89329e+05  1.44833e+01  1.63472e+01
8.062097700e+00  1.3999912e+01         -inf  6.89329e+05  1.39999e+01  1.59763e+01
8.094346090e+00  1.3782716e+01         -inf  6.89329e+05  1.37827e+01  1.58244e+01
8.126723475e+00  1.3479611e+01         -inf  6.89329e+05  1.34796e+01  1.56029e+01
8.159230369e+00  1.3264243e+01         -inf  6.89329e+05  1.32642e+01  1.54492e+01
8.191867290e+00  1.3290272e+01         -inf  6.89329e+05  1.32903e+01  1.55120e+01
8.224634759e+00  1.3063830e+01         -inf  6.89329e+05  1.30638e+01  1.53475e+01
8.257533298e+00  1.3006607e+01         -inf  6.89329e+05  1.30066e+01  1.53369e+01
8.290563432e+00  1.2852927e+01         -inf  6.89329e+05  1.28529e+01  1.52368e+01
8.323725685e+00  1.2851398e+01         -inf  6.89329e+05  1.28514e+01  1.52790e+01
8.357020588e+00  1.2763214e+01         -inf  6.89329e+05  1.27632e+01  1.52381e+01
8.390448670e+00  1.2759792e+01         -inf  6.89329e+05  1.27598e+01  1.52753e+01
8.424010465e+00  1.2713064e+01         -inf  6.89329e+05  1.27131e+01  1.52739e+01
8.457706507e+00  1.2701434e+01         -inf  6.89329e+05  1.27014e+01  1.53016e+01
8.491537333e+00  1.2666253e+01         -inf  6.89329e+05  1.26663e+01  1.53203e+01
8.525503482e+00  1.2613715e+01         -inf  6.89329e+05  1.26137e+01  1.53243e+01
8.559605496e+00  1.2543143e+01         -inf  6.89329e+05  1.25431e+01  1.53195e+01
8.593843918e+00  1.2544999e+01         -inf  6.89329e+05  1.25450e+01  1.53632e+01
8.628219294e+00  1.2540455e+01         -inf  6.89329e+05  1.25405e+01  1.54035e+01
8.662732171e+00  1.2496674e+01         -inf  6.89329e+05  1.24967e+01  1.54133e+01
8.697383100e+00  1.2464879e+01         -inf  6.89329e+05  1.24649e+01  1.54411e+01
8.732172632e+00  1.2401885e+01         -inf  6.89329e+05  1.24019e+01  1.54434e+01
8.767101323e+00  1.2342524e+01         -inf  6.89329e+05  1.23425e+01  1.54481e+01
8.802169728e+00  1.2375725e+01         -inf  6.89329e+05  1.23757e+01  1.55399e+01
8.837378407e+00  1.2399540e+01         -inf  6.89329e+05  1.23995e+01  1.56212e+01
8.872727920e+00  1.2371151e+01         -inf  6.89329e+05  1.23712e+01  1.56511e+01
8.908218832e+00  1.2332089e+01         -inf  6.89329e+05  1.23321e+01  1.56716e+01
8.943851707e+00  1.2276091e+01         -inf  6.89329e+05  1.22761e+01  1.56772e+01
8.979627114e+00  1.2124836e+01         -inf  6.89329e+05  1.21248e+01  1.55919e+01
9.015545623e+00  1.1945452e+01         -inf  6.89329e+05  1.19455e+01  1.54799e+01
9.051607805e+00  1.1889559e+01         -inf  6.89329e+05  1.18896e+01  1.54891e+01
9.087814236e+00  1.1841194e+01         -inf  6.89329e+05  1.18412e+01  1.55124e+01
9.124165493e+00  1.1780994e+01         -inf  6.89329e+05  1.17810e+01  1.55372e+01
9.160662155e+00  1.1722329e+01         -inf  6.89329e+05  1.17223e+01  1.55639e+01
9.197304804e+00  1.1769699e+01         -inf  6.89329e+05  1.17697e+01  1.56452e+01
9.234094023e+00  1.1731681e+01         -inf  6.89329e+05  1.17317e+01  1.56046e+01
9.271030399e+00  1.1748395e+01         -inf  6.89329e+05  1.17484e+01  1.56405e+01
9.308114521e+00  1.1698888e+01         -inf  6.89329e+05  1.16989e+01  1.56767e+01
9.345346979e+00  1.1722390e+01         -inf  6.89329e+05  1.17224e+01  1.57885e+01
9.382728367e+00  1.3230722e+01         -inf  6.89329e+05  1.32307e+01  1.73187e+01
9.420259280e+00  1.6457289e+01         -inf  6.89329e+05  1.64573e+01  2.01822e+01
9.457940318e+00  1.8350116e+01         -inf  6.89329e+05  1.83501e+01  2.16295e+01
9.495772079e+00  1.9553776e+01         -inf  6.89329e+05  1.95538e+01  2.25745e+01
9.533755167e+00  1.8560904e+01         -inf  6.89329e+05  1.85609e+01  2.19127e+01
9.571890188e+00  1.4772891e+01         -inf  6.89329e+05  1.47729e+01  1.89366e+01
9.610177749e+00  1.8118701e+01         -inf  6.89329e+05  1.81187e+01  2.17596e+01
9.648618460e+00  1.7866566e+01         -inf  6.89329e+05  1.78666e+01  2.16739e+01
9.687212933e+00  1.7039693e+01         -inf  6.89329e+05  1.70397e+01  2.09470e+01
9.725961785e+00  1.6910031e+01         -inf  6.89329e+05  1.69100e+01  2.08578e+01
9.764865632e+00  1.6704175e+01         -inf  6.89329e+05  1.67042e+01  2.07771e+01
9.803925095e+00  1.5915153e+01         -inf  6.89329e+05  1.59152e+01  2.02519e+01
9.843140795e+00  1.4976703e+01         -inf  6.89329e+05  1.49767e+01  1.95662e+01
9.882513358e+00  1.3727324e+01         -inf  6.89329e+05  1.37273e+01  1.86171e+01
9.922043412e+00  1.2679212e+01         -inf  6.89329e+05  1.26792e+01  1.77817e+01
9.961731585e+00  1.1761424e+01         -inf  6.89329e+05  1.17614e+01  1.70448e+01
1.000157851e+01  1.0961573e+01         -inf  6.89329e+05  1.09616e+01  1.63946e+01
1.004158483e+01  1.0273098e+01         -inf  6.89329e+05  1.02731e+01  1.58417e+01
1.008175117e+01  9.9060511e+00         -inf  6.89329e+05  9.90605e+00  1.55978e+01
1.012207817e+01  9.5868097e+00         -inf  6.89329e+05  9.58681e+00  1.54084e+01
1.016256648e+01  9.4146071e+00         -inf  6.89329e+05  9.41461e+00  1.53242e+01
1.020321675e+01  9.3355103e+00         -inf  6.89329e+05  9.33551e+00  1.52944e+01
1.024402962e+01  9.2828834e+00         -inf  6.89329e+05  9.28288e+00  1.53016e+01
1.028500573e+01  9.2361513e+00         -inf  6.89329e+05  9.23615e+00  1.53197e+01
1.032614576e+01  9.1231688e+00         -inf  6.89329e+05  9.12317e+00  1.53138e+01
1.036745034e+01  8.8684277e+00         -inf  6.89329e+05  8.86843e+00  1.52455e+01
1.040892014e+01  8.7223657e+00         -inf  6.89329e+05  8.72237e+00  1.52061e+01
1.045055582e+01  8.7142909e+00         -inf  6.89329e+05  8.71429e+00  1.52674e+01
1.049235805e+01  8.6253521e+00         -inf  6.89329e+05  8.62535e+00  1.52628e+01
1.053432748e+01  8.5381984e+00         -inf  6.89329e+05  8.53820e+00  1.52645e+01
1.057646479e+01  8.4223415e+00         -inf  6.89329e+05  8.42234e+00  1.52570e+01
1.061877065e+01  8.2882413e+00         -inf  6.89329e+05  8.28824e+00  1.52428e+01
1.066124573e+01  8.1485160e+00         -inf  6.89329e+05  8.14852e+00  1.52273e+01
1.070389071e+01  8.0095874e+00         -inf  6.89329e+05  8.00959e+00  1.52131e+01
1.074670627e+01  7.8806047e+00         -inf  6.89329e+05  7.88060e+00  1.52030e+01
1.078969310e+01  7.7635119e+00         -inf  6.89329e+05  7.76351e+00  1.51970e+01
1.083285187e+01  7.6486860e+00         -inf  6.89329e+05  7.64869e+00  1.51934e+01
1.087618328e+01  7.5445671e+00         -inf  6.89329e+05  7.54457e+00  1.51925e+01
1.091968801e+01  7.4373720e+00         -inf  6.89329e+05  7.43737e+00  1.51906e+01
1.096336676e+01  7.3276208e+00         -inf  6.89329e+05  7.32762e+00  1.51900e+01
1.100722023e+01  7.2217270e+00         -inf  6.89329e+05  7.22173e+00  1.51903e+01
1.105124911e+01  7.1114095e+00         -inf  6.89329e+05  7.11141e+00  1.51905e+01
1.109545411e+01  7.0017142e+00         -inf  6.89329e+05  7.00171e+00  1.51910e+01
1.113983593e+01  6.8885343e+00         -inf  6.89329e+05  6.88853e+00  1.51900e+01
1.118439527e+01  6.7755581e+00         -inf  6.89329e+05  6.77556e+00  1.51894e+01
1.122913285e+01  6.6581718e+00         -inf  6.89329e+05  6.65817e+00  1.51891e+01
1.127404938e+01  6.5414129e+00         -inf  6.89329e+05  6.54141e+00  1.51887e+01
1.131914558e+01  6.4222238e+00         -inf  6.89329e+05  6.42222e+00  1.51888e+01
1.136442216e+01  6.3001020e+00         -inf  6.89329e+05  6.30010e+00  1.51887e+01
1.140987985e+01  6.1769401e+00         -inf  6.89329e+05  6.17694e+00  1.51887e+01
1.145551937e+01  6.0536400e+00         -inf  6.89329e+05  6.05364e+00  1.51886e+01
1.150134145e+01  5.9289319e+00         -inf  6.89329e+05  5.92893e+00  1.51886e+01
1.154734681e+01  5.7946235e+00         -inf  6.89329e+05  5.79462e+00  1.51889e+01
1.159353620e+01  5.6601790e+00         -inf  6.89329e+05  5.66018e+00  1.51891e+01
1.163991035e+01  5.5418079e+00         -inf  6.89329e+05  5.54181e+00  1.51887e+01
1.168646999e+01  5.4093579e+00         -inf  6.89329e+05  5.40936e+00  1.51888e+01
1.173321587e+01  5.2764800e+00         -inf  6.89329e+05  5.27648e+00  1.51888e+01
1.178014873e+01  5.1418510e+00         -inf  6.89329e+05  5.14185e+00  1.51890e+01
1.182726932e+01  5.0047848e+00         -inf  6.89329e+05  5.00478e+00  1.51892e+01
1.187457840e+01  4.8691925e+00         -inf  6.89329e+05  4.86919e+00  1.51893e+01
1.192207672e+01  4.7318004e+00         -inf  6.89329e+05  4.73180e+00  1.51896e+01
1.196976502e+01  4.5912059e+00         -inf  6.89329e+05  4.59121e+00  1.51898e+01
1.201764408e+01  4.4430197e+00         -inf  6.89329e+05  4.44302e+00  1.51905e+01
1.206571466e+01  4.2358401e+00         -inf  6.89329e+05  4.23584e+00  1.51958e+01
1.211397752e+01  4.1430468e+00         -inf  6.89329e+05  4.14305e+00  1.51931e+01
1.216243343e+01  3.9930801e+00         -inf  6.89329e+05  3.99308e+00  1.51983e+01
1.221108316e+01  3.8527857e+00         -inf  6.89329e+05  3.85279e+00  1.52051e+01
1.225992749e+01  3.7357513e+00         -inf  6.89329e+05  3.73575e+00  1.52187e+01
1.230896720e+01  3.6325367e+00         -inf  6.89329e+05  3.63254e+00  1.52356e+01
1.235820307e+01  3.5350815e+00         -inf  6.89329e+05  3.53508e+00  1.52556e+01
1.240763589e+01  3.4332282e+00         -inf  6.89329e+05  3.43323e+00  1.52776e+01
1.245726643e+01  3.3029766e+00         -inf  6.89329e+05  3.30298e+00  1.52899e+01
1.250709549e+01  3.1481375e+00         -inf  6.89329e+05  3.14814e+00  1.53001e+01
1.255712388e+01  2.9278494e+00         -inf  6.89329e+05  2.92785e+00  1.52881e+01
1.260735237e+01  3.7668610e+00         -inf  6.89329e+05  3.76686e+00  1.55236e+01
1.265778178e+01  3.4064789e+00         -inf  6.89329e+05  3.40648e+00  1.55604e+01
1.270841291e+01  2.3834101e+00         -inf  6.89329e+05  2.38341e+00  1.52824e+01
1.275924656e+01  2.3100726e+00         -inf  6.89329e+05  2.31007e+00  1.53225e+01
1.281028355e+01  2.1770525e+00         -inf  6.89329e+05  2.17705e+00  1.53354e+01
1.286152468e+01  2.1068313e+00         -inf  6.89329e+05  2.10683e+00  1.53505e+01
1.291297078e+01  2.0728496e+00         -inf  6.89329e+05  2.07285e+00  1.53626e+01
1.296462266e+01  2.2705019e+00         -inf  6.89329e+05  2.27050e+00  1.54332e+01
1.301648115e+01  2.4530137e+00         -inf  6.89329e+05  2.45301e+00  1.54470e+01
1.306854708e+01  2.6198528e+00         -inf  6.89329e+05  2.61985e+00  1.55751e+01
1.312082127e+01  2.9884860e+00         -inf  6.89329e+05  2.98849e+00  1.56713e+01
1.317330455e+01  3.8554843e+00         -inf  6.89329e+05  3.85548e+00  1.58608e+01
1.322599777e+01  5.1230727e+00         -inf  6.89329e+05  5.12307e+00  1.61929e+01
1.327890176e+01  5.8789395e+00         -inf  6.89329e+05  5.87894e+00  1.64690e+01
1.333201737e+01  6.9576364e+00         -inf  6.89329e+05  6.95764e+00  1.69794e+01
1.338534544e+01  7.7328763e+00         -inf  6.89329e+05  7.73288e+00  1.73167e+01
1.343888682e+01  8.8650898e+00         -inf  6.89329e+05  8.86509e+00  1.79522e+01
1.349264237e+01  1.3526694e+01         -inf  6.89329e+05  1.35267e+01  2.07486e+01
1.354661294e+01  1.1371216e+01         -inf  6.89329e+05  1.13712e+01  1.94160e+01
1.360079939e+01  1.1880951e+01         -inf  6.89329e+05  1.18810e+01  1.98646e+01
1.365520258e+01  1.2060325e+01         -inf  6.89329e+05  1.20603e+01  2.00747e+01
1.370982339e+01  1.1510016e+01         -inf  6.89329e+05  1.15100e+01  1.98632e+01
1.376466269e+01  1.0437180e+01         -inf  6.89329e+05  1.04372e+01  1.92714e+01
1.381972134e+01  1.1220715e+01         -inf  6.89329e+05  1.12207e+01  1.98174e+01
1.387500022e+01  2.4654089e+01         -inf  6.89329e+05  2.46541e+01  2.90731e+01
1.393050023e+01  1.4494660e+01         -inf  6.89329e+05  1.44947e+01  2.17035e+01
1.398622223e+01  1.3623566e+01         -inf  6.89329e+05  1.36236e+01  2.12489e+01
1.404216712e+01  1.5431651e+01         -inf  6.89329e+05  1.54317e+01  2.23751e+01
1.409833578e+01  1.6070277e+01         -inf  6.89329e+05  1.60703e+01  2.27711e+01
1.415472913e+01  1.8197998e+01         -inf  6.89329e+05  1.81980e+01  2.41411e+01
1.421134804e+01  2.0658004e+01         -inf  6.89329e+05  2.06580e+01  2.59688e+01
1.426819344e+01  2.2292327e+01         -inf  6.89329e+05  2.22923e+01  2.70591e+01
1.432526621e+01  2.3804576e+01         -inf  6.89329e+05  2.38046e+01  2.82168e+01
1.438256727e+01  2.6818510e+01         -inf  6.89329e+05  2.68185e+01  3.05613e+01
1.444009754e+01  2.8504272e+01         -inf  6.89329e+05  2.85043e+01  3.20045e+01
1.449785793e+01  2.8578107e+01         -inf  6.89329e+05  2.85781e+01  3.19993e+01
1.455584937e+01  3.0923851e+01         -inf  6.89329e+05  3.09239e+01  3.40782e+01
1.461407276e+01  3.2494077e+01         -inf  6.89329e+05  3.24941e+01  3.54969e+01
1.467252905e+01  3.2596745e+01         -inf  6.89329e+05  3.25967e+01  3.56359e+01
1.473121917e+01  3.2887340e+01         -inf  6.89329e+05  3.28873e+01  3.59295e+01
1.479014405e+01  3.4147960e+01         -inf  6.89329e+05  3.41480e+01  3.71252e+01
1.484930462e+01  3.3740893e+01         -inf  6.89329e+05  3.37409e+01  3.68047e+01
1.490870184e+01  3.3504235e+01         -inf  6.89329e+05  3.35042e+01  3.66034e+01
1.496833665e+01  4.4435988e+01         -inf  6.89329e+05  4.44360e+01  4.70652e+01
1.502821000e+01  3.4599236e+01         -inf  6.89329e+05  3.45992e+01  3.77408e+01
1.508832284e+01  3.5259369e+01         -inf  6.89329e+05  3.52594e+01  3.84644e+01
1.514867613e+01  3.3280695e+01         -inf  6.89329e+05  3.32807e+01  3.66342e+01
1.520927083e+01  3.1841275e+01         -inf  6.89329e+05  3.18413e+01  3.53585e+01
1.527010791e+01  3.2402310e+01         -inf  6.89329e+05  3.24023e+01  3.59518e+01
1.533118835e+01  3.2434019e+01         -inf  6.89329e+05  3.24340e+01  3.60368e+01
1.539251310e+01  3.3345752e+01         -inf  6.89329e+05  3.33458e+01  3.69847e+01
1.545408315e+01  2.9909998e+01         -inf  6.89329e+05  2.99100e+01  3.40891e+01
1.551589948e+01  2.9213816e+01         -inf  6.89329e+05  2.92138e+01  3.35371e+01
1.557796308e+01  2.7020027e+01         -inf  6.89329e+05  2.70200e+01  3.18368e+01
1.564027493e+01  2.4437635e+01         -inf  6.89329e+05  2.44376e+01  2.99308e+01
1.570283603e+01  2.4118164e+01         -inf  6.89329e+05  2.41182e+01  2.98110e+01
1.576564738e+01  2.2036766e+01         -inf  6.89329e+05  2.20368e+01  2.83955e+01
1.582870997e+01  1.9600389e+01         -inf  6.89329e+05  1.96004e+01  2.69202e+01
1.589202481e+01  1.7957509e+01         -inf  6.89329e+05  1.79575e+01  2.59196e+01
1.595559291e+01  1.4364624e+01         -inf  6.89329e+05  1.43646e+01  2.38332e+01
1.601941528e+01  1.3924283e+01         -inf  6.89329e+05  1.39243e+01  2.37868e+01
1.608349294e+01  8.9717311e+00         -inf  6.89329e+05  8.97173e+00  2.11805e+01
1.614782691e+01  1.1494583e+01         -inf  6.89329e+05  1.14946e+01  2.26058e+01
1.621241822e+01  1.9067061e+01         -inf  6.89329e+05  1.90671e+01  2.71922e+01
1.627726789e+01  8.2098398e+00         -inf  6.89329e+05  8.20984e+00  2.08727e+01
1.634237696e+01  5.9824113e+00         -inf  6.89329e+05  5.98241e+00  1.98142e+01
1.640774647e+01  8.0024099e+00         -inf  6.89329e+05  8.00241e+00  2.10015e+01
1.647337746e+01  7.0710812e+00         -inf  6.89329e+05  7.07108e+00  2.07330e+01
1.653927097e+01  5.7479105e+00         -inf  6.89329e+05  5.74791e+00  1.99371e+01
1.660542805e+01  4.7251453e+00         -inf  6.89329e+05  4.72515e+00  1.94809e+01
1.667184976e+01  3.1775096e+00         -inf  6.89329e+05  3.17751e+00  1.88284e+01
1.673853716e+01  7.5496592e+00         -inf  6.89329e+05  7.54966e+00  2.12361e+01
1.680549131e+01  1.6705741e+00         -inf  6.89329e+05  1.67057e+00  1.83960e+01
1.687271328e+01  4.1652483e-01         -inf  6.89329e+05  4.16525e-01  1.78469e+01
1.694020413e+01 -1.3207368e+00         -inf  6.89329e+05 -1.32074e+00  1.71460e+01
1.700796495e+01 -1.7901662e+00         -inf  6.89329e+05 -1.79017e+00  1.70908e+01
1.707599681e+01 -4.4317294e+00         -inf  6.89329e+05 -4.43173e+00  1.64659e+01
1.714430079e+01 -4.9422157e+00         -inf  6.89329e+05 -4.94222e+00  1.63945e+01
1.721287800e+01 -6.4255501e+00         -inf  6.89329e+05 -6.42555e+00  1.59363e+01
1.728172951e+01 -7.9704213e+00         -inf  6.89329e+05 -7.97042e+00  1.57234e+01
1.735085643e+01 -8.2886009e+00         -inf  6.89329e+05 -8.28860e+00  1.57457e+01
1.742025985e+01 -1.0552166e+01         -inf  6.89329e+05 -1.05522e+01  1.54350e+01
1.748994089e+01 -1.0303470e+01         -inf  6.89329e+05 -1.03035e+01  1.54527e+01
1.755990065e+01 -1.1484876e+01         -inf  6.89329e+05 -1.14849e+01  1.53465e+01
1.763014026e+01 -1.2128011e+01         -inf  6.89329e+05 -1.21280e+01  1.52902e+01
1.770066082e+01 -1.2574082e+01         -inf  6.89329e+05 -1.25741e+01  1.52743e+01
1.777146346e+01 -1.3057388e+01         -inf  6.89329e+05 -1.30574e+01  1.52582e+01
1.784254932e+01 -1.3760891e+01         -inf  6.89329e+05 -1.37609e+01  1.52272e+01
1.791391951e+01 -1.3827450e+01         -inf  6.89329e+05 -1.38275e+01  1.52438e+01
1.798557519e+01 -1.4222915e+01         -inf  6.89329e+05 -1.42229e+01  1.52326e+01
1.805751749e+01 -1.4584163e+01         -inf  6.89329e+05 -1.45842e+01  1.52160e+01
1.812974756e+01 -1.4722146e+01         -inf  6.89329e+05 -1.47221e+01  1.52368e+01
1.820226655e+01 -1.5111803e+01         -inf  6.89329e+05 -1.51118e+01  1.52066e+01
1.827507562e+01 -1.4728097e+01         -inf  6.89329e+05 -1.47281e+01  1.52349e+01
1.834817592e+01 -1.1311687e+01         -inf  6.89329e+05 -1.13117e+01  1.57057e+01
1.842156862e+01 -1.5690153e+01         -inf  6.89329e+05 -1.56902e+01  1.51982e+01
1.849525490e+01 -1.5984382e+01         -inf  6.89329e+05 -1.59844e+01  1.51987e+01
1.856923592e+01 -1.5989217e+01         -inf  6.89329e+05 -1.59892e+01  1.52188e+01
1.864351286e+01 -1.6136645e+01         -inf  6.89329e+05 -1.61366e+01  1.52211e+01
1.871808691e+01 -1.6294627e+01         -inf  6.89329e+05 -1.62946e+01  1.52254e+01
1.879295926e+01 -1.6464957e+01         -inf  6.89329e+05 -1.64650e+01  1.52177e+01
1.886813110e+01 -1.6794549e+01         -inf  6.89329e+05 -1.67945e+01  1.52034e+01
1.894360362e+01 -1.6792783e+01         -inf  6.89329e+05 -1.67928e+01  1.52179e+01
1.901937804e+01 -1.7091212e+01         -inf  6.89329e+05 -1.70912e+01  1.52071e+01
1.909545555e+01 -1.7342107e+01         -inf  6.89329e+05 -1.73421e+01  1.51983e+01
1.917183737e+01 -1.7476993e+01         -inf  6.89329e+05 -1.74770e+01  1.52025e+01
1.924852472e+01 -1.7762154e+01         -inf  6.89329e+05 -1.77622e+01  1.51949e+01
1.932551882e+01 -1.7896824e+01         -inf  6.89329e+05 -1.78968e+01  1.51962e+01
1.940282089e+01 -1.8108689e+01         -inf  6.89329e+05 -1.81087e+01  1.51940e+01
1.948043218e+01 -1.8302908e+01         -inf  6.89329e+05 -1.83029e+01  1.51931e+01
1.955835391e+01 -1.8456616e+01         -inf  6.89329e+05 -1.84566e+01  1.51933e+01
1.963658732e+01 -1.8589889e+01         -inf  6.89329e+05 -1.85899e+01  1.51936e+01
1.971513367e+01 -1.8785272e+01         -inf  6.89329e+05 -1.87853e+01  1.51932e+01
1.979399421e+01 -1.8967587e+01         -inf  6.89329e+05 -1.89676e+01  1.51927e+01
1.987317018e+01 -1.9126433e+01         -inf  6.89329e+05 -1.91264e+01  1.51929e+01
1.995266286e+01 -1.9282210e+01         -inf  6.89329e+05 -1.92822e+01  1.51930e+01
