# WARNING | GENERATOR | Too many electrons per pixel (up to 9.04e+13) detected in the 1.54-19.95 um spectral range. Reduce exposure time per frame to less than 0.000 seconds.
# ------------------------------------------------------------------------
# Radiance spectrum
# NASA-GSFC Planetary Spectrum Generator (PSG) (Villanueva et al. 2018, 2022)
# Synthesized on Tue Oct  6 07:36:48 2026
# Doppler velocities [km/s] (vobs,vrot+vorb,vwidth,vrfl,vstr): 29.00000,-0.00000,0.00000,0.00000,-0.00000
# ------------------------------------------------------------------------
# Spectra synthesized with the Planetary and Universal Model of Atmospheric Scattering (PUMAS, Villanueva et al. 2018, 2022)
# Single scattering radiative transfer method
# Radiative transfer took 3.122 seconds
# ------------------------------------------------------------------------
# Spectral unit: Wavelength [um]
# Radiance unit: Contrast [transit atmospheric thickness, km]
# Wave/freq Total Noise Stellar Earth Transit
2.000000000e-01  4.3817516e+01         -inf  6.89329e+05  4.38175e+01  4.38175e+01
2.008000000e-01  4.3556830e+01         -inf  6.89329e+05  4.35568e+01  4.35568e+01
2.016032000e-01  4.3442895e+01         -inf  6.89329e+05  4.34429e+01  4.34429e+01
2.024096128e-01  4.3383286e+01         -inf  6.89329e+05  4.33833e+01  4.33833e+01
2.032192513e-01  4.3305189e+01         -inf  6.89329e+05  4.33052e+01  4.33052e+01
2.040321283e-01  4.3219923e+01         -inf  6.89329e+05  4.32199e+01  4.32199e+01
2.048482568e-01  4.3153143e+01         -inf  6.89329e+05  4.31531e+01  4.31531e+01
2.056676498e-01  4.3102586e+01         -inf  6.89329e+05  4.31026e+01  4.31026e+01
2.064903204e-01  4.3064480e+01         -inf  6.89329e+05  4.30645e+01  4.30645e+01
2.073162817e-01  4.3027882e+01         -inf  6.89329e+05  4.30279e+01  4.30279e+01
2.081455468e-01  4.2998830e+01         -inf  6.89329e+05  4.29988e+01  4.29988e+01
2.089781290e-01  4.2966760e+01         -inf  6.89329e+05  4.29668e+01  4.29668e+01
2.098140415e-01  4.2956573e+01         -inf  6.89329e+05  4.29566e+01  4.29566e+01
2.106532977e-01  4.2949027e+01         -inf  6.89329e+05  4.29490e+01  4.29490e+01
2.114959109e-01  4.2933180e+01         -inf  6.89329e+05  4.29332e+01  4.29332e+01
2.123418945e-01  4.3012413e+01         -inf  6.89329e+05  4.30124e+01  4.30124e+01
2.131912621e-01  4.3148616e+01         -inf  6.89329e+05  4.31486e+01  4.31486e+01
2.140440271e-01  4.3128242e+01         -inf  6.89329e+05  4.31282e+01  4.31282e+01
2.149002032e-01  4.3244447e+01         -inf  6.89329e+05  4.32444e+01  4.32444e+01
2.157598041e-01  4.3378381e+01         -inf  6.89329e+05  4.33784e+01  4.33784e+01
2.166228433e-01  4.3514576e+01         -inf  6.89329e+05  4.35146e+01  4.35146e+01
2.174893346e-01  4.3705471e+01         -inf  6.89329e+05  4.37055e+01  4.37055e+01
2.183592920e-01  4.3869953e+01         -inf  6.89329e+05  4.38700e+01  4.38700e+01
2.192327292e-01  4.4074795e+01         -inf  6.89329e+05  4.40748e+01  4.40748e+01
2.201096601e-01  4.4292834e+01         -inf  6.89329e+05  4.42928e+01  4.42928e+01
2.209900987e-01  4.4537646e+01         -inf  6.89329e+05  4.45376e+01  4.45376e+01
2.218740591e-01  4.4797160e+01         -inf  6.89329e+05  4.47972e+01  4.47972e+01
2.227615553e-01  4.5060058e+01         -inf  6.89329e+05  4.50601e+01  4.50601e+01
2.236526016e-01  4.5344821e+01         -inf  6.89329e+05  4.53448e+01  4.53448e+01
2.245472120e-01  4.5654085e+01         -inf  6.89329e+05  4.56541e+01  4.56541e+01
2.254454008e-01  4.5938444e+01         -inf  6.89329e+05  4.59384e+01  4.59384e+01
2.263471824e-01  4.6279357e+01         -inf  6.89329e+05  4.62794e+01  4.62794e+01
2.272525711e-01  4.6599888e+01         -inf  6.89329e+05  4.65999e+01  4.65999e+01
2.281615814e-01  4.6938881e+01         -inf  6.89329e+05  4.69389e+01  4.69389e+01
2.290742278e-01  4.7296330e+01         -inf  6.89329e+05  4.72963e+01  4.72963e+01
2.299905247e-01  4.7610025e+01         -inf  6.89329e+05  4.76100e+01  4.76100e+01
2.309104868e-01  4.7989303e+01         -inf  6.89329e+05  4.79893e+01  4.79893e+01
2.318341287e-01  4.8315781e+01         -inf  6.89329e+05  4.83158e+01  4.83158e+01
2.327614652e-01  4.8684463e+01         -inf  6.89329e+05  4.86845e+01  4.86845e+01
2.336925111e-01  4.8995451e+01         -inf  6.89329e+05  4.89955e+01  4.89955e+01
2.346272811e-01  4.9364848e+01         -inf  6.89329e+05  4.93648e+01  4.93648e+01
2.355657903e-01  4.9660726e+01         -inf  6.89329e+05  4.96607e+01  4.96607e+01
2.365080534e-01  4.9982974e+01         -inf  6.89329e+05  4.99830e+01  4.99830e+01
2.374540856e-01  5.0304451e+01         -inf  6.89329e+05  5.03045e+01  5.03045e+01
2.384039020e-01  5.0587097e+01         -inf  6.89329e+05  5.05871e+01  5.05871e+01
2.393575176e-01  5.0867093e+01         -inf  6.89329e+05  5.08671e+01  5.08671e+01
2.403149477e-01  5.1159134e+01         -inf  6.89329e+05  5.11591e+01  5.11591e+01
2.412762074e-01  5.1385598e+01         -inf  6.89329e+05  5.13856e+01  5.13856e+01
2.422413123e-01  5.1623735e+01         -inf  6.89329e+05  5.16237e+01  5.16237e+01
2.432102775e-01  5.1875804e+01         -inf  6.89329e+05  5.18758e+01  5.18758e+01
2.441831186e-01  5.2055524e+01         -inf  6.89329e+05  5.20555e+01  5.20555e+01
2.451598511e-01  5.2260105e+01         -inf  6.89329e+05  5.22601e+01  5.22601e+01
2.461404905e-01  5.2416456e+01         -inf  6.89329e+05  5.24165e+01  5.24165e+01
2.471250525e-01  5.2552083e+01         -inf  6.89329e+05  5.25521e+01  5.25521e+01
2.481135527e-01  5.2665104e+01         -inf  6.89329e+05  5.26651e+01  5.26651e+01
2.491060069e-01  5.2839904e+01         -inf  6.89329e+05  5.28399e+01  5.28399e+01
2.501024309e-01  5.2908844e+01         -inf  6.89329e+05  5.29088e+01  5.29088e+01
2.511028406e-01  5.2898296e+01         -inf  6.89329e+05  5.28983e+01  5.28983e+01
2.521072520e-01  5.3075727e+01         -inf  6.89329e+05  5.30757e+01  5.30757e+01
2.531156810e-01  5.3022234e+01         -inf  6.89329e+05  5.30222e+01  5.30222e+01
2.541281437e-01  5.3044084e+01         -inf  6.89329e+05  5.30441e+01  5.30441e+01
2.551446563e-01  5.3104733e+01         -inf  6.89329e+05  5.31047e+01  5.31047e+01
2.561652349e-01  5.3003776e+01         -inf  6.89329e+05  5.30038e+01  5.30038e+01
2.571898959e-01  5.2899426e+01         -inf  6.89329e+05  5.28994e+01  5.28994e+01
2.582186555e-01  5.2932577e+01         -inf  6.89329e+05  5.29326e+01  5.29326e+01
2.592515301e-01  5.2806753e+01         -inf  6.89329e+05  5.28068e+01  5.28068e+01
2.602885362e-01  5.2667364e+01         -inf  6.89329e+05  5.26674e+01  5.26674e+01
2.613296904e-01  5.2531363e+01         -inf  6.89329e+05  5.25314e+01  5.25314e+01
2.623750091e-01  5.2403647e+01         -inf  6.89329e+05  5.24036e+01  5.24036e+01
2.634245092e-01  5.2069465e+01         -inf  6.89329e+05  5.20695e+01  5.20695e+01
2.644782072e-01  5.2051380e+01         -inf  6.89329e+05  5.20514e+01  5.20514e+01
2.655361200e-01  5.1715672e+01         -inf  6.89329e+05  5.17157e+01  5.17157e+01
2.665982645e-01  5.1420641e+01         -inf  6.89329e+05  5.14206e+01  5.14206e+01
2.676646576e-01  5.1173076e+01         -inf  6.89329e+05  5.11731e+01  5.11731e+01
2.687353162e-01  5.0686962e+01         -inf  6.89329e+05  5.06870e+01  5.06870e+01
2.698102574e-01  5.0543005e+01         -inf  6.89329e+05  5.05430e+01  5.05430e+01
2.708894985e-01  4.9984105e+01         -inf  6.89329e+05  4.99841e+01  4.99841e+01
2.719730565e-01  4.9676933e+01         -inf  6.89329e+05  4.96769e+01  4.96769e+01
2.730609487e-01  4.9234053e+01         -inf  6.89329e+05  4.92341e+01  4.92341e+01
2.741531925e-01  4.8582682e+01         -inf  6.89329e+05  4.85827e+01  4.85827e+01
2.752498053e-01  4.8235483e+01         -inf  6.89329e+05  4.82355e+01  4.82355e+01
2.763508045e-01  4.7673365e+01         -inf  6.89329e+05  4.76734e+01  4.76734e+01
2.774562077e-01  4.7136461e+01         -inf  6.89329e+05  4.71365e+01  4.71365e+01
2.785660325e-01  4.6548981e+01         -inf  6.89329e+05  4.65490e+01  4.65490e+01
2.796802967e-01  4.6005195e+01         -inf  6.89329e+05  4.60052e+01  4.60052e+01
2.807990178e-01  4.5302956e+01         -inf  6.89329e+05  4.53030e+01  4.53030e+01
2.819222139e-01  4.4640246e+01         -inf  6.89329e+05  4.46402e+01  4.46402e+01
2.830499028e-01  4.4152883e+01         -inf  6.89329e+05  4.41529e+01  4.41529e+01
2.841821024e-01  4.3442895e+01         -inf  6.89329e+05  4.34429e+01  4.34429e+01
2.853188308e-01  4.2793199e+01         -inf  6.89329e+05  4.27932e+01  4.27932e+01
2.864601061e-01  4.2242679e+01         -inf  6.89329e+05  4.22427e+01  4.22427e+01
2.876059465e-01  4.1572483e+01         -inf  6.89329e+05  4.15725e+01  4.15725e+01
2.887563703e-01  4.0923730e+01         -inf  6.89329e+05  4.09237e+01  4.09237e+01
2.899113958e-01  4.0333039e+01         -inf  6.89329e+05  4.03330e+01  4.03330e+01
2.910710414e-01  3.9804580e+01         -inf  6.89329e+05  3.98046e+01  3.98046e+01
2.922353256e-01  3.9188870e+01         -inf  6.89329e+05  3.91889e+01  3.91889e+01
2.934042669e-01  3.8660694e+01         -inf  6.89329e+05  3.86607e+01  3.86607e+01
2.945778839e-01  3.8153619e+01         -inf  6.89329e+05  3.81536e+01  3.81536e+01
2.957561955e-01  3.7607572e+01         -inf  6.89329e+05  3.76076e+01  3.76076e+01
2.969392202e-01  3.7146675e+01         -inf  6.89329e+05  3.71467e+01  3.71467e+01
2.981269771e-01  3.6704628e+01         -inf  6.89329e+05  3.67046e+01  3.67046e+01
2.993194850e-01  3.6312445e+01         -inf  6.89329e+05  3.63124e+01  3.63124e+01
3.005167630e-01  3.5933646e+01         -inf  6.89329e+05  3.59336e+01  3.59336e+01
3.017188300e-01  3.5553540e+01         -inf  6.89329e+05  3.55535e+01  3.55535e+01
3.029257054e-01  3.5213757e+01         -inf  6.89329e+05  3.52138e+01  3.52138e+01
3.041374082e-01  3.4938517e+01         -inf  6.89329e+05  3.49385e+01  3.49385e+01
3.053539578e-01  3.4584912e+01         -inf  6.89329e+05  3.45849e+01  3.45849e+01
3.065753736e-01  3.4362198e+01         -inf  6.89329e+05  3.43622e+01  3.43622e+01
3.078016751e-01  3.4036860e+01         -inf  6.89329e+05  3.40369e+01  3.40369e+01
3.090328818e-01  3.3831130e+01         -inf  6.89329e+05  3.38311e+01  3.38311e+01
3.102690134e-01  3.3542190e+01         -inf  6.89329e+05  3.35422e+01  3.35422e+01
3.115100894e-01  3.3358588e+01         -inf  6.89329e+05  3.33586e+01  3.33586e+01
3.127561298e-01  3.3085989e+01         -inf  6.89329e+05  3.30860e+01  3.30860e+01
3.140071543e-01  3.2936535e+01         -inf  6.89329e+05  3.29365e+01  3.29365e+01
3.152631829e-01  3.2711156e+01         -inf  6.89329e+05  3.27112e+01  3.27112e+01
3.165242356e-01  3.2497032e+01         -inf  6.89329e+05  3.24970e+01  3.24970e+01
3.177903326e-01  3.2389325e+01         -inf  6.89329e+05  3.23893e+01  3.23893e+01
3.190614939e-01  3.2129913e+01         -inf  6.89329e+05  3.21299e+01  3.21299e+01
3.203377399e-01  3.2055383e+01         -inf  6.89329e+05  3.20554e+01  3.20554e+01
3.216190908e-01  3.1824682e+01         -inf  6.89329e+05  3.18247e+01  3.18247e+01
3.229055672e-01  3.1767081e+01         -inf  6.89329e+05  3.17671e+01  3.17671e+01
3.241971895e-01  3.1512293e+01         -inf  6.89329e+05  3.15123e+01  3.15123e+01
3.254939782e-01  3.1510176e+01         -inf  6.89329e+05  3.15102e+01  3.15102e+01
3.267959541e-01  3.1265243e+01         -inf  6.89329e+05  3.12652e+01  3.12652e+01
3.281031380e-01  3.1251787e+01         -inf  6.89329e+05  3.12518e+01  3.12518e+01
3.294155505e-01  3.1019885e+01         -inf  6.89329e+05  3.10199e+01  3.10199e+01
3.307332127e-01  3.1000872e+01         -inf  6.89329e+05  3.10009e+01  3.10009e+01
3.320561456e-01  3.0836550e+01         -inf  6.89329e+05  3.08366e+01  3.08366e+01
3.333843702e-01  3.0748926e+01         -inf  6.89329e+05  3.07489e+01  3.07489e+01
3.347179076e-01  3.0631474e+01         -inf  6.89329e+05  3.06315e+01  3.06315e+01
3.360567793e-01  3.0510617e+01         -inf  6.89329e+05  3.05106e+01  3.05106e+01
3.374010064e-01  3.0458108e+01         -inf  6.89329e+05  3.04581e+01  3.04581e+01
3.387506104e-01  3.0314414e+01         -inf  6.89329e+05  3.03144e+01  3.03144e+01
3.401056128e-01  3.0234873e+01         -inf  6.89329e+05  3.02349e+01  3.02349e+01
3.414660353e-01  3.0121608e+01         -inf  6.89329e+05  3.01216e+01  3.01216e+01
3.428318994e-01  3.0023501e+01         -inf  6.89329e+05  3.00235e+01  3.00235e+01
3.442032270e-01  2.9950572e+01         -inf  6.89329e+05  2.99506e+01  2.99506e+01
3.455800399e-01  2.9836697e+01         -inf  6.89329e+05  2.98367e+01  2.98367e+01
3.469623601e-01  2.9743161e+01         -inf  6.89329e+05  2.97432e+01  2.97432e+01
3.483502095e-01  2.9646939e+01         -inf  6.89329e+05  2.96469e+01  2.96469e+01
3.497436104e-01  2.9550867e+01         -inf  6.89329e+05  2.95509e+01  2.95509e+01
3.511425848e-01  2.9462998e+01         -inf  6.89329e+05  2.94630e+01  2.94630e+01
3.525471552e-01  2.9367566e+01         -inf  6.89329e+05  2.93676e+01  2.93676e+01
3.539573438e-01  2.9270657e+01         -inf  6.89329e+05  2.92707e+01  2.92707e+01
3.553731732e-01  2.9177907e+01         -inf  6.89329e+05  2.91779e+01  2.91779e+01
3.567946659e-01  2.9084058e+01         -inf  6.89329e+05  2.90841e+01  2.90841e+01
3.582218445e-01  2.8990662e+01         -inf  6.89329e+05  2.89907e+01  2.89907e+01
3.596547319e-01  2.8898664e+01         -inf  6.89329e+05  2.88987e+01  2.88987e+01
3.610933508e-01  2.8804660e+01         -inf  6.89329e+05  2.88047e+01  2.88047e+01
3.625377242e-01  2.8711184e+01         -inf  6.89329e+05  2.87112e+01  2.87112e+01
3.639878751e-01  2.8618161e+01         -inf  6.89329e+05  2.86182e+01  2.86182e+01
3.654438266e-01  2.8525212e+01         -inf  6.89329e+05  2.85252e+01  2.85252e+01
3.669056019e-01  2.8432110e+01         -inf  6.89329e+05  2.84321e+01  2.84321e+01
3.683732243e-01  2.8339272e+01         -inf  6.89329e+05  2.83393e+01  2.83393e+01
3.698467172e-01  2.8246319e+01         -inf  6.89329e+05  2.82463e+01  2.82463e+01
3.713261041e-01  2.8153364e+01         -inf  6.89329e+05  2.81534e+01  2.81534e+01
3.728114085e-01  2.8060560e+01         -inf  6.89329e+05  2.80606e+01  2.80606e+01
3.743026542e-01  2.7967868e+01         -inf  6.89329e+05  2.79679e+01  2.79679e+01
3.757998648e-01  2.7875098e+01         -inf  6.89329e+05  2.78751e+01  2.78751e+01
3.773030642e-01  2.7782479e+01         -inf  6.89329e+05  2.77825e+01  2.77825e+01
3.788122765e-01  2.7689896e+01         -inf  6.89329e+05  2.76899e+01  2.76899e+01
3.803275256e-01  2.7597387e+01         -inf  6.89329e+05  2.75974e+01  2.75974e+01
3.818488357e-01  2.7504915e+01         -inf  6.89329e+05  2.75049e+01  2.75049e+01
3.833762310e-01  2.7412555e+01         -inf  6.89329e+05  2.74126e+01  2.74126e+01
3.849097360e-01  2.7320231e+01         -inf  6.89329e+05  2.73202e+01  2.73202e+01
3.864493749e-01  2.7228020e+01         -inf  6.89329e+05  2.72280e+01  2.72280e+01
3.879951724e-01  2.7135920e+01         -inf  6.89329e+05  2.71359e+01  2.71359e+01
3.895471531e-01  2.7043858e+01         -inf  6.89329e+05  2.70439e+01  2.70439e+01
3.911053417e-01  2.6951945e+01         -inf  6.89329e+05  2.69519e+01  2.69519e+01
3.926697631e-01  2.6860144e+01         -inf  6.89329e+05  2.68601e+01  2.68601e+01
3.942404421e-01  2.6768531e+01         -inf  6.89329e+05  2.67685e+01  2.67685e+01
3.958174039e-01  2.6676993e+01         -inf  6.89329e+05  2.66770e+01  2.66770e+01
3.974006735e-01  2.6585453e+01         -inf  6.89329e+05  2.65855e+01  2.65855e+01
3.989902762e-01  2.6494063e+01         -inf  6.89329e+05  2.64941e+01  2.64941e+01
4.005862373e-01  2.6402861e+01         -inf  6.89329e+05  2.64029e+01  2.64029e+01
4.021885823e-01  2.6311885e+01         -inf  6.89329e+05  2.63119e+01  2.63119e+01
4.037973366e-01  2.6220869e+01         -inf  6.89329e+05  2.62209e+01  2.62209e+01
4.054125259e-01  2.6130004e+01         -inf  6.89329e+05  2.61300e+01  2.61300e+01
4.070341760e-01  2.6039667e+01         -inf  6.89329e+05  2.60397e+01  2.60397e+01
4.086623127e-01  2.5949706e+01         -inf  6.89329e+05  2.59497e+01  2.59497e+01
4.102969620e-01  2.5859556e+01         -inf  6.89329e+05  2.58596e+01  2.58596e+01
4.119381498e-01  2.5769139e+01         -inf  6.89329e+05  2.57691e+01  2.57691e+01
4.135859024e-01  2.5678911e+01         -inf  6.89329e+05  2.56789e+01  2.56789e+01
4.152402460e-01  2.5589475e+01         -inf  6.89329e+05  2.55895e+01  2.55895e+01
4.169012070e-01  2.5500530e+01         -inf  6.89329e+05  2.55005e+01  2.55005e+01
4.185688119e-01  2.5411206e+01         -inf  6.89329e+05  2.54112e+01  2.54112e+01
4.202430871e-01  2.5321918e+01         -inf  6.89329e+05  2.53219e+01  2.53219e+01
4.219240595e-01  2.5233802e+01         -inf  6.89329e+05  2.52338e+01  2.52338e+01
4.236117557e-01  2.5146743e+01         -inf  6.89329e+05  2.51467e+01  2.51467e+01
4.253062027e-01  2.5059571e+01         -inf  6.89329e+05  2.50596e+01  2.50596e+01
4.270074275e-01  2.4971072e+01         -inf  6.89329e+05  2.49711e+01  2.49711e+01
4.287154572e-01  2.4882081e+01         -inf  6.89329e+05  2.48821e+01  2.48821e+01
4.304303191e-01  2.4794564e+01         -inf  6.89329e+05  2.47946e+01  2.47946e+01
4.321520403e-01  2.4708900e+01         -inf  6.89329e+05  2.47089e+01  2.47089e+01
4.338806485e-01  2.4622591e+01         -inf  6.89329e+05  2.46226e+01  2.46226e+01
4.356161711e-01  2.4535222e+01         -inf  6.89329e+05  2.45352e+01  2.45352e+01
4.373586358e-01  2.4449555e+01         -inf  6.89329e+05  2.44496e+01  2.44496e+01
4.391080703e-01  2.4366951e+01         -inf  6.89329e+05  2.43670e+01  2.43670e+01
4.408645026e-01  2.4285217e+01         -inf  6.89329e+05  2.42852e+01  2.42852e+01
4.426279606e-01  2.4202459e+01         -inf  6.89329e+05  2.42025e+01  2.42025e+01
4.443984725e-01  2.4116447e+01         -inf  6.89329e+05  2.41164e+01  2.41164e+01
4.461760664e-01  2.4028655e+01         -inf  6.89329e+05  2.40287e+01  2.40287e+01
4.479607706e-01  2.3944532e+01         -inf  6.89329e+05  2.39445e+01  2.39445e+01
4.497526137e-01  2.3864570e+01         -inf  6.89329e+05  2.38646e+01  2.38646e+01
4.515516242e-01  2.3782451e+01         -inf  6.89329e+05  2.37825e+01  2.37825e+01
4.533578307e-01  2.3697833e+01         -inf  6.89329e+05  2.36978e+01  2.36978e+01
4.551712620e-01  2.3616582e+01         -inf  6.89329e+05  2.36166e+01  2.36166e+01
4.569919470e-01  2.3541385e+01         -inf  6.89329e+05  2.35414e+01  2.35414e+01
4.588199148e-01  2.3469366e+01         -inf  6.89329e+05  2.34694e+01  2.34694e+01
4.606551945e-01  2.3396741e+01         -inf  6.89329e+05  2.33967e+01  2.33967e+01
4.624978152e-01  2.3316660e+01         -inf  6.89329e+05  2.33167e+01  2.33167e+01
4.643478065e-01  2.3228970e+01         -inf  6.89329e+05  2.32290e+01  2.32290e+01
4.662051977e-01  2.3144080e+01         -inf  6.89329e+05  2.31441e+01  2.31441e+01
4.680700185e-01  2.3068877e+01         -inf  6.89329e+05  2.30689e+01  2.30689e+01
4.699422986e-01  2.2995907e+01         -inf  6.89329e+05  2.29959e+01  2.29959e+01
4.718220678e-01  2.2917410e+01         -inf  6.89329e+05  2.29174e+01  2.29174e+01
4.737093561e-01  2.2839593e+01         -inf  6.89329e+05  2.28396e+01  2.28396e+01
4.756041935e-01  2.2770254e+01         -inf  6.89329e+05  2.27703e+01  2.27703e+01
4.775066103e-01  2.2710225e+01         -inf  6.89329e+05  2.27102e+01  2.27102e+01
4.794166367e-01  2.2654926e+01         -inf  6.89329e+05  2.26549e+01  2.26549e+01
4.813343033e-01  2.2596751e+01         -inf  6.89329e+05  2.25968e+01  2.25968e+01
4.832596405e-01  2.2523510e+01         -inf  6.89329e+05  2.25235e+01  2.25235e+01
4.851926790e-01  2.2437550e+01         -inf  6.89329e+05  2.24376e+01  2.24376e+01
4.871334497e-01  2.2354656e+01         -inf  6.89329e+05  2.23547e+01  2.23547e+01
4.890819835e-01  2.2285463e+01         -inf  6.89329e+05  2.22855e+01  2.22855e+01
4.910383115e-01  2.2222249e+01         -inf  6.89329e+05  2.22222e+01  2.22222e+01
4.930024647e-01  2.2153471e+01         -inf  6.89329e+05  2.21535e+01  2.21535e+01
4.949744746e-01  2.2083935e+01         -inf  6.89329e+05  2.20839e+01  2.20839e+01
4.969543725e-01  2.2024732e+01         -inf  6.89329e+05  2.20247e+01  2.20247e+01
4.989421900e-01  2.1979762e+01         -inf  6.89329e+05  2.19798e+01  2.19798e+01
5.009379587e-01  2.1944368e+01         -inf  6.89329e+05  2.19444e+01  2.19444e+01
5.029417106e-01  2.1910829e+01         -inf  6.89329e+05  2.19108e+01  2.19108e+01
5.049534774e-01  2.1864761e+01         -inf  6.89329e+05  2.18648e+01  2.18648e+01
5.069732913e-01  2.1797303e+01         -inf  6.89329e+05  2.17973e+01  2.17973e+01
5.090011845e-01  2.1717012e+01         -inf  6.89329e+05  2.17170e+01  2.17170e+01
5.110371892e-01  2.1642777e+01         -inf  6.89329e+05  2.16428e+01  2.16428e+01
5.130813380e-01  2.1583760e+01         -inf  6.89329e+05  2.15838e+01  2.15838e+01
5.151336633e-01  2.1532805e+01         -inf  6.89329e+05  2.15328e+01  2.15328e+01
5.171941980e-01  2.1480336e+01         -inf  6.89329e+05  2.14803e+01  2.14803e+01
5.192629748e-01  2.1427942e+01         -inf  6.89329e+05  2.14279e+01  2.14279e+01
5.213400267e-01  2.1382361e+01         -inf  6.89329e+05  2.13824e+01  2.13824e+01
5.234253868e-01  2.1348555e+01         -inf  6.89329e+05  2.13486e+01  2.13486e+01
5.255190883e-01  2.1325007e+01         -inf  6.89329e+05  2.13250e+01  2.13250e+01
5.276211647e-01  2.1306002e+01         -inf  6.89329e+05  2.13060e+01  2.13060e+01
5.297316493e-01  2.1284575e+01         -inf  6.89329e+05  2.12846e+01  2.12846e+01
5.318505759e-01  2.1253001e+01         -inf  6.89329e+05  2.12530e+01  2.12530e+01
5.339779782e-01  2.1205565e+01         -inf  6.89329e+05  2.12056e+01  2.12056e+01
5.361138902e-01  2.1144991e+01         -inf  6.89329e+05  2.11450e+01  2.11450e+01
5.382583457e-01  2.1087975e+01         -inf  6.89329e+05  2.10880e+01  2.10880e+01
5.404113791e-01  2.1047125e+01         -inf  6.89329e+05  2.10471e+01  2.10471e+01
5.425730246e-01  2.1017140e+01         -inf  6.89329e+05  2.10171e+01  2.10171e+01
5.447433167e-01  2.0985982e+01         -inf  6.89329e+05  2.09860e+01  2.09860e+01
5.469222900e-01  2.0948008e+01         -inf  6.89329e+05  2.09480e+01  2.09480e+01
5.491099791e-01  2.0906362e+01         -inf  6.89329e+05  2.09064e+01  2.09064e+01
5.513064191e-01  2.0865662e+01         -inf  6.89329e+05  2.08657e+01  2.08657e+01
5.535116447e-01  2.0828824e+01         -inf  6.89329e+05  2.08288e+01  2.08288e+01
5.557256913e-01  2.0799898e+01         -inf  6.89329e+05  2.07999e+01  2.07999e+01
5.579485941e-01  2.0783277e+01         -inf  6.89329e+05  2.07833e+01  2.07833e+01
5.601803884e-01  2.0777749e+01         -inf  6.89329e+05  2.07777e+01  2.07777e+01
5.624211100e-01  2.0773812e+01         -inf  6.89329e+05  2.07738e+01  2.07738e+01
5.646707944e-01  2.0761961e+01         -inf  6.89329e+05  2.07620e+01  2.07620e+01
5.669294776e-01  2.0742652e+01         -inf  6.89329e+05  2.07427e+01  2.07427e+01
5.691971955e-01  2.0722245e+01         -inf  6.89329e+05  2.07222e+01  2.07222e+01
5.714739843e-01  2.0701951e+01         -inf  6.89329e+05  2.07020e+01  2.07020e+01
5.737598803e-01  2.0670678e+01         -inf  6.89329e+05  2.06707e+01  2.06707e+01
5.760549198e-01  2.0619110e+01         -inf  6.89329e+05  2.06191e+01  2.06191e+01
5.783591395e-01  2.0553040e+01         -inf  6.89329e+05  2.05530e+01  2.05530e+01
5.806725760e-01  2.0482200e+01         -inf  6.89329e+05  2.04822e+01  2.04822e+01
5.829952663e-01  2.0414841e+01         -inf  6.89329e+05  2.04148e+01  2.04148e+01
5.853272474e-01  2.0355699e+01         -inf  6.89329e+05  2.03557e+01  2.03557e+01
5.876685564e-01  2.0306627e+01         -inf  6.89329e+05  2.03066e+01  2.03066e+01
5.900192306e-01  2.0269748e+01         -inf  6.89329e+05  2.02697e+01  2.02697e+01
5.923793075e-01  2.0251119e+01         -inf  6.89329e+05  2.02511e+01  2.02511e+01
5.947488247e-01  2.0252482e+01         -inf  6.89329e+05  2.02525e+01  2.02525e+01
5.971278200e-01  2.0261153e+01         -inf  6.89329e+05  2.02612e+01  2.02612e+01
5.995163313e-01  2.0261456e+01         -inf  6.89329e+05  2.02615e+01  2.02615e+01
6.019143966e-01  2.0239229e+01         -inf  6.89329e+05  2.02392e+01  2.02392e+01
6.043220542e-01  2.0189703e+01         -inf  6.89329e+05  2.01897e+01  2.01897e+01
6.067393425e-01  2.0117154e+01         -inf  6.89329e+05  2.01172e+01  2.01172e+01
6.091662998e-01  2.0029420e+01         -inf  6.89329e+05  2.00294e+01  2.00294e+01
6.116029650e-01  1.9937331e+01         -inf  6.89329e+05  1.99373e+01  1.99373e+01
6.140493769e-01  1.9848270e+01         -inf  6.89329e+05  1.98483e+01  1.98483e+01
6.165055744e-01  1.9765000e+01         -inf  6.89329e+05  1.97650e+01  1.97650e+01
6.189715967e-01  1.9688547e+01         -inf  6.89329e+05  1.96885e+01  1.96885e+01
6.214474831e-01  1.9618226e+01         -inf  6.89329e+05  1.96182e+01  1.96182e+01
6.239332730e-01  1.9550670e+01         -inf  6.89329e+05  1.95507e+01  1.95507e+01
6.264290061e-01  1.9482128e+01         -inf  6.89329e+05  1.94821e+01  1.94821e+01
6.289347221e-01  1.9424226e+01         -inf  6.89329e+05  1.94242e+01  1.94242e+01
6.314504610e-01  1.9340308e+01         -inf  6.89329e+05  1.93403e+01  1.93403e+01
6.339762629e-01  1.9264000e+01         -inf  6.89329e+05  1.92640e+01  1.92640e+01
6.365121679e-01  1.9186215e+01         -inf  6.89329e+05  1.91862e+01  1.91862e+01
6.390582166e-01  1.9107141e+01         -inf  6.89329e+05  1.91071e+01  1.91071e+01
6.416144494e-01  1.9028066e+01         -inf  6.89329e+05  1.90281e+01  1.90281e+01
6.441809072e-01  1.8955087e+01         -inf  6.89329e+05  1.89551e+01  1.89551e+01
6.467576309e-01  1.8885327e+01         -inf  6.89329e+05  1.88853e+01  1.88853e+01
6.493446614e-01  1.8817800e+01         -inf  6.89329e+05  1.88178e+01  1.88178e+01
6.519420400e-01  1.8753417e+01         -inf  6.89329e+05  1.87534e+01  1.87534e+01
6.545498082e-01  1.8687555e+01         -inf  6.89329e+05  1.86876e+01  1.86876e+01
6.571680074e-01  1.8621693e+01         -inf  6.89329e+05  1.86217e+01  1.86217e+01
6.597966795e-01  1.8557799e+01         -inf  6.89329e+05  1.85578e+01  1.85578e+01
6.624358662e-01  1.8495799e+01         -inf  6.89329e+05  1.84958e+01  1.84958e+01
6.650856096e-01  1.8431374e+01         -inf  6.89329e+05  1.84314e+01  1.84314e+01
6.677459521e-01  1.8364184e+01         -inf  6.89329e+05  1.83642e+01  1.83642e+01
6.704169359e-01  1.8297977e+01         -inf  6.89329e+05  1.82980e+01  1.82980e+01
6.730986036e-01  1.8234081e+01         -inf  6.89329e+05  1.82341e+01  1.82341e+01
6.757909981e-01  1.8173403e+01         -inf  6.89329e+05  1.81734e+01  1.81734e+01
6.784941620e-01  1.8114732e+01         -inf  6.89329e+05  1.81147e+01  1.81147e+01
6.812081387e-01  1.8061477e+01         -inf  6.89329e+05  1.80615e+01  1.80615e+01
6.839329712e-01  1.8013979e+01         -inf  6.89329e+05  1.80140e+01  1.80140e+01
6.866687031e-01  1.8092309e+01         -inf  6.89329e+05  1.80923e+01  1.80923e+01
6.894153779e-01  1.8054924e+01         -inf  6.89329e+05  1.80549e+01  1.80549e+01
6.921730395e-01  1.7883300e+01         -inf  6.89329e+05  1.78833e+01  1.78833e+01
6.949417316e-01  1.7796142e+01         -inf  6.89329e+05  1.77961e+01  1.77961e+01
6.977214985e-01  1.7742619e+01         -inf  6.89329e+05  1.77426e+01  1.77426e+01
7.005123845e-01  1.7693111e+01         -inf  6.89329e+05  1.76931e+01  1.76931e+01
7.033144341e-01  1.7648717e+01         -inf  6.89329e+05  1.76487e+01  1.76487e+01
7.061276918e-01  1.7608299e+01         -inf  6.89329e+05  1.76083e+01  1.76083e+01
7.089522026e-01  1.7570116e+01         -inf  6.89329e+05  1.75701e+01  1.75701e+01
7.117880114e-01  1.7534660e+01         -inf  6.89329e+05  1.75347e+01  1.75347e+01
7.146351634e-01  1.7504280e+01         -inf  6.89329e+05  1.75043e+01  1.75043e+01
7.174937041e-01  1.7468900e+01         -inf  6.89329e+05  1.74689e+01  1.74689e+01
7.203636789e-01  1.7421511e+01         -inf  6.89329e+05  1.74215e+01  1.74215e+01
7.232451336e-01  1.7376433e+01         -inf  6.89329e+05  1.73764e+01  1.73764e+01
7.261381142e-01  1.7338097e+01         -inf  6.89329e+05  1.73381e+01  1.73381e+01
7.290426666e-01  1.7298094e+01         -inf  6.89329e+05  1.72981e+01  1.72981e+01
7.319588373e-01  1.7261311e+01         -inf  6.89329e+05  1.72613e+01  1.72613e+01
7.348866726e-01  1.7230891e+01         -inf  6.89329e+05  1.72309e+01  1.72309e+01
7.378262193e-01  1.7203427e+01         -inf  6.89329e+05  1.72034e+01  1.72034e+01
7.407775242e-01  1.7178425e+01         -inf  6.89329e+05  1.71784e+01  1.71784e+01
7.437406343e-01  1.7159142e+01         -inf  6.89329e+05  1.71591e+01  1.71591e+01
7.467155968e-01  1.7141641e+01         -inf  6.89329e+05  1.71416e+01  1.71416e+01
7.497024592e-01  1.7111221e+01         -inf  6.89329e+05  1.71112e+01  1.71112e+01
7.527012690e-01  1.7065117e+01         -inf  6.89329e+05  1.70651e+01  1.70651e+01
7.557120741e-01  1.7022044e+01         -inf  6.89329e+05  1.70220e+01  1.70220e+01
7.587349224e-01  1.7185963e+01         -inf  6.89329e+05  1.71860e+01  1.71860e+01
7.617698621e-01  1.7788263e+01         -inf  6.89329e+05  1.77883e+01  1.77883e+01
7.648169416e-01  1.7366811e+01         -inf  6.89329e+05  1.73668e+01  1.73668e+01
7.678762093e-01  1.6973553e+01         -inf  6.89329e+05  1.69736e+01  1.69736e+01
7.709477142e-01  1.6888883e+01         -inf  6.89329e+05  1.68889e+01  1.68889e+01
7.740315050e-01  1.6875965e+01         -inf  6.89329e+05  1.68760e+01  1.68760e+01
7.771276310e-01  1.6868918e+01         -inf  6.89329e+05  1.68689e+01  1.68689e+01
7.802361416e-01  1.6851605e+01         -inf  6.89329e+05  1.68516e+01  1.68516e+01
7.833570861e-01  1.6817017e+01         -inf  6.89329e+05  1.68170e+01  1.68170e+01
7.864905145e-01  1.6778109e+01         -inf  6.89329e+05  1.67781e+01  1.67781e+01
7.896364765e-01  1.6746551e+01         -inf  6.89329e+05  1.67466e+01  1.67466e+01
7.927950224e-01  1.6717455e+01         -inf  6.89329e+05  1.67175e+01  1.67175e+01
7.959662025e-01  1.6690708e+01         -inf  6.89329e+05  1.66907e+01  1.66907e+01
7.991500673e-01  1.6667712e+01         -inf  6.89329e+05  1.66677e+01  1.66677e+01
8.023466676e-01  1.6646572e+01         -inf  6.89329e+05  1.66466e+01  1.66466e+01
8.055560543e-01  1.6628993e+01         -inf  6.89329e+05  1.66290e+01  1.66290e+01
8.087782785e-01  1.6618575e+01         -inf  6.89329e+05  1.66186e+01  1.66186e+01
8.120133916e-01  1.6611679e+01         -inf  6.89329e+05  1.66117e+01  1.66117e+01
8.152614452e-01  1.6603496e+01         -inf  6.89329e+05  1.66035e+01  1.66035e+01
8.185224910e-01  1.6585084e+01         -inf  6.89329e+05  1.65851e+01  1.65851e+01
8.217965809e-01  1.6553221e+01         -inf  6.89329e+05  1.65532e+01  1.65532e+01
8.250837672e-01  1.6517078e+01         -inf  6.89329e+05  1.65171e+01  1.65171e+01
8.283841023e-01  1.6486958e+01         -inf  6.89329e+05  1.64870e+01  1.64870e+01
8.316976387e-01  1.6462787e+01         -inf  6.89329e+05  1.64628e+01  1.64628e+01
8.350244293e-01  1.6442707e+01         -inf  6.89329e+05  1.64427e+01  1.64427e+01
8.383645270e-01  1.6425771e+01         -inf  6.89329e+05  1.64258e+01  1.64258e+01
8.417179851e-01  1.6410692e+01         -inf  6.89329e+05  1.64107e+01  1.64107e+01
8.450848570e-01  1.6398228e+01         -inf  6.89329e+05  1.63982e+01  1.63982e+01
8.484651965e-01  1.6390499e+01         -inf  6.89329e+05  1.63905e+01  1.63905e+01
8.518590573e-01  1.6389665e+01         -inf  6.89329e+05  1.63897e+01  1.63897e+01
8.552664935e-01  1.6377087e+01         -inf  6.89329e+05  1.63771e+01  1.63771e+01
8.586875595e-01  1.6353256e+01         -inf  6.89329e+05  1.63533e+01  1.63533e+01
8.621223097e-01  1.6326697e+01         -inf  6.89329e+05  1.63267e+01  1.63267e+01
8.655707989e-01  1.6301160e+01         -inf  6.89329e+05  1.63012e+01  1.63012e+01
8.690330821e-01  1.6282027e+01         -inf  6.89329e+05  1.62820e+01  1.62820e+01
8.725092145e-01  1.6262439e+01         -inf  6.89329e+05  1.62624e+01  1.62624e+01
8.759992513e-01  1.6246261e+01         -inf  6.89329e+05  1.62463e+01  1.62463e+01
8.795032483e-01  1.6233758e+01         -inf  6.89329e+05  1.62338e+01  1.62338e+01
8.830212613e-01  1.6227052e+01         -inf  6.89329e+05  1.62271e+01  1.62271e+01
8.865533464e-01  1.6216860e+01         -inf  6.89329e+05  1.62169e+01  1.62169e+01
8.900995597e-01  1.6203334e+01         -inf  6.89329e+05  1.62033e+01  1.62033e+01
8.936599580e-01  1.6188709e+01         -inf  6.89329e+05  1.61887e+01  1.61887e+01
8.972345978e-01  1.6180374e+01         -inf  6.89329e+05  1.61804e+01  1.61804e+01
9.008235362e-01  1.6165673e+01         -inf  6.89329e+05  1.61657e+01  1.61657e+01
9.044268304e-01  1.6145820e+01         -inf  6.89329e+05  1.61458e+01  1.61458e+01
9.080445377e-01  1.6127557e+01         -inf  6.89329e+05  1.61276e+01  1.61276e+01
9.116767158e-01  1.6111834e+01         -inf  6.89329e+05  1.61118e+01  1.61118e+01
9.153234227e-01  1.6097966e+01         -inf  6.89329e+05  1.60980e+01  1.60980e+01
9.189847164e-01  1.6085311e+01         -inf  6.89329e+05  1.60853e+01  1.60853e+01
9.226606552e-01  1.6074058e+01         -inf  6.89329e+05  1.60741e+01  1.60741e+01
9.263512979e-01  1.6062692e+01         -inf  6.89329e+05  1.60627e+01  1.60627e+01
9.300567031e-01  1.6051893e+01         -inf  6.89329e+05  1.60519e+01  1.60519e+01
9.337769299e-01  1.6040754e+01         -inf  6.89329e+05  1.60408e+01  1.60408e+01
9.375120376e-01  1.6032077e+01         -inf  6.89329e+05  1.60321e+01  1.60321e+01
9.412620857e-01  1.6027417e+01         -inf  6.89329e+05  1.60274e+01  1.60274e+01
9.450271341e-01  1.6020407e+01         -inf  6.89329e+05  1.60204e+01  1.60204e+01
9.488072426e-01  1.6003812e+01         -inf  6.89329e+05  1.60038e+01  1.60038e+01
9.526024716e-01  1.5988315e+01         -inf  6.89329e+05  1.59883e+01  1.59883e+01
9.564128815e-01  1.5976948e+01         -inf  6.89329e+05  1.59769e+01  1.59769e+01
9.602385330e-01  1.5965544e+01         -inf  6.89329e+05  1.59655e+01  1.59655e+01
9.640794871e-01  1.5955389e+01         -inf  6.89329e+05  1.59554e+01  1.59554e+01
9.679358051e-01  1.5945121e+01         -inf  6.89329e+05  1.59451e+01  1.59451e+01
9.718075483e-01  1.5935384e+01         -inf  6.89329e+05  1.59354e+01  1.59354e+01
9.756947785e-01  1.5925305e+01         -inf  6.89329e+05  1.59253e+01  1.59253e+01
9.795975576e-01  1.5916287e+01         -inf  6.89329e+05  1.59163e+01  1.59163e+01
9.835159478e-01  1.5907610e+01         -inf  6.89329e+05  1.59076e+01  1.59076e+01
9.874500116e-01  1.5901093e+01         -inf  6.89329e+05  1.59011e+01  1.59011e+01
9.913998117e-01  1.5900487e+01         -inf  6.89329e+05  1.59005e+01  1.59005e+01
9.953654109e-01  1.5888552e+01         -inf  6.89329e+05  1.58886e+01  1.58886e+01
9.993468726e-01  1.5875063e+01         -inf  6.89329e+05  1.58751e+01  1.58751e+01
1.003344260e+00  1.5864870e+01         -inf  6.89329e+05  1.58649e+01  1.58649e+01
1.007357637e+00  1.5855890e+01         -inf  6.89329e+05  1.58559e+01  1.58559e+01
1.011387068e+00  1.5847479e+01         -inf  6.89329e+05  1.58475e+01  1.58475e+01
1.015432616e+00  1.5839105e+01         -inf  6.89329e+05  1.58391e+01  1.58391e+01
1.019494346e+00  1.5830693e+01         -inf  6.89329e+05  1.58307e+01  1.58307e+01
1.023572324e+00  1.5822509e+01         -inf  6.89329e+05  1.58225e+01  1.58225e+01
1.027666613e+00  1.5814590e+01         -inf  6.89329e+05  1.58146e+01  1.58146e+01
1.031777280e+00  1.5806747e+01         -inf  6.89329e+05  1.58067e+01  1.58067e+01
1.035904389e+00  1.5802276e+01         -inf  6.89329e+05  1.58023e+01  1.58023e+01
1.040048006e+00  1.5797918e+01         -inf  6.89329e+05  1.57979e+01  1.57979e+01
1.044208198e+00  1.5785907e+01         -inf  6.89329e+05  1.57859e+01  1.57859e+01
1.048385031e+00  1.5787801e+01         -inf  6.89329e+05  1.57878e+01  1.57878e+01
1.052578571e+00  1.5788104e+01         -inf  6.89329e+05  1.57881e+01  1.57881e+01
1.056788885e+00  1.5764764e+01         -inf  6.89329e+05  1.57648e+01  1.57648e+01
1.061016041e+00  1.5757375e+01         -inf  6.89329e+05  1.57574e+01  1.57574e+01
1.065260105e+00  1.5754154e+01         -inf  6.89329e+05  1.57542e+01  1.57542e+01
1.069521146e+00  1.5744265e+01         -inf  6.89329e+05  1.57443e+01  1.57443e+01
1.073799230e+00  1.5736800e+01         -inf  6.89329e+05  1.57368e+01  1.57368e+01
1.078094427e+00  1.5730207e+01         -inf  6.89329e+05  1.57302e+01  1.57302e+01
1.082406805e+00  1.5723766e+01         -inf  6.89329e+05  1.57238e+01  1.57238e+01
1.086736432e+00  1.5717552e+01         -inf  6.89329e+05  1.57176e+01  1.57176e+01
1.091083378e+00  1.5711754e+01         -inf  6.89329e+05  1.57118e+01  1.57118e+01
1.095447711e+00  1.5706147e+01         -inf  6.89329e+05  1.57061e+01  1.57061e+01
1.099829502e+00  1.5700273e+01         -inf  6.89329e+05  1.57003e+01  1.57003e+01
1.104228820e+00  1.5694211e+01         -inf  6.89329e+05  1.56942e+01  1.56942e+01
1.108645735e+00  1.5689171e+01         -inf  6.89329e+05  1.56892e+01  1.56892e+01
1.113080318e+00  1.5687087e+01         -inf  6.89329e+05  1.56871e+01  1.56871e+01
1.117532640e+00  1.5684890e+01         -inf  6.89329e+05  1.56849e+01  1.56849e+01
1.122002770e+00  1.5686216e+01         -inf  6.89329e+05  1.56862e+01  1.56862e+01
1.126490781e+00  1.5692089e+01         -inf  6.89329e+05  1.56921e+01  1.56921e+01
1.130996744e+00  1.5687580e+01         -inf  6.89329e+05  1.56876e+01  1.56876e+01
1.135520731e+00  1.5687731e+01         -inf  6.89329e+05  1.56877e+01  1.56877e+01
1.140062814e+00  1.5665527e+01         -inf  6.89329e+05  1.56655e+01  1.56655e+01
1.144623065e+00  1.5659806e+01         -inf  6.89329e+05  1.56598e+01  1.56598e+01
1.149201558e+00  1.5665300e+01         -inf  6.89329e+05  1.56653e+01  1.56653e+01
1.153798364e+00  1.5684549e+01         -inf  6.89329e+05  1.56845e+01  1.56845e+01
1.158413557e+00  1.5670339e+01         -inf  6.89329e+05  1.56703e+01  1.56703e+01
1.163047212e+00  1.5685117e+01         -inf  6.89329e+05  1.56851e+01  1.56851e+01
1.167699401e+00  1.5661435e+01         -inf  6.89329e+05  1.56614e+01  1.56614e+01
1.172370198e+00  1.5644497e+01         -inf  6.89329e+05  1.56445e+01  1.56445e+01
1.177059679e+00  1.5629985e+01         -inf  6.89329e+05  1.56300e+01  1.56300e+01
1.181767918e+00  1.5620891e+01         -inf  6.89329e+05  1.56209e+01  1.56209e+01
1.186494989e+00  1.5614336e+01         -inf  6.89329e+05  1.56143e+01  1.56143e+01
1.191240969e+00  1.5607743e+01         -inf  6.89329e+05  1.56077e+01  1.56077e+01
1.196005933e+00  1.5599028e+01         -inf  6.89329e+05  1.55990e+01  1.55990e+01
1.200789957e+00  1.5639496e+01         -inf  6.89329e+05  1.56395e+01  1.56395e+01
1.205593117e+00  1.5878397e+01         -inf  6.89329e+05  1.58784e+01  1.58784e+01
1.210415489e+00  1.5693529e+01         -inf  6.89329e+05  1.56935e+01  1.56935e+01
1.215257151e+00  1.5607212e+01         -inf  6.89329e+05  1.56072e+01  1.56072e+01
1.220118180e+00  1.5808490e+01         -inf  6.89329e+05  1.58085e+01  1.58085e+01
1.224998652e+00  1.5662913e+01         -inf  6.89329e+05  1.56629e+01  1.56629e+01
1.229898647e+00  1.5576520e+01         -inf  6.89329e+05  1.55765e+01  1.55765e+01
1.234818242e+00  1.5571708e+01         -inf  6.89329e+05  1.55717e+01  1.55717e+01
1.239757515e+00  1.5562651e+01         -inf  6.89329e+05  1.55627e+01  1.55627e+01
1.244716545e+00  1.5555225e+01         -inf  6.89329e+05  1.55552e+01  1.55552e+01
1.249695411e+00  1.5552989e+01         -inf  6.89329e+05  1.55530e+01  1.55530e+01
1.254694192e+00  1.5554012e+01         -inf  6.89329e+05  1.55540e+01  1.55540e+01
1.259712969e+00  1.5567615e+01         -inf  6.89329e+05  1.55676e+01  1.55676e+01
1.264751821e+00  1.5618921e+01         -inf  6.89329e+05  1.56189e+01  1.56189e+01
1.269810828e+00  1.5670908e+01         -inf  6.89329e+05  1.56709e+01  1.56709e+01
1.274890072e+00  1.5560378e+01         -inf  6.89329e+05  1.55604e+01  1.55604e+01
1.279989632e+00  1.5536999e+01         -inf  6.89329e+05  1.55370e+01  1.55370e+01
1.285109591e+00  1.5528927e+01         -inf  6.89329e+05  1.55289e+01  1.55289e+01
1.290250029e+00  1.5545411e+01         -inf  6.89329e+05  1.55454e+01  1.55454e+01
1.295411029e+00  1.5541280e+01         -inf  6.89329e+05  1.55413e+01  1.55413e+01
1.300592673e+00  1.5519227e+01         -inf  6.89329e+05  1.55192e+01  1.55192e+01
1.305795044e+00  1.5515930e+01         -inf  6.89329e+05  1.55159e+01  1.55159e+01
1.311018224e+00  1.5528511e+01         -inf  6.89329e+05  1.55285e+01  1.55285e+01
1.316262297e+00  1.5599937e+01         -inf  6.89329e+05  1.55999e+01  1.55999e+01
1.321527346e+00  1.5570798e+01         -inf  6.89329e+05  1.55708e+01  1.55708e+01
1.326813455e+00  1.5524380e+01         -inf  6.89329e+05  1.55244e+01  1.55244e+01
1.332120709e+00  1.5589289e+01         -inf  6.89329e+05  1.55893e+01  1.55893e+01
1.337449192e+00  1.5557725e+01         -inf  6.89329e+05  1.55577e+01  1.55577e+01
1.342798989e+00  1.5572541e+01         -inf  6.89329e+05  1.55725e+01  1.55725e+01
1.348170185e+00  1.5536733e+01         -inf  6.89329e+05  1.55367e+01  1.55367e+01
1.353562866e+00  1.5540788e+01         -inf  6.89329e+05  1.55408e+01  1.55408e+01
1.358977117e+00  1.5553936e+01         -inf  6.89329e+05  1.55539e+01  1.55539e+01
1.364413026e+00  1.5547570e+01         -inf  6.89329e+05  1.55476e+01  1.55476e+01
1.369870678e+00  1.5538628e+01         -inf  6.89329e+05  1.55386e+01  1.55386e+01
1.375350160e+00  1.5544804e+01         -inf  6.89329e+05  1.55448e+01  1.55448e+01
1.380851561e+00  1.5548480e+01         -inf  6.89329e+05  1.55485e+01  1.55485e+01
1.386374967e+00  1.5548669e+01         -inf  6.89329e+05  1.55487e+01  1.55487e+01
1.391920467e+00  1.5541015e+01         -inf  6.89329e+05  1.55410e+01  1.55410e+01
1.397488149e+00  1.5537112e+01         -inf  6.89329e+05  1.55371e+01  1.55371e+01
1.403078102e+00  1.5539083e+01         -inf  6.89329e+05  1.55391e+01  1.55391e+01
1.408690414e+00  1.5534308e+01         -inf  6.89329e+05  1.55343e+01  1.55343e+01
1.414325176e+00  1.5503502e+01         -inf  6.89329e+05  1.55035e+01  1.55035e+01
1.419982476e+00  1.5489141e+01         -inf  6.89329e+05  1.54891e+01  1.54891e+01
1.425662406e+00  1.5481259e+01         -inf  6.89329e+05  1.54813e+01  1.54813e+01
1.431365056e+00  1.7026552e+01         -inf  6.89329e+05  1.70266e+01  1.70266e+01
1.437090516e+00  1.6631266e+01         -inf  6.89329e+05  1.66313e+01  1.66313e+01
1.442838878e+00  1.5990778e+01         -inf  6.89329e+05  1.59908e+01  1.59908e+01
1.448610234e+00  1.5568184e+01         -inf  6.89329e+05  1.55682e+01  1.55682e+01
1.454404675e+00  1.5460532e+01         -inf  6.89329e+05  1.54605e+01  1.54605e+01
1.460222293e+00  1.5450604e+01         -inf  6.89329e+05  1.54506e+01  1.54506e+01
1.466063182e+00  1.5447383e+01         -inf  6.89329e+05  1.54474e+01  1.54474e+01
1.471927435e+00  1.5558407e+01         -inf  6.89329e+05  1.55584e+01  1.55584e+01
1.477815145e+00  1.5536582e+01         -inf  6.89329e+05  1.55366e+01  1.55366e+01
1.483726405e+00  1.5460797e+01         -inf  6.89329e+05  1.54608e+01  1.54608e+01
1.489661311e+00  1.5442609e+01         -inf  6.89329e+05  1.54426e+01  1.54426e+01
1.495619956e+00  1.5465268e+01         -inf  6.89329e+05  1.54653e+01  1.54653e+01
1.501602436e+00  1.5447042e+01         -inf  6.89329e+05  1.54470e+01  1.54470e+01
1.507608846e+00  1.5432567e+01         -inf  6.89329e+05  1.54326e+01  1.54326e+01
1.513639281e+00  1.5431051e+01         -inf  6.89329e+05  1.54311e+01  1.54311e+01
1.519693838e+00  1.5430293e+01         -inf  6.89329e+05  1.54303e+01  1.54303e+01
1.525772614e+00  1.5450187e+01         -inf  6.89329e+05  1.54502e+01  1.54502e+01
1.531875704e+00  1.5564470e+01         -inf  6.89329e+05  1.55645e+01  1.55645e+01
1.538003207e+00  1.5646847e+01         -inf  6.89329e+05  1.56468e+01  1.56468e+01
1.544155220e+00  1.5532414e+01         -inf  6.89329e+05  1.55324e+01  1.55324e+01
1.550331841e+00  1.5423208e+01         -inf  6.89329e+05  1.54232e+01  1.54232e+01
1.556533168e+00  1.5420593e+01         -inf  6.89329e+05  1.54206e+01  1.54206e+01
1.562759301e+00  1.5421351e+01         -inf  6.89329e+05  1.54214e+01  1.54214e+01
1.569010338e+00  1.5866954e+01         -inf  6.89329e+05  1.58670e+01  1.58670e+01
1.575286379e+00  1.6272252e+01         -inf  6.89329e+05  1.62723e+01  1.62723e+01
1.581587525e+00  1.5857785e+01         -inf  6.89329e+05  1.58578e+01  1.58578e+01
1.587913875e+00  1.5445905e+01         -inf  6.89329e+05  1.54459e+01  1.54459e+01
1.594265530e+00  1.5438933e+01         -inf  6.89329e+05  1.54389e+01  1.54389e+01
1.600642593e+00  1.6187610e+01         -inf  6.89329e+05  1.61876e+01  1.61876e+01
1.607045163e+00  1.6220194e+01         -inf  6.89329e+05  1.62202e+01  1.62202e+01
1.613473344e+00  1.5791856e+01         -inf  6.89329e+05  1.57919e+01  1.57919e+01
1.619927237e+00  1.5456705e+01         -inf  6.89329e+05  1.54567e+01  1.54567e+01
1.626406946e+00  1.5455644e+01         -inf  6.89329e+05  1.54556e+01  1.54556e+01
1.632912574e+00  1.5517408e+01         -inf  6.89329e+05  1.55174e+01  1.55174e+01
1.639444224e+00  1.5644081e+01         -inf  6.89329e+05  1.56441e+01  1.56441e+01
1.646002001e+00  1.5693680e+01         -inf  6.89329e+05  1.56937e+01  1.56937e+01
1.652586009e+00  1.5626802e+01         -inf  6.89329e+05  1.56268e+01  1.56268e+01
1.659196353e+00  1.5479895e+01         -inf  6.89329e+05  1.54799e+01  1.54799e+01
1.665833138e+00  1.5836074e+01         -inf  6.89329e+05  1.58361e+01  1.58361e+01
1.672496471e+00  1.5472961e+01         -inf  6.89329e+05  1.54730e+01  1.54730e+01
1.679186457e+00  1.5506154e+01         -inf  6.89329e+05  1.55062e+01  1.55062e+01
1.685903203e+00  1.5503653e+01         -inf  6.89329e+05  1.55037e+01  1.55037e+01
1.692646815e+00  1.5500205e+01         -inf  6.89329e+05  1.55002e+01  1.55002e+01
1.699417403e+00  1.5509527e+01         -inf  6.89329e+05  1.55095e+01  1.55095e+01
1.706215072e+00  1.5640633e+01         -inf  6.89329e+05  1.56406e+01  1.56406e+01
1.713039933e+00  1.5521576e+01         -inf  6.89329e+05  1.55216e+01  1.55216e+01
1.719892092e+00  1.5506685e+01         -inf  6.89329e+05  1.55067e+01  1.55067e+01
1.726771661e+00  1.5593192e+01         -inf  6.89329e+05  1.55932e+01  1.55932e+01
1.733678747e+00  1.5489216e+01         -inf  6.89329e+05  1.54892e+01  1.54892e+01
1.740613462e+00  1.5452233e+01         -inf  6.89329e+05  1.54522e+01  1.54522e+01
1.747575916e+00  1.5428854e+01         -inf  6.89329e+05  1.54289e+01  1.54289e+01
1.754566220e+00  1.5421237e+01         -inf  6.89329e+05  1.54212e+01  1.54212e+01
1.761584485e+00  1.5422525e+01         -inf  6.89329e+05  1.54225e+01  1.54225e+01
1.768630823e+00  1.5465155e+01         -inf  6.89329e+05  1.54652e+01  1.54652e+01
1.775705346e+00  1.5505207e+01         -inf  6.89329e+05  1.55052e+01  1.55052e+01
1.782808167e+00  1.5456098e+01         -inf  6.89329e+05  1.54561e+01  1.54561e+01
1.789939400e+00  1.5552762e+01         -inf  6.89329e+05  1.55528e+01  1.55528e+01
1.797099158e+00  1.5435977e+01         -inf  6.89329e+05  1.54360e+01  1.54360e+01
1.804287554e+00  1.5438857e+01         -inf  6.89329e+05  1.54389e+01  1.54389e+01
1.811504704e+00  1.5433098e+01         -inf  6.89329e+05  1.54331e+01  1.54331e+01
1.818750723e+00  1.5416197e+01         -inf  6.89329e+05  1.54162e+01  1.54162e+01
1.826025726e+00  1.5398274e+01         -inf  6.89329e+05  1.53983e+01  1.53983e+01
1.833329829e+00  1.5395887e+01         -inf  6.89329e+05  1.53959e+01  1.53959e+01
1.840663148e+00  1.5399866e+01         -inf  6.89329e+05  1.53999e+01  1.53999e+01
1.848025801e+00  1.5396000e+01         -inf  6.89329e+05  1.53960e+01  1.53960e+01
1.855417904e+00  1.5393575e+01         -inf  6.89329e+05  1.53936e+01  1.53936e+01
1.862839576e+00  1.5389748e+01         -inf  6.89329e+05  1.53897e+01  1.53897e+01
1.870290934e+00  1.5401002e+01         -inf  6.89329e+05  1.54010e+01  1.54010e+01
1.877772098e+00  1.5648287e+01         -inf  6.89329e+05  1.56483e+01  1.56483e+01
1.885283186e+00  1.5645748e+01         -inf  6.89329e+05  1.56457e+01  1.56457e+01
1.892824319e+00  1.5414682e+01         -inf  6.89329e+05  1.54147e+01  1.54147e+01
1.900395616e+00  1.5383988e+01         -inf  6.89329e+05  1.53840e+01  1.53840e+01
1.907997199e+00  1.5380881e+01         -inf  6.89329e+05  1.53809e+01  1.53809e+01
1.915629188e+00  1.5377130e+01         -inf  6.89329e+05  1.53771e+01  1.53771e+01
1.923291704e+00  1.5374439e+01         -inf  6.89329e+05  1.53744e+01  1.53744e+01
1.930984871e+00  1.5372583e+01         -inf  6.89329e+05  1.53726e+01  1.53726e+01
1.938708811e+00  1.5432605e+01         -inf  6.89329e+05  1.54326e+01  1.54326e+01
1.946463646e+00  1.6416830e+01         -inf  6.89329e+05  1.64168e+01  1.64168e+01
1.954249500e+00  1.9387758e+01         -inf  6.89329e+05  1.93878e+01  1.93878e+01
1.962066498e+00  1.8874268e+01         -inf  6.89329e+05  1.88743e+01  1.88743e+01
1.969914764e+00  1.7814059e+01         -inf  6.89329e+05  1.78141e+01  1.78141e+01
1.977794423e+00  1.5948455e+01         -inf  6.89329e+05  1.59485e+01  1.59485e+01
1.985705601e+00  1.5595276e+01         -inf  6.89329e+05  1.55953e+01  1.55953e+01
1.993648424e+00  1.6047309e+01         -inf  6.89329e+05  1.60473e+01  1.60473e+01
2.001623017e+00  2.1473181e+01         -inf  6.89329e+05  2.14732e+01  2.14732e+01
2.009629509e+00  2.1901896e+01         -inf  6.89329e+05  2.19019e+01  2.19019e+01
2.017668027e+00  2.0302955e+01         -inf  6.89329e+05  2.03030e+01  2.03030e+01
2.025738699e+00  1.6918129e+01         -inf  6.89329e+05  1.69181e+01  1.69181e+01
2.033841654e+00  1.6466234e+01         -inf  6.89329e+05  1.64662e+01  1.64662e+01
2.041977021e+00  1.6710409e+01         -inf  6.89329e+05  1.67104e+01  1.67104e+01
2.050144929e+00  1.8067348e+01         -inf  6.89329e+05  1.80673e+01  1.80673e+01
2.058345509e+00  1.8469552e+01         -inf  6.89329e+05  1.84696e+01  1.84696e+01
2.066578891e+00  1.8062727e+01         -inf  6.89329e+05  1.80627e+01  1.80627e+01
2.074845206e+00  1.6856681e+01         -inf  6.89329e+05  1.68567e+01  1.68567e+01
2.083144587e+00  1.6319346e+01         -inf  6.89329e+05  1.63193e+01  1.63193e+01
2.091477165e+00  1.5927730e+01         -inf  6.89329e+05  1.59277e+01  1.59277e+01
2.099843074e+00  1.5679774e+01         -inf  6.89329e+05  1.56798e+01  1.56798e+01
2.108242446e+00  1.5580801e+01         -inf  6.89329e+05  1.55808e+01  1.55808e+01
2.116675416e+00  1.5504790e+01         -inf  6.89329e+05  1.55048e+01  1.55048e+01
2.125142118e+00  1.5411195e+01         -inf  6.89329e+05  1.54112e+01  1.54112e+01
2.133642686e+00  1.5393689e+01         -inf  6.89329e+05  1.53937e+01  1.53937e+01
2.142177257e+00  1.5432263e+01         -inf  6.89329e+05  1.54323e+01  1.54323e+01
2.150745966e+00  1.5580157e+01         -inf  6.89329e+05  1.55802e+01  1.55802e+01
2.159348950e+00  1.5584931e+01         -inf  6.89329e+05  1.55849e+01  1.55849e+01
2.167986346e+00  1.5562765e+01         -inf  6.89329e+05  1.55628e+01  1.55628e+01
2.176658291e+00  1.5537642e+01         -inf  6.89329e+05  1.55376e+01  1.55376e+01
2.185364924e+00  1.5436431e+01         -inf  6.89329e+05  1.54364e+01  1.54364e+01
2.194106384e+00  1.5492095e+01         -inf  6.89329e+05  1.54921e+01  1.54921e+01
2.202882810e+00  1.5983351e+01         -inf  6.89329e+05  1.59834e+01  1.59834e+01
2.211694341e+00  1.5439349e+01         -inf  6.89329e+05  1.54393e+01  1.54393e+01
2.220541118e+00  1.5575496e+01         -inf  6.89329e+05  1.55755e+01  1.55755e+01
2.229423283e+00  1.5678712e+01         -inf  6.89329e+05  1.56787e+01  1.56787e+01
2.238340976e+00  1.5726455e+01         -inf  6.89329e+05  1.57265e+01  1.57265e+01
2.247294340e+00  1.5842817e+01         -inf  6.89329e+05  1.58428e+01  1.58428e+01
2.256283517e+00  1.5879798e+01         -inf  6.89329e+05  1.58798e+01  1.58798e+01
2.265308651e+00  1.5985965e+01         -inf  6.89329e+05  1.59860e+01  1.59860e+01
2.274369886e+00  1.6165823e+01         -inf  6.89329e+05  1.61658e+01  1.61658e+01
2.283467365e+00  1.6189579e+01         -inf  6.89329e+05  1.61896e+01  1.61896e+01
2.292601235e+00  1.6381859e+01         -inf  6.89329e+05  1.63819e+01  1.63819e+01
2.301771640e+00  1.6674113e+01         -inf  6.89329e+05  1.66741e+01  1.66741e+01
2.310978726e+00  1.5885632e+01         -inf  6.89329e+05  1.58856e+01  1.58856e+01
2.320222641e+00  1.6550643e+01         -inf  6.89329e+05  1.65506e+01  1.65506e+01
2.329503532e+00  1.6188176e+01         -inf  6.89329e+05  1.61882e+01  1.61882e+01
2.338821546e+00  1.6478621e+01         -inf  6.89329e+05  1.64786e+01  1.64786e+01
2.348176832e+00  1.6689531e+01         -inf  6.89329e+05  1.66895e+01  1.66895e+01
2.357569539e+00  1.6279902e+01         -inf  6.89329e+05  1.62799e+01  1.62799e+01
2.366999817e+00  1.6422624e+01         -inf  6.89329e+05  1.64226e+01  1.64226e+01
2.376467817e+00  1.6476650e+01         -inf  6.89329e+05  1.64766e+01  1.64767e+01
2.385973688e+00  1.5936024e+01         -inf  6.89329e+05  1.59360e+01  1.59360e+01
2.395517583e+00  1.5940911e+01         -inf  6.89329e+05  1.59409e+01  1.59409e+01
2.405099653e+00  1.5678103e+01         -inf  6.89329e+05  1.56781e+01  1.56781e+01
2.414720052e+00  1.5527634e+01         -inf  6.89329e+05  1.55276e+01  1.55276e+01
2.424378932e+00  1.5669273e+01         -inf  6.89329e+05  1.56693e+01  1.56693e+01
2.434076448e+00  1.5507172e+01         -inf  6.89329e+05  1.55072e+01  1.55072e+01
2.443812753e+00  1.5451053e+01         -inf  6.89329e+05  1.54511e+01  1.54511e+01
2.453588004e+00  1.5418843e+01         -inf  6.89329e+05  1.54188e+01  1.54188e+01
2.463402356e+00  1.5382580e+01         -inf  6.89329e+05  1.53826e+01  1.53826e+01
2.473255966e+00  1.5382920e+01         -inf  6.89329e+05  1.53829e+01  1.53829e+01
2.483148990e+00  1.5537863e+01         -inf  6.89329e+05  1.55379e+01  1.55379e+01
2.493081586e+00  1.5478713e+01         -inf  6.89329e+05  1.54787e+01  1.54787e+01
2.503053912e+00  1.5432408e+01         -inf  6.89329e+05  1.54324e+01  1.54324e+01
2.513066128e+00  1.5394364e+01         -inf  6.89329e+05  1.53944e+01  1.53944e+01
2.523118392e+00  1.5377995e+01         -inf  6.89329e+05  1.53780e+01  1.53780e+01
2.533210866e+00  1.5380421e+01         -inf  6.89329e+05  1.53804e+01  1.53804e+01
2.543343709e+00  1.5368144e+01         -inf  6.89329e+05  1.53681e+01  1.53681e+01
2.553517084e+00  1.5417407e+01         -inf  6.89329e+05  1.54174e+01  1.54174e+01
2.563731152e+00  1.5597282e+01         -inf  6.89329e+05  1.55973e+01  1.55973e+01
2.573986077e+00  1.5586635e+01         -inf  6.89329e+05  1.55866e+01  1.55866e+01
2.584282021e+00  1.5669921e+01         -inf  6.89329e+05  1.56699e+01  1.56699e+01
2.594619149e+00  1.5669353e+01         -inf  6.89329e+05  1.56694e+01  1.56694e+01
2.604997626e+00  1.5611151e+01         -inf  6.89329e+05  1.56112e+01  1.56112e+01
2.615417616e+00  1.5601603e+01         -inf  6.89329e+05  1.56016e+01  1.56016e+01
2.625879287e+00  1.5511836e+01         -inf  6.89329e+05  1.55118e+01  1.55118e+01
2.636382804e+00  1.5468563e+01         -inf  6.89329e+05  1.54686e+01  1.54686e+01
2.646928335e+00  1.5452383e+01         -inf  6.89329e+05  1.54524e+01  1.54524e+01
2.657516049e+00  1.5734069e+01         -inf  6.89329e+05  1.57341e+01  1.57341e+01
2.668146113e+00  2.2709910e+01         -inf  6.89329e+05  2.27099e+01  2.27099e+01
2.678818697e+00  3.3178515e+01         -inf  6.89329e+05  3.31785e+01  3.31785e+01
2.689533972e+00  3.2502957e+01         -inf  6.89329e+05  3.25030e+01  3.25030e+01
2.700292108e+00  3.3232668e+01         -inf  6.89329e+05  3.32327e+01  3.32327e+01
2.711093276e+00  2.9391639e+01         -inf  6.89329e+05  2.93916e+01  2.93917e+01
2.721937650e+00  2.3312149e+01         -inf  6.89329e+05  2.33121e+01  2.33122e+01
2.732825400e+00  2.1694445e+01         -inf  6.89329e+05  2.16944e+01  2.16945e+01
2.743756702e+00  2.5633315e+01         -inf  6.89329e+05  2.56333e+01  2.56333e+01
2.754731729e+00  3.1825957e+01         -inf  6.89329e+05  3.18260e+01  3.18260e+01
2.765750655e+00  3.0986804e+01         -inf  6.89329e+05  3.09868e+01  3.09868e+01
2.776813658e+00  3.2338634e+01         -inf  6.89329e+05  3.23386e+01  3.23386e+01
2.787920913e+00  2.9539475e+01         -inf  6.89329e+05  2.95395e+01  2.95395e+01
2.799072596e+00  2.5435221e+01         -inf  6.89329e+05  2.54352e+01  2.54352e+01
2.810268887e+00  2.3143465e+01         -inf  6.89329e+05  2.31435e+01  2.31435e+01
2.821509962e+00  2.1119879e+01         -inf  6.89329e+05  2.11199e+01  2.11199e+01
2.832796002e+00  1.8896897e+01         -inf  6.89329e+05  1.88969e+01  1.88969e+01
2.844127186e+00  1.9021493e+01         -inf  6.89329e+05  1.90215e+01  1.90215e+01
2.855503695e+00  1.7714290e+01         -inf  6.89329e+05  1.77143e+01  1.77143e+01
2.866925710e+00  1.6883570e+01         -inf  6.89329e+05  1.68836e+01  1.68836e+01
2.878393413e+00  1.6282453e+01         -inf  6.89329e+05  1.62825e+01  1.62825e+01
2.889906986e+00  1.5906235e+01         -inf  6.89329e+05  1.59062e+01  1.59063e+01
2.901466614e+00  1.5548561e+01         -inf  6.89329e+05  1.55486e+01  1.55487e+01
2.913072481e+00  1.5382577e+01         -inf  6.89329e+05  1.53826e+01  1.53827e+01
2.924724770e+00  1.5354828e+01         -inf  6.89329e+05  1.53548e+01  1.53550e+01
2.936423670e+00  1.5340569e+01         -inf  6.89329e+05  1.53406e+01  1.53407e+01
2.948169364e+00  1.5355375e+01         -inf  6.89329e+05  1.53554e+01  1.53555e+01
2.959962042e+00  1.5474465e+01         -inf  6.89329e+05  1.54745e+01  1.54746e+01
2.971801890e+00  1.5652972e+01         -inf  6.89329e+05  1.56530e+01  1.56531e+01
2.983689097e+00  1.5765989e+01         -inf  6.89329e+05  1.57660e+01  1.57662e+01
2.995623854e+00  1.5486100e+01         -inf  6.89329e+05  1.54861e+01  1.54863e+01
3.007606349e+00  1.5479647e+01         -inf  6.89329e+05  1.54796e+01  1.54799e+01
3.019636775e+00  1.5467662e+01         -inf  6.89329e+05  1.54677e+01  1.54679e+01
3.031715322e+00  1.5358513e+01         -inf  6.89329e+05  1.53585e+01  1.53588e+01
3.043842183e+00  1.5340461e+01         -inf  6.89329e+05  1.53405e+01  1.53407e+01
3.056017552e+00  1.5339575e+01         -inf  6.89329e+05  1.53396e+01  1.53398e+01
3.068241622e+00  1.5335392e+01         -inf  6.89329e+05  1.53354e+01  1.53357e+01
3.080514588e+00  1.5333178e+01         -inf  6.89329e+05  1.53332e+01  1.53335e+01
3.092836647e+00  1.5333881e+01         -inf  6.89329e+05  1.53339e+01  1.53342e+01
3.105207993e+00  1.5342313e+01         -inf  6.89329e+05  1.53423e+01  1.53426e+01
3.117628825e+00  1.5401483e+01         -inf  6.89329e+05  1.54015e+01  1.54018e+01
3.130099341e+00  1.5522337e+01         -inf  6.89329e+05  1.55223e+01  1.55227e+01
3.142619738e+00  1.5436672e+01         -inf  6.89329e+05  1.54367e+01  1.54371e+01
3.155190217e+00  1.5598946e+01         -inf  6.89329e+05  1.55989e+01  1.55994e+01
3.167810978e+00  1.5603925e+01         -inf  6.89329e+05  1.56039e+01  1.56044e+01
3.180482222e+00  1.6104113e+01         -inf  6.89329e+05  1.61041e+01  1.61046e+01
3.193204151e+00  1.6111099e+01         -inf  6.89329e+05  1.61111e+01  1.61116e+01
3.205976967e+00  1.6259149e+01         -inf  6.89329e+05  1.62591e+01  1.62596e+01
3.218800875e+00  1.6777511e+01         -inf  6.89329e+05  1.67775e+01  1.67780e+01
3.231676079e+00  1.6447091e+01         -inf  6.89329e+05  1.64471e+01  1.64476e+01
3.244602783e+00  1.7065971e+01         -inf  6.89329e+05  1.70660e+01  1.70665e+01
3.257581194e+00  1.7138863e+01         -inf  6.89329e+05  1.71389e+01  1.71394e+01
3.270611519e+00  1.7367040e+01         -inf  6.89329e+05  1.73670e+01  1.73677e+01
3.283693965e+00  1.6513845e+01         -inf  6.89329e+05  1.65138e+01  1.65146e+01
3.296828741e+00  1.6697380e+01         -inf  6.89329e+05  1.66974e+01  1.66981e+01
3.310016056e+00  2.1028801e+01         -inf  6.89329e+05  2.10288e+01  2.10293e+01
3.323256120e+00  1.9085312e+01         -inf  6.89329e+05  1.90853e+01  1.90860e+01
3.336549144e+00  1.5920087e+01         -inf  6.89329e+05  1.59201e+01  1.59210e+01
3.349895341e+00  1.6139886e+01         -inf  6.89329e+05  1.61399e+01  1.61409e+01
3.363294922e+00  1.7129196e+01         -inf  6.89329e+05  1.71292e+01  1.71301e+01
3.376748102e+00  1.7023442e+01         -inf  6.89329e+05  1.70234e+01  1.70244e+01
3.390255094e+00  1.7109539e+01         -inf  6.89329e+05  1.71095e+01  1.71106e+01
3.403816115e+00  1.6931865e+01         -inf  6.89329e+05  1.69319e+01  1.69330e+01
3.417431379e+00  1.6270209e+01         -inf  6.89329e+05  1.62702e+01  1.62715e+01
3.431101105e+00  1.6396263e+01         -inf  6.89329e+05  1.63963e+01  1.63976e+01
3.444825509e+00  1.6252580e+01         -inf  6.89329e+05  1.62526e+01  1.62540e+01
3.458604811e+00  1.5995177e+01         -inf  6.89329e+05  1.59952e+01  1.59967e+01
3.472439231e+00  1.6274193e+01         -inf  6.89329e+05  1.62742e+01  1.62758e+01
3.486328987e+00  1.6211154e+01         -inf  6.89329e+05  1.62112e+01  1.62128e+01
3.500274303e+00  1.5889475e+01         -inf  6.89329e+05  1.58895e+01  1.58913e+01
3.514275401e+00  1.5577740e+01         -inf  6.89329e+05  1.55777e+01  1.55797e+01
3.528332502e+00  1.5807768e+01         -inf  6.89329e+05  1.58078e+01  1.58098e+01
3.542445832e+00  1.6368180e+01         -inf  6.89329e+05  1.63682e+01  1.63702e+01
3.556615616e+00  1.5767731e+01         -inf  6.89329e+05  1.57677e+01  1.57700e+01
3.570842078e+00  1.6270610e+01         -inf  6.89329e+05  1.62706e+01  1.62729e+01
3.585125446e+00  1.6143346e+01         -inf  6.89329e+05  1.61433e+01  1.61458e+01
3.599465948e+00  1.5815594e+01         -inf  6.89329e+05  1.58156e+01  1.58182e+01
3.613863812e+00  1.5774309e+01         -inf  6.89329e+05  1.57743e+01  1.57770e+01
3.628319267e+00  1.5648171e+01         -inf  6.89329e+05  1.56482e+01  1.56511e+01
3.642832544e+00  1.5863469e+01         -inf  6.89329e+05  1.58635e+01  1.58665e+01
3.657403874e+00  1.5473546e+01         -inf  6.89329e+05  1.54735e+01  1.54767e+01
3.672033490e+00  1.5599248e+01         -inf  6.89329e+05  1.55992e+01  1.56026e+01
3.686721624e+00  1.5615899e+01         -inf  6.89329e+05  1.56159e+01  1.56194e+01
3.701468510e+00  1.5472889e+01         -inf  6.89329e+05  1.54729e+01  1.54766e+01
3.716274384e+00  1.5544483e+01         -inf  6.89329e+05  1.55445e+01  1.55484e+01
3.731139482e+00  1.5585179e+01         -inf  6.89329e+05  1.55852e+01  1.55893e+01
3.746064040e+00  1.5510966e+01         -inf  6.89329e+05  1.55110e+01  1.55152e+01
3.761048296e+00  1.5471495e+01         -inf  6.89329e+05  1.54715e+01  1.54760e+01
3.776092489e+00  1.5485602e+01         -inf  6.89329e+05  1.54856e+01  1.54903e+01
3.791196859e+00  1.5598165e+01         -inf  6.89329e+05  1.55982e+01  1.56031e+01
3.806361647e+00  1.5661499e+01         -inf  6.89329e+05  1.56615e+01  1.56666e+01
3.821587093e+00  1.5560620e+01         -inf  6.89329e+05  1.55606e+01  1.55660e+01
3.836873442e+00  1.5702189e+01         -inf  6.89329e+05  1.57022e+01  1.57078e+01
3.852220935e+00  1.5747904e+01         -inf  6.89329e+05  1.57479e+01  1.57537e+01
3.867629819e+00  1.5908742e+01         -inf  6.89329e+05  1.59087e+01  1.59146e+01
3.883100338e+00  1.6183806e+01         -inf  6.89329e+05  1.61838e+01  1.61896e+01
3.898632740e+00  1.5992209e+01         -inf  6.89329e+05  1.59922e+01  1.59987e+01
3.914227271e+00  1.6139105e+01         -inf  6.89329e+05  1.61391e+01  1.61456e+01
3.929884180e+00  1.6048326e+01         -inf  6.89329e+05  1.60483e+01  1.60552e+01
3.945603716e+00  1.5916909e+01         -inf  6.89329e+05  1.59169e+01  1.59244e+01
3.961386131e+00  1.5885694e+01         -inf  6.89329e+05  1.58857e+01  1.58936e+01
3.977231676e+00  1.6073338e+01         -inf  6.89329e+05  1.60733e+01  1.60815e+01
3.993140603e+00  1.6096925e+01         -inf  6.89329e+05  1.60969e+01  1.61054e+01
4.009113165e+00  1.6356996e+01         -inf  6.89329e+05  1.63570e+01  1.63657e+01
4.025149618e+00  1.6596652e+01         -inf  6.89329e+05  1.65967e+01  1.66054e+01
4.041250216e+00  1.6933931e+01         -inf  6.89329e+05  1.69339e+01  1.69428e+01
4.057415217e+00  1.7116388e+01         -inf  6.89329e+05  1.71164e+01  1.71255e+01
4.073644878e+00  1.7494013e+01         -inf  6.89329e+05  1.74940e+01  1.75030e+01
4.089939457e+00  1.7815817e+01         -inf  6.89329e+05  1.78158e+01  1.78247e+01
4.106299215e+00  1.8066238e+01         -inf  6.89329e+05  1.80662e+01  1.80753e+01
4.122724412e+00  1.8325185e+01         -inf  6.89329e+05  1.83252e+01  1.83344e+01
4.139215310e+00  1.8558368e+01         -inf  6.89329e+05  1.85584e+01  1.85676e+01
4.155772171e+00  1.8749845e+01         -inf  6.89329e+05  1.87498e+01  1.87576e+01
4.172395260e+00  2.0064100e+01         -inf  6.89329e+05  2.00641e+01  2.00672e+01
4.189084841e+00  2.5846497e+01         -inf  6.89329e+05  2.58465e+01  2.58487e+01
4.205841180e+00  3.5663944e+01         -inf  6.89329e+05  3.56639e+01  3.56698e+01
4.222664545e+00  4.3934784e+01         -inf  6.89329e+05  4.39348e+01  4.39462e+01
4.239555203e+00  4.7424105e+01         -inf  6.89329e+05  4.74241e+01  4.74366e+01
4.256513424e+00  4.5364900e+01         -inf  6.89329e+05  4.53649e+01  4.53724e+01
4.273539477e+00  4.7080826e+01         -inf  6.89329e+05  4.70808e+01  4.70905e+01
4.290633635e+00  4.5499007e+01         -inf  6.89329e+05  4.54990e+01  4.55089e+01
4.307796170e+00  4.2661067e+01         -inf  6.89329e+05  4.26611e+01  4.26709e+01
4.325027355e+00  3.9126468e+01         -inf  6.89329e+05  3.91265e+01  3.91341e+01
4.342327464e+00  3.6634665e+01         -inf  6.89329e+05  3.66347e+01  3.66411e+01
4.359696774e+00  3.5234936e+01         -inf  6.89329e+05  3.52349e+01  3.52390e+01
4.377135561e+00  3.2680620e+01         -inf  6.89329e+05  3.26806e+01  3.26831e+01
4.394644103e+00  3.2655715e+01         -inf  6.89329e+05  3.26557e+01  3.26574e+01
4.412222680e+00  3.1712375e+01         -inf  6.89329e+05  3.17124e+01  3.17136e+01
4.429871570e+00  2.9430633e+01         -inf  6.89329e+05  2.94306e+01  2.94319e+01
4.447591057e+00  2.5640941e+01         -inf  6.89329e+05  2.56409e+01  2.56432e+01
4.465381421e+00  2.2707810e+01         -inf  6.89329e+05  2.27078e+01  2.27111e+01
4.483242946e+00  2.0575930e+01         -inf  6.89329e+05  2.05759e+01  2.05808e+01
4.501175918e+00  1.9088580e+01         -inf  6.89329e+05  1.90886e+01  1.90982e+01
4.519180622e+00  1.9427990e+01         -inf  6.89329e+05  1.94280e+01  1.94367e+01
4.537257344e+00  1.8807775e+01         -inf  6.89329e+05  1.88078e+01  1.88197e+01
4.555406374e+00  1.7988939e+01         -inf  6.89329e+05  1.79889e+01  1.80064e+01
4.573627999e+00  1.7224123e+01         -inf  6.89329e+05  1.72241e+01  1.72484e+01
4.591922511e+00  1.6399028e+01         -inf  6.89329e+05  1.63990e+01  1.64315e+01
4.610290201e+00  1.6008684e+01         -inf  6.89329e+05  1.60087e+01  1.60461e+01
4.628731362e+00  1.5788996e+01         -inf  6.89329e+05  1.57890e+01  1.58294e+01
4.647246288e+00  1.5642000e+01         -inf  6.89329e+05  1.56420e+01  1.56848e+01
4.665835273e+00  1.5547774e+01         -inf  6.89329e+05  1.55478e+01  1.55926e+01
4.684498614e+00  1.5980982e+01         -inf  6.89329e+05  1.59810e+01  1.60273e+01
4.703236608e+00  1.9957789e+01         -inf  6.89329e+05  1.99578e+01  1.99986e+01
4.722049555e+00  2.0487298e+01         -inf  6.89329e+05  2.04873e+01  2.05298e+01
4.740937753e+00  1.9270219e+01         -inf  6.89329e+05  1.92702e+01  1.93141e+01
4.759901504e+00  1.9545128e+01         -inf  6.89329e+05  1.95451e+01  1.95918e+01
4.778941110e+00  1.9360983e+01         -inf  6.89329e+05  1.93610e+01  1.94031e+01
4.798056874e+00  1.8529513e+01         -inf  6.89329e+05  1.85295e+01  1.85691e+01
4.817249102e+00  2.0852280e+01         -inf  6.89329e+05  2.08523e+01  2.08766e+01
4.836518098e+00  1.8399929e+01         -inf  6.89329e+05  1.83999e+01  1.84318e+01
4.855864171e+00  1.8353051e+01         -inf  6.89329e+05  1.83531e+01  1.83840e+01
4.875287627e+00  1.7326661e+01         -inf  6.89329e+05  1.73267e+01  1.73658e+01
4.894788778e+00  1.6442765e+01         -inf  6.89329e+05  1.64428e+01  1.64951e+01
4.914367933e+00  1.6509265e+01         -inf  6.89329e+05  1.65093e+01  1.65703e+01
4.934025405e+00  1.5785538e+01         -inf  6.89329e+05  1.57855e+01  1.58576e+01
4.953761506e+00  1.5707187e+01         -inf  6.89329e+05  1.57072e+01  1.57825e+01
4.973576552e+00  1.5511206e+01         -inf  6.89329e+05  1.55112e+01  1.55906e+01
4.993470859e+00  1.5386343e+01         -inf  6.89329e+05  1.53863e+01  1.54697e+01
5.013444742e+00  1.5282459e+01         -inf  6.89329e+05  1.52825e+01  1.53692e+01
5.033498521e+00  1.5265539e+01         -inf  6.89329e+05  1.52655e+01  1.53550e+01
5.053632515e+00  1.5260470e+01         -inf  6.89329e+05  1.52605e+01  1.53521e+01
5.073847045e+00  1.5302918e+01         -inf  6.89329e+05  1.53029e+01  1.53954e+01
5.094142433e+00  1.5402338e+01         -inf  6.89329e+05  1.54023e+01  1.54953e+01
5.114519003e+00  1.5407482e+01         -inf  6.89329e+05  1.54075e+01  1.55027e+01
5.134977079e+00  1.5310461e+01         -inf  6.89329e+05  1.53105e+01  1.54092e+01
5.155516987e+00  1.5467645e+01         -inf  6.89329e+05  1.54676e+01  1.55650e+01
5.176139055e+00  1.7467333e+01         -inf  6.89329e+05  1.74673e+01  1.75439e+01
5.196843612e+00  1.6065811e+01         -inf  6.89329e+05  1.60658e+01  1.61546e+01
5.217630986e+00  1.6359551e+01         -inf  6.89329e+05  1.63596e+01  1.64413e+01
5.238501510e+00  1.6044648e+01         -inf  6.89329e+05  1.60446e+01  1.61304e+01
5.259455516e+00  1.5770438e+01         -inf  6.89329e+05  1.57704e+01  1.58613e+01
5.280493338e+00  1.5469407e+01         -inf  6.89329e+05  1.54694e+01  1.55652e+01
5.301615311e+00  1.5351479e+01         -inf  6.89329e+05  1.53515e+01  1.54493e+01
5.322821773e+00  1.5391103e+01         -inf  6.89329e+05  1.53911e+01  1.54883e+01
5.344113060e+00  1.5311932e+01         -inf  6.89329e+05  1.53119e+01  1.54077e+01
5.365489512e+00  1.5306628e+01         -inf  6.89329e+05  1.53066e+01  1.54015e+01
5.386951470e+00  1.5296024e+01         -inf  6.89329e+05  1.52960e+01  1.53904e+01
5.408499276e+00  1.5293848e+01         -inf  6.89329e+05  1.52938e+01  1.53879e+01
5.430133273e+00  1.5298252e+01         -inf  6.89329e+05  1.52983e+01  1.53926e+01
5.451853806e+00  1.5305895e+01         -inf  6.89329e+05  1.53059e+01  1.54001e+01
5.473661221e+00  1.5329202e+01         -inf  6.89329e+05  1.53292e+01  1.54229e+01
5.495555866e+00  1.5367666e+01         -inf  6.89329e+05  1.53677e+01  1.54607e+01
5.517538090e+00  1.5393696e+01         -inf  6.89329e+05  1.53937e+01  1.54864e+01
5.539608242e+00  1.5373118e+01         -inf  6.89329e+05  1.53731e+01  1.54653e+01
5.561766675e+00  1.5322966e+01         -inf  6.89329e+05  1.53230e+01  1.54147e+01
5.584013742e+00  1.5347147e+01         -inf  6.89329e+05  1.53471e+01  1.54387e+01
5.606349797e+00  1.5362739e+01         -inf  6.89329e+05  1.53627e+01  1.54541e+01
5.628775196e+00  1.5349695e+01         -inf  6.89329e+05  1.53497e+01  1.54410e+01
5.651290297e+00  1.5332706e+01         -inf  6.89329e+05  1.53327e+01  1.54240e+01
5.673895458e+00  1.5330207e+01         -inf  6.89329e+05  1.53302e+01  1.54214e+01
5.696591040e+00  1.5327746e+01         -inf  6.89329e+05  1.53277e+01  1.54190e+01
5.719377404e+00  1.5401110e+01         -inf  6.89329e+05  1.54011e+01  1.54925e+01
5.742254913e+00  1.5844453e+01         -inf  6.89329e+05  1.58445e+01  1.59355e+01
5.765223933e+00  1.5864161e+01         -inf  6.89329e+05  1.58642e+01  1.59549e+01
5.788284829e+00  1.5630376e+01         -inf  6.89329e+05  1.56304e+01  1.57211e+01
5.811437968e+00  1.5671717e+01         -inf  6.89329e+05  1.56717e+01  1.57622e+01
5.834683720e+00  1.5793134e+01         -inf  6.89329e+05  1.57931e+01  1.58838e+01
5.858022455e+00  1.5691429e+01         -inf  6.89329e+05  1.56914e+01  1.57828e+01
5.881454545e+00  1.5558618e+01         -inf  6.89329e+05  1.55586e+01  1.56512e+01
5.904980363e+00  1.5455903e+01         -inf  6.89329e+05  1.54559e+01  1.55499e+01
5.928600284e+00  1.5406853e+01         -inf  6.89329e+05  1.54069e+01  1.55025e+01
5.952314685e+00  1.5398034e+01         -inf  6.89329e+05  1.53980e+01  1.54955e+01
5.976123944e+00  1.5380183e+01         -inf  6.89329e+05  1.53802e+01  1.54803e+01
6.000028440e+00  1.5394550e+01         -inf  6.89329e+05  1.53946e+01  1.54977e+01
6.024028554e+00  1.5379794e+01         -inf  6.89329e+05  1.53798e+01  1.54866e+01
6.048124668e+00  1.5393152e+01         -inf  6.89329e+05  1.53932e+01  1.55043e+01
6.072317167e+00  1.5395906e+01         -inf  6.89329e+05  1.53959e+01  1.55119e+01
6.096606435e+00  1.5386675e+01         -inf  6.89329e+05  1.53867e+01  1.55079e+01
6.120992861e+00  1.5394978e+01         -inf  6.89329e+05  1.53950e+01  1.55220e+01
6.145476832e+00  1.5375641e+01         -inf  6.89329e+05  1.53756e+01  1.55091e+01
6.170058740e+00  1.5388852e+01         -inf  6.89329e+05  1.53889e+01  1.55293e+01
6.194738975e+00  1.5378810e+01         -inf  6.89329e+05  1.53788e+01  1.55257e+01
6.219517931e+00  1.5382456e+01         -inf  6.89329e+05  1.53825e+01  1.55353e+01
6.244396002e+00  1.5362683e+01         -inf  6.89329e+05  1.53627e+01  1.55205e+01
6.269373586e+00  1.5311725e+01         -inf  6.89329e+05  1.53117e+01  1.54734e+01
6.294451081e+00  1.5380431e+01         -inf  6.89329e+05  1.53804e+01  1.55452e+01
6.319628885e+00  1.5309176e+01         -inf  6.89329e+05  1.53092e+01  1.54763e+01
6.344907401e+00  1.5380889e+01         -inf  6.89329e+05  1.53809e+01  1.55501e+01
6.370287030e+00  1.5317090e+01         -inf  6.89329e+05  1.53171e+01  1.54888e+01
6.395768178e+00  1.5349165e+01         -inf  6.89329e+05  1.53492e+01  1.55236e+01
6.421351251e+00  1.5360133e+01         -inf  6.89329e+05  1.53601e+01  1.55379e+01
6.447036656e+00  1.5416106e+01         -inf  6.89329e+05  1.54161e+01  1.55978e+01
6.472824803e+00  1.5528913e+01         -inf  6.89329e+05  1.55289e+01  1.57155e+01
6.498716102e+00  1.5952374e+01         -inf  6.89329e+05  1.59524e+01  1.61438e+01
6.524710966e+00  1.5489038e+01         -inf  6.89329e+05  1.54890e+01  1.56888e+01
6.550809810e+00  1.5279570e+01         -inf  6.89329e+05  1.52796e+01  1.54880e+01
6.577013049e+00  1.5261964e+01         -inf  6.89329e+05  1.52620e+01  1.54796e+01
6.603321102e+00  1.5245452e+01         -inf  6.89329e+05  1.52455e+01  1.54737e+01
6.629734386e+00  1.5223533e+01         -inf  6.89329e+05  1.52235e+01  1.54632e+01
6.656253324e+00  1.5255746e+01         -inf  6.89329e+05  1.52557e+01  1.55075e+01
6.682878337e+00  1.5205407e+01         -inf  6.89329e+05  1.52054e+01  1.54704e+01
6.709609850e+00  1.5187271e+01         -inf  6.89329e+05  1.51873e+01  1.54664e+01
6.736448290e+00  1.5224801e+01         -inf  6.89329e+05  1.52248e+01  1.55185e+01
6.763394083e+00  1.5125296e+01         -inf  6.89329e+05  1.51253e+01  1.54354e+01
6.790447659e+00  1.5310662e+01         -inf  6.89329e+05  1.53107e+01  1.56378e+01
6.817609450e+00  1.5161208e+01         -inf  6.89329e+05  1.51612e+01  1.55078e+01
6.844879888e+00  1.5141863e+01         -inf  6.89329e+05  1.51419e+01  1.55082e+01
6.872259407e+00  1.5120999e+01         -inf  6.89329e+05  1.51210e+01  1.55076e+01
6.899748445e+00  1.5167848e+01         -inf  6.89329e+05  1.51678e+01  1.55758e+01
6.927347438e+00  1.5053671e+01         -inf  6.89329e+05  1.50537e+01  1.54857e+01
6.955056828e+00  1.4973939e+01         -inf  6.89329e+05  1.49739e+01  1.54320e+01
6.982877056e+00  1.4996537e+01         -inf  6.89329e+05  1.49965e+01  1.54819e+01
7.010808564e+00  1.4956154e+01         -inf  6.89329e+05  1.49562e+01  1.54713e+01
7.038851798e+00  1.4860607e+01         -inf  6.89329e+05  1.48606e+01  1.54087e+01
7.067007205e+00  1.4831280e+01         -inf  6.89329e+05  1.48313e+01  1.54124e+01
7.095275234e+00  1.4802897e+01         -inf  6.89329e+05  1.48029e+01  1.54204e+01
7.123656335e+00  1.4748058e+01         -inf  6.89329e+05  1.47481e+01  1.54025e+01
7.152150960e+00  1.4747840e+01         -inf  6.89329e+05  1.47478e+01  1.54422e+01
7.180759564e+00  1.4722866e+01         -inf  6.89329e+05  1.47229e+01  1.54588e+01
7.209482602e+00  1.4814370e+01         -inf  6.89329e+05  1.48144e+01  1.55921e+01
7.238320533e+00  1.4927770e+01         -inf  6.89329e+05  1.49278e+01  1.57456e+01
7.267273815e+00  1.5135572e+01         -inf  6.89329e+05  1.51356e+01  1.59909e+01
7.296342910e+00  1.5087557e+01         -inf  6.89329e+05  1.50876e+01  1.59917e+01
7.325528282e+00  1.5485260e+01         -inf  6.89329e+05  1.54853e+01  1.64151e+01
7.354830395e+00  1.5997907e+01         -inf  6.89329e+05  1.59979e+01  1.69394e+01
7.384249717e+00  1.6663158e+01         -inf  6.89329e+05  1.66632e+01  1.76007e+01
7.413786715e+00  1.6274805e+01         -inf  6.89329e+05  1.62748e+01  1.72959e+01
7.443441862e+00  1.6951322e+01         -inf  6.89329e+05  1.69513e+01  1.79759e+01
7.473215630e+00  1.6597929e+01         -inf  6.89329e+05  1.65979e+01  1.77092e+01
7.503108492e+00  1.6991523e+01         -inf  6.89329e+05  1.69915e+01  1.81211e+01
7.533120926e+00  1.6390339e+01         -inf  6.89329e+05  1.63903e+01  1.76252e+01
7.563253410e+00  1.5385530e+01         -inf  6.89329e+05  1.53855e+01  1.67552e+01
7.593506424e+00  1.5013440e+01         -inf  6.89329e+05  1.50134e+01  1.64205e+01
7.623880449e+00  1.5250454e+01         -inf  6.89329e+05  1.52505e+01  1.65966e+01
7.654375971e+00  1.9853080e+01         -inf  6.89329e+05  1.98531e+01  2.07897e+01
7.684993475e+00  1.9837764e+01         -inf  6.89329e+05  1.98378e+01  2.07205e+01
7.715733449e+00  1.8008148e+01         -inf  6.89329e+05  1.80081e+01  1.90985e+01
7.746596383e+00  1.6637921e+01         -inf  6.89329e+05  1.66379e+01  1.79223e+01
7.777582768e+00  1.6049532e+01         -inf  6.89329e+05  1.60495e+01  1.75235e+01
7.808693099e+00  1.6319476e+01         -inf  6.89329e+05  1.63195e+01  1.77243e+01
7.839927872e+00  1.6753596e+01         -inf  6.89329e+05  1.67536e+01  1.80831e+01
7.871287583e+00  1.6984622e+01         -inf  6.89329e+05  1.69846e+01  1.83214e+01
7.902772733e+00  1.6214563e+01         -inf  6.89329e+05  1.62146e+01  1.77014e+01
7.934383824e+00  1.6037280e+01         -inf  6.89329e+05  1.60373e+01  1.76489e+01
7.966121360e+00  1.5051400e+01         -inf  6.89329e+05  1.50514e+01  1.68573e+01
7.997985845e+00  1.4670429e+01         -inf  6.89329e+05  1.46704e+01  1.65922e+01
8.029977788e+00  1.4713707e+01         -inf  6.89329e+05  1.47137e+01  1.66849e+01
8.062097700e+00  1.4172385e+01         -inf  6.89329e+05  1.41724e+01  1.62763e+01
8.094346090e+00  1.3916629e+01         -inf  6.89329e+05  1.39166e+01  1.60998e+01
8.126723475e+00  1.3568749e+01         -inf  6.89329e+05  1.35687e+01  1.58494e+01
8.159230369e+00  1.3316763e+01         -inf  6.89329e+05  1.33168e+01  1.56704e+01
8.191867290e+00  1.3362534e+01         -inf  6.89329e+05  1.33625e+01  1.57521e+01
8.224634759e+00  1.3083721e+01         -inf  6.89329e+05  1.30837e+01  1.55488e+01
8.257533298e+00  1.3038044e+01         -inf  6.89329e+05  1.30380e+01  1.55516e+01
8.290563432e+00  1.2838189e+01         -inf  6.89329e+05  1.28382e+01  1.54149e+01
8.323725685e+00  1.2873406e+01         -inf  6.89329e+05  1.28734e+01  1.54929e+01
8.357020588e+00  1.2804867e+01         -inf  6.89329e+05  1.28049e+01  1.54739e+01
8.390448670e+00  1.2873683e+01         -inf  6.89329e+05  1.28737e+01  1.55792e+01
8.424010465e+00  1.2866026e+01         -inf  6.89329e+05  1.28660e+01  1.56177e+01
8.457706507e+00  1.2943870e+01         -inf  6.89329e+05  1.29439e+01  1.57303e+01
8.491537333e+00  1.2909739e+01         -inf  6.89329e+05  1.29097e+01  1.57558e+01
8.525503482e+00  1.2876238e+01         -inf  6.89329e+05  1.28762e+01  1.57855e+01
8.559605496e+00  1.2731315e+01         -inf  6.89329e+05  1.27313e+01  1.57206e+01
8.593843918e+00  1.2836136e+01         -inf  6.89329e+05  1.28361e+01  1.58617e+01
8.628219294e+00  1.2896537e+01         -inf  6.89329e+05  1.28965e+01  1.59632e+01
8.662732171e+00  1.2859642e+01         -inf  6.89329e+05  1.28596e+01  1.59816e+01
8.697383100e+00  1.2877406e+01         -inf  6.89329e+05  1.28774e+01  1.60639e+01
8.732172632e+00  1.2789541e+01         -inf  6.89329e+05  1.27895e+01  1.60516e+01
8.767101323e+00  1.2715410e+01         -inf  6.89329e+05  1.27154e+01  1.60516e+01
8.802169728e+00  1.2892767e+01         -inf  6.89329e+05  1.28928e+01  1.62930e+01
8.837378407e+00  1.2990270e+01         -inf  6.89329e+05  1.29903e+01  1.64520e+01
8.872727920e+00  1.2931791e+01         -inf  6.89329e+05  1.29318e+01  1.64557e+01
8.908218832e+00  1.2882297e+01         -inf  6.89329e+05  1.28823e+01  1.64700e+01
8.943851707e+00  1.2835253e+01         -inf  6.89329e+05  1.28353e+01  1.64901e+01
8.979627114e+00  1.2592603e+01         -inf  6.89329e+05  1.25926e+01  1.63222e+01
9.015545623e+00  1.2290446e+01         -inf  6.89329e+05  1.22904e+01  1.60967e+01
9.051607805e+00  1.2282447e+01         -inf  6.89329e+05  1.22824e+01  1.61590e+01
9.087814236e+00  1.2258902e+01         -inf  6.89329e+05  1.22589e+01  1.62134e+01
9.124165493e+00  1.2246060e+01         -inf  6.89329e+05  1.22461e+01  1.62763e+01
9.160662155e+00  1.2307623e+01         -inf  6.89329e+05  1.23076e+01  1.63470e+01
9.197304804e+00  1.2574638e+01         -inf  6.89329e+05  1.25746e+01  1.65368e+01
9.234094023e+00  1.2487466e+01         -inf  6.89329e+05  1.24875e+01  1.63745e+01
9.271030399e+00  1.2486488e+01         -inf  6.89329e+05  1.24865e+01  1.63734e+01
9.308114521e+00  1.2480452e+01         -inf  6.89329e+05  1.24805e+01  1.64783e+01
9.345346979e+00  1.2737087e+01         -inf  6.89329e+05  1.27371e+01  1.68637e+01
9.382728367e+00  1.5953120e+01         -inf  6.89329e+05  1.59531e+01  2.01067e+01
9.420259280e+00  2.0980562e+01         -inf  6.89329e+05  2.09806e+01  2.44810e+01
9.457940318e+00  2.3418642e+01         -inf  6.89329e+05  2.34186e+01  2.63451e+01
9.495772079e+00  2.4958645e+01         -inf  6.89329e+05  2.49586e+01  2.75506e+01
9.533755167e+00  2.3569428e+01         -inf  6.89329e+05  2.35694e+01  2.65810e+01
9.571890188e+00  1.8107358e+01         -inf  6.89329e+05  1.81074e+01  2.22418e+01
9.610177749e+00  2.3228500e+01         -inf  6.89329e+05  2.32285e+01  2.65207e+01
9.648618460e+00  2.3151314e+01         -inf  6.89329e+05  2.31513e+01  2.66308e+01
9.687212933e+00  2.1711758e+01         -inf  6.89329e+05  2.17118e+01  2.54256e+01
9.725961785e+00  2.1333212e+01         -inf  6.89329e+05  2.13332e+01  2.50938e+01
9.764865632e+00  2.1186863e+01         -inf  6.89329e+05  2.11869e+01  2.50686e+01
9.803925095e+00  2.0206711e+01         -inf  6.89329e+05  2.02067e+01  2.44058e+01
9.843140795e+00  1.8933226e+01         -inf  6.89329e+05  1.89332e+01  2.34580e+01
9.882513358e+00  1.7144627e+01         -inf  6.89329e+05  1.71446e+01  2.21035e+01
9.922043412e+00  1.5531742e+01         -inf  6.89329e+05  1.55317e+01  2.08143e+01
9.961731585e+00  1.4049332e+01         -inf  6.89329e+05  1.40493e+01  1.96079e+01
1.000157851e+01  1.2638604e+01         -inf  6.89329e+05  1.26386e+01  1.84213e+01
1.004158483e+01  1.1247192e+01         -inf  6.89329e+05  1.12472e+01  1.72215e+01
1.008175117e+01  1.0527303e+01         -inf  6.89329e+05  1.05273e+01  1.66376e+01
1.012207817e+01  9.8922151e+00         -inf  6.89329e+05  9.89222e+00  1.60742e+01
1.016256648e+01  9.6077315e+00         -inf  6.89329e+05  9.60773e+00  1.57751e+01
1.020321675e+01  9.4785409e+00         -inf  6.89329e+05  9.47854e+00  1.56078e+01
1.024402962e+01  9.3967963e+00         -inf  6.89329e+05  9.39680e+00  1.55591e+01
1.028500573e+01  9.3375228e+00         -inf  6.89329e+05  9.33752e+00  1.55492e+01
1.032614576e+01  9.2031891e+00         -inf  6.89329e+05  9.20319e+00  1.55218e+01
1.036745034e+01  8.7283977e+00         -inf  6.89329e+05  8.72840e+00  1.54177e+01
1.040892014e+01  8.4167310e+00         -inf  6.89329e+05  8.41673e+00  1.53555e+01
1.045055582e+01  8.6445230e+00         -inf  6.89329e+05  8.64452e+00  1.54449e+01
1.049235805e+01  8.5385366e+00         -inf  6.89329e+05  8.53854e+00  1.54344e+01
1.053432748e+01  8.4667264e+00         -inf  6.89329e+05  8.46673e+00  1.54375e+01
1.057646479e+01  8.3526983e+00         -inf  6.89329e+05  8.35270e+00  1.54287e+01
1.061877065e+01  8.2004150e+00         -inf  6.89329e+05  8.20042e+00  1.54106e+01
1.066124573e+01  8.0172983e+00         -inf  6.89329e+05  8.01730e+00  1.53893e+01
1.070389071e+01  7.8163588e+00         -inf  6.89329e+05  7.81636e+00  1.53680e+01
1.074670627e+01  7.6168572e+00         -inf  6.89329e+05  7.61686e+00  1.53514e+01
1.078969310e+01  7.4322546e+00         -inf  6.89329e+05  7.43225e+00  1.53409e+01
1.083285187e+01  7.2644105e+00         -inf  6.89329e+05  7.26441e+00  1.53343e+01
1.087618328e+01  7.1185870e+00         -inf  6.89329e+05  7.11859e+00  1.53321e+01
1.091968801e+01  6.9876990e+00         -inf  6.89329e+05  6.98770e+00  1.53289e+01
1.096336676e+01  6.8586184e+00         -inf  6.89329e+05  6.85862e+00  1.53279e+01
1.100722023e+01  6.7341320e+00         -inf  6.89329e+05  6.73413e+00  1.53280e+01
1.105124911e+01  6.6090731e+00         -inf  6.89329e+05  6.60907e+00  1.53282e+01
1.109545411e+01  6.4866397e+00         -inf  6.89329e+05  6.48664e+00  1.53290e+01
1.113983593e+01  6.3582879e+00         -inf  6.89329e+05  6.35829e+00  1.53272e+01
1.118439527e+01  6.2283154e+00         -inf  6.89329e+05  6.22832e+00  1.53263e+01
1.122913285e+01  6.0997052e+00         -inf  6.89329e+05  6.09971e+00  1.53257e+01
1.127404938e+01  5.9695855e+00         -inf  6.89329e+05  5.96959e+00  1.53250e+01
1.131914558e+01  5.8403601e+00         -inf  6.89329e+05  5.84036e+00  1.53251e+01
1.136442216e+01  5.7098004e+00         -inf  6.89329e+05  5.70980e+00  1.53250e+01
1.140987985e+01  5.5785510e+00         -inf  6.89329e+05  5.57855e+00  1.53250e+01
1.145551937e+01  5.4455595e+00         -inf  6.89329e+05  5.44556e+00  1.53248e+01
1.150134145e+01  5.3117568e+00         -inf  6.89329e+05  5.31176e+00  1.53248e+01
1.154734681e+01  5.1826433e+00         -inf  6.89329e+05  5.18264e+00  1.53254e+01
1.159353620e+01  5.0507695e+00         -inf  6.89329e+05  5.05077e+00  1.53258e+01
1.163991035e+01  4.9065401e+00         -inf  6.89329e+05  4.90654e+00  1.53250e+01
1.168646999e+01  4.7703717e+00         -inf  6.89329e+05  4.77037e+00  1.53253e+01
1.173321587e+01  4.6332663e+00         -inf  6.89329e+05  4.63327e+00  1.53255e+01
1.178014873e+01  4.4953211e+00         -inf  6.89329e+05  4.49532e+00  1.53258e+01
1.182726932e+01  4.3584066e+00         -inf  6.89329e+05  4.35841e+00  1.53265e+01
1.187457840e+01  4.2176273e+00         -inf  6.89329e+05  4.21763e+00  1.53267e+01
1.192207672e+01  4.0778225e+00         -inf  6.89329e+05  4.07782e+00  1.53279e+01
1.196976502e+01  3.9379744e+00         -inf  6.89329e+05  3.93797e+00  1.53284e+01
1.201764408e+01  3.8072159e+00         -inf  6.89329e+05  3.80722e+00  1.53310e+01
1.206571466e+01  3.8584592e+00         -inf  6.89329e+05  3.85846e+00  1.53425e+01
1.211397752e+01  3.5743812e+00         -inf  6.89329e+05  3.57438e+00  1.53368e+01
1.216243343e+01  3.5087859e+00         -inf  6.89329e+05  3.50879e+00  1.53489e+01
1.221108316e+01  3.4680892e+00         -inf  6.89329e+05  3.46809e+00  1.53598e+01
1.225992749e+01  3.4564858e+00         -inf  6.89329e+05  3.45649e+00  1.53852e+01
1.230896720e+01  3.4487180e+00         -inf  6.89329e+05  3.44872e+00  1.54114e+01
1.235820307e+01  3.4350437e+00         -inf  6.89329e+05  3.43504e+00  1.54413e+01
1.240763589e+01  3.4045506e+00         -inf  6.89329e+05  3.40455e+00  1.54772e+01
1.245726643e+01  3.3192720e+00         -inf  6.89329e+05  3.31927e+00  1.54909e+01
1.250709549e+01  3.1862252e+00         -inf  6.89329e+05  3.18623e+00  1.55198e+01
1.255712388e+01  2.9629244e+00         -inf  6.89329e+05  2.96292e+00  1.55030e+01
1.260735237e+01  4.6884761e+00         -inf  6.89329e+05  4.68848e+00  1.58596e+01
1.265778178e+01  3.6913961e+00         -inf  6.89329e+05  3.69140e+00  1.58915e+01
1.270841291e+01  2.4271189e+00         -inf  6.89329e+05  2.42712e+00  1.55340e+01
1.275924656e+01  2.5990787e+00         -inf  6.89329e+05  2.59908e+00  1.56193e+01
1.281028355e+01  2.7155037e+00         -inf  6.89329e+05  2.71550e+00  1.56436e+01
1.286152468e+01  2.8214533e+00         -inf  6.89329e+05  2.82145e+00  1.56998e+01
1.291297078e+01  2.9599610e+00         -inf  6.89329e+05  2.95996e+00  1.57320e+01
1.296462266e+01  3.6550589e+00         -inf  6.89329e+05  3.65506e+00  1.59054e+01
1.301648115e+01  3.7233758e+00         -inf  6.89329e+05  3.72338e+00  1.58890e+01
1.306854708e+01  3.9775833e+00         -inf  6.89329e+05  3.97758e+00  1.61395e+01
1.312082127e+01  4.4256410e+00         -inf  6.89329e+05  4.42564e+00  1.61895e+01
1.317330455e+01  5.3129760e+00         -inf  6.89329e+05  5.31298e+00  1.64440e+01
1.322599777e+01  6.4946106e+00         -inf  6.89329e+05  6.49461e+00  1.68983e+01
1.327890176e+01  7.0955499e+00         -inf  6.89329e+05  7.09555e+00  1.71319e+01
1.333201737e+01  8.3039296e+00         -inf  6.89329e+05  8.30393e+00  1.78803e+01
1.338534544e+01  8.8345726e+00         -inf  6.89329e+05  8.83457e+00  1.80644e+01
1.343888682e+01  1.0138706e+01         -inf  6.89329e+05  1.01387e+01  1.89382e+01
1.349264237e+01  1.5075111e+01         -inf  6.89329e+05  1.50751e+01  2.21722e+01
1.354661294e+01  1.2565038e+01         -inf  6.89329e+05  1.25650e+01  2.04381e+01
1.360079939e+01  1.3094346e+01         -inf  6.89329e+05  1.30943e+01  2.09310e+01
1.365520258e+01  1.3184529e+01         -inf  6.89329e+05  1.31845e+01  2.10630e+01
1.370982339e+01  1.2838254e+01         -inf  6.89329e+05  1.28383e+01  2.10157e+01
1.376466269e+01  1.1579761e+01         -inf  6.89329e+05  1.15798e+01  2.02055e+01
1.381972134e+01  1.2699353e+01         -inf  6.89329e+05  1.26994e+01  2.11004e+01
1.387500022e+01  2.6023142e+01         -inf  6.89329e+05  2.60231e+01  3.08553e+01
1.393050023e+01  1.6061003e+01         -inf  6.89329e+05  1.60610e+01  2.32420e+01
1.398622223e+01  1.4936086e+01         -inf  6.89329e+05  1.49361e+01  2.25232e+01
1.404216712e+01  1.6749551e+01         -inf  6.89329e+05  1.67496e+01  2.37546e+01
1.409833578e+01  1.7436523e+01         -inf  6.89329e+05  1.74365e+01  2.42315e+01
1.415472913e+01  1.9447722e+01         -inf  6.89329e+05  1.94477e+01  2.56180e+01
1.421134804e+01  2.1941100e+01         -inf  6.89329e+05  2.19411e+01  2.75762e+01
1.426819344e+01  2.3452770e+01         -inf  6.89329e+05  2.34528e+01  2.86489e+01
1.432526621e+01  2.4771545e+01         -inf  6.89329e+05  2.47715e+01  2.97044e+01
1.438256727e+01  2.7670671e+01         -inf  6.89329e+05  2.76707e+01  3.20737e+01
1.444009754e+01  2.9251644e+01         -inf  6.89329e+05  2.92516e+01  3.34983e+01
1.449785793e+01  2.9300940e+01         -inf  6.89329e+05  2.93009e+01  3.34964e+01
1.455584937e+01  3.1489832e+01         -inf  6.89329e+05  3.14898e+01  3.55146e+01
1.461407276e+01  3.3053542e+01         -inf  6.89329e+05  3.30535e+01  3.69985e+01
1.467252905e+01  3.3089088e+01         -inf  6.89329e+05  3.30891e+01  3.70782e+01
1.473121917e+01  3.3335617e+01         -inf  6.89329e+05  3.33356e+01  3.73623e+01
1.479014405e+01  3.4597319e+01         -inf  6.89329e+05  3.45973e+01  3.86022e+01
1.484930462e+01  3.4175772e+01         -inf  6.89329e+05  3.41758e+01  3.82612e+01
1.490870184e+01  3.4213113e+01         -inf  6.89329e+05  3.42131e+01  3.83987e+01
1.496833665e+01  4.7304182e+01         -inf  6.89329e+05  4.73042e+01  5.10080e+01
1.502821000e+01  3.5028166e+01         -inf  6.89329e+05  3.50282e+01  3.92625e+01
1.508832284e+01  3.5903775e+01         -inf  6.89329e+05  3.59038e+01  4.01402e+01
1.514867613e+01  3.3617152e+01         -inf  6.89329e+05  3.36172e+01  3.80502e+01
1.520927083e+01  3.2113814e+01         -inf  6.89329e+05  3.21138e+01  3.67087e+01
1.527010791e+01  3.2747769e+01         -inf  6.89329e+05  3.27478e+01  3.73770e+01
1.533118835e+01  3.2836939e+01         -inf  6.89329e+05  3.28369e+01  3.75386e+01
1.539251310e+01  3.4047365e+01         -inf  6.89329e+05  3.40474e+01  3.87551e+01
1.545408315e+01  3.0404777e+01         -inf  6.89329e+05  3.04048e+01  3.55752e+01
1.551589948e+01  2.9670511e+01         -inf  6.89329e+05  2.96705e+01  3.49830e+01
1.557796308e+01  2.7513692e+01         -inf  6.89329e+05  2.75137e+01  3.32292e+01
1.564027493e+01  2.5003967e+01         -inf  6.89329e+05  2.50040e+01  3.12719e+01
1.570283603e+01  2.4789972e+01         -inf  6.89329e+05  2.47900e+01  3.12495e+01
1.576564738e+01  2.2815698e+01         -inf  6.89329e+05  2.28157e+01  2.98330e+01
1.582870997e+01  2.0440812e+01         -inf  6.89329e+05  2.04408e+01  2.82931e+01
1.589202481e+01  1.8847147e+01         -inf  6.89329e+05  1.88471e+01  2.72587e+01
1.595559291e+01  1.5321649e+01         -inf  6.89329e+05  1.53216e+01  2.50441e+01
1.601941528e+01  1.4888990e+01         -inf  6.89329e+05  1.48890e+01  2.49727e+01
1.608349294e+01  9.9725881e+00         -inf  6.89329e+05  9.97259e+00  2.21218e+01
1.614782691e+01  1.2551867e+01         -inf  6.89329e+05  1.25519e+01  2.37566e+01
1.621241822e+01  2.0474102e+01         -inf  6.89329e+05  2.04741e+01  2.90757e+01
1.627726789e+01  9.3685472e+00         -inf  6.89329e+05  9.36855e+00  2.19423e+01
1.634237696e+01  7.1079594e+00         -inf  6.89329e+05  7.10796e+00  2.07214e+01
1.640774647e+01  9.0844601e+00         -inf  6.89329e+05  9.08446e+00  2.19983e+01
1.647337746e+01  8.2582845e+00         -inf  6.89329e+05  8.25828e+00  2.17628e+01
1.653927097e+01  6.8640888e+00         -inf  6.89329e+05  6.86409e+00  2.08588e+01
1.660542805e+01  5.8335764e+00         -inf  6.89329e+05  5.83358e+00  2.03597e+01
1.667184976e+01  4.4033217e+00         -inf  6.89329e+05  4.40332e+00  1.97197e+01
1.673853716e+01  9.0422109e+00         -inf  6.89329e+05  9.04221e+00  2.25784e+01
1.680549131e+01  3.0516843e+00         -inf  6.89329e+05  3.05168e+00  1.93320e+01
1.687271328e+01  1.7019127e+00         -inf  6.89329e+05  1.70191e+00  1.86405e+01
1.694020413e+01  4.8732178e-01         -inf  6.89329e+05  4.87322e-01  1.82667e+01
1.700796495e+01 -2.2884666e-01         -inf  6.89329e+05 -2.28847e-01  1.79028e+01
1.707599681e+01 -2.8831338e+00         -inf  6.89329e+05 -2.88313e+00  1.70463e+01
1.714430079e+01 -3.2815505e+00         -inf  6.89329e+05 -3.28155e+00  1.69833e+01
1.721287800e+01 -4.6208957e+00         -inf  6.89329e+05 -4.62090e+00  1.64947e+01
1.728172951e+01 -5.7959514e+00         -inf  6.89329e+05 -5.79595e+00  1.62819e+01
1.735085643e+01 -6.0467559e+00         -inf  6.89329e+05 -6.04676e+00  1.62891e+01
1.742025985e+01 -7.8545464e+00         -inf  6.89329e+05 -7.85455e+00  1.58671e+01
1.748994089e+01 -7.7564442e+00         -inf  6.89329e+05 -7.75644e+00  1.58991e+01
1.755990065e+01 -8.6423575e+00         -inf  6.89329e+05 -8.64236e+00  1.57567e+01
1.763014026e+01 -9.2603452e+00         -inf  6.89329e+05 -9.26035e+00  1.56037e+01
1.770066082e+01 -9.6107618e+00         -inf  6.89329e+05 -9.61076e+00  1.55710e+01
1.777146346e+01 -9.9975033e+00         -inf  6.89329e+05 -9.99750e+00  1.55361e+01
1.784254932e+01 -1.0591287e+01         -inf  6.89329e+05 -1.05913e+01  1.54536e+01
1.791391951e+01 -1.0715119e+01         -inf  6.89329e+05 -1.07151e+01  1.54420e+01
1.798557519e+01 -1.1038358e+01         -inf  6.89329e+05 -1.10384e+01  1.54160e+01
1.805751749e+01 -1.1349204e+01         -inf  6.89329e+05 -1.13492e+01  1.53827e+01
1.812974756e+01 -1.1474057e+01         -inf  6.89329e+05 -1.14741e+01  1.54054e+01
1.820226655e+01 -1.1811960e+01         -inf  6.89329e+05 -1.18120e+01  1.53570e+01
1.827507562e+01 -1.1600459e+01         -inf  6.89329e+05 -1.16005e+01  1.54061e+01
1.834817592e+01 -9.1145534e+00         -inf  6.89329e+05 -9.11455e+00  1.61324e+01
1.842156862e+01 -1.2361324e+01         -inf  6.89329e+05 -1.23613e+01  1.53403e+01
1.849525490e+01 -1.2595216e+01         -inf  6.89329e+05 -1.25952e+01  1.53406e+01
1.856923592e+01 -1.2635575e+01         -inf  6.89329e+05 -1.26356e+01  1.53721e+01
1.864351286e+01 -1.2787886e+01         -inf  6.89329e+05 -1.27879e+01  1.53761e+01
1.871808691e+01 -1.2946985e+01         -inf  6.89329e+05 -1.29470e+01  1.53827e+01
1.879295926e+01 -1.3129880e+01         -inf  6.89329e+05 -1.31299e+01  1.53709e+01
1.886813110e+01 -1.3409885e+01         -inf  6.89329e+05 -1.34099e+01  1.53482e+01
1.894360362e+01 -1.3466675e+01         -inf  6.89329e+05 -1.34667e+01  1.53729e+01
1.901937804e+01 -1.3726030e+01         -inf  6.89329e+05 -1.37260e+01  1.53554e+01
1.909545555e+01 -1.3958441e+01         -inf  6.89329e+05 -1.39584e+01  1.53405e+01
1.917183737e+01 -1.4107780e+01         -inf  6.89329e+05 -1.41078e+01  1.53484e+01
1.924852472e+01 -1.4358258e+01         -inf  6.89329e+05 -1.43583e+01  1.53347e+01
1.932551882e+01 -1.4514979e+01         -inf  6.89329e+05 -1.45150e+01  1.53375e+01
1.940282089e+01 -1.4719197e+01         -inf  6.89329e+05 -1.47192e+01  1.53334e+01
1.948043218e+01 -1.4913063e+01         -inf  6.89329e+05 -1.49131e+01  1.53315e+01
1.955835391e+01 -1.5085480e+01         -inf  6.89329e+05 -1.50855e+01  1.53321e+01
1.963658732e+01 -1.5249470e+01         -inf  6.89329e+05 -1.52495e+01  1.53329e+01
1.971513367e+01 -1.5443839e+01         -inf  6.89329e+05 -1.54438e+01  1.53318e+01
1.979399421e+01 -1.5633533e+01         -inf  6.89329e+05 -1.56335e+01  1.53307e+01
1.987317018e+01 -1.5811750e+01         -inf  6.89329e+05 -1.58118e+01  1.53308e+01
1.995266286e+01 -1.5989397e+01         -inf  6.89329e+05 -1.59894e+01  1.53310e+01
