# WARNING | GENERATOR | Too many electrons per pixel (up to 9.04e+13) detected in the 1.54-19.95 um spectral range. Reduce exposure time per frame to less than 0.000 seconds.
# ------------------------------------------------------------------------
# Radiance spectrum
# NASA-GSFC Planetary Spectrum Generator (PSG) (Villanueva et al. 2018, 2022)
# Synthesized on Tue May 12 15:39:38 2026
# Doppler velocities [km/s] (vobs,vrot+vorb,vwidth,vrfl,vstr): 29.00000,-0.00000,0.00000,0.00000,-0.00000
# ------------------------------------------------------------------------
# Spectra synthesized with the Planetary and Universal Model of Atmospheric Scattering (PUMAS, Villanueva et al. 2018, 2022)
# Single scattering radiative transfer method
# Radiative transfer took 7.703 seconds
# ------------------------------------------------------------------------
# Spectral unit: Wavelength [um]
# Radiance unit: Contrast [transit atmospheric thickness, km]
# Wave/freq Total Noise Stellar Earth Transit
2.000000000e-01  4.7427541e+01         -inf  6.89329e+05  4.74275e+01  4.74275e+01
2.008000000e-01  4.7357411e+01         -inf  6.89329e+05  4.73574e+01  4.73574e+01
2.016032000e-01  4.7292937e+01         -inf  6.89329e+05  4.72929e+01  4.72929e+01
2.024096128e-01  4.7231101e+01         -inf  6.89329e+05  4.72311e+01  4.72311e+01
2.032192513e-01  4.7178691e+01         -inf  6.89329e+05  4.71787e+01  4.71787e+01
2.040321283e-01  4.7164740e+01         -inf  6.89329e+05  4.71647e+01  4.71647e+01
2.048482568e-01  4.7151543e+01         -inf  6.89329e+05  4.71515e+01  4.71515e+01
2.056676498e-01  4.7178691e+01         -inf  6.89329e+05  4.71787e+01  4.71787e+01
2.064903204e-01  4.7230724e+01         -inf  6.89329e+05  4.72307e+01  4.72307e+01
2.073162817e-01  4.7282756e+01         -inf  6.89329e+05  4.72828e+01  4.72828e+01
2.081455468e-01  4.7349870e+01         -inf  6.89329e+05  4.73499e+01  4.73499e+01
2.089781290e-01  4.7415098e+01         -inf  6.89329e+05  4.74151e+01  4.74151e+01
2.098140415e-01  4.7522931e+01         -inf  6.89329e+05  4.75229e+01  4.75229e+01
2.106532977e-01  4.7682413e+01         -inf  6.89329e+05  4.76824e+01  4.76824e+01
2.114959109e-01  4.7832467e+01         -inf  6.89329e+05  4.78325e+01  4.78325e+01
2.123418945e-01  4.8109943e+01         -inf  6.89329e+05  4.81099e+01  4.81099e+01
2.131912621e-01  4.8431138e+01         -inf  6.89329e+05  4.84311e+01  4.84311e+01
2.140440271e-01  4.8531037e+01         -inf  6.89329e+05  4.85310e+01  4.85310e+01
2.149002032e-01  4.8739876e+01         -inf  6.89329e+05  4.87399e+01  4.87399e+01
2.157598041e-01  4.8972457e+01         -inf  6.89329e+05  4.89725e+01  4.89725e+01
2.166228433e-01  4.9202768e+01         -inf  6.89329e+05  4.92028e+01  4.92028e+01
2.174893346e-01  4.9440986e+01         -inf  6.89329e+05  4.94410e+01  4.94410e+01
2.183592920e-01  4.9680702e+01         -inf  6.89329e+05  4.96807e+01  4.96807e+01
2.192327292e-01  4.9914380e+01         -inf  6.89329e+05  4.99144e+01  4.99144e+01
2.201096601e-01  5.0155209e+01         -inf  6.89329e+05  5.01552e+01  5.01552e+01
2.209900987e-01  5.0385478e+01         -inf  6.89329e+05  5.03855e+01  5.03855e+01
2.218740591e-01  5.0620637e+01         -inf  6.89329e+05  5.06206e+01  5.06206e+01
2.227615553e-01  5.0849381e+01         -inf  6.89329e+05  5.08494e+01  5.08494e+01
2.236526016e-01  5.1075103e+01         -inf  6.89329e+05  5.10751e+01  5.10751e+01
2.245472120e-01  5.1309483e+01         -inf  6.89329e+05  5.13095e+01  5.13095e+01
2.254454008e-01  5.1511827e+01         -inf  6.89329e+05  5.15118e+01  5.15118e+01
2.263471824e-01  5.1741293e+01         -inf  6.89329e+05  5.17413e+01  5.17413e+01
2.272525711e-01  5.1944377e+01         -inf  6.89329e+05  5.19444e+01  5.19444e+01
2.281615814e-01  5.2153860e+01         -inf  6.89329e+05  5.21539e+01  5.21539e+01
2.290742278e-01  5.2360698e+01         -inf  6.89329e+05  5.23607e+01  5.23607e+01
2.299905247e-01  5.2540404e+01         -inf  6.89329e+05  5.25404e+01  5.25404e+01
2.309104868e-01  5.2743840e+01         -inf  6.89329e+05  5.27438e+01  5.27438e+01
2.318341287e-01  5.2912988e+01         -inf  6.89329e+05  5.29130e+01  5.29130e+01
2.327614652e-01  5.3102850e+01         -inf  6.89329e+05  5.31028e+01  5.31028e+01
2.336925111e-01  5.3256920e+01         -inf  6.89329e+05  5.32569e+01  5.32569e+01
2.346272811e-01  5.3436225e+01         -inf  6.89329e+05  5.34362e+01  5.34362e+01
2.355657903e-01  5.3577104e+01         -inf  6.89329e+05  5.35771e+01  5.35771e+01
2.365080534e-01  5.3727397e+01         -inf  6.89329e+05  5.37274e+01  5.37274e+01
2.374540856e-01  5.3876179e+01         -inf  6.89329e+05  5.38762e+01  5.38762e+01
2.384039020e-01  5.4004619e+01         -inf  6.89329e+05  5.40046e+01  5.40046e+01
2.393575176e-01  5.4129289e+01         -inf  6.89329e+05  5.41293e+01  5.41293e+01
2.403149477e-01  5.4258854e+01         -inf  6.89329e+05  5.42589e+01  5.42589e+01
2.412762074e-01  5.4359415e+01         -inf  6.89329e+05  5.43594e+01  5.43594e+01
2.422413123e-01  5.4462988e+01         -inf  6.89329e+05  5.44630e+01  5.44630e+01
2.432102775e-01  5.4567312e+01         -inf  6.89329e+05  5.45673e+01  5.45673e+01
2.441831186e-01  5.4646402e+01         -inf  6.89329e+05  5.46464e+01  5.46464e+01
2.451598511e-01  5.4733399e+01         -inf  6.89329e+05  5.47334e+01  5.47334e+01
2.461404905e-01  5.4801189e+01         -inf  6.89329e+05  5.48012e+01  5.48012e+01
2.471250525e-01  5.4855796e+01         -inf  6.89329e+05  5.48558e+01  5.48558e+01
2.481135527e-01  5.4909274e+01         -inf  6.89329e+05  5.49093e+01  5.49093e+01
2.491060069e-01  5.4976308e+01         -inf  6.89329e+05  5.49763e+01  5.49763e+01
2.501024309e-01  5.5009825e+01         -inf  6.89329e+05  5.50098e+01  5.50098e+01
2.511028406e-01  5.5004552e+01         -inf  6.89329e+05  5.50046e+01  5.50046e+01
2.521072520e-01  5.5074599e+01         -inf  6.89329e+05  5.50746e+01  5.50746e+01
2.531156810e-01  5.5053133e+01         -inf  6.89329e+05  5.50531e+01  5.50531e+01
2.541281437e-01  5.5061418e+01         -inf  6.89329e+05  5.50614e+01  5.50614e+01
2.551446563e-01  5.5085143e+01         -inf  6.89329e+05  5.50851e+01  5.50851e+01
2.561652349e-01  5.5036939e+01         -inf  6.89329e+05  5.50369e+01  5.50369e+01
2.571898959e-01  5.4992501e+01         -inf  6.89329e+05  5.49925e+01  5.49925e+01
2.582186555e-01  5.5005306e+01         -inf  6.89329e+05  5.50053e+01  5.50053e+01
2.592515301e-01  5.4946933e+01         -inf  6.89329e+05  5.49469e+01  5.49469e+01
2.602885362e-01  5.4884795e+01         -inf  6.89329e+05  5.48848e+01  5.48848e+01
2.613296904e-01  5.4826045e+01         -inf  6.89329e+05  5.48260e+01  5.48260e+01
2.623750091e-01  5.4768801e+01         -inf  6.89329e+05  5.47688e+01  5.47688e+01
2.634245092e-01  5.4622299e+01         -inf  6.89329e+05  5.46223e+01  5.46223e+01
2.644782072e-01  5.4611377e+01         -inf  6.89329e+05  5.46114e+01  5.46114e+01
2.655361200e-01  5.4466754e+01         -inf  6.89329e+05  5.44668e+01  5.44668e+01
2.665982645e-01  5.4338700e+01         -inf  6.89329e+05  5.43387e+01  5.43387e+01
2.676646576e-01  5.4229853e+01         -inf  6.89329e+05  5.42299e+01  5.42299e+01
2.687353162e-01  5.4018555e+01         -inf  6.89329e+05  5.40186e+01  5.40186e+01
2.698102574e-01  5.3955277e+01         -inf  6.89329e+05  5.39553e+01  5.39553e+01
2.708894985e-01  5.3710446e+01         -inf  6.89329e+05  5.37104e+01  5.37104e+01
2.719730565e-01  5.3574467e+01         -inf  6.89329e+05  5.35745e+01  5.35745e+01
2.730609487e-01  5.3377462e+01         -inf  6.89329e+05  5.33775e+01  5.33775e+01
2.741531925e-01  5.3083261e+01         -inf  6.89329e+05  5.30833e+01  5.30833e+01
2.752498053e-01  5.2923536e+01         -inf  6.89329e+05  5.29235e+01  5.29235e+01
2.763508045e-01  5.2662090e+01         -inf  6.89329e+05  5.26621e+01  5.26621e+01
2.774562077e-01  5.2406661e+01         -inf  6.89329e+05  5.24067e+01  5.24067e+01
2.785660325e-01  5.2120328e+01         -inf  6.89329e+05  5.21203e+01  5.21203e+01
2.796802967e-01  5.1847169e+01         -inf  6.89329e+05  5.18472e+01  5.18472e+01
2.807990178e-01  5.1484698e+01         -inf  6.89329e+05  5.14847e+01  5.14847e+01
2.819222139e-01  5.1125220e+01         -inf  6.89329e+05  5.11252e+01  5.11252e+01
2.830499028e-01  5.0852396e+01         -inf  6.89329e+05  5.08524e+01  5.08524e+01
2.841821024e-01  5.0432963e+01         -inf  6.89329e+05  5.04330e+01  5.04330e+01
2.853188308e-01  5.0032723e+01         -inf  6.89329e+05  5.00327e+01  5.00327e+01
2.864601061e-01  4.9668265e+01         -inf  6.89329e+05  4.96683e+01  4.96683e+01
2.876059465e-01  4.9202391e+01         -inf  6.89329e+05  4.92024e+01  4.92024e+01
2.887563703e-01  4.8695395e+01         -inf  6.89329e+05  4.86954e+01  4.86954e+01
2.899113958e-01  4.8241514e+01         -inf  6.89329e+05  4.82415e+01  4.82415e+01
2.910710414e-01  4.7796650e+01         -inf  6.89329e+05  4.77967e+01  4.77967e+01
2.922353256e-01  4.7247691e+01         -inf  6.89329e+05  4.72477e+01  4.72477e+01
2.934042669e-01  4.6749590e+01         -inf  6.89329e+05  4.67496e+01  4.67496e+01
2.945778839e-01  4.6247680e+01         -inf  6.89329e+05  4.62477e+01  4.62477e+01
2.957561955e-01  4.5650314e+01         -inf  6.89329e+05  4.56503e+01  4.56503e+01
2.969392202e-01  4.5123801e+01         -inf  6.89329e+05  4.51238e+01  4.51238e+01
2.981269771e-01  4.4531234e+01         -inf  6.89329e+05  4.45312e+01  4.45312e+01
2.993194850e-01  4.4007647e+01         -inf  6.89329e+05  4.40076e+01  4.40076e+01
3.005167630e-01  4.3457231e+01         -inf  6.89329e+05  4.34572e+01  4.34572e+01
3.017188300e-01  4.2886394e+01         -inf  6.89329e+05  4.28864e+01  4.28864e+01
3.029257054e-01  4.2334373e+01         -inf  6.89329e+05  4.23344e+01  4.23344e+01
3.041374082e-01  4.1869099e+01         -inf  6.89329e+05  4.18691e+01  4.18691e+01
3.053539578e-01  4.1242642e+01         -inf  6.89329e+05  4.12426e+01  4.12426e+01
3.065753736e-01  4.0842584e+01         -inf  6.89329e+05  4.08426e+01  4.08426e+01
3.078016751e-01  4.0214895e+01         -inf  6.89329e+05  4.02149e+01  4.02149e+01
3.090328818e-01  3.9832136e+01         -inf  6.89329e+05  3.98321e+01  3.98321e+01
3.102690134e-01  3.9228887e+01         -inf  6.89329e+05  3.92289e+01  3.92289e+01
3.115100894e-01  3.8876651e+01         -inf  6.89329e+05  3.88767e+01  3.88767e+01
3.127561298e-01  3.8268403e+01         -inf  6.89329e+05  3.82684e+01  3.82684e+01
3.140071543e-01  3.7966334e+01         -inf  6.89329e+05  3.79663e+01  3.79663e+01
3.152631829e-01  3.7442476e+01         -inf  6.89329e+05  3.74425e+01  3.74425e+01
3.165242356e-01  3.6902788e+01         -inf  6.89329e+05  3.69028e+01  3.69028e+01
3.177903326e-01  3.6710973e+01         -inf  6.89329e+05  3.67110e+01  3.67110e+01
3.190614939e-01  3.5931455e+01         -inf  6.89329e+05  3.59315e+01  3.59315e+01
3.203377399e-01  3.5884278e+01         -inf  6.89329e+05  3.58843e+01  3.58843e+01
3.216190908e-01  3.5099711e+01         -inf  6.89329e+05  3.50997e+01  3.50997e+01
3.229055672e-01  3.5173714e+01         -inf  6.89329e+05  3.51737e+01  3.51737e+01
3.241971895e-01  3.4107967e+01         -inf  6.89329e+05  3.41080e+01  3.41080e+01
3.254939782e-01  3.4538783e+01         -inf  6.89329e+05  3.45388e+01  3.45388e+01
3.267959541e-01  3.3422145e+01         -inf  6.89329e+05  3.34221e+01  3.34221e+01
3.281031380e-01  3.3857768e+01         -inf  6.89329e+05  3.38578e+01  3.38578e+01
3.294155505e-01  3.2688898e+01         -inf  6.89329e+05  3.26889e+01  3.26889e+01
3.307332127e-01  3.3153894e+01         -inf  6.89329e+05  3.31539e+01  3.31539e+01
3.320561456e-01  3.2476624e+01         -inf  6.89329e+05  3.24766e+01  3.24766e+01
3.333843702e-01  3.2381766e+01         -inf  6.89329e+05  3.23818e+01  3.23818e+01
3.347179076e-01  3.2064453e+01         -inf  6.89329e+05  3.20645e+01  3.20645e+01
3.360567793e-01  3.1653616e+01         -inf  6.89329e+05  3.16536e+01  3.16536e+01
3.374010064e-01  3.1944644e+01         -inf  6.89329e+05  3.19446e+01  3.19446e+01
3.387506104e-01  3.1338611e+01         -inf  6.89329e+05  3.13386e+01  3.13386e+01
3.401056128e-01  3.1367980e+01         -inf  6.89329e+05  3.13680e+01  3.13680e+01
3.414660353e-01  3.1043964e+01         -inf  6.89329e+05  3.10440e+01  3.10440e+01
3.428318994e-01  3.0883235e+01         -inf  6.89329e+05  3.08832e+01  3.08832e+01
3.442032270e-01  3.0989116e+01         -inf  6.89329e+05  3.09891e+01  3.09891e+01
3.455800399e-01  3.0672112e+01         -inf  6.89329e+05  3.06721e+01  3.06721e+01
3.469623601e-01  3.0553335e+01         -inf  6.89329e+05  3.05533e+01  3.05533e+01
3.483502095e-01  3.0414067e+01         -inf  6.89329e+05  3.04141e+01  3.04141e+01
3.497436104e-01  3.0281146e+01         -inf  6.89329e+05  3.02811e+01  3.02811e+01
3.511425848e-01  3.0229731e+01         -inf  6.89329e+05  3.02297e+01  3.02297e+01
3.525471552e-01  3.0107582e+01         -inf  6.89329e+05  3.01076e+01  3.01076e+01
3.539573438e-01  2.9960629e+01         -inf  6.89329e+05  2.99606e+01  2.99606e+01
3.553731732e-01  2.9860100e+01         -inf  6.89329e+05  2.98601e+01  2.98601e+01
3.567946659e-01  2.9750307e+01         -inf  6.89329e+05  2.97503e+01  2.97503e+01
3.582218445e-01  2.9643536e+01         -inf  6.89329e+05  2.96435e+01  2.96435e+01
3.596547319e-01  2.9554043e+01         -inf  6.89329e+05  2.95540e+01  2.95540e+01
3.610933508e-01  2.9441182e+01         -inf  6.89329e+05  2.94412e+01  2.94412e+01
3.625377242e-01  2.9332440e+01         -inf  6.89329e+05  2.93324e+01  2.93324e+01
3.639878751e-01  2.9230351e+01         -inf  6.89329e+05  2.92304e+01  2.92304e+01
3.654438266e-01  2.9129810e+01         -inf  6.89329e+05  2.91298e+01  2.91298e+01
3.669056019e-01  2.9025752e+01         -inf  6.89329e+05  2.90258e+01  2.90258e+01
3.683732243e-01  2.8925322e+01         -inf  6.89329e+05  2.89253e+01  2.89253e+01
3.698467172e-01  2.8822848e+01         -inf  6.89329e+05  2.88228e+01  2.88228e+01
3.713261041e-01  2.8720260e+01         -inf  6.89329e+05  2.87203e+01  2.87203e+01
3.728114085e-01  2.8618690e+01         -inf  6.89329e+05  2.86187e+01  2.86187e+01
3.743026542e-01  2.8518065e+01         -inf  6.89329e+05  2.85181e+01  2.85181e+01
3.757998648e-01  2.8416644e+01         -inf  6.89329e+05  2.84166e+01  2.84166e+01
3.773030642e-01  2.8315675e+01         -inf  6.89329e+05  2.83157e+01  2.83157e+01
3.788122765e-01  2.8214666e+01         -inf  6.89329e+05  2.82147e+01  2.82147e+01
3.803275256e-01  2.8114072e+01         -inf  6.89329e+05  2.81141e+01  2.81141e+01
3.818488357e-01  2.8013930e+01         -inf  6.89329e+05  2.80139e+01  2.80139e+01
3.833762310e-01  2.7913636e+01         -inf  6.89329e+05  2.79136e+01  2.79136e+01
3.849097360e-01  2.7813188e+01         -inf  6.89329e+05  2.78132e+01  2.78132e+01
3.864493749e-01  2.7713268e+01         -inf  6.89329e+05  2.77133e+01  2.77133e+01
3.879951724e-01  2.7613688e+01         -inf  6.89329e+05  2.76137e+01  2.76137e+01
3.895471531e-01  2.7514143e+01         -inf  6.89329e+05  2.75141e+01  2.75141e+01
3.911053417e-01  2.7414521e+01         -inf  6.89329e+05  2.74145e+01  2.74145e+01
3.926697631e-01  2.7315314e+01         -inf  6.89329e+05  2.73153e+01  2.73153e+01
3.942404421e-01  2.7217354e+01         -inf  6.89329e+05  2.72174e+01  2.72174e+01
3.958174039e-01  2.7119013e+01         -inf  6.89329e+05  2.71190e+01  2.71190e+01
3.974006735e-01  2.7019272e+01         -inf  6.89329e+05  2.70193e+01  2.70193e+01
3.989902762e-01  2.6920172e+01         -inf  6.89329e+05  2.69202e+01  2.69202e+01
4.005862373e-01  2.6822621e+01         -inf  6.89329e+05  2.68226e+01  2.68226e+01
4.021885823e-01  2.6725826e+01         -inf  6.89329e+05  2.67258e+01  2.67258e+01
4.037973366e-01  2.6627402e+01         -inf  6.89329e+05  2.66274e+01  2.66274e+01
4.054125259e-01  2.6528977e+01         -inf  6.89329e+05  2.65290e+01  2.65290e+01
4.070341760e-01  2.6434371e+01         -inf  6.89329e+05  2.64344e+01  2.64344e+01
4.086623127e-01  2.6342298e+01         -inf  6.89329e+05  2.63423e+01  2.63423e+01
4.102969620e-01  2.6246782e+01         -inf  6.89329e+05  2.62468e+01  2.62468e+01
4.119381498e-01  2.6147405e+01         -inf  6.89329e+05  2.61474e+01  2.61474e+01
4.135859024e-01  2.6048367e+01         -inf  6.89329e+05  2.60484e+01  2.60484e+01
4.152402460e-01  2.5955305e+01         -inf  6.89329e+05  2.59553e+01  2.59553e+01
4.169012070e-01  2.5864814e+01         -inf  6.89329e+05  2.58648e+01  2.58648e+01
4.185688119e-01  2.5769404e+01         -inf  6.89329e+05  2.57694e+01  2.57694e+01
4.202430871e-01  2.5672782e+01         -inf  6.89329e+05  2.56728e+01  2.56728e+01
4.219240595e-01  2.5584822e+01         -inf  6.89329e+05  2.55848e+01  2.55848e+01
4.236117557e-01  2.5505335e+01         -inf  6.89329e+05  2.55053e+01  2.55053e+01
4.253062027e-01  2.5422858e+01         -inf  6.89329e+05  2.54229e+01  2.54229e+01
4.270074275e-01  2.5326231e+01         -inf  6.89329e+05  2.53262e+01  2.53262e+01
4.287154572e-01  2.5223019e+01         -inf  6.89329e+05  2.52230e+01  2.52230e+01
4.304303191e-01  2.5130701e+01         -inf  6.89329e+05  2.51307e+01  2.51307e+01
4.321520403e-01  2.5053782e+01         -inf  6.89329e+05  2.50538e+01  2.50538e+01
4.338806485e-01  2.4968878e+01         -inf  6.89329e+05  2.49689e+01  2.49689e+01
4.356161711e-01  2.4871941e+01         -inf  6.89329e+05  2.48719e+01  2.48719e+01
4.373586358e-01  2.4787602e+01         -inf  6.89329e+05  2.47876e+01  2.47876e+01
4.391080703e-01  2.4728689e+01         -inf  6.89329e+05  2.47287e+01  2.47287e+01
4.408645026e-01  2.4676700e+01         -inf  6.89329e+05  2.46767e+01  2.46767e+01
4.426279606e-01  2.4611391e+01         -inf  6.89329e+05  2.46114e+01  2.46114e+01
4.443984725e-01  2.4509908e+01         -inf  6.89329e+05  2.45099e+01  2.45099e+01
4.461760664e-01  2.4395142e+01         -inf  6.89329e+05  2.43951e+01  2.43951e+01
4.479607706e-01  2.4309169e+01         -inf  6.89329e+05  2.43092e+01  2.43092e+01
4.497526137e-01  2.4255209e+01         -inf  6.89329e+05  2.42552e+01  2.42552e+01
4.515516242e-01  2.4183955e+01         -inf  6.89329e+05  2.41840e+01  2.41840e+01
4.533578307e-01  2.4089807e+01         -inf  6.89329e+05  2.40898e+01  2.40898e+01
4.551712620e-01  2.4018778e+01         -inf  6.89329e+05  2.40188e+01  2.40188e+01
4.569919470e-01  2.3995164e+01         -inf  6.89329e+05  2.39952e+01  2.39952e+01
4.588199148e-01  2.3998040e+01         -inf  6.89329e+05  2.39980e+01  2.39980e+01
4.606551945e-01  2.3992440e+01         -inf  6.89329e+05  2.39924e+01  2.39924e+01
4.624978152e-01  2.3921524e+01         -inf  6.89329e+05  2.39215e+01  2.39215e+01
4.643478065e-01  2.3784154e+01         -inf  6.89329e+05  2.37842e+01  2.37842e+01
4.662051977e-01  2.3663887e+01         -inf  6.89329e+05  2.36639e+01  2.36639e+01
4.680700185e-01  2.3620404e+01         -inf  6.89329e+05  2.36204e+01  2.36204e+01
4.699422986e-01  2.3595427e+01         -inf  6.89329e+05  2.35954e+01  2.35954e+01
4.718220678e-01  2.3522047e+01         -inf  6.89329e+05  2.35220e+01  2.35220e+01
4.737093561e-01  2.3449914e+01         -inf  6.89329e+05  2.34499e+01  2.34499e+01
4.756041935e-01  2.3442383e+01         -inf  6.89329e+05  2.34424e+01  2.34424e+01
4.775066103e-01  2.3505281e+01         -inf  6.89329e+05  2.35053e+01  2.35053e+01
4.794166367e-01  2.3602920e+01         -inf  6.89329e+05  2.36029e+01  2.36029e+01
4.813343033e-01  2.3673575e+01         -inf  6.89329e+05  2.36736e+01  2.36736e+01
4.832596405e-01  2.3623091e+01         -inf  6.89329e+05  2.36231e+01  2.36231e+01
4.851926790e-01  2.3473037e+01         -inf  6.89329e+05  2.34730e+01  2.34730e+01
4.871334497e-01  2.3338610e+01         -inf  6.89329e+05  2.33386e+01  2.33386e+01
4.890819835e-01  2.3303111e+01         -inf  6.89329e+05  2.33031e+01  2.33031e+01
4.910383115e-01  2.3313708e+01         -inf  6.89329e+05  2.33137e+01  2.33137e+01
4.930024647e-01  2.3280327e+01         -inf  6.89329e+05  2.32803e+01  2.32803e+01
4.949744746e-01  2.3235063e+01         -inf  6.89329e+05  2.32351e+01  2.32351e+01
4.969543725e-01  2.3263675e+01         -inf  6.89329e+05  2.32637e+01  2.32637e+01
4.989421900e-01  2.3393146e+01         -inf  6.89329e+05  2.33931e+01  2.33931e+01
5.009379587e-01  2.3581576e+01         -inf  6.89329e+05  2.35816e+01  2.35816e+01
5.029417106e-01  2.3772877e+01         -inf  6.89329e+05  2.37729e+01  2.37729e+01
5.049534774e-01  2.3871988e+01         -inf  6.89329e+05  2.38720e+01  2.38720e+01
5.069732913e-01  2.3823776e+01         -inf  6.89329e+05  2.38238e+01  2.38238e+01
5.090011845e-01  2.3685496e+01         -inf  6.89329e+05  2.36855e+01  2.36855e+01
5.110371892e-01  2.3581008e+01         -inf  6.89329e+05  2.35810e+01  2.35810e+01
5.130813380e-01  2.3574575e+01         -inf  6.89329e+05  2.35746e+01  2.35746e+01
5.151336633e-01  2.3619572e+01         -inf  6.89329e+05  2.36196e+01  2.36196e+01
5.171941980e-01  2.3651210e+01         -inf  6.89329e+05  2.36512e+01  2.36512e+01
5.192629748e-01  2.3678722e+01         -inf  6.89329e+05  2.36787e+01  2.36787e+01
5.213400267e-01  2.3746122e+01         -inf  6.89329e+05  2.37461e+01  2.37461e+01
5.234253868e-01  2.3881108e+01         -inf  6.89329e+05  2.38811e+01  2.38811e+01
5.255190883e-01  2.4070432e+01         -inf  6.89329e+05  2.40704e+01  2.40704e+01
5.276211647e-01  2.4277043e+01         -inf  6.89329e+05  2.42770e+01  2.42770e+01
5.297316493e-01  2.4460301e+01         -inf  6.89329e+05  2.44603e+01  2.44603e+01
5.318505759e-01  2.4579342e+01         -inf  6.89329e+05  2.45793e+01  2.45793e+01
5.339779782e-01  2.4605716e+01         -inf  6.89329e+05  2.46057e+01  2.46057e+01
5.361138902e-01  2.4556412e+01         -inf  6.89329e+05  2.45564e+01  2.45564e+01
5.382583457e-01  2.4521752e+01         -inf  6.89329e+05  2.45218e+01  2.45218e+01
5.404113791e-01  2.4570261e+01         -inf  6.89329e+05  2.45703e+01  2.45703e+01
5.425730246e-01  2.4673408e+01         -inf  6.89329e+05  2.46734e+01  2.46734e+01
5.447433167e-01  2.4765959e+01         -inf  6.89329e+05  2.47660e+01  2.47660e+01
5.469222900e-01  2.4820180e+01         -inf  6.89329e+05  2.48202e+01  2.48202e+01
5.491099791e-01  2.4852341e+01         -inf  6.89329e+05  2.48523e+01  2.48523e+01
5.513064191e-01  2.4885221e+01         -inf  6.89329e+05  2.48852e+01  2.48852e+01
5.535116447e-01  2.4934787e+01         -inf  6.89329e+05  2.49348e+01  2.49348e+01
5.557256913e-01  2.5017686e+01         -inf  6.89329e+05  2.50177e+01  2.50177e+01
5.579485941e-01  2.5153781e+01         -inf  6.89329e+05  2.51538e+01  2.51538e+01
5.601803884e-01  2.5334819e+01         -inf  6.89329e+05  2.53348e+01  2.53348e+01
5.624211100e-01  2.5515739e+01         -inf  6.89329e+05  2.55157e+01  2.55157e+01
5.646707944e-01  2.5654358e+01         -inf  6.89329e+05  2.56544e+01  2.56544e+01
5.669294776e-01  2.5755104e+01         -inf  6.89329e+05  2.57551e+01  2.57551e+01
5.691971955e-01  2.5846277e+01         -inf  6.89329e+05  2.58463e+01  2.58463e+01
5.714739843e-01  2.5932834e+01         -inf  6.89329e+05  2.59328e+01  2.59328e+01
5.737598803e-01  2.5972291e+01         -inf  6.89329e+05  2.59723e+01  2.59723e+01
5.760549198e-01  2.5927386e+01         -inf  6.89329e+05  2.59274e+01  2.59274e+01
5.783591395e-01  2.5822065e+01         -inf  6.89329e+05  2.58221e+01  2.58221e+01
5.806725760e-01  2.5694951e+01         -inf  6.89329e+05  2.56950e+01  2.56950e+01
5.829952663e-01  2.5578996e+01         -inf  6.89329e+05  2.55790e+01  2.55790e+01
5.853272474e-01  2.5493607e+01         -inf  6.89329e+05  2.54936e+01  2.54936e+01
5.876685564e-01  2.5448245e+01         -inf  6.89329e+05  2.54482e+01  2.54482e+01
5.900192306e-01  2.5452331e+01         -inf  6.89329e+05  2.54523e+01  2.54523e+01
5.923793075e-01  2.5529435e+01         -inf  6.89329e+05  2.55294e+01  2.55294e+01
5.947488247e-01  2.5683337e+01         -inf  6.89329e+05  2.56833e+01  2.56833e+01
5.971278200e-01  2.5860161e+01         -inf  6.89329e+05  2.58602e+01  2.58602e+01
5.995163313e-01  2.5999415e+01         -inf  6.89329e+05  2.59994e+01  2.59994e+01
6.019143966e-01  2.6050864e+01         -inf  6.89329e+05  2.60509e+01  2.60509e+01
6.043220542e-01  2.5997600e+01         -inf  6.89329e+05  2.59976e+01  2.59976e+01
6.067393425e-01  2.5854751e+01         -inf  6.89329e+05  2.58548e+01  2.58548e+01
6.091662998e-01  2.5649666e+01         -inf  6.89329e+05  2.56497e+01  2.56497e+01
6.116029650e-01  2.5420967e+01         -inf  6.89329e+05  2.54210e+01  2.54210e+01
6.140493769e-01  2.5196837e+01         -inf  6.89329e+05  2.51968e+01  2.51968e+01
6.165055744e-01  2.4990861e+01         -inf  6.89329e+05  2.49909e+01  2.49909e+01
6.189715967e-01  2.4808299e+01         -inf  6.89329e+05  2.48083e+01  2.48083e+01
6.214474831e-01  2.4648284e+01         -inf  6.89329e+05  2.46483e+01  2.46483e+01
6.239332730e-01  2.4496816e+01         -inf  6.89329e+05  2.44968e+01  2.44968e+01
6.264290061e-01  2.4337777e+01         -inf  6.89329e+05  2.43378e+01  2.43378e+01
6.289347221e-01  2.4159888e+01         -inf  6.89329e+05  2.41599e+01  2.41599e+01
6.314504610e-01  2.3974162e+01         -inf  6.89329e+05  2.39742e+01  2.39742e+01
6.339762629e-01  2.3780824e+01         -inf  6.89329e+05  2.37808e+01  2.37808e+01
6.365121679e-01  2.3563146e+01         -inf  6.89329e+05  2.35631e+01  2.35631e+01
6.390582166e-01  2.3332366e+01         -inf  6.89329e+05  2.33324e+01  2.33324e+01
6.416144494e-01  2.3095787e+01         -inf  6.89329e+05  2.30958e+01  2.30958e+01
6.441809072e-01  2.2883649e+01         -inf  6.89329e+05  2.28836e+01  2.28836e+01
6.467576309e-01  2.2683124e+01         -inf  6.89329e+05  2.26831e+01  2.26831e+01
6.493446614e-01  2.2489709e+01         -inf  6.89329e+05  2.24897e+01  2.24897e+01
6.519420400e-01  2.2308250e+01         -inf  6.89329e+05  2.23082e+01  2.23082e+01
6.545498082e-01  2.2115164e+01         -inf  6.89329e+05  2.21152e+01  2.21152e+01
6.571680074e-01  2.1917908e+01         -inf  6.89329e+05  2.19179e+01  2.19179e+01
6.597966795e-01  2.1726476e+01         -inf  6.89329e+05  2.17265e+01  2.17265e+01
6.624358662e-01  2.1540906e+01         -inf  6.89329e+05  2.15409e+01  2.15409e+01
6.650856096e-01  2.1338068e+01         -inf  6.89329e+05  2.13381e+01  2.13381e+01
6.677459521e-01  2.1114628e+01         -inf  6.89329e+05  2.11146e+01  2.11146e+01
6.704169359e-01  2.0891180e+01         -inf  6.89329e+05  2.08912e+01  2.08912e+01
6.730986036e-01  2.0676584e+01         -inf  6.89329e+05  2.06766e+01  2.06766e+01
6.757909981e-01  2.0476293e+01         -inf  6.89329e+05  2.04763e+01  2.04763e+01
6.784941620e-01  2.0284666e+01         -inf  6.89329e+05  2.02847e+01  2.02847e+01
6.812081387e-01  2.0122720e+01         -inf  6.89329e+05  2.01227e+01  2.01227e+01
6.839329712e-01  1.9993183e+01         -inf  6.89329e+05  1.99932e+01  1.99932e+01
6.866687031e-01  1.9841226e+01         -inf  6.89329e+05  1.98412e+01  1.98412e+01
6.894153779e-01  1.9645945e+01         -inf  6.89329e+05  1.96459e+01  1.96459e+01
6.921730395e-01  1.9450394e+01         -inf  6.89329e+05  1.94504e+01  1.94504e+01
6.949417316e-01  1.9262069e+01         -inf  6.89329e+05  1.92621e+01  1.92621e+01
6.977214985e-01  1.9079684e+01         -inf  6.89329e+05  1.90797e+01  1.90797e+01
7.005123845e-01  1.8916837e+01         -inf  6.89329e+05  1.89168e+01  1.89168e+01
7.033144341e-01  1.8785003e+01         -inf  6.89329e+05  1.87850e+01  1.87850e+01
7.061276918e-01  1.8677897e+01         -inf  6.89329e+05  1.86779e+01  1.86779e+01
7.089522026e-01  1.8584046e+01         -inf  6.89329e+05  1.85840e+01  1.85840e+01
7.117880114e-01  1.8505760e+01         -inf  6.89329e+05  1.85058e+01  1.85058e+01
7.146351634e-01  1.8459667e+01         -inf  6.89329e+05  1.84597e+01  1.84597e+01
7.174937041e-01  1.8377251e+01         -inf  6.89329e+05  1.83773e+01  1.83773e+01
7.203636789e-01  1.8210976e+01         -inf  6.89329e+05  1.82110e+01  1.82110e+01
7.232451336e-01  1.8055492e+01         -inf  6.89329e+05  1.80555e+01  1.80555e+01
7.261381142e-01  1.7943299e+01         -inf  6.89329e+05  1.79433e+01  1.79433e+01
7.290426666e-01  1.7820574e+01         -inf  6.89329e+05  1.78206e+01  1.78206e+01
7.319588373e-01  1.7718263e+01         -inf  6.89329e+05  1.77183e+01  1.77183e+01
7.348866726e-01  1.7657543e+01         -inf  6.89329e+05  1.76575e+01  1.76575e+01
7.378262193e-01  1.7616708e+01         -inf  6.89329e+05  1.76167e+01  1.76167e+01
7.407775242e-01  1.7590799e+01         -inf  6.89329e+05  1.75908e+01  1.75908e+01
7.437406343e-01  1.7603185e+01         -inf  6.89329e+05  1.76032e+01  1.76032e+01
7.467155968e-01  1.7625383e+01         -inf  6.89329e+05  1.76254e+01  1.76254e+01
7.497024592e-01  1.7555949e+01         -inf  6.89329e+05  1.75559e+01  1.75559e+01
7.527012690e-01  1.7373554e+01         -inf  6.89329e+05  1.73736e+01  1.73736e+01
7.557120741e-01  1.7206874e+01         -inf  6.89329e+05  1.72069e+01  1.72069e+01
7.587349224e-01  1.7100273e+01         -inf  6.89329e+05  1.71003e+01  1.71003e+01
7.617698621e-01  1.7030454e+01         -inf  6.89329e+05  1.70305e+01  1.70305e+01
7.648169416e-01  1.6976887e+01         -inf  6.89329e+05  1.69769e+01  1.69769e+01
7.678762093e-01  1.6939458e+01         -inf  6.89329e+05  1.69395e+01  1.69395e+01
7.709477142e-01  1.6931162e+01         -inf  6.89329e+05  1.69312e+01  1.69312e+01
7.740315050e-01  1.6975334e+01         -inf  6.89329e+05  1.69753e+01  1.69753e+01
7.771276310e-01  1.7055533e+01         -inf  6.89329e+05  1.70555e+01  1.70555e+01
7.802361416e-01  1.7059852e+01         -inf  6.89329e+05  1.70599e+01  1.70599e+01
7.833570861e-01  1.6935442e+01         -inf  6.89329e+05  1.69354e+01  1.69354e+01
7.864905145e-01  1.6783489e+01         -inf  6.89329e+05  1.67835e+01  1.67835e+01
7.896364765e-01  1.6676426e+01         -inf  6.89329e+05  1.66764e+01  1.66764e+01
7.927950224e-01  1.6588152e+01         -inf  6.89329e+05  1.65882e+01  1.65882e+01
7.959662025e-01  1.6514426e+01         -inf  6.89329e+05  1.65144e+01  1.65144e+01
7.991500673e-01  1.6466083e+01         -inf  6.89329e+05  1.64661e+01  1.64661e+01
8.023466676e-01  1.6431038e+01         -inf  6.89329e+05  1.64310e+01  1.64310e+01
8.055560543e-01  1.6421263e+01         -inf  6.89329e+05  1.64213e+01  1.64213e+01
8.087782785e-01  1.6461764e+01         -inf  6.89329e+05  1.64618e+01  1.64618e+01
8.120133916e-01  1.6527686e+01         -inf  6.89329e+05  1.65277e+01  1.65277e+01
8.152614452e-01  1.6580537e+01         -inf  6.89329e+05  1.65805e+01  1.65805e+01
8.185224910e-01  1.6556821e+01         -inf  6.89329e+05  1.65568e+01  1.65568e+01
8.217965809e-01  1.6434864e+01         -inf  6.89329e+05  1.64349e+01  1.64349e+01
8.250837672e-01  1.6278731e+01         -inf  6.89329e+05  1.62787e+01  1.62787e+01
8.283841023e-01  1.6162491e+01         -inf  6.89329e+05  1.61625e+01  1.61625e+01
8.316976387e-01  1.6088115e+01         -inf  6.89329e+05  1.60881e+01  1.60881e+01
8.350244293e-01  1.6044619e+01         -inf  6.89329e+05  1.60446e+01  1.60446e+01
8.383645270e-01  1.6021658e+01         -inf  6.89329e+05  1.60217e+01  1.60217e+01
8.417179851e-01  1.6012716e+01         -inf  6.89329e+05  1.60127e+01  1.60127e+01
8.450848570e-01  1.6021847e+01         -inf  6.89329e+05  1.60218e+01  1.60218e+01
8.484651965e-01  1.6064397e+01         -inf  6.89329e+05  1.60644e+01  1.60644e+01
8.518590573e-01  1.6155595e+01         -inf  6.89329e+05  1.61556e+01  1.61556e+01
8.552664935e-01  1.6159611e+01         -inf  6.89329e+05  1.61596e+01  1.61596e+01
8.586875595e-01  1.6075839e+01         -inf  6.89329e+05  1.60758e+01  1.60758e+01
8.621223097e-01  1.5969295e+01         -inf  6.89329e+05  1.59693e+01  1.59693e+01
8.655707989e-01  1.5874760e+01         -inf  6.89329e+05  1.58748e+01  1.58748e+01
8.690330821e-01  1.5810043e+01         -inf  6.89329e+05  1.58100e+01  1.58100e+01
8.725092145e-01  1.5763400e+01         -inf  6.89329e+05  1.57634e+01  1.57634e+01
8.759992513e-01  1.5737028e+01         -inf  6.89329e+05  1.57370e+01  1.57370e+01
8.795032483e-01  1.5726570e+01         -inf  6.89329e+05  1.57266e+01  1.57266e+01
8.830212613e-01  1.5730359e+01         -inf  6.89329e+05  1.57304e+01  1.57304e+01
8.865533464e-01  1.5736649e+01         -inf  6.89329e+05  1.57366e+01  1.57366e+01
8.900995597e-01  1.5728351e+01         -inf  6.89329e+05  1.57284e+01  1.57284e+01
8.936599580e-01  1.5711489e+01         -inf  6.89329e+05  1.57115e+01  1.57115e+01
8.972345978e-01  1.5733239e+01         -inf  6.89329e+05  1.57332e+01  1.57332e+01
9.008235362e-01  1.5708496e+01         -inf  6.89329e+05  1.57085e+01  1.57085e+01
9.044268304e-01  1.5648287e+01         -inf  6.89329e+05  1.56483e+01  1.56483e+01
9.080445377e-01  1.5594291e+01         -inf  6.89329e+05  1.55943e+01  1.55943e+01
9.116767158e-01  1.5554353e+01         -inf  6.89329e+05  1.55544e+01  1.55544e+01
9.153234227e-01  1.5525858e+01         -inf  6.89329e+05  1.55259e+01  1.55259e+01
9.189847164e-01  1.5505775e+01         -inf  6.89329e+05  1.55058e+01  1.55058e+01
9.226606552e-01  1.5491755e+01         -inf  6.89329e+05  1.54918e+01  1.54918e+01
9.263512979e-01  1.5480880e+01         -inf  6.89329e+05  1.54809e+01  1.54809e+01
9.300567031e-01  1.5471066e+01         -inf  6.89329e+05  1.54711e+01  1.54711e+01
9.337769299e-01  1.5457538e+01         -inf  6.89329e+05  1.54575e+01  1.54575e+01
9.375120376e-01  1.5462767e+01         -inf  6.89329e+05  1.54628e+01  1.54628e+01
9.412620857e-01  1.5494294e+01         -inf  6.89329e+05  1.54943e+01  1.54943e+01
9.450271341e-01  1.5508238e+01         -inf  6.89329e+05  1.55082e+01  1.55082e+01
9.488072426e-01  1.5452536e+01         -inf  6.89329e+05  1.54525e+01  1.54525e+01
9.526024716e-01  1.5403314e+01         -inf  6.89329e+05  1.54033e+01  1.54033e+01
9.564128815e-01  1.5381753e+01         -inf  6.89329e+05  1.53818e+01  1.53818e+01
9.602385330e-01  1.5359168e+01         -inf  6.89329e+05  1.53592e+01  1.53592e+01
9.640794871e-01  1.5343443e+01         -inf  6.89329e+05  1.53434e+01  1.53434e+01
9.679358051e-01  1.5327262e+01         -inf  6.89329e+05  1.53273e+01  1.53273e+01
9.718075483e-01  1.5310892e+01         -inf  6.89329e+05  1.53109e+01  1.53109e+01
9.756947785e-01  1.5297402e+01         -inf  6.89329e+05  1.52974e+01  1.52974e+01
9.795975576e-01  1.5286337e+01         -inf  6.89329e+05  1.52863e+01  1.52863e+01
9.835159478e-01  1.5278834e+01         -inf  6.89329e+05  1.52788e+01  1.52788e+01
9.874500116e-01  1.5284708e+01         -inf  6.89329e+05  1.52847e+01  1.52847e+01
9.913998117e-01  1.5331961e+01         -inf  6.89329e+05  1.53320e+01  1.53320e+01
9.953654109e-01  1.5300510e+01         -inf  6.89329e+05  1.53005e+01  1.53005e+01
9.993468726e-01  1.5255416e+01         -inf  6.89329e+05  1.52554e+01  1.52554e+01
1.003344260e+00  1.5233741e+01         -inf  6.89329e+05  1.52337e+01  1.52337e+01
1.007357637e+00  1.5219682e+01         -inf  6.89329e+05  1.52197e+01  1.52197e+01
1.011387068e+00  1.5208276e+01         -inf  6.89329e+05  1.52083e+01  1.52083e+01
1.015432616e+00  1.5198045e+01         -inf  6.89329e+05  1.51980e+01  1.51980e+01
1.019494346e+00  1.5187889e+01         -inf  6.89329e+05  1.51879e+01  1.51879e+01
1.023572324e+00  1.5178264e+01         -inf  6.89329e+05  1.51783e+01  1.51783e+01
1.027666613e+00  1.5169018e+01         -inf  6.89329e+05  1.51690e+01  1.51690e+01
1.031777280e+00  1.5160226e+01         -inf  6.89329e+05  1.51602e+01  1.51602e+01
1.035904389e+00  1.5155831e+01         -inf  6.89329e+05  1.51558e+01  1.51558e+01
1.040048006e+00  1.5152458e+01         -inf  6.89329e+05  1.51525e+01  1.51525e+01
1.044208198e+00  1.5144273e+01         -inf  6.89329e+05  1.51443e+01  1.51443e+01
1.048385031e+00  1.5153254e+01         -inf  6.89329e+05  1.51533e+01  1.51533e+01
1.052578571e+00  1.5145448e+01         -inf  6.89329e+05  1.51454e+01  1.51454e+01
1.056788885e+00  1.5115056e+01         -inf  6.89329e+05  1.51151e+01  1.51151e+01
1.061016041e+00  1.5105166e+01         -inf  6.89329e+05  1.51052e+01  1.51052e+01
1.065260105e+00  1.5101035e+01         -inf  6.89329e+05  1.51010e+01  1.51010e+01
1.069521146e+00  1.5089553e+01         -inf  6.89329e+05  1.50896e+01  1.50896e+01
1.073799230e+00  1.5080761e+01         -inf  6.89329e+05  1.50808e+01  1.50808e+01
1.078094427e+00  1.5073145e+01         -inf  6.89329e+05  1.50731e+01  1.50731e+01
1.082406805e+00  1.5065793e+01         -inf  6.89329e+05  1.50658e+01  1.50658e+01
1.086736432e+00  1.5058669e+01         -inf  6.89329e+05  1.50587e+01  1.50587e+01
1.091083378e+00  1.5052227e+01         -inf  6.89329e+05  1.50522e+01  1.50522e+01
1.095447711e+00  1.5045822e+01         -inf  6.89329e+05  1.50458e+01  1.50458e+01
1.099829502e+00  1.5038243e+01         -inf  6.89329e+05  1.50382e+01  1.50382e+01
1.104228820e+00  1.5031460e+01         -inf  6.89329e+05  1.50315e+01  1.50315e+01
1.108645735e+00  1.5025852e+01         -inf  6.89329e+05  1.50259e+01  1.50259e+01
1.113080318e+00  1.5023730e+01         -inf  6.89329e+05  1.50237e+01  1.50237e+01
1.117532640e+00  1.5021532e+01         -inf  6.89329e+05  1.50215e+01  1.50215e+01
1.122002770e+00  1.5024450e+01         -inf  6.89329e+05  1.50244e+01  1.50244e+01
1.126490781e+00  1.5031422e+01         -inf  6.89329e+05  1.50314e+01  1.50314e+01
1.130996744e+00  1.5025586e+01         -inf  6.89329e+05  1.50256e+01  1.50256e+01
1.135520731e+00  1.5025852e+01         -inf  6.89329e+05  1.50259e+01  1.50259e+01
1.140062814e+00  1.5000613e+01         -inf  6.89329e+05  1.50006e+01  1.50006e+01
1.144623065e+00  1.4994512e+01         -inf  6.89329e+05  1.49945e+01  1.49945e+01
1.149201558e+00  1.5000424e+01         -inf  6.89329e+05  1.50004e+01  1.50004e+01
1.153798364e+00  1.5021683e+01         -inf  6.89329e+05  1.50217e+01  1.50217e+01
1.158413557e+00  1.5004971e+01         -inf  6.89329e+05  1.50050e+01  1.50050e+01
1.163047212e+00  1.5021569e+01         -inf  6.89329e+05  1.50216e+01  1.50216e+01
1.167699401e+00  1.4994550e+01         -inf  6.89329e+05  1.49946e+01  1.49946e+01
1.172370198e+00  1.4975261e+01         -inf  6.89329e+05  1.49753e+01  1.49753e+01
1.177059679e+00  1.4958777e+01         -inf  6.89329e+05  1.49588e+01  1.49588e+01
1.181767918e+00  1.4948469e+01         -inf  6.89329e+05  1.49485e+01  1.49485e+01
1.186494989e+00  1.4941004e+01         -inf  6.89329e+05  1.49410e+01  1.49410e+01
1.191240969e+00  1.4933501e+01         -inf  6.89329e+05  1.49335e+01  1.49335e+01
1.196005933e+00  1.4923572e+01         -inf  6.89329e+05  1.49236e+01  1.49236e+01
1.200789957e+00  1.4976209e+01         -inf  6.89329e+05  1.49762e+01  1.49762e+01
1.205593117e+00  1.5253332e+01         -inf  6.89329e+05  1.52533e+01  1.52533e+01
1.210415489e+00  1.5046201e+01         -inf  6.89329e+05  1.50462e+01  1.50462e+01
1.215257151e+00  1.4939526e+01         -inf  6.89329e+05  1.49395e+01  1.49395e+01
1.220118180e+00  1.5170306e+01         -inf  6.89329e+05  1.51703e+01  1.51703e+01
1.224998652e+00  1.5006032e+01         -inf  6.89329e+05  1.50060e+01  1.50060e+01
1.229898647e+00  1.4902426e+01         -inf  6.89329e+05  1.49024e+01  1.49024e+01
1.234818242e+00  1.4894051e+01         -inf  6.89329e+05  1.48941e+01  1.48941e+01
1.239757515e+00  1.4882720e+01         -inf  6.89329e+05  1.48827e+01  1.48827e+01
1.244716545e+00  1.4873701e+01         -inf  6.89329e+05  1.48737e+01  1.48737e+01
1.249695411e+00  1.4870252e+01         -inf  6.89329e+05  1.48703e+01  1.48703e+01
1.254694192e+00  1.4867069e+01         -inf  6.89329e+05  1.48671e+01  1.48671e+01
1.259712969e+00  1.4862825e+01         -inf  6.89329e+05  1.48628e+01  1.48628e+01
1.264751821e+00  1.4859945e+01         -inf  6.89329e+05  1.48599e+01  1.48599e+01
1.269810828e+00  1.4853464e+01         -inf  6.89329e+05  1.48535e+01  1.48535e+01
1.274890072e+00  1.4849296e+01         -inf  6.89329e+05  1.48493e+01  1.48493e+01
1.279989632e+00  1.4845696e+01         -inf  6.89329e+05  1.48457e+01  1.48457e+01
1.285109591e+00  1.4843119e+01         -inf  6.89329e+05  1.48431e+01  1.48431e+01
1.290250029e+00  1.4864454e+01         -inf  6.89329e+05  1.48645e+01  1.48645e+01
1.295411029e+00  1.4859262e+01         -inf  6.89329e+05  1.48593e+01  1.48593e+01
1.300592673e+00  1.4833342e+01         -inf  6.89329e+05  1.48333e+01  1.48333e+01
1.305795044e+00  1.4829362e+01         -inf  6.89329e+05  1.48294e+01  1.48294e+01
1.311018224e+00  1.4845696e+01         -inf  6.89329e+05  1.48457e+01  1.48457e+01
1.316262297e+00  1.4928195e+01         -inf  6.89329e+05  1.49282e+01  1.49282e+01
1.321527346e+00  1.4893558e+01         -inf  6.89329e+05  1.48936e+01  1.48936e+01
1.326813455e+00  1.4837662e+01         -inf  6.89329e+05  1.48377e+01  1.48377e+01
1.332120709e+00  1.4907997e+01         -inf  6.89329e+05  1.49080e+01  1.49080e+01
1.337449192e+00  1.4877794e+01         -inf  6.89329e+05  1.48778e+01  1.48778e+01
1.342798989e+00  1.4895074e+01         -inf  6.89329e+05  1.48951e+01  1.48951e+01
1.348170185e+00  1.4857822e+01         -inf  6.89329e+05  1.48578e+01  1.48578e+01
1.353562866e+00  1.4869684e+01         -inf  6.89329e+05  1.48697e+01  1.48697e+01
1.358977117e+00  1.4902578e+01         -inf  6.89329e+05  1.49026e+01  1.49026e+01
1.364413026e+00  1.4914628e+01         -inf  6.89329e+05  1.49146e+01  1.49146e+01
1.369870678e+00  1.4907277e+01         -inf  6.89329e+05  1.49073e+01  1.49073e+01
1.375350160e+00  1.4905344e+01         -inf  6.89329e+05  1.49053e+01  1.49053e+01
1.380851561e+00  1.4905912e+01         -inf  6.89329e+05  1.49059e+01  1.49059e+01
1.386374967e+00  1.4903601e+01         -inf  6.89329e+05  1.49036e+01  1.49036e+01
1.391920467e+00  1.4893028e+01         -inf  6.89329e+05  1.48930e+01  1.48930e+01
1.397488149e+00  1.4885676e+01         -inf  6.89329e+05  1.48857e+01  1.48857e+01
1.403078102e+00  1.4877528e+01         -inf  6.89329e+05  1.48775e+01  1.48775e+01
1.408690414e+00  1.4861082e+01         -inf  6.89329e+05  1.48611e+01  1.48611e+01
1.414325176e+00  1.4820154e+01         -inf  6.89329e+05  1.48202e+01  1.48202e+01
1.419982476e+00  1.4801471e+01         -inf  6.89329e+05  1.48015e+01  1.48015e+01
1.425662406e+00  1.4792224e+01         -inf  6.89329e+05  1.47922e+01  1.47922e+01
1.431365056e+00  1.6672372e+01         -inf  6.89329e+05  1.66724e+01  1.66724e+01
1.437090516e+00  1.6183064e+01         -inf  6.89329e+05  1.61831e+01  1.61831e+01
1.442838878e+00  1.5501531e+01         -inf  6.89329e+05  1.55015e+01  1.55015e+01
1.448610234e+00  1.4944301e+01         -inf  6.89329e+05  1.49443e+01  1.49443e+01
1.454404675e+00  1.4774754e+01         -inf  6.89329e+05  1.47748e+01  1.47748e+01
1.460222293e+00  1.4757586e+01         -inf  6.89329e+05  1.47576e+01  1.47576e+01
1.466063182e+00  1.4753721e+01         -inf  6.89329e+05  1.47537e+01  1.47537e+01
1.471927435e+00  1.4888783e+01         -inf  6.89329e+05  1.48888e+01  1.48888e+01
1.477815145e+00  1.4858580e+01         -inf  6.89329e+05  1.48586e+01  1.48586e+01
1.483726405e+00  1.4772556e+01         -inf  6.89329e+05  1.47726e+01  1.47726e+01
1.489661311e+00  1.4747961e+01         -inf  6.89329e+05  1.47480e+01  1.47480e+01
1.495619956e+00  1.4774109e+01         -inf  6.89329e+05  1.47741e+01  1.47741e+01
1.501602436e+00  1.4752470e+01         -inf  6.89329e+05  1.47525e+01  1.47525e+01
1.507608846e+00  1.4734659e+01         -inf  6.89329e+05  1.47347e+01  1.47347e+01
1.513639281e+00  1.4733674e+01         -inf  6.89329e+05  1.47337e+01  1.47337e+01
1.519693838e+00  1.4734848e+01         -inf  6.89329e+05  1.47348e+01  1.47348e+01
1.525772614e+00  1.4762513e+01         -inf  6.89329e+05  1.47625e+01  1.47625e+01
1.531875704e+00  1.4905382e+01         -inf  6.89329e+05  1.49054e+01  1.49054e+01
1.538003207e+00  1.4985986e+01         -inf  6.89329e+05  1.49860e+01  1.49860e+01
1.544155220e+00  1.4861347e+01         -inf  6.89329e+05  1.48613e+01  1.48613e+01
1.550331841e+00  1.4724995e+01         -inf  6.89329e+05  1.47250e+01  1.47250e+01
1.556533168e+00  1.4721130e+01         -inf  6.89329e+05  1.47211e+01  1.47211e+01
1.562759301e+00  1.4723441e+01         -inf  6.89329e+05  1.47234e+01  1.47234e+01
1.569010338e+00  1.5310854e+01         -inf  6.89329e+05  1.53109e+01  1.53109e+01
1.575286379e+00  1.5740438e+01         -inf  6.89329e+05  1.57404e+01  1.57404e+01
1.581587525e+00  1.5273378e+01         -inf  6.89329e+05  1.52734e+01  1.52734e+01
1.587913875e+00  1.4763877e+01         -inf  6.89329e+05  1.47639e+01  1.47639e+01
1.594265530e+00  1.4750310e+01         -inf  6.89329e+05  1.47503e+01  1.47503e+01
1.600642593e+00  1.5661397e+01         -inf  6.89329e+05  1.56614e+01  1.56614e+01
1.607045163e+00  1.5670529e+01         -inf  6.89329e+05  1.56705e+01  1.56705e+01
1.613473344e+00  1.5215817e+01         -inf  6.89329e+05  1.52158e+01  1.52158e+01
1.619927237e+00  1.4787714e+01         -inf  6.89329e+05  1.47877e+01  1.47877e+01
1.626406946e+00  1.4767212e+01         -inf  6.89329e+05  1.47672e+01  1.47672e+01
1.632912574e+00  1.4837093e+01         -inf  6.89329e+05  1.48371e+01  1.48371e+01
1.639444224e+00  1.4991784e+01         -inf  6.89329e+05  1.49918e+01  1.49918e+01
1.646002001e+00  1.5033772e+01         -inf  6.89329e+05  1.50338e+01  1.50338e+01
1.652586009e+00  1.4962870e+01         -inf  6.89329e+05  1.49629e+01  1.49629e+01
1.659196353e+00  1.4789685e+01         -inf  6.89329e+05  1.47897e+01  1.47897e+01
1.665833138e+00  1.5187624e+01         -inf  6.89329e+05  1.51876e+01  1.51876e+01
1.672496471e+00  1.4781499e+01         -inf  6.89329e+05  1.47815e+01  1.47815e+01
1.679186457e+00  1.4814621e+01         -inf  6.89329e+05  1.48146e+01  1.48146e+01
1.685903203e+00  1.4815151e+01         -inf  6.89329e+05  1.48152e+01  1.48152e+01
1.692646815e+00  1.4812612e+01         -inf  6.89329e+05  1.48126e+01  1.48126e+01
1.699417403e+00  1.4821973e+01         -inf  6.89329e+05  1.48220e+01  1.48220e+01
1.706215072e+00  1.4957261e+01         -inf  6.89329e+05  1.49573e+01  1.49573e+01
1.713039933e+00  1.4825194e+01         -inf  6.89329e+05  1.48252e+01  1.48252e+01
1.719892092e+00  1.4807913e+01         -inf  6.89329e+05  1.48079e+01  1.48079e+01
1.726771661e+00  1.4908755e+01         -inf  6.89329e+05  1.49088e+01  1.49088e+01
1.733678747e+00  1.4799614e+01         -inf  6.89329e+05  1.47996e+01  1.47996e+01
1.740613462e+00  1.4757700e+01         -inf  6.89329e+05  1.47577e+01  1.47577e+01
1.747575916e+00  1.4730680e+01         -inf  6.89329e+05  1.47307e+01  1.47307e+01
1.754566220e+00  1.4724199e+01         -inf  6.89329e+05  1.47242e+01  1.47242e+01
1.761584485e+00  1.4724540e+01         -inf  6.89329e+05  1.47245e+01  1.47245e+01
1.768630823e+00  1.4770661e+01         -inf  6.89329e+05  1.47707e+01  1.47707e+01
1.775705346e+00  1.4809618e+01         -inf  6.89329e+05  1.48096e+01  1.48096e+01
1.782808167e+00  1.4755767e+01         -inf  6.89329e+05  1.47558e+01  1.47558e+01
1.789939400e+00  1.4860551e+01         -inf  6.89329e+05  1.48606e+01  1.48606e+01
1.797099158e+00  1.4739472e+01         -inf  6.89329e+05  1.47395e+01  1.47395e+01
1.804287554e+00  1.4742200e+01         -inf  6.89329e+05  1.47422e+01  1.47422e+01
1.811504704e+00  1.4746900e+01         -inf  6.89329e+05  1.47469e+01  1.47469e+01
1.818750723e+00  1.4733560e+01         -inf  6.89329e+05  1.47336e+01  1.47336e+01
1.826025726e+00  1.4722835e+01         -inf  6.89329e+05  1.47228e+01  1.47228e+01
1.833329829e+00  1.4735000e+01         -inf  6.89329e+05  1.47350e+01  1.47350e+01
1.840663148e+00  1.4756071e+01         -inf  6.89329e+05  1.47561e+01  1.47561e+01
1.848025801e+00  1.4765014e+01         -inf  6.89329e+05  1.47650e+01  1.47650e+01
1.855417904e+00  1.4766151e+01         -inf  6.89329e+05  1.47662e+01  1.47662e+01
1.862839576e+00  1.4759557e+01         -inf  6.89329e+05  1.47596e+01  1.47596e+01
1.870290934e+00  1.4770812e+01         -inf  6.89329e+05  1.47708e+01  1.47708e+01
1.877772098e+00  1.5056092e+01         -inf  6.89329e+05  1.50561e+01  1.50561e+01
1.885283186e+00  1.5057797e+01         -inf  6.89329e+05  1.50578e+01  1.50578e+01
1.892824319e+00  1.4781461e+01         -inf  6.89329e+05  1.47815e+01  1.47815e+01
1.900395616e+00  1.4736781e+01         -inf  6.89329e+05  1.47368e+01  1.47368e+01
1.907997199e+00  1.4726359e+01         -inf  6.89329e+05  1.47264e+01  1.47264e+01
1.915629188e+00  1.4709912e+01         -inf  6.89329e+05  1.47099e+01  1.47099e+01
1.923291704e+00  1.4691267e+01         -inf  6.89329e+05  1.46913e+01  1.46913e+01
1.930984871e+00  1.4677775e+01         -inf  6.89329e+05  1.46778e+01  1.46778e+01
1.938708811e+00  1.4794422e+01         -inf  6.89329e+05  1.47944e+01  1.47944e+01
1.946463646e+00  1.6214814e+01         -inf  6.89329e+05  1.62148e+01  1.62148e+01
1.954249500e+00  1.9574034e+01         -inf  6.89329e+05  1.95740e+01  1.95740e+01
1.962066498e+00  1.8831889e+01         -inf  6.89329e+05  1.88319e+01  1.88319e+01
1.969914764e+00  1.7658755e+01         -inf  6.89329e+05  1.76588e+01  1.76588e+01
1.977794423e+00  1.5448975e+01         -inf  6.89329e+05  1.54490e+01  1.54490e+01
1.985705601e+00  1.4960217e+01         -inf  6.89329e+05  1.49602e+01  1.49602e+01
1.993648424e+00  1.5590274e+01         -inf  6.89329e+05  1.55903e+01  1.55903e+01
2.001623017e+00  2.1919725e+01         -inf  6.89329e+05  2.19197e+01  2.19197e+01
2.009629509e+00  2.2326267e+01         -inf  6.89329e+05  2.23263e+01  2.23263e+01
2.017668027e+00  2.0738942e+01         -inf  6.89329e+05  2.07389e+01  2.07389e+01
2.025738699e+00  1.6861531e+01         -inf  6.89329e+05  1.68615e+01  1.68615e+01
2.033841654e+00  1.6130361e+01         -inf  6.89329e+05  1.61304e+01  1.61304e+01
2.041977021e+00  1.6312981e+01         -inf  6.89329e+05  1.63130e+01  1.63130e+01
2.050144929e+00  1.8006252e+01         -inf  6.89329e+05  1.80063e+01  1.80063e+01
2.058345509e+00  1.8304378e+01         -inf  6.89329e+05  1.83044e+01  1.83044e+01
2.066578891e+00  1.7921936e+01         -inf  6.89329e+05  1.79219e+01  1.79219e+01
2.074845206e+00  1.6714008e+01         -inf  6.89329e+05  1.67140e+01  1.67140e+01
2.083144587e+00  1.5973803e+01         -inf  6.89329e+05  1.59738e+01  1.59738e+01
2.091477165e+00  1.5466481e+01         -inf  6.89329e+05  1.54665e+01  1.54665e+01
2.099843074e+00  1.5076252e+01         -inf  6.89329e+05  1.50763e+01  1.50763e+01
2.108242446e+00  1.4988449e+01         -inf  6.89329e+05  1.49884e+01  1.49884e+01
2.116675416e+00  1.4884349e+01         -inf  6.89329e+05  1.48843e+01  1.48843e+01
2.125142118e+00  1.4753531e+01         -inf  6.89329e+05  1.47535e+01  1.47535e+01
2.133642686e+00  1.4700703e+01         -inf  6.89329e+05  1.47007e+01  1.47007e+01
2.142177257e+00  1.4812763e+01         -inf  6.89329e+05  1.48128e+01  1.48128e+01
2.150745966e+00  1.4961884e+01         -inf  6.89329e+05  1.49619e+01  1.49619e+01
2.159348950e+00  1.4944755e+01         -inf  6.89329e+05  1.49448e+01  1.49448e+01
2.167986346e+00  1.4903297e+01         -inf  6.89329e+05  1.49033e+01  1.49033e+01
2.176658291e+00  1.4852820e+01         -inf  6.89329e+05  1.48528e+01  1.48528e+01
2.185364924e+00  1.4736780e+01         -inf  6.89329e+05  1.47368e+01  1.47368e+01
2.194106384e+00  1.4799992e+01         -inf  6.89329e+05  1.48000e+01  1.48000e+01
2.202882810e+00  1.5349997e+01         -inf  6.89329e+05  1.53500e+01  1.53500e+01
2.211694341e+00  1.4750385e+01         -inf  6.89329e+05  1.47504e+01  1.47504e+01
2.220541118e+00  1.4897385e+01         -inf  6.89329e+05  1.48974e+01  1.48974e+01
2.229423283e+00  1.5020128e+01         -inf  6.89329e+05  1.50201e+01  1.50201e+01
2.238340976e+00  1.5083906e+01         -inf  6.89329e+05  1.50839e+01  1.50839e+01
2.247294340e+00  1.5222826e+01         -inf  6.89329e+05  1.52228e+01  1.52228e+01
2.256283517e+00  1.5324305e+01         -inf  6.89329e+05  1.53243e+01  1.53243e+01
2.265308651e+00  1.5409034e+01         -inf  6.89329e+05  1.54090e+01  1.54090e+01
2.274369886e+00  1.5586219e+01         -inf  6.89329e+05  1.55862e+01  1.55862e+01
2.283467365e+00  1.5586522e+01         -inf  6.89329e+05  1.55865e+01  1.55865e+01
2.292601235e+00  1.5807010e+01         -inf  6.89329e+05  1.58070e+01  1.58070e+01
2.301771640e+00  1.6108043e+01         -inf  6.89329e+05  1.61080e+01  1.61080e+01
2.310978726e+00  1.5232791e+01         -inf  6.89329e+05  1.52328e+01  1.52328e+01
2.320222641e+00  1.5999036e+01         -inf  6.89329e+05  1.59990e+01  1.59990e+01
2.329503532e+00  1.5566173e+01         -inf  6.89329e+05  1.55662e+01  1.55662e+01
2.338821546e+00  1.5927689e+01         -inf  6.89329e+05  1.59277e+01  1.59277e+01
2.348176832e+00  1.6187191e+01         -inf  6.89329e+05  1.61872e+01  1.61872e+01
2.357569539e+00  1.5698527e+01         -inf  6.89329e+05  1.56985e+01  1.56985e+01
2.366999817e+00  1.5872142e+01         -inf  6.89329e+05  1.58721e+01  1.58721e+01
2.376467817e+00  1.5937540e+01         -inf  6.89329e+05  1.59375e+01  1.59375e+01
2.385973688e+00  1.5312707e+01         -inf  6.89329e+05  1.53127e+01  1.53127e+01
2.395517583e+00  1.5332525e+01         -inf  6.89329e+05  1.53325e+01  1.53325e+01
2.405099653e+00  1.5034904e+01         -inf  6.89329e+05  1.50349e+01  1.50349e+01
2.414720052e+00  1.4861038e+01         -inf  6.89329e+05  1.48610e+01  1.48610e+01
2.424378932e+00  1.5009210e+01         -inf  6.89329e+05  1.50092e+01  1.50092e+01
2.434076448e+00  1.4828106e+01         -inf  6.89329e+05  1.48281e+01  1.48281e+01
2.443812753e+00  1.4760081e+01         -inf  6.89329e+05  1.47601e+01  1.47601e+01
2.453588004e+00  1.4726883e+01         -inf  6.89329e+05  1.47269e+01  1.47269e+01
2.463402356e+00  1.4690767e+01         -inf  6.89329e+05  1.46908e+01  1.46908e+01
2.473255966e+00  1.4743519e+01         -inf  6.89329e+05  1.47435e+01  1.47435e+01
2.483148990e+00  1.5737247e+01         -inf  6.89329e+05  1.57372e+01  1.57373e+01
2.493081586e+00  1.5395840e+01         -inf  6.89329e+05  1.53958e+01  1.53958e+01
2.503053912e+00  1.5122323e+01         -inf  6.89329e+05  1.51223e+01  1.51223e+01
2.513066128e+00  1.4843564e+01         -inf  6.89329e+05  1.48436e+01  1.48436e+01
2.523118392e+00  1.4743214e+01         -inf  6.89329e+05  1.47432e+01  1.47432e+01
2.533210866e+00  1.4725063e+01         -inf  6.89329e+05  1.47251e+01  1.47251e+01
2.543343709e+00  1.4721577e+01         -inf  6.89329e+05  1.47216e+01  1.47216e+01
2.553517084e+00  1.4823787e+01         -inf  6.89329e+05  1.48238e+01  1.48238e+01
2.563731152e+00  1.5073671e+01         -inf  6.89329e+05  1.50737e+01  1.50737e+01
2.573986077e+00  1.5159806e+01         -inf  6.89329e+05  1.51598e+01  1.51598e+01
2.584282021e+00  1.5381220e+01         -inf  6.89329e+05  1.53812e+01  1.53812e+01
2.594619149e+00  1.5629414e+01         -inf  6.89329e+05  1.56294e+01  1.56294e+01
2.604997626e+00  1.5616266e+01         -inf  6.89329e+05  1.56163e+01  1.56163e+01
2.615417616e+00  1.5640062e+01         -inf  6.89329e+05  1.56401e+01  1.56401e+01
2.625879287e+00  1.5466327e+01         -inf  6.89329e+05  1.54663e+01  1.54663e+01
2.636382804e+00  1.5359506e+01         -inf  6.89329e+05  1.53595e+01  1.53595e+01
2.646928335e+00  1.5329116e+01         -inf  6.89329e+05  1.53291e+01  1.53291e+01
2.657516049e+00  1.5832660e+01         -inf  6.89329e+05  1.58327e+01  1.58327e+01
2.668146113e+00  2.4643212e+01         -inf  6.89329e+05  2.46432e+01  2.46432e+01
2.678818697e+00  3.5077083e+01         -inf  6.89329e+05  3.50771e+01  3.50771e+01
2.689533972e+00  3.3903675e+01         -inf  6.89329e+05  3.39037e+01  3.39037e+01
2.700292108e+00  3.4797153e+01         -inf  6.89329e+05  3.47972e+01  3.47972e+01
2.711093276e+00  3.1166814e+01         -inf  6.89329e+05  3.11668e+01  3.11668e+01
2.721937650e+00  2.4725887e+01         -inf  6.89329e+05  2.47259e+01  2.47259e+01
2.732825400e+00  2.2890004e+01         -inf  6.89329e+05  2.28900e+01  2.28900e+01
2.743756702e+00  2.7073245e+01         -inf  6.89329e+05  2.70732e+01  2.70732e+01
2.754731729e+00  3.3120376e+01         -inf  6.89329e+05  3.31204e+01  3.31204e+01
2.765750655e+00  3.1962596e+01         -inf  6.89329e+05  3.19626e+01  3.19626e+01
2.776813658e+00  3.3848624e+01         -inf  6.89329e+05  3.38486e+01  3.38486e+01
2.787920913e+00  3.1300660e+01         -inf  6.89329e+05  3.13007e+01  3.13007e+01
2.799072596e+00  2.7280402e+01         -inf  6.89329e+05  2.72804e+01  2.72804e+01
2.810268887e+00  2.4790170e+01         -inf  6.89329e+05  2.47902e+01  2.47902e+01
2.821509962e+00  2.2230491e+01         -inf  6.89329e+05  2.22305e+01  2.22305e+01
2.832796002e+00  1.9362401e+01         -inf  6.89329e+05  1.93624e+01  1.93624e+01
2.844127186e+00  1.9281923e+01         -inf  6.89329e+05  1.92819e+01  1.92820e+01
2.855503695e+00  1.7860529e+01         -inf  6.89329e+05  1.78605e+01  1.78606e+01
2.866925710e+00  1.7206055e+01         -inf  6.89329e+05  1.72061e+01  1.72061e+01
2.878393413e+00  1.6356886e+01         -inf  6.89329e+05  1.63569e+01  1.63570e+01
2.889906986e+00  1.5909330e+01         -inf  6.89329e+05  1.59093e+01  1.59094e+01
2.901466614e+00  1.5194743e+01         -inf  6.89329e+05  1.51947e+01  1.51949e+01
2.913072481e+00  1.4790841e+01         -inf  6.89329e+05  1.47908e+01  1.47910e+01
2.924724770e+00  1.4692678e+01         -inf  6.89329e+05  1.46927e+01  1.46928e+01
2.936423670e+00  1.4649919e+01         -inf  6.89329e+05  1.46499e+01  1.46501e+01
2.948169364e+00  1.4697243e+01         -inf  6.89329e+05  1.46972e+01  1.46974e+01
2.959962042e+00  1.4956636e+01         -inf  6.89329e+05  1.49566e+01  1.49568e+01
2.971801890e+00  1.5086876e+01         -inf  6.89329e+05  1.50869e+01  1.50871e+01
2.983689097e+00  1.5217979e+01         -inf  6.89329e+05  1.52180e+01  1.52182e+01
2.995623854e+00  1.4860457e+01         -inf  6.89329e+05  1.48605e+01  1.48607e+01
3.007606349e+00  1.4826944e+01         -inf  6.89329e+05  1.48269e+01  1.48272e+01
3.019636775e+00  1.4824014e+01         -inf  6.89329e+05  1.48240e+01  1.48242e+01
3.031715322e+00  1.4677904e+01         -inf  6.89329e+05  1.46779e+01  1.46782e+01
3.043842183e+00  1.4646775e+01         -inf  6.89329e+05  1.46468e+01  1.46470e+01
3.056017552e+00  1.4652785e+01         -inf  6.89329e+05  1.46528e+01  1.46531e+01
3.068241622e+00  1.4640035e+01         -inf  6.89329e+05  1.46400e+01  1.46403e+01
3.080514588e+00  1.4633423e+01         -inf  6.89329e+05  1.46334e+01  1.46337e+01
3.092836647e+00  1.4632912e+01         -inf  6.89329e+05  1.46329e+01  1.46332e+01
3.105207993e+00  1.4644754e+01         -inf  6.89329e+05  1.46448e+01  1.46451e+01
3.117628825e+00  1.4773432e+01         -inf  6.89329e+05  1.47734e+01  1.47738e+01
3.130099341e+00  1.5451041e+01         -inf  6.89329e+05  1.54510e+01  1.54514e+01
3.142619738e+00  1.5103530e+01         -inf  6.89329e+05  1.51035e+01  1.51040e+01
3.155190217e+00  1.5272481e+01         -inf  6.89329e+05  1.52725e+01  1.52729e+01
3.167810978e+00  1.5122584e+01         -inf  6.89329e+05  1.51226e+01  1.51231e+01
3.180482222e+00  1.5696281e+01         -inf  6.89329e+05  1.56963e+01  1.56967e+01
3.193204151e+00  1.5686403e+01         -inf  6.89329e+05  1.56864e+01  1.56869e+01
3.205976967e+00  1.5853443e+01         -inf  6.89329e+05  1.58534e+01  1.58540e+01
3.218800875e+00  1.6478981e+01         -inf  6.89329e+05  1.64790e+01  1.64795e+01
3.231676079e+00  1.6163963e+01         -inf  6.89329e+05  1.61640e+01  1.61645e+01
3.244602783e+00  1.6791016e+01         -inf  6.89329e+05  1.67910e+01  1.67916e+01
3.257581194e+00  1.6850198e+01         -inf  6.89329e+05  1.68502e+01  1.68508e+01
3.270611519e+00  2.0036973e+01         -inf  6.89329e+05  2.00370e+01  2.00376e+01
3.283693965e+00  1.8811553e+01         -inf  6.89329e+05  1.88116e+01  1.88123e+01
3.296828741e+00  1.8474986e+01         -inf  6.89329e+05  1.84750e+01  1.84758e+01
3.310016056e+00  2.1893852e+01         -inf  6.89329e+05  2.18939e+01  2.18944e+01
3.323256120e+00  1.9598800e+01         -inf  6.89329e+05  1.95988e+01  1.95995e+01
3.336549144e+00  1.5749249e+01         -inf  6.89329e+05  1.57492e+01  1.57502e+01
3.349895341e+00  1.5729927e+01         -inf  6.89329e+05  1.57299e+01  1.57309e+01
3.363294922e+00  1.6815075e+01         -inf  6.89329e+05  1.68151e+01  1.68160e+01
3.376748102e+00  1.6673020e+01         -inf  6.89329e+05  1.66730e+01  1.66740e+01
3.390255094e+00  1.6757491e+01         -inf  6.89329e+05  1.67575e+01  1.67586e+01
3.403816115e+00  1.6562909e+01         -inf  6.89329e+05  1.65629e+01  1.65641e+01
3.417431379e+00  1.5773672e+01         -inf  6.89329e+05  1.57737e+01  1.57750e+01
3.431101105e+00  1.5909244e+01         -inf  6.89329e+05  1.59092e+01  1.59106e+01
3.444825509e+00  1.5729665e+01         -inf  6.89329e+05  1.57297e+01  1.57311e+01
3.458604811e+00  1.5448556e+01         -inf  6.89329e+05  1.54486e+01  1.54501e+01
3.472439231e+00  1.5774540e+01         -inf  6.89329e+05  1.57745e+01  1.57762e+01
3.486328987e+00  1.5652496e+01         -inf  6.89329e+05  1.56525e+01  1.56542e+01
3.500274303e+00  1.5261289e+01         -inf  6.89329e+05  1.52613e+01  1.52631e+01
3.514275401e+00  1.4911852e+01         -inf  6.89329e+05  1.49119e+01  1.49138e+01
3.528332502e+00  1.5163729e+01         -inf  6.89329e+05  1.51637e+01  1.51658e+01
3.542445832e+00  1.5810663e+01         -inf  6.89329e+05  1.58107e+01  1.58128e+01
3.556615616e+00  1.5167338e+01         -inf  6.89329e+05  1.51673e+01  1.51696e+01
3.570842078e+00  1.7007624e+01         -inf  6.89329e+05  1.70076e+01  1.70100e+01
3.585125446e+00  1.6360496e+01         -inf  6.89329e+05  1.63605e+01  1.63630e+01
3.599465948e+00  1.6011003e+01         -inf  6.89329e+05  1.60110e+01  1.60137e+01
3.613863812e+00  1.5897496e+01         -inf  6.89329e+05  1.58975e+01  1.59003e+01
3.628319267e+00  1.5384668e+01         -inf  6.89329e+05  1.53847e+01  1.53876e+01
3.642832544e+00  1.5380232e+01         -inf  6.89329e+05  1.53802e+01  1.53833e+01
3.657403874e+00  1.4954388e+01         -inf  6.89329e+05  1.49544e+01  1.49577e+01
3.672033490e+00  1.4978347e+01         -inf  6.89329e+05  1.49783e+01  1.49818e+01
3.686721624e+00  1.5002120e+01         -inf  6.89329e+05  1.50021e+01  1.50057e+01
3.701468510e+00  1.4836090e+01         -inf  6.89329e+05  1.48361e+01  1.48399e+01
3.716274384e+00  1.4892831e+01         -inf  6.89329e+05  1.48928e+01  1.48968e+01
3.731139482e+00  1.4935535e+01         -inf  6.89329e+05  1.49355e+01  1.49397e+01
3.746064040e+00  1.4838041e+01         -inf  6.89329e+05  1.48380e+01  1.48424e+01
3.761048296e+00  1.4782833e+01         -inf  6.89329e+05  1.47828e+01  1.47874e+01
3.776092489e+00  1.4800462e+01         -inf  6.89329e+05  1.48005e+01  1.48053e+01
3.791196859e+00  1.4936070e+01         -inf  6.89329e+05  1.49361e+01  1.49411e+01
3.806361647e+00  1.5007658e+01         -inf  6.89329e+05  1.50077e+01  1.50129e+01
3.821587093e+00  1.4882478e+01         -inf  6.89329e+05  1.48825e+01  1.48880e+01
3.836873442e+00  1.5049630e+01         -inf  6.89329e+05  1.50496e+01  1.50554e+01
3.852220935e+00  1.5209716e+01         -inf  6.89329e+05  1.52097e+01  1.52157e+01
3.867629819e+00  1.5790263e+01         -inf  6.89329e+05  1.57903e+01  1.57962e+01
3.883100338e+00  1.6308035e+01         -inf  6.89329e+05  1.63080e+01  1.63139e+01
3.898632740e+00  1.5838592e+01         -inf  6.89329e+05  1.58386e+01  1.58452e+01
3.914227271e+00  1.6118270e+01         -inf  6.89329e+05  1.61183e+01  1.61249e+01
3.929884180e+00  1.5893946e+01         -inf  6.89329e+05  1.58939e+01  1.59010e+01
3.945603716e+00  1.5556507e+01         -inf  6.89329e+05  1.55565e+01  1.55641e+01
3.961386131e+00  1.5363220e+01         -inf  6.89329e+05  1.53632e+01  1.53713e+01
3.977231676e+00  1.5519246e+01         -inf  6.89329e+05  1.55192e+01  1.55277e+01
3.993140603e+00  1.5550135e+01         -inf  6.89329e+05  1.55501e+01  1.55589e+01
4.009113165e+00  1.5864691e+01         -inf  6.89329e+05  1.58647e+01  1.58737e+01
4.025149618e+00  1.6270000e+01         -inf  6.89329e+05  1.62700e+01  1.62791e+01
4.041250216e+00  1.6750544e+01         -inf  6.89329e+05  1.67505e+01  1.67597e+01
4.057415217e+00  1.6877460e+01         -inf  6.89329e+05  1.68775e+01  1.68869e+01
4.073644878e+00  1.7334120e+01         -inf  6.89329e+05  1.73341e+01  1.73435e+01
4.089939457e+00  1.7685925e+01         -inf  6.89329e+05  1.76859e+01  1.76953e+01
4.106299215e+00  1.7863206e+01         -inf  6.89329e+05  1.78632e+01  1.78728e+01
4.122724412e+00  1.8093988e+01         -inf  6.89329e+05  1.80940e+01  1.81037e+01
4.139215310e+00  1.8340636e+01         -inf  6.89329e+05  1.83406e+01  1.83505e+01
4.155772171e+00  1.8551600e+01         -inf  6.89329e+05  1.85516e+01  1.85603e+01
4.172395260e+00  2.0245741e+01         -inf  6.89329e+05  2.02457e+01  2.02494e+01
4.189084841e+00  2.7311106e+01         -inf  6.89329e+05  2.73111e+01  2.73119e+01
4.205841180e+00  3.8846912e+01         -inf  6.89329e+05  3.88469e+01  3.88472e+01
4.222664545e+00  4.7044393e+01         -inf  6.89329e+05  4.70444e+01  4.70448e+01
4.239555203e+00  5.0185973e+01         -inf  6.89329e+05  5.01860e+01  5.01865e+01
4.256513424e+00  4.7951495e+01         -inf  6.89329e+05  4.79515e+01  4.79520e+01
4.273539477e+00  4.9911196e+01         -inf  6.89329e+05  4.99112e+01  4.99117e+01
4.290633635e+00  4.8639047e+01         -inf  6.89329e+05  4.86390e+01  4.86396e+01
4.307796170e+00  4.6026548e+01         -inf  6.89329e+05  4.60265e+01  4.60271e+01
4.325027355e+00  4.2677670e+01         -inf  6.89329e+05  4.26777e+01  4.26781e+01
4.342327464e+00  4.0000445e+01         -inf  6.89329e+05  4.00004e+01  4.00009e+01
4.359696774e+00  3.7886606e+01         -inf  6.89329e+05  3.78866e+01  3.78870e+01
4.377135561e+00  3.4923598e+01         -inf  6.89329e+05  3.49236e+01  3.49242e+01
4.394644103e+00  3.4369211e+01         -inf  6.89329e+05  3.43692e+01  3.43698e+01
4.412222680e+00  3.3326291e+01         -inf  6.89329e+05  3.33263e+01  3.33270e+01
4.429871570e+00  3.1179114e+01         -inf  6.89329e+05  3.11791e+01  3.11802e+01
4.447591057e+00  2.7415907e+01         -inf  6.89329e+05  2.74159e+01  2.74182e+01
4.465381421e+00  2.4894518e+01         -inf  6.89329e+05  2.48945e+01  2.48978e+01
4.483242946e+00  2.2986206e+01         -inf  6.89329e+05  2.29862e+01  2.29911e+01
4.501175918e+00  2.1091996e+01         -inf  6.89329e+05  2.10920e+01  2.11022e+01
4.519180622e+00  2.1834372e+01         -inf  6.89329e+05  2.18344e+01  2.18429e+01
4.537257344e+00  2.0990457e+01         -inf  6.89329e+05  2.09905e+01  2.10021e+01
4.555406374e+00  1.9765668e+01         -inf  6.89329e+05  1.97657e+01  1.97829e+01
4.573627999e+00  1.8547269e+01         -inf  6.89329e+05  1.85473e+01  1.85715e+01
4.591922511e+00  1.7082261e+01         -inf  6.89329e+05  1.70823e+01  1.71151e+01
4.610290201e+00  1.6296691e+01         -inf  6.89329e+05  1.62967e+01  1.63347e+01
4.628731362e+00  1.5738258e+01         -inf  6.89329e+05  1.57383e+01  1.57794e+01
4.647246288e+00  1.5448431e+01         -inf  6.89329e+05  1.54484e+01  1.54919e+01
4.665835273e+00  1.5245741e+01         -inf  6.89329e+05  1.52457e+01  1.52913e+01
4.684498614e+00  1.7387395e+01         -inf  6.89329e+05  1.73874e+01  1.74341e+01
4.703236608e+00  2.6200268e+01         -inf  6.89329e+05  2.62003e+01  2.62397e+01
4.722049555e+00  2.6760711e+01         -inf  6.89329e+05  2.67607e+01  2.68013e+01
4.740937753e+00  2.4545046e+01         -inf  6.89329e+05  2.45450e+01  2.45892e+01
4.759901504e+00  2.5840543e+01         -inf  6.89329e+05  2.58405e+01  2.58865e+01
4.778941110e+00  2.4952072e+01         -inf  6.89329e+05  2.49521e+01  2.49961e+01
4.798056874e+00  2.3121409e+01         -inf  6.89329e+05  2.31214e+01  2.31653e+01
4.817249102e+00  2.3178820e+01         -inf  6.89329e+05  2.31788e+01  2.32077e+01
4.836518098e+00  2.1020607e+01         -inf  6.89329e+05  2.10206e+01  2.10587e+01
4.855864171e+00  1.9512223e+01         -inf  6.89329e+05  1.95122e+01  1.95494e+01
4.875287627e+00  1.8115905e+01         -inf  6.89329e+05  1.81159e+01  1.81621e+01
4.894788778e+00  1.6995943e+01         -inf  6.89329e+05  1.69959e+01  1.70542e+01
4.914367933e+00  1.6913220e+01         -inf  6.89329e+05  1.69132e+01  1.69790e+01
4.934025405e+00  1.5952346e+01         -inf  6.89329e+05  1.59523e+01  1.60273e+01
4.953761506e+00  1.5690860e+01         -inf  6.89329e+05  1.56909e+01  1.57688e+01
4.973576552e+00  1.5292746e+01         -inf  6.89329e+05  1.52927e+01  1.53744e+01
4.993470859e+00  1.5037288e+01         -inf  6.89329e+05  1.50373e+01  1.51226e+01
5.013444742e+00  1.4794460e+01         -inf  6.89329e+05  1.47945e+01  1.48832e+01
5.033498521e+00  1.4704560e+01         -inf  6.89329e+05  1.47046e+01  1.47964e+01
5.053632515e+00  1.4647853e+01         -inf  6.89329e+05  1.46479e+01  1.47427e+01
5.073847045e+00  1.4684133e+01         -inf  6.89329e+05  1.46841e+01  1.47815e+01
5.094142433e+00  1.4781516e+01         -inf  6.89329e+05  1.47815e+01  1.48809e+01
5.114519003e+00  1.4769584e+01         -inf  6.89329e+05  1.47696e+01  1.48723e+01
5.134977079e+00  1.4643048e+01         -inf  6.89329e+05  1.46430e+01  1.47500e+01
5.155516987e+00  1.4821255e+01         -inf  6.89329e+05  1.48213e+01  1.49295e+01
5.176139055e+00  1.7159998e+01         -inf  6.89329e+05  1.71600e+01  1.72490e+01
5.196843612e+00  1.5501068e+01         -inf  6.89329e+05  1.55011e+01  1.56047e+01
5.217630986e+00  1.5920776e+01         -inf  6.89329e+05  1.59208e+01  1.60188e+01
5.238501510e+00  1.5566262e+01         -inf  6.89329e+05  1.55663e+01  1.56694e+01
5.259455516e+00  1.5279633e+01         -inf  6.89329e+05  1.52796e+01  1.53897e+01
5.280493338e+00  1.4917998e+01         -inf  6.89329e+05  1.49180e+01  1.50349e+01
5.301615311e+00  1.4760749e+01         -inf  6.89329e+05  1.47607e+01  1.48812e+01
5.322821773e+00  1.4911428e+01         -inf  6.89329e+05  1.49114e+01  1.50317e+01
5.344113060e+00  1.4772158e+01         -inf  6.89329e+05  1.47722e+01  1.48913e+01
5.365489512e+00  1.4813800e+01         -inf  6.89329e+05  1.48138e+01  1.49316e+01
5.386951470e+00  1.4847340e+01         -inf  6.89329e+05  1.48473e+01  1.49641e+01
5.408499276e+00  1.4900582e+01         -inf  6.89329e+05  1.49006e+01  1.50164e+01
5.430133273e+00  1.4948664e+01         -inf  6.89329e+05  1.49487e+01  1.50642e+01
5.451853806e+00  1.4998311e+01         -inf  6.89329e+05  1.49983e+01  1.51130e+01
5.473661221e+00  1.5167360e+01         -inf  6.89329e+05  1.51674e+01  1.52808e+01
5.495555866e+00  1.5376486e+01         -inf  6.89329e+05  1.53765e+01  1.54885e+01
5.517538090e+00  1.5464687e+01         -inf  6.89329e+05  1.54647e+01  1.55758e+01
5.539608242e+00  1.5359499e+01         -inf  6.89329e+05  1.53595e+01  1.54697e+01
5.561766675e+00  1.5087314e+01         -inf  6.89329e+05  1.50873e+01  1.51969e+01
5.584013742e+00  1.5234881e+01         -inf  6.89329e+05  1.52349e+01  1.53441e+01
5.606349797e+00  1.5351382e+01         -inf  6.89329e+05  1.53514e+01  1.54603e+01
5.628775196e+00  1.5289169e+01         -inf  6.89329e+05  1.52892e+01  1.53980e+01
5.651290297e+00  1.5177071e+01         -inf  6.89329e+05  1.51771e+01  1.52860e+01
5.673895458e+00  1.5157731e+01         -inf  6.89329e+05  1.51577e+01  1.52665e+01
5.696591040e+00  1.5143125e+01         -inf  6.89329e+05  1.51431e+01  1.52520e+01
5.719377404e+00  1.5661946e+01         -inf  6.89329e+05  1.56619e+01  1.57709e+01
5.742254913e+00  1.7758049e+01         -inf  6.89329e+05  1.77580e+01  1.78659e+01
5.765223933e+00  1.7506371e+01         -inf  6.89329e+05  1.75064e+01  1.76141e+01
5.788284829e+00  1.6657876e+01         -inf  6.89329e+05  1.66579e+01  1.67659e+01
5.811437968e+00  1.6809112e+01         -inf  6.89329e+05  1.68091e+01  1.69168e+01
5.834683720e+00  1.7178342e+01         -inf  6.89329e+05  1.71783e+01  1.72861e+01
5.858022455e+00  1.6872371e+01         -inf  6.89329e+05  1.68724e+01  1.69812e+01
5.881454545e+00  1.6386418e+01         -inf  6.89329e+05  1.63864e+01  1.64968e+01
5.904980363e+00  1.5940926e+01         -inf  6.89329e+05  1.59409e+01  1.60532e+01
5.928600284e+00  1.5653095e+01         -inf  6.89329e+05  1.56531e+01  1.57674e+01
5.952314685e+00  1.5526346e+01         -inf  6.89329e+05  1.55263e+01  1.56428e+01
5.976123944e+00  1.5442196e+01         -inf  6.89329e+05  1.54422e+01  1.55618e+01
6.000028440e+00  1.5431480e+01         -inf  6.89329e+05  1.54315e+01  1.55547e+01
6.024028554e+00  1.5396782e+01         -inf  6.89329e+05  1.53968e+01  1.55242e+01
6.048124668e+00  1.5387074e+01         -inf  6.89329e+05  1.53871e+01  1.55196e+01
6.072317167e+00  1.5365339e+01         -inf  6.89329e+05  1.53653e+01  1.55035e+01
6.096606435e+00  1.5327149e+01         -inf  6.89329e+05  1.53271e+01  1.54714e+01
6.120992861e+00  1.5307053e+01         -inf  6.89329e+05  1.53071e+01  1.54581e+01
6.145476832e+00  1.5246106e+01         -inf  6.89329e+05  1.52461e+01  1.54047e+01
6.170058740e+00  1.5221927e+01         -inf  6.89329e+05  1.52219e+01  1.53886e+01
6.194738975e+00  1.5184391e+01         -inf  6.89329e+05  1.51844e+01  1.53585e+01
6.219517931e+00  1.5171923e+01         -inf  6.89329e+05  1.51719e+01  1.53530e+01
6.244396002e+00  1.5148243e+01         -inf  6.89329e+05  1.51482e+01  1.53351e+01
6.269373586e+00  1.5109811e+01         -inf  6.89329e+05  1.51098e+01  1.53011e+01
6.294451081e+00  1.5197698e+01         -inf  6.89329e+05  1.51977e+01  1.53926e+01
6.319628885e+00  1.5161264e+01         -inf  6.89329e+05  1.51613e+01  1.53589e+01
6.344907401e+00  1.5265118e+01         -inf  6.89329e+05  1.52651e+01  1.54652e+01
6.370287030e+00  1.5237143e+01         -inf  6.89329e+05  1.52371e+01  1.54401e+01
6.395768178e+00  1.5299601e+01         -inf  6.89329e+05  1.52996e+01  1.55057e+01
6.421351251e+00  1.5341247e+01         -inf  6.89329e+05  1.53412e+01  1.55512e+01
6.447036656e+00  1.5424338e+01         -inf  6.89329e+05  1.54243e+01  1.56388e+01
6.472824803e+00  1.5555963e+01         -inf  6.89329e+05  1.55560e+01  1.57761e+01
6.498716102e+00  1.5983203e+01         -inf  6.89329e+05  1.59832e+01  1.62088e+01
6.524710966e+00  1.5482228e+01         -inf  6.89329e+05  1.54822e+01  1.57175e+01
6.550809810e+00  1.5256282e+01         -inf  6.89329e+05  1.52563e+01  1.55015e+01
6.577013049e+00  1.5209399e+01         -inf  6.89329e+05  1.52094e+01  1.54653e+01
6.603321102e+00  1.5154439e+01         -inf  6.89329e+05  1.51544e+01  1.54225e+01
6.629734386e+00  1.5092603e+01         -inf  6.89329e+05  1.50926e+01  1.53738e+01
6.656253324e+00  1.5083965e+01         -inf  6.89329e+05  1.50840e+01  1.53789e+01
6.682878337e+00  1.4994412e+01         -inf  6.89329e+05  1.49944e+01  1.53045e+01
6.709609850e+00  1.4935675e+01         -inf  6.89329e+05  1.49357e+01  1.52619e+01
6.736448290e+00  1.4936828e+01         -inf  6.89329e+05  1.49368e+01  1.52797e+01
6.763394083e+00  1.4798045e+01         -inf  6.89329e+05  1.47980e+01  1.51595e+01
6.790447659e+00  1.4955311e+01         -inf  6.89329e+05  1.49553e+01  1.53360e+01
6.817609450e+00  1.4763125e+01         -inf  6.89329e+05  1.47631e+01  1.51658e+01
6.844879888e+00  1.4712590e+01         -inf  6.89329e+05  1.47126e+01  1.51376e+01
6.872259407e+00  1.4664273e+01         -inf  6.89329e+05  1.46643e+01  1.51122e+01
6.899748445e+00  1.4696199e+01         -inf  6.89329e+05  1.46962e+01  1.51681e+01
6.927347438e+00  1.4544401e+01         -inf  6.89329e+05  1.45444e+01  1.50435e+01
6.955056828e+00  1.4426153e+01         -inf  6.89329e+05  1.44262e+01  1.49547e+01
6.982877056e+00  1.4442587e+01         -inf  6.89329e+05  1.44426e+01  1.50020e+01
7.010808564e+00  1.4386743e+01         -inf  6.89329e+05  1.43867e+01  1.49800e+01
7.038851798e+00  1.4268512e+01         -inf  6.89329e+05  1.42685e+01  1.48998e+01
7.067007205e+00  1.4213551e+01         -inf  6.89329e+05  1.42136e+01  1.48834e+01
7.095275234e+00  1.4147634e+01         -inf  6.89329e+05  1.41476e+01  1.48607e+01
7.123656335e+00  1.4069369e+01         -inf  6.89329e+05  1.40694e+01  1.48273e+01
7.152150960e+00  1.4054709e+01         -inf  6.89329e+05  1.40547e+01  1.48623e+01
7.180759564e+00  1.4027114e+01         -inf  6.89329e+05  1.40271e+01  1.48871e+01
7.209482602e+00  1.4118202e+01         -inf  6.89329e+05  1.41182e+01  1.50314e+01
7.238320533e+00  1.4256212e+01         -inf  6.89329e+05  1.42562e+01  1.52193e+01
7.267273815e+00  1.4501844e+01         -inf  6.89329e+05  1.45018e+01  1.55097e+01
7.296342910e+00  1.4437321e+01         -inf  6.89329e+05  1.44373e+01  1.55019e+01
7.325528282e+00  1.4940570e+01         -inf  6.89329e+05  1.49406e+01  1.60262e+01
7.354830395e+00  1.5543899e+01         -inf  6.89329e+05  1.55439e+01  1.66306e+01
7.384249717e+00  1.6292536e+01         -inf  6.89329e+05  1.62925e+01  1.73631e+01
7.413786715e+00  1.5793734e+01         -inf  6.89329e+05  1.57937e+01  1.69506e+01
7.443441862e+00  1.6548331e+01         -inf  6.89329e+05  1.65483e+01  1.76926e+01
7.473215630e+00  1.6113483e+01         -inf  6.89329e+05  1.61135e+01  1.73363e+01
7.503108492e+00  1.6545441e+01         -inf  6.89329e+05  1.65454e+01  1.77707e+01
7.533120926e+00  1.5877194e+01         -inf  6.89329e+05  1.58772e+01  1.71980e+01
7.563253410e+00  1.4842141e+01         -inf  6.89329e+05  1.48421e+01  1.62877e+01
7.593506424e+00  1.4723492e+01         -inf  6.89329e+05  1.47235e+01  1.61915e+01
7.623880449e+00  1.5482415e+01         -inf  6.89329e+05  1.54824e+01  1.68708e+01
7.654375971e+00  2.0378404e+01         -inf  6.89329e+05  2.03784e+01  2.13534e+01
7.684993475e+00  2.0543741e+01         -inf  6.89329e+05  2.05437e+01  2.14514e+01
7.715733449e+00  1.8846835e+01         -inf  6.89329e+05  1.88468e+01  1.99542e+01
7.746596383e+00  1.7385947e+01         -inf  6.89329e+05  1.73859e+01  1.86852e+01
7.777582768e+00  1.6342243e+01         -inf  6.89329e+05  1.63422e+01  1.78308e+01
7.808693099e+00  1.6985132e+01         -inf  6.89329e+05  1.69851e+01  1.84010e+01
7.839927872e+00  1.7563453e+01         -inf  6.89329e+05  1.75635e+01  1.89039e+01
7.871287583e+00  1.7659895e+01         -inf  6.89329e+05  1.76599e+01  1.90081e+01
7.902772733e+00  1.6703656e+01         -inf  6.89329e+05  1.67037e+01  1.81998e+01
7.934383824e+00  1.6194095e+01         -inf  6.89329e+05  1.61941e+01  1.78148e+01
7.966121360e+00  1.5010743e+01         -inf  6.89329e+05  1.50107e+01  1.68204e+01
7.997985845e+00  1.4416508e+01         -inf  6.89329e+05  1.44165e+01  1.63409e+01
8.029977788e+00  1.4366169e+01         -inf  6.89329e+05  1.43662e+01  1.63442e+01
8.062097700e+00  1.3749795e+01         -inf  6.89329e+05  1.37498e+01  1.58492e+01
8.094346090e+00  1.3460954e+01         -inf  6.89329e+05  1.34610e+01  1.56312e+01
8.126723475e+00  1.3052810e+01         -inf  6.89329e+05  1.30528e+01  1.53124e+01
8.159230369e+00  1.2770235e+01         -inf  6.89329e+05  1.27702e+01  1.50971e+01
8.191867290e+00  1.2846005e+01         -inf  6.89329e+05  1.28460e+01  1.52103e+01
8.224634759e+00  1.2542870e+01         -inf  6.89329e+05  1.25429e+01  1.49752e+01
8.257533298e+00  1.2542535e+01         -inf  6.89329e+05  1.25425e+01  1.50232e+01
8.290563432e+00  1.2384221e+01         -inf  6.89329e+05  1.23842e+01  1.49223e+01
8.323725685e+00  1.2519205e+01         -inf  6.89329e+05  1.25192e+01  1.51010e+01
8.357020588e+00  1.2595935e+01         -inf  6.89329e+05  1.25959e+01  1.52245e+01
8.390448670e+00  1.2841680e+01         -inf  6.89329e+05  1.28417e+01  1.55065e+01
8.424010465e+00  1.3008292e+01         -inf  6.89329e+05  1.30083e+01  1.57163e+01
8.457706507e+00  1.3260001e+01         -inf  6.89329e+05  1.32600e+01  1.60006e+01
8.491537333e+00  1.3414405e+01         -inf  6.89329e+05  1.34144e+01  1.62114e+01
8.525503482e+00  1.3557711e+01         -inf  6.89329e+05  1.35577e+01  1.64138e+01
8.559605496e+00  1.3519107e+01         -inf  6.89329e+05  1.35191e+01  1.64510e+01
8.593843918e+00  1.3737185e+01         -inf  6.89329e+05  1.37372e+01  1.67023e+01
8.628219294e+00  1.3990241e+01         -inf  6.89329e+05  1.39902e+01  1.69937e+01
8.662732171e+00  1.3901630e+01         -inf  6.89329e+05  1.39016e+01  1.69586e+01
8.697383100e+00  1.4369932e+01         -inf  6.89329e+05  1.43699e+01  1.74851e+01
8.732172632e+00  1.4373695e+01         -inf  6.89329e+05  1.43737e+01  1.75599e+01
8.767101323e+00  1.4385373e+01         -inf  6.89329e+05  1.43854e+01  1.76396e+01
8.802169728e+00  1.5291619e+01         -inf  6.89329e+05  1.52916e+01  1.85933e+01
8.837378407e+00  1.5444331e+01         -inf  6.89329e+05  1.54443e+01  1.87934e+01
8.872727920e+00  1.5176596e+01         -inf  6.89329e+05  1.51766e+01  1.85815e+01
8.908218832e+00  1.5175456e+01         -inf  6.89329e+05  1.51755e+01  1.86410e+01
8.943851707e+00  1.5286640e+01         -inf  6.89329e+05  1.52866e+01  1.88177e+01
8.979627114e+00  1.4828078e+01         -inf  6.89329e+05  1.48281e+01  1.84419e+01
9.015545623e+00  1.4185947e+01         -inf  6.89329e+05  1.41859e+01  1.78874e+01
9.051607805e+00  1.4550744e+01         -inf  6.89329e+05  1.45507e+01  1.83158e+01
9.087814236e+00  1.4592167e+01         -inf  6.89329e+05  1.45922e+01  1.84308e+01
9.124165493e+00  1.4641353e+01         -inf  6.89329e+05  1.46414e+01  1.85645e+01
9.160662155e+00  1.4898169e+01         -inf  6.89329e+05  1.48982e+01  1.88955e+01
9.197304804e+00  1.5593454e+01         -inf  6.89329e+05  1.55935e+01  1.95940e+01
9.234094023e+00  1.5064329e+01         -inf  6.89329e+05  1.50643e+01  1.90568e+01
9.271030399e+00  1.4912592e+01         -inf  6.89329e+05  1.49126e+01  1.89256e+01
9.308114521e+00  1.5218632e+01         -inf  6.89329e+05  1.52186e+01  1.93178e+01
9.345346979e+00  1.6950775e+01         -inf  6.89329e+05  1.69508e+01  2.11035e+01
9.382728367e+00  2.3837913e+01         -inf  6.89329e+05  2.38379e+01  2.76043e+01
9.420259280e+00  2.9365396e+01         -inf  6.89329e+05  2.93654e+01  3.21179e+01
9.457940318e+00  3.1286215e+01         -inf  6.89329e+05  3.12862e+01  3.35531e+01
9.495772079e+00  3.2470670e+01         -inf  6.89329e+05  3.24707e+01  3.44010e+01
9.533755167e+00  3.1142977e+01         -inf  6.89329e+05  3.11430e+01  3.34743e+01
9.571890188e+00  2.5753088e+01         -inf  6.89329e+05  2.57531e+01  2.94231e+01
9.610177749e+00  3.1056937e+01         -inf  6.89329e+05  3.10569e+01  3.34817e+01
9.648618460e+00  3.1610917e+01         -inf  6.89329e+05  3.16109e+01  3.41261e+01
9.687212933e+00  3.0099890e+01         -inf  6.89329e+05  3.00999e+01  3.30489e+01
9.725961785e+00  2.9322655e+01         -inf  6.89329e+05  2.93227e+01  3.23464e+01
9.764865632e+00  2.9425746e+01         -inf  6.89329e+05  2.94257e+01  3.25051e+01
9.803925095e+00  2.8610842e+01         -inf  6.89329e+05  2.86108e+01  3.19653e+01
9.843140795e+00  2.7424441e+01         -inf  6.89329e+05  2.74244e+01  3.11172e+01
9.882513358e+00  2.5685968e+01         -inf  6.89329e+05  2.56860e+01  2.98421e+01
9.922043412e+00  2.3914639e+01         -inf  6.89329e+05  2.39146e+01  2.84924e+01
9.961731585e+00  2.2111275e+01         -inf  6.89329e+05  2.21113e+01  2.70635e+01
1.000157851e+01  1.9875099e+01         -inf  6.89329e+05  1.98751e+01  2.51757e+01
1.004158483e+01  1.7054636e+01         -inf  6.89329e+05  1.70546e+01  2.26838e+01
1.008175117e+01  1.5472311e+01         -inf  6.89329e+05  1.54723e+01  2.13146e+01
1.012207817e+01  1.3315785e+01         -inf  6.89329e+05  1.33158e+01  1.93617e+01
1.016256648e+01  1.1745694e+01         -inf  6.89329e+05  1.17457e+01  1.79004e+01
1.020321675e+01  1.0409903e+01         -inf  6.89329e+05  1.04099e+01  1.66200e+01
1.024402962e+01  9.6345858e+00         -inf  6.89329e+05  9.63459e+00  1.59116e+01
1.028500573e+01  9.1576243e+00         -inf  6.89329e+05  9.15762e+00  1.55024e+01
1.032614576e+01  8.7467586e+00         -inf  6.89329e+05  8.74676e+00  1.52027e+01
1.036745034e+01  8.2313888e+00         -inf  6.89329e+05  8.23139e+00  1.49261e+01
1.040892014e+01  7.9099899e+00         -inf  6.89329e+05  7.90999e+00  1.47431e+01
1.045055582e+01  8.0176220e+00         -inf  6.89329e+05  8.01762e+00  1.48793e+01
1.049235805e+01  7.8793515e+00         -inf  6.89329e+05  7.87935e+00  1.48329e+01
1.053432748e+01  7.7912044e+00         -inf  6.89329e+05  7.79120e+00  1.48341e+01
1.057646479e+01  7.6639783e+00         -inf  6.89329e+05  7.66398e+00  1.48198e+01
1.061877065e+01  7.5094415e+00         -inf  6.89329e+05  7.50944e+00  1.47927e+01
1.066124573e+01  7.3413285e+00         -inf  6.89329e+05  7.34133e+00  1.47601e+01
1.070389071e+01  7.1638793e+00         -inf  6.89329e+05  7.16388e+00  1.47222e+01
1.074670627e+01  6.9941305e+00         -inf  6.89329e+05  6.99413e+00  1.46872e+01
1.078969310e+01  6.8394349e+00         -inf  6.89329e+05  6.83943e+00  1.46606e+01
1.083285187e+01  6.6942436e+00         -inf  6.89329e+05  6.69424e+00  1.46425e+01
1.087618328e+01  6.5738185e+00         -inf  6.89329e+05  6.57382e+00  1.46346e+01
1.091968801e+01  6.4548409e+00         -inf  6.89329e+05  6.45484e+00  1.46264e+01
1.096336676e+01  6.3364857e+00         -inf  6.89329e+05  6.33649e+00  1.46234e+01
1.100722023e+01  6.2258302e+00         -inf  6.89329e+05  6.22583e+00  1.46225e+01
1.105124911e+01  6.1103281e+00         -inf  6.89329e+05  6.11033e+00  1.46224e+01
1.109545411e+01  5.9978947e+00         -inf  6.89329e+05  5.99789e+00  1.46238e+01
1.113983593e+01  5.8770599e+00         -inf  6.89329e+05  5.87706e+00  1.46195e+01
1.118439527e+01  5.7578027e+00         -inf  6.89329e+05  5.75780e+00  1.46170e+01
1.122913285e+01  5.6344467e+00         -inf  6.89329e+05  5.63445e+00  1.46157e+01
1.127404938e+01  5.5114310e+00         -inf  6.89329e+05  5.51143e+00  1.46136e+01
1.131914558e+01  5.3876229e+00         -inf  6.89329e+05  5.38762e+00  1.46139e+01
1.136442216e+01  5.2599197e+00         -inf  6.89329e+05  5.25992e+00  1.46135e+01
1.140987985e+01  5.1316852e+00         -inf  6.89329e+05  5.13169e+00  1.46138e+01
1.145551937e+01  5.0030358e+00         -inf  6.89329e+05  5.00304e+00  1.46134e+01
1.150134145e+01  4.8731885e+00         -inf  6.89329e+05  4.87319e+00  1.46135e+01
1.154734681e+01  4.7341432e+00         -inf  6.89329e+05  4.73414e+00  1.46157e+01
1.159353620e+01  4.5946021e+00         -inf  6.89329e+05  4.59460e+00  1.46178e+01
1.163991035e+01  4.4702805e+00         -inf  6.89329e+05  4.47028e+00  1.46151e+01
1.168646999e+01  4.3344201e+00         -inf  6.89329e+05  4.33442e+00  1.46177e+01
1.173321587e+01  4.1977903e+00         -inf  6.89329e+05  4.19779e+00  1.46198e+01
1.178014873e+01  4.0596615e+00         -inf  6.89329e+05  4.05966e+00  1.46224e+01
1.182726932e+01  3.9220535e+00         -inf  6.89329e+05  3.92205e+00  1.46283e+01
1.187457840e+01  3.7822713e+00         -inf  6.89329e+05  3.78227e+00  1.46300e+01
1.192207672e+01  3.6508390e+00         -inf  6.89329e+05  3.65084e+00  1.46420e+01
1.196976502e+01  3.5062908e+00         -inf  6.89329e+05  3.50629e+00  1.46445e+01
1.201764408e+01  3.3754397e+00         -inf  6.89329e+05  3.37544e+00  1.46688e+01
1.206571466e+01  3.2232714e+00         -inf  6.89329e+05  3.22327e+00  1.47141e+01
1.211397752e+01  3.0987482e+00         -inf  6.89329e+05  3.09875e+00  1.46999e+01
1.216243343e+01  3.0181064e+00         -inf  6.89329e+05  3.01811e+00  1.47674e+01
1.221108316e+01  2.8970649e+00         -inf  6.89329e+05  2.89706e+00  1.47807e+01
1.225992749e+01  2.8773392e+00         -inf  6.89329e+05  2.87734e+00  1.48739e+01
1.230896720e+01  2.8306243e+00         -inf  6.89329e+05  2.83062e+00  1.49321e+01
1.235820307e+01  2.7972109e+00         -inf  6.89329e+05  2.79721e+00  1.50042e+01
1.240763589e+01  2.8105029e+00         -inf  6.89329e+05  2.81050e+00  1.51322e+01
1.245726643e+01  2.6674357e+00         -inf  6.89329e+05  2.66744e+00  1.51294e+01
1.250709549e+01  2.6971178e+00         -inf  6.89329e+05  2.69712e+00  1.53260e+01
1.255712388e+01  2.4160321e+00         -inf  6.89329e+05  2.41603e+00  1.52698e+01
1.260735237e+01  4.0329980e+00         -inf  6.89329e+05  4.03300e+00  1.59890e+01
1.265778178e+01  3.3837546e+00         -inf  6.89329e+05  3.38375e+00  1.59785e+01
1.270841291e+01  2.1653752e+00         -inf  6.89329e+05  2.16538e+00  1.55903e+01
1.275924656e+01  2.4530703e+00         -inf  6.89329e+05  2.45307e+00  1.59360e+01
1.281028355e+01  2.3658365e+00         -inf  6.89329e+05  2.36584e+00  1.59468e+01
1.286152468e+01  2.6851845e+00         -inf  6.89329e+05  2.68518e+00  1.62866e+01
1.291297078e+01  2.6549312e+00         -inf  6.89329e+05  2.65493e+00  1.62292e+01
1.296462266e+01  3.8329624e+00         -inf  6.89329e+05  3.83296e+00  1.70901e+01
1.301648115e+01  3.5220247e+00         -inf  6.89329e+05  3.52202e+00  1.66254e+01
1.306854708e+01  4.4400695e+00         -inf  6.89329e+05  4.44007e+00  1.75195e+01
1.312082127e+01  4.4531083e+00         -inf  6.89329e+05  4.45311e+00  1.71921e+01
1.317330455e+01  5.6673987e+00         -inf  6.89329e+05  5.66740e+00  1.76463e+01
1.322599777e+01  7.6237306e+00         -inf  6.89329e+05  7.62373e+00  1.86458e+01
1.327890176e+01  7.7302395e+00         -inf  6.89329e+05  7.73024e+00  1.83405e+01
1.333201737e+01  1.0154489e+01         -inf  6.89329e+05  1.01545e+01  2.02186e+01
1.338534544e+01  9.6918393e+00         -inf  6.89329e+05  9.69184e+00  1.94146e+01
1.343888682e+01  1.2218907e+01         -inf  6.89329e+05  1.22189e+01  2.14567e+01
1.349264237e+01  1.7387337e+01         -inf  6.89329e+05  1.73873e+01  2.48481e+01
1.354661294e+01  1.4106396e+01         -inf  6.89329e+05  1.41064e+01  2.24068e+01
1.360079939e+01  1.5203510e+01         -inf  6.89329e+05  1.52035e+01  2.34638e+01
1.365520258e+01  1.4722042e+01         -inf  6.89329e+05  1.47220e+01  2.30475e+01
1.370982339e+01  1.5415577e+01         -inf  6.89329e+05  1.54156e+01  2.40067e+01
1.376466269e+01  1.3247804e+01         -inf  6.89329e+05  1.32478e+01  2.23287e+01
1.381972134e+01  1.5686820e+01         -inf  6.89329e+05  1.56868e+01  2.44641e+01
1.387500022e+01  2.8372177e+01         -inf  6.89329e+05  2.83722e+01  3.41595e+01
1.393050023e+01  1.8830306e+01         -inf  6.89329e+05  1.88303e+01  2.63815e+01
1.398622223e+01  1.7255271e+01         -inf  6.89329e+05  1.72553e+01  2.52455e+01
1.404216712e+01  1.9128164e+01         -inf  6.89329e+05  1.91282e+01  2.65362e+01
1.409833578e+01  1.9927799e+01         -inf  6.89329e+05  1.99278e+01  2.70934e+01
1.415472913e+01  2.1586961e+01         -inf  6.89329e+05  2.15870e+01  2.82022e+01
1.421134804e+01  2.4332396e+01         -inf  6.89329e+05  2.43324e+01  3.04754e+01
1.426819344e+01  2.5620099e+01         -inf  6.89329e+05  2.56201e+01  3.14134e+01
1.432526621e+01  2.6657590e+01         -inf  6.89329e+05  2.66576e+01  3.22849e+01
1.438256727e+01  2.9380192e+01         -inf  6.89329e+05  2.93802e+01  3.47449e+01
1.444009754e+01  3.0697734e+01         -inf  6.89329e+05  3.06977e+01  3.61054e+01
1.449785793e+01  3.0805614e+01         -inf  6.89329e+05  3.08056e+01  3.61327e+01
1.455584937e+01  3.2244133e+01         -inf  6.89329e+05  3.22441e+01  3.76991e+01
1.461407276e+01  3.3682266e+01         -inf  6.89329e+05  3.36823e+01  3.93127e+01
1.467252905e+01  3.3545153e+01         -inf  6.89329e+05  3.35452e+01  3.92342e+01
1.473121917e+01  3.3631945e+01         -inf  6.89329e+05  3.36319e+01  3.94127e+01
1.479014405e+01  3.4779044e+01         -inf  6.89329e+05  3.47790e+01  4.07565e+01
1.484930462e+01  3.4330541e+01         -inf  6.89329e+05  3.43305e+01  4.03459e+01
1.490870184e+01  3.4860651e+01         -inf  6.89329e+05  3.48607e+01  4.10192e+01
1.496833665e+01  4.7163402e+01         -inf  6.89329e+05  4.71634e+01  5.38133e+01
1.502821000e+01  3.5466967e+01         -inf  6.89329e+05  3.54670e+01  4.17555e+01
1.508832284e+01  3.6269969e+01         -inf  6.89329e+05  3.62700e+01  4.27641e+01
1.514867613e+01  3.3618690e+01         -inf  6.89329e+05  3.36187e+01  4.00413e+01
1.520927083e+01  3.2229907e+01         -inf  6.89329e+05  3.22299e+01  3.85859e+01
1.527010791e+01  3.2873356e+01         -inf  6.89329e+05  3.28734e+01  3.94244e+01
1.533118835e+01  3.3237214e+01         -inf  6.89329e+05  3.32372e+01  3.99224e+01
1.539251310e+01  3.4805099e+01         -inf  6.89329e+05  3.48051e+01  4.16951e+01
1.545408315e+01  3.1088155e+01         -inf  6.89329e+05  3.10882e+01  3.79320e+01
1.551589948e+01  3.0563112e+01         -inf  6.89329e+05  3.05631e+01  3.74423e+01
1.557796308e+01  2.8519469e+01         -inf  6.89329e+05  2.85195e+01  3.55695e+01
1.564027493e+01  2.6277643e+01         -inf  6.89329e+05  2.62776e+01  3.35722e+01
1.570283603e+01  2.6214317e+01         -inf  6.89329e+05  2.62143e+01  3.37576e+01
1.576564738e+01  2.4394550e+01         -inf  6.89329e+05  2.43946e+01  3.23114e+01
1.582870997e+01  2.2053191e+01         -inf  6.89329e+05  2.20532e+01  3.06620e+01
1.589202481e+01  2.0445830e+01         -inf  6.89329e+05  2.04458e+01  2.95558e+01
1.595559291e+01  1.6741719e+01         -inf  6.89329e+05  1.67417e+01  2.70608e+01
1.601941528e+01  1.6225504e+01         -inf  6.89329e+05  1.62255e+01  2.69527e+01
1.608349294e+01  1.0832936e+01         -inf  6.89329e+05  1.08329e+01  2.36162e+01
1.614782691e+01  1.3732300e+01         -inf  6.89329e+05  1.37323e+01  2.56313e+01
1.621241822e+01  2.2913716e+01         -inf  6.89329e+05  2.29137e+01  3.25825e+01
1.627726789e+01  1.0503608e+01         -inf  6.89329e+05  1.05036e+01  2.36992e+01
1.634237696e+01  7.8519227e+00         -inf  6.89329e+05  7.85192e+00  2.20894e+01
1.640774647e+01  9.9427641e+00         -inf  6.89329e+05  9.94276e+00  2.35278e+01
1.647337746e+01  9.1844915e+00         -inf  6.89329e+05  9.18449e+00  2.33746e+01
1.653927097e+01  7.5139970e+00         -inf  6.89329e+05  7.51400e+00  2.21777e+01
1.660542805e+01  6.3314521e+00         -inf  6.89329e+05  6.33145e+00  2.15626e+01
1.667184976e+01  4.9760057e+00         -inf  6.89329e+05  4.97601e+00  2.09983e+01
1.673853716e+01  1.0719766e+01         -inf  6.89329e+05  1.07198e+01  2.48756e+01
1.680549131e+01  3.6903798e+00         -inf  6.89329e+05  3.69038e+00  2.06778e+01
1.687271328e+01  1.9123944e+00         -inf  6.89329e+05  1.91239e+00  1.95974e+01
1.694020413e+01  1.2450405e+00         -inf  6.89329e+05  1.24504e+00  1.96309e+01
1.700796495e+01 -1.4759440e-01         -inf  6.89329e+05 -1.47594e-01  1.87357e+01
1.707599681e+01 -3.4767968e+00         -inf  6.89329e+05 -3.47680e+00  1.74534e+01
1.714430079e+01 -3.9158262e+00         -inf  6.89329e+05 -3.91583e+00  1.73994e+01
1.721287800e+01 -5.4776354e+00         -inf  6.89329e+05 -5.47764e+00  1.67935e+01
1.728172951e+01 -7.0103278e+00         -inf  6.89329e+05 -7.01033e+00  1.64820e+01
1.735085643e+01 -7.3071648e+00         -inf  6.89329e+05 -7.30716e+00  1.65480e+01
1.742025985e+01 -1.0006532e+01         -inf  6.89329e+05 -1.00065e+01  1.57748e+01
1.748994089e+01 -9.7102975e+00         -inf  6.89329e+05 -9.71030e+00  1.58791e+01
1.755990065e+01 -1.1009474e+01         -inf  6.89329e+05 -1.10095e+01  1.56235e+01
1.763014026e+01 -1.1949549e+01         -inf  6.89329e+05 -1.19495e+01  1.53091e+01
1.770066082e+01 -1.2441532e+01         -inf  6.89329e+05 -1.24415e+01  1.52445e+01
1.777146346e+01 -1.3007240e+01         -inf  6.89329e+05 -1.30072e+01  1.51814e+01
1.784254932e+01 -1.3998442e+01         -inf  6.89329e+05 -1.39984e+01  1.49855e+01
1.791391951e+01 -1.4133610e+01         -inf  6.89329e+05 -1.41336e+01  1.49207e+01
1.798557519e+01 -1.4608619e+01         -inf  6.89329e+05 -1.46086e+01  1.48567e+01
1.805751749e+01 -1.5062130e+01         -inf  6.89329e+05 -1.50621e+01  1.47775e+01
1.812974756e+01 -1.5167260e+01         -inf  6.89329e+05 -1.51673e+01  1.48094e+01
1.820226655e+01 -1.5646980e+01         -inf  6.89329e+05 -1.56470e+01  1.47129e+01
1.827507562e+01 -1.5016175e+01         -inf  6.89329e+05 -1.50162e+01  1.48454e+01
1.834817592e+01 -1.0571172e+01         -inf  6.89329e+05 -1.05712e+01  1.63096e+01
1.842156862e+01 -1.6214557e+01         -inf  6.89329e+05 -1.62146e+01  1.46746e+01
1.849525490e+01 -1.6517983e+01         -inf  6.89329e+05 -1.65180e+01  1.46753e+01
1.856923592e+01 -1.6420647e+01         -inf  6.89329e+05 -1.64206e+01  1.47450e+01
1.864351286e+01 -1.6538180e+01         -inf  6.89329e+05 -1.65382e+01  1.47563e+01
1.871808691e+01 -1.6673531e+01         -inf  6.89329e+05 -1.66735e+01  1.47689e+01
1.879295926e+01 -1.6840585e+01         -inf  6.89329e+05 -1.68406e+01  1.47459e+01
1.886813110e+01 -1.7212587e+01         -inf  6.89329e+05 -1.72126e+01  1.46962e+01
1.894360362e+01 -1.7121207e+01         -inf  6.89329e+05 -1.71212e+01  1.47580e+01
1.901937804e+01 -1.7449633e+01         -inf  6.89329e+05 -1.74496e+01  1.47198e+01
1.909545555e+01 -1.7723158e+01         -inf  6.89329e+05 -1.77232e+01  1.46837e+01
1.917183737e+01 -1.7816265e+01         -inf  6.89329e+05 -1.78163e+01  1.47089e+01
1.924852472e+01 -1.8133657e+01         -inf  6.89329e+05 -1.81337e+01  1.46723e+01
1.932551882e+01 -1.8240209e+01         -inf  6.89329e+05 -1.82402e+01  1.46827e+01
1.940282089e+01 -1.8455075e+01         -inf  6.89329e+05 -1.84551e+01  1.46719e+01
1.948043218e+01 -1.8646351e+01         -inf  6.89329e+05 -1.86464e+01  1.46666e+01
1.955835391e+01 -1.8783863e+01         -inf  6.89329e+05 -1.87839e+01  1.46697e+01
1.963658732e+01 -1.8898597e+01         -inf  6.89329e+05 -1.88986e+01  1.46739e+01
1.971513367e+01 -1.9093324e+01         -inf  6.89329e+05 -1.90933e+01  1.46708e+01
1.979399421e+01 -1.9272892e+01         -inf  6.89329e+05 -1.92729e+01  1.46677e+01
1.987317018e+01 -1.9423000e+01         -inf  6.89329e+05 -1.94230e+01  1.46691e+01
1.995266286e+01 -1.9570234e+01         -inf  6.89329e+05 -1.95702e+01  1.46707e+01
