# WARNING | GENERATOR | Too many electrons per pixel (up to 9.04e+13) detected in the 1.54-19.95 um spectral range. Reduce exposure time per frame to less than 0.000 seconds.
# ------------------------------------------------------------------------
# Radiance spectrum
# NASA-GSFC Planetary Spectrum Generator (PSG) (Villanueva et al. 2018, 2022)
# Synthesized on Tue Oct  6 07:34:43 2026
# Doppler velocities [km/s] (vobs,vrot+vorb,vwidth,vrfl,vstr): 29.00000,-0.00000,0.00000,0.00000,-0.00000
# ------------------------------------------------------------------------
# Spectra synthesized with the Planetary and Universal Model of Atmospheric Scattering (PUMAS, Villanueva et al. 2018, 2022)
# Single scattering radiative transfer method
# Radiative transfer took 6.030 seconds
# ------------------------------------------------------------------------
# Spectral unit: Wavelength [um]
# Radiance unit: Contrast [transit atmospheric thickness, km]
# Wave/freq Total Noise Stellar Earth Transit
2.000000000e-01  4.3574562e+01         -inf  6.89329e+05  4.35746e+01  4.35746e+01
2.008000000e-01  4.3371968e+01         -inf  6.89329e+05  4.33720e+01  4.33720e+01
2.016032000e-01  4.3284816e+01         -inf  6.89329e+05  4.32848e+01  4.32848e+01
2.024096128e-01  4.3235392e+01         -inf  6.89329e+05  4.32354e+01  4.32354e+01
2.032192513e-01  4.3175781e+01         -inf  6.89329e+05  4.31758e+01  4.31758e+01
2.040321283e-01  4.3120696e+01         -inf  6.89329e+05  4.31207e+01  4.31207e+01
2.048482568e-01  4.3077685e+01         -inf  6.89329e+05  4.30777e+01  4.30777e+01
2.056676498e-01  4.3053915e+01         -inf  6.89329e+05  4.30539e+01  4.30539e+01
2.064903204e-01  4.3043351e+01         -inf  6.89329e+05  4.30434e+01  4.30434e+01
2.073162817e-01  4.3033919e+01         -inf  6.89329e+05  4.30339e+01  4.30339e+01
2.081455468e-01  4.3032410e+01         -inf  6.89329e+05  4.30324e+01  4.30324e+01
2.089781290e-01  4.3029014e+01         -inf  6.89329e+05  4.30290e+01  4.30290e+01
2.098140415e-01  4.3047124e+01         -inf  6.89329e+05  4.30471e+01  4.30471e+01
2.106532977e-01  4.3078062e+01         -inf  6.89329e+05  4.30781e+01  4.30781e+01
2.114959109e-01  4.3102209e+01         -inf  6.89329e+05  4.31022e+01  4.31022e+01
2.123418945e-01  4.3206718e+01         -inf  6.89329e+05  4.32067e+01  4.32067e+01
2.131912621e-01  4.3345935e+01         -inf  6.89329e+05  4.33459e+01  4.33459e+01
2.140440271e-01  4.3353104e+01         -inf  6.89329e+05  4.33531e+01  4.33531e+01
2.149002032e-01  4.3447800e+01         -inf  6.89329e+05  4.34478e+01  4.34478e+01
2.157598041e-01  4.3549662e+01         -inf  6.89329e+05  4.35497e+01  4.35497e+01
2.166228433e-01  4.3646242e+01         -inf  6.89329e+05  4.36462e+01  4.36462e+01
2.174893346e-01  4.3771114e+01         -inf  6.89329e+05  4.37711e+01  4.37711e+01
2.183592920e-01  4.3871840e+01         -inf  6.89329e+05  4.38718e+01  4.38718e+01
2.192327292e-01  4.3989540e+01         -inf  6.89329e+05  4.39895e+01  4.39895e+01
2.201096601e-01  4.4107615e+01         -inf  6.89329e+05  4.41076e+01  4.41076e+01
2.209900987e-01  4.4232855e+01         -inf  6.89329e+05  4.42329e+01  4.42329e+01
2.218740591e-01  4.4358847e+01         -inf  6.89329e+05  4.43588e+01  4.43588e+01
2.227615553e-01  4.4480310e+01         -inf  6.89329e+05  4.44803e+01  4.44803e+01
2.236526016e-01  4.4605921e+01         -inf  6.89329e+05  4.46059e+01  4.46059e+01
2.245472120e-01  4.4736809e+01         -inf  6.89329e+05  4.47368e+01  4.47368e+01
2.254454008e-01  4.4852230e+01         -inf  6.89329e+05  4.48522e+01  4.48522e+01
2.263471824e-01  4.4986131e+01         -inf  6.89329e+05  4.49861e+01  4.49861e+01
2.272525711e-01  4.5107205e+01         -inf  6.89329e+05  4.51072e+01  4.51072e+01
2.281615814e-01  4.5231294e+01         -inf  6.89329e+05  4.52313e+01  4.52313e+01
2.290742278e-01  4.5359153e+01         -inf  6.89329e+05  4.53592e+01  4.53592e+01
2.299905247e-01  4.5467397e+01         -inf  6.89329e+05  4.54674e+01  4.54674e+01
2.309104868e-01  4.5597136e+01         -inf  6.89329e+05  4.55971e+01  4.55971e+01
2.318341287e-01  4.5704999e+01         -inf  6.89329e+05  4.57050e+01  4.57050e+01
2.327614652e-01  4.5826060e+01         -inf  6.89329e+05  4.58261e+01  4.58261e+01
2.336925111e-01  4.5925245e+01         -inf  6.89329e+05  4.59252e+01  4.59252e+01
2.346272811e-01  4.6042907e+01         -inf  6.89329e+05  4.60429e+01  4.60429e+01
2.355657903e-01  4.6134546e+01         -inf  6.89329e+05  4.61345e+01  4.61345e+01
2.365080534e-01  4.6234481e+01         -inf  6.89329e+05  4.62345e+01  4.62345e+01
2.374540856e-01  4.6333282e+01         -inf  6.89329e+05  4.63333e+01  4.63333e+01
2.384039020e-01  4.6418507e+01         -inf  6.89329e+05  4.64185e+01  4.64185e+01
2.393575176e-01  4.6502599e+01         -inf  6.89329e+05  4.65026e+01  4.65026e+01
2.403149477e-01  4.6590838e+01         -inf  6.89329e+05  4.65908e+01  4.65908e+01
2.412762074e-01  4.6657582e+01         -inf  6.89329e+05  4.66576e+01  4.66576e+01
2.422413123e-01  4.6728097e+01         -inf  6.89329e+05  4.67281e+01  4.67281e+01
2.432102775e-01  4.6807660e+01         -inf  6.89329e+05  4.68077e+01  4.68077e+01
2.441831186e-01  4.6858942e+01         -inf  6.89329e+05  4.68589e+01  4.68589e+01
2.451598511e-01  4.6919273e+01         -inf  6.89329e+05  4.69193e+01  4.69193e+01
2.461404905e-01  4.6962636e+01         -inf  6.89329e+05  4.69626e+01  4.69626e+01
2.471250525e-01  4.7003359e+01         -inf  6.89329e+05  4.70034e+01  4.70034e+01
2.481135527e-01  4.7027868e+01         -inf  6.89329e+05  4.70279e+01  4.70279e+01
2.491060069e-01  4.7086689e+01         -inf  6.89329e+05  4.70867e+01  4.70867e+01
2.501024309e-01  4.7097247e+01         -inf  6.89329e+05  4.70972e+01  4.70972e+01
2.511028406e-01  4.7085558e+01         -inf  6.89329e+05  4.70856e+01  4.70856e+01
2.521072520e-01  4.7144756e+01         -inf  6.89329e+05  4.71448e+01  4.71448e+01
2.531156810e-01  4.7115722e+01         -inf  6.89329e+05  4.71157e+01  4.71157e+01
2.541281437e-01  4.7115722e+01         -inf  6.89329e+05  4.71157e+01  4.71157e+01
2.551446563e-01  4.7130805e+01         -inf  6.89329e+05  4.71308e+01  4.71308e+01
2.561652349e-01  4.7093099e+01         -inf  6.89329e+05  4.70931e+01  4.70931e+01
2.571898959e-01  4.7048983e+01         -inf  6.89329e+05  4.70490e+01  4.70490e+01
2.582186555e-01  4.7053885e+01         -inf  6.89329e+05  4.70539e+01  4.70539e+01
2.592515301e-01  4.7007506e+01         -inf  6.89329e+05  4.70075e+01  4.70075e+01
2.602885362e-01  4.6955094e+01         -inf  6.89329e+05  4.69551e+01  4.69551e+01
2.613296904e-01  4.6902305e+01         -inf  6.89329e+05  4.69023e+01  4.69023e+01
2.623750091e-01  4.6854417e+01         -inf  6.89329e+05  4.68544e+01  4.68544e+01
2.634245092e-01  4.6738278e+01         -inf  6.89329e+05  4.67383e+01  4.67383e+01
2.644782072e-01  4.6727342e+01         -inf  6.89329e+05  4.67273e+01  4.67273e+01
2.655361200e-01  4.6609693e+01         -inf  6.89329e+05  4.66097e+01  4.66097e+01
2.665982645e-01  4.6506747e+01         -inf  6.89329e+05  4.65067e+01  4.65067e+01
2.676646576e-01  4.6420015e+01         -inf  6.89329e+05  4.64200e+01  4.64200e+01
2.687353162e-01  4.6254845e+01         -inf  6.89329e+05  4.62548e+01  4.62548e+01
2.698102574e-01  4.6202049e+01         -inf  6.89329e+05  4.62020e+01  4.62020e+01
2.708894985e-01  4.6011983e+01         -inf  6.89329e+05  4.60120e+01  4.60120e+01
2.719730565e-01  4.5905634e+01         -inf  6.89329e+05  4.59056e+01  4.59056e+01
2.730609487e-01  4.5752895e+01         -inf  6.89329e+05  4.57529e+01  4.57529e+01
2.741531925e-01  4.5529250e+01         -inf  6.89329e+05  4.55292e+01  4.55292e+01
2.752498053e-01  4.5406675e+01         -inf  6.89329e+05  4.54067e+01  4.54067e+01
2.763508045e-01  4.5209041e+01         -inf  6.89329e+05  4.52090e+01  4.52090e+01
2.774562077e-01  4.5017437e+01         -inf  6.89329e+05  4.50174e+01  4.50174e+01
2.785660325e-01  4.4804327e+01         -inf  6.89329e+05  4.48043e+01  4.48043e+01
2.796802967e-01  4.4602903e+01         -inf  6.89329e+05  4.46029e+01  4.46029e+01
2.807990178e-01  4.4336214e+01         -inf  6.89329e+05  4.43362e+01  4.43362e+01
2.819222139e-01  4.4076681e+01         -inf  6.89329e+05  4.40767e+01  4.40767e+01
2.830499028e-01  4.3879007e+01         -inf  6.89329e+05  4.38790e+01  4.38790e+01
2.841821024e-01  4.3581730e+01         -inf  6.89329e+05  4.35817e+01  4.35817e+01
2.853188308e-01  4.3296889e+01         -inf  6.89329e+05  4.32969e+01  4.32969e+01
2.864601061e-01  4.3045238e+01         -inf  6.89329e+05  4.30452e+01  4.30452e+01
2.876059465e-01  4.2723396e+01         -inf  6.89329e+05  4.27234e+01  4.27234e+01
2.887563703e-01  4.2393992e+01         -inf  6.89329e+05  4.23940e+01  4.23940e+01
2.899113958e-01  4.2075514e+01         -inf  6.89329e+05  4.20755e+01  4.20755e+01
2.910710414e-01  4.1774757e+01         -inf  6.89329e+05  4.17748e+01  4.17748e+01
2.922353256e-01  4.1400394e+01         -inf  6.89329e+05  4.14004e+01  4.14004e+01
2.934042669e-01  4.1056958e+01         -inf  6.89329e+05  4.10570e+01  4.10570e+01
2.945778839e-01  4.0705199e+01         -inf  6.89329e+05  4.07052e+01  4.07052e+01
2.957561955e-01  4.0296803e+01         -inf  6.89329e+05  4.02968e+01  4.02968e+01
2.969392202e-01  3.9927262e+01         -inf  6.89329e+05  3.99273e+01  3.99273e+01
2.981269771e-01  3.9548639e+01         -inf  6.89329e+05  3.95486e+01  3.95486e+01
2.993194850e-01  3.9191512e+01         -inf  6.89329e+05  3.91915e+01  3.91915e+01
3.005167630e-01  3.8824550e+01         -inf  6.89329e+05  3.88245e+01  3.88245e+01
3.017188300e-01  3.8430759e+01         -inf  6.89329e+05  3.84308e+01  3.84308e+01
3.029257054e-01  3.8058467e+01         -inf  6.89329e+05  3.80585e+01  3.80585e+01
3.041374082e-01  3.7749931e+01         -inf  6.89329e+05  3.77499e+01  3.77499e+01
3.053539578e-01  3.7309663e+01         -inf  6.89329e+05  3.73097e+01  3.73097e+01
3.065753736e-01  3.7042520e+01         -inf  6.89329e+05  3.70425e+01  3.70425e+01
3.078016751e-01  3.6596425e+01         -inf  6.89329e+05  3.65964e+01  3.65964e+01
3.090328818e-01  3.6323851e+01         -inf  6.89329e+05  3.63239e+01  3.63239e+01
3.102690134e-01  3.5882201e+01         -inf  6.89329e+05  3.58822e+01  3.58822e+01
3.115100894e-01  3.5618888e+01         -inf  6.89329e+05  3.56189e+01  3.56189e+01
3.127561298e-01  3.5148556e+01         -inf  6.89329e+05  3.51486e+01  3.51486e+01
3.140071543e-01  3.4931188e+01         -inf  6.89329e+05  3.49312e+01  3.49312e+01
3.152631829e-01  3.4513886e+01         -inf  6.89329e+05  3.45139e+01  3.45139e+01
3.165242356e-01  3.4093420e+01         -inf  6.89329e+05  3.40934e+01  3.40934e+01
3.177903326e-01  3.3963146e+01         -inf  6.89329e+05  3.39631e+01  3.39631e+01
3.190614939e-01  3.3349028e+01         -inf  6.89329e+05  3.33490e+01  3.33490e+01
3.203377399e-01  3.3320574e+01         -inf  6.89329e+05  3.33206e+01  3.33206e+01
3.216190908e-01  3.2734889e+01         -inf  6.89329e+05  3.27349e+01  3.27349e+01
3.229055672e-01  3.2775513e+01         -inf  6.89329e+05  3.27755e+01  3.27755e+01
3.241971895e-01  3.2031270e+01         -inf  6.89329e+05  3.20313e+01  3.20313e+01
3.254939782e-01  3.2317783e+01         -inf  6.89329e+05  3.23178e+01  3.23178e+01
3.267959541e-01  3.1570350e+01         -inf  6.89329e+05  3.15703e+01  3.15703e+01
3.281031380e-01  3.1832165e+01         -inf  6.89329e+05  3.18322e+01  3.18322e+01
3.294155505e-01  3.1100740e+01         -inf  6.89329e+05  3.11007e+01  3.11007e+01
3.307332127e-01  3.1359022e+01         -inf  6.89329e+05  3.13590e+01  3.13590e+01
3.320561456e-01  3.0928748e+01         -inf  6.89329e+05  3.09287e+01  3.09287e+01
3.333843702e-01  3.0863125e+01         -inf  6.89329e+05  3.08631e+01  3.08631e+01
3.347179076e-01  3.0650300e+01         -inf  6.89329e+05  3.06503e+01  3.06503e+01
3.360567793e-01  3.0419019e+01         -inf  6.89329e+05  3.04190e+01  3.04190e+01
3.374010064e-01  3.0527704e+01         -inf  6.89329e+05  3.05277e+01  3.05277e+01
3.387506104e-01  3.0183533e+01         -inf  6.89329e+05  3.01835e+01  3.01835e+01
3.401056128e-01  3.0159678e+01         -inf  6.89329e+05  3.01597e+01  3.01597e+01
3.414660353e-01  2.9965771e+01         -inf  6.89329e+05  2.99658e+01  2.99658e+01
3.428318994e-01  2.9848229e+01         -inf  6.89329e+05  2.98482e+01  2.98482e+01
3.442032270e-01  2.9857340e+01         -inf  6.89329e+05  2.98573e+01  2.98573e+01
3.455800399e-01  2.9660890e+01         -inf  6.89329e+05  2.96609e+01  2.96609e+01
3.469623601e-01  2.9566633e+01         -inf  6.89329e+05  2.95666e+01  2.95666e+01
3.483502095e-01  2.9458914e+01         -inf  6.89329e+05  2.94589e+01  2.94589e+01
3.497436104e-01  2.9351836e+01         -inf  6.89329e+05  2.93518e+01  2.93518e+01
3.511425848e-01  2.9285819e+01         -inf  6.89329e+05  2.92858e+01  2.92858e+01
3.525471552e-01  2.9181612e+01         -inf  6.89329e+05  2.91816e+01  2.91816e+01
3.539573438e-01  2.9070446e+01         -inf  6.89329e+05  2.90704e+01  2.90704e+01
3.553731732e-01  2.8979886e+01         -inf  6.89329e+05  2.89799e+01  2.89799e+01
3.567946659e-01  2.8883841e+01         -inf  6.89329e+05  2.88838e+01  2.88838e+01
3.582218445e-01  2.8789913e+01         -inf  6.89329e+05  2.87899e+01  2.87899e+01
3.596547319e-01  2.8702638e+01         -inf  6.89329e+05  2.87026e+01  2.87026e+01
3.610933508e-01  2.8605493e+01         -inf  6.89329e+05  2.86055e+01  2.86055e+01
3.625377242e-01  2.8511069e+01         -inf  6.89329e+05  2.85111e+01  2.85111e+01
3.639878751e-01  2.8418497e+01         -inf  6.89329e+05  2.84185e+01  2.84185e+01
3.654438266e-01  2.8326074e+01         -inf  6.89329e+05  2.83261e+01  2.83261e+01
3.669056019e-01  2.8232970e+01         -inf  6.89329e+05  2.82330e+01  2.82330e+01
3.683732243e-01  2.8140998e+01         -inf  6.89329e+05  2.81410e+01  2.81410e+01
3.698467172e-01  2.8048231e+01         -inf  6.89329e+05  2.80482e+01  2.80482e+01
3.713261041e-01  2.7955387e+01         -inf  6.89329e+05  2.79554e+01  2.79554e+01
3.728114085e-01  2.7862920e+01         -inf  6.89329e+05  2.78629e+01  2.78629e+01
3.743026542e-01  2.7770755e+01         -inf  6.89329e+05  2.77708e+01  2.77708e+01
3.757998648e-01  2.7678285e+01         -inf  6.89329e+05  2.76783e+01  2.76783e+01
3.773030642e-01  2.7586079e+01         -inf  6.89329e+05  2.75861e+01  2.75861e+01
3.788122765e-01  2.7493871e+01         -inf  6.89329e+05  2.74939e+01  2.74939e+01
3.803275256e-01  2.7401775e+01         -inf  6.89329e+05  2.74018e+01  2.74018e+01
3.818488357e-01  2.7309452e+01         -inf  6.89329e+05  2.73095e+01  2.73095e+01
3.833762310e-01  2.7217618e+01         -inf  6.89329e+05  2.72176e+01  2.72176e+01
3.849097360e-01  2.7125595e+01         -inf  6.89329e+05  2.71256e+01  2.71256e+01
3.864493749e-01  2.7033759e+01         -inf  6.89329e+05  2.70338e+01  2.70338e+01
3.879951724e-01  2.6941959e+01         -inf  6.89329e+05  2.69420e+01  2.69420e+01
3.895471531e-01  2.6850196e+01         -inf  6.89329e+05  2.68502e+01  2.68502e+01
3.911053417e-01  2.6758621e+01         -inf  6.89329e+05  2.67586e+01  2.67586e+01
3.926697631e-01  2.6667271e+01         -inf  6.89329e+05  2.66673e+01  2.66673e+01
3.942404421e-01  2.6576337e+01         -inf  6.89329e+05  2.65763e+01  2.65763e+01
3.958174039e-01  2.6485287e+01         -inf  6.89329e+05  2.64853e+01  2.64853e+01
3.974006735e-01  2.6393934e+01         -inf  6.89329e+05  2.63939e+01  2.63939e+01
3.989902762e-01  2.6302654e+01         -inf  6.89329e+05  2.63027e+01  2.63027e+01
4.005862373e-01  2.6211979e+01         -inf  6.89329e+05  2.62120e+01  2.62120e+01
4.021885823e-01  2.6121681e+01         -inf  6.89329e+05  2.61217e+01  2.61217e+01
4.037973366e-01  2.6030739e+01         -inf  6.89329e+05  2.60307e+01  2.60307e+01
4.054125259e-01  2.5939833e+01         -inf  6.89329e+05  2.59398e+01  2.59398e+01
4.070341760e-01  2.5850704e+01         -inf  6.89329e+05  2.58507e+01  2.58507e+01
4.086623127e-01  2.5762708e+01         -inf  6.89329e+05  2.57627e+01  2.57627e+01
4.102969620e-01  2.5673274e+01         -inf  6.89329e+05  2.56733e+01  2.56733e+01
4.119381498e-01  2.5582173e+01         -inf  6.89329e+05  2.55822e+01  2.55822e+01
4.135859024e-01  2.5491299e+01         -inf  6.89329e+05  2.54913e+01  2.54913e+01
4.152402460e-01  2.5403261e+01         -inf  6.89329e+05  2.54033e+01  2.54033e+01
4.169012070e-01  2.5316394e+01         -inf  6.89329e+05  2.53164e+01  2.53164e+01
4.185688119e-01  2.5227407e+01         -inf  6.89329e+05  2.52274e+01  2.52274e+01
4.202430871e-01  2.5137966e+01         -inf  6.89329e+05  2.51380e+01  2.51380e+01
4.219240595e-01  2.5052533e+01         -inf  6.89329e+05  2.50525e+01  2.50525e+01
4.236117557e-01  2.4970770e+01         -inf  6.89329e+05  2.49708e+01  2.49708e+01
4.253062027e-01  2.4887756e+01         -inf  6.89329e+05  2.48878e+01  2.48878e+01
4.270074275e-01  2.4798461e+01         -inf  6.89329e+05  2.47985e+01  2.47985e+01
4.287154572e-01  2.4706630e+01         -inf  6.89329e+05  2.47066e+01  2.47066e+01
4.304303191e-01  2.4619791e+01         -inf  6.89329e+05  2.46198e+01  2.46198e+01
4.321520403e-01  2.4539725e+01         -inf  6.89329e+05  2.45397e+01  2.45397e+01
4.338806485e-01  2.4456214e+01         -inf  6.89329e+05  2.44562e+01  2.44562e+01
4.356161711e-01  2.4367594e+01         -inf  6.89329e+05  2.43676e+01  2.43676e+01
4.373586358e-01  2.4284876e+01         -inf  6.89329e+05  2.42849e+01  2.42849e+01
4.391080703e-01  2.4213509e+01         -inf  6.89329e+05  2.42135e+01  2.42135e+01
4.408645026e-01  2.4144828e+01         -inf  6.89329e+05  2.41448e+01  2.41448e+01
4.426279606e-01  2.4070848e+01         -inf  6.89329e+05  2.40708e+01  2.40708e+01
4.443984725e-01  2.3982866e+01         -inf  6.89329e+05  2.39829e+01  2.39829e+01
4.461760664e-01  2.3887125e+01         -inf  6.89329e+05  2.38871e+01  2.38871e+01
4.479607706e-01  2.3804968e+01         -inf  6.89329e+05  2.38050e+01  2.38050e+01
4.497526137e-01  2.3737985e+01         -inf  6.89329e+05  2.37380e+01  2.37380e+01
4.515516242e-01  2.3661465e+01         -inf  6.89329e+05  2.36615e+01  2.36615e+01
4.533578307e-01  2.3574007e+01         -inf  6.89329e+05  2.35740e+01  2.35740e+01
4.551712620e-01  2.3498545e+01         -inf  6.89329e+05  2.34985e+01  2.34985e+01
4.569919470e-01  2.3445562e+01         -inf  6.89329e+05  2.34456e+01  2.34456e+01
4.588199148e-01  2.3403251e+01         -inf  6.89329e+05  2.34033e+01  2.34033e+01
4.606551945e-01  2.3357306e+01         -inf  6.89329e+05  2.33573e+01  2.33573e+01
4.624978152e-01  2.3281841e+01         -inf  6.89329e+05  2.32818e+01  2.32818e+01
4.643478065e-01  2.3176325e+01         -inf  6.89329e+05  2.31763e+01  2.31763e+01
4.662051977e-01  2.3080648e+01         -inf  6.89329e+05  2.30806e+01  2.30806e+01
4.680700185e-01  2.3020281e+01         -inf  6.89329e+05  2.30203e+01  2.30203e+01
4.699422986e-01  2.2967067e+01         -inf  6.89329e+05  2.29671e+01  2.29671e+01
4.718220678e-01  2.2891749e+01         -inf  6.89329e+05  2.28917e+01  2.28917e+01
4.737093561e-01  2.2817868e+01         -inf  6.89329e+05  2.28179e+01  2.28179e+01
4.756041935e-01  2.2774342e+01         -inf  6.89329e+05  2.27743e+01  2.27743e+01
4.775066103e-01  2.2764009e+01         -inf  6.89329e+05  2.27640e+01  2.27640e+01
4.794166367e-01  2.2768588e+01         -inf  6.89329e+05  2.27686e+01  2.27686e+01
4.813343033e-01  2.2760527e+01         -inf  6.89329e+05  2.27605e+01  2.27605e+01
4.832596405e-01  2.2696788e+01         -inf  6.89329e+05  2.26968e+01  2.26968e+01
4.851926790e-01  2.2585509e+01         -inf  6.89329e+05  2.25855e+01  2.25855e+01
4.871334497e-01  2.2484448e+01         -inf  6.89329e+05  2.24844e+01  2.24844e+01
4.890819835e-01  2.2431873e+01         -inf  6.89329e+05  2.24319e+01  2.24319e+01
4.910383115e-01  2.2399131e+01         -inf  6.89329e+05  2.23991e+01  2.23991e+01
4.930024647e-01  2.2345004e+01         -inf  6.89329e+05  2.23450e+01  2.23450e+01
4.949744746e-01  2.2286825e+01         -inf  6.89329e+05  2.22868e+01  2.22868e+01
4.969543725e-01  2.2263963e+01         -inf  6.89329e+05  2.22640e+01  2.22640e+01
4.989421900e-01  2.2289399e+01         -inf  6.89329e+05  2.22894e+01  2.22894e+01
5.009379587e-01  2.2345836e+01         -inf  6.89329e+05  2.23458e+01  2.23458e+01
5.029417106e-01  2.2405604e+01         -inf  6.89329e+05  2.24056e+01  2.24056e+01
5.049534774e-01  2.2420215e+01         -inf  6.89329e+05  2.24202e+01  2.24202e+01
5.069732913e-01  2.2360334e+01         -inf  6.89329e+05  2.23603e+01  2.23603e+01
5.090011845e-01  2.2255749e+01         -inf  6.89329e+05  2.22557e+01  2.22557e+01
5.110371892e-01  2.2170580e+01         -inf  6.89329e+05  2.21706e+01  2.21706e+01
5.130813380e-01  2.2135907e+01         -inf  6.89329e+05  2.21359e+01  2.21359e+01
5.151336633e-01  2.2126671e+01         -inf  6.89329e+05  2.21267e+01  2.21267e+01
5.171941980e-01  2.2110962e+01         -inf  6.89329e+05  2.21110e+01  2.21110e+01
5.192629748e-01  2.2093815e+01         -inf  6.89329e+05  2.20938e+01  2.20938e+01
5.213400267e-01  2.2097751e+01         -inf  6.89329e+05  2.20978e+01  2.20978e+01
5.234253868e-01  2.2138443e+01         -inf  6.89329e+05  2.21384e+01  2.21384e+01
5.255190883e-01  2.2209985e+01         -inf  6.89329e+05  2.22100e+01  2.22100e+01
5.276211647e-01  2.2293184e+01         -inf  6.89329e+05  2.22932e+01  2.22932e+01
5.297316493e-01  2.2365595e+01         -inf  6.89329e+05  2.23656e+01  2.23656e+01
5.318505759e-01  2.2403484e+01         -inf  6.89329e+05  2.24035e+01  2.24035e+01
5.339779782e-01  2.2389782e+01         -inf  6.89329e+05  2.23898e+01  2.23898e+01
5.361138902e-01  2.2334140e+01         -inf  6.89329e+05  2.23341e+01  2.23341e+01
5.382583457e-01  2.2288604e+01         -inf  6.89329e+05  2.22886e+01  2.22886e+01
5.404113791e-01  2.2291746e+01         -inf  6.89329e+05  2.22917e+01  2.22917e+01
5.425730246e-01  2.2326532e+01         -inf  6.89329e+05  2.23265e+01  2.23265e+01
5.447433167e-01  2.2355981e+01         -inf  6.89329e+05  2.23560e+01  2.23560e+01
5.469222900e-01  2.2363059e+01         -inf  6.89329e+05  2.23631e+01  2.23631e+01
5.491099791e-01  2.2357305e+01         -inf  6.89329e+05  2.23573e+01  2.23573e+01
5.513064191e-01  2.2353217e+01         -inf  6.89329e+05  2.23532e+01  2.23532e+01
5.535116447e-01  2.2359349e+01         -inf  6.89329e+05  2.23593e+01  2.23593e+01
5.557256913e-01  2.2387284e+01         -inf  6.89329e+05  2.23873e+01  2.23873e+01
5.579485941e-01  2.2449587e+01         -inf  6.89329e+05  2.24496e+01  2.24496e+01
5.601803884e-01  2.2541830e+01         -inf  6.89329e+05  2.25418e+01  2.25418e+01
5.624211100e-01  2.2635661e+01         -inf  6.89329e+05  2.26357e+01  2.26357e+01
5.646707944e-01  2.2704358e+01         -inf  6.89329e+05  2.27044e+01  2.27044e+01
5.669294776e-01  2.2749929e+01         -inf  6.89329e+05  2.27499e+01  2.27499e+01
5.691971955e-01  2.2790655e+01         -inf  6.89329e+05  2.27907e+01  2.27907e+01
5.714739843e-01  2.2829942e+01         -inf  6.89329e+05  2.28299e+01  2.28299e+01
5.737598803e-01  2.2837512e+01         -inf  6.89329e+05  2.28375e+01  2.28375e+01
5.760549198e-01  2.2788573e+01         -inf  6.89329e+05  2.27886e+01  2.27886e+01
5.783591395e-01  2.2698340e+01         -inf  6.89329e+05  2.26983e+01  2.26983e+01
5.806725760e-01  2.2594101e+01         -inf  6.89329e+05  2.25941e+01  2.25941e+01
5.829952663e-01  2.2498831e+01         -inf  6.89329e+05  2.24988e+01  2.24988e+01
5.853272474e-01  2.2425211e+01         -inf  6.89329e+05  2.24252e+01  2.24252e+01
5.876685564e-01  2.2378502e+01         -inf  6.89329e+05  2.23785e+01  2.23785e+01
5.900192306e-01  2.2364573e+01         -inf  6.89329e+05  2.23646e+01  2.23646e+01
5.923793075e-01  2.2399813e+01         -inf  6.89329e+05  2.23998e+01  2.23998e+01
5.947488247e-01  2.2488233e+01         -inf  6.89329e+05  2.24882e+01  2.24882e+01
5.971278200e-01  2.2593912e+01         -inf  6.89329e+05  2.25939e+01  2.25939e+01
5.995163313e-01  2.2674532e+01         -inf  6.89329e+05  2.26745e+01  2.26745e+01
6.019143966e-01  2.2693533e+01         -inf  6.89329e+05  2.26935e+01  2.26935e+01
6.043220542e-01  2.2639332e+01         -inf  6.89329e+05  2.26393e+01  2.26393e+01
6.067393425e-01  2.2523094e+01         -inf  6.89329e+05  2.25231e+01  2.25231e+01
6.091662998e-01  2.2364914e+01         -inf  6.89329e+05  2.23649e+01  2.23649e+01
6.116029650e-01  2.2193216e+01         -inf  6.89329e+05  2.21932e+01  2.21932e+01
6.140493769e-01  2.2027685e+01         -inf  6.89329e+05  2.20277e+01  2.20277e+01
6.165055744e-01  2.1876117e+01         -inf  6.89329e+05  2.18761e+01  2.18761e+01
6.189715967e-01  2.1741694e+01         -inf  6.89329e+05  2.17417e+01  2.17417e+01
6.214474831e-01  2.1623092e+01         -inf  6.89329e+05  2.16231e+01  2.16231e+01
6.239332730e-01  2.1511113e+01         -inf  6.89329e+05  2.15111e+01  2.15111e+01
6.264290061e-01  2.1394892e+01         -inf  6.89329e+05  2.13949e+01  2.13949e+01
6.289347221e-01  2.1279313e+01         -inf  6.89329e+05  2.12793e+01  2.12793e+01
6.314504610e-01  2.1139463e+01         -inf  6.89329e+05  2.11395e+01  2.11395e+01
6.339762629e-01  2.1003094e+01         -inf  6.89329e+05  2.10031e+01  2.10031e+01
6.365121679e-01  2.0855023e+01         -inf  6.89329e+05  2.08550e+01  2.08550e+01
6.390582166e-01  2.0701459e+01         -inf  6.89329e+05  2.07015e+01  2.07015e+01
6.416144494e-01  2.0546263e+01         -inf  6.89329e+05  2.05463e+01  2.05463e+01
6.441809072e-01  2.0407344e+01         -inf  6.89329e+05  2.04073e+01  2.04073e+01
6.467576309e-01  2.0276261e+01         -inf  6.89329e+05  2.02763e+01  2.02763e+01
6.493446614e-01  2.0150627e+01         -inf  6.89329e+05  2.01506e+01  2.01506e+01
6.519420400e-01  2.0033018e+01         -inf  6.89329e+05  2.00330e+01  2.00330e+01
6.545498082e-01  1.9909727e+01         -inf  6.89329e+05  1.99097e+01  1.99097e+01
6.571680074e-01  1.9784994e+01         -inf  6.89329e+05  1.97850e+01  1.97850e+01
6.597966795e-01  1.9664993e+01         -inf  6.89329e+05  1.96650e+01  1.96650e+01
6.624358662e-01  1.9549496e+01         -inf  6.89329e+05  1.95495e+01  1.95495e+01
6.650856096e-01  1.9425324e+01         -inf  6.89329e+05  1.94253e+01  1.94253e+01
6.677459521e-01  1.9291229e+01         -inf  6.89329e+05  1.92912e+01  1.92912e+01
6.704169359e-01  1.9158796e+01         -inf  6.89329e+05  1.91588e+01  1.91588e+01
6.730986036e-01  1.9032194e+01         -inf  6.89329e+05  1.90322e+01  1.90322e+01
6.757909981e-01  1.8914223e+01         -inf  6.89329e+05  1.89142e+01  1.89142e+01
6.784941620e-01  1.8801439e+01         -inf  6.89329e+05  1.88014e+01  1.88014e+01
6.812081387e-01  1.8704484e+01         -inf  6.89329e+05  1.87045e+01  1.87045e+01
6.839329712e-01  1.8624798e+01         -inf  6.89329e+05  1.86248e+01  1.86248e+01
6.866687031e-01  1.8654605e+01         -inf  6.89329e+05  1.86546e+01  1.86546e+01
6.894153779e-01  1.8561625e+01         -inf  6.89329e+05  1.85616e+01  1.85616e+01
6.921730395e-01  1.8342708e+01         -inf  6.89329e+05  1.83427e+01  1.83427e+01
6.949417316e-01  1.8205484e+01         -inf  6.89329e+05  1.82055e+01  1.82055e+01
6.977214985e-01  1.8102081e+01         -inf  6.89329e+05  1.81021e+01  1.81021e+01
7.005123845e-01  1.8009471e+01         -inf  6.89329e+05  1.80095e+01  1.80095e+01
7.033144341e-01  1.7932618e+01         -inf  6.89329e+05  1.79326e+01  1.79326e+01
7.061276918e-01  1.7867695e+01         -inf  6.89329e+05  1.78677e+01  1.78677e+01
7.089522026e-01  1.7809172e+01         -inf  6.89329e+05  1.78092e+01  1.78092e+01
7.117880114e-01  1.7758415e+01         -inf  6.89329e+05  1.77584e+01  1.77584e+01
7.146351634e-01  1.7723490e+01         -inf  6.89329e+05  1.77235e+01  1.77235e+01
7.174937041e-01  1.7671141e+01         -inf  6.89329e+05  1.76711e+01  1.76711e+01
7.203636789e-01  1.7578753e+01         -inf  6.89329e+05  1.75788e+01  1.75788e+01
7.232451336e-01  1.7492765e+01         -inf  6.89329e+05  1.74928e+01  1.74928e+01
7.261381142e-01  1.7427648e+01         -inf  6.89329e+05  1.74276e+01  1.74276e+01
7.290426666e-01  1.7357075e+01         -inf  6.89329e+05  1.73571e+01  1.73571e+01
7.319588373e-01  1.7296882e+01         -inf  6.89329e+05  1.72969e+01  1.72969e+01
7.348866726e-01  1.7256500e+01         -inf  6.89329e+05  1.72565e+01  1.72565e+01
7.378262193e-01  1.7224792e+01         -inf  6.89329e+05  1.72248e+01  1.72248e+01
7.407775242e-01  1.7200396e+01         -inf  6.89329e+05  1.72004e+01  1.72004e+01
7.437406343e-01  1.7193880e+01         -inf  6.89329e+05  1.71939e+01  1.71939e+01
7.467155968e-01  1.7192479e+01         -inf  6.89329e+05  1.71925e+01  1.71925e+01
7.497024592e-01  1.7147664e+01         -inf  6.89329e+05  1.71477e+01  1.71477e+01
7.527012690e-01  1.7050457e+01         -inf  6.89329e+05  1.70505e+01  1.70505e+01
7.557120741e-01  1.6962264e+01         -inf  6.89329e+05  1.69623e+01  1.69623e+01
7.587349224e-01  1.7094855e+01         -inf  6.89329e+05  1.70949e+01  1.70949e+01
7.617698621e-01  1.7671028e+01         -inf  6.89329e+05  1.76710e+01  1.76710e+01
7.648169416e-01  1.7247181e+01         -inf  6.89329e+05  1.72472e+01  1.72472e+01
7.678762093e-01  1.6859750e+01         -inf  6.89329e+05  1.68598e+01  1.68598e+01
7.709477142e-01  1.6780950e+01         -inf  6.89329e+05  1.67810e+01  1.67810e+01
7.740315050e-01  1.6789475e+01         -inf  6.89329e+05  1.67895e+01  1.67895e+01
7.771276310e-01  1.6815388e+01         -inf  6.89329e+05  1.68154e+01  1.68154e+01
7.802361416e-01  1.6806560e+01         -inf  6.89329e+05  1.68066e+01  1.68066e+01
7.833570861e-01  1.6738519e+01         -inf  6.89329e+05  1.67385e+01  1.67385e+01
7.864905145e-01  1.6658468e+01         -inf  6.89329e+05  1.66585e+01  1.66585e+01
7.896364765e-01  1.6600124e+01         -inf  6.89329e+05  1.66001e+01  1.66001e+01
7.927950224e-01  1.6550342e+01         -inf  6.89329e+05  1.65503e+01  1.65503e+01
7.959662025e-01  1.6506962e+01         -inf  6.89329e+05  1.65070e+01  1.65070e+01
7.991500673e-01  1.6475592e+01         -inf  6.89329e+05  1.64756e+01  1.64756e+01
8.023466676e-01  1.6449716e+01         -inf  6.89329e+05  1.64497e+01  1.64497e+01
8.055560543e-01  1.6435129e+01         -inf  6.89329e+05  1.64351e+01  1.64351e+01
8.087782785e-01  1.6443692e+01         -inf  6.89329e+05  1.64437e+01  1.64437e+01
8.120133916e-01  1.6463203e+01         -inf  6.89329e+05  1.64632e+01  1.64632e+01
8.152614452e-01  1.6477828e+01         -inf  6.89329e+05  1.64778e+01  1.64778e+01
8.185224910e-01  1.6458013e+01         -inf  6.89329e+05  1.64580e+01  1.64580e+01
8.217965809e-01  1.6392923e+01         -inf  6.89329e+05  1.63929e+01  1.63929e+01
8.250837672e-01  1.6313133e+01         -inf  6.89329e+05  1.63131e+01  1.63131e+01
8.283841023e-01  1.6252626e+01         -inf  6.89329e+05  1.62526e+01  1.62526e+01
8.316976387e-01  1.6211177e+01         -inf  6.89329e+05  1.62112e+01  1.62112e+01
8.350244293e-01  1.6182723e+01         -inf  6.89329e+05  1.61827e+01  1.61827e+01
8.383645270e-01  1.6164082e+01         -inf  6.89329e+05  1.61641e+01  1.61641e+01
8.417179851e-01  1.6151124e+01         -inf  6.89329e+05  1.61511e+01  1.61511e+01
8.450848570e-01  1.6146767e+01         -inf  6.89329e+05  1.61468e+01  1.61468e+01
8.484651965e-01  1.6157641e+01         -inf  6.89329e+05  1.61576e+01  1.61576e+01
8.518590573e-01  1.6190263e+01         -inf  6.89329e+05  1.61903e+01  1.61903e+01
8.552664935e-01  1.6183405e+01         -inf  6.89329e+05  1.61834e+01  1.61834e+01
8.586875595e-01  1.6137333e+01         -inf  6.89329e+05  1.61373e+01  1.61373e+01
8.621223097e-01  1.6082205e+01         -inf  6.89329e+05  1.60822e+01  1.60822e+01
8.655707989e-01  1.6030903e+01         -inf  6.89329e+05  1.60309e+01  1.60309e+01
8.690330821e-01  1.5996461e+01         -inf  6.89329e+05  1.59965e+01  1.59965e+01
8.725092145e-01  1.5968044e+01         -inf  6.89329e+05  1.59680e+01  1.59680e+01
8.759992513e-01  1.5948796e+01         -inf  6.89329e+05  1.59488e+01  1.59488e+01
8.795032483e-01  1.5937657e+01         -inf  6.89329e+05  1.59377e+01  1.59377e+01
8.830212613e-01  1.5935876e+01         -inf  6.89329e+05  1.59359e+01  1.59359e+01
8.865533464e-01  1.5931557e+01         -inf  6.89329e+05  1.59316e+01  1.59316e+01
8.900995597e-01  1.5919887e+01         -inf  6.89329e+05  1.59199e+01  1.59199e+01
8.936599580e-01  1.5904314e+01         -inf  6.89329e+05  1.59043e+01  1.59043e+01
8.972345978e-01  1.5907951e+01         -inf  6.89329e+05  1.59080e+01  1.59080e+01
9.008235362e-01  1.5890636e+01         -inf  6.89329e+05  1.58906e+01  1.58906e+01
9.044268304e-01  1.5855890e+01         -inf  6.89329e+05  1.58559e+01  1.58559e+01
9.080445377e-01  1.5824441e+01         -inf  6.89329e+05  1.58244e+01  1.58244e+01
9.116767158e-01  1.5800229e+01         -inf  6.89329e+05  1.58002e+01  1.58002e+01
9.153234227e-01  1.5781701e+01         -inf  6.89329e+05  1.57817e+01  1.57817e+01
9.189847164e-01  1.5766924e+01         -inf  6.89329e+05  1.57669e+01  1.57669e+01
9.226606552e-01  1.5755367e+01         -inf  6.89329e+05  1.57554e+01  1.57554e+01
9.263512979e-01  1.5744757e+01         -inf  6.89329e+05  1.57448e+01  1.57448e+01
9.300567031e-01  1.5734527e+01         -inf  6.89329e+05  1.57345e+01  1.57345e+01
9.337769299e-01  1.5722553e+01         -inf  6.89329e+05  1.57226e+01  1.57226e+01
9.375120376e-01  1.5719333e+01         -inf  6.89329e+05  1.57193e+01  1.57193e+01
9.412620857e-01  1.5728805e+01         -inf  6.89329e+05  1.57288e+01  1.57288e+01
9.450271341e-01  1.5729904e+01         -inf  6.89329e+05  1.57299e+01  1.57299e+01
9.488072426e-01  1.5698568e+01         -inf  6.89329e+05  1.56986e+01  1.56986e+01
9.526024716e-01  1.5670643e+01         -inf  6.89329e+05  1.56706e+01  1.56706e+01
9.564128815e-01  1.5656168e+01         -inf  6.89329e+05  1.56562e+01  1.56562e+01
9.602385330e-01  1.5640822e+01         -inf  6.89329e+05  1.56408e+01  1.56408e+01
9.640794871e-01  1.5628962e+01         -inf  6.89329e+05  1.56290e+01  1.56290e+01
9.679358051e-01  1.5616950e+01         -inf  6.89329e+05  1.56170e+01  1.56170e+01
9.718075483e-01  1.5605014e+01         -inf  6.89329e+05  1.56050e+01  1.56050e+01
9.756947785e-01  1.5593798e+01         -inf  6.89329e+05  1.55938e+01  1.55938e+01
9.795975576e-01  1.5584250e+01         -inf  6.89329e+05  1.55842e+01  1.55842e+01
9.835159478e-01  1.5576141e+01         -inf  6.89329e+05  1.55761e+01  1.55761e+01
9.874500116e-01  1.5574360e+01         -inf  6.89329e+05  1.55744e+01  1.55744e+01
9.913998117e-01  1.5592207e+01         -inf  6.89329e+05  1.55922e+01  1.55922e+01
9.953654109e-01  1.5572655e+01         -inf  6.89329e+05  1.55727e+01  1.55727e+01
9.993468726e-01  1.5547267e+01         -inf  6.89329e+05  1.55473e+01  1.55473e+01
1.003344260e+00  1.5533209e+01         -inf  6.89329e+05  1.55332e+01  1.55332e+01
1.007357637e+00  1.5522562e+01         -inf  6.89329e+05  1.55226e+01  1.55226e+01
1.011387068e+00  1.5513240e+01         -inf  6.89329e+05  1.55132e+01  1.55132e+01
1.015432616e+00  1.5504411e+01         -inf  6.89329e+05  1.55044e+01  1.55044e+01
1.019494346e+00  1.5495582e+01         -inf  6.89329e+05  1.54956e+01  1.54956e+01
1.023572324e+00  1.5486981e+01         -inf  6.89329e+05  1.54870e+01  1.54870e+01
1.027666613e+00  1.5478796e+01         -inf  6.89329e+05  1.54788e+01  1.54788e+01
1.031777280e+00  1.5470687e+01         -inf  6.89329e+05  1.54707e+01  1.54707e+01
1.035904389e+00  1.5466140e+01         -inf  6.89329e+05  1.54661e+01  1.54661e+01
1.040048006e+00  1.5462199e+01         -inf  6.89329e+05  1.54622e+01  1.54622e+01
1.044208198e+00  1.5451930e+01         -inf  6.89329e+05  1.54519e+01  1.54519e+01
1.048385031e+00  1.5456364e+01         -inf  6.89329e+05  1.54564e+01  1.54564e+01
1.052578571e+00  1.5453219e+01         -inf  6.89329e+05  1.54532e+01  1.54532e+01
1.056788885e+00  1.5427830e+01         -inf  6.89329e+05  1.54278e+01  1.54278e+01
1.061016041e+00  1.5419797e+01         -inf  6.89329e+05  1.54198e+01  1.54198e+01
1.065260105e+00  1.5416463e+01         -inf  6.89329e+05  1.54165e+01  1.54165e+01
1.069521146e+00  1.5406118e+01         -inf  6.89329e+05  1.54061e+01  1.54061e+01
1.073799230e+00  1.5398388e+01         -inf  6.89329e+05  1.53984e+01  1.53984e+01
1.078094427e+00  1.5391605e+01         -inf  6.89329e+05  1.53916e+01  1.53916e+01
1.082406805e+00  1.5384936e+01         -inf  6.89329e+05  1.53849e+01  1.53849e+01
1.086736432e+00  1.5378570e+01         -inf  6.89329e+05  1.53786e+01  1.53786e+01
1.091083378e+00  1.5372583e+01         -inf  6.89329e+05  1.53726e+01  1.53726e+01
1.095447711e+00  1.5366785e+01         -inf  6.89329e+05  1.53668e+01  1.53668e+01
1.099829502e+00  1.5360722e+01         -inf  6.89329e+05  1.53607e+01  1.53607e+01
1.104228820e+00  1.5354470e+01         -inf  6.89329e+05  1.53545e+01  1.53545e+01
1.108645735e+00  1.5349316e+01         -inf  6.89329e+05  1.53493e+01  1.53493e+01
1.113080318e+00  1.5347156e+01         -inf  6.89329e+05  1.53472e+01  1.53472e+01
1.117532640e+00  1.5344996e+01         -inf  6.89329e+05  1.53450e+01  1.53450e+01
1.122002770e+00  1.5346474e+01         -inf  6.89329e+05  1.53465e+01  1.53465e+01
1.126490781e+00  1.5352537e+01         -inf  6.89329e+05  1.53525e+01  1.53525e+01
1.130996744e+00  1.5347990e+01         -inf  6.89329e+05  1.53480e+01  1.53480e+01
1.135520731e+00  1.5347838e+01         -inf  6.89329e+05  1.53478e+01  1.53478e+01
1.140062814e+00  1.5325140e+01         -inf  6.89329e+05  1.53251e+01  1.53251e+01
1.144623065e+00  1.5319191e+01         -inf  6.89329e+05  1.53192e+01  1.53192e+01
1.149201558e+00  1.5324458e+01         -inf  6.89329e+05  1.53245e+01  1.53245e+01
1.153798364e+00  1.5343594e+01         -inf  6.89329e+05  1.53436e+01  1.53436e+01
1.158413557e+00  1.5329043e+01         -inf  6.89329e+05  1.53290e+01  1.53290e+01
1.163047212e+00  1.5343746e+01         -inf  6.89329e+05  1.53437e+01  1.53437e+01
1.167699401e+00  1.5319759e+01         -inf  6.89329e+05  1.53198e+01  1.53198e+01
1.172370198e+00  1.5302556e+01         -inf  6.89329e+05  1.53026e+01  1.53026e+01
1.177059679e+00  1.5287853e+01         -inf  6.89329e+05  1.52879e+01  1.52879e+01
1.181767918e+00  1.5278607e+01         -inf  6.89329e+05  1.52786e+01  1.52786e+01
1.186494989e+00  1.5271900e+01         -inf  6.89329e+05  1.52719e+01  1.52719e+01
1.191240969e+00  1.5265155e+01         -inf  6.89329e+05  1.52652e+01  1.52652e+01
1.196005933e+00  1.5256250e+01         -inf  6.89329e+05  1.52562e+01  1.52562e+01
1.200789957e+00  1.5297819e+01         -inf  6.89329e+05  1.52978e+01  1.52978e+01
1.205593117e+00  1.5543895e+01         -inf  6.89329e+05  1.55439e+01  1.55439e+01
1.210415489e+00  1.5353333e+01         -inf  6.89329e+05  1.53533e+01  1.53533e+01
1.215257151e+00  1.5264662e+01         -inf  6.89329e+05  1.52647e+01  1.52647e+01
1.220118180e+00  1.5472241e+01         -inf  6.89329e+05  1.54722e+01  1.54722e+01
1.224998652e+00  1.5322109e+01         -inf  6.89329e+05  1.53221e+01  1.53221e+01
1.229898647e+00  1.5233135e+01         -inf  6.89329e+05  1.52331e+01  1.52331e+01
1.234818242e+00  1.5228246e+01         -inf  6.89329e+05  1.52282e+01  1.52282e+01
1.239757515e+00  1.5218924e+01         -inf  6.89329e+05  1.52189e+01  1.52189e+01
1.244716545e+00  1.5211232e+01         -inf  6.89329e+05  1.52112e+01  1.52112e+01
1.249695411e+00  1.5208958e+01         -inf  6.89329e+05  1.52090e+01  1.52090e+01
1.254694192e+00  1.5210019e+01         -inf  6.89329e+05  1.52100e+01  1.52100e+01
1.259712969e+00  1.5224002e+01         -inf  6.89329e+05  1.52240e+01  1.52240e+01
1.264751821e+00  1.5276712e+01         -inf  6.89329e+05  1.52767e+01  1.52767e+01
1.269810828e+00  1.5329839e+01         -inf  6.89329e+05  1.53298e+01  1.53298e+01
1.274890072e+00  1.5216575e+01         -inf  6.89329e+05  1.52166e+01  1.52166e+01
1.279989632e+00  1.5192474e+01         -inf  6.89329e+05  1.51925e+01  1.51925e+01
1.285109591e+00  1.5184175e+01         -inf  6.89329e+05  1.51842e+01  1.51842e+01
1.290250029e+00  1.5201228e+01         -inf  6.89329e+05  1.52012e+01  1.52012e+01
1.295411029e+00  1.5196984e+01         -inf  6.89329e+05  1.51970e+01  1.51970e+01
1.300592673e+00  1.5174096e+01         -inf  6.89329e+05  1.51741e+01  1.51741e+01
1.305795044e+00  1.5170685e+01         -inf  6.89329e+05  1.51707e+01  1.51707e+01
1.311018224e+00  1.5183569e+01         -inf  6.89329e+05  1.51836e+01  1.51836e+01
1.316262297e+00  1.5257538e+01         -inf  6.89329e+05  1.52575e+01  1.52575e+01
1.321527346e+00  1.5227185e+01         -inf  6.89329e+05  1.52272e+01  1.52272e+01
1.326813455e+00  1.5179363e+01         -inf  6.89329e+05  1.51794e+01  1.51794e+01
1.332120709e+00  1.5245564e+01         -inf  6.89329e+05  1.52456e+01  1.52456e+01
1.337449192e+00  1.5213847e+01         -inf  6.89329e+05  1.52138e+01  1.52138e+01
1.342798989e+00  1.5228890e+01         -inf  6.89329e+05  1.52289e+01  1.52289e+01
1.348170185e+00  1.5192512e+01         -inf  6.89329e+05  1.51925e+01  1.51925e+01
1.353562866e+00  1.5199030e+01         -inf  6.89329e+05  1.51990e+01  1.51990e+01
1.358977117e+00  1.5216992e+01         -inf  6.89329e+05  1.52170e+01  1.52170e+01
1.364413026e+00  1.5214870e+01         -inf  6.89329e+05  1.52149e+01  1.52149e+01
1.369870678e+00  1.5205813e+01         -inf  6.89329e+05  1.52058e+01  1.52058e+01
1.375350160e+00  1.5210019e+01         -inf  6.89329e+05  1.52100e+01  1.52100e+01
1.380851561e+00  1.5213013e+01         -inf  6.89329e+05  1.52130e+01  1.52130e+01
1.386374967e+00  1.5212672e+01         -inf  6.89329e+05  1.52127e+01  1.52127e+01
1.391920467e+00  1.5204714e+01         -inf  6.89329e+05  1.52047e+01  1.52047e+01
1.397488149e+00  1.5200167e+01         -inf  6.89329e+05  1.52002e+01  1.52002e+01
1.403078102e+00  1.5199826e+01         -inf  6.89329e+05  1.51998e+01  1.51998e+01
1.408690414e+00  1.5192209e+01         -inf  6.89329e+05  1.51922e+01  1.51922e+01
1.414325176e+00  1.5159014e+01         -inf  6.89329e+05  1.51590e+01  1.51590e+01
1.419982476e+00  1.5143439e+01         -inf  6.89329e+05  1.51434e+01  1.51434e+01
1.425662406e+00  1.5135178e+01         -inf  6.89329e+05  1.51352e+01  1.51352e+01
1.431365056e+00  1.6718516e+01         -inf  6.89329e+05  1.67185e+01  1.67185e+01
1.437090516e+00  1.6317604e+01         -inf  6.89329e+05  1.63176e+01  1.63176e+01
1.442838878e+00  1.5656698e+01         -inf  6.89329e+05  1.56567e+01  1.56567e+01
1.448610234e+00  1.5224230e+01         -inf  6.89329e+05  1.52242e+01  1.52242e+01
1.454404675e+00  1.5114033e+01         -inf  6.89329e+05  1.51140e+01  1.51140e+01
1.460222293e+00  1.5103801e+01         -inf  6.89329e+05  1.51038e+01  1.51038e+01
1.466063182e+00  1.5100505e+01         -inf  6.89329e+05  1.51005e+01  1.51005e+01
1.471927435e+00  1.5215249e+01         -inf  6.89329e+05  1.52152e+01  1.52152e+01
1.477815145e+00  1.5192702e+01         -inf  6.89329e+05  1.51927e+01  1.51927e+01
1.483726405e+00  1.5113995e+01         -inf  6.89329e+05  1.51140e+01  1.51140e+01
1.489661311e+00  1.5095199e+01         -inf  6.89329e+05  1.50952e+01  1.50952e+01
1.495619956e+00  1.5118694e+01         -inf  6.89329e+05  1.51187e+01  1.51187e+01
1.501602436e+00  1.5099747e+01         -inf  6.89329e+05  1.50997e+01  1.50997e+01
1.507608846e+00  1.5084740e+01         -inf  6.89329e+05  1.50847e+01  1.50847e+01
1.513639281e+00  1.5083338e+01         -inf  6.89329e+05  1.50833e+01  1.50833e+01
1.519693838e+00  1.5082921e+01         -inf  6.89329e+05  1.50829e+01  1.50829e+01
1.525772614e+00  1.5103195e+01         -inf  6.89329e+05  1.51032e+01  1.51032e+01
1.531875704e+00  1.5220440e+01         -inf  6.89329e+05  1.52204e+01  1.52204e+01
1.538003207e+00  1.5305853e+01         -inf  6.89329e+05  1.53059e+01  1.53059e+01
1.544155220e+00  1.5187434e+01         -inf  6.89329e+05  1.51874e+01  1.51874e+01
1.550331841e+00  1.5075039e+01         -inf  6.89329e+05  1.50750e+01  1.50750e+01
1.556533168e+00  1.5072349e+01         -inf  6.89329e+05  1.50723e+01  1.50723e+01
1.562759301e+00  1.5073258e+01         -inf  6.89329e+05  1.50733e+01  1.50733e+01
1.569010338e+00  1.5529610e+01         -inf  6.89329e+05  1.55296e+01  1.55296e+01
1.575286379e+00  1.5947736e+01         -inf  6.89329e+05  1.59477e+01  1.59477e+01
1.581587525e+00  1.5520705e+01         -inf  6.89329e+05  1.55207e+01  1.55207e+01
1.587913875e+00  1.5098382e+01         -inf  6.89329e+05  1.50984e+01  1.50984e+01
1.594265530e+00  1.5091334e+01         -inf  6.89329e+05  1.50913e+01  1.50913e+01
1.600642593e+00  1.5859679e+01         -inf  6.89329e+05  1.58597e+01  1.58597e+01
1.607045163e+00  1.5894387e+01         -inf  6.89329e+05  1.58944e+01  1.58944e+01
1.613473344e+00  1.5452120e+01         -inf  6.89329e+05  1.54521e+01  1.54521e+01
1.619927237e+00  1.5108917e+01         -inf  6.89329e+05  1.51089e+01  1.51089e+01
1.626406946e+00  1.5107705e+01         -inf  6.89329e+05  1.51077e+01  1.51077e+01
1.632912574e+00  1.5171178e+01         -inf  6.89329e+05  1.51712e+01  1.51712e+01
1.639444224e+00  1.5302973e+01         -inf  6.89329e+05  1.53030e+01  1.53030e+01
1.646002001e+00  1.5357501e+01         -inf  6.89329e+05  1.53575e+01  1.53575e+01
1.652586009e+00  1.5289179e+01         -inf  6.89329e+05  1.52892e+01  1.52892e+01
1.659196353e+00  1.5134534e+01         -inf  6.89329e+05  1.51345e+01  1.51345e+01
1.665833138e+00  1.5510626e+01         -inf  6.89329e+05  1.55106e+01  1.55106e+01
1.672496471e+00  1.5127031e+01         -inf  6.89329e+05  1.51270e+01  1.51270e+01
1.679186457e+00  1.5162386e+01         -inf  6.89329e+05  1.51624e+01  1.51624e+01
1.685903203e+00  1.5157422e+01         -inf  6.89329e+05  1.51574e+01  1.51574e+01
1.692646815e+00  1.5152647e+01         -inf  6.89329e+05  1.51526e+01  1.51526e+01
1.699417403e+00  1.5162159e+01         -inf  6.89329e+05  1.51622e+01  1.51622e+01
1.706215072e+00  1.5296720e+01         -inf  6.89329e+05  1.52967e+01  1.52967e+01
1.713039933e+00  1.5175725e+01         -inf  6.89329e+05  1.51757e+01  1.51757e+01
1.719892092e+00  1.5160681e+01         -inf  6.89329e+05  1.51607e+01  1.51607e+01
1.726771661e+00  1.5249618e+01         -inf  6.89329e+05  1.52496e+01  1.52496e+01
1.733678747e+00  1.5142113e+01         -inf  6.89329e+05  1.51421e+01  1.51421e+01
1.740613462e+00  1.5103991e+01         -inf  6.89329e+05  1.51040e+01  1.51040e+01
1.747575916e+00  1.5080004e+01         -inf  6.89329e+05  1.50800e+01  1.50800e+01
1.754566220e+00  1.5073410e+01         -inf  6.89329e+05  1.50734e+01  1.50734e+01
1.761584485e+00  1.5074206e+01         -inf  6.89329e+05  1.50742e+01  1.50742e+01
1.768630823e+00  1.5117709e+01         -inf  6.89329e+05  1.51177e+01  1.51177e+01
1.775705346e+00  1.5158938e+01         -inf  6.89329e+05  1.51589e+01  1.51589e+01
1.782808167e+00  1.5108804e+01         -inf  6.89329e+05  1.51088e+01  1.51088e+01
1.789939400e+00  1.5207821e+01         -inf  6.89329e+05  1.52078e+01  1.52078e+01
1.797099158e+00  1.5088151e+01         -inf  6.89329e+05  1.50882e+01  1.50882e+01
1.804287554e+00  1.5091978e+01         -inf  6.89329e+05  1.50920e+01  1.50920e+01
1.811504704e+00  1.5088644e+01         -inf  6.89329e+05  1.50886e+01  1.50886e+01
1.818750723e+00  1.5071629e+01         -inf  6.89329e+05  1.50716e+01  1.50716e+01
1.826025726e+00  1.5054917e+01         -inf  6.89329e+05  1.50549e+01  1.50549e+01
1.833329829e+00  1.5056168e+01         -inf  6.89329e+05  1.50562e+01  1.50562e+01
1.840663148e+00  1.5064391e+01         -inf  6.89329e+05  1.50644e+01  1.50644e+01
1.848025801e+00  1.5063519e+01         -inf  6.89329e+05  1.50635e+01  1.50635e+01
1.855417904e+00  1.5061928e+01         -inf  6.89329e+05  1.50619e+01  1.50619e+01
1.862839576e+00  1.5057418e+01         -inf  6.89329e+05  1.50574e+01  1.50574e+01
1.870290934e+00  1.5067763e+01         -inf  6.89329e+05  1.50678e+01  1.50678e+01
1.877772098e+00  1.5321465e+01         -inf  6.89329e+05  1.53215e+01  1.53215e+01
1.885283186e+00  1.5319570e+01         -inf  6.89329e+05  1.53196e+01  1.53196e+01
1.892824319e+00  1.5080193e+01         -inf  6.89329e+05  1.50802e+01  1.50802e+01
1.900395616e+00  1.5047300e+01         -inf  6.89329e+05  1.50473e+01  1.50473e+01
1.907997199e+00  1.5042450e+01         -inf  6.89329e+05  1.50424e+01  1.50424e+01
1.915629188e+00  1.5036121e+01         -inf  6.89329e+05  1.50361e+01  1.50361e+01
1.923291704e+00  1.5029793e+01         -inf  6.89329e+05  1.50298e+01  1.50298e+01
1.930984871e+00  1.5025283e+01         -inf  6.89329e+05  1.50253e+01  1.50253e+01
1.938708811e+00  1.5084702e+01         -inf  6.89329e+05  1.50847e+01  1.50847e+01
1.946463646e+00  1.6086562e+01         -inf  6.89329e+05  1.60866e+01  1.60866e+01
1.954249500e+00  1.9135203e+01         -inf  6.89329e+05  1.91352e+01  1.91352e+01
1.962066498e+00  1.8623927e+01         -inf  6.89329e+05  1.86239e+01  1.86239e+01
1.969914764e+00  1.7531781e+01         -inf  6.89329e+05  1.75318e+01  1.75318e+01
1.977794423e+00  1.5615056e+01         -inf  6.89329e+05  1.56151e+01  1.56151e+01
1.985705601e+00  1.5254507e+01         -inf  6.89329e+05  1.52545e+01  1.52545e+01
1.993648424e+00  1.5713838e+01         -inf  6.89329e+05  1.57138e+01  1.57138e+01
2.001623017e+00  2.1250692e+01         -inf  6.89329e+05  2.12507e+01  2.12507e+01
2.009629509e+00  2.1693391e+01         -inf  6.89329e+05  2.16934e+01  2.16934e+01
2.017668027e+00  2.0064559e+01         -inf  6.89329e+05  2.00646e+01  2.00646e+01
2.025738699e+00  1.6601677e+01         -inf  6.89329e+05  1.66017e+01  1.66017e+01
2.033841654e+00  1.6156466e+01         -inf  6.89329e+05  1.61565e+01  1.61565e+01
2.041977021e+00  1.6409328e+01         -inf  6.89329e+05  1.64093e+01  1.64093e+01
2.050144929e+00  1.7789779e+01         -inf  6.89329e+05  1.77898e+01  1.77898e+01
2.058345509e+00  1.8209158e+01         -inf  6.89329e+05  1.82092e+01  1.82092e+01
2.066578891e+00  1.7790574e+01         -inf  6.89329e+05  1.77906e+01  1.77906e+01
2.074845206e+00  1.6540492e+01         -inf  6.89329e+05  1.65405e+01  1.65405e+01
2.083144587e+00  1.5992748e+01         -inf  6.89329e+05  1.59927e+01  1.59927e+01
2.091477165e+00  1.5591790e+01         -inf  6.89329e+05  1.55918e+01  1.55918e+01
2.099843074e+00  1.5339956e+01         -inf  6.89329e+05  1.53400e+01  1.53400e+01
2.108242446e+00  1.5252384e+01         -inf  6.89329e+05  1.52524e+01  1.52524e+01
2.116675416e+00  1.5169510e+01         -inf  6.89329e+05  1.51695e+01  1.51695e+01
2.125142118e+00  1.5070530e+01         -inf  6.89329e+05  1.50705e+01  1.50705e+01
2.133642686e+00  1.5046656e+01         -inf  6.89329e+05  1.50467e+01  1.50467e+01
2.142177257e+00  1.5111645e+01         -inf  6.89329e+05  1.51116e+01  1.51116e+01
2.150745966e+00  1.5255151e+01         -inf  6.89329e+05  1.52552e+01  1.52552e+01
2.159348950e+00  1.5253029e+01         -inf  6.89329e+05  1.52530e+01  1.52530e+01
2.167986346e+00  1.5223471e+01         -inf  6.89329e+05  1.52235e+01  1.52235e+01
2.176658291e+00  1.5197287e+01         -inf  6.89329e+05  1.51973e+01  1.51973e+01
2.185364924e+00  1.5090841e+01         -inf  6.89329e+05  1.50908e+01  1.50908e+01
2.194106384e+00  1.5148327e+01         -inf  6.89329e+05  1.51483e+01  1.51483e+01
2.202882810e+00  1.5650332e+01         -inf  6.89329e+05  1.56503e+01  1.56503e+01
2.211694341e+00  1.5094517e+01         -inf  6.89329e+05  1.50945e+01  1.50945e+01
2.220541118e+00  1.5235862e+01         -inf  6.89329e+05  1.52359e+01  1.52359e+01
2.229423283e+00  1.5338933e+01         -inf  6.89329e+05  1.53389e+01  1.53389e+01
2.238340976e+00  1.5382472e+01         -inf  6.89329e+05  1.53825e+01  1.53825e+01
2.247294340e+00  1.5502933e+01         -inf  6.89329e+05  1.55029e+01  1.55029e+01
2.256283517e+00  1.5558407e+01         -inf  6.89329e+05  1.55584e+01  1.55584e+01
2.265308651e+00  1.5667951e+01         -inf  6.89329e+05  1.56680e+01  1.56680e+01
2.274369886e+00  1.5866385e+01         -inf  6.89329e+05  1.58664e+01  1.58664e+01
2.283467365e+00  1.5890559e+01         -inf  6.89329e+05  1.58906e+01  1.58906e+01
2.292601235e+00  1.6082014e+01         -inf  6.89329e+05  1.60820e+01  1.60820e+01
2.301771640e+00  1.6392165e+01         -inf  6.89329e+05  1.63922e+01  1.63922e+01
2.310978726e+00  1.5571252e+01         -inf  6.89329e+05  1.55713e+01  1.55713e+01
2.320222641e+00  1.6255959e+01         -inf  6.89329e+05  1.62560e+01  1.62560e+01
2.329503532e+00  1.5881162e+01         -inf  6.89329e+05  1.58812e+01  1.58812e+01
2.338821546e+00  1.6176205e+01         -inf  6.89329e+05  1.61762e+01  1.61762e+01
2.348176832e+00  1.6412168e+01         -inf  6.89329e+05  1.64122e+01  1.64122e+01
2.357569539e+00  1.5991686e+01         -inf  6.89329e+05  1.59917e+01  1.59917e+01
2.366999817e+00  1.6139604e+01         -inf  6.89329e+05  1.61396e+01  1.61396e+01
2.376467817e+00  1.6189086e+01         -inf  6.89329e+05  1.61891e+01  1.61891e+01
2.385973688e+00  1.5619070e+01         -inf  6.89329e+05  1.56191e+01  1.56191e+01
2.395517583e+00  1.5616569e+01         -inf  6.89329e+05  1.56166e+01  1.56166e+01
2.405099653e+00  1.5335824e+01         -inf  6.89329e+05  1.53358e+01  1.53358e+01
2.414720052e+00  1.5180724e+01         -inf  6.89329e+05  1.51807e+01  1.51807e+01
2.424378932e+00  1.5326274e+01         -inf  6.89329e+05  1.53263e+01  1.53263e+01
2.434076448e+00  1.5159958e+01         -inf  6.89329e+05  1.51600e+01  1.51600e+01
2.443812753e+00  1.5102509e+01         -inf  6.89329e+05  1.51025e+01  1.51025e+01
2.453588004e+00  1.5069692e+01         -inf  6.89329e+05  1.50697e+01  1.50697e+01
2.463402356e+00  1.5034563e+01         -inf  6.89329e+05  1.50346e+01  1.50346e+01
2.473255966e+00  1.5056769e+01         -inf  6.89329e+05  1.50568e+01  1.50568e+01
2.483148990e+00  1.5534985e+01         -inf  6.89329e+05  1.55350e+01  1.55350e+01
2.493081586e+00  1.5367045e+01         -inf  6.89329e+05  1.53670e+01  1.53671e+01
2.503053912e+00  1.5221761e+01         -inf  6.89329e+05  1.52218e+01  1.52218e+01
2.513066128e+00  1.5090608e+01         -inf  6.89329e+05  1.50906e+01  1.50906e+01
2.523118392e+00  1.5046422e+01         -inf  6.89329e+05  1.50464e+01  1.50464e+01
2.533210866e+00  1.5043201e+01         -inf  6.89329e+05  1.50432e+01  1.50432e+01
2.543343709e+00  1.5031947e+01         -inf  6.89329e+05  1.50319e+01  1.50320e+01
2.553517084e+00  1.5092428e+01         -inf  6.89329e+05  1.50924e+01  1.50924e+01
2.563731152e+00  1.5290123e+01         -inf  6.89329e+05  1.52901e+01  1.52901e+01
2.573986077e+00  1.5306607e+01         -inf  6.89329e+05  1.53066e+01  1.53066e+01
2.584282021e+00  1.5422675e+01         -inf  6.89329e+05  1.54227e+01  1.54227e+01
2.594619149e+00  1.5485766e+01         -inf  6.89329e+05  1.54858e+01  1.54858e+01
2.604997626e+00  1.5435710e+01         -inf  6.89329e+05  1.54357e+01  1.54357e+01
2.615417616e+00  1.5426464e+01         -inf  6.89329e+05  1.54265e+01  1.54265e+01
2.625879287e+00  1.5313580e+01         -inf  6.89329e+05  1.53136e+01  1.53136e+01
2.636382804e+00  1.5256929e+01         -inf  6.89329e+05  1.52569e+01  1.52569e+01
2.646928335e+00  1.5240293e+01         -inf  6.89329e+05  1.52403e+01  1.52403e+01
2.657516049e+00  1.5530895e+01         -inf  6.89329e+05  1.55309e+01  1.55309e+01
2.668146113e+00  2.2452235e+01         -inf  6.89329e+05  2.24522e+01  2.24522e+01
2.678818697e+00  3.2832386e+01         -inf  6.89329e+05  3.28324e+01  3.28324e+01
2.689533972e+00  3.2237662e+01         -inf  6.89329e+05  3.22377e+01  3.22377e+01
2.700292108e+00  3.2944999e+01         -inf  6.89329e+05  3.29450e+01  3.29450e+01
2.711093276e+00  2.9111736e+01         -inf  6.89329e+05  2.91117e+01  2.91117e+01
2.721937650e+00  2.3104565e+01         -inf  6.89329e+05  2.31046e+01  2.31046e+01
2.732825400e+00  2.1493620e+01         -inf  6.89329e+05  2.14936e+01  2.14936e+01
2.743756702e+00  2.5400611e+01         -inf  6.89329e+05  2.54006e+01  2.54006e+01
2.754731729e+00  3.1554625e+01         -inf  6.89329e+05  3.15546e+01  3.15546e+01
2.765750655e+00  3.0761362e+01         -inf  6.89329e+05  3.07614e+01  3.07614e+01
2.776813658e+00  3.2064339e+01         -inf  6.89329e+05  3.20643e+01  3.20643e+01
2.787920913e+00  2.9254738e+01         -inf  6.89329e+05  2.92547e+01  2.92547e+01
2.799072596e+00  2.5178712e+01         -inf  6.89329e+05  2.51787e+01  2.51787e+01
2.810268887e+00  2.2892614e+01         -inf  6.89329e+05  2.28926e+01  2.28926e+01
2.821509962e+00  2.0868644e+01         -inf  6.89329e+05  2.08686e+01  2.08687e+01
2.832796002e+00  1.8626709e+01         -inf  6.89329e+05  1.86267e+01  1.86267e+01
2.844127186e+00  1.8763618e+01         -inf  6.89329e+05  1.87636e+01  1.87636e+01
2.855503695e+00  1.7467727e+01         -inf  6.89329e+05  1.74677e+01  1.74678e+01
2.866925710e+00  1.6704489e+01         -inf  6.89329e+05  1.67045e+01  1.67045e+01
2.878393413e+00  1.6080516e+01         -inf  6.89329e+05  1.60805e+01  1.60806e+01
2.889906986e+00  1.5717636e+01         -inf  6.89329e+05  1.57176e+01  1.57177e+01
2.901466614e+00  1.5271519e+01         -inf  6.89329e+05  1.52715e+01  1.52716e+01
2.913072481e+00  1.5055135e+01         -inf  6.89329e+05  1.50551e+01  1.50552e+01
2.924724770e+00  1.5013521e+01         -inf  6.89329e+05  1.50135e+01  1.50136e+01
2.936423670e+00  1.4993961e+01         -inf  6.89329e+05  1.49940e+01  1.49941e+01
2.948169364e+00  1.5013963e+01         -inf  6.89329e+05  1.50140e+01  1.50141e+01
2.959962042e+00  1.5161861e+01         -inf  6.89329e+05  1.51619e+01  1.51620e+01
2.971801890e+00  1.5321464e+01         -inf  6.89329e+05  1.53215e+01  1.53216e+01
2.983689097e+00  1.5444268e+01         -inf  6.89329e+05  1.54443e+01  1.54444e+01
2.995623854e+00  1.5150772e+01         -inf  6.89329e+05  1.51508e+01  1.51509e+01
3.007606349e+00  1.5138410e+01         -inf  6.89329e+05  1.51384e+01  1.51386e+01
3.019636775e+00  1.5124380e+01         -inf  6.89329e+05  1.51244e+01  1.51245e+01
3.031715322e+00  1.5013337e+01         -inf  6.89329e+05  1.50133e+01  1.50135e+01
3.043842183e+00  1.4994417e+01         -inf  6.89329e+05  1.49944e+01  1.49946e+01
3.056017552e+00  1.4996150e+01         -inf  6.89329e+05  1.49961e+01  1.49963e+01
3.068241622e+00  1.4989089e+01         -inf  6.89329e+05  1.49891e+01  1.49893e+01
3.080514588e+00  1.4985591e+01         -inf  6.89329e+05  1.49856e+01  1.49858e+01
3.092836647e+00  1.4985616e+01         -inf  6.89329e+05  1.49856e+01  1.49858e+01
3.105207993e+00  1.4993598e+01         -inf  6.89329e+05  1.49936e+01  1.49938e+01
3.117628825e+00  1.5071231e+01         -inf  6.89329e+05  1.50712e+01  1.50715e+01
3.130099341e+00  1.5408775e+01         -inf  6.89329e+05  1.54088e+01  1.54090e+01
3.142619738e+00  1.5225506e+01         -inf  6.89329e+05  1.52255e+01  1.52258e+01
3.155190217e+00  1.5361416e+01         -inf  6.89329e+05  1.53614e+01  1.53617e+01
3.167810978e+00  1.5302778e+01         -inf  6.89329e+05  1.53028e+01  1.53031e+01
3.180482222e+00  1.5804919e+01         -inf  6.89329e+05  1.58049e+01  1.58052e+01
3.193204151e+00  1.5830817e+01         -inf  6.89329e+05  1.58308e+01  1.58311e+01
3.205976967e+00  1.6000965e+01         -inf  6.89329e+05  1.60010e+01  1.60013e+01
3.218800875e+00  1.6606368e+01         -inf  6.89329e+05  1.66064e+01  1.66067e+01
3.231676079e+00  1.6255914e+01         -inf  6.89329e+05  1.62559e+01  1.62563e+01
3.244602783e+00  1.6936490e+01         -inf  6.89329e+05  1.69365e+01  1.69369e+01
3.257581194e+00  1.7000871e+01         -inf  6.89329e+05  1.70009e+01  1.70013e+01
3.270611519e+00  1.8554624e+01         -inf  6.89329e+05  1.85546e+01  1.85551e+01
3.283693965e+00  1.7496198e+01         -inf  6.89329e+05  1.74962e+01  1.74967e+01
3.296828741e+00  1.7418604e+01         -inf  6.89329e+05  1.74186e+01  1.74191e+01
3.310016056e+00  2.1595111e+01         -inf  6.89329e+05  2.15951e+01  2.15955e+01
3.323256120e+00  1.9116477e+01         -inf  6.89329e+05  1.91165e+01  1.91169e+01
3.336549144e+00  1.5723430e+01         -inf  6.89329e+05  1.57234e+01  1.57241e+01
3.349895341e+00  1.5887094e+01         -inf  6.89329e+05  1.58871e+01  1.58878e+01
3.363294922e+00  1.6975493e+01         -inf  6.89329e+05  1.69755e+01  1.69761e+01
3.376748102e+00  1.6840470e+01         -inf  6.89329e+05  1.68405e+01  1.68411e+01
3.390255094e+00  1.6916355e+01         -inf  6.89329e+05  1.69164e+01  1.69171e+01
3.403816115e+00  1.6716309e+01         -inf  6.89329e+05  1.67163e+01  1.67171e+01
3.417431379e+00  1.5982951e+01         -inf  6.89329e+05  1.59830e+01  1.59838e+01
3.431101105e+00  1.6114223e+01         -inf  6.89329e+05  1.61142e+01  1.61151e+01
3.444825509e+00  1.5961846e+01         -inf  6.89329e+05  1.59618e+01  1.59628e+01
3.458604811e+00  1.5678811e+01         -inf  6.89329e+05  1.56788e+01  1.56799e+01
3.472439231e+00  1.5965323e+01         -inf  6.89329e+05  1.59653e+01  1.59664e+01
3.486328987e+00  1.5903491e+01         -inf  6.89329e+05  1.59035e+01  1.59047e+01
3.500274303e+00  1.5572363e+01         -inf  6.89329e+05  1.55724e+01  1.55736e+01
3.514275401e+00  1.5240340e+01         -inf  6.89329e+05  1.52403e+01  1.52417e+01
3.528332502e+00  1.5480671e+01         -inf  6.89329e+05  1.54807e+01  1.54821e+01
3.542445832e+00  1.6085104e+01         -inf  6.89329e+05  1.60851e+01  1.60865e+01
3.556615616e+00  1.5448197e+01         -inf  6.89329e+05  1.54482e+01  1.54497e+01
3.570842078e+00  1.6434381e+01         -inf  6.89329e+05  1.64344e+01  1.64360e+01
3.585125446e+00  1.6153376e+01         -inf  6.89329e+05  1.61534e+01  1.61551e+01
3.599465948e+00  1.5811427e+01         -inf  6.89329e+05  1.58114e+01  1.58132e+01
3.613863812e+00  1.5731192e+01         -inf  6.89329e+05  1.57312e+01  1.57331e+01
3.628319267e+00  1.5442161e+01         -inf  6.89329e+05  1.54422e+01  1.54442e+01
3.642832544e+00  1.5584398e+01         -inf  6.89329e+05  1.55844e+01  1.55865e+01
3.657403874e+00  1.5179786e+01         -inf  6.89329e+05  1.51798e+01  1.51820e+01
3.672033490e+00  1.5275442e+01         -inf  6.89329e+05  1.52754e+01  1.52778e+01
3.686721624e+00  1.5293167e+01         -inf  6.89329e+05  1.52932e+01  1.52956e+01
3.701468510e+00  1.5140923e+01         -inf  6.89329e+05  1.51409e+01  1.51435e+01
3.716274384e+00  1.5211544e+01         -inf  6.89329e+05  1.52115e+01  1.52143e+01
3.731139482e+00  1.5248656e+01         -inf  6.89329e+05  1.52487e+01  1.52515e+01
3.746064040e+00  1.5169610e+01         -inf  6.89329e+05  1.51696e+01  1.51726e+01
3.761048296e+00  1.5128566e+01         -inf  6.89329e+05  1.51286e+01  1.51317e+01
3.776092489e+00  1.5141973e+01         -inf  6.89329e+05  1.51420e+01  1.51453e+01
3.791196859e+00  1.5257729e+01         -inf  6.89329e+05  1.52577e+01  1.52612e+01
3.806361647e+00  1.5324853e+01         -inf  6.89329e+05  1.53249e+01  1.53285e+01
3.821587093e+00  1.5222662e+01         -inf  6.89329e+05  1.52227e+01  1.52265e+01
3.836873442e+00  1.5369090e+01         -inf  6.89329e+05  1.53691e+01  1.53731e+01
3.852220935e+00  1.5427238e+01         -inf  6.89329e+05  1.54272e+01  1.54314e+01
3.867629819e+00  1.5687567e+01         -inf  6.89329e+05  1.56876e+01  1.56918e+01
3.883100338e+00  1.6050485e+01         -inf  6.89329e+05  1.60505e+01  1.60547e+01
3.898632740e+00  1.5781066e+01         -inf  6.89329e+05  1.57811e+01  1.57857e+01
3.914227271e+00  1.5969411e+01         -inf  6.89329e+05  1.59694e+01  1.59741e+01
3.929884180e+00  1.5839916e+01         -inf  6.89329e+05  1.58399e+01  1.58449e+01
3.945603716e+00  1.5651877e+01         -inf  6.89329e+05  1.56519e+01  1.56573e+01
3.961386131e+00  1.5583100e+01         -inf  6.89329e+05  1.55831e+01  1.55889e+01
3.977231676e+00  1.5769991e+01         -inf  6.89329e+05  1.57700e+01  1.57760e+01
3.993140603e+00  1.5799745e+01         -inf  6.89329e+05  1.57997e+01  1.58060e+01
4.009113165e+00  1.6073759e+01         -inf  6.89329e+05  1.60738e+01  1.60802e+01
4.025149618e+00  1.6350888e+01         -inf  6.89329e+05  1.63509e+01  1.63575e+01
4.041250216e+00  1.6730920e+01         -inf  6.89329e+05  1.67309e+01  1.67376e+01
4.057415217e+00  1.6905145e+01         -inf  6.89329e+05  1.69051e+01  1.69121e+01
4.073644878e+00  1.7306583e+01         -inf  6.89329e+05  1.73066e+01  1.73135e+01
4.089939457e+00  1.7631865e+01         -inf  6.89329e+05  1.76319e+01  1.76389e+01
4.106299215e+00  1.7866854e+01         -inf  6.89329e+05  1.78669e+01  1.78740e+01
4.122724412e+00  1.8126172e+01         -inf  6.89329e+05  1.81262e+01  1.81335e+01
4.139215310e+00  1.8365884e+01         -inf  6.89329e+05  1.83659e+01  1.83733e+01
4.155772171e+00  1.8557381e+01         -inf  6.89329e+05  1.85574e+01  1.85644e+01
4.172395260e+00  1.9883978e+01         -inf  6.89329e+05  1.98840e+01  1.98873e+01
4.189084841e+00  2.5469679e+01         -inf  6.89329e+05  2.54697e+01  2.54705e+01
4.205841180e+00  3.4953976e+01         -inf  6.89329e+05  3.49540e+01  3.49547e+01
4.222664545e+00  4.2993772e+01         -inf  6.89329e+05  4.29938e+01  4.29954e+01
4.239555203e+00  4.6352130e+01         -inf  6.89329e+05  4.63521e+01  4.63540e+01
4.256513424e+00  4.4379393e+01         -inf  6.89329e+05  4.43794e+01  4.43803e+01
4.273539477e+00  4.6076416e+01         -inf  6.89329e+05  4.60764e+01  4.60780e+01
4.290633635e+00  4.4547051e+01         -inf  6.89329e+05  4.45471e+01  4.45486e+01
4.307796170e+00  4.1707748e+01         -inf  6.89329e+05  4.17077e+01  4.17091e+01
4.325027355e+00  3.8201791e+01         -inf  6.89329e+05  3.82018e+01  3.82027e+01
4.342327464e+00  3.5756850e+01         -inf  6.89329e+05  3.57568e+01  3.57575e+01
4.359696774e+00  3.4576592e+01         -inf  6.89329e+05  3.45766e+01  3.45770e+01
4.377135561e+00  3.2203933e+01         -inf  6.89329e+05  3.22039e+01  3.22044e+01
4.394644103e+00  3.2279856e+01         -inf  6.89329e+05  3.22799e+01  3.22803e+01
4.412222680e+00  3.1385809e+01         -inf  6.89329e+05  3.13858e+01  3.13863e+01
4.429871570e+00  2.9128799e+01         -inf  6.89329e+05  2.91288e+01  2.91297e+01
4.447591057e+00  2.5390854e+01         -inf  6.89329e+05  2.53909e+01  2.53929e+01
4.465381421e+00  2.2697870e+01         -inf  6.89329e+05  2.26979e+01  2.27009e+01
4.483242946e+00  2.0935302e+01         -inf  6.89329e+05  2.09353e+01  2.09398e+01
4.501175918e+00  1.9468501e+01         -inf  6.89329e+05  1.94685e+01  1.94775e+01
4.519180622e+00  2.0054918e+01         -inf  6.89329e+05  2.00549e+01  2.00622e+01
4.537257344e+00  1.9310870e+01         -inf  6.89329e+05  1.93109e+01  1.93207e+01
4.555406374e+00  1.8322142e+01         -inf  6.89329e+05  1.83221e+01  1.83364e+01
4.573627999e+00  1.7417983e+01         -inf  6.89329e+05  1.74180e+01  1.74376e+01
4.591922511e+00  1.6440252e+01         -inf  6.89329e+05  1.64403e+01  1.64658e+01
4.610290201e+00  1.5941834e+01         -inf  6.89329e+05  1.59418e+01  1.59708e+01
4.628731362e+00  1.5640202e+01         -inf  6.89329e+05  1.56402e+01  1.56711e+01
4.647246288e+00  1.5459970e+01         -inf  6.89329e+05  1.54600e+01  1.54925e+01
4.665835273e+00  1.5331437e+01         -inf  6.89329e+05  1.53314e+01  1.53655e+01
4.684498614e+00  1.6394299e+01         -inf  6.89329e+05  1.63943e+01  1.64296e+01
4.703236608e+00  2.2970797e+01         -inf  6.89329e+05  2.29708e+01  2.30025e+01
4.722049555e+00  2.3769650e+01         -inf  6.89329e+05  2.37697e+01  2.38026e+01
4.740937753e+00  2.2080255e+01         -inf  6.89329e+05  2.20803e+01  2.21162e+01
4.759901504e+00  2.2628614e+01         -inf  6.89329e+05  2.26286e+01  2.26659e+01
4.778941110e+00  2.1941504e+01         -inf  6.89329e+05  2.19415e+01  2.19779e+01
4.798056874e+00  2.0418328e+01         -inf  6.89329e+05  2.04183e+01  2.04555e+01
4.817249102e+00  2.1300649e+01         -inf  6.89329e+05  2.13006e+01  2.13266e+01
4.836518098e+00  1.9118672e+01         -inf  6.89329e+05  1.91187e+01  1.91525e+01
4.855864171e+00  1.8461491e+01         -inf  6.89329e+05  1.84615e+01  1.84947e+01
4.875287627e+00  1.7341602e+01         -inf  6.89329e+05  1.73416e+01  1.73818e+01
4.894788778e+00  1.6453202e+01         -inf  6.89329e+05  1.64532e+01  1.65014e+01
4.914367933e+00  1.6474834e+01         -inf  6.89329e+05  1.64748e+01  1.65278e+01
4.934025405e+00  1.5719670e+01         -inf  6.89329e+05  1.57197e+01  1.57779e+01
4.953761506e+00  1.5578538e+01         -inf  6.89329e+05  1.55785e+01  1.56389e+01
4.973576552e+00  1.5321059e+01         -inf  6.89329e+05  1.53211e+01  1.53840e+01
4.993470859e+00  1.5157952e+01         -inf  6.89329e+05  1.51580e+01  1.52235e+01
5.013444742e+00  1.5014140e+01         -inf  6.89329e+05  1.50141e+01  1.50824e+01
5.033498521e+00  1.4975091e+01         -inf  6.89329e+05  1.49751e+01  1.50459e+01
5.053632515e+00  1.4951814e+01         -inf  6.89329e+05  1.49518e+01  1.50254e+01
5.073847045e+00  1.4985170e+01         -inf  6.89329e+05  1.49852e+01  1.50614e+01
5.094142433e+00  1.5078938e+01         -inf  6.89329e+05  1.50789e+01  1.51576e+01
5.114519003e+00  1.5082443e+01         -inf  6.89329e+05  1.50824e+01  1.51641e+01
5.134977079e+00  1.4982027e+01         -inf  6.89329e+05  1.49820e+01  1.50671e+01
5.155516987e+00  1.5138624e+01         -inf  6.89329e+05  1.51386e+01  1.52261e+01
5.176139055e+00  1.7171850e+01         -inf  6.89329e+05  1.71718e+01  1.72475e+01
5.196843612e+00  1.5746982e+01         -inf  6.89329e+05  1.57470e+01  1.58340e+01
5.217630986e+00  1.6042947e+01         -inf  6.89329e+05  1.60429e+01  1.61277e+01
5.238501510e+00  1.5718025e+01         -inf  6.89329e+05  1.57180e+01  1.58074e+01
5.259455516e+00  1.5436226e+01         -inf  6.89329e+05  1.54362e+01  1.55318e+01
5.280493338e+00  1.5132887e+01         -inf  6.89329e+05  1.51329e+01  1.52345e+01
5.301615311e+00  1.5020230e+01         -inf  6.89329e+05  1.50202e+01  1.51254e+01
5.322821773e+00  1.5087823e+01         -inf  6.89329e+05  1.50878e+01  1.51941e+01
5.344113060e+00  1.4998328e+01         -inf  6.89329e+05  1.49983e+01  1.51054e+01
5.365489512e+00  1.5008247e+01         -inf  6.89329e+05  1.50082e+01  1.51156e+01
5.386951470e+00  1.5017124e+01         -inf  6.89329e+05  1.50171e+01  1.51248e+01
5.408499276e+00  1.5038987e+01         -inf  6.89329e+05  1.50390e+01  1.51468e+01
5.430133273e+00  1.5063759e+01         -inf  6.89329e+05  1.50638e+01  1.51722e+01
5.451853806e+00  1.5087632e+01         -inf  6.89329e+05  1.50876e+01  1.51962e+01
5.473661221e+00  1.5158381e+01         -inf  6.89329e+05  1.51584e+01  1.52665e+01
5.495555866e+00  1.5267040e+01         -inf  6.89329e+05  1.52670e+01  1.53744e+01
5.517538090e+00  1.5335111e+01         -inf  6.89329e+05  1.53351e+01  1.54421e+01
5.539608242e+00  1.5276522e+01         -inf  6.89329e+05  1.52765e+01  1.53830e+01
5.561766675e+00  1.5126284e+01         -inf  6.89329e+05  1.51263e+01  1.52324e+01
5.584013742e+00  1.5198117e+01         -inf  6.89329e+05  1.51981e+01  1.53040e+01
5.606349797e+00  1.5245421e+01         -inf  6.89329e+05  1.52454e+01  1.53512e+01
5.628775196e+00  1.5201345e+01         -inf  6.89329e+05  1.52013e+01  1.53071e+01
5.651290297e+00  1.5142783e+01         -inf  6.89329e+05  1.51428e+01  1.52487e+01
5.673895458e+00  1.5129164e+01         -inf  6.89329e+05  1.51292e+01  1.52350e+01
5.696591040e+00  1.5116096e+01         -inf  6.89329e+05  1.51161e+01  1.52221e+01
5.719377404e+00  1.5320716e+01         -inf  6.89329e+05  1.53207e+01  1.54268e+01
5.742254913e+00  1.6523662e+01         -inf  6.89329e+05  1.65237e+01  1.66290e+01
5.765223933e+00  1.6526549e+01         -inf  6.89329e+05  1.65265e+01  1.66317e+01
5.788284829e+00  1.5946347e+01         -inf  6.89329e+05  1.59463e+01  1.60516e+01
5.811437968e+00  1.6035326e+01         -inf  6.89329e+05  1.60353e+01  1.61404e+01
5.834683720e+00  1.6295974e+01         -inf  6.89329e+05  1.62960e+01  1.64011e+01
5.858022455e+00  1.6048575e+01         -inf  6.89329e+05  1.60486e+01  1.61547e+01
5.881454545e+00  1.5714702e+01         -inf  6.89329e+05  1.57147e+01  1.58223e+01
5.904980363e+00  1.5435601e+01         -inf  6.89329e+05  1.54356e+01  1.55450e+01
5.928600284e+00  1.5290814e+01         -inf  6.89329e+05  1.52908e+01  1.54021e+01
5.952314685e+00  1.5240905e+01         -inf  6.89329e+05  1.52409e+01  1.53543e+01
5.976123944e+00  1.5204697e+01         -inf  6.89329e+05  1.52047e+01  1.53211e+01
6.000028440e+00  1.5211658e+01         -inf  6.89329e+05  1.52117e+01  1.53316e+01
6.024028554e+00  1.5193397e+01         -inf  6.89329e+05  1.51934e+01  1.53174e+01
6.048124668e+00  1.5200457e+01         -inf  6.89329e+05  1.52005e+01  1.53295e+01
6.072317167e+00  1.5197469e+01         -inf  6.89329e+05  1.51975e+01  1.53320e+01
6.096606435e+00  1.5181599e+01         -inf  6.89329e+05  1.51816e+01  1.53220e+01
6.120992861e+00  1.5182628e+01         -inf  6.89329e+05  1.51826e+01  1.53297e+01
6.145476832e+00  1.5154381e+01         -inf  6.89329e+05  1.51544e+01  1.53088e+01
6.170058740e+00  1.5157874e+01         -inf  6.89329e+05  1.51579e+01  1.53201e+01
6.194738975e+00  1.5141891e+01         -inf  6.89329e+05  1.51419e+01  1.53115e+01
6.219517931e+00  1.5142135e+01         -inf  6.89329e+05  1.51421e+01  1.53185e+01
6.244396002e+00  1.5121388e+01         -inf  6.89329e+05  1.51214e+01  1.53034e+01
6.269373586e+00  1.5072553e+01         -inf  6.89329e+05  1.50726e+01  1.52589e+01
6.294451081e+00  1.5147355e+01         -inf  6.89329e+05  1.51474e+01  1.53372e+01
6.319628885e+00  1.5083001e+01         -inf  6.89329e+05  1.50830e+01  1.52755e+01
6.344907401e+00  1.5164392e+01         -inf  6.89329e+05  1.51644e+01  1.53593e+01
6.370287030e+00  1.5108546e+01         -inf  6.89329e+05  1.51085e+01  1.53063e+01
6.395768178e+00  1.5148552e+01         -inf  6.89329e+05  1.51486e+01  1.53493e+01
6.421351251e+00  1.5165512e+01         -inf  6.89329e+05  1.51655e+01  1.53700e+01
6.447036656e+00  1.5225029e+01         -inf  6.89329e+05  1.52250e+01  1.54340e+01
6.472824803e+00  1.5339635e+01         -inf  6.89329e+05  1.53396e+01  1.55540e+01
6.498716102e+00  1.5767176e+01         -inf  6.89329e+05  1.57672e+01  1.59868e+01
6.524710966e+00  1.5296591e+01         -inf  6.89329e+05  1.52966e+01  1.55259e+01
6.550809810e+00  1.5078661e+01         -inf  6.89329e+05  1.50787e+01  1.53178e+01
6.577013049e+00  1.5052353e+01         -inf  6.89329e+05  1.50524e+01  1.53019e+01
6.603321102e+00  1.5024788e+01         -inf  6.89329e+05  1.50248e+01  1.52862e+01
6.629734386e+00  1.4991576e+01         -inf  6.89329e+05  1.49916e+01  1.52658e+01
6.656253324e+00  1.5013915e+01         -inf  6.89329e+05  1.50139e+01  1.53017e+01
6.682878337e+00  1.4951041e+01         -inf  6.89329e+05  1.49510e+01  1.52536e+01
6.709609850e+00  1.4921289e+01         -inf  6.89329e+05  1.49213e+01  1.52397e+01
6.736448290e+00  1.4949339e+01         -inf  6.89329e+05  1.49493e+01  1.52840e+01
6.763394083e+00  1.4836706e+01         -inf  6.89329e+05  1.48367e+01  1.51896e+01
6.790447659e+00  1.5016270e+01         -inf  6.89329e+05  1.50163e+01  1.53879e+01
6.817609450e+00  1.4852049e+01         -inf  6.89329e+05  1.48520e+01  1.52453e+01
6.844879888e+00  1.4822422e+01         -inf  6.89329e+05  1.48224e+01  1.52376e+01
6.872259407e+00  1.4792710e+01         -inf  6.89329e+05  1.47927e+01  1.52303e+01
6.899748445e+00  1.4832338e+01         -inf  6.89329e+05  1.48323e+01  1.52933e+01
6.927347438e+00  1.4706676e+01         -inf  6.89329e+05  1.47067e+01  1.51943e+01
6.955056828e+00  1.4618195e+01         -inf  6.89329e+05  1.46182e+01  1.51344e+01
6.982877056e+00  1.4632357e+01         -inf  6.89329e+05  1.46324e+01  1.51784e+01
7.010808564e+00  1.4586698e+01         -inf  6.89329e+05  1.45867e+01  1.51654e+01
7.038851798e+00  1.4488505e+01         -inf  6.89329e+05  1.44885e+01  1.51035e+01
7.067007205e+00  1.4452098e+01         -inf  6.89329e+05  1.44521e+01  1.51036e+01
7.095275234e+00  1.4411510e+01         -inf  6.89329e+05  1.44115e+01  1.51033e+01
7.123656335e+00  1.4347554e+01         -inf  6.89329e+05  1.43476e+01  1.50806e+01
7.152150960e+00  1.4340231e+01         -inf  6.89329e+05  1.43402e+01  1.51179e+01
7.180759564e+00  1.4309636e+01         -inf  6.89329e+05  1.43096e+01  1.51333e+01
7.209482602e+00  1.4397448e+01         -inf  6.89329e+05  1.43974e+01  1.52663e+01
7.238320533e+00  1.4508415e+01         -inf  6.89329e+05  1.45084e+01  1.54181e+01
7.267273815e+00  1.4722244e+01         -inf  6.89329e+05  1.47222e+01  1.56666e+01
7.296342910e+00  1.4683645e+01         -inf  6.89329e+05  1.46836e+01  1.56704e+01
7.325528282e+00  1.5119338e+01         -inf  6.89329e+05  1.51193e+01  1.61160e+01
7.354830395e+00  1.5676100e+01         -inf  6.89329e+05  1.56761e+01  1.66646e+01
7.384249717e+00  1.6402357e+01         -inf  6.89329e+05  1.64024e+01  1.73672e+01
7.413786715e+00  1.6019125e+01         -inf  6.89329e+05  1.60191e+01  1.70491e+01
7.443441862e+00  1.6776172e+01         -inf  6.89329e+05  1.67762e+01  1.77852e+01
7.473215630e+00  1.6421234e+01         -inf  6.89329e+05  1.64212e+01  1.74901e+01
7.503108492e+00  1.6889886e+01         -inf  6.89329e+05  1.68899e+01  1.79520e+01
7.533120926e+00  1.6282811e+01         -inf  6.89329e+05  1.62828e+01  1.74209e+01
7.563253410e+00  1.5259848e+01         -inf  6.89329e+05  1.52598e+01  1.65031e+01
7.593506424e+00  1.4907526e+01         -inf  6.89329e+05  1.49075e+01  1.61775e+01
7.623880449e+00  1.5241872e+01         -inf  6.89329e+05  1.52419e+01  1.64564e+01
7.654375971e+00  2.0182524e+01         -inf  6.89329e+05  2.01825e+01  2.10307e+01
7.684993475e+00  2.0022837e+01         -inf  6.89329e+05  2.00228e+01  2.08305e+01
7.715733449e+00  1.8184788e+01         -inf  6.89329e+05  1.81848e+01  1.91666e+01
7.746596383e+00  1.6811538e+01         -inf  6.89329e+05  1.68115e+01  1.79489e+01
7.777582768e+00  1.6139177e+01         -inf  6.89329e+05  1.61392e+01  1.74266e+01
7.808693099e+00  1.6484679e+01         -inf  6.89329e+05  1.64847e+01  1.77229e+01
7.839927872e+00  1.6938163e+01         -inf  6.89329e+05  1.69382e+01  1.81201e+01
7.871287583e+00  1.7134780e+01         -inf  6.89329e+05  1.71348e+01  1.83214e+01
7.902772733e+00  1.6326618e+01         -inf  6.89329e+05  1.63266e+01  1.76363e+01
7.934383824e+00  1.6103479e+01         -inf  6.89329e+05  1.61035e+01  1.75104e+01
7.966121360e+00  1.5089431e+01         -inf  6.89329e+05  1.50894e+01  1.66499e+01
7.997985845e+00  1.4683390e+01         -inf  6.89329e+05  1.46834e+01  1.63342e+01
8.029977788e+00  1.4705829e+01         -inf  6.89329e+05  1.47058e+01  1.64022e+01
8.062097700e+00  1.4179185e+01         -inf  6.89329e+05  1.41792e+01  1.59700e+01
8.094346090e+00  1.3937040e+01         -inf  6.89329e+05  1.39370e+01  1.57829e+01
8.126723475e+00  1.3602826e+01         -inf  6.89329e+05  1.36028e+01  1.55170e+01
8.159230369e+00  1.3364855e+01         -inf  6.89329e+05  1.33649e+01  1.53315e+01
8.191867290e+00  1.3414191e+01         -inf  6.89329e+05  1.34142e+01  1.54161e+01
8.224634759e+00  1.3160848e+01         -inf  6.89329e+05  1.31608e+01  1.52138e+01
8.257533298e+00  1.3126930e+01         -inf  6.89329e+05  1.31269e+01  1.52226e+01
8.290563432e+00  1.2970587e+01         -inf  6.89329e+05  1.29706e+01  1.51112e+01
8.323725685e+00  1.3029215e+01         -inf  6.89329e+05  1.30292e+01  1.52107e+01
8.357020588e+00  1.3017537e+01         -inf  6.89329e+05  1.30175e+01  1.52404e+01
8.390448670e+00  1.3138410e+01         -inf  6.89329e+05  1.31384e+01  1.53982e+01
8.424010465e+00  1.3203242e+01         -inf  6.89329e+05  1.32032e+01  1.55022e+01
8.457706507e+00  1.3340652e+01         -inf  6.89329e+05  1.33407e+01  1.56731e+01
8.491537333e+00  1.3398994e+01         -inf  6.89329e+05  1.33990e+01  1.57797e+01
8.525503482e+00  1.3457474e+01         -inf  6.89329e+05  1.34575e+01  1.58884e+01
8.559605496e+00  1.3407979e+01         -inf  6.89329e+05  1.34080e+01  1.58997e+01
8.593843918e+00  1.3566237e+01         -inf  6.89329e+05  1.35662e+01  1.60930e+01
8.628219294e+00  1.3712915e+01         -inf  6.89329e+05  1.37129e+01  1.62787e+01
8.662732171e+00  1.3687807e+01         -inf  6.89329e+05  1.36878e+01  1.63023e+01
8.697383100e+00  1.3893877e+01         -inf  6.89329e+05  1.38939e+01  1.65614e+01
8.732172632e+00  1.3870975e+01         -inf  6.89329e+05  1.38710e+01  1.65982e+01
8.767101323e+00  1.3858828e+01         -inf  6.89329e+05  1.38588e+01  1.66435e+01
8.802169728e+00  1.4392107e+01         -inf  6.89329e+05  1.43921e+01  1.72229e+01
8.837378407e+00  1.4591910e+01         -inf  6.89329e+05  1.45919e+01  1.74676e+01
8.872727920e+00  1.4439295e+01         -inf  6.89329e+05  1.44393e+01  1.73642e+01
8.908218832e+00  1.4420634e+01         -inf  6.89329e+05  1.44206e+01  1.73981e+01
8.943851707e+00  1.4478593e+01         -inf  6.89329e+05  1.44786e+01  1.75125e+01
8.979627114e+00  1.4124672e+01         -inf  6.89329e+05  1.41247e+01  1.72271e+01
9.015545623e+00  1.3655359e+01         -inf  6.89329e+05  1.36554e+01  1.68295e+01
9.051607805e+00  1.3791286e+01         -inf  6.89329e+05  1.37913e+01  1.70249e+01
9.087814236e+00  1.3851576e+01         -inf  6.89329e+05  1.38516e+01  1.71519e+01
9.124165493e+00  1.3870792e+01         -inf  6.89329e+05  1.38708e+01  1.72564e+01
9.160662155e+00  1.3954064e+01         -inf  6.89329e+05  1.39541e+01  1.74415e+01
9.197304804e+00  1.4328486e+01         -inf  6.89329e+05  1.43285e+01  1.78778e+01
9.234094023e+00  1.3856058e+01         -inf  6.89329e+05  1.38561e+01  1.74393e+01
9.271030399e+00  1.3725314e+01         -inf  6.89329e+05  1.37253e+01  1.73405e+01
9.308114521e+00  1.3874338e+01         -inf  6.89329e+05  1.38743e+01  1.75573e+01
9.345346979e+00  1.4626811e+01         -inf  6.89329e+05  1.46268e+01  1.83569e+01
9.382728367e+00  1.9867311e+01         -inf  6.89329e+05  1.98673e+01  2.33327e+01
9.420259280e+00  2.5727545e+01         -inf  6.89329e+05  2.57275e+01  2.83572e+01
9.457940318e+00  2.8092760e+01         -inf  6.89329e+05  2.80928e+01  3.01901e+01
9.495772079e+00  2.9639529e+01         -inf  6.89329e+05  2.96395e+01  3.14119e+01
9.533755167e+00  2.8370983e+01         -inf  6.89329e+05  2.83710e+01  3.05088e+01
9.571890188e+00  2.2685040e+01         -inf  6.89329e+05  2.26850e+01  2.60129e+01
9.610177749e+00  2.8214513e+01         -inf  6.89329e+05  2.82145e+01  3.04841e+01
9.648618460e+00  2.8429234e+01         -inf  6.89329e+05  2.84292e+01  3.08523e+01
9.687212933e+00  2.6871956e+01         -inf  6.89329e+05  2.68720e+01  2.95970e+01
9.725961785e+00  2.6327473e+01         -inf  6.89329e+05  2.63275e+01  2.90860e+01
9.764865632e+00  2.6281809e+01         -inf  6.89329e+05  2.62818e+01  2.91191e+01
9.803925095e+00  2.5336762e+01         -inf  6.89329e+05  2.53368e+01  2.84534e+01
9.843140795e+00  2.3978308e+01         -inf  6.89329e+05  2.39783e+01  2.74061e+01
9.882513358e+00  2.2003987e+01         -inf  6.89329e+05  2.20040e+01  2.58669e+01
9.922043412e+00  2.0114642e+01         -inf  6.89329e+05  2.01146e+01  2.43270e+01
9.961731585e+00  1.8237654e+01         -inf  6.89329e+05  1.82377e+01  2.27556e+01
1.000157851e+01  1.6276047e+01         -inf  6.89329e+05  1.62760e+01  2.10517e+01
1.004158483e+01  1.4114070e+01         -inf  6.89329e+05  1.41141e+01  1.91112e+01
1.008175117e+01  1.2951629e+01         -inf  6.89329e+05  1.29516e+01  1.81087e+01
1.012207817e+01  1.1598070e+01         -inf  6.89329e+05  1.15981e+01  1.69271e+01
1.016256648e+01  1.0713229e+01         -inf  6.89329e+05  1.07132e+01  1.61713e+01
1.020321675e+01  1.0100396e+01         -inf  6.89329e+05  1.01004e+01  1.56463e+01
1.024402962e+01  9.7953060e+00         -inf  6.89329e+05  9.79531e+00  1.54157e+01
1.028500573e+01  9.6103303e+00         -inf  6.89329e+05  9.61033e+00  1.53021e+01
1.032614576e+01  9.4282169e+00         -inf  6.89329e+05  9.42822e+00  1.52183e+01
1.036745034e+01  9.1768214e+00         -inf  6.89329e+05  9.17682e+00  1.50925e+01
1.040892014e+01  9.0349235e+00         -inf  6.89329e+05  9.03492e+00  1.50165e+01
1.045055582e+01  8.9991441e+00         -inf  6.89329e+05  8.99914e+00  1.50999e+01
1.049235805e+01  8.9004340e+00         -inf  6.89329e+05  8.90043e+00  1.50866e+01
1.053432748e+01  8.8119869e+00         -inf  6.89329e+05  8.81199e+00  1.50890e+01
1.057646479e+01  8.6974184e+00         -inf  6.89329e+05  8.69742e+00  1.50790e+01
1.061877065e+01  8.5697054e+00         -inf  6.89329e+05  8.56971e+00  1.50601e+01
1.066124573e+01  8.4408645e+00         -inf  6.89329e+05  8.44086e+00  1.50385e+01
1.070389071e+01  8.3164754e+00         -inf  6.89329e+05  8.31648e+00  1.50169e+01
1.074670627e+01  8.2021781e+00         -inf  6.89329e+05  8.20218e+00  1.50002e+01
1.078969310e+01  8.1003014e+00         -inf  6.89329e+05  8.10030e+00  1.49896e+01
1.083285187e+01  7.9964119e+00         -inf  6.89329e+05  7.99641e+00  1.49830e+01
1.087618328e+01  7.9027817e+00         -inf  6.89329e+05  7.90278e+00  1.49808e+01
1.091968801e+01  7.8031445e+00         -inf  6.89329e+05  7.80314e+00  1.49776e+01
1.096336676e+01  7.7005956e+00         -inf  6.89329e+05  7.70060e+00  1.49765e+01
1.100722023e+01  7.6021660e+00         -inf  6.89329e+05  7.60217e+00  1.49767e+01
1.105124911e+01  7.4992837e+00         -inf  6.89329e+05  7.49928e+00  1.49769e+01
1.109545411e+01  7.3969106e+00         -inf  6.89329e+05  7.39691e+00  1.49777e+01
1.113983593e+01  7.2902529e+00         -inf  6.89329e+05  7.29025e+00  1.49759e+01
1.118439527e+01  7.1842806e+00         -inf  6.89329e+05  7.18428e+00  1.49750e+01
1.122913285e+01  7.0728767e+00         -inf  6.89329e+05  7.07288e+00  1.49745e+01
1.127404938e+01  6.9626861e+00         -inf  6.89329e+05  6.96269e+00  1.49738e+01
1.131914558e+01  6.8500930e+00         -inf  6.89329e+05  6.85009e+00  1.49739e+01
1.136442216e+01  6.7337930e+00         -inf  6.89329e+05  6.73379e+00  1.49737e+01
1.140987985e+01  6.6164209e+00         -inf  6.89329e+05  6.61642e+00  1.49738e+01
1.145551937e+01  6.4988958e+00         -inf  6.89329e+05  6.49890e+00  1.49737e+01
1.150134145e+01  6.3801777e+00         -inf  6.89329e+05  6.38018e+00  1.49737e+01
1.154734681e+01  6.2498042e+00         -inf  6.89329e+05  6.24980e+00  1.49743e+01
1.159353620e+01  6.1200277e+00         -inf  6.89329e+05  6.12003e+00  1.49748e+01
1.163991035e+01  6.0102842e+00         -inf  6.89329e+05  6.01028e+00  1.49740e+01
1.168646999e+01  5.8833514e+00         -inf  6.89329e+05  5.88335e+00  1.49747e+01
1.173321587e+01  5.7557476e+00         -inf  6.89329e+05  5.75575e+00  1.49752e+01
1.178014873e+01  5.6272936e+00         -inf  6.89329e+05  5.62729e+00  1.49759e+01
1.182726932e+01  5.4963001e+00         -inf  6.89329e+05  5.49630e+00  1.49775e+01
1.187457840e+01  5.3669081e+00         -inf  6.89329e+05  5.36691e+00  1.49780e+01
1.192207672e+01  5.2379322e+00         -inf  6.89329e+05  5.23793e+00  1.49814e+01
1.196976502e+01  5.1023948e+00         -inf  6.89329e+05  5.10239e+00  1.49821e+01
1.201764408e+01  4.9634867e+00         -inf  6.89329e+05  4.96349e+00  1.49893e+01
1.206571466e+01  4.7339204e+00         -inf  6.89329e+05  4.73392e+00  1.50028e+01
1.211397752e+01  4.6729422e+00         -inf  6.89329e+05  4.67294e+00  1.50000e+01
1.216243343e+01  4.5345410e+00         -inf  6.89329e+05  4.53454e+00  1.50233e+01
1.221108316e+01  4.3845127e+00         -inf  6.89329e+05  4.38451e+00  1.50321e+01
1.225992749e+01  4.2802263e+00         -inf  6.89329e+05  4.28023e+00  1.50725e+01
1.230896720e+01  4.1773407e+00         -inf  6.89329e+05  4.17734e+00  1.51049e+01
1.235820307e+01  4.0869331e+00         -inf  6.89329e+05  4.08693e+00  1.51452e+01
1.240763589e+01  4.0175997e+00         -inf  6.89329e+05  4.01760e+00  1.52074e+01
1.245726643e+01  3.8824171e+00         -inf  6.89329e+05  3.88242e+00  1.52174e+01
1.250709549e+01  3.8117068e+00         -inf  6.89329e+05  3.81171e+00  1.53004e+01
1.255712388e+01  3.5987519e+00         -inf  6.89329e+05  3.59875e+00  1.52793e+01
1.260735237e+01  4.3375093e+00         -inf  6.89329e+05  4.33751e+00  1.56573e+01
1.265778178e+01  4.1581491e+00         -inf  6.89329e+05  4.15815e+00  1.57093e+01
1.270841291e+01  3.2526311e+00         -inf  6.89329e+05  3.25263e+00  1.54285e+01
1.275924656e+01  3.2906696e+00         -inf  6.89329e+05  3.29067e+00  1.56072e+01
1.281028355e+01  3.1448349e+00         -inf  6.89329e+05  3.14483e+00  1.56390e+01
1.286152468e+01  3.1853828e+00         -inf  6.89329e+05  3.18538e+00  1.57891e+01
1.291297078e+01  3.1387025e+00         -inf  6.89329e+05  3.13870e+00  1.58260e+01
1.296462266e+01  3.5504114e+00         -inf  6.89329e+05  3.55041e+00  1.62126e+01
1.301648115e+01  3.5040357e+00         -inf  6.89329e+05  3.50404e+00  1.60501e+01
1.306854708e+01  4.0588728e+00         -inf  6.89329e+05  4.05887e+00  1.65606e+01
1.312082127e+01  4.0889456e+00         -inf  6.89329e+05  4.08895e+00  1.64011e+01
1.317330455e+01  4.9785875e+00         -inf  6.89329e+05  4.97859e+00  1.67312e+01
1.322599777e+01  6.3389759e+00         -inf  6.89329e+05  6.33898e+00  1.72731e+01
1.327890176e+01  6.7736911e+00         -inf  6.89329e+05  6.77369e+00  1.72788e+01
1.333201737e+01  8.5424539e+00         -inf  6.89329e+05  8.54245e+00  1.84951e+01
1.338534544e+01  8.5271271e+00         -inf  6.89329e+05  8.52713e+00  1.80997e+01
1.343888682e+01  1.0524740e+01         -inf  6.89329e+05  1.05247e+01  1.95893e+01
1.349264237e+01  1.4757149e+01         -inf  6.89329e+05  1.47571e+01  2.19889e+01
1.354661294e+01  1.2380906e+01         -inf  6.89329e+05  1.23809e+01  2.04512e+01
1.360079939e+01  1.3293038e+01         -inf  6.89329e+05  1.32930e+01  2.12968e+01
1.365520258e+01  1.3089245e+01         -inf  6.89329e+05  1.30892e+01  2.11431e+01
1.370982339e+01  1.3375358e+01         -inf  6.89329e+05  1.33754e+01  2.17194e+01
1.376466269e+01  1.1577277e+01         -inf  6.89329e+05  1.15773e+01  2.04262e+01
1.381972134e+01  1.3509364e+01         -inf  6.89329e+05  1.35094e+01  2.20588e+01
1.387500022e+01  2.5675778e+01         -inf  6.89329e+05  2.56758e+01  3.04547e+01
1.393050023e+01  1.6291737e+01         -inf  6.89329e+05  1.62917e+01  2.35179e+01
1.398622223e+01  1.5125012e+01         -inf  6.89329e+05  1.51250e+01  2.27848e+01
1.404216712e+01  1.6916160e+01         -inf  6.89329e+05  1.69162e+01  2.39258e+01
1.409833578e+01  1.7655786e+01         -inf  6.89329e+05  1.76558e+01  2.44179e+01
1.415472913e+01  1.9342633e+01         -inf  6.89329e+05  1.93426e+01  2.54374e+01
1.421134804e+01  2.1760472e+01         -inf  6.89329e+05  2.17605e+01  2.72837e+01
1.426819344e+01  2.3252174e+01         -inf  6.89329e+05  2.32522e+01  2.83114e+01
1.432526621e+01  2.4590570e+01         -inf  6.89329e+05  2.45906e+01  2.93781e+01
1.438256727e+01  2.7419218e+01         -inf  6.89329e+05  2.74192e+01  3.16933e+01
1.444009754e+01  2.8988634e+01         -inf  6.89329e+05  2.89886e+01  3.31098e+01
1.449785793e+01  2.9011988e+01         -inf  6.89329e+05  2.90120e+01  3.30996e+01
1.455584937e+01  3.1221445e+01         -inf  6.89329e+05  3.12214e+01  3.51415e+01
1.461407276e+01  3.2752327e+01         -inf  6.89329e+05  3.27523e+01  3.65918e+01
1.467252905e+01  3.2814245e+01         -inf  6.89329e+05  3.28142e+01  3.67016e+01
1.473121917e+01  3.3067546e+01         -inf  6.89329e+05  3.30675e+01  3.69933e+01
1.479014405e+01  3.4318760e+01         -inf  6.89329e+05  3.43188e+01  3.82121e+01
1.484930462e+01  3.3902713e+01         -inf  6.89329e+05  3.39027e+01  3.78791e+01
1.490870184e+01  3.3793210e+01         -inf  6.89329e+05  3.37932e+01  3.78573e+01
1.496833665e+01  4.6203114e+01         -inf  6.89329e+05  4.62031e+01  4.96121e+01
1.502821000e+01  3.4744858e+01         -inf  6.89329e+05  3.47449e+01  3.88800e+01
1.508832284e+01  3.5606989e+01         -inf  6.89329e+05  3.56070e+01  3.97136e+01
1.514867613e+01  3.3364385e+01         -inf  6.89329e+05  3.33644e+01  3.76875e+01
1.520927083e+01  3.1870181e+01         -inf  6.89329e+05  3.18702e+01  3.63737e+01
1.527010791e+01  3.2488422e+01         -inf  6.89329e+05  3.24884e+01  3.70045e+01
1.533118835e+01  3.2552702e+01         -inf  6.89329e+05  3.25527e+01  3.71353e+01
1.539251310e+01  3.3707272e+01         -inf  6.89329e+05  3.37073e+01  3.82801e+01
1.545408315e+01  3.0151582e+01         -inf  6.89329e+05  3.01516e+01  3.51783e+01
1.551589948e+01  2.9426880e+01         -inf  6.89329e+05  2.94269e+01  3.46046e+01
1.557796308e+01  2.7306486e+01         -inf  6.89329e+05  2.73065e+01  3.28701e+01
1.564027493e+01  2.4846453e+01         -inf  6.89329e+05  2.48465e+01  3.09448e+01
1.570283603e+01  2.4599155e+01         -inf  6.89329e+05  2.45992e+01  3.08912e+01
1.576564738e+01  2.2643937e+01         -inf  6.89329e+05  2.26439e+01  2.94896e+01
1.582870997e+01  2.0289539e+01         -inf  6.89329e+05  2.02895e+01  2.79845e+01
1.589202481e+01  1.8685997e+01         -inf  6.89329e+05  1.86860e+01  2.69675e+01
1.595559291e+01  1.5112316e+01         -inf  6.89329e+05  1.51123e+01  2.47874e+01
1.601941528e+01  1.4636790e+01         -inf  6.89329e+05  1.46368e+01  2.47109e+01
1.608349294e+01  9.5684485e+00         -inf  6.89329e+05  9.56845e+00  2.18896e+01
1.614782691e+01  1.2222398e+01         -inf  6.89329e+05  1.22224e+01  2.34961e+01
1.621241822e+01  2.0134926e+01         -inf  6.89329e+05  2.01349e+01  2.86440e+01
1.627726789e+01  8.9330159e+00         -inf  6.89329e+05  8.93302e+00  2.16920e+01
1.634237696e+01  6.6085565e+00         -inf  6.89329e+05  6.60856e+00  2.04908e+01
1.640774647e+01  8.6454969e+00         -inf  6.89329e+05  8.64550e+00  2.17564e+01
1.647337746e+01  7.7586495e+00         -inf  6.89329e+05  7.75865e+00  2.15115e+01
1.653927097e+01  6.3640033e+00         -inf  6.89329e+05  6.36400e+00  2.06203e+01
1.660542805e+01  5.2883151e+00         -inf  6.89329e+05  5.28832e+00  2.01139e+01
1.667184976e+01  3.7845363e+00         -inf  6.89329e+05  3.78454e+00  1.94711e+01
1.673853716e+01  8.5261341e+00         -inf  6.89329e+05  8.52613e+00  2.22590e+01
1.680549131e+01  2.3345913e+00         -inf  6.89329e+05  2.33459e+00  1.90584e+01
1.687271328e+01  9.4466859e-01         -inf  6.89329e+05  9.44669e-01  1.83661e+01
1.694020413e+01  3.3305169e-02         -inf  6.89329e+05  3.33052e-02  1.82051e+01
1.700796495e+01 -9.3540943e-01         -inf  6.89329e+05 -9.35409e-01  1.77207e+01
1.707599681e+01 -4.0070161e+00         -inf  6.89329e+05 -4.00702e+00  1.67642e+01
1.714430079e+01 -4.4833782e+00         -inf  6.89329e+05 -4.48338e+00  1.66885e+01
1.721287800e+01 -5.8892761e+00         -inf  6.89329e+05 -5.88928e+00  1.62257e+01
1.728172951e+01 -7.2586987e+00         -inf  6.89329e+05 -7.25870e+00  1.60453e+01
1.735085643e+01 -7.6343083e+00         -inf  6.89329e+05 -7.63431e+00  1.60209e+01
1.742025985e+01 -9.8071977e+00         -inf  6.89329e+05 -9.80720e+00  1.56075e+01
1.748994089e+01 -9.6162813e+00         -inf  6.89329e+05 -9.61628e+00  1.56291e+01
1.755990065e+01 -1.0723908e+01         -inf  6.89329e+05 -1.07239e+01  1.54933e+01
1.763014026e+01 -1.1498279e+01         -inf  6.89329e+05 -1.14983e+01  1.53068e+01
1.770066082e+01 -1.1939760e+01         -inf  6.89329e+05 -1.19398e+01  1.52706e+01
1.777146346e+01 -1.2412745e+01         -inf  6.89329e+05 -1.24127e+01  1.52323e+01
1.784254932e+01 -1.3123044e+01         -inf  6.89329e+05 -1.31230e+01  1.51359e+01
1.791391951e+01 -1.3274672e+01         -inf  6.89329e+05 -1.32747e+01  1.51068e+01
1.798557519e+01 -1.3664401e+01         -inf  6.89329e+05 -1.36644e+01  1.50781e+01
1.805751749e+01 -1.4028129e+01         -inf  6.89329e+05 -1.40281e+01  1.50423e+01
1.812974756e+01 -1.4182007e+01         -inf  6.89329e+05 -1.41820e+01  1.50609e+01
1.820226655e+01 -1.4572199e+01         -inf  6.89329e+05 -1.45722e+01  1.50111e+01
1.827507562e+01 -1.4267090e+01         -inf  6.89329e+05 -1.42671e+01  1.50594e+01
1.834817592e+01 -1.0968112e+01         -inf  6.89329e+05 -1.09681e+01  1.57925e+01
1.842156862e+01 -1.5180114e+01         -inf  6.89329e+05 -1.51801e+01  1.49932e+01
1.849525490e+01 -1.5459665e+01         -inf  6.89329e+05 -1.54597e+01  1.49936e+01
1.856923592e+01 -1.5483777e+01         -inf  6.89329e+05 -1.54838e+01  1.50254e+01
1.864351286e+01 -1.5640807e+01         -inf  6.89329e+05 -1.56408e+01  1.50295e+01
1.871808691e+01 -1.5804659e+01         -inf  6.89329e+05 -1.58047e+01  1.50363e+01
1.879295926e+01 -1.5990249e+01         -inf  6.89329e+05 -1.59902e+01  1.50244e+01
1.886813110e+01 -1.6315005e+01         -inf  6.89329e+05 -1.63150e+01  1.50018e+01
1.894360362e+01 -1.6334449e+01         -inf  6.89329e+05 -1.63344e+01  1.50266e+01
1.901937804e+01 -1.6630472e+01         -inf  6.89329e+05 -1.66305e+01  1.50091e+01
1.909545555e+01 -1.6885517e+01         -inf  6.89329e+05 -1.68855e+01  1.49943e+01
1.917183737e+01 -1.7028993e+01         -inf  6.89329e+05 -1.70290e+01  1.50023e+01
1.924852472e+01 -1.7312355e+01         -inf  6.89329e+05 -1.73124e+01  1.49887e+01
1.932551882e+01 -1.7458876e+01         -inf  6.89329e+05 -1.74589e+01  1.49915e+01
1.940282089e+01 -1.7674579e+01         -inf  6.89329e+05 -1.76746e+01  1.49876e+01
1.948043218e+01 -1.7874093e+01         -inf  6.89329e+05 -1.78741e+01  1.49859e+01
1.955835391e+01 -1.8038026e+01         -inf  6.89329e+05 -1.80380e+01  1.49865e+01
1.963658732e+01 -1.8184697e+01         -inf  6.89329e+05 -1.81847e+01  1.49874e+01
1.971513367e+01 -1.8384117e+01         -inf  6.89329e+05 -1.83841e+01  1.49866e+01
1.979399421e+01 -1.8572860e+01         -inf  6.89329e+05 -1.85729e+01  1.49856e+01
1.987317018e+01 -1.8741013e+01         -inf  6.89329e+05 -1.87410e+01  1.49859e+01
1.995266286e+01 -1.8906544e+01         -inf  6.89329e+05 -1.89065e+01  1.49863e+01
