# WARNING | GENERATOR | Too many electrons per pixel (up to 9.04e+13) detected in the 1.54-19.95 um spectral range. Reduce exposure time per frame to less than 0.000 seconds.
# ------------------------------------------------------------------------
# Radiance spectrum
# NASA-GSFC Planetary Spectrum Generator (PSG) (Villanueva et al. 2018, 2022)
# Synthesized on Tue May 12 15:49:39 2026
# Doppler velocities [km/s] (vobs,vrot+vorb,vwidth,vrfl,vstr): 29.00000,-0.00000,0.00000,0.00000,-0.00000
# ------------------------------------------------------------------------
# Spectra synthesized with the Planetary and Universal Model of Atmospheric Scattering (PUMAS, Villanueva et al. 2018, 2022)
# Single scattering radiative transfer method
# Radiative transfer took 5.665 seconds
# ------------------------------------------------------------------------
# Spectral unit: Wavelength [um]
# Radiance unit: Contrast [transit atmospheric thickness, km]
# Wave/freq Total Noise Stellar Earth Transit
2.000000000e-01  4.3172008e+01         -inf  6.89329e+05  4.31720e+01  4.31720e+01
2.008000000e-01  4.3108623e+01         -inf  6.89329e+05  4.31086e+01  4.31086e+01
2.016032000e-01  4.3048256e+01         -inf  6.89329e+05  4.30483e+01  4.30483e+01
2.024096128e-01  4.2989775e+01         -inf  6.89329e+05  4.29898e+01  4.29898e+01
2.032192513e-01  4.2936198e+01         -inf  6.89329e+05  4.29362e+01  4.29362e+01
2.040321283e-01  4.2904505e+01         -inf  6.89329e+05  4.29045e+01  4.29045e+01
2.048482568e-01  4.2873566e+01         -inf  6.89329e+05  4.28736e+01  4.28736e+01
2.056676498e-01  4.2865265e+01         -inf  6.89329e+05  4.28653e+01  4.28653e+01
2.064903204e-01  4.2871302e+01         -inf  6.89329e+05  4.28713e+01  4.28713e+01
2.073162817e-01  4.2878093e+01         -inf  6.89329e+05  4.28781e+01  4.28781e+01
2.081455468e-01  4.2893940e+01         -inf  6.89329e+05  4.28939e+01  4.28939e+01
2.089781290e-01  4.2909410e+01         -inf  6.89329e+05  4.29094e+01  4.29094e+01
2.098140415e-01  4.2950158e+01         -inf  6.89329e+05  4.29502e+01  4.29502e+01
2.106532977e-01  4.3021091e+01         -inf  6.89329e+05  4.30211e+01  4.30211e+01
2.114959109e-01  4.3087872e+01         -inf  6.89329e+05  4.30879e+01  4.30879e+01
2.123418945e-01  4.3242938e+01         -inf  6.89329e+05  4.32429e+01  4.32429e+01
2.131912621e-01  4.3432331e+01         -inf  6.89329e+05  4.34323e+01  4.34323e+01
2.140440271e-01  4.3473077e+01         -inf  6.89329e+05  4.34731e+01  4.34731e+01
2.149002032e-01  4.3584371e+01         -inf  6.89329e+05  4.35844e+01  4.35844e+01
2.157598041e-01  4.3703962e+01         -inf  6.89329e+05  4.37040e+01  4.37040e+01
2.166228433e-01  4.3816384e+01         -inf  6.89329e+05  4.38164e+01  4.38164e+01
2.174893346e-01  4.3958606e+01         -inf  6.89329e+05  4.39586e+01  4.39586e+01
2.183592920e-01  4.4074041e+01         -inf  6.89329e+05  4.40740e+01  4.40740e+01
2.192327292e-01  4.4206072e+01         -inf  6.89329e+05  4.42061e+01  4.42061e+01
2.201096601e-01  4.4336214e+01         -inf  6.89329e+05  4.43362e+01  4.43362e+01
2.209900987e-01  4.4473521e+01         -inf  6.89329e+05  4.44735e+01  4.44735e+01
2.218740591e-01  4.4610070e+01         -inf  6.89329e+05  4.46101e+01  4.46101e+01
2.227615553e-01  4.4741335e+01         -inf  6.89329e+05  4.47413e+01  4.47413e+01
2.236526016e-01  4.4876747e+01         -inf  6.89329e+05  4.48767e+01  4.48767e+01
2.245472120e-01  4.5016683e+01         -inf  6.89329e+05  4.50167e+01  4.50167e+01
2.254454008e-01  4.5140019e+01         -inf  6.89329e+05  4.51400e+01  4.51400e+01
2.263471824e-01  4.5281835e+01         -inf  6.89329e+05  4.52818e+01  4.52818e+01
2.272525711e-01  4.5409692e+01         -inf  6.89329e+05  4.54097e+01  4.54097e+01
2.281615814e-01  4.5539810e+01         -inf  6.89329e+05  4.55398e+01  4.55398e+01
2.290742278e-01  4.5672188e+01         -inf  6.89329e+05  4.56722e+01  4.56722e+01
2.299905247e-01  4.5784952e+01         -inf  6.89329e+05  4.57850e+01  4.57850e+01
2.309104868e-01  4.5918456e+01         -inf  6.89329e+05  4.59185e+01  4.59185e+01
2.318341287e-01  4.6029708e+01         -inf  6.89329e+05  4.60297e+01  4.60297e+01
2.327614652e-01  4.6153402e+01         -inf  6.89329e+05  4.61534e+01  4.61534e+01
2.336925111e-01  4.6255222e+01         -inf  6.89329e+05  4.62552e+01  4.62552e+01
2.346272811e-01  4.6375141e+01         -inf  6.89329e+05  4.63751e+01  4.63751e+01
2.355657903e-01  4.6469038e+01         -inf  6.89329e+05  4.64690e+01  4.64690e+01
2.365080534e-01  4.6570476e+01         -inf  6.89329e+05  4.65705e+01  4.65705e+01
2.374540856e-01  4.6671157e+01         -inf  6.89329e+05  4.66712e+01  4.66712e+01
2.384039020e-01  4.6758263e+01         -inf  6.89329e+05  4.67583e+01  4.67583e+01
2.393575176e-01  4.6843859e+01         -inf  6.89329e+05  4.68439e+01  4.68439e+01
2.403149477e-01  4.6933602e+01         -inf  6.89329e+05  4.69336e+01  4.69336e+01
2.412762074e-01  4.7001473e+01         -inf  6.89329e+05  4.70015e+01  4.70015e+01
2.422413123e-01  4.7072738e+01         -inf  6.89329e+05  4.70727e+01  4.70727e+01
2.432102775e-01  4.7145510e+01         -inf  6.89329e+05  4.71455e+01  4.71455e+01
2.441831186e-01  4.7198674e+01         -inf  6.89329e+05  4.71987e+01  4.71987e+01
2.451598511e-01  4.7259379e+01         -inf  6.89329e+05  4.72594e+01  4.72594e+01
2.461404905e-01  4.7305379e+01         -inf  6.89329e+05  4.73054e+01  4.73054e+01
2.471250525e-01  4.7341575e+01         -inf  6.89329e+05  4.73416e+01  4.73416e+01
2.481135527e-01  4.7377394e+01         -inf  6.89329e+05  4.73774e+01  4.73774e+01
2.491060069e-01  4.7423770e+01         -inf  6.89329e+05  4.74238e+01  4.74238e+01
2.501024309e-01  4.7444884e+01         -inf  6.89329e+05  4.74449e+01  4.74449e+01
2.511028406e-01  4.7436967e+01         -inf  6.89329e+05  4.74370e+01  4.74370e+01
2.521072520e-01  4.7485604e+01         -inf  6.89329e+05  4.74856e+01  4.74856e+01
2.531156810e-01  4.7465621e+01         -inf  6.89329e+05  4.74656e+01  4.74656e+01
2.541281437e-01  4.7467884e+01         -inf  6.89329e+05  4.74679e+01  4.74679e+01
2.551446563e-01  4.7482211e+01         -inf  6.89329e+05  4.74822e+01  4.74822e+01
2.561652349e-01  4.7441491e+01         -inf  6.89329e+05  4.74415e+01  4.74415e+01
2.571898959e-01  4.7403787e+01         -inf  6.89329e+05  4.74038e+01  4.74038e+01
2.582186555e-01  4.7410197e+01         -inf  6.89329e+05  4.74102e+01  4.74102e+01
2.592515301e-01  4.7362313e+01         -inf  6.89329e+05  4.73623e+01  4.73623e+01
2.602885362e-01  4.7311035e+01         -inf  6.89329e+05  4.73110e+01  4.73110e+01
2.613296904e-01  4.7262773e+01         -inf  6.89329e+05  4.72628e+01  4.72628e+01
2.623750091e-01  4.7216019e+01         -inf  6.89329e+05  4.72160e+01  4.72160e+01
2.634245092e-01  4.7101394e+01         -inf  6.89329e+05  4.71014e+01  4.71014e+01
2.644782072e-01  4.7090460e+01         -inf  6.89329e+05  4.70905e+01  4.70905e+01
2.655361200e-01  4.6977341e+01         -inf  6.89329e+05  4.69773e+01  4.69773e+01
2.665982645e-01  4.6877041e+01         -inf  6.89329e+05  4.68770e+01  4.68770e+01
2.676646576e-01  4.6791823e+01         -inf  6.89329e+05  4.67918e+01  4.67918e+01
2.687353162e-01  4.6629678e+01         -inf  6.89329e+05  4.66297e+01  4.66297e+01
2.698102574e-01  4.6579149e+01         -inf  6.89329e+05  4.65791e+01  4.65791e+01
2.708894985e-01  4.6393619e+01         -inf  6.89329e+05  4.63936e+01  4.63936e+01
2.719730565e-01  4.6289161e+01         -inf  6.89329e+05  4.62892e+01  4.62892e+01
2.730609487e-01  4.6140203e+01         -inf  6.89329e+05  4.61402e+01  4.61402e+01
2.741531925e-01  4.5920719e+01         -inf  6.89329e+05  4.59207e+01  4.59207e+01
2.752498053e-01  4.5801169e+01         -inf  6.89329e+05  4.58012e+01  4.58012e+01
2.763508045e-01  4.5607696e+01         -inf  6.89329e+05  4.56077e+01  4.56077e+01
2.774562077e-01  4.5419875e+01         -inf  6.89329e+05  4.54199e+01  4.54199e+01
2.785660325e-01  4.5210927e+01         -inf  6.89329e+05  4.52109e+01  4.52109e+01
2.796802967e-01  4.5012534e+01         -inf  6.89329e+05  4.50125e+01  4.50125e+01
2.807990178e-01  4.4750765e+01         -inf  6.89329e+05  4.47508e+01  4.47508e+01
2.819222139e-01  4.4495022e+01         -inf  6.89329e+05  4.44950e+01  4.44950e+01
2.830499028e-01  4.4300378e+01         -inf  6.89329e+05  4.43004e+01  4.43004e+01
2.841821024e-01  4.4006515e+01         -inf  6.89329e+05  4.40065e+01  4.40065e+01
2.853188308e-01  4.3725089e+01         -inf  6.89329e+05  4.37251e+01  4.37251e+01
2.864601061e-01  4.3475718e+01         -inf  6.89329e+05  4.34757e+01  4.34757e+01
2.876059465e-01  4.3156539e+01         -inf  6.89329e+05  4.31565e+01  4.31565e+01
2.887563703e-01  4.2828289e+01         -inf  6.89329e+05  4.28283e+01  4.28283e+01
2.899113958e-01  4.2510965e+01         -inf  6.89329e+05  4.25110e+01  4.25110e+01
2.910710414e-01  4.2210228e+01         -inf  6.89329e+05  4.22102e+01  4.22102e+01
2.922353256e-01  4.1835513e+01         -inf  6.89329e+05  4.18355e+01  4.18355e+01
2.934042669e-01  4.1490591e+01         -inf  6.89329e+05  4.14906e+01  4.14906e+01
2.945778839e-01  4.1136969e+01         -inf  6.89329e+05  4.11370e+01  4.11370e+01
2.957561955e-01  4.0724071e+01         -inf  6.89329e+05  4.07241e+01  4.07241e+01
2.969392202e-01  4.0350025e+01         -inf  6.89329e+05  4.03500e+01  4.03500e+01
2.981269771e-01  3.9965387e+01         -inf  6.89329e+05  3.99654e+01  3.99654e+01
2.993194850e-01  3.9601489e+01         -inf  6.89329e+05  3.96015e+01  3.96015e+01
3.005167630e-01  3.9225867e+01         -inf  6.89329e+05  3.92259e+01  3.92259e+01
3.017188300e-01  3.8821152e+01         -inf  6.89329e+05  3.88212e+01  3.88212e+01
3.029257054e-01  3.8437178e+01         -inf  6.89329e+05  3.84372e+01  3.84372e+01
3.041374082e-01  3.8118503e+01         -inf  6.89329e+05  3.81185e+01  3.81185e+01
3.053539578e-01  3.7660891e+01         -inf  6.89329e+05  3.76609e+01  3.76609e+01
3.065753736e-01  3.7383792e+01         -inf  6.89329e+05  3.73838e+01  3.73838e+01
3.078016751e-01  3.6917894e+01         -inf  6.89329e+05  3.69179e+01  3.69179e+01
3.090328818e-01  3.6634193e+01         -inf  6.89329e+05  3.66342e+01  3.66342e+01
3.102690134e-01  3.6171904e+01         -inf  6.89329e+05  3.61719e+01  3.61719e+01
3.115100894e-01  3.5897838e+01         -inf  6.89329e+05  3.58978e+01  3.58978e+01
3.127561298e-01  3.5405050e+01         -inf  6.89329e+05  3.54051e+01  3.54051e+01
3.140071543e-01  3.5179721e+01         -inf  6.89329e+05  3.51797e+01  3.51797e+01
3.152631829e-01  3.4743016e+01         -inf  6.89329e+05  3.47430e+01  3.47430e+01
3.165242356e-01  3.4302580e+01         -inf  6.89329e+05  3.43026e+01  3.43026e+01
3.177903326e-01  3.4169740e+01         -inf  6.89329e+05  3.41697e+01  3.41697e+01
3.190614939e-01  3.3522051e+01         -inf  6.89329e+05  3.35221e+01  3.35221e+01
3.203377399e-01  3.3497830e+01         -inf  6.89329e+05  3.34978e+01  3.34978e+01
3.216190908e-01  3.2876790e+01         -inf  6.89329e+05  3.28768e+01  3.28768e+01
3.229055672e-01  3.2927352e+01         -inf  6.89329e+05  3.29274e+01  3.29274e+01
3.241971895e-01  3.2129761e+01         -inf  6.89329e+05  3.21298e+01  3.21298e+01
3.254939782e-01  3.2448621e+01         -inf  6.89329e+05  3.24486e+01  3.24486e+01
3.267959541e-01  3.1642542e+01         -inf  6.89329e+05  3.16425e+01  3.16425e+01
3.281031380e-01  3.1937614e+01         -inf  6.89329e+05  3.19376e+01  3.19376e+01
3.294155505e-01  3.1143151e+01         -inf  6.89329e+05  3.11432e+01  3.11432e+01
3.307332127e-01  3.1437642e+01         -inf  6.89329e+05  3.14376e+01  3.14376e+01
3.320561456e-01  3.0972521e+01         -inf  6.89329e+05  3.09725e+01  3.09725e+01
3.333843702e-01  3.0909809e+01         -inf  6.89329e+05  3.09098e+01  3.09098e+01
3.347179076e-01  3.0683717e+01         -inf  6.89329e+05  3.06837e+01  3.06837e+01
3.360567793e-01  3.0436522e+01         -inf  6.89329e+05  3.04365e+01  3.04365e+01
3.374010064e-01  3.0568003e+01         -inf  6.89329e+05  3.05680e+01  3.05680e+01
3.387506104e-01  3.0195026e+01         -inf  6.89329e+05  3.01950e+01  3.01950e+01
3.401056128e-01  3.0179224e+01         -inf  6.89329e+05  3.01792e+01  3.01792e+01
3.414660353e-01  2.9973294e+01         -inf  6.89329e+05  2.99733e+01  2.99733e+01
3.428318994e-01  2.9852766e+01         -inf  6.89329e+05  2.98528e+01  2.98528e+01
3.442032270e-01  2.9873938e+01         -inf  6.89329e+05  2.98739e+01  2.98739e+01
3.455800399e-01  2.9665049e+01         -inf  6.89329e+05  2.96650e+01  2.96650e+01
3.469623601e-01  2.9570565e+01         -inf  6.89329e+05  2.95706e+01  2.95706e+01
3.483502095e-01  2.9460994e+01         -inf  6.89329e+05  2.94610e+01  2.94610e+01
3.497436104e-01  2.9352101e+01         -inf  6.89329e+05  2.93521e+01  2.93521e+01
3.511425848e-01  2.9289298e+01         -inf  6.89329e+05  2.92893e+01  2.92893e+01
3.525471552e-01  2.9183654e+01         -inf  6.89329e+05  2.91837e+01  2.91837e+01
3.539573438e-01  2.9070181e+01         -inf  6.89329e+05  2.90702e+01  2.90702e+01
3.553731732e-01  2.8979848e+01         -inf  6.89329e+05  2.89798e+01  2.89798e+01
3.567946659e-01  2.8883350e+01         -inf  6.89329e+05  2.88833e+01  2.88833e+01
3.582218445e-01  2.8789232e+01         -inf  6.89329e+05  2.87892e+01  2.87892e+01
3.596547319e-01  2.8702563e+01         -inf  6.89329e+05  2.87026e+01  2.87026e+01
3.610933508e-01  2.8604850e+01         -inf  6.89329e+05  2.86049e+01  2.86049e+01
3.625377242e-01  2.8510124e+01         -inf  6.89329e+05  2.85101e+01  2.85101e+01
3.639878751e-01  2.8417551e+01         -inf  6.89329e+05  2.84176e+01  2.84176e+01
3.654438266e-01  2.8325129e+01         -inf  6.89329e+05  2.83251e+01  2.83251e+01
3.669056019e-01  2.8231873e+01         -inf  6.89329e+05  2.82319e+01  2.82319e+01
3.683732243e-01  2.8139977e+01         -inf  6.89329e+05  2.81400e+01  2.81400e+01
3.698467172e-01  2.8047135e+01         -inf  6.89329e+05  2.80471e+01  2.80471e+01
3.713261041e-01  2.7954177e+01         -inf  6.89329e+05  2.79542e+01  2.79542e+01
3.728114085e-01  2.7861710e+01         -inf  6.89329e+05  2.78617e+01  2.78617e+01
3.743026542e-01  2.7769544e+01         -inf  6.89329e+05  2.77695e+01  2.77695e+01
3.757998648e-01  2.7677037e+01         -inf  6.89329e+05  2.76770e+01  2.76770e+01
3.773030642e-01  2.7584793e+01         -inf  6.89329e+05  2.75848e+01  2.75848e+01
3.788122765e-01  2.7492585e+01         -inf  6.89329e+05  2.74926e+01  2.74926e+01
3.803275256e-01  2.7400490e+01         -inf  6.89329e+05  2.74005e+01  2.74005e+01
3.818488357e-01  2.7308128e+01         -inf  6.89329e+05  2.73081e+01  2.73081e+01
3.833762310e-01  2.7216257e+01         -inf  6.89329e+05  2.72163e+01  2.72163e+01
3.849097360e-01  2.7124195e+01         -inf  6.89329e+05  2.71242e+01  2.71242e+01
3.864493749e-01  2.7032397e+01         -inf  6.89329e+05  2.70324e+01  2.70324e+01
3.879951724e-01  2.6940560e+01         -inf  6.89329e+05  2.69406e+01  2.69406e+01
3.895471531e-01  2.6848759e+01         -inf  6.89329e+05  2.68488e+01  2.68488e+01
3.911053417e-01  2.6757221e+01         -inf  6.89329e+05  2.67572e+01  2.67572e+01
3.926697631e-01  2.6665910e+01         -inf  6.89329e+05  2.66659e+01  2.66659e+01
3.942404421e-01  2.6574975e+01         -inf  6.89329e+05  2.65750e+01  2.65750e+01
3.958174039e-01  2.6484001e+01         -inf  6.89329e+05  2.64840e+01  2.64840e+01
3.974006735e-01  2.6392610e+01         -inf  6.89329e+05  2.63926e+01  2.63926e+01
3.989902762e-01  2.6301330e+01         -inf  6.89329e+05  2.63013e+01  2.63013e+01
4.005862373e-01  2.6210693e+01         -inf  6.89329e+05  2.62107e+01  2.62107e+01
4.021885823e-01  2.6120433e+01         -inf  6.89329e+05  2.61204e+01  2.61204e+01
4.037973366e-01  2.6029490e+01         -inf  6.89329e+05  2.60295e+01  2.60295e+01
4.054125259e-01  2.5938584e+01         -inf  6.89329e+05  2.59386e+01  2.59386e+01
4.070341760e-01  2.5849644e+01         -inf  6.89329e+05  2.58496e+01  2.58496e+01
4.086623127e-01  2.5761914e+01         -inf  6.89329e+05  2.57619e+01  2.57619e+01
4.102969620e-01  2.5672593e+01         -inf  6.89329e+05  2.56726e+01  2.56726e+01
4.119381498e-01  2.5581341e+01         -inf  6.89329e+05  2.55813e+01  2.55813e+01
4.135859024e-01  2.5490391e+01         -inf  6.89329e+05  2.54904e+01  2.54904e+01
4.152402460e-01  2.5402580e+01         -inf  6.89329e+05  2.54026e+01  2.54026e+01
4.169012070e-01  2.5316054e+01         -inf  6.89329e+05  2.53161e+01  2.53161e+01
4.185688119e-01  2.5227105e+01         -inf  6.89329e+05  2.52271e+01  2.52271e+01
4.202430871e-01  2.5137663e+01         -inf  6.89329e+05  2.51377e+01  2.51377e+01
4.219240595e-01  2.5052685e+01         -inf  6.89329e+05  2.50527e+01  2.50527e+01
4.236117557e-01  2.4971829e+01         -inf  6.89329e+05  2.49718e+01  2.49718e+01
4.253062027e-01  2.4889573e+01         -inf  6.89329e+05  2.48896e+01  2.48896e+01
4.270074275e-01  2.4800202e+01         -inf  6.89329e+05  2.48002e+01  2.48002e+01
4.287154572e-01  2.4707878e+01         -inf  6.89329e+05  2.47079e+01  2.47079e+01
4.304303191e-01  2.4621229e+01         -inf  6.89329e+05  2.46212e+01  2.46212e+01
4.321520403e-01  2.4542147e+01         -inf  6.89329e+05  2.45421e+01  2.45421e+01
4.338806485e-01  2.4459128e+01         -inf  6.89329e+05  2.44591e+01  2.44591e+01
4.356161711e-01  2.4370357e+01         -inf  6.89329e+05  2.43704e+01  2.43704e+01
4.373586358e-01  2.4288244e+01         -inf  6.89329e+05  2.42882e+01  2.42882e+01
4.391080703e-01  2.4218882e+01         -inf  6.89329e+05  2.42189e+01  2.42189e+01
4.408645026e-01  2.4152472e+01         -inf  6.89329e+05  2.41525e+01  2.41525e+01
4.426279606e-01  2.4080081e+01         -inf  6.89329e+05  2.40801e+01  2.40801e+01
4.443984725e-01  2.3991872e+01         -inf  6.89329e+05  2.39919e+01  2.39919e+01
4.461760664e-01  2.3894845e+01         -inf  6.89329e+05  2.38948e+01  2.38948e+01
4.479607706e-01  2.3813142e+01         -inf  6.89329e+05  2.38131e+01  2.38131e+01
4.497526137e-01  2.3748506e+01         -inf  6.89329e+05  2.37485e+01  2.37485e+01
4.515516242e-01  2.3673045e+01         -inf  6.89329e+05  2.36730e+01  2.36730e+01
4.533578307e-01  2.3585209e+01         -inf  6.89329e+05  2.35852e+01  2.35852e+01
4.551712620e-01  2.3510882e+01         -inf  6.89329e+05  2.35109e+01  2.35109e+01
4.569919470e-01  2.3461911e+01         -inf  6.89329e+05  2.34619e+01  2.34619e+01
4.588199148e-01  2.3424860e+01         -inf  6.89329e+05  2.34249e+01  2.34249e+01
4.606551945e-01  2.3383685e+01         -inf  6.89329e+05  2.33837e+01  2.33837e+01
4.624978152e-01  2.3309166e+01         -inf  6.89329e+05  2.33092e+01  2.33092e+01
4.643478065e-01  2.3200774e+01         -inf  6.89329e+05  2.32008e+01  2.32008e+01
4.662051977e-01  2.3103356e+01         -inf  6.89329e+05  2.31034e+01  2.31034e+01
4.680700185e-01  2.3045752e+01         -inf  6.89329e+05  2.30458e+01  2.30458e+01
4.699422986e-01  2.2996134e+01         -inf  6.89329e+05  2.29961e+01  2.29961e+01
4.718220678e-01  2.2921573e+01         -inf  6.89329e+05  2.29216e+01  2.29216e+01
4.737093561e-01  2.2848563e+01         -inf  6.89329e+05  2.28486e+01  2.28486e+01
4.756041935e-01  2.2809693e+01         -inf  6.89329e+05  2.28097e+01  2.28097e+01
4.775066103e-01  2.2808141e+01         -inf  6.89329e+05  2.28081e+01  2.28081e+01
4.794166367e-01  2.2823205e+01         -inf  6.89329e+05  2.28232e+01  2.28232e+01
4.813343033e-01  2.2823924e+01         -inf  6.89329e+05  2.28239e+01  2.28239e+01
4.832596405e-01  2.2762078e+01         -inf  6.89329e+05  2.27621e+01  2.27621e+01
4.851926790e-01  2.2646788e+01         -inf  6.89329e+05  2.26468e+01  2.26468e+01
4.871334497e-01  2.2542852e+01         -inf  6.89329e+05  2.25429e+01  2.25429e+01
4.890819835e-01  2.2493381e+01         -inf  6.89329e+05  2.24934e+01  2.24934e+01
4.910383115e-01  2.2466128e+01         -inf  6.89329e+05  2.24661e+01  2.24661e+01
4.930024647e-01  2.2414726e+01         -inf  6.89329e+05  2.24147e+01  2.24147e+01
4.949744746e-01  2.2358782e+01         -inf  6.89329e+05  2.23588e+01  2.23588e+01
4.969543725e-01  2.2342392e+01         -inf  6.89329e+05  2.23424e+01  2.23424e+01
4.989421900e-01  2.2379941e+01         -inf  6.89329e+05  2.23799e+01  2.23799e+01
5.009379587e-01  2.2451896e+01         -inf  6.89329e+05  2.24519e+01  2.24519e+01
5.029417106e-01  2.2527219e+01         -inf  6.89329e+05  2.25272e+01  2.25272e+01
5.049534774e-01  2.2551898e+01         -inf  6.89329e+05  2.25519e+01  2.25519e+01
5.069732913e-01  2.2493646e+01         -inf  6.89329e+05  2.24936e+01  2.24936e+01
5.090011845e-01  2.2385618e+01         -inf  6.89329e+05  2.23856e+01  2.23856e+01
5.110371892e-01  2.2299089e+01         -inf  6.89329e+05  2.22991e+01  2.22991e+01
5.130813380e-01  2.2268732e+01         -inf  6.89329e+05  2.22687e+01  2.22687e+01
5.151336633e-01  2.2266574e+01         -inf  6.89329e+05  2.22666e+01  2.22666e+01
5.171941980e-01  2.2257149e+01         -inf  6.89329e+05  2.22571e+01  2.22571e+01
5.192629748e-01  2.2245983e+01         -inf  6.89329e+05  2.22460e+01  2.22460e+01
5.213400267e-01  2.2258133e+01         -inf  6.89329e+05  2.22581e+01  2.22581e+01
5.234253868e-01  2.2310823e+01         -inf  6.89329e+05  2.23108e+01  2.23108e+01
5.255190883e-01  2.2397352e+01         -inf  6.89329e+05  2.23974e+01  2.23974e+01
5.276211647e-01  2.2496295e+01         -inf  6.89329e+05  2.24963e+01  2.24963e+01
5.297316493e-01  2.2582973e+01         -inf  6.89329e+05  2.25830e+01  2.25830e+01
5.318505759e-01  2.2631421e+01         -inf  6.89329e+05  2.26314e+01  2.26314e+01
5.339779782e-01  2.2623132e+01         -inf  6.89329e+05  2.26231e+01  2.26231e+01
5.361138902e-01  2.2568779e+01         -inf  6.89329e+05  2.25688e+01  2.25688e+01
5.382583457e-01  2.2525478e+01         -inf  6.89329e+05  2.25255e+01  2.25255e+01
5.404113791e-01  2.2535395e+01         -inf  6.89329e+05  2.25354e+01  2.25354e+01
5.425730246e-01  2.2579832e+01         -inf  6.89329e+05  2.25798e+01  2.25798e+01
5.447433167e-01  2.2618212e+01         -inf  6.89329e+05  2.26182e+01  2.26182e+01
5.469222900e-01  2.2632065e+01         -inf  6.89329e+05  2.26321e+01  2.26321e+01
5.491099791e-01  2.2631838e+01         -inf  6.89329e+05  2.26318e+01  2.26318e+01
5.513064191e-01  2.2633314e+01         -inf  6.89329e+05  2.26333e+01  2.26333e+01
5.535116447e-01  2.2645804e+01         -inf  6.89329e+05  2.26458e+01  2.26458e+01
5.557256913e-01  2.2681875e+01         -inf  6.89329e+05  2.26819e+01  2.26819e+01
5.579485941e-01  2.2755038e+01         -inf  6.89329e+05  2.27550e+01  2.27550e+01
5.601803884e-01  2.2860372e+01         -inf  6.89329e+05  2.28604e+01  2.28604e+01
5.624211100e-01  2.2966953e+01         -inf  6.89329e+05  2.29670e+01  2.29670e+01
5.646707944e-01  2.3046055e+01         -inf  6.89329e+05  2.30461e+01  2.30461e+01
5.669294776e-01  2.3100026e+01         -inf  6.89329e+05  2.31000e+01  2.31000e+01
5.691971955e-01  2.3148583e+01         -inf  6.89329e+05  2.31486e+01  2.31486e+01
5.714739843e-01  2.3195438e+01         -inf  6.89329e+05  2.31954e+01  2.31954e+01
5.737598803e-01  2.3208192e+01         -inf  6.89329e+05  2.32082e+01  2.32082e+01
5.760549198e-01  2.3160392e+01         -inf  6.89329e+05  2.31604e+01  2.31604e+01
5.783591395e-01  2.3068196e+01         -inf  6.89329e+05  2.30682e+01  2.30682e+01
5.806725760e-01  2.2961011e+01         -inf  6.89329e+05  2.29610e+01  2.29610e+01
5.829952663e-01  2.2863400e+01         -inf  6.89329e+05  2.28634e+01  2.28634e+01
5.853272474e-01  2.2788876e+01         -inf  6.89329e+05  2.27889e+01  2.27889e+01
5.876685564e-01  2.2743229e+01         -inf  6.89329e+05  2.27432e+01  2.27432e+01
5.900192306e-01  2.2732745e+01         -inf  6.89329e+05  2.27327e+01  2.27327e+01
5.923793075e-01  2.2774985e+01         -inf  6.89329e+05  2.27750e+01  2.27750e+01
5.947488247e-01  2.2873998e+01         -inf  6.89329e+05  2.28740e+01  2.28740e+01
5.971278200e-01  2.2991138e+01         -inf  6.89329e+05  2.29911e+01  2.29911e+01
5.995163313e-01  2.3081140e+01         -inf  6.89329e+05  2.30811e+01  2.30811e+01
6.019143966e-01  2.3105286e+01         -inf  6.89329e+05  2.31053e+01  2.31053e+01
6.043220542e-01  2.3051430e+01         -inf  6.89329e+05  2.30514e+01  2.30514e+01
6.067393425e-01  2.2931452e+01         -inf  6.89329e+05  2.29315e+01  2.29315e+01
6.091662998e-01  2.2766431e+01         -inf  6.89329e+05  2.27664e+01  2.27664e+01
6.116029650e-01  2.2586645e+01         -inf  6.89329e+05  2.25866e+01  2.25866e+01
6.140493769e-01  2.2413099e+01         -inf  6.89329e+05  2.24131e+01  2.24131e+01
6.165055744e-01  2.2254197e+01         -inf  6.89329e+05  2.22542e+01  2.22542e+01
6.189715967e-01  2.2113460e+01         -inf  6.89329e+05  2.21135e+01  2.21135e+01
6.214474831e-01  2.1989604e+01         -inf  6.89329e+05  2.19896e+01  2.19896e+01
6.239332730e-01  2.1872748e+01         -inf  6.89329e+05  2.18727e+01  2.18727e+01
6.264290061e-01  2.1751120e+01         -inf  6.89329e+05  2.17511e+01  2.17511e+01
6.289347221e-01  2.1617565e+01         -inf  6.89329e+05  2.16176e+01  2.16176e+01
6.314504610e-01  2.1479806e+01         -inf  6.89329e+05  2.14798e+01  2.14798e+01
6.339762629e-01  2.1338219e+01         -inf  6.89329e+05  2.13382e+01  2.13382e+01
6.365121679e-01  2.1181222e+01         -inf  6.89329e+05  2.11812e+01  2.11812e+01
6.390582166e-01  2.1017897e+01         -inf  6.89329e+05  2.10179e+01  2.10179e+01
6.416144494e-01  2.0852449e+01         -inf  6.89329e+05  2.08524e+01  2.08524e+01
6.441809072e-01  2.0704526e+01         -inf  6.89329e+05  2.07045e+01  2.07045e+01
6.467576309e-01  2.0564929e+01         -inf  6.89329e+05  2.05649e+01  2.05649e+01
6.493446614e-01  2.0431122e+01         -inf  6.89329e+05  2.04311e+01  2.04311e+01
6.519420400e-01  2.0305946e+01         -inf  6.89329e+05  2.03059e+01  2.03059e+01
6.545498082e-01  2.0174330e+01         -inf  6.89329e+05  2.01743e+01  2.01743e+01
6.571680074e-01  2.0040932e+01         -inf  6.89329e+05  2.00409e+01  2.00409e+01
6.597966795e-01  1.9912529e+01         -inf  6.89329e+05  1.99125e+01  1.99125e+01
6.624358662e-01  1.9788970e+01         -inf  6.89329e+05  1.97890e+01  1.97890e+01
6.650856096e-01  1.9655602e+01         -inf  6.89329e+05  1.96556e+01  1.96556e+01
6.677459521e-01  1.9511021e+01         -inf  6.89329e+05  1.95110e+01  1.95110e+01
6.704169359e-01  1.9368028e+01         -inf  6.89329e+05  1.93680e+01  1.93680e+01
6.730986036e-01  1.9231356e+01         -inf  6.89329e+05  1.92314e+01  1.92314e+01
6.757909981e-01  1.9104073e+01         -inf  6.89329e+05  1.91041e+01  1.91041e+01
6.784941620e-01  1.8982355e+01         -inf  6.89329e+05  1.89824e+01  1.89824e+01
6.812081387e-01  1.8878207e+01         -inf  6.89329e+05  1.88782e+01  1.88782e+01
6.839329712e-01  1.8793221e+01         -inf  6.89329e+05  1.87932e+01  1.87932e+01
6.866687031e-01  1.8695963e+01         -inf  6.89329e+05  1.86960e+01  1.86960e+01
6.894153779e-01  1.8574578e+01         -inf  6.89329e+05  1.85746e+01  1.85746e+01
6.921730395e-01  1.8454364e+01         -inf  6.89329e+05  1.84544e+01  1.84544e+01
6.949417316e-01  1.8339034e+01         -inf  6.89329e+05  1.83390e+01  1.83390e+01
6.977214985e-01  1.8227301e+01         -inf  6.89329e+05  1.82273e+01  1.82273e+01
7.005123845e-01  1.8127118e+01         -inf  6.89329e+05  1.81271e+01  1.81271e+01
7.033144341e-01  1.8044584e+01         -inf  6.89329e+05  1.80446e+01  1.80446e+01
7.061276918e-01  1.7975382e+01         -inf  6.89329e+05  1.79754e+01  1.79754e+01
7.089522026e-01  1.7913300e+01         -inf  6.89329e+05  1.79133e+01  1.79133e+01
7.117880114e-01  1.7859930e+01         -inf  6.89329e+05  1.78599e+01  1.78599e+01
7.146351634e-01  1.7824362e+01         -inf  6.89329e+05  1.78244e+01  1.78244e+01
7.174937041e-01  1.7769059e+01         -inf  6.89329e+05  1.77691e+01  1.77691e+01
7.203636789e-01  1.7668528e+01         -inf  6.89329e+05  1.76685e+01  1.76685e+01
7.232451336e-01  1.7575154e+01         -inf  6.89329e+05  1.75752e+01  1.75752e+01
7.261381142e-01  1.7505417e+01         -inf  6.89329e+05  1.75054e+01  1.75054e+01
7.290426666e-01  1.7429163e+01         -inf  6.89329e+05  1.74292e+01  1.74292e+01
7.319588373e-01  1.7364538e+01         -inf  6.89329e+05  1.73645e+01  1.73645e+01
7.348866726e-01  1.7322376e+01         -inf  6.89329e+05  1.73224e+01  1.73224e+01
7.378262193e-01  1.7290025e+01         -inf  6.89329e+05  1.72900e+01  1.72900e+01
7.407775242e-01  1.7265932e+01         -inf  6.89329e+05  1.72659e+01  1.72659e+01
7.437406343e-01  1.7262030e+01         -inf  6.89329e+05  1.72620e+01  1.72620e+01
7.467155968e-01  1.7263849e+01         -inf  6.89329e+05  1.72638e+01  1.72638e+01
7.497024592e-01  1.7216496e+01         -inf  6.89329e+05  1.72165e+01  1.72165e+01
7.527012690e-01  1.7109668e+01         -inf  6.89329e+05  1.71097e+01  1.71097e+01
7.557120741e-01  1.7012914e+01         -inf  6.89329e+05  1.70129e+01  1.70129e+01
7.587349224e-01  1.6948209e+01         -inf  6.89329e+05  1.69482e+01  1.69482e+01
7.617698621e-01  1.6902483e+01         -inf  6.89329e+05  1.69025e+01  1.69025e+01
7.648169416e-01  1.6865130e+01         -inf  6.89329e+05  1.68651e+01  1.68651e+01
7.678762093e-01  1.6836376e+01         -inf  6.89329e+05  1.68364e+01  1.68364e+01
7.709477142e-01  1.6822472e+01         -inf  6.89329e+05  1.68225e+01  1.68225e+01
7.740315050e-01  1.6835883e+01         -inf  6.89329e+05  1.68359e+01  1.68359e+01
7.771276310e-01  1.6868388e+01         -inf  6.89329e+05  1.68684e+01  1.68684e+01
7.802361416e-01  1.6861379e+01         -inf  6.89329e+05  1.68614e+01  1.68614e+01
7.833570861e-01  1.6787012e+01         -inf  6.89329e+05  1.67870e+01  1.67870e+01
7.864905145e-01  1.6699081e+01         -inf  6.89329e+05  1.66991e+01  1.66991e+01
7.896364765e-01  1.6635623e+01         -inf  6.89329e+05  1.66356e+01  1.66356e+01
7.927950224e-01  1.6581901e+01         -inf  6.89329e+05  1.65819e+01  1.65819e+01
7.959662025e-01  1.6535415e+01         -inf  6.89329e+05  1.65354e+01  1.65354e+01
7.991500673e-01  1.6502530e+01         -inf  6.89329e+05  1.65025e+01  1.65025e+01
8.023466676e-01  1.6475858e+01         -inf  6.89329e+05  1.64759e+01  1.64759e+01
8.055560543e-01  1.6461991e+01         -inf  6.89329e+05  1.64620e+01  1.64620e+01
8.087782785e-01  1.6474418e+01         -inf  6.89329e+05  1.64744e+01  1.64744e+01
8.120133916e-01  1.6499271e+01         -inf  6.89329e+05  1.64993e+01  1.64993e+01
8.152614452e-01  1.6518480e+01         -inf  6.89329e+05  1.65185e+01  1.65185e+01
8.185224910e-01  1.6498514e+01         -inf  6.89329e+05  1.64985e+01  1.64985e+01
8.217965809e-01  1.6427060e+01         -inf  6.89329e+05  1.64271e+01  1.64271e+01
8.250837672e-01  1.6338745e+01         -inf  6.89329e+05  1.63387e+01  1.63387e+01
8.283841023e-01  1.6272328e+01         -inf  6.89329e+05  1.62723e+01  1.62723e+01
8.316976387e-01  1.6227545e+01         -inf  6.89329e+05  1.62275e+01  1.62275e+01
8.350244293e-01  1.6197575e+01         -inf  6.89329e+05  1.61976e+01  1.61976e+01
8.383645270e-01  1.6178707e+01         -inf  6.89329e+05  1.61787e+01  1.61787e+01
8.417179851e-01  1.6166279e+01         -inf  6.89329e+05  1.61663e+01  1.61663e+01
8.450848570e-01  1.6163665e+01         -inf  6.89329e+05  1.61637e+01  1.61637e+01
8.484651965e-01  1.6178366e+01         -inf  6.89329e+05  1.61784e+01  1.61784e+01
8.518590573e-01  1.6217732e+01         -inf  6.89329e+05  1.62177e+01  1.62177e+01
8.552664935e-01  1.6212124e+01         -inf  6.89329e+05  1.62121e+01  1.62121e+01
8.586875595e-01  1.6161771e+01         -inf  6.89329e+05  1.61618e+01  1.61618e+01
8.621223097e-01  1.6101073e+01         -inf  6.89329e+05  1.61011e+01  1.61011e+01
8.655707989e-01  1.6044732e+01         -inf  6.89329e+05  1.60447e+01  1.60447e+01
8.690330821e-01  1.6007336e+01         -inf  6.89329e+05  1.60073e+01  1.60073e+01
8.725092145e-01  1.5977252e+01         -inf  6.89329e+05  1.59773e+01  1.59773e+01
8.759992513e-01  1.5957511e+01         -inf  6.89329e+05  1.59575e+01  1.59575e+01
8.795032483e-01  1.5946713e+01         -inf  6.89329e+05  1.59467e+01  1.59467e+01
8.830212613e-01  1.5945955e+01         -inf  6.89329e+05  1.59460e+01  1.59460e+01
8.865533464e-01  1.5942924e+01         -inf  6.89329e+05  1.59429e+01  1.59429e+01
8.900995597e-01  1.5931746e+01         -inf  6.89329e+05  1.59317e+01  1.59317e+01
8.936599580e-01  1.5916060e+01         -inf  6.89329e+05  1.59161e+01  1.59161e+01
8.972345978e-01  1.5922160e+01         -inf  6.89329e+05  1.59222e+01  1.59222e+01
9.008235362e-01  1.5904428e+01         -inf  6.89329e+05  1.59044e+01  1.59044e+01
9.044268304e-01  1.5866803e+01         -inf  6.89329e+05  1.58668e+01  1.58668e+01
9.080445377e-01  1.5832853e+01         -inf  6.89329e+05  1.58329e+01  1.58329e+01
9.116767158e-01  1.5807012e+01         -inf  6.89329e+05  1.58070e+01  1.58070e+01
9.153234227e-01  1.5787612e+01         -inf  6.89329e+05  1.57876e+01  1.57876e+01
9.189847164e-01  1.5772494e+01         -inf  6.89329e+05  1.57725e+01  1.57725e+01
9.226606552e-01  1.5760975e+01         -inf  6.89329e+05  1.57610e+01  1.57610e+01
9.263512979e-01  1.5750593e+01         -inf  6.89329e+05  1.57506e+01  1.57506e+01
9.300567031e-01  1.5740514e+01         -inf  6.89329e+05  1.57405e+01  1.57405e+01
9.337769299e-01  1.5728426e+01         -inf  6.89329e+05  1.57284e+01  1.57284e+01
9.375120376e-01  1.5726342e+01         -inf  6.89329e+05  1.57263e+01  1.57263e+01
9.412620857e-01  1.5738733e+01         -inf  6.89329e+05  1.57387e+01  1.57387e+01
9.450271341e-01  1.5741537e+01         -inf  6.89329e+05  1.57415e+01  1.57415e+01
9.488072426e-01  1.5707321e+01         -inf  6.89329e+05  1.57073e+01  1.57073e+01
9.526024716e-01  1.5677008e+01         -inf  6.89329e+05  1.56770e+01  1.56770e+01
9.564128815e-01  1.5662003e+01         -inf  6.89329e+05  1.56620e+01  1.56620e+01
9.602385330e-01  1.5645975e+01         -inf  6.89329e+05  1.56460e+01  1.56460e+01
9.640794871e-01  1.5633850e+01         -inf  6.89329e+05  1.56338e+01  1.56338e+01
9.679358051e-01  1.5621535e+01         -inf  6.89329e+05  1.56215e+01  1.56215e+01
9.718075483e-01  1.5609220e+01         -inf  6.89329e+05  1.56092e+01  1.56092e+01
9.756947785e-01  1.5597853e+01         -inf  6.89329e+05  1.55979e+01  1.55979e+01
9.795975576e-01  1.5588304e+01         -inf  6.89329e+05  1.55883e+01  1.55883e+01
9.835159478e-01  1.5580347e+01         -inf  6.89329e+05  1.55803e+01  1.55803e+01
9.874500116e-01  1.5579589e+01         -inf  6.89329e+05  1.55796e+01  1.55796e+01
9.913998117e-01  1.5601225e+01         -inf  6.89329e+05  1.56012e+01  1.56012e+01
9.953654109e-01  1.5580195e+01         -inf  6.89329e+05  1.55802e+01  1.55802e+01
9.993468726e-01  1.5552458e+01         -inf  6.89329e+05  1.55525e+01  1.55525e+01
1.003344260e+00  1.5537681e+01         -inf  6.89329e+05  1.55377e+01  1.55377e+01
1.007357637e+00  1.5526768e+01         -inf  6.89329e+05  1.55268e+01  1.55268e+01
1.011387068e+00  1.5517370e+01         -inf  6.89329e+05  1.55174e+01  1.55174e+01
1.015432616e+00  1.5508466e+01         -inf  6.89329e+05  1.55085e+01  1.55085e+01
1.019494346e+00  1.5499637e+01         -inf  6.89329e+05  1.54996e+01  1.54996e+01
1.023572324e+00  1.5490997e+01         -inf  6.89329e+05  1.54910e+01  1.54910e+01
1.027666613e+00  1.5482813e+01         -inf  6.89329e+05  1.54828e+01  1.54828e+01
1.031777280e+00  1.5474704e+01         -inf  6.89329e+05  1.54747e+01  1.54747e+01
1.035904389e+00  1.5470194e+01         -inf  6.89329e+05  1.54702e+01  1.54702e+01
1.040048006e+00  1.5466367e+01         -inf  6.89329e+05  1.54664e+01  1.54664e+01
1.044208198e+00  1.5456553e+01         -inf  6.89329e+05  1.54566e+01  1.54566e+01
1.048385031e+00  1.5461479e+01         -inf  6.89329e+05  1.54615e+01  1.54615e+01
1.052578571e+00  1.5457652e+01         -inf  6.89329e+05  1.54577e+01  1.54577e+01
1.056788885e+00  1.5432037e+01         -inf  6.89329e+05  1.54320e+01  1.54320e+01
1.061016041e+00  1.5423852e+01         -inf  6.89329e+05  1.54239e+01  1.54239e+01
1.065260105e+00  1.5420138e+01         -inf  6.89329e+05  1.54201e+01  1.54201e+01
1.069521146e+00  1.5409907e+01         -inf  6.89329e+05  1.54099e+01  1.54099e+01
1.073799230e+00  1.5402442e+01         -inf  6.89329e+05  1.54024e+01  1.54024e+01
1.078094427e+00  1.5395659e+01         -inf  6.89329e+05  1.53957e+01  1.53957e+01
1.082406805e+00  1.5389028e+01         -inf  6.89329e+05  1.53890e+01  1.53890e+01
1.086736432e+00  1.5382662e+01         -inf  6.89329e+05  1.53827e+01  1.53827e+01
1.091083378e+00  1.5376675e+01         -inf  6.89329e+05  1.53767e+01  1.53767e+01
1.095447711e+00  1.5370915e+01         -inf  6.89329e+05  1.53709e+01  1.53709e+01
1.099829502e+00  1.5364852e+01         -inf  6.89329e+05  1.53649e+01  1.53649e+01
1.104228820e+00  1.5358638e+01         -inf  6.89329e+05  1.53586e+01  1.53586e+01
1.108645735e+00  1.5353447e+01         -inf  6.89329e+05  1.53534e+01  1.53534e+01
1.113080318e+00  1.5351287e+01         -inf  6.89329e+05  1.53513e+01  1.53513e+01
1.117532640e+00  1.5349127e+01         -inf  6.89329e+05  1.53491e+01  1.53491e+01
1.122002770e+00  1.5350605e+01         -inf  6.89329e+05  1.53506e+01  1.53506e+01
1.126490781e+00  1.5356667e+01         -inf  6.89329e+05  1.53567e+01  1.53567e+01
1.130996744e+00  1.5352120e+01         -inf  6.89329e+05  1.53521e+01  1.53521e+01
1.135520731e+00  1.5351969e+01         -inf  6.89329e+05  1.53520e+01  1.53520e+01
1.140062814e+00  1.5329309e+01         -inf  6.89329e+05  1.53293e+01  1.53293e+01
1.144623065e+00  1.5323359e+01         -inf  6.89329e+05  1.53234e+01  1.53234e+01
1.149201558e+00  1.5328626e+01         -inf  6.89329e+05  1.53286e+01  1.53286e+01
1.153798364e+00  1.5347687e+01         -inf  6.89329e+05  1.53477e+01  1.53477e+01
1.158413557e+00  1.5333174e+01         -inf  6.89329e+05  1.53332e+01  1.53332e+01
1.163047212e+00  1.5347876e+01         -inf  6.89329e+05  1.53479e+01  1.53479e+01
1.167699401e+00  1.5323928e+01         -inf  6.89329e+05  1.53239e+01  1.53239e+01
1.172370198e+00  1.5306762e+01         -inf  6.89329e+05  1.53068e+01  1.53068e+01
1.177059679e+00  1.5292059e+01         -inf  6.89329e+05  1.52921e+01  1.52921e+01
1.181767918e+00  1.5282851e+01         -inf  6.89329e+05  1.52829e+01  1.52829e+01
1.186494989e+00  1.5276106e+01         -inf  6.89329e+05  1.52761e+01  1.52761e+01
1.191240969e+00  1.5269399e+01         -inf  6.89329e+05  1.52694e+01  1.52694e+01
1.196005933e+00  1.5260532e+01         -inf  6.89329e+05  1.52605e+01  1.52605e+01
1.200789957e+00  1.5302101e+01         -inf  6.89329e+05  1.53021e+01  1.53021e+01
1.205593117e+00  1.5548290e+01         -inf  6.89329e+05  1.55483e+01  1.55483e+01
1.210415489e+00  1.5357691e+01         -inf  6.89329e+05  1.53577e+01  1.53577e+01
1.215257151e+00  1.5268982e+01         -inf  6.89329e+05  1.52690e+01  1.52690e+01
1.220118180e+00  1.5476636e+01         -inf  6.89329e+05  1.54766e+01  1.54766e+01
1.224998652e+00  1.5326467e+01         -inf  6.89329e+05  1.53265e+01  1.53265e+01
1.229898647e+00  1.5237417e+01         -inf  6.89329e+05  1.52374e+01  1.52374e+01
1.234818242e+00  1.5232528e+01         -inf  6.89329e+05  1.52325e+01  1.52325e+01
1.239757515e+00  1.5223168e+01         -inf  6.89329e+05  1.52232e+01  1.52232e+01
1.244716545e+00  1.5215362e+01         -inf  6.89329e+05  1.52154e+01  1.52154e+01
1.249695411e+00  1.5212217e+01         -inf  6.89329e+05  1.52122e+01  1.52122e+01
1.254694192e+00  1.5209375e+01         -inf  6.89329e+05  1.52094e+01  1.52094e+01
1.259712969e+00  1.5205434e+01         -inf  6.89329e+05  1.52054e+01  1.52054e+01
1.264751821e+00  1.5202857e+01         -inf  6.89329e+05  1.52029e+01  1.52029e+01
1.269810828e+00  1.5197097e+01         -inf  6.89329e+05  1.51971e+01  1.51971e+01
1.274890072e+00  1.5193346e+01         -inf  6.89329e+05  1.51933e+01  1.51933e+01
1.279989632e+00  1.5190011e+01         -inf  6.89329e+05  1.51900e+01  1.51900e+01
1.285109591e+00  1.5187283e+01         -inf  6.89329e+05  1.51873e+01  1.51873e+01
1.290250029e+00  1.5205320e+01         -inf  6.89329e+05  1.52053e+01  1.52053e+01
1.295411029e+00  1.5201342e+01         -inf  6.89329e+05  1.52013e+01  1.52013e+01
1.300592673e+00  1.5178491e+01         -inf  6.89329e+05  1.51785e+01  1.51785e+01
1.305795044e+00  1.5175043e+01         -inf  6.89329e+05  1.51750e+01  1.51750e+01
1.311018224e+00  1.5187927e+01         -inf  6.89329e+05  1.51879e+01  1.51879e+01
1.316262297e+00  1.5261972e+01         -inf  6.89329e+05  1.52620e+01  1.52620e+01
1.321527346e+00  1.5231543e+01         -inf  6.89329e+05  1.52315e+01  1.52315e+01
1.326813455e+00  1.5183721e+01         -inf  6.89329e+05  1.51837e+01  1.51837e+01
1.332120709e+00  1.5249808e+01         -inf  6.89329e+05  1.52498e+01  1.52498e+01
1.337449192e+00  1.5218204e+01         -inf  6.89329e+05  1.52182e+01  1.52182e+01
1.342798989e+00  1.5233248e+01         -inf  6.89329e+05  1.52332e+01  1.52332e+01
1.348170185e+00  1.5196870e+01         -inf  6.89329e+05  1.51969e+01  1.51969e+01
1.353562866e+00  1.5203350e+01         -inf  6.89329e+05  1.52033e+01  1.52033e+01
1.358977117e+00  1.5221274e+01         -inf  6.89329e+05  1.52213e+01  1.52213e+01
1.364413026e+00  1.5219190e+01         -inf  6.89329e+05  1.52192e+01  1.52192e+01
1.369870678e+00  1.5210171e+01         -inf  6.89329e+05  1.52102e+01  1.52102e+01
1.375350160e+00  1.5214339e+01         -inf  6.89329e+05  1.52143e+01  1.52143e+01
1.380851561e+00  1.5217333e+01         -inf  6.89329e+05  1.52173e+01  1.52173e+01
1.386374967e+00  1.5216992e+01         -inf  6.89329e+05  1.52170e+01  1.52170e+01
1.391920467e+00  1.5209034e+01         -inf  6.89329e+05  1.52090e+01  1.52090e+01
1.397488149e+00  1.5204487e+01         -inf  6.89329e+05  1.52045e+01  1.52045e+01
1.403078102e+00  1.5204146e+01         -inf  6.89329e+05  1.52041e+01  1.52041e+01
1.408690414e+00  1.5196529e+01         -inf  6.89329e+05  1.51965e+01  1.51965e+01
1.414325176e+00  1.5163409e+01         -inf  6.89329e+05  1.51634e+01  1.51634e+01
1.419982476e+00  1.5147835e+01         -inf  6.89329e+05  1.51478e+01  1.51478e+01
1.425662406e+00  1.5139574e+01         -inf  6.89329e+05  1.51396e+01  1.51396e+01
1.431365056e+00  1.6723631e+01         -inf  6.89329e+05  1.67236e+01  1.67236e+01
1.437090516e+00  1.6322567e+01         -inf  6.89329e+05  1.63226e+01  1.63226e+01
1.442838878e+00  1.5661397e+01         -inf  6.89329e+05  1.56614e+01  1.56614e+01
1.448610234e+00  1.5228739e+01         -inf  6.89329e+05  1.52287e+01  1.52287e+01
1.454404675e+00  1.5118505e+01         -inf  6.89329e+05  1.51185e+01  1.51185e+01
1.460222293e+00  1.5108273e+01         -inf  6.89329e+05  1.51083e+01  1.51083e+01
1.466063182e+00  1.5105014e+01         -inf  6.89329e+05  1.51050e+01  1.51050e+01
1.471927435e+00  1.5219758e+01         -inf  6.89329e+05  1.52198e+01  1.52198e+01
1.477815145e+00  1.5197249e+01         -inf  6.89329e+05  1.51972e+01  1.51972e+01
1.483726405e+00  1.5118505e+01         -inf  6.89329e+05  1.51185e+01  1.51185e+01
1.489661311e+00  1.5099671e+01         -inf  6.89329e+05  1.50997e+01  1.50997e+01
1.495619956e+00  1.5123203e+01         -inf  6.89329e+05  1.51232e+01  1.51232e+01
1.501602436e+00  1.5104256e+01         -inf  6.89329e+05  1.51043e+01  1.51043e+01
1.507608846e+00  1.5089250e+01         -inf  6.89329e+05  1.50892e+01  1.50892e+01
1.513639281e+00  1.5087810e+01         -inf  6.89329e+05  1.50878e+01  1.50878e+01
1.519693838e+00  1.5087355e+01         -inf  6.89329e+05  1.50874e+01  1.50874e+01
1.525772614e+00  1.5107705e+01         -inf  6.89329e+05  1.51077e+01  1.51077e+01
1.531875704e+00  1.5225025e+01         -inf  6.89329e+05  1.52250e+01  1.52250e+01
1.538003207e+00  1.5310476e+01         -inf  6.89329e+05  1.53105e+01  1.53105e+01
1.544155220e+00  1.5191982e+01         -inf  6.89329e+05  1.51920e+01  1.51920e+01
1.550331841e+00  1.5079549e+01         -inf  6.89329e+05  1.50795e+01  1.50795e+01
1.556533168e+00  1.5076896e+01         -inf  6.89329e+05  1.50769e+01  1.50769e+01
1.562759301e+00  1.5077806e+01         -inf  6.89329e+05  1.50778e+01  1.50778e+01
1.569010338e+00  1.5534346e+01         -inf  6.89329e+05  1.55343e+01  1.55343e+01
1.575286379e+00  1.5952623e+01         -inf  6.89329e+05  1.59526e+01  1.59526e+01
1.581587525e+00  1.5525441e+01         -inf  6.89329e+05  1.55254e+01  1.55254e+01
1.587913875e+00  1.5102968e+01         -inf  6.89329e+05  1.51030e+01  1.51030e+01
1.594265530e+00  1.5095881e+01         -inf  6.89329e+05  1.50959e+01  1.50959e+01
1.600642593e+00  1.5864529e+01         -inf  6.89329e+05  1.58645e+01  1.58645e+01
1.607045163e+00  1.5899275e+01         -inf  6.89329e+05  1.58993e+01  1.58993e+01
1.613473344e+00  1.5456856e+01         -inf  6.89329e+05  1.54569e+01  1.54569e+01
1.619927237e+00  1.5113465e+01         -inf  6.89329e+05  1.51135e+01  1.51135e+01
1.626406946e+00  1.5112214e+01         -inf  6.89329e+05  1.51122e+01  1.51122e+01
1.632912574e+00  1.5175687e+01         -inf  6.89329e+05  1.51757e+01  1.51757e+01
1.639444224e+00  1.5307368e+01         -inf  6.89329e+05  1.53074e+01  1.53074e+01
1.646002001e+00  1.5361745e+01         -inf  6.89329e+05  1.53617e+01  1.53617e+01
1.652586009e+00  1.5293348e+01         -inf  6.89329e+05  1.52933e+01  1.52933e+01
1.659196353e+00  1.5138892e+01         -inf  6.89329e+05  1.51389e+01  1.51389e+01
1.665833138e+00  1.5514112e+01         -inf  6.89329e+05  1.55141e+01  1.55141e+01
1.672496471e+00  1.5131389e+01         -inf  6.89329e+05  1.51314e+01  1.51314e+01
1.679186457e+00  1.5166668e+01         -inf  6.89329e+05  1.51667e+01  1.51667e+01
1.685903203e+00  1.5161780e+01         -inf  6.89329e+05  1.51618e+01  1.51618e+01
1.692646815e+00  1.5157005e+01         -inf  6.89329e+05  1.51570e+01  1.51570e+01
1.699417403e+00  1.5166479e+01         -inf  6.89329e+05  1.51665e+01  1.51665e+01
1.706215072e+00  1.5300737e+01         -inf  6.89329e+05  1.53007e+01  1.53007e+01
1.713039933e+00  1.5180007e+01         -inf  6.89329e+05  1.51800e+01  1.51800e+01
1.719892092e+00  1.5164963e+01         -inf  6.89329e+05  1.51650e+01  1.51650e+01
1.726771661e+00  1.5253976e+01         -inf  6.89329e+05  1.52540e+01  1.52540e+01
1.733678747e+00  1.5146622e+01         -inf  6.89329e+05  1.51466e+01  1.51466e+01
1.740613462e+00  1.5108500e+01         -inf  6.89329e+05  1.51085e+01  1.51085e+01
1.747575916e+00  1.5084513e+01         -inf  6.89329e+05  1.50845e+01  1.50845e+01
1.754566220e+00  1.5078147e+01         -inf  6.89329e+05  1.50781e+01  1.50781e+01
1.761584485e+00  1.5078791e+01         -inf  6.89329e+05  1.50788e+01  1.50788e+01
1.768630823e+00  1.5122105e+01         -inf  6.89329e+05  1.51221e+01  1.51221e+01
1.775705346e+00  1.5163182e+01         -inf  6.89329e+05  1.51632e+01  1.51632e+01
1.782808167e+00  1.5113199e+01         -inf  6.89329e+05  1.51132e+01  1.51132e+01
1.789939400e+00  1.5212028e+01         -inf  6.89329e+05  1.52120e+01  1.52120e+01
1.797099158e+00  1.5092660e+01         -inf  6.89329e+05  1.50927e+01  1.50927e+01
1.804287554e+00  1.5096526e+01         -inf  6.89329e+05  1.50965e+01  1.50965e+01
1.811504704e+00  1.5093646e+01         -inf  6.89329e+05  1.50936e+01  1.50936e+01
1.818750723e+00  1.5076441e+01         -inf  6.89329e+05  1.50764e+01  1.50764e+01
1.826025726e+00  1.5059578e+01         -inf  6.89329e+05  1.50596e+01  1.50596e+01
1.833329829e+00  1.5060715e+01         -inf  6.89329e+05  1.50607e+01  1.50607e+01
1.840663148e+00  1.5068938e+01         -inf  6.89329e+05  1.50689e+01  1.50689e+01
1.848025801e+00  1.5068105e+01         -inf  6.89329e+05  1.50681e+01  1.50681e+01
1.855417904e+00  1.5066513e+01         -inf  6.89329e+05  1.50665e+01  1.50665e+01
1.862839576e+00  1.5062003e+01         -inf  6.89329e+05  1.50620e+01  1.50620e+01
1.870290934e+00  1.5072349e+01         -inf  6.89329e+05  1.50723e+01  1.50723e+01
1.877772098e+00  1.5326201e+01         -inf  6.89329e+05  1.53262e+01  1.53262e+01
1.885283186e+00  1.5324837e+01         -inf  6.89329e+05  1.53248e+01  1.53248e+01
1.892824319e+00  1.5085233e+01         -inf  6.89329e+05  1.50852e+01  1.50852e+01
1.900395616e+00  1.5051999e+01         -inf  6.89329e+05  1.50520e+01  1.50520e+01
1.907997199e+00  1.5047073e+01         -inf  6.89329e+05  1.50471e+01  1.50471e+01
1.915629188e+00  1.5040706e+01         -inf  6.89329e+05  1.50407e+01  1.50407e+01
1.923291704e+00  1.5034378e+01         -inf  6.89329e+05  1.50344e+01  1.50344e+01
1.930984871e+00  1.5029906e+01         -inf  6.89329e+05  1.50299e+01  1.50299e+01
1.938708811e+00  1.5089326e+01         -inf  6.89329e+05  1.50893e+01  1.50893e+01
1.946463646e+00  1.6091639e+01         -inf  6.89329e+05  1.60916e+01  1.60916e+01
1.954249500e+00  1.9141565e+01         -inf  6.89329e+05  1.91416e+01  1.91416e+01
1.962066498e+00  1.8630063e+01         -inf  6.89329e+05  1.86301e+01  1.86301e+01
1.969914764e+00  1.7537653e+01         -inf  6.89329e+05  1.75377e+01  1.75377e+01
1.977794423e+00  1.5620133e+01         -inf  6.89329e+05  1.56201e+01  1.56201e+01
1.985705601e+00  1.5259168e+01         -inf  6.89329e+05  1.52592e+01  1.52592e+01
1.993648424e+00  1.5718726e+01         -inf  6.89329e+05  1.57187e+01  1.57187e+01
2.001623017e+00  2.1258074e+01         -inf  6.89329e+05  2.12581e+01  2.12581e+01
2.009629509e+00  2.1700848e+01         -inf  6.89329e+05  2.17008e+01  2.17008e+01
2.017668027e+00  2.0071413e+01         -inf  6.89329e+05  2.00714e+01  2.00714e+01
2.025738699e+00  1.6607133e+01         -inf  6.89329e+05  1.66071e+01  1.66071e+01
2.033841654e+00  1.6163779e+01         -inf  6.89329e+05  1.61638e+01  1.61638e+01
2.041977021e+00  1.6416679e+01         -inf  6.89329e+05  1.64167e+01  1.64167e+01
2.050144929e+00  1.7796180e+01         -inf  6.89329e+05  1.77962e+01  1.77962e+01
2.058345509e+00  1.8215218e+01         -inf  6.89329e+05  1.82152e+01  1.82152e+01
2.066578891e+00  1.7796407e+01         -inf  6.89329e+05  1.77964e+01  1.77964e+01
2.074845206e+00  1.6545758e+01         -inf  6.89329e+05  1.65458e+01  1.65458e+01
2.083144587e+00  1.5997825e+01         -inf  6.89329e+05  1.59978e+01  1.59978e+01
2.091477165e+00  1.5596716e+01         -inf  6.89329e+05  1.55967e+01  1.55967e+01
2.099843074e+00  1.5344731e+01         -inf  6.89329e+05  1.53447e+01  1.53447e+01
2.108242446e+00  1.5254999e+01         -inf  6.89329e+05  1.52550e+01  1.52550e+01
2.116675416e+00  1.5172731e+01         -inf  6.89329e+05  1.51727e+01  1.51727e+01
2.125142118e+00  1.5074130e+01         -inf  6.89329e+05  1.50741e+01  1.50741e+01
2.133642686e+00  1.5051203e+01         -inf  6.89329e+05  1.50512e+01  1.50512e+01
2.142177257e+00  1.5121612e+01         -inf  6.89329e+05  1.51216e+01  1.51216e+01
2.150745966e+00  1.5262729e+01         -inf  6.89329e+05  1.52627e+01  1.52627e+01
2.159348950e+00  1.5259092e+01         -inf  6.89329e+05  1.52591e+01  1.52591e+01
2.167986346e+00  1.5228208e+01         -inf  6.89329e+05  1.52282e+01  1.52282e+01
2.176658291e+00  1.5201758e+01         -inf  6.89329e+05  1.52018e+01  1.52018e+01
2.185364924e+00  1.5095388e+01         -inf  6.89329e+05  1.50954e+01  1.50954e+01
2.194106384e+00  1.5152685e+01         -inf  6.89329e+05  1.51527e+01  1.51527e+01
2.202882810e+00  1.5653667e+01         -inf  6.89329e+05  1.56537e+01  1.56537e+01
2.211694341e+00  1.5099557e+01         -inf  6.89329e+05  1.50996e+01  1.50996e+01
2.220541118e+00  1.5240258e+01         -inf  6.89329e+05  1.52403e+01  1.52403e+01
2.229423283e+00  1.5343063e+01         -inf  6.89329e+05  1.53431e+01  1.53431e+01
2.238340976e+00  1.5386451e+01         -inf  6.89329e+05  1.53865e+01  1.53865e+01
2.247294340e+00  1.5506646e+01         -inf  6.89329e+05  1.55066e+01  1.55066e+01
2.256283517e+00  1.5560301e+01         -inf  6.89329e+05  1.55603e+01  1.55603e+01
2.265308651e+00  1.5670187e+01         -inf  6.89329e+05  1.56702e+01  1.56702e+01
2.274369886e+00  1.5868242e+01         -inf  6.89329e+05  1.58682e+01  1.58682e+01
2.283467365e+00  1.5892643e+01         -inf  6.89329e+05  1.58926e+01  1.58926e+01
2.292601235e+00  1.6084174e+01         -inf  6.89329e+05  1.60842e+01  1.60842e+01
2.301771640e+00  1.6394021e+01         -inf  6.89329e+05  1.63940e+01  1.63940e+01
2.310978726e+00  1.5574586e+01         -inf  6.89329e+05  1.55746e+01  1.55746e+01
2.320222641e+00  1.6257702e+01         -inf  6.89329e+05  1.62577e+01  1.62577e+01
2.329503532e+00  1.5883625e+01         -inf  6.89329e+05  1.58836e+01  1.58836e+01
2.338821546e+00  1.6178137e+01         -inf  6.89329e+05  1.61781e+01  1.61781e+01
2.348176832e+00  1.6414176e+01         -inf  6.89329e+05  1.64142e+01  1.64142e+01
2.357569539e+00  1.5993921e+01         -inf  6.89329e+05  1.59939e+01  1.59939e+01
2.366999817e+00  1.6141347e+01         -inf  6.89329e+05  1.61413e+01  1.61413e+01
2.376467817e+00  1.6190753e+01         -inf  6.89329e+05  1.61908e+01  1.61908e+01
2.385973688e+00  1.5622139e+01         -inf  6.89329e+05  1.56221e+01  1.56221e+01
2.395517583e+00  1.5619941e+01         -inf  6.89329e+05  1.56199e+01  1.56199e+01
2.405099653e+00  1.5339954e+01         -inf  6.89329e+05  1.53400e+01  1.53400e+01
2.414720052e+00  1.5185385e+01         -inf  6.89329e+05  1.51854e+01  1.51854e+01
2.424378932e+00  1.5330594e+01         -inf  6.89329e+05  1.53306e+01  1.53306e+01
2.434076448e+00  1.5164543e+01         -inf  6.89329e+05  1.51645e+01  1.51645e+01
2.443812753e+00  1.5107057e+01         -inf  6.89329e+05  1.51071e+01  1.51071e+01
2.453588004e+00  1.5074202e+01         -inf  6.89329e+05  1.50742e+01  1.50742e+01
2.463402356e+00  1.5039186e+01         -inf  6.89329e+05  1.50392e+01  1.50392e+01
2.473255966e+00  1.5065675e+01         -inf  6.89329e+05  1.50657e+01  1.50657e+01
2.483148990e+00  1.5605313e+01         -inf  6.89329e+05  1.56053e+01  1.56053e+01
2.493081586e+00  1.5417594e+01         -inf  6.89329e+05  1.54176e+01  1.54176e+01
2.503053912e+00  1.5253326e+01         -inf  6.89329e+05  1.52533e+01  1.52533e+01
2.513066128e+00  1.5103947e+01         -inf  6.89329e+05  1.51039e+01  1.51040e+01
2.523118392e+00  1.5053850e+01         -inf  6.89329e+05  1.50538e+01  1.50539e+01
2.533210866e+00  1.5048734e+01         -inf  6.89329e+05  1.50487e+01  1.50487e+01
2.543343709e+00  1.5036949e+01         -inf  6.89329e+05  1.50369e+01  1.50370e+01
2.553517084e+00  1.5097090e+01         -inf  6.89329e+05  1.50971e+01  1.50971e+01
2.563731152e+00  1.5294367e+01         -inf  6.89329e+05  1.52944e+01  1.52944e+01
2.573986077e+00  1.5310889e+01         -inf  6.89329e+05  1.53109e+01  1.53109e+01
2.584282021e+00  1.5427790e+01         -inf  6.89329e+05  1.54278e+01  1.54278e+01
2.594619149e+00  1.5493003e+01         -inf  6.89329e+05  1.54930e+01  1.54930e+01
2.604997626e+00  1.5441659e+01         -inf  6.89329e+05  1.54417e+01  1.54417e+01
2.615417616e+00  1.5429988e+01         -inf  6.89329e+05  1.54300e+01  1.54300e+01
2.625879287e+00  1.5317673e+01         -inf  6.89329e+05  1.53177e+01  1.53177e+01
2.636382804e+00  1.5261817e+01         -inf  6.89329e+05  1.52618e+01  1.52618e+01
2.646928335e+00  1.5245182e+01         -inf  6.89329e+05  1.52452e+01  1.52452e+01
2.657516049e+00  1.5534684e+01         -inf  6.89329e+05  1.55347e+01  1.55347e+01
2.668146113e+00  2.2462228e+01         -inf  6.89329e+05  2.24622e+01  2.24622e+01
2.678818697e+00  3.2848938e+01         -inf  6.89329e+05  3.28489e+01  3.28489e+01
2.689533972e+00  3.2251418e+01         -inf  6.89329e+05  3.22514e+01  3.22514e+01
2.700292108e+00  3.2959850e+01         -inf  6.89329e+05  3.29598e+01  3.29599e+01
2.711093276e+00  2.9124440e+01         -inf  6.89329e+05  2.91244e+01  2.91244e+01
2.721937650e+00  2.3114065e+01         -inf  6.89329e+05  2.31141e+01  2.31141e+01
2.732825400e+00  2.1501419e+01         -inf  6.89329e+05  2.15014e+01  2.15014e+01
2.743756702e+00  2.5410864e+01         -inf  6.89329e+05  2.54109e+01  2.54109e+01
2.754731729e+00  3.1568308e+01         -inf  6.89329e+05  3.15683e+01  3.15683e+01
2.765750655e+00  3.0773534e+01         -inf  6.89329e+05  3.07735e+01  3.07735e+01
2.776813658e+00  3.2078210e+01         -inf  6.89329e+05  3.20782e+01  3.20782e+01
2.787920913e+00  2.9267404e+01         -inf  6.89329e+05  2.92674e+01  2.92674e+01
2.799072596e+00  2.5188776e+01         -inf  6.89329e+05  2.51888e+01  2.51888e+01
2.810268887e+00  2.2901206e+01         -inf  6.89329e+05  2.29012e+01  2.29012e+01
2.821509962e+00  2.0875951e+01         -inf  6.89329e+05  2.08760e+01  2.08760e+01
2.832796002e+00  1.8632958e+01         -inf  6.89329e+05  1.86330e+01  1.86330e+01
2.844127186e+00  1.8769829e+01         -inf  6.89329e+05  1.87698e+01  1.87699e+01
2.855503695e+00  1.7467007e+01         -inf  6.89329e+05  1.74670e+01  1.74670e+01
2.866925710e+00  1.6691949e+01         -inf  6.89329e+05  1.66919e+01  1.66920e+01
2.878393413e+00  1.6072711e+01         -inf  6.89329e+05  1.60727e+01  1.60728e+01
2.889906986e+00  1.5710323e+01         -inf  6.89329e+05  1.57103e+01  1.57104e+01
2.901466614e+00  1.5270799e+01         -inf  6.89329e+05  1.52708e+01  1.52709e+01
2.913072481e+00  1.5059039e+01         -inf  6.89329e+05  1.50590e+01  1.50591e+01
2.924724770e+00  1.5017765e+01         -inf  6.89329e+05  1.50178e+01  1.50179e+01
2.936423670e+00  1.4998735e+01         -inf  6.89329e+05  1.49987e+01  1.49988e+01
2.948169364e+00  1.5017601e+01         -inf  6.89329e+05  1.50176e+01  1.50177e+01
2.959962042e+00  1.5161974e+01         -inf  6.89329e+05  1.51620e+01  1.51621e+01
2.971801890e+00  1.5324799e+01         -inf  6.89329e+05  1.53248e+01  1.53249e+01
2.983689097e+00  1.5446807e+01         -inf  6.89329e+05  1.54468e+01  1.54469e+01
2.995623854e+00  1.5154296e+01         -inf  6.89329e+05  1.51543e+01  1.51544e+01
3.007606349e+00  1.5143223e+01         -inf  6.89329e+05  1.51432e+01  1.51434e+01
3.019636775e+00  1.5129647e+01         -inf  6.89329e+05  1.51296e+01  1.51298e+01
3.031715322e+00  1.5018870e+01         -inf  6.89329e+05  1.50189e+01  1.50190e+01
3.043842183e+00  1.4999874e+01         -inf  6.89329e+05  1.49999e+01  1.50000e+01
3.056017552e+00  1.5002137e+01         -inf  6.89329e+05  1.50021e+01  1.50023e+01
3.068241622e+00  1.4994471e+01         -inf  6.89329e+05  1.49945e+01  1.49947e+01
3.080514588e+00  1.4990707e+01         -inf  6.89329e+05  1.49907e+01  1.49909e+01
3.092836647e+00  1.4990618e+01         -inf  6.89329e+05  1.49906e+01  1.49908e+01
3.105207993e+00  1.4998449e+01         -inf  6.89329e+05  1.49984e+01  1.49987e+01
3.117628825e+00  1.5079530e+01         -inf  6.89329e+05  1.50795e+01  1.50798e+01
3.130099341e+00  1.5459248e+01         -inf  6.89329e+05  1.54592e+01  1.54595e+01
3.142619738e+00  1.5257488e+01         -inf  6.89329e+05  1.52575e+01  1.52578e+01
3.155190217e+00  1.5388055e+01         -inf  6.89329e+05  1.53881e+01  1.53883e+01
3.167810978e+00  1.5316533e+01         -inf  6.89329e+05  1.53165e+01  1.53168e+01
3.180482222e+00  1.5811209e+01         -inf  6.89329e+05  1.58112e+01  1.58115e+01
3.193204151e+00  1.5836766e+01         -inf  6.89329e+05  1.58368e+01  1.58371e+01
3.205976967e+00  1.6007065e+01         -inf  6.89329e+05  1.60071e+01  1.60074e+01
3.218800875e+00  1.6604739e+01         -inf  6.89329e+05  1.66047e+01  1.66051e+01
3.231676079e+00  1.6269326e+01         -inf  6.89329e+05  1.62693e+01  1.62697e+01
3.244602783e+00  1.6934255e+01         -inf  6.89329e+05  1.69343e+01  1.69346e+01
3.257581194e+00  1.7003182e+01         -inf  6.89329e+05  1.70032e+01  1.70036e+01
3.270611519e+00  1.8767133e+01         -inf  6.89329e+05  1.87671e+01  1.87676e+01
3.283693965e+00  1.7713288e+01         -inf  6.89329e+05  1.77133e+01  1.77138e+01
3.296828741e+00  1.7593157e+01         -inf  6.89329e+05  1.75932e+01  1.75937e+01
3.310016056e+00  2.1578795e+01         -inf  6.89329e+05  2.15788e+01  2.15791e+01
3.323256120e+00  1.9130868e+01         -inf  6.89329e+05  1.91309e+01  1.91313e+01
3.336549144e+00  1.5750977e+01         -inf  6.89329e+05  1.57510e+01  1.57516e+01
3.349895341e+00  1.5897324e+01         -inf  6.89329e+05  1.58973e+01  1.58980e+01
3.363294922e+00  1.6973750e+01         -inf  6.89329e+05  1.69737e+01  1.69744e+01
3.376748102e+00  1.6837818e+01         -inf  6.89329e+05  1.68378e+01  1.68385e+01
3.390255094e+00  1.6913741e+01         -inf  6.89329e+05  1.69137e+01  1.69145e+01
3.403816115e+00  1.6714453e+01         -inf  6.89329e+05  1.67145e+01  1.67152e+01
3.417431379e+00  1.5985073e+01         -inf  6.89329e+05  1.59851e+01  1.59859e+01
3.431101105e+00  1.6116268e+01         -inf  6.89329e+05  1.61163e+01  1.61172e+01
3.444825509e+00  1.5964574e+01         -inf  6.89329e+05  1.59646e+01  1.59655e+01
3.458604811e+00  1.5682449e+01         -inf  6.89329e+05  1.56824e+01  1.56835e+01
3.472439231e+00  1.5968316e+01         -inf  6.89329e+05  1.59683e+01  1.59694e+01
3.486328987e+00  1.5906674e+01         -inf  6.89329e+05  1.59067e+01  1.59078e+01
3.500274303e+00  1.5576228e+01         -inf  6.89329e+05  1.55762e+01  1.55775e+01
3.514275401e+00  1.5244925e+01         -inf  6.89329e+05  1.52449e+01  1.52462e+01
3.528332502e+00  1.5484499e+01         -inf  6.89329e+05  1.54845e+01  1.54859e+01
3.542445832e+00  1.6086733e+01         -inf  6.89329e+05  1.60867e+01  1.60882e+01
3.556615616e+00  1.5450508e+01         -inf  6.89329e+05  1.54505e+01  1.54520e+01
3.570842078e+00  1.6513337e+01         -inf  6.89329e+05  1.65133e+01  1.65149e+01
3.585125446e+00  1.6215817e+01         -inf  6.89329e+05  1.62158e+01  1.62175e+01
3.599465948e+00  1.5876334e+01         -inf  6.89329e+05  1.58763e+01  1.58781e+01
3.613863812e+00  1.5790264e+01         -inf  6.89329e+05  1.57903e+01  1.57922e+01
3.628319267e+00  1.5472589e+01         -inf  6.89329e+05  1.54726e+01  1.54746e+01
3.642832544e+00  1.5596675e+01         -inf  6.89329e+05  1.55967e+01  1.55988e+01
3.657403874e+00  1.5195096e+01         -inf  6.89329e+05  1.51951e+01  1.51973e+01
3.672033490e+00  1.5282453e+01         -inf  6.89329e+05  1.52825e+01  1.52848e+01
3.686721624e+00  1.5300783e+01         -inf  6.89329e+05  1.53008e+01  1.53032e+01
3.701468510e+00  1.5148464e+01         -inf  6.89329e+05  1.51485e+01  1.51511e+01
3.716274384e+00  1.5217721e+01         -inf  6.89329e+05  1.52177e+01  1.52204e+01
3.731139482e+00  1.5254112e+01         -inf  6.89329e+05  1.52541e+01  1.52570e+01
3.746064040e+00  1.5174574e+01         -inf  6.89329e+05  1.51746e+01  1.51776e+01
3.761048296e+00  1.5133303e+01         -inf  6.89329e+05  1.51333e+01  1.51365e+01
3.776092489e+00  1.5146482e+01         -inf  6.89329e+05  1.51465e+01  1.51498e+01
3.791196859e+00  1.5262049e+01         -inf  6.89329e+05  1.52620e+01  1.52655e+01
3.806361647e+00  1.5329325e+01         -inf  6.89329e+05  1.53293e+01  1.53330e+01
3.821587093e+00  1.5227057e+01         -inf  6.89329e+05  1.52271e+01  1.52309e+01
3.836873442e+00  1.5373258e+01         -inf  6.89329e+05  1.53733e+01  1.53773e+01
3.852220935e+00  1.5429284e+01         -inf  6.89329e+05  1.54293e+01  1.54335e+01
3.867629819e+00  1.5678926e+01         -inf  6.89329e+05  1.56789e+01  1.56831e+01
3.883100338e+00  1.6036388e+01         -inf  6.89329e+05  1.60364e+01  1.60406e+01
3.898632740e+00  1.5772349e+01         -inf  6.89329e+05  1.57723e+01  1.57770e+01
3.914227271e+00  1.5958345e+01         -inf  6.89329e+05  1.59583e+01  1.59631e+01
3.929884180e+00  1.5832601e+01         -inf  6.89329e+05  1.58326e+01  1.58376e+01
3.945603716e+00  1.5649602e+01         -inf  6.89329e+05  1.56496e+01  1.56550e+01
3.961386131e+00  1.5585260e+01         -inf  6.89329e+05  1.55853e+01  1.55910e+01
3.977231676e+00  1.5773666e+01         -inf  6.89329e+05  1.57737e+01  1.57797e+01
3.993140603e+00  1.5803837e+01         -inf  6.89329e+05  1.58038e+01  1.58101e+01
4.009113165e+00  1.6076751e+01         -inf  6.89329e+05  1.60768e+01  1.60832e+01
4.025149618e+00  1.6350167e+01         -inf  6.89329e+05  1.63502e+01  1.63568e+01
4.041250216e+00  1.6727205e+01         -inf  6.89329e+05  1.67272e+01  1.67339e+01
4.057415217e+00  1.6903134e+01         -inf  6.89329e+05  1.69031e+01  1.69101e+01
4.073644878e+00  1.7303473e+01         -inf  6.89329e+05  1.73035e+01  1.73104e+01
4.089939457e+00  1.7629286e+01         -inf  6.89329e+05  1.76293e+01  1.76363e+01
4.106299215e+00  1.7866586e+01         -inf  6.89329e+05  1.78666e+01  1.78738e+01
4.122724412e+00  1.8128100e+01         -inf  6.89329e+05  1.81281e+01  1.81354e+01
4.139215310e+00  1.8368607e+01         -inf  6.89329e+05  1.83686e+01  1.83760e+01
4.155772171e+00  1.8559536e+01         -inf  6.89329e+05  1.85595e+01  1.85665e+01
4.172395260e+00  1.9887877e+01         -inf  6.89329e+05  1.98879e+01  1.98912e+01
4.189084841e+00  2.5483212e+01         -inf  6.89329e+05  2.54832e+01  2.54840e+01
4.205841180e+00  3.4973513e+01         -inf  6.89329e+05  3.49735e+01  3.49743e+01
4.222664545e+00  4.3021532e+01         -inf  6.89329e+05  4.30215e+01  4.30234e+01
4.239555203e+00  4.6385886e+01         -inf  6.89329e+05  4.63859e+01  4.63880e+01
4.256513424e+00  4.4415885e+01         -inf  6.89329e+05  4.44159e+01  4.44169e+01
4.273539477e+00  4.6114353e+01         -inf  6.89329e+05  4.61144e+01  4.61161e+01
4.290633635e+00  4.4580476e+01         -inf  6.89329e+05  4.45805e+01  4.45822e+01
4.307796170e+00  4.1738560e+01         -inf  6.89329e+05  4.17386e+01  4.17400e+01
4.325027355e+00  3.8235306e+01         -inf  6.89329e+05  3.82353e+01  3.82363e+01
4.342327464e+00  3.5790671e+01         -inf  6.89329e+05  3.57907e+01  3.57914e+01
4.359696774e+00  3.4604935e+01         -inf  6.89329e+05  3.46049e+01  3.46054e+01
4.377135561e+00  3.2223347e+01         -inf  6.89329e+05  3.22233e+01  3.22238e+01
4.394644103e+00  3.2295457e+01         -inf  6.89329e+05  3.22955e+01  3.22959e+01
4.412222680e+00  3.1399412e+01         -inf  6.89329e+05  3.13994e+01  3.13999e+01
4.429871570e+00  2.9141047e+01         -inf  6.89329e+05  2.91410e+01  2.91419e+01
4.447591057e+00  2.5398985e+01         -inf  6.89329e+05  2.53990e+01  2.54011e+01
4.465381421e+00  2.2683059e+01         -inf  6.89329e+05  2.26831e+01  2.26861e+01
4.483242946e+00  2.0903442e+01         -inf  6.89329e+05  2.09034e+01  2.09080e+01
4.501175918e+00  1.9441664e+01         -inf  6.89329e+05  1.94417e+01  1.94507e+01
4.519180622e+00  2.0024292e+01         -inf  6.89329e+05  2.00243e+01  2.00317e+01
4.537257344e+00  1.9278839e+01         -inf  6.89329e+05  1.92788e+01  1.92887e+01
4.555406374e+00  1.8296963e+01         -inf  6.89329e+05  1.82970e+01  1.83113e+01
4.573627999e+00  1.7408980e+01         -inf  6.89329e+05  1.74090e+01  1.74286e+01
4.591922511e+00  1.6458161e+01         -inf  6.89329e+05  1.64582e+01  1.64837e+01
4.610290201e+00  1.5964678e+01         -inf  6.89329e+05  1.59647e+01  1.59936e+01
4.628731362e+00  1.5661648e+01         -inf  6.89329e+05  1.56616e+01  1.56925e+01
4.647246288e+00  1.5484109e+01         -inf  6.89329e+05  1.54841e+01  1.55166e+01
4.665835273e+00  1.5355691e+01         -inf  6.89329e+05  1.53557e+01  1.53897e+01
4.684498614e+00  1.6515505e+01         -inf  6.89329e+05  1.65155e+01  1.65507e+01
4.703236608e+00  2.3366629e+01         -inf  6.89329e+05  2.33666e+01  2.33979e+01
4.722049555e+00  2.4177681e+01         -inf  6.89329e+05  2.41777e+01  2.42100e+01
4.740937753e+00  2.2443926e+01         -inf  6.89329e+05  2.24439e+01  2.24795e+01
4.759901504e+00  2.3058242e+01         -inf  6.89329e+05  2.30582e+01  2.30950e+01
4.778941110e+00  2.2329464e+01         -inf  6.89329e+05  2.23295e+01  2.23655e+01
4.798056874e+00  2.0752765e+01         -inf  6.89329e+05  2.07528e+01  2.07897e+01
4.817249102e+00  2.1442353e+01         -inf  6.89329e+05  2.14424e+01  2.14683e+01
4.836518098e+00  1.9298871e+01         -inf  6.89329e+05  1.92989e+01  1.93327e+01
4.855864171e+00  1.8540213e+01         -inf  6.89329e+05  1.85402e+01  1.85734e+01
4.875287627e+00  1.7407872e+01         -inf  6.89329e+05  1.74079e+01  1.74481e+01
4.894788778e+00  1.6522626e+01         -inf  6.89329e+05  1.65226e+01  1.65708e+01
4.914367933e+00  1.6535546e+01         -inf  6.89329e+05  1.65355e+01  1.65885e+01
4.934025405e+00  1.5775574e+01         -inf  6.89329e+05  1.57756e+01  1.58338e+01
4.953761506e+00  1.5622201e+01         -inf  6.89329e+05  1.56222e+01  1.56825e+01
4.973576552e+00  1.5353201e+01         -inf  6.89329e+05  1.53532e+01  1.54162e+01
4.993470859e+00  1.5182854e+01         -inf  6.89329e+05  1.51829e+01  1.52484e+01
5.013444742e+00  1.5031651e+01         -inf  6.89329e+05  1.50317e+01  1.50999e+01
5.033498521e+00  1.4988167e+01         -inf  6.89329e+05  1.49882e+01  1.50590e+01
5.053632515e+00  1.4961289e+01         -inf  6.89329e+05  1.49613e+01  1.50349e+01
5.073847045e+00  1.4992864e+01         -inf  6.89329e+05  1.49929e+01  1.50691e+01
5.094142433e+00  1.5085267e+01         -inf  6.89329e+05  1.50853e+01  1.51639e+01
5.114519003e+00  1.5088355e+01         -inf  6.89329e+05  1.50884e+01  1.51700e+01
5.134977079e+00  1.4987711e+01         -inf  6.89329e+05  1.49877e+01  1.50728e+01
5.155516987e+00  1.5143892e+01         -inf  6.89329e+05  1.51439e+01  1.52314e+01
5.176139055e+00  1.7177573e+01         -inf  6.89329e+05  1.71776e+01  1.72532e+01
5.196843612e+00  1.5752252e+01         -inf  6.89329e+05  1.57523e+01  1.58393e+01
5.217630986e+00  1.6048293e+01         -inf  6.89329e+05  1.60483e+01  1.61331e+01
5.238501510e+00  1.5723334e+01         -inf  6.89329e+05  1.57233e+01  1.58127e+01
5.259455516e+00  1.5441611e+01         -inf  6.89329e+05  1.54416e+01  1.55372e+01
5.280493338e+00  1.5138576e+01         -inf  6.89329e+05  1.51386e+01  1.52401e+01
5.301615311e+00  1.5026753e+01         -inf  6.89329e+05  1.50268e+01  1.51319e+01
5.322821773e+00  1.5092903e+01         -inf  6.89329e+05  1.50929e+01  1.51992e+01
5.344113060e+00  1.5008720e+01         -inf  6.89329e+05  1.50087e+01  1.51158e+01
5.365489512e+00  1.5021825e+01         -inf  6.89329e+05  1.50218e+01  1.51292e+01
5.386951470e+00  1.5035214e+01         -inf  6.89329e+05  1.50352e+01  1.51429e+01
5.408499276e+00  1.5062043e+01         -inf  6.89329e+05  1.50620e+01  1.51699e+01
5.430133273e+00  1.5090644e+01         -inf  6.89329e+05  1.50906e+01  1.51991e+01
5.451853806e+00  1.5117285e+01         -inf  6.89329e+05  1.51173e+01  1.52258e+01
5.473661221e+00  1.5196829e+01         -inf  6.89329e+05  1.51968e+01  1.53049e+01
5.495555866e+00  1.5317356e+01         -inf  6.89329e+05  1.53174e+01  1.54247e+01
5.517538090e+00  1.5391077e+01         -inf  6.89329e+05  1.53911e+01  1.54980e+01
5.539608242e+00  1.5325510e+01         -inf  6.89329e+05  1.53255e+01  1.54320e+01
5.561766675e+00  1.5156506e+01         -inf  6.89329e+05  1.51565e+01  1.52626e+01
5.584013742e+00  1.5236490e+01         -inf  6.89329e+05  1.52365e+01  1.53424e+01
5.606349797e+00  1.5289252e+01         -inf  6.89329e+05  1.52893e+01  1.53950e+01
5.628775196e+00  1.5238390e+01         -inf  6.89329e+05  1.52384e+01  1.53442e+01
5.651290297e+00  1.5170577e+01         -inf  6.89329e+05  1.51706e+01  1.52764e+01
5.673895458e+00  1.5153431e+01         -inf  6.89329e+05  1.51534e+01  1.52592e+01
5.696591040e+00  1.5136761e+01         -inf  6.89329e+05  1.51368e+01  1.52427e+01
5.719377404e+00  1.5364469e+01         -inf  6.89329e+05  1.53645e+01  1.54705e+01
5.742254913e+00  1.6690130e+01         -inf  6.89329e+05  1.66901e+01  1.67954e+01
5.765223933e+00  1.6683356e+01         -inf  6.89329e+05  1.66834e+01  1.67884e+01
5.788284829e+00  1.6048143e+01         -inf  6.89329e+05  1.60481e+01  1.61534e+01
5.811437968e+00  1.6142430e+01         -inf  6.89329e+05  1.61424e+01  1.62474e+01
5.834683720e+00  1.6418326e+01         -inf  6.89329e+05  1.64183e+01  1.65234e+01
5.858022455e+00  1.6148101e+01         -inf  6.89329e+05  1.61481e+01  1.62541e+01
5.881454545e+00  1.5781239e+01         -inf  6.89329e+05  1.57812e+01  1.58888e+01
5.904980363e+00  1.5472219e+01         -inf  6.89329e+05  1.54722e+01  1.55816e+01
5.928600284e+00  1.5307677e+01         -inf  6.89329e+05  1.53077e+01  1.54190e+01
5.952314685e+00  1.5247225e+01         -inf  6.89329e+05  1.52472e+01  1.53606e+01
5.976123944e+00  1.5205251e+01         -inf  6.89329e+05  1.52053e+01  1.53217e+01
6.000028440e+00  1.5208908e+01         -inf  6.89329e+05  1.52089e+01  1.53289e+01
6.024028554e+00  1.5188062e+01         -inf  6.89329e+05  1.51881e+01  1.53121e+01
6.048124668e+00  1.5192687e+01         -inf  6.89329e+05  1.51927e+01  1.53218e+01
6.072317167e+00  1.5187263e+01         -inf  6.89329e+05  1.51873e+01  1.53218e+01
6.096606435e+00  1.5168878e+01         -inf  6.89329e+05  1.51689e+01  1.53094e+01
6.120992861e+00  1.5167128e+01         -inf  6.89329e+05  1.51671e+01  1.53143e+01
6.145476832e+00  1.5136477e+01         -inf  6.89329e+05  1.51365e+01  1.52910e+01
6.170058740e+00  1.5137871e+01         -inf  6.89329e+05  1.51379e+01  1.53002e+01
6.194738975e+00  1.5119979e+01         -inf  6.89329e+05  1.51200e+01  1.52897e+01
6.219517931e+00  1.5118885e+01         -inf  6.89329e+05  1.51189e+01  1.52954e+01
6.244396002e+00  1.5097146e+01         -inf  6.89329e+05  1.50971e+01  1.52793e+01
6.269373586e+00  1.5047815e+01         -inf  6.89329e+05  1.50478e+01  1.52343e+01
6.294451081e+00  1.5122463e+01         -inf  6.89329e+05  1.51225e+01  1.53124e+01
6.319628885e+00  1.5057385e+01         -inf  6.89329e+05  1.50574e+01  1.52500e+01
6.344907401e+00  1.5137670e+01         -inf  6.89329e+05  1.51377e+01  1.53327e+01
6.370287030e+00  1.5078511e+01         -inf  6.89329e+05  1.50785e+01  1.52764e+01
6.395768178e+00  1.5114935e+01         -inf  6.89329e+05  1.51149e+01  1.53159e+01
6.421351251e+00  1.5128507e+01         -inf  6.89329e+05  1.51285e+01  1.53332e+01
6.447036656e+00  1.5189884e+01         -inf  6.89329e+05  1.51899e+01  1.53990e+01
6.472824803e+00  1.5309549e+01         -inf  6.89329e+05  1.53095e+01  1.55242e+01
6.498716102e+00  1.5742912e+01         -inf  6.89329e+05  1.57429e+01  1.59627e+01
6.524710966e+00  1.5275757e+01         -inf  6.89329e+05  1.52758e+01  1.55052e+01
6.550809810e+00  1.5060339e+01         -inf  6.89329e+05  1.50603e+01  1.52996e+01
6.577013049e+00  1.5035857e+01         -inf  6.89329e+05  1.50359e+01  1.52855e+01
6.603321102e+00  1.5009809e+01         -inf  6.89329e+05  1.50098e+01  1.52714e+01
6.629734386e+00  1.4977963e+01         -inf  6.89329e+05  1.49780e+01  1.52523e+01
6.656253324e+00  1.5001859e+01         -inf  6.89329e+05  1.50019e+01  1.52897e+01
6.682878337e+00  1.4940466e+01         -inf  6.89329e+05  1.49405e+01  1.52431e+01
6.709609850e+00  1.4912272e+01         -inf  6.89329e+05  1.49123e+01  1.52307e+01
6.736448290e+00  1.4941843e+01         -inf  6.89329e+05  1.49418e+01  1.52766e+01
6.763394083e+00  1.4830809e+01         -inf  6.89329e+05  1.48308e+01  1.51838e+01
6.790447659e+00  1.5011668e+01         -inf  6.89329e+05  1.50117e+01  1.53834e+01
6.817609450e+00  1.4848972e+01         -inf  6.89329e+05  1.48490e+01  1.52423e+01
6.844879888e+00  1.4820642e+01         -inf  6.89329e+05  1.48206e+01  1.52359e+01
6.872259407e+00  1.4792000e+01         -inf  6.89329e+05  1.47920e+01  1.52296e+01
6.899748445e+00  1.4832547e+01         -inf  6.89329e+05  1.48325e+01  1.52935e+01
6.927347438e+00  1.4707880e+01         -inf  6.89329e+05  1.47079e+01  1.51955e+01
6.955056828e+00  1.4620281e+01         -inf  6.89329e+05  1.46203e+01  1.51365e+01
6.982877056e+00  1.4635095e+01         -inf  6.89329e+05  1.46351e+01  1.51812e+01
7.010808564e+00  1.4590582e+01         -inf  6.89329e+05  1.45906e+01  1.51693e+01
7.038851798e+00  1.4494068e+01         -inf  6.89329e+05  1.44941e+01  1.51091e+01
7.067007205e+00  1.4457934e+01         -inf  6.89329e+05  1.44579e+01  1.51094e+01
7.095275234e+00  1.4416706e+01         -inf  6.89329e+05  1.44167e+01  1.51085e+01
7.123656335e+00  1.4352680e+01         -inf  6.89329e+05  1.43527e+01  1.50857e+01
7.152150960e+00  1.4345439e+01         -inf  6.89329e+05  1.43454e+01  1.51231e+01
7.180759564e+00  1.4315305e+01         -inf  6.89329e+05  1.43153e+01  1.51390e+01
7.209482602e+00  1.4402928e+01         -inf  6.89329e+05  1.44029e+01  1.52718e+01
7.238320533e+00  1.4513547e+01         -inf  6.89329e+05  1.45135e+01  1.54232e+01
7.267273815e+00  1.4726871e+01         -inf  6.89329e+05  1.47269e+01  1.56712e+01
7.296342910e+00  1.4687880e+01         -inf  6.89329e+05  1.46879e+01  1.56747e+01
7.325528282e+00  1.5122020e+01         -inf  6.89329e+05  1.51220e+01  1.61187e+01
7.354830395e+00  1.5677077e+01         -inf  6.89329e+05  1.56771e+01  1.66656e+01
7.384249717e+00  1.6400843e+01         -inf  6.89329e+05  1.64008e+01  1.73658e+01
7.413786715e+00  1.6018386e+01         -inf  6.89329e+05  1.60184e+01  1.70484e+01
7.443441862e+00  1.6772910e+01         -inf  6.89329e+05  1.67729e+01  1.77821e+01
7.473215630e+00  1.6419338e+01         -inf  6.89329e+05  1.64193e+01  1.74883e+01
7.503108492e+00  1.6886125e+01         -inf  6.89329e+05  1.68861e+01  1.79483e+01
7.533120926e+00  1.6280882e+01         -inf  6.89329e+05  1.62809e+01  1.74191e+01
7.563253410e+00  1.5258960e+01         -inf  6.89329e+05  1.52590e+01  1.65024e+01
7.593506424e+00  1.4901549e+01         -inf  6.89329e+05  1.49015e+01  1.61719e+01
7.623880449e+00  1.5223870e+01         -inf  6.89329e+05  1.52239e+01  1.64391e+01
7.654375971e+00  2.0154436e+01         -inf  6.89329e+05  2.01544e+01  2.10032e+01
7.684993475e+00  1.9996023e+01         -inf  6.89329e+05  1.99960e+01  2.08046e+01
7.715733449e+00  1.8152411e+01         -inf  6.89329e+05  1.81524e+01  1.91357e+01
7.746596383e+00  1.6778608e+01         -inf  6.89329e+05  1.67786e+01  1.79174e+01
7.777582768e+00  1.6118973e+01         -inf  6.89329e+05  1.61190e+01  1.74073e+01
7.808693099e+00  1.6453841e+01         -inf  6.89329e+05  1.64538e+01  1.76934e+01
7.839927872e+00  1.6902962e+01         -inf  6.89329e+05  1.69030e+01  1.80865e+01
7.871287583e+00  1.7105199e+01         -inf  6.89329e+05  1.71052e+01  1.82932e+01
7.902772733e+00  1.6302196e+01         -inf  6.89329e+05  1.63022e+01  1.76130e+01
7.934383824e+00  1.6088671e+01         -inf  6.89329e+05  1.60887e+01  1.74964e+01
7.966121360e+00  1.5079621e+01         -inf  6.89329e+05  1.50796e+01  1.66407e+01
7.997985845e+00  1.4679464e+01         -inf  6.89329e+05  1.46795e+01  1.63306e+01
8.029977788e+00  1.4705409e+01         -inf  6.89329e+05  1.47054e+01  1.64020e+01
8.062097700e+00  1.4180434e+01         -inf  6.89329e+05  1.41804e+01  1.59714e+01
8.094346090e+00  1.3939545e+01         -inf  6.89329e+05  1.39395e+01  1.57855e+01
8.126723475e+00  1.3606550e+01         -inf  6.89329e+05  1.36066e+01  1.55208e+01
8.159230369e+00  1.3369519e+01         -inf  6.89329e+05  1.33695e+01  1.53362e+01
8.191867290e+00  1.3419312e+01         -inf  6.89329e+05  1.34193e+01  1.54212e+01
8.224634759e+00  1.3167940e+01         -inf  6.89329e+05  1.31679e+01  1.52209e+01
8.257533298e+00  1.3135669e+01         -inf  6.89329e+05  1.31357e+01  1.52314e+01
8.290563432e+00  1.2983724e+01         -inf  6.89329e+05  1.29837e+01  1.51242e+01
8.323725685e+00  1.3045096e+01         -inf  6.89329e+05  1.30451e+01  1.52265e+01
8.357020588e+00  1.3038403e+01         -inf  6.89329e+05  1.30384e+01  1.52612e+01
8.390448670e+00  1.3164077e+01         -inf  6.89329e+05  1.31641e+01  1.54238e+01
8.424010465e+00  1.3237744e+01         -inf  6.89329e+05  1.32377e+01  1.55366e+01
8.457706507e+00  1.3377482e+01         -inf  6.89329e+05  1.33775e+01  1.57098e+01
8.491537333e+00  1.3453938e+01         -inf  6.89329e+05  1.34539e+01  1.58342e+01
8.525503482e+00  1.3526803e+01         -inf  6.89329e+05  1.35268e+01  1.59571e+01
8.559605496e+00  1.3500453e+01         -inf  6.89329e+05  1.35005e+01  1.59909e+01
8.593843918e+00  1.3658973e+01         -inf  6.89329e+05  1.36590e+01  1.61844e+01
8.628219294e+00  1.3818916e+01         -inf  6.89329e+05  1.38189e+01  1.63831e+01
8.662732171e+00  1.3792231e+01         -inf  6.89329e+05  1.37922e+01  1.64050e+01
8.697383100e+00  1.4031002e+01         -inf  6.89329e+05  1.40310e+01  1.66961e+01
8.732172632e+00  1.4020305e+01         -inf  6.89329e+05  1.40203e+01  1.67445e+01
8.767101323e+00  1.4015142e+01         -inf  6.89329e+05  1.40151e+01  1.67963e+01
8.802169728e+00  1.4602939e+01         -inf  6.89329e+05  1.46029e+01  1.74286e+01
8.837378407e+00  1.4809499e+01         -inf  6.89329e+05  1.48095e+01  1.76786e+01
8.872727920e+00  1.4645650e+01         -inf  6.89329e+05  1.46456e+01  1.75632e+01
8.908218832e+00  1.4632770e+01         -inf  6.89329e+05  1.46328e+01  1.76025e+01
8.943851707e+00  1.4707637e+01         -inf  6.89329e+05  1.47076e+01  1.77338e+01
8.979627114e+00  1.4338315e+01         -inf  6.89329e+05  1.43383e+01  1.74344e+01
9.015545623e+00  1.3841216e+01         -inf  6.89329e+05  1.38412e+01  1.70107e+01
9.051607805e+00  1.3997635e+01         -inf  6.89329e+05  1.39976e+01  1.72263e+01
9.087814236e+00  1.4068002e+01         -inf  6.89329e+05  1.40680e+01  1.73629e+01
9.124165493e+00  1.4090822e+01         -inf  6.89329e+05  1.40908e+01  1.74703e+01
9.160662155e+00  1.4192042e+01         -inf  6.89329e+05  1.41920e+01  1.76727e+01
9.197304804e+00  1.4601760e+01         -inf  6.89329e+05  1.46018e+01  1.81434e+01
9.234094023e+00  1.4095802e+01         -inf  6.89329e+05  1.40958e+01  1.76730e+01
9.271030399e+00  1.3953932e+01         -inf  6.89329e+05  1.39539e+01  1.75636e+01
9.308114521e+00  1.4108392e+01         -inf  6.89329e+05  1.41084e+01  1.77847e+01
9.345346979e+00  1.4924840e+01         -inf  6.89329e+05  1.49248e+01  1.86438e+01
9.382728367e+00  2.0337749e+01         -inf  6.89329e+05  2.03377e+01  2.37479e+01
9.420259280e+00  2.6203622e+01         -inf  6.89329e+05  2.62036e+01  2.87097e+01
9.457940318e+00  2.8554841e+01         -inf  6.89329e+05  2.85548e+01  3.05196e+01
9.495772079e+00  3.0094057e+01         -inf  6.89329e+05  3.00941e+01  3.17269e+01
9.533755167e+00  2.8839356e+01         -inf  6.89329e+05  2.88394e+01  3.08399e+01
9.571890188e+00  2.3188445e+01         -inf  6.89329e+05  2.31884e+01  2.64304e+01
9.610177749e+00  2.8703722e+01         -inf  6.89329e+05  2.87037e+01  3.08307e+01
9.648618460e+00  2.8925824e+01         -inf  6.89329e+05  2.89258e+01  3.11917e+01
9.687212933e+00  2.7362439e+01         -inf  6.89329e+05  2.73624e+01  2.99513e+01
9.725961785e+00  2.6814809e+01         -inf  6.89329e+05  2.68148e+01  2.94401e+01
9.764865632e+00  2.6775227e+01         -inf  6.89329e+05  2.67752e+01  2.94725e+01
9.803925095e+00  2.5836277e+01         -inf  6.89329e+05  2.58363e+01  2.88157e+01
9.843140795e+00  2.4488971e+01         -inf  6.89329e+05  2.44890e+01  2.77925e+01
9.882513358e+00  2.2514412e+01         -inf  6.89329e+05  2.25144e+01  2.62722e+01
9.922043412e+00  2.0623262e+01         -inf  6.89329e+05  2.06233e+01  2.47540e+01
9.961731585e+00  1.8724813e+01         -inf  6.89329e+05  1.87248e+01  2.31828e+01
1.000157851e+01  1.6715786e+01         -inf  6.89329e+05  1.67158e+01  2.14517e+01
1.004158483e+01  1.4471429e+01         -inf  6.89329e+05  1.44714e+01  1.94467e+01
1.008175117e+01  1.3257169e+01         -inf  6.89329e+05  1.32572e+01  1.84003e+01
1.012207817e+01  1.1817671e+01         -inf  6.89329e+05  1.18177e+01  1.71390e+01
1.016256648e+01  1.0860908e+01         -inf  6.89329e+05  1.08609e+01  1.63146e+01
1.020321675e+01  1.0184382e+01         -inf  6.89329e+05  1.01844e+01  1.57282e+01
1.024402962e+01  9.8433224e+00         -inf  6.89329e+05  9.84332e+00  1.54627e+01
1.028500573e+01  9.6370263e+00         -inf  6.89329e+05  9.63703e+00  1.53283e+01
1.032614576e+01  9.4426080e+00         -inf  6.89329e+05  9.44261e+00  1.52327e+01
1.036745034e+01  9.1866481e+00         -inf  6.89329e+05  9.18665e+00  1.51025e+01
1.040892014e+01  9.0420994e+00         -inf  6.89329e+05  9.04210e+00  1.50236e+01
1.045055582e+01  9.0049254e+00         -inf  6.89329e+05  9.00493e+00  1.51057e+01
1.049235805e+01  8.9055811e+00         -inf  6.89329e+05  8.90558e+00  1.50918e+01
1.053432748e+01  8.8170032e+00         -inf  6.89329e+05  8.81700e+00  1.50941e+01
1.057646479e+01  8.7022549e+00         -inf  6.89329e+05  8.70225e+00  1.50839e+01
1.061877065e+01  8.5744698e+00         -inf  6.89329e+05  8.57447e+00  1.50649e+01
1.066124573e+01  8.4456162e+00         -inf  6.89329e+05  8.44562e+00  1.50432e+01
1.070389071e+01  8.3210801e+00         -inf  6.89329e+05  8.32108e+00  1.50217e+01
1.074670627e+01  8.2064332e+00         -inf  6.89329e+05  8.20643e+00  1.50048e+01
1.078969310e+01  8.1047787e+00         -inf  6.89329e+05  8.10478e+00  1.49942e+01
1.083285187e+01  8.0010321e+00         -inf  6.89329e+05  8.00103e+00  1.49877e+01
1.087618328e+01  7.9073837e+00         -inf  6.89329e+05  7.90738e+00  1.49855e+01
1.091968801e+01  7.8077543e+00         -inf  6.89329e+05  7.80775e+00  1.49822e+01
1.096336676e+01  7.7052050e+00         -inf  6.89329e+05  7.70521e+00  1.49812e+01
1.100722023e+01  7.6067065e+00         -inf  6.89329e+05  7.60671e+00  1.49814e+01
1.105124911e+01  7.5038938e+00         -inf  6.89329e+05  7.50389e+00  1.49815e+01
1.109545411e+01  7.4015211e+00         -inf  6.89329e+05  7.40152e+00  1.49824e+01
1.113983593e+01  7.2948633e+00         -inf  6.89329e+05  7.29486e+00  1.49806e+01
1.118439527e+01  7.1888775e+00         -inf  6.89329e+05  7.18888e+00  1.49797e+01
1.122913285e+01  7.0774632e+00         -inf  6.89329e+05  7.07746e+00  1.49791e+01
1.127404938e+01  6.9672834e+00         -inf  6.89329e+05  6.96728e+00  1.49784e+01
1.131914558e+01  6.8547394e+00         -inf  6.89329e+05  6.85474e+00  1.49786e+01
1.136442216e+01  6.7384003e+00         -inf  6.89329e+05  6.73840e+00  1.49784e+01
1.140987985e+01  6.6210649e+00         -inf  6.89329e+05  6.62106e+00  1.49785e+01
1.145551937e+01  6.5034875e+00         -inf  6.89329e+05  6.50349e+00  1.49783e+01
1.150134145e+01  6.3847701e+00         -inf  6.89329e+05  6.38477e+00  1.49783e+01
1.154734681e+01  6.2544227e+00         -inf  6.89329e+05  6.25442e+00  1.49790e+01
1.159353620e+01  6.1247027e+00         -inf  6.89329e+05  6.12470e+00  1.49795e+01
1.163991035e+01  6.0149606e+00         -inf  6.89329e+05  6.01496e+00  1.49788e+01
1.168646999e+01  5.8880951e+00         -inf  6.89329e+05  5.88810e+00  1.49795e+01
1.173321587e+01  5.7605123e+00         -inf  6.89329e+05  5.76051e+00  1.49801e+01
1.178014873e+01  5.6321521e+00         -inf  6.89329e+05  5.63215e+00  1.49808e+01
1.182726932e+01  5.5013535e+00         -inf  6.89329e+05  5.50135e+00  1.49826e+01
1.187457840e+01  5.3720458e+00         -inf  6.89329e+05  5.37205e+00  1.49831e+01
1.192207672e+01  5.2435382e+00         -inf  6.89329e+05  5.24354e+00  1.49870e+01
1.196976502e+01  5.1080675e+00         -inf  6.89329e+05  5.10807e+00  1.49878e+01
1.201764408e+01  4.9701242e+00         -inf  6.89329e+05  4.97012e+00  1.49960e+01
1.206571466e+01  4.7410324e+00         -inf  6.89329e+05  4.74103e+00  1.50099e+01
1.211397752e+01  4.6806107e+00         -inf  6.89329e+05  4.68061e+00  1.50076e+01
1.216243343e+01  4.5446349e+00         -inf  6.89329e+05  4.54463e+00  1.50332e+01
1.221108316e+01  4.3941788e+00         -inf  6.89329e+05  4.39418e+00  1.50417e+01
1.225992749e+01  4.2930320e+00         -inf  6.89329e+05  4.29303e+00  1.50850e+01
1.230896720e+01  4.1914601e+00         -inf  6.89329e+05  4.19146e+00  1.51187e+01
1.235820307e+01  4.1031847e+00         -inf  6.89329e+05  4.10318e+00  1.51610e+01
1.240763589e+01  4.0393437e+00         -inf  6.89329e+05  4.03934e+00  1.52284e+01
1.245726643e+01  3.9033071e+00         -inf  6.89329e+05  3.90331e+00  1.52376e+01
1.250709549e+01  3.8437529e+00         -inf  6.89329e+05  3.84375e+00  1.53312e+01
1.255712388e+01  3.6296916e+00         -inf  6.89329e+05  3.62969e+00  1.53089e+01
1.260735237e+01  4.3732136e+00         -inf  6.89329e+05  4.37321e+00  1.56913e+01
1.265778178e+01  4.1976483e+00         -inf  6.89329e+05  4.19765e+00  1.57469e+01
1.270841291e+01  3.3060592e+00         -inf  6.89329e+05  3.30606e+00  1.54793e+01
1.275924656e+01  3.3618679e+00         -inf  6.89329e+05  3.36187e+00  1.56745e+01
1.281028355e+01  3.2167616e+00         -inf  6.89329e+05  3.21676e+00  1.57066e+01
1.286152468e+01  3.2751242e+00         -inf  6.89329e+05  3.27512e+00  1.58734e+01
1.291297078e+01  3.2256026e+00         -inf  6.89329e+05  3.22560e+00  1.59066e+01
1.296462266e+01  3.6796605e+00         -inf  6.89329e+05  3.67966e+00  1.63334e+01
1.301648115e+01  3.6040383e+00         -inf  6.89329e+05  3.60404e+00  1.61427e+01
1.306854708e+01  4.2068651e+00         -inf  6.89329e+05  4.20687e+00  1.66987e+01
1.312082127e+01  4.2003553e+00         -inf  6.89329e+05  4.20036e+00  1.65046e+01
1.317330455e+01  5.1049467e+00         -inf  6.89329e+05  5.10495e+00  1.68488e+01
1.322599777e+01  6.4813861e+00         -inf  6.89329e+05  6.48139e+00  1.74066e+01
1.327890176e+01  6.8734079e+00         -inf  6.89329e+05  6.87341e+00  1.73720e+01
1.333201737e+01  8.7229796e+00         -inf  6.89329e+05  8.72298e+00  1.86644e+01
1.338534544e+01  8.6033017e+00         -inf  6.89329e+05  8.60330e+00  1.81713e+01
1.343888682e+01  1.0702664e+01         -inf  6.89329e+05  1.07027e+01  1.97560e+01
1.349264237e+01  1.4796594e+01         -inf  6.89329e+05  1.47966e+01  2.20256e+01
1.354661294e+01  1.2444880e+01         -inf  6.89329e+05  1.24449e+01  2.05107e+01
1.360079939e+01  1.3417572e+01         -inf  6.89329e+05  1.34176e+01  2.14130e+01
1.365520258e+01  1.3163116e+01         -inf  6.89329e+05  1.31631e+01  2.12119e+01
1.370982339e+01  1.3552778e+01         -inf  6.89329e+05  1.35528e+01  2.18823e+01
1.376466269e+01  1.1677902e+01         -inf  6.89329e+05  1.16779e+01  2.05197e+01
1.381972134e+01  1.3719367e+01         -inf  6.89329e+05  1.37194e+01  2.22485e+01
1.387500022e+01  2.5705093e+01         -inf  6.89329e+05  2.57051e+01  3.04835e+01
1.393050023e+01  1.6404365e+01         -inf  6.89329e+05  1.64044e+01  2.36210e+01
1.398622223e+01  1.5232438e+01         -inf  6.89329e+05  1.52324e+01  2.28834e+01
1.404216712e+01  1.7006326e+01         -inf  6.89329e+05  1.70063e+01  2.40083e+01
1.409833578e+01  1.7745081e+01         -inf  6.89329e+05  1.77451e+01  2.44989e+01
1.415472913e+01  1.9376665e+01         -inf  6.89329e+05  1.93767e+01  2.54693e+01
1.421134804e+01  2.1783388e+01         -inf  6.89329e+05  2.17834e+01  2.73055e+01
1.426819344e+01  2.3269637e+01         -inf  6.89329e+05  2.32696e+01  2.83286e+01
1.432526621e+01  2.4609608e+01         -inf  6.89329e+05  2.46096e+01  2.93968e+01
1.438256727e+01  2.7434795e+01         -inf  6.89329e+05  2.74348e+01  3.17093e+01
1.444009754e+01  2.9005448e+01         -inf  6.89329e+05  2.90054e+01  3.31274e+01
1.449785793e+01  2.9029766e+01         -inf  6.89329e+05  2.90298e+01  3.31178e+01
1.455584937e+01  3.1237034e+01         -inf  6.89329e+05  3.12370e+01  3.51583e+01
1.461407276e+01  3.2767934e+01         -inf  6.89329e+05  3.27679e+01  3.66089e+01
1.467252905e+01  3.2829245e+01         -inf  6.89329e+05  3.28292e+01  3.67178e+01
1.473121917e+01  3.3082757e+01         -inf  6.89329e+05  3.30828e+01  3.70097e+01
1.479014405e+01  3.4333997e+01         -inf  6.89329e+05  3.43340e+01  3.82288e+01
1.484930462e+01  3.3918992e+01         -inf  6.89329e+05  3.39190e+01  3.78965e+01
1.490870184e+01  3.3815692e+01         -inf  6.89329e+05  3.38157e+01  3.78818e+01
1.496833665e+01  4.6243728e+01         -inf  6.89329e+05  4.62437e+01  4.96717e+01
1.502821000e+01  3.4760492e+01         -inf  6.89329e+05  3.47605e+01  3.88959e+01
1.508832284e+01  3.5625030e+01         -inf  6.89329e+05  3.56250e+01  3.97325e+01
1.514867613e+01  3.3379016e+01         -inf  6.89329e+05  3.33790e+01  3.77032e+01
1.520927083e+01  3.1884616e+01         -inf  6.89329e+05  3.18846e+01  3.63886e+01
1.527010791e+01  3.2502981e+01         -inf  6.89329e+05  3.25030e+01  3.70203e+01
1.533118835e+01  3.2568042e+01         -inf  6.89329e+05  3.25680e+01  3.71520e+01
1.539251310e+01  3.3726503e+01         -inf  6.89329e+05  3.37265e+01  3.83009e+01
1.545408315e+01  3.0167737e+01         -inf  6.89329e+05  3.01677e+01  3.51955e+01
1.551589948e+01  2.9441118e+01         -inf  6.89329e+05  2.94411e+01  3.46197e+01
1.557796308e+01  2.7320200e+01         -inf  6.89329e+05  2.73202e+01  3.28845e+01
1.564027493e+01  2.4859955e+01         -inf  6.89329e+05  2.48600e+01  3.09582e+01
1.570283603e+01  2.4612498e+01         -inf  6.89329e+05  2.46125e+01  3.09048e+01
1.576564738e+01  2.2657210e+01         -inf  6.89329e+05  2.26572e+01  2.95028e+01
1.582870997e+01  2.0302901e+01         -inf  6.89329e+05  2.03029e+01  2.79974e+01
1.589202481e+01  1.8698561e+01         -inf  6.89329e+05  1.86986e+01  2.69795e+01
1.595559291e+01  1.5124640e+01         -inf  6.89329e+05  1.51246e+01  2.47990e+01
1.601941528e+01  1.4648513e+01         -inf  6.89329e+05  1.46485e+01  2.47218e+01
1.608349294e+01  9.5799572e+00         -inf  6.89329e+05  9.57996e+00  2.19001e+01
1.614782691e+01  1.2234041e+01         -inf  6.89329e+05  1.22340e+01  2.35071e+01
1.621241822e+01  2.0150995e+01         -inf  6.89329e+05  2.01510e+01  2.86602e+01
1.627726789e+01  8.9428392e+00         -inf  6.89329e+05  8.94284e+00  2.17011e+01
1.634237696e+01  6.6171900e+00         -inf  6.89329e+05  6.61719e+00  2.04988e+01
1.640774647e+01  8.6540406e+00         -inf  6.89329e+05  8.65404e+00  2.17645e+01
1.647337746e+01  7.7660830e+00         -inf  6.89329e+05  7.76608e+00  2.15187e+01
1.653927097e+01  6.3703019e+00         -inf  6.89329e+05  6.37030e+00  2.06266e+01
1.660542805e+01  5.2937344e+00         -inf  6.89329e+05  5.29373e+00  2.01194e+01
1.667184976e+01  3.7888411e+00         -inf  6.89329e+05  3.78884e+00  1.94757e+01
1.673853716e+01  8.5343192e+00         -inf  6.89329e+05  8.53432e+00  2.22671e+01
1.680549131e+01  2.3386047e+00         -inf  6.89329e+05  2.33860e+00  1.90628e+01
1.687271328e+01  9.4761903e-01         -inf  6.89329e+05  9.47619e-01  1.83695e+01
1.694020413e+01  2.4287316e-03         -inf  6.89329e+05  2.42873e-03  1.81839e+01
1.700796495e+01 -9.4346394e-01         -inf  6.89329e+05 -9.43464e-01  1.77193e+01
1.707599681e+01 -4.0072338e+00         -inf  6.89329e+05 -4.00723e+00  1.67645e+01
1.714430079e+01 -4.4830387e+00         -inf  6.89329e+05 -4.48304e+00  1.66897e+01
1.721287800e+01 -5.8954824e+00         -inf  6.89329e+05 -5.89548e+00  1.62220e+01
1.728172951e+01 -7.2702552e+00         -inf  6.89329e+05 -7.27026e+00  1.60377e+01
1.735085643e+01 -7.6412449e+00         -inf  6.89329e+05 -7.64124e+00  1.60165e+01
1.742025985e+01 -9.8154315e+00         -inf  6.89329e+05 -9.81543e+00  1.56023e+01
1.748994089e+01 -9.6233216e+00         -inf  6.89329e+05 -9.62332e+00  1.56247e+01
1.755990065e+01 -1.0731684e+01         -inf  6.89329e+05 -1.07317e+01  1.54883e+01
1.763014026e+01 -1.1501180e+01         -inf  6.89329e+05 -1.15012e+01  1.53052e+01
1.770066082e+01 -1.1942115e+01         -inf  6.89329e+05 -1.19421e+01  1.52694e+01
1.777146346e+01 -1.2414732e+01         -inf  6.89329e+05 -1.24147e+01  1.52313e+01
1.784254932e+01 -1.3122965e+01         -inf  6.89329e+05 -1.31230e+01  1.51365e+01
1.791391951e+01 -1.3271585e+01         -inf  6.89329e+05 -1.32716e+01  1.51097e+01
1.798557519e+01 -1.3660875e+01         -inf  6.89329e+05 -1.36609e+01  1.50814e+01
1.805751749e+01 -1.4024094e+01         -inf  6.89329e+05 -1.40241e+01  1.50459e+01
1.812974756e+01 -1.4177148e+01         -inf  6.89329e+05 -1.41771e+01  1.50652e+01
1.820226655e+01 -1.4567204e+01         -inf  6.89329e+05 -1.45672e+01  1.50155e+01
1.827507562e+01 -1.4261751e+01         -inf  6.89329e+05 -1.42618e+01  1.50640e+01
1.834817592e+01 -1.0962098e+01         -inf  6.89329e+05 -1.09621e+01  1.57976e+01
1.842156862e+01 -1.5174760e+01         -inf  6.89329e+05 -1.51748e+01  1.49978e+01
1.849525490e+01 -1.5454316e+01         -inf  6.89329e+05 -1.54543e+01  1.49983e+01
1.856923592e+01 -1.5478322e+01         -inf  6.89329e+05 -1.54783e+01  1.50301e+01
1.864351286e+01 -1.5635323e+01         -inf  6.89329e+05 -1.56353e+01  1.50342e+01
1.871808691e+01 -1.5799190e+01         -inf  6.89329e+05 -1.57992e+01  1.50410e+01
1.879295926e+01 -1.5984717e+01         -inf  6.89329e+05 -1.59847e+01  1.50291e+01
1.886813110e+01 -1.6309476e+01         -inf  6.89329e+05 -1.63095e+01  1.50064e+01
1.894360362e+01 -1.6328865e+01         -inf  6.89329e+05 -1.63289e+01  1.50313e+01
1.901937804e+01 -1.6624889e+01         -inf  6.89329e+05 -1.66249e+01  1.50138e+01
1.909545555e+01 -1.6879963e+01         -inf  6.89329e+05 -1.68800e+01  1.49989e+01
1.917183737e+01 -1.7023374e+01         -inf  6.89329e+05 -1.70234e+01  1.50070e+01
1.924852472e+01 -1.7306770e+01         -inf  6.89329e+05 -1.73068e+01  1.49934e+01
1.932551882e+01 -1.7453265e+01         -inf  6.89329e+05 -1.74533e+01  1.49962e+01
1.940282089e+01 -1.7668956e+01         -inf  6.89329e+05 -1.76690e+01  1.49923e+01
1.948043218e+01 -1.7868454e+01         -inf  6.89329e+05 -1.78685e+01  1.49906e+01
1.955835391e+01 -1.8032364e+01         -inf  6.89329e+05 -1.80324e+01  1.49912e+01
1.963658732e+01 -1.8179012e+01         -inf  6.89329e+05 -1.81790e+01  1.49920e+01
1.971513367e+01 -1.8378419e+01         -inf  6.89329e+05 -1.83784e+01  1.49912e+01
1.979399421e+01 -1.8567148e+01         -inf  6.89329e+05 -1.85671e+01  1.49903e+01
1.987317018e+01 -1.8735284e+01         -inf  6.89329e+05 -1.87353e+01  1.49906e+01
1.995266286e+01 -1.8900797e+01         -inf  6.89329e+05 -1.89008e+01  1.49909e+01
