# WARNING | GENERATOR | Too many electrons per pixel (up to 9.04e+13) detected in the 1.54-19.95 um spectral range. Reduce exposure time per frame to less than 0.000 seconds.
# ------------------------------------------------------------------------
# Radiance spectrum
# NASA-GSFC Planetary Spectrum Generator (PSG) (Villanueva et al. 2018, 2022)
# Synthesized on Tue Oct  6 07:35:03 2026
# Doppler velocities [km/s] (vobs,vrot+vorb,vwidth,vrfl,vstr): 29.00000,-0.00000,0.00000,0.00000,-0.00000
# ------------------------------------------------------------------------
# Spectra synthesized with the Planetary and Universal Model of Atmospheric Scattering (PUMAS, Villanueva et al. 2018, 2022)
# Single scattering radiative transfer method
# Radiative transfer took 5.785 seconds
# ------------------------------------------------------------------------
# Spectral unit: Wavelength [um]
# Radiance unit: Contrast [transit atmospheric thickness, km]
# Wave/freq Total Noise Stellar Earth Transit
2.000000000e-01  5.0615738e+01         -inf  6.89329e+05  5.06157e+01  5.06157e+01
2.008000000e-01  5.0205334e+01         -inf  6.89329e+05  5.02053e+01  5.02053e+01
2.016032000e-01  5.0026316e+01         -inf  6.89329e+05  5.00263e+01  5.00263e+01
2.024096128e-01  5.0001818e+01         -inf  6.89329e+05  5.00018e+01  5.00018e+01
2.032192513e-01  4.9923425e+01         -inf  6.89329e+05  4.99234e+01  4.99234e+01
2.040321283e-01  4.9777190e+01         -inf  6.89329e+05  4.97772e+01  4.97772e+01
2.048482568e-01  4.9681079e+01         -inf  6.89329e+05  4.96811e+01  4.96811e+01
2.056676498e-01  4.9604190e+01         -inf  6.89329e+05  4.96042e+01  4.96042e+01
2.064903204e-01  4.9541623e+01         -inf  6.89329e+05  4.95416e+01  4.95416e+01
2.073162817e-01  4.9482070e+01         -inf  6.89329e+05  4.94821e+01  4.94821e+01
2.081455468e-01  4.9425532e+01         -inf  6.89329e+05  4.94255e+01  4.94255e+01
2.089781290e-01  4.9352032e+01         -inf  6.89329e+05  4.93520e+01  4.93520e+01
2.098140415e-01  4.9293608e+01         -inf  6.89329e+05  4.92936e+01  4.92936e+01
2.106532977e-01  4.9133412e+01         -inf  6.89329e+05  4.91334e+01  4.91334e+01
2.114959109e-01  4.8930616e+01         -inf  6.89329e+05  4.89306e+01  4.89306e+01
2.123418945e-01  4.8783604e+01         -inf  6.89329e+05  4.87836e+01  4.87836e+01
2.131912621e-01  4.8666369e+01         -inf  6.89329e+05  4.86664e+01  4.86664e+01
2.140440271e-01  4.8453757e+01         -inf  6.89329e+05  4.84538e+01  4.84538e+01
2.149002032e-01  4.8517466e+01         -inf  6.89329e+05  4.85175e+01  4.85175e+01
2.157598041e-01  4.8577404e+01         -inf  6.89329e+05  4.85774e+01  4.85774e+01
2.166228433e-01  4.8642243e+01         -inf  6.89329e+05  4.86422e+01  4.86422e+01
2.174893346e-01  4.8713866e+01         -inf  6.89329e+05  4.87139e+01  4.87139e+01
2.183592920e-01  4.8792651e+01         -inf  6.89329e+05  4.87927e+01  4.87927e+01
2.192327292e-01  4.8876335e+01         -inf  6.89329e+05  4.88763e+01  4.88763e+01
2.201096601e-01  4.8979242e+01         -inf  6.89329e+05  4.89792e+01  4.89792e+01
2.209900987e-01  4.9076117e+01         -inf  6.89329e+05  4.90761e+01  4.90761e+01
2.218740591e-01  4.9187314e+01         -inf  6.89329e+05  4.91873e+01  4.91873e+01
2.227615553e-01  4.9295116e+01         -inf  6.89329e+05  4.92951e+01  4.92951e+01
2.236526016e-01  4.9401409e+01         -inf  6.89329e+05  4.94014e+01  4.94014e+01
2.245472120e-01  4.9519762e+01         -inf  6.89329e+05  4.95198e+01  4.95198e+01
2.254454008e-01  4.9617005e+01         -inf  6.89329e+05  4.96170e+01  4.96170e+01
2.263471824e-01  4.9737615e+01         -inf  6.89329e+05  4.97376e+01  4.97376e+01
2.272525711e-01  4.9845785e+01         -inf  6.89329e+05  4.98458e+01  4.98458e+01
2.281615814e-01  4.9967521e+01         -inf  6.89329e+05  4.99675e+01  4.99675e+01
2.290742278e-01  5.0100562e+01         -inf  6.89329e+05  5.01006e+01  5.01006e+01
2.299905247e-01  5.0207218e+01         -inf  6.89329e+05  5.02072e+01  5.02072e+01
2.309104868e-01  5.0345153e+01         -inf  6.89329e+05  5.03452e+01  5.03452e+01
2.318341287e-01  5.0458212e+01         -inf  6.89329e+05  5.04582e+01  5.04582e+01
2.327614652e-01  5.0593127e+01         -inf  6.89329e+05  5.05931e+01  5.05931e+01
2.336925111e-01  5.0699775e+01         -inf  6.89329e+05  5.06998e+01  5.06998e+01
2.346272811e-01  5.0830916e+01         -inf  6.89329e+05  5.08309e+01  5.08309e+01
2.355657903e-01  5.0931531e+01         -inf  6.89329e+05  5.09315e+01  5.09315e+01
2.365080534e-01  5.1041942e+01         -inf  6.89329e+05  5.10419e+01  5.10419e+01
2.374540856e-01  5.1155366e+01         -inf  6.89329e+05  5.11554e+01  5.11554e+01
2.384039020e-01  5.1250700e+01         -inf  6.89329e+05  5.12507e+01  5.12507e+01
2.393575176e-01  5.1344526e+01         -inf  6.89329e+05  5.13445e+01  5.13445e+01
2.403149477e-01  5.1445133e+01         -inf  6.89329e+05  5.14451e+01  5.14451e+01
2.412762074e-01  5.1520117e+01         -inf  6.89329e+05  5.15201e+01  5.15201e+01
2.422413123e-01  5.1606780e+01         -inf  6.89329e+05  5.16068e+01  5.16068e+01
2.432102775e-01  5.1765784e+01         -inf  6.89329e+05  5.17658e+01  5.17658e+01
2.441831186e-01  5.1817780e+01         -inf  6.89329e+05  5.18178e+01  5.18178e+01
2.451598511e-01  5.1892759e+01         -inf  6.89329e+05  5.18928e+01  5.18928e+01
2.461404905e-01  5.1930813e+01         -inf  6.89329e+05  5.19308e+01  5.19308e+01
2.471250525e-01  5.2026890e+01         -inf  6.89329e+05  5.20269e+01  5.20269e+01
2.481135527e-01  5.1966607e+01         -inf  6.89329e+05  5.19666e+01  5.19666e+01
2.491060069e-01  5.2150092e+01         -inf  6.89329e+05  5.21501e+01  5.21501e+01
2.501024309e-01  5.2083405e+01         -inf  6.89329e+05  5.20834e+01  5.20834e+01
2.511028406e-01  5.2037063e+01         -inf  6.89329e+05  5.20371e+01  5.20371e+01
2.521072520e-01  5.2209243e+01         -inf  6.89329e+05  5.22092e+01  5.22092e+01
2.531156810e-01  5.2102997e+01         -inf  6.89329e+05  5.21030e+01  5.21030e+01
2.541281437e-01  5.2086796e+01         -inf  6.89329e+05  5.20868e+01  5.20868e+01
2.551446563e-01  5.2120705e+01         -inf  6.89329e+05  5.21207e+01  5.21207e+01
2.561652349e-01  5.2107141e+01         -inf  6.89329e+05  5.21071e+01  5.21071e+01
2.571898959e-01  5.2003907e+01         -inf  6.89329e+05  5.20039e+01  5.20039e+01
2.582186555e-01  5.2002400e+01         -inf  6.89329e+05  5.20024e+01  5.20024e+01
2.592515301e-01  5.1966230e+01         -inf  6.89329e+05  5.19662e+01  5.19662e+01
2.602885362e-01  5.1901425e+01         -inf  6.89329e+05  5.19014e+01  5.19014e+01
2.613296904e-01  5.1804593e+01         -inf  6.89329e+05  5.18046e+01  5.18046e+01
2.623750091e-01  5.1739033e+01         -inf  6.89329e+05  5.17390e+01  5.17390e+01
2.634245092e-01  5.1595099e+01         -inf  6.89329e+05  5.15951e+01  5.15951e+01
2.644782072e-01  5.1590577e+01         -inf  6.89329e+05  5.15906e+01  5.15906e+01
2.655361200e-01  5.1418757e+01         -inf  6.89329e+05  5.14188e+01  5.14188e+01
2.665982645e-01  5.1282353e+01         -inf  6.89329e+05  5.12824e+01  5.12824e+01
2.676646576e-01  5.1171192e+01         -inf  6.89329e+05  5.11712e+01  5.11712e+01
2.687353162e-01  5.0965069e+01         -inf  6.89329e+05  5.09651e+01  5.09651e+01
2.698102574e-01  5.0888572e+01         -inf  6.89329e+05  5.08886e+01  5.08886e+01
2.708894985e-01  5.0638349e+01         -inf  6.89329e+05  5.06383e+01  5.06383e+01
2.719730565e-01  5.0503058e+01         -inf  6.89329e+05  5.05031e+01  5.05031e+01
2.730609487e-01  5.0305959e+01         -inf  6.89329e+05  5.03060e+01  5.03060e+01
2.741531925e-01  5.0022170e+01         -inf  6.89329e+05  5.00222e+01  5.00222e+01
2.752498053e-01  4.9861238e+01         -inf  6.89329e+05  4.98612e+01  4.98612e+01
2.763508045e-01  4.9610975e+01         -inf  6.89329e+05  4.96110e+01  4.96110e+01
2.774562077e-01  4.9365978e+01         -inf  6.89329e+05  4.93660e+01  4.93660e+01
2.785660325e-01  4.9096095e+01         -inf  6.89329e+05  4.90961e+01  4.90961e+01
2.796802967e-01  4.8842032e+01         -inf  6.89329e+05  4.88420e+01  4.88420e+01
2.807990178e-01  4.8508041e+01         -inf  6.89329e+05  4.85080e+01  4.85080e+01
2.819222139e-01  4.8181196e+01         -inf  6.89329e+05  4.81812e+01  4.81812e+01
2.830499028e-01  4.7931998e+01         -inf  6.89329e+05  4.79320e+01  4.79320e+01
2.841821024e-01  4.7556109e+01         -inf  6.89329e+05  4.75561e+01  4.75561e+01
2.853188308e-01  4.7200937e+01         -inf  6.89329e+05  4.72009e+01  4.72009e+01
2.864601061e-01  4.6878172e+01         -inf  6.89329e+05  4.68782e+01  4.68782e+01
2.876059465e-01  4.6471300e+01         -inf  6.89329e+05  4.64713e+01  4.64713e+01
2.887563703e-01  4.6032725e+01         -inf  6.89329e+05  4.60327e+01  4.60327e+01
2.899113958e-01  4.5640885e+01         -inf  6.89329e+05  4.56409e+01  4.56409e+01
2.910710414e-01  4.5251661e+01         -inf  6.89329e+05  4.52517e+01  4.52517e+01
2.922353256e-01  4.4778678e+01         -inf  6.89329e+05  4.47787e+01  4.47787e+01
2.934042669e-01  4.4347908e+01         -inf  6.89329e+05  4.43479e+01  4.43479e+01
2.945778839e-01  4.3917109e+01         -inf  6.89329e+05  4.39171e+01  4.39171e+01
2.957561955e-01  4.3405922e+01         -inf  6.89329e+05  4.34059e+01  4.34059e+01
2.969392202e-01  4.2955818e+01         -inf  6.89329e+05  4.29558e+01  4.29558e+01
2.981269771e-01  4.2447196e+01         -inf  6.89329e+05  4.24472e+01  4.24472e+01
2.993194850e-01  4.1999666e+01         -inf  6.89329e+05  4.19997e+01  4.19997e+01
3.005167630e-01  4.1530593e+01         -inf  6.89329e+05  4.15306e+01  4.15306e+01
3.017188300e-01  4.1045258e+01         -inf  6.89329e+05  4.10453e+01  4.10453e+01
3.029257054e-01  4.0578381e+01         -inf  6.89329e+05  4.05784e+01  4.05784e+01
3.041374082e-01  4.0184320e+01         -inf  6.89329e+05  4.01843e+01  4.01843e+01
3.053539578e-01  3.9660378e+01         -inf  6.89329e+05  3.96604e+01  3.96604e+01
3.065753736e-01  3.9322511e+01         -inf  6.89329e+05  3.93225e+01  3.93225e+01
3.078016751e-01  3.8802652e+01         -inf  6.89329e+05  3.88027e+01  3.88027e+01
3.090328818e-01  3.8480598e+01         -inf  6.89329e+05  3.84806e+01  3.84806e+01
3.102690134e-01  3.7981816e+01         -inf  6.89329e+05  3.79818e+01  3.79818e+01
3.115100894e-01  3.7685096e+01         -inf  6.89329e+05  3.76851e+01  3.76851e+01
3.127561298e-01  3.7183117e+01         -inf  6.89329e+05  3.71831e+01  3.71831e+01
3.140071543e-01  3.6924957e+01         -inf  6.89329e+05  3.69250e+01  3.69250e+01
3.152631829e-01  3.6488598e+01         -inf  6.89329e+05  3.64886e+01  3.64886e+01
3.165242356e-01  3.6037101e+01         -inf  6.89329e+05  3.60371e+01  3.60371e+01
3.177903326e-01  3.5866374e+01         -inf  6.89329e+05  3.58664e+01  3.58664e+01
3.190614939e-01  3.5216212e+01         -inf  6.89329e+05  3.52162e+01  3.52162e+01
3.203377399e-01  3.5162382e+01         -inf  6.89329e+05  3.51624e+01  3.51624e+01
3.216190908e-01  3.4504290e+01         -inf  6.89329e+05  3.45043e+01  3.45043e+01
3.229055672e-01  3.4549097e+01         -inf  6.89329e+05  3.45491e+01  3.45491e+01
3.241971895e-01  3.3661554e+01         -inf  6.89329e+05  3.36616e+01  3.36616e+01
3.254939782e-01  3.3996168e+01         -inf  6.89329e+05  3.39962e+01  3.39962e+01
3.267959541e-01  3.3070987e+01         -inf  6.89329e+05  3.30710e+01  3.30710e+01
3.281031380e-01  3.3405632e+01         -inf  6.89329e+05  3.34056e+01  3.34056e+01
3.294155505e-01  3.2446315e+01         -inf  6.89329e+05  3.24463e+01  3.24463e+01
3.307332127e-01  3.2798679e+01         -inf  6.89329e+05  3.27987e+01  3.27987e+01
3.320561456e-01  3.2236982e+01         -inf  6.89329e+05  3.22370e+01  3.22370e+01
3.333843702e-01  3.2141137e+01         -inf  6.89329e+05  3.21411e+01  3.21411e+01
3.347179076e-01  3.1869016e+01         -inf  6.89329e+05  3.18690e+01  3.18690e+01
3.360567793e-01  3.1523972e+01         -inf  6.89329e+05  3.15240e+01  3.15240e+01
3.374010064e-01  3.1732762e+01         -inf  6.89329e+05  3.17328e+01  3.17328e+01
3.387506104e-01  3.1233341e+01         -inf  6.89329e+05  3.12333e+01  3.12333e+01
3.401056128e-01  3.1234815e+01         -inf  6.89329e+05  3.12348e+01  3.12348e+01
3.414660353e-01  3.0958535e+01         -inf  6.89329e+05  3.09585e+01  3.09585e+01
3.428318994e-01  3.0810505e+01         -inf  6.89329e+05  3.08105e+01  3.08105e+01
3.442032270e-01  3.0872159e+01         -inf  6.89329e+05  3.08722e+01  3.08722e+01
3.455800399e-01  3.0601194e+01         -inf  6.89329e+05  3.06012e+01  3.06012e+01
3.469623601e-01  3.0485969e+01         -inf  6.89329e+05  3.04860e+01  3.04860e+01
3.483502095e-01  3.0354790e+01         -inf  6.89329e+05  3.03548e+01  3.03548e+01
3.497436104e-01  3.0228559e+01         -inf  6.89329e+05  3.02286e+01  3.02286e+01
3.511425848e-01  3.0166483e+01         -inf  6.89329e+05  3.01665e+01  3.01665e+01
3.525471552e-01  3.0048794e+01         -inf  6.89329e+05  3.00488e+01  3.00488e+01
3.539573438e-01  2.9911404e+01         -inf  6.89329e+05  2.99114e+01  2.99114e+01
3.553731732e-01  2.9810686e+01         -inf  6.89329e+05  2.98107e+01  2.98107e+01
3.567946659e-01  2.9702706e+01         -inf  6.89329e+05  2.97027e+01  2.97027e+01
3.582218445e-01  2.9597107e+01         -inf  6.89329e+05  2.95971e+01  2.95971e+01
3.596547319e-01  2.9505231e+01         -inf  6.89329e+05  2.95052e+01  2.95052e+01
3.610933508e-01  2.9394864e+01         -inf  6.89329e+05  2.93949e+01  2.93949e+01
3.625377242e-01  2.9287710e+01         -inf  6.89329e+05  2.92877e+01  2.92877e+01
3.639878751e-01  2.9185885e+01         -inf  6.89329e+05  2.91859e+01  2.91859e+01
3.654438266e-01  2.9085344e+01         -inf  6.89329e+05  2.90853e+01  2.90853e+01
3.669056019e-01  2.8982003e+01         -inf  6.89329e+05  2.89820e+01  2.89820e+01
3.683732243e-01  2.8881610e+01         -inf  6.89329e+05  2.88816e+01  2.88816e+01
3.698467172e-01  2.8779590e+01         -inf  6.89329e+05  2.87796e+01  2.87796e+01
3.713261041e-01  2.8677492e+01         -inf  6.89329e+05  2.86775e+01  2.86775e+01
3.728114085e-01  2.8576262e+01         -inf  6.89329e+05  2.85763e+01  2.85763e+01
3.743026542e-01  2.8475750e+01         -inf  6.89329e+05  2.84757e+01  2.84757e+01
3.757998648e-01  2.8374706e+01         -inf  6.89329e+05  2.83747e+01  2.83747e+01
3.773030642e-01  2.8274039e+01         -inf  6.89329e+05  2.82740e+01  2.82740e+01
3.788122765e-01  2.8173370e+01         -inf  6.89329e+05  2.81734e+01  2.81734e+01
3.803275256e-01  2.8073078e+01         -inf  6.89329e+05  2.80731e+01  2.80731e+01
3.818488357e-01  2.7973124e+01         -inf  6.89329e+05  2.79731e+01  2.79731e+01
3.833762310e-01  2.7873094e+01         -inf  6.89329e+05  2.78731e+01  2.78731e+01
3.849097360e-01  2.7772986e+01         -inf  6.89329e+05  2.77730e+01  2.77730e+01
3.864493749e-01  2.7673368e+01         -inf  6.89329e+05  2.76734e+01  2.76734e+01
3.879951724e-01  2.7574014e+01         -inf  6.89329e+05  2.75740e+01  2.75740e+01
3.895471531e-01  2.7474733e+01         -inf  6.89329e+05  2.74747e+01  2.74747e+01
3.911053417e-01  2.7375451e+01         -inf  6.89329e+05  2.73755e+01  2.73755e+01
3.926697631e-01  2.7276546e+01         -inf  6.89329e+05  2.72765e+01  2.72765e+01
3.942404421e-01  2.7178661e+01         -inf  6.89329e+05  2.71787e+01  2.71787e+01
3.958174039e-01  2.7080547e+01         -inf  6.89329e+05  2.70805e+01  2.70805e+01
3.974006735e-01  2.6981296e+01         -inf  6.89329e+05  2.69813e+01  2.69813e+01
3.989902762e-01  2.6882650e+01         -inf  6.89329e+05  2.68826e+01  2.68826e+01
4.005862373e-01  2.6785288e+01         -inf  6.89329e+05  2.67853e+01  2.67853e+01
4.021885823e-01  2.6688567e+01         -inf  6.89329e+05  2.66886e+01  2.66886e+01
4.037973366e-01  2.6590597e+01         -inf  6.89329e+05  2.65906e+01  2.65906e+01
4.054125259e-01  2.6492663e+01         -inf  6.89329e+05  2.64927e+01  2.64927e+01
4.070341760e-01  2.6397905e+01         -inf  6.89329e+05  2.63979e+01  2.63979e+01
4.086623127e-01  2.6305302e+01         -inf  6.89329e+05  2.63053e+01  2.63053e+01
4.102969620e-01  2.6209899e+01         -inf  6.89329e+05  2.62099e+01  2.62099e+01
4.119381498e-01  2.6111392e+01         -inf  6.89329e+05  2.61114e+01  2.61114e+01
4.135859024e-01  2.6013186e+01         -inf  6.89329e+05  2.60132e+01  2.60132e+01
4.152402460e-01  2.5919972e+01         -inf  6.89329e+05  2.59200e+01  2.59200e+01
4.169012070e-01  2.5828951e+01         -inf  6.89329e+05  2.58290e+01  2.58290e+01
4.185688119e-01  2.5733918e+01         -inf  6.89329e+05  2.57339e+01  2.57339e+01
4.202430871e-01  2.5637938e+01         -inf  6.89329e+05  2.56379e+01  2.56379e+01
4.219240595e-01  2.5549221e+01         -inf  6.89329e+05  2.55492e+01  2.55492e+01
4.236117557e-01  2.5467540e+01         -inf  6.89329e+05  2.54675e+01  2.54675e+01
4.253062027e-01  2.5383436e+01         -inf  6.89329e+05  2.53834e+01  2.53834e+01
4.270074275e-01  2.5287716e+01         -inf  6.89329e+05  2.52877e+01  2.52877e+01
4.287154572e-01  2.5186622e+01         -inf  6.89329e+05  2.51866e+01  2.51866e+01
4.304303191e-01  2.5094606e+01         -inf  6.89329e+05  2.50946e+01  2.50946e+01
4.321520403e-01  2.5015416e+01         -inf  6.89329e+05  2.50154e+01  2.50154e+01
4.338806485e-01  2.4929717e+01         -inf  6.89329e+05  2.49297e+01  2.49297e+01
4.356161711e-01  2.4834066e+01         -inf  6.89329e+05  2.48341e+01  2.48341e+01
4.373586358e-01  2.4748970e+01         -inf  6.89329e+05  2.47490e+01  2.47490e+01
4.391080703e-01  2.4685176e+01         -inf  6.89329e+05  2.46852e+01  2.46852e+01
4.408645026e-01  2.4627246e+01         -inf  6.89329e+05  2.46272e+01  2.46272e+01
4.426279606e-01  2.4558342e+01         -inf  6.89329e+05  2.45583e+01  2.45583e+01
4.443984725e-01  2.4459279e+01         -inf  6.89329e+05  2.44593e+01  2.44593e+01
4.461760664e-01  2.4349204e+01         -inf  6.89329e+05  2.43492e+01  2.43492e+01
4.479607706e-01  2.4263194e+01         -inf  6.89329e+05  2.42632e+01  2.42632e+01
4.497526137e-01  2.4204087e+01         -inf  6.89329e+05  2.42041e+01  2.42041e+01
4.515516242e-01  2.4130713e+01         -inf  6.89329e+05  2.41307e+01  2.41307e+01
4.533578307e-01  2.4038153e+01         -inf  6.89329e+05  2.40382e+01  2.40382e+01
4.551712620e-01  2.3965042e+01         -inf  6.89329e+05  2.39650e+01  2.39650e+01
4.569919470e-01  2.3931892e+01         -inf  6.89329e+05  2.39319e+01  2.39319e+01
4.588199148e-01  2.3921297e+01         -inf  6.89329e+05  2.39213e+01  2.39213e+01
4.606551945e-01  2.3903775e+01         -inf  6.89329e+05  2.39038e+01  2.39038e+01
4.624978152e-01  2.3831307e+01         -inf  6.89329e+05  2.38313e+01  2.38313e+01
4.643478065e-01  2.3702791e+01         -inf  6.89329e+05  2.37028e+01  2.37028e+01
4.662051977e-01  2.3588842e+01         -inf  6.89329e+05  2.35888e+01  2.35888e+01
4.680700185e-01  2.3539758e+01         -inf  6.89329e+05  2.35398e+01  2.35398e+01
4.699422986e-01  2.3506492e+01         -inf  6.89329e+05  2.35065e+01  2.35065e+01
4.718220678e-01  2.3432430e+01         -inf  6.89329e+05  2.34324e+01  2.34324e+01
4.737093561e-01  2.3359539e+01         -inf  6.89329e+05  2.33595e+01  2.33595e+01
4.756041935e-01  2.3341562e+01         -inf  6.89329e+05  2.33416e+01  2.33416e+01
4.775066103e-01  2.3383571e+01         -inf  6.89329e+05  2.33836e+01  2.33836e+01
4.794166367e-01  2.3455250e+01         -inf  6.89329e+05  2.34553e+01  2.34553e+01
4.813343033e-01  2.3504373e+01         -inf  6.89329e+05  2.35044e+01  2.35044e+01
4.832596405e-01  2.3450520e+01         -inf  6.89329e+05  2.34505e+01  2.34505e+01
4.851926790e-01  2.3311778e+01         -inf  6.89329e+05  2.33118e+01  2.33118e+01
4.871334497e-01  2.3186506e+01         -inf  6.89329e+05  2.31865e+01  2.31865e+01
4.890819835e-01  2.3145707e+01         -inf  6.89329e+05  2.31457e+01  2.31457e+01
4.910383115e-01  2.3144458e+01         -inf  6.89329e+05  2.31445e+01  2.31445e+01
4.930024647e-01  2.3105778e+01         -inf  6.89329e+05  2.31058e+01  2.31058e+01
4.949744746e-01  2.3057031e+01         -inf  6.89329e+05  2.30570e+01  2.30570e+01
4.969543725e-01  2.3071678e+01         -inf  6.89329e+05  2.30717e+01  2.30717e+01
4.989421900e-01  2.3173184e+01         -inf  6.89329e+05  2.31732e+01  2.31732e+01
5.009379587e-01  2.3326008e+01         -inf  6.89329e+05  2.33260e+01  2.33260e+01
5.029417106e-01  2.3482045e+01         -inf  6.89329e+05  2.34820e+01  2.34820e+01
5.049534774e-01  2.3558983e+01         -inf  6.89329e+05  2.35590e+01  2.35590e+01
5.069732913e-01  2.3508725e+01         -inf  6.89329e+05  2.35087e+01  2.35087e+01
5.090011845e-01  2.3380581e+01         -inf  6.89329e+05  2.33806e+01  2.33806e+01
5.110371892e-01  2.3281728e+01         -inf  6.89329e+05  2.32817e+01  2.32817e+01
5.130813380e-01  2.3267838e+01         -inf  6.89329e+05  2.32678e+01  2.32678e+01
5.151336633e-01  2.3298683e+01         -inf  6.89329e+05  2.32987e+01  2.32987e+01
5.171941980e-01  2.3318174e+01         -inf  6.89329e+05  2.33182e+01  2.33182e+01
5.192629748e-01  2.3334258e+01         -inf  6.89329e+05  2.33343e+01  2.33343e+01
5.213400267e-01  2.3385236e+01         -inf  6.89329e+05  2.33852e+01  2.33852e+01
5.234253868e-01  2.3495404e+01         -inf  6.89329e+05  2.34954e+01  2.34954e+01
5.255190883e-01  2.3653556e+01         -inf  6.89329e+05  2.36536e+01  2.36536e+01
5.276211647e-01  2.3827484e+01         -inf  6.89329e+05  2.38275e+01  2.38275e+01
5.297316493e-01  2.3981693e+01         -inf  6.89329e+05  2.39817e+01  2.39817e+01
5.318505759e-01  2.4079892e+01         -inf  6.89329e+05  2.40799e+01  2.40799e+01
5.339779782e-01  2.4096769e+01         -inf  6.89329e+05  2.40968e+01  2.40968e+01
5.361138902e-01  2.4047046e+01         -inf  6.89329e+05  2.40470e+01  2.40470e+01
5.382583457e-01  2.4010339e+01         -inf  6.89329e+05  2.40103e+01  2.40103e+01
5.404113791e-01  2.4047121e+01         -inf  6.89329e+05  2.40471e+01  2.40471e+01
5.425730246e-01  2.4132378e+01         -inf  6.89329e+05  2.41324e+01  2.41324e+01
5.447433167e-01  2.4208514e+01         -inf  6.89329e+05  2.42085e+01  2.42085e+01
5.469222900e-01  2.4251009e+01         -inf  6.89329e+05  2.42510e+01  2.42510e+01
5.491099791e-01  2.4274054e+01         -inf  6.89329e+05  2.42741e+01  2.42741e+01
5.513064191e-01  2.4297893e+01         -inf  6.89329e+05  2.42979e+01  2.42979e+01
5.535116447e-01  2.4336679e+01         -inf  6.89329e+05  2.43367e+01  2.43367e+01
5.557256913e-01  2.4405358e+01         -inf  6.89329e+05  2.44054e+01  2.44054e+01
5.579485941e-01  2.4521752e+01         -inf  6.89329e+05  2.45218e+01  2.45218e+01
5.601803884e-01  2.4678630e+01         -inf  6.89329e+05  2.46786e+01  2.46786e+01
5.624211100e-01  2.4836034e+01         -inf  6.89329e+05  2.48360e+01  2.48360e+01
5.646707944e-01  2.4955976e+01         -inf  6.89329e+05  2.49560e+01  2.49560e+01
5.669294776e-01  2.5042204e+01         -inf  6.89329e+05  2.50422e+01  2.50422e+01
5.691971955e-01  2.5120070e+01         -inf  6.89329e+05  2.51201e+01  2.51201e+01
5.714739843e-01  2.5194113e+01         -inf  6.89329e+05  2.51941e+01  2.51941e+01
5.737598803e-01  2.5225743e+01         -inf  6.89329e+05  2.52257e+01  2.52257e+01
5.760549198e-01  2.5181287e+01         -inf  6.89329e+05  2.51813e+01  2.51813e+01
5.783591395e-01  2.5083142e+01         -inf  6.89329e+05  2.50831e+01  2.50831e+01
5.806725760e-01  2.4964451e+01         -inf  6.89329e+05  2.49645e+01  2.49645e+01
5.829952663e-01  2.4855103e+01         -inf  6.89329e+05  2.48551e+01  2.48551e+01
5.853272474e-01  2.4774208e+01         -inf  6.89329e+05  2.47742e+01  2.47742e+01
5.876685564e-01  2.4729446e+01         -inf  6.89329e+05  2.47294e+01  2.47294e+01
5.900192306e-01  2.4729370e+01         -inf  6.89329e+05  2.47294e+01  2.47294e+01
5.923793075e-01  2.4795245e+01         -inf  6.89329e+05  2.47952e+01  2.47952e+01
5.947488247e-01  2.4930701e+01         -inf  6.89329e+05  2.49307e+01  2.49307e+01
5.971278200e-01  2.5087342e+01         -inf  6.89329e+05  2.50873e+01  2.50873e+01
5.995163313e-01  2.5210268e+01         -inf  6.89329e+05  2.52103e+01  2.52103e+01
6.019143966e-01  2.5253703e+01         -inf  6.89329e+05  2.52537e+01  2.52537e+01
6.043220542e-01  2.5202134e+01         -inf  6.89329e+05  2.52021e+01  2.52021e+01
6.067393425e-01  2.5069181e+01         -inf  6.89329e+05  2.50692e+01  2.50692e+01
6.091662998e-01  2.4880000e+01         -inf  6.89329e+05  2.48800e+01  2.48800e+01
6.116029650e-01  2.4669738e+01         -inf  6.89329e+05  2.46697e+01  2.46697e+01
6.140493769e-01  2.4463971e+01         -inf  6.89329e+05  2.44640e+01  2.44640e+01
6.165055744e-01  2.4274924e+01         -inf  6.89329e+05  2.42749e+01  2.42749e+01
6.189715967e-01  2.4107214e+01         -inf  6.89329e+05  2.41072e+01  2.41072e+01
6.214474831e-01  2.3960009e+01         -inf  6.89329e+05  2.39600e+01  2.39600e+01
6.239332730e-01  2.3820673e+01         -inf  6.89329e+05  2.38207e+01  2.38207e+01
6.264290061e-01  2.3674711e+01         -inf  6.89329e+05  2.36747e+01  2.36747e+01
6.289347221e-01  2.3586382e+01         -inf  6.89329e+05  2.35864e+01  2.35864e+01
6.314504610e-01  2.3360902e+01         -inf  6.89329e+05  2.33609e+01  2.33609e+01
6.339762629e-01  2.3166750e+01         -inf  6.89329e+05  2.31668e+01  2.31668e+01
6.365121679e-01  2.2968164e+01         -inf  6.89329e+05  2.29682e+01  2.29682e+01
6.390582166e-01  2.2758861e+01         -inf  6.89329e+05  2.27589e+01  2.27589e+01
6.416144494e-01  2.2544782e+01         -inf  6.89329e+05  2.25448e+01  2.25448e+01
6.441809072e-01  2.2352725e+01         -inf  6.89329e+05  2.23527e+01  2.23527e+01
6.467576309e-01  2.2171262e+01         -inf  6.89329e+05  2.21713e+01  2.21713e+01
6.493446614e-01  2.1996266e+01         -inf  6.89329e+05  2.19963e+01  2.19963e+01
6.519420400e-01  2.1832092e+01         -inf  6.89329e+05  2.18321e+01  2.18321e+01
6.545498082e-01  2.1657768e+01         -inf  6.89329e+05  2.16578e+01  2.16578e+01
6.571680074e-01  2.1479957e+01         -inf  6.89329e+05  2.14800e+01  2.14800e+01
6.597966795e-01  2.1307441e+01         -inf  6.89329e+05  2.13074e+01  2.13074e+01
6.624358662e-01  2.1140296e+01         -inf  6.89329e+05  2.11403e+01  2.11403e+01
6.650856096e-01  2.0958079e+01         -inf  6.89329e+05  2.09581e+01  2.09581e+01
6.677459521e-01  2.0757948e+01         -inf  6.89329e+05  2.07579e+01  2.07579e+01
6.704169359e-01  2.0557962e+01         -inf  6.89329e+05  2.05580e+01  2.05580e+01
6.730986036e-01  2.0365998e+01         -inf  6.89329e+05  2.03660e+01  2.03660e+01
6.757909981e-01  2.0186749e+01         -inf  6.89329e+05  2.01867e+01  2.01867e+01
6.784941620e-01  2.0015334e+01         -inf  6.89329e+05  2.00153e+01  2.00153e+01
6.812081387e-01  1.9870043e+01         -inf  6.89329e+05  1.98700e+01  1.98700e+01
6.839329712e-01  1.9753300e+01         -inf  6.89329e+05  1.97533e+01  1.97533e+01
6.866687031e-01  2.0037524e+01         -inf  6.89329e+05  2.00375e+01  2.00375e+01
6.894153779e-01  1.9910295e+01         -inf  6.89329e+05  1.99103e+01  1.99103e+01
6.921730395e-01  1.9429111e+01         -inf  6.89329e+05  1.94291e+01  1.94291e+01
6.949417316e-01  1.9107368e+01         -inf  6.89329e+05  1.91074e+01  1.91074e+01
6.977214985e-01  1.8938537e+01         -inf  6.89329e+05  1.89385e+01  1.89385e+01
7.005123845e-01  1.8793107e+01         -inf  6.89329e+05  1.87931e+01  1.87931e+01
7.033144341e-01  1.8674943e+01         -inf  6.89329e+05  1.86749e+01  1.86749e+01
7.061276918e-01  1.8578479e+01         -inf  6.89329e+05  1.85785e+01  1.85785e+01
7.089522026e-01  1.8493602e+01         -inf  6.89329e+05  1.84936e+01  1.84936e+01
7.117880114e-01  1.8422360e+01         -inf  6.89329e+05  1.84224e+01  1.84224e+01
7.146351634e-01  1.8379182e+01         -inf  6.89329e+05  1.83792e+01  1.83792e+01
7.174937041e-01  1.8304416e+01         -inf  6.89329e+05  1.83044e+01  1.83044e+01
7.203636789e-01  1.8156586e+01         -inf  6.89329e+05  1.81566e+01  1.81566e+01
7.232451336e-01  1.8018259e+01         -inf  6.89329e+05  1.80183e+01  1.80183e+01
7.261381142e-01  1.7917580e+01         -inf  6.89329e+05  1.79176e+01  1.79176e+01
7.290426666e-01  1.7807998e+01         -inf  6.89329e+05  1.78080e+01  1.78080e+01
7.319588373e-01  1.7716369e+01         -inf  6.89329e+05  1.77164e+01  1.77164e+01
7.348866726e-01  1.7660800e+01         -inf  6.89329e+05  1.76608e+01  1.76608e+01
7.378262193e-01  1.7622542e+01         -inf  6.89329e+05  1.76225e+01  1.76225e+01
7.407775242e-01  1.7597276e+01         -inf  6.89329e+05  1.75973e+01  1.75973e+01
7.437406343e-01  1.7605382e+01         -inf  6.89329e+05  1.76054e+01  1.76054e+01
7.467155968e-01  1.7622087e+01         -inf  6.89329e+05  1.76221e+01  1.76221e+01
7.497024592e-01  1.7559169e+01         -inf  6.89329e+05  1.75592e+01  1.75592e+01
7.527012690e-01  1.7398063e+01         -inf  6.89329e+05  1.73981e+01  1.73981e+01
7.557120741e-01  1.7250817e+01         -inf  6.89329e+05  1.72508e+01  1.72508e+01
7.587349224e-01  1.7805385e+01         -inf  6.89329e+05  1.78054e+01  1.78054e+01
7.617698621e-01  1.9527873e+01         -inf  6.89329e+05  1.95279e+01  1.95279e+01
7.648169416e-01  1.8347519e+01         -inf  6.89329e+05  1.83475e+01  1.83475e+01
7.678762093e-01  1.7290896e+01         -inf  6.89329e+05  1.72909e+01  1.72909e+01
7.709477142e-01  1.7010566e+01         -inf  6.89329e+05  1.70106e+01  1.70106e+01
7.740315050e-01  1.7035341e+01         -inf  6.89329e+05  1.70353e+01  1.70353e+01
7.771276310e-01  1.7101940e+01         -inf  6.89329e+05  1.71019e+01  1.71019e+01
7.802361416e-01  1.7103417e+01         -inf  6.89329e+05  1.71034e+01  1.71034e+01
7.833570861e-01  1.6993291e+01         -inf  6.89329e+05  1.69933e+01  1.69933e+01
7.864905145e-01  1.6858765e+01         -inf  6.89329e+05  1.68588e+01  1.68588e+01
7.896364765e-01  1.6763713e+01         -inf  6.89329e+05  1.67637e+01  1.67637e+01
7.927950224e-01  1.6684723e+01         -inf  6.89329e+05  1.66847e+01  1.66847e+01
7.959662025e-01  1.6618537e+01         -inf  6.89329e+05  1.66185e+01  1.66185e+01
7.991500673e-01  1.6574475e+01         -inf  6.89329e+05  1.65745e+01  1.65745e+01
8.023466676e-01  1.6541931e+01         -inf  6.89329e+05  1.65419e+01  1.65419e+01
8.055560543e-01  1.6531399e+01         -inf  6.89329e+05  1.65314e+01  1.65314e+01
8.087782785e-01  1.6564511e+01         -inf  6.89329e+05  1.65645e+01  1.65645e+01
8.120133916e-01  1.6619749e+01         -inf  6.89329e+05  1.66197e+01  1.66197e+01
8.152614452e-01  1.6663696e+01         -inf  6.89329e+05  1.66637e+01  1.66637e+01
8.185224910e-01  1.6641116e+01         -inf  6.89329e+05  1.66411e+01  1.66411e+01
8.217965809e-01  1.6533255e+01         -inf  6.89329e+05  1.65333e+01  1.65333e+01
8.250837672e-01  1.6395765e+01         -inf  6.89329e+05  1.63958e+01  1.63958e+01
8.283841023e-01  1.6293015e+01         -inf  6.89329e+05  1.62930e+01  1.62930e+01
8.316976387e-01  1.6226635e+01         -inf  6.89329e+05  1.62266e+01  1.62266e+01
8.350244293e-01  1.6187080e+01         -inf  6.89329e+05  1.61871e+01  1.61871e+01
8.383645270e-01  1.6165370e+01         -inf  6.89329e+05  1.61654e+01  1.61654e+01
8.417179851e-01  1.6155860e+01         -inf  6.89329e+05  1.61559e+01  1.61559e+01
8.450848570e-01  1.6162074e+01         -inf  6.89329e+05  1.61621e+01  1.61621e+01
8.484651965e-01  1.6197272e+01         -inf  6.89329e+05  1.61973e+01  1.61973e+01
8.518590573e-01  1.6274753e+01         -inf  6.89329e+05  1.62748e+01  1.62748e+01
8.552664935e-01  1.6276609e+01         -inf  6.89329e+05  1.62766e+01  1.62766e+01
8.586875595e-01  1.6202273e+01         -inf  6.89329e+05  1.62023e+01  1.62023e+01
8.621223097e-01  1.6108234e+01         -inf  6.89329e+05  1.61082e+01  1.61082e+01
8.655707989e-01  1.6024613e+01         -inf  6.89329e+05  1.60246e+01  1.60246e+01
8.690330821e-01  1.5967855e+01         -inf  6.89329e+05  1.59679e+01  1.59679e+01
8.725092145e-01  1.5925191e+01         -inf  6.89329e+05  1.59252e+01  1.59252e+01
8.759992513e-01  1.5900335e+01         -inf  6.89329e+05  1.59003e+01  1.59003e+01
8.795032483e-01  1.5889764e+01         -inf  6.89329e+05  1.58898e+01  1.58898e+01
8.830212613e-01  1.5891886e+01         -inf  6.89329e+05  1.58919e+01  1.58919e+01
8.865533464e-01  1.5895902e+01         -inf  6.89329e+05  1.58959e+01  1.58959e+01
8.900995597e-01  1.5887188e+01         -inf  6.89329e+05  1.58872e+01  1.58872e+01
8.936599580e-01  1.5871046e+01         -inf  6.89329e+05  1.58710e+01  1.58710e+01
8.972345978e-01  1.5888438e+01         -inf  6.89329e+05  1.58884e+01  1.58884e+01
9.008235362e-01  1.5865439e+01         -inf  6.89329e+05  1.58654e+01  1.58654e+01
9.044268304e-01  1.5811786e+01         -inf  6.89329e+05  1.58118e+01  1.58118e+01
9.080445377e-01  1.5763551e+01         -inf  6.89329e+05  1.57636e+01  1.57636e+01
9.116767158e-01  1.5727631e+01         -inf  6.89329e+05  1.57276e+01  1.57276e+01
9.153234227e-01  1.5701562e+01         -inf  6.89329e+05  1.57016e+01  1.57016e+01
9.189847164e-01  1.5682957e+01         -inf  6.89329e+05  1.56830e+01  1.56830e+01
9.226606552e-01  1.5669733e+01         -inf  6.89329e+05  1.56697e+01  1.56697e+01
9.263512979e-01  1.5658820e+01         -inf  6.89329e+05  1.56588e+01  1.56588e+01
9.300567031e-01  1.5648893e+01         -inf  6.89329e+05  1.56489e+01  1.56489e+01
9.337769299e-01  1.5635214e+01         -inf  6.89329e+05  1.56352e+01  1.56352e+01
9.375120376e-01  1.5638056e+01         -inf  6.89329e+05  1.56381e+01  1.56381e+01
9.412620857e-01  1.5664504e+01         -inf  6.89329e+05  1.56645e+01  1.56645e+01
9.450271341e-01  1.5675568e+01         -inf  6.89329e+05  1.56756e+01  1.56756e+01
9.488072426e-01  1.5626272e+01         -inf  6.89329e+05  1.56263e+01  1.56263e+01
9.526024716e-01  1.5582772e+01         -inf  6.89329e+05  1.55828e+01  1.55828e+01
9.564128815e-01  1.5563220e+01         -inf  6.89329e+05  1.55632e+01  1.55632e+01
9.602385330e-01  1.5542682e+01         -inf  6.89329e+05  1.55427e+01  1.55427e+01
9.640794871e-01  1.5528018e+01         -inf  6.89329e+05  1.55280e+01  1.55280e+01
9.679358051e-01  1.5513013e+01         -inf  6.89329e+05  1.55130e+01  1.55130e+01
9.718075483e-01  1.5497818e+01         -inf  6.89329e+05  1.54978e+01  1.54978e+01
9.756947785e-01  1.5485086e+01         -inf  6.89329e+05  1.54851e+01  1.54851e+01
9.795975576e-01  1.5474590e+01         -inf  6.89329e+05  1.54746e+01  1.54746e+01
9.835159478e-01  1.5467125e+01         -inf  6.89329e+05  1.54671e+01  1.54671e+01
9.874500116e-01  1.5471293e+01         -inf  6.89329e+05  1.54713e+01  1.54713e+01
9.913998117e-01  1.5511421e+01         -inf  6.89329e+05  1.55114e+01  1.55114e+01
9.953654109e-01  1.5483154e+01         -inf  6.89329e+05  1.54832e+01  1.54832e+01
9.993468726e-01  1.5443063e+01         -inf  6.89329e+05  1.54431e+01  1.54431e+01
1.003344260e+00  1.5423321e+01         -inf  6.89329e+05  1.54233e+01  1.54233e+01
1.007357637e+00  1.5410248e+01         -inf  6.89329e+05  1.54102e+01  1.54102e+01
1.011387068e+00  1.5399487e+01         -inf  6.89329e+05  1.53995e+01  1.53995e+01
1.015432616e+00  1.5389710e+01         -inf  6.89329e+05  1.53897e+01  1.53897e+01
1.019494346e+00  1.5380010e+01         -inf  6.89329e+05  1.53800e+01  1.53800e+01
1.023572324e+00  1.5370802e+01         -inf  6.89329e+05  1.53708e+01  1.53708e+01
1.027666613e+00  1.5361935e+01         -inf  6.89329e+05  1.53619e+01  1.53619e+01
1.031777280e+00  1.5353484e+01         -inf  6.89329e+05  1.53535e+01  1.53535e+01
1.035904389e+00  1.5350301e+01         -inf  6.89329e+05  1.53503e+01  1.53503e+01
1.040048006e+00  1.5347876e+01         -inf  6.89329e+05  1.53479e+01  1.53479e+01
1.044208198e+00  1.5337759e+01         -inf  6.89329e+05  1.53378e+01  1.53378e+01
1.048385031e+00  1.5348520e+01         -inf  6.89329e+05  1.53485e+01  1.53485e+01
1.052578571e+00  1.5345148e+01         -inf  6.89329e+05  1.53451e+01  1.53451e+01
1.056788885e+00  1.5311347e+01         -inf  6.89329e+05  1.53113e+01  1.53113e+01
1.061016041e+00  1.5302632e+01         -inf  6.89329e+05  1.53026e+01  1.53026e+01
1.065260105e+00  1.5303503e+01         -inf  6.89329e+05  1.53035e+01  1.53035e+01
1.069521146e+00  1.5290013e+01         -inf  6.89329e+05  1.52900e+01  1.52900e+01
1.073799230e+00  1.5278569e+01         -inf  6.89329e+05  1.52786e+01  1.52786e+01
1.078094427e+00  1.5270308e+01         -inf  6.89329e+05  1.52703e+01  1.52703e+01
1.082406805e+00  1.5262881e+01         -inf  6.89329e+05  1.52629e+01  1.52629e+01
1.086736432e+00  1.5255947e+01         -inf  6.89329e+05  1.52559e+01  1.52559e+01
1.091083378e+00  1.5249656e+01         -inf  6.89329e+05  1.52497e+01  1.52497e+01
1.095447711e+00  1.5243480e+01         -inf  6.89329e+05  1.52435e+01  1.52435e+01
1.099829502e+00  1.5236128e+01         -inf  6.89329e+05  1.52361e+01  1.52361e+01
1.104228820e+00  1.5229535e+01         -inf  6.89329e+05  1.52295e+01  1.52295e+01
1.108645735e+00  1.5224078e+01         -inf  6.89329e+05  1.52241e+01  1.52241e+01
1.113080318e+00  1.5221994e+01         -inf  6.89329e+05  1.52220e+01  1.52220e+01
1.117532640e+00  1.5219265e+01         -inf  6.89329e+05  1.52193e+01  1.52193e+01
1.122002770e+00  1.5220364e+01         -inf  6.89329e+05  1.52204e+01  1.52204e+01
1.126490781e+00  1.5225821e+01         -inf  6.89329e+05  1.52258e+01  1.52258e+01
1.130996744e+00  1.5220895e+01         -inf  6.89329e+05  1.52209e+01  1.52209e+01
1.135520731e+00  1.5221084e+01         -inf  6.89329e+05  1.52211e+01  1.52211e+01
1.140062814e+00  1.5197476e+01         -inf  6.89329e+05  1.51975e+01  1.51975e+01
1.144623065e+00  1.5191716e+01         -inf  6.89329e+05  1.51917e+01  1.51917e+01
1.149201558e+00  1.5197552e+01         -inf  6.89329e+05  1.51976e+01  1.51976e+01
1.153798364e+00  1.5217863e+01         -inf  6.89329e+05  1.52179e+01  1.52179e+01
1.158413557e+00  1.5202516e+01         -inf  6.89329e+05  1.52025e+01  1.52025e+01
1.163047212e+00  1.5218015e+01         -inf  6.89329e+05  1.52180e+01  1.52180e+01
1.167699401e+00  1.5192702e+01         -inf  6.89329e+05  1.51927e+01  1.51927e+01
1.172370198e+00  1.5174550e+01         -inf  6.89329e+05  1.51746e+01  1.51746e+01
1.177059679e+00  1.5159014e+01         -inf  6.89329e+05  1.51590e+01  1.51590e+01
1.181767918e+00  1.5149237e+01         -inf  6.89329e+05  1.51492e+01  1.51492e+01
1.186494989e+00  1.5142113e+01         -inf  6.89329e+05  1.51421e+01  1.51421e+01
1.191240969e+00  1.5135027e+01         -inf  6.89329e+05  1.51350e+01  1.51350e+01
1.196005933e+00  1.5125629e+01         -inf  6.89329e+05  1.51256e+01  1.51256e+01
1.200789957e+00  1.5187434e+01         -inf  6.89329e+05  1.51874e+01  1.51874e+01
1.205593117e+00  1.5503085e+01         -inf  6.89329e+05  1.55031e+01  1.55031e+01
1.210415489e+00  1.5271407e+01         -inf  6.89329e+05  1.52714e+01  1.52714e+01
1.215257151e+00  1.5150525e+01         -inf  6.89329e+05  1.51505e+01  1.51505e+01
1.220118180e+00  1.5414720e+01         -inf  6.89329e+05  1.54147e+01  1.54147e+01
1.224998652e+00  1.5228853e+01         -inf  6.89329e+05  1.52289e+01  1.52289e+01
1.229898647e+00  1.5110509e+01         -inf  6.89329e+05  1.51105e+01  1.51105e+01
1.234818242e+00  1.5101566e+01         -inf  6.89329e+05  1.51016e+01  1.51016e+01
1.239757515e+00  1.5089288e+01         -inf  6.89329e+05  1.50893e+01  1.50893e+01
1.244716545e+00  1.5081216e+01         -inf  6.89329e+05  1.50812e+01  1.50812e+01
1.249695411e+00  1.5088265e+01         -inf  6.89329e+05  1.50883e+01  1.50883e+01
1.254694192e+00  1.5116003e+01         -inf  6.89329e+05  1.51160e+01  1.51160e+01
1.259712969e+00  1.5227754e+01         -inf  6.89329e+05  1.52278e+01  1.52278e+01
1.264751821e+00  1.5474666e+01         -inf  6.89329e+05  1.54747e+01  1.54747e+01
1.269810828e+00  1.5804056e+01         -inf  6.89329e+05  1.58041e+01  1.58041e+01
1.274890072e+00  1.5243896e+01         -inf  6.89329e+05  1.52439e+01  1.52439e+01
1.279989632e+00  1.5117368e+01         -inf  6.89329e+05  1.51174e+01  1.51174e+01
1.285109591e+00  1.5062989e+01         -inf  6.89329e+05  1.50630e+01  1.50630e+01
1.290250029e+00  1.5080079e+01         -inf  6.89329e+05  1.50801e+01  1.50801e+01
1.295411029e+00  1.5071288e+01         -inf  6.89329e+05  1.50713e+01  1.50713e+01
1.300592673e+00  1.5039721e+01         -inf  6.89329e+05  1.50397e+01  1.50397e+01
1.305795044e+00  1.5035250e+01         -inf  6.89329e+05  1.50352e+01  1.50352e+01
1.311018224e+00  1.5054614e+01         -inf  6.89329e+05  1.50546e+01  1.50546e+01
1.316262297e+00  1.5151700e+01         -inf  6.89329e+05  1.51517e+01  1.51517e+01
1.321527346e+00  1.5106265e+01         -inf  6.89329e+05  1.51063e+01  1.51063e+01
1.326813455e+00  1.5042639e+01         -inf  6.89329e+05  1.50426e+01  1.50426e+01
1.332120709e+00  1.5107856e+01         -inf  6.89329e+05  1.51079e+01  1.51079e+01
1.337449192e+00  1.5088568e+01         -inf  6.89329e+05  1.50886e+01  1.50886e+01
1.342798989e+00  1.5103991e+01         -inf  6.89329e+05  1.51040e+01  1.51040e+01
1.348170185e+00  1.5057911e+01         -inf  6.89329e+05  1.50579e+01  1.50579e+01
1.353562866e+00  1.5058934e+01         -inf  6.89329e+05  1.50589e+01  1.50589e+01
1.358977117e+00  1.5072008e+01         -inf  6.89329e+05  1.50720e+01  1.50720e+01
1.364413026e+00  1.5066665e+01         -inf  6.89329e+05  1.50667e+01  1.50667e+01
1.369870678e+00  1.5059616e+01         -inf  6.89329e+05  1.50596e+01  1.50596e+01
1.375350160e+00  1.5065225e+01         -inf  6.89329e+05  1.50652e+01  1.50652e+01
1.380851561e+00  1.5067574e+01         -inf  6.89329e+05  1.50676e+01  1.50676e+01
1.386374967e+00  1.5067385e+01         -inf  6.89329e+05  1.50674e+01  1.50674e+01
1.391920467e+00  1.5058441e+01         -inf  6.89329e+05  1.50584e+01  1.50584e+01
1.397488149e+00  1.5053894e+01         -inf  6.89329e+05  1.50539e+01  1.50539e+01
1.403078102e+00  1.5054766e+01         -inf  6.89329e+05  1.50548e+01  1.50548e+01
1.408690414e+00  1.5049574e+01         -inf  6.89329e+05  1.50496e+01  1.50496e+01
1.414325176e+00  1.5018273e+01         -inf  6.89329e+05  1.50183e+01  1.50183e+01
1.419982476e+00  1.5004062e+01         -inf  6.89329e+05  1.50041e+01  1.50041e+01
1.425662406e+00  1.4996331e+01         -inf  6.89329e+05  1.49963e+01  1.49963e+01
1.431365056e+00  1.7031970e+01         -inf  6.89329e+05  1.70320e+01  1.70320e+01
1.437090516e+00  1.6516017e+01         -inf  6.89329e+05  1.65160e+01  1.65160e+01
1.442838878e+00  1.5808603e+01         -inf  6.89329e+05  1.58086e+01  1.58086e+01
1.448610234e+00  1.5186790e+01         -inf  6.89329e+05  1.51868e+01  1.51868e+01
1.454404675e+00  1.4984318e+01         -inf  6.89329e+05  1.49843e+01  1.49843e+01
1.460222293e+00  1.4964196e+01         -inf  6.89329e+05  1.49642e+01  1.49642e+01
1.466063182e+00  1.4960217e+01         -inf  6.89329e+05  1.49602e+01  1.49602e+01
1.471927435e+00  1.5120589e+01         -inf  6.89329e+05  1.51206e+01  1.51206e+01
1.477815145e+00  1.5085726e+01         -inf  6.89329e+05  1.50857e+01  1.50857e+01
1.483726405e+00  1.4986895e+01         -inf  6.89329e+05  1.49869e+01  1.49869e+01
1.489661311e+00  1.4958322e+01         -inf  6.89329e+05  1.49583e+01  1.49583e+01
1.495619956e+00  1.4991708e+01         -inf  6.89329e+05  1.49917e+01  1.49917e+01
1.501602436e+00  1.4965674e+01         -inf  6.89329e+05  1.49657e+01  1.49657e+01
1.507608846e+00  1.4944225e+01         -inf  6.89329e+05  1.49442e+01  1.49442e+01
1.513639281e+00  1.4943050e+01         -inf  6.89329e+05  1.49431e+01  1.49431e+01
1.519693838e+00  1.4943922e+01         -inf  6.89329e+05  1.49439e+01  1.49439e+01
1.525772614e+00  1.4979809e+01         -inf  6.89329e+05  1.49798e+01  1.49798e+01
1.531875704e+00  1.5145978e+01         -inf  6.89329e+05  1.51460e+01  1.51460e+01
1.538003207e+00  1.5232869e+01         -inf  6.89329e+05  1.52329e+01  1.52329e+01
1.544155220e+00  1.5092850e+01         -inf  6.89329e+05  1.50928e+01  1.50928e+01
1.550331841e+00  1.4936040e+01         -inf  6.89329e+05  1.49360e+01  1.49360e+01
1.556533168e+00  1.4931757e+01         -inf  6.89329e+05  1.49318e+01  1.49318e+01
1.562759301e+00  1.4934941e+01         -inf  6.89329e+05  1.49349e+01  1.49349e+01
1.569010338e+00  1.5594367e+01         -inf  6.89329e+05  1.55944e+01  1.55944e+01
1.575286379e+00  1.6055038e+01         -inf  6.89329e+05  1.60550e+01  1.60550e+01
1.581587525e+00  1.5541356e+01         -inf  6.89329e+05  1.55414e+01  1.55414e+01
1.587913875e+00  1.4983409e+01         -inf  6.89329e+05  1.49834e+01  1.49834e+01
1.594265530e+00  1.4969577e+01         -inf  6.89329e+05  1.49696e+01  1.49696e+01
1.600642593e+00  1.5967817e+01         -inf  6.89329e+05  1.59678e+01  1.59678e+01
1.607045163e+00  1.5976911e+01         -inf  6.89329e+05  1.59769e+01  1.59769e+01
1.613473344e+00  1.5488459e+01         -inf  6.89329e+05  1.54885e+01  1.54885e+01
1.619927237e+00  1.5014369e+01         -inf  6.89329e+05  1.50144e+01  1.50144e+01
1.626406946e+00  1.4981514e+01         -inf  6.89329e+05  1.49815e+01  1.49815e+01
1.632912574e+00  1.5051166e+01         -inf  6.89329e+05  1.50512e+01  1.50512e+01
1.639444224e+00  1.5220289e+01         -inf  6.89329e+05  1.52203e+01  1.52203e+01
1.646002001e+00  1.5260380e+01         -inf  6.89329e+05  1.52604e+01  1.52604e+01
1.652586009e+00  1.5181068e+01         -inf  6.89329e+05  1.51811e+01  1.51811e+01
1.659196353e+00  1.4999818e+01         -inf  6.89329e+05  1.49998e+01  1.49998e+01
1.665833138e+00  1.5369248e+01         -inf  6.89329e+05  1.53692e+01  1.53692e+01
1.672496471e+00  1.4988563e+01         -inf  6.89329e+05  1.49886e+01  1.49886e+01
1.679186457e+00  1.5019031e+01         -inf  6.89329e+05  1.50190e+01  1.50190e+01
1.685903203e+00  1.5018727e+01         -inf  6.89329e+05  1.50187e+01  1.50187e+01
1.692646815e+00  1.5015544e+01         -inf  6.89329e+05  1.50155e+01  1.50155e+01
1.699417403e+00  1.5024412e+01         -inf  6.89329e+05  1.50244e+01  1.50244e+01
1.706215072e+00  1.5151397e+01         -inf  6.89329e+05  1.51514e+01  1.51514e+01
1.713039933e+00  1.5027898e+01         -inf  6.89329e+05  1.50279e+01  1.50279e+01
1.719892092e+00  1.5011148e+01         -inf  6.89329e+05  1.50111e+01  1.50111e+01
1.726771661e+00  1.5104825e+01         -inf  6.89329e+05  1.51048e+01  1.51048e+01
1.733678747e+00  1.5003001e+01         -inf  6.89329e+05  1.50030e+01  1.50030e+01
1.740613462e+00  1.4963969e+01         -inf  6.89329e+05  1.49640e+01  1.49640e+01
1.747575916e+00  1.4938768e+01         -inf  6.89329e+05  1.49388e+01  1.49388e+01
1.754566220e+00  1.4932667e+01         -inf  6.89329e+05  1.49327e+01  1.49327e+01
1.761584485e+00  1.4932894e+01         -inf  6.89329e+05  1.49329e+01  1.49329e+01
1.768630823e+00  1.4975413e+01         -inf  6.89329e+05  1.49754e+01  1.49754e+01
1.775705346e+00  1.5011717e+01         -inf  6.89329e+05  1.50117e+01  1.50117e+01
1.782808167e+00  1.4961430e+01         -inf  6.89329e+05  1.49614e+01  1.49614e+01
1.789939400e+00  1.5058896e+01         -inf  6.89329e+05  1.50589e+01  1.50589e+01
1.797099158e+00  1.4945172e+01         -inf  6.89329e+05  1.49452e+01  1.49452e+01
1.804287554e+00  1.4946612e+01         -inf  6.89329e+05  1.49466e+01  1.49466e+01
1.811504704e+00  1.4947522e+01         -inf  6.89329e+05  1.49475e+01  1.49475e+01
1.818750723e+00  1.4928953e+01         -inf  6.89329e+05  1.49290e+01  1.49290e+01
1.826025726e+00  1.4908982e+01         -inf  6.89329e+05  1.49090e+01  1.49090e+01
1.833329829e+00  1.4905609e+01         -inf  6.89329e+05  1.49056e+01  1.49056e+01
1.840663148e+00  1.4909626e+01         -inf  6.89329e+05  1.49096e+01  1.49096e+01
1.848025801e+00  1.4906253e+01         -inf  6.89329e+05  1.49063e+01  1.49063e+01
1.855417904e+00  1.4903942e+01         -inf  6.89329e+05  1.49039e+01  1.49039e+01
1.862839576e+00  1.4900039e+01         -inf  6.89329e+05  1.49000e+01  1.49000e+01
1.870290934e+00  1.4921601e+01         -inf  6.89329e+05  1.49216e+01  1.49216e+01
1.877772098e+00  1.5258864e+01         -inf  6.89329e+05  1.52589e+01  1.52589e+01
1.885283186e+00  1.5268641e+01         -inf  6.89329e+05  1.52686e+01  1.52686e+01
1.892824319e+00  1.4953055e+01         -inf  6.89329e+05  1.49531e+01  1.49531e+01
1.900395616e+00  1.4900266e+01         -inf  6.89329e+05  1.49003e+01  1.49003e+01
1.907997199e+00  1.4893634e+01         -inf  6.89329e+05  1.48936e+01  1.48936e+01
1.915629188e+00  1.4886282e+01         -inf  6.89329e+05  1.48863e+01  1.48863e+01
1.923291704e+00  1.4882417e+01         -inf  6.89329e+05  1.48824e+01  1.48824e+01
1.930984871e+00  1.4880977e+01         -inf  6.89329e+05  1.48810e+01  1.48810e+01
1.938708811e+00  1.5026382e+01         -inf  6.89329e+05  1.50264e+01  1.50264e+01
1.946463646e+00  1.6586561e+01         -inf  6.89329e+05  1.65866e+01  1.65866e+01
1.954249500e+00  2.0156609e+01         -inf  6.89329e+05  2.01566e+01  2.01566e+01
1.962066498e+00  1.9380222e+01         -inf  6.89329e+05  1.93802e+01  1.93802e+01
1.969914764e+00  1.8121285e+01         -inf  6.89329e+05  1.81213e+01  1.81213e+01
1.977794423e+00  1.5767871e+01         -inf  6.89329e+05  1.57679e+01  1.57679e+01
1.985705601e+00  1.5231164e+01         -inf  6.89329e+05  1.52312e+01  1.52312e+01
1.993648424e+00  1.5913445e+01         -inf  6.89329e+05  1.59134e+01  1.59134e+01
2.001623017e+00  2.2600081e+01         -inf  6.89329e+05  2.26001e+01  2.26001e+01
2.009629509e+00  2.3032808e+01         -inf  6.89329e+05  2.30328e+01  2.30328e+01
2.017668027e+00  2.1409808e+01         -inf  6.89329e+05  2.14098e+01  2.14098e+01
2.025738699e+00  1.7308549e+01         -inf  6.89329e+05  1.73085e+01  1.73085e+01
2.033841654e+00  1.6535074e+01         -inf  6.89329e+05  1.65351e+01  1.65351e+01
2.041977021e+00  1.6698588e+01         -inf  6.89329e+05  1.66986e+01  1.66986e+01
2.050144929e+00  1.8504927e+01         -inf  6.89329e+05  1.85049e+01  1.85049e+01
2.058345509e+00  1.8812309e+01         -inf  6.89329e+05  1.88123e+01  1.88123e+01
2.066578891e+00  1.8417247e+01         -inf  6.89329e+05  1.84172e+01  1.84172e+01
2.074845206e+00  1.7142929e+01         -inf  6.89329e+05  1.71429e+01  1.71429e+01
2.083144587e+00  1.6368373e+01         -inf  6.89329e+05  1.63684e+01  1.63684e+01
2.091477165e+00  1.5806292e+01         -inf  6.89329e+05  1.58063e+01  1.58063e+01
2.099843074e+00  1.5362730e+01         -inf  6.89329e+05  1.53627e+01  1.53627e+01
2.108242446e+00  1.5209867e+01         -inf  6.89329e+05  1.52099e+01  1.52099e+01
2.116675416e+00  1.5104104e+01         -inf  6.89329e+05  1.51041e+01  1.51041e+01
2.125142118e+00  1.4957412e+01         -inf  6.89329e+05  1.49574e+01  1.49574e+01
2.133642686e+00  1.4910801e+01         -inf  6.89329e+05  1.49108e+01  1.49108e+01
2.142177257e+00  1.5014293e+01         -inf  6.89329e+05  1.50143e+01  1.50143e+01
2.150745966e+00  1.5194710e+01         -inf  6.89329e+05  1.51947e+01  1.51947e+01
2.159348950e+00  1.5161818e+01         -inf  6.89329e+05  1.51618e+01  1.51618e+01
2.167986346e+00  1.5114487e+01         -inf  6.89329e+05  1.51145e+01  1.51145e+01
2.176658291e+00  1.5054689e+01         -inf  6.89329e+05  1.50547e+01  1.50547e+01
2.185364924e+00  1.4943883e+01         -inf  6.89329e+05  1.49439e+01  1.49439e+01
2.194106384e+00  1.5002280e+01         -inf  6.89329e+05  1.50023e+01  1.50023e+01
2.202882810e+00  1.5515665e+01         -inf  6.89329e+05  1.55157e+01  1.55157e+01
2.211694341e+00  1.4955858e+01         -inf  6.89329e+05  1.49559e+01  1.49559e+01
2.220541118e+00  1.5092925e+01         -inf  6.89329e+05  1.50929e+01  1.50929e+01
2.229423283e+00  1.5207707e+01         -inf  6.89329e+05  1.52077e+01  1.52077e+01
2.238340976e+00  1.5267314e+01         -inf  6.89329e+05  1.52673e+01  1.52673e+01
2.247294340e+00  1.5396720e+01         -inf  6.89329e+05  1.53967e+01  1.53967e+01
2.256283517e+00  1.5480121e+01         -inf  6.89329e+05  1.54801e+01  1.54801e+01
2.265308651e+00  1.5563522e+01         -inf  6.89329e+05  1.55635e+01  1.55635e+01
2.274369886e+00  1.5729600e+01         -inf  6.89329e+05  1.57296e+01  1.57296e+01
2.283467365e+00  1.5733124e+01         -inf  6.89329e+05  1.57331e+01  1.57331e+01
2.292601235e+00  1.5940611e+01         -inf  6.89329e+05  1.59406e+01  1.59406e+01
2.301771640e+00  1.6221860e+01         -inf  6.89329e+05  1.62219e+01  1.62219e+01
2.310978726e+00  1.5404335e+01         -inf  6.89329e+05  1.54043e+01  1.54043e+01
2.320222641e+00  1.6121190e+01         -inf  6.89329e+05  1.61212e+01  1.61212e+01
2.329503532e+00  1.5716641e+01         -inf  6.89329e+05  1.57166e+01  1.57166e+01
2.338821546e+00  1.6054165e+01         -inf  6.89329e+05  1.60542e+01  1.60542e+01
2.348176832e+00  1.6294793e+01         -inf  6.89329e+05  1.62948e+01  1.62948e+01
2.357569539e+00  1.5837095e+01         -inf  6.89329e+05  1.58371e+01  1.58371e+01
2.366999817e+00  1.6000589e+01         -inf  6.89329e+05  1.60006e+01  1.60006e+01
2.376467817e+00  1.6062500e+01         -inf  6.89329e+05  1.60625e+01  1.60625e+01
2.385973688e+00  1.5478149e+01         -inf  6.89329e+05  1.54781e+01  1.54782e+01
2.395517583e+00  1.5497436e+01         -inf  6.89329e+05  1.54974e+01  1.54974e+01
2.405099653e+00  1.5220778e+01         -inf  6.89329e+05  1.52208e+01  1.52208e+01
2.414720052e+00  1.5058248e+01         -inf  6.89329e+05  1.50582e+01  1.50583e+01
2.424378932e+00  1.5196260e+01         -inf  6.89329e+05  1.51963e+01  1.51963e+01
2.434076448e+00  1.5027060e+01         -inf  6.89329e+05  1.50271e+01  1.50271e+01
2.443812753e+00  1.4963433e+01         -inf  6.89329e+05  1.49634e+01  1.49634e+01
2.453588004e+00  1.4931714e+01         -inf  6.89329e+05  1.49317e+01  1.49317e+01
2.463402356e+00  1.4896736e+01         -inf  6.89329e+05  1.48967e+01  1.48967e+01
2.473255966e+00  1.4942286e+01         -inf  6.89329e+05  1.49423e+01  1.49423e+01
2.483148990e+00  1.5818297e+01         -inf  6.89329e+05  1.58183e+01  1.58183e+01
2.493081586e+00  1.5515355e+01         -inf  6.89329e+05  1.55154e+01  1.55154e+01
2.503053912e+00  1.5271969e+01         -inf  6.89329e+05  1.52720e+01  1.52720e+01
2.513066128e+00  1.5024215e+01         -inf  6.89329e+05  1.50242e+01  1.50242e+01
2.523118392e+00  1.4928567e+01         -inf  6.89329e+05  1.49286e+01  1.49286e+01
2.533210866e+00  1.4901093e+01         -inf  6.89329e+05  1.49011e+01  1.49011e+01
2.543343709e+00  1.4881956e+01         -inf  6.89329e+05  1.48820e+01  1.48820e+01
2.553517084e+00  1.4932965e+01         -inf  6.89329e+05  1.49330e+01  1.49330e+01
2.563731152e+00  1.5117743e+01         -inf  6.89329e+05  1.51177e+01  1.51177e+01
2.573986077e+00  1.5108611e+01         -inf  6.89329e+05  1.51086e+01  1.51086e+01
2.584282021e+00  1.5223923e+01         -inf  6.89329e+05  1.52239e+01  1.52239e+01
2.594619149e+00  1.5351966e+01         -inf  6.89329e+05  1.53520e+01  1.53520e+01
2.604997626e+00  1.5268638e+01         -inf  6.89329e+05  1.52686e+01  1.52686e+01
2.615417616e+00  1.5267615e+01         -inf  6.89329e+05  1.52676e+01  1.52676e+01
2.625879287e+00  1.5115735e+01         -inf  6.89329e+05  1.51157e+01  1.51157e+01
2.636382804e+00  1.5036951e+01         -inf  6.89329e+05  1.50370e+01  1.50370e+01
2.646928335e+00  1.5012130e+01         -inf  6.89329e+05  1.50121e+01  1.50121e+01
2.657516049e+00  1.5593719e+01         -inf  6.89329e+05  1.55937e+01  1.55937e+01
2.668146113e+00  2.5238113e+01         -inf  6.89329e+05  2.52381e+01  2.52381e+01
2.678818697e+00  3.5961445e+01         -inf  6.89329e+05  3.59614e+01  3.59614e+01
2.689533972e+00  3.4754954e+01         -inf  6.89329e+05  3.47550e+01  3.47550e+01
2.700292108e+00  3.5666331e+01         -inf  6.89329e+05  3.56663e+01  3.56663e+01
2.711093276e+00  3.2012977e+01         -inf  6.89329e+05  3.20130e+01  3.20130e+01
2.721937650e+00  2.5442454e+01         -inf  6.89329e+05  2.54425e+01  2.54425e+01
2.732825400e+00  2.3526698e+01         -inf  6.89329e+05  2.35267e+01  2.35267e+01
2.743756702e+00  2.7854485e+01         -inf  6.89329e+05  2.78545e+01  2.78545e+01
2.754731729e+00  3.3965564e+01         -inf  6.89329e+05  3.39656e+01  3.39656e+01
2.765750655e+00  3.2786926e+01         -inf  6.89329e+05  3.27869e+01  3.27869e+01
2.776813658e+00  3.4712000e+01         -inf  6.89329e+05  3.47120e+01  3.47120e+01
2.787920913e+00  3.2166194e+01         -inf  6.89329e+05  3.21662e+01  3.21662e+01
2.799072596e+00  2.8140996e+01         -inf  6.89329e+05  2.81410e+01  2.81410e+01
2.810268887e+00  2.5626319e+01         -inf  6.89329e+05  2.56263e+01  2.56263e+01
2.821509962e+00  2.2989425e+01         -inf  6.89329e+05  2.29894e+01  2.29894e+01
2.832796002e+00  2.0018873e+01         -inf  6.89329e+05  2.00189e+01  2.00189e+01
2.844127186e+00  1.9923183e+01         -inf  6.89329e+05  1.99232e+01  1.99232e+01
2.855503695e+00  1.8277259e+01         -inf  6.89329e+05  1.82773e+01  1.82773e+01
2.866925710e+00  1.7367707e+01         -inf  6.89329e+05  1.73677e+01  1.73678e+01
2.878393413e+00  1.6504509e+01         -inf  6.89329e+05  1.65045e+01  1.65046e+01
2.889906986e+00  1.5972777e+01         -inf  6.89329e+05  1.59728e+01  1.59729e+01
2.901466614e+00  1.5328229e+01         -inf  6.89329e+05  1.53282e+01  1.53283e+01
2.913072481e+00  1.4976407e+01         -inf  6.89329e+05  1.49764e+01  1.49765e+01
2.924724770e+00  1.4894886e+01         -inf  6.89329e+05  1.48949e+01  1.48950e+01
2.936423670e+00  1.4858649e+01         -inf  6.89329e+05  1.48586e+01  1.48588e+01
2.948169364e+00  1.4896917e+01         -inf  6.89329e+05  1.48969e+01  1.48970e+01
2.959962042e+00  1.5134854e+01         -inf  6.89329e+05  1.51349e+01  1.51350e+01
2.971801890e+00  1.5325190e+01         -inf  6.89329e+05  1.53252e+01  1.53253e+01
2.983689097e+00  1.5452767e+01         -inf  6.89329e+05  1.54528e+01  1.54529e+01
2.995623854e+00  1.5080826e+01         -inf  6.89329e+05  1.50808e+01  1.50810e+01
3.007606349e+00  1.5060238e+01         -inf  6.89329e+05  1.50602e+01  1.50604e+01
3.019636775e+00  1.5063904e+01         -inf  6.89329e+05  1.50639e+01  1.50641e+01
3.031715322e+00  1.4896733e+01         -inf  6.89329e+05  1.48967e+01  1.48969e+01
3.043842183e+00  1.4858673e+01         -inf  6.89329e+05  1.48587e+01  1.48589e+01
3.056017552e+00  1.4862412e+01         -inf  6.89329e+05  1.48624e+01  1.48626e+01
3.068241622e+00  1.4849475e+01         -inf  6.89329e+05  1.48495e+01  1.48497e+01
3.080514588e+00  1.4842450e+01         -inf  6.89329e+05  1.48424e+01  1.48427e+01
3.092836647e+00  1.4841866e+01         -inf  6.89329e+05  1.48419e+01  1.48421e+01
3.105207993e+00  1.4856440e+01         -inf  6.89329e+05  1.48564e+01  1.48567e+01
3.117628825e+00  1.4987353e+01         -inf  6.89329e+05  1.49874e+01  1.49877e+01
3.130099341e+00  1.5579498e+01         -inf  6.89329e+05  1.55795e+01  1.55798e+01
3.142619738e+00  1.5260155e+01         -inf  6.89329e+05  1.52602e+01  1.52605e+01
3.155190217e+00  1.5426945e+01         -inf  6.89329e+05  1.54269e+01  1.54273e+01
3.167810978e+00  1.5297595e+01         -inf  6.89329e+05  1.52976e+01  1.52980e+01
3.180482222e+00  1.5831945e+01         -inf  6.89329e+05  1.58319e+01  1.58323e+01
3.193204151e+00  1.5818850e+01         -inf  6.89329e+05  1.58189e+01  1.58193e+01
3.205976967e+00  1.5971605e+01         -inf  6.89329e+05  1.59716e+01  1.59720e+01
3.218800875e+00  1.6550000e+01         -inf  6.89329e+05  1.65500e+01  1.65504e+01
3.231676079e+00  1.6249016e+01         -inf  6.89329e+05  1.62490e+01  1.62495e+01
3.244602783e+00  1.6837382e+01         -inf  6.89329e+05  1.68374e+01  1.68379e+01
3.257581194e+00  1.6889031e+01         -inf  6.89329e+05  1.68890e+01  1.68895e+01
3.270611519e+00  1.9750907e+01         -inf  6.89329e+05  1.97509e+01  1.97514e+01
3.283693965e+00  1.8608736e+01         -inf  6.89329e+05  1.86087e+01  1.86093e+01
3.296828741e+00  1.8321705e+01         -inf  6.89329e+05  1.83217e+01  1.83223e+01
3.310016056e+00  2.1586677e+01         -inf  6.89329e+05  2.15867e+01  2.15871e+01
3.323256120e+00  1.9456048e+01         -inf  6.89329e+05  1.94560e+01  1.94566e+01
3.336549144e+00  1.5854928e+01         -inf  6.89329e+05  1.58549e+01  1.58557e+01
3.349895341e+00  1.5853234e+01         -inf  6.89329e+05  1.58532e+01  1.58540e+01
3.363294922e+00  1.6870160e+01         -inf  6.89329e+05  1.68702e+01  1.68709e+01
3.376748102e+00  1.6740962e+01         -inf  6.89329e+05  1.67410e+01  1.67418e+01
3.390255094e+00  1.6823396e+01         -inf  6.89329e+05  1.68234e+01  1.68243e+01
3.403816115e+00  1.6641295e+01         -inf  6.89329e+05  1.66413e+01  1.66422e+01
3.417431379e+00  1.5906090e+01         -inf  6.89329e+05  1.59061e+01  1.59071e+01
3.431101105e+00  1.6032656e+01         -inf  6.89329e+05  1.60327e+01  1.60337e+01
3.444825509e+00  1.5864124e+01         -inf  6.89329e+05  1.58641e+01  1.58653e+01
3.458604811e+00  1.5603844e+01         -inf  6.89329e+05  1.56038e+01  1.56051e+01
3.472439231e+00  1.5908614e+01         -inf  6.89329e+05  1.59086e+01  1.59099e+01
3.486328987e+00  1.5795273e+01         -inf  6.89329e+05  1.57953e+01  1.57967e+01
3.500274303e+00  1.5429904e+01         -inf  6.89329e+05  1.54299e+01  1.54314e+01
3.514275401e+00  1.5104905e+01         -inf  6.89329e+05  1.51049e+01  1.51065e+01
3.528332502e+00  1.5339699e+01         -inf  6.89329e+05  1.53397e+01  1.53414e+01
3.542445832e+00  1.5939142e+01         -inf  6.89329e+05  1.59391e+01  1.59408e+01
3.556615616e+00  1.5334063e+01         -inf  6.89329e+05  1.53341e+01  1.53359e+01
3.570842078e+00  1.6964283e+01         -inf  6.89329e+05  1.69643e+01  1.69662e+01
3.585125446e+00  1.6403375e+01         -inf  6.89329e+05  1.64034e+01  1.64054e+01
3.599465948e+00  1.6080929e+01         -inf  6.89329e+05  1.60809e+01  1.60831e+01
3.613863812e+00  1.5983477e+01         -inf  6.89329e+05  1.59835e+01  1.59857e+01
3.628319267e+00  1.5523317e+01         -inf  6.89329e+05  1.55233e+01  1.55257e+01
3.642832544e+00  1.5536518e+01         -inf  6.89329e+05  1.55365e+01  1.55390e+01
3.657403874e+00  1.5136421e+01         -inf  6.89329e+05  1.51364e+01  1.51391e+01
3.672033490e+00  1.5165633e+01         -inf  6.89329e+05  1.51656e+01  1.51684e+01
3.686721624e+00  1.5186859e+01         -inf  6.89329e+05  1.51869e+01  1.51898e+01
3.701468510e+00  1.5032314e+01         -inf  6.89329e+05  1.50323e+01  1.50354e+01
3.716274384e+00  1.5086620e+01         -inf  6.89329e+05  1.50866e+01  1.50899e+01
3.731139482e+00  1.5126703e+01         -inf  6.89329e+05  1.51267e+01  1.51301e+01
3.746064040e+00  1.5036866e+01         -inf  6.89329e+05  1.50369e+01  1.50404e+01
3.761048296e+00  1.4988064e+01         -inf  6.89329e+05  1.49881e+01  1.49918e+01
3.776092489e+00  1.5007773e+01         -inf  6.89329e+05  1.50078e+01  1.50117e+01
3.791196859e+00  1.5150449e+01         -inf  6.89329e+05  1.51504e+01  1.51546e+01
3.806361647e+00  1.5251844e+01         -inf  6.89329e+05  1.52518e+01  1.52562e+01
3.821587093e+00  1.5107782e+01         -inf  6.89329e+05  1.51078e+01  1.51123e+01
3.836873442e+00  1.5277455e+01         -inf  6.89329e+05  1.52775e+01  1.52822e+01
3.852220935e+00  1.5396712e+01         -inf  6.89329e+05  1.53967e+01  1.54016e+01
3.867629819e+00  1.5847030e+01         -inf  6.89329e+05  1.58470e+01  1.58519e+01
3.883100338e+00  1.6292904e+01         -inf  6.89329e+05  1.62929e+01  1.62978e+01
3.898632740e+00  1.5891986e+01         -inf  6.89329e+05  1.58920e+01  1.58974e+01
3.914227271e+00  1.6136038e+01         -inf  6.89329e+05  1.61360e+01  1.61415e+01
3.929884180e+00  1.5946521e+01         -inf  6.89329e+05  1.59465e+01  1.59524e+01
3.945603716e+00  1.5664015e+01         -inf  6.89329e+05  1.56640e+01  1.56703e+01
3.961386131e+00  1.5517871e+01         -inf  6.89329e+05  1.55179e+01  1.55246e+01
3.977231676e+00  1.5694010e+01         -inf  6.89329e+05  1.56940e+01  1.57010e+01
3.993140603e+00  1.5710702e+01         -inf  6.89329e+05  1.57107e+01  1.57180e+01
4.009113165e+00  1.6002299e+01         -inf  6.89329e+05  1.60023e+01  1.60098e+01
4.025149618e+00  1.6357047e+01         -inf  6.89329e+05  1.63570e+01  1.63647e+01
4.041250216e+00  1.6774951e+01         -inf  6.89329e+05  1.67750e+01  1.67826e+01
4.057415217e+00  1.6902173e+01         -inf  6.89329e+05  1.69022e+01  1.69101e+01
4.073644878e+00  1.7329747e+01         -inf  6.89329e+05  1.73297e+01  1.73377e+01
4.089939457e+00  1.7673030e+01         -inf  6.89329e+05  1.76730e+01  1.76810e+01
4.106299215e+00  1.7858339e+01         -inf  6.89329e+05  1.78583e+01  1.78664e+01
4.122724412e+00  1.8087526e+01         -inf  6.89329e+05  1.80875e+01  1.80958e+01
4.139215310e+00  1.8329182e+01         -inf  6.89329e+05  1.83292e+01  1.83376e+01
4.155772171e+00  1.8547019e+01         -inf  6.89329e+05  1.85470e+01  1.85545e+01
4.172395260e+00  2.0521664e+01         -inf  6.89329e+05  2.05217e+01  2.05251e+01
4.189084841e+00  2.8035883e+01         -inf  6.89329e+05  2.80359e+01  2.80366e+01
4.205841180e+00  3.9651368e+01         -inf  6.89329e+05  3.96514e+01  3.96517e+01
4.222664545e+00  4.7869611e+01         -inf  6.89329e+05  4.78696e+01  4.78702e+01
4.239555203e+00  5.1145295e+01         -inf  6.89329e+05  5.11453e+01  5.11459e+01
4.256513424e+00  4.8986592e+01         -inf  6.89329e+05  4.89866e+01  4.89872e+01
4.273539477e+00  5.0939530e+01         -inf  6.89329e+05  5.09395e+01  5.09402e+01
4.290633635e+00  4.9617460e+01         -inf  6.89329e+05  4.96175e+01  4.96181e+01
4.307796170e+00  4.6982380e+01         -inf  6.89329e+05  4.69824e+01  4.69830e+01
4.325027355e+00  4.3641956e+01         -inf  6.89329e+05  4.36420e+01  4.36425e+01
4.342327464e+00  4.0957615e+01         -inf  6.89329e+05  4.09576e+01  4.09581e+01
4.359696774e+00  3.8787485e+01         -inf  6.89329e+05  3.87875e+01  3.87879e+01
4.377135561e+00  3.5803281e+01         -inf  6.89329e+05  3.58033e+01  3.58038e+01
4.394644103e+00  3.5222110e+01         -inf  6.89329e+05  3.52221e+01  3.52226e+01
4.412222680e+00  3.4172100e+01         -inf  6.89329e+05  3.41721e+01  3.41727e+01
4.429871570e+00  3.2014543e+01         -inf  6.89329e+05  3.20145e+01  3.20155e+01
4.447591057e+00  2.8148291e+01         -inf  6.89329e+05  2.81483e+01  2.81504e+01
4.465381421e+00  2.5169532e+01         -inf  6.89329e+05  2.51695e+01  2.51726e+01
4.483242946e+00  2.2750173e+01         -inf  6.89329e+05  2.27502e+01  2.27547e+01
4.501175918e+00  2.0740144e+01         -inf  6.89329e+05  2.07401e+01  2.07493e+01
4.519180622e+00  2.1274401e+01         -inf  6.89329e+05  2.12744e+01  2.12820e+01
4.537257344e+00  2.0476873e+01         -inf  6.89329e+05  2.04769e+01  2.04873e+01
4.555406374e+00  1.9362573e+01         -inf  6.89329e+05  1.93626e+01  1.93779e+01
4.573627999e+00  1.8277401e+01         -inf  6.89329e+05  1.82774e+01  1.82988e+01
4.591922511e+00  1.6993354e+01         -inf  6.89329e+05  1.69934e+01  1.70219e+01
4.610290201e+00  1.6304920e+01         -inf  6.89329e+05  1.63049e+01  1.63376e+01
4.628731362e+00  1.5822368e+01         -inf  6.89329e+05  1.58224e+01  1.58576e+01
4.647246288e+00  1.5571460e+01         -inf  6.89329e+05  1.55715e+01  1.56087e+01
4.665835273e+00  1.5400682e+01         -inf  6.89329e+05  1.54007e+01  1.54398e+01
4.684498614e+00  1.7340522e+01         -inf  6.89329e+05  1.73405e+01  1.73808e+01
4.703236608e+00  2.5491443e+01         -inf  6.89329e+05  2.54914e+01  2.55255e+01
4.722049555e+00  2.6002500e+01         -inf  6.89329e+05  2.60025e+01  2.60376e+01
4.740937753e+00  2.3948420e+01         -inf  6.89329e+05  2.39484e+01  2.39870e+01
4.759901504e+00  2.5120360e+01         -inf  6.89329e+05  2.51204e+01  2.51604e+01
4.778941110e+00  2.4367405e+01         -inf  6.89329e+05  2.43674e+01  2.44060e+01
4.798056874e+00  2.2693051e+01         -inf  6.89329e+05  2.26931e+01  2.27318e+01
4.817249102e+00  2.3282809e+01         -inf  6.89329e+05  2.32828e+01  2.33089e+01
4.836518098e+00  2.0927625e+01         -inf  6.89329e+05  2.09276e+01  2.09618e+01
4.855864171e+00  1.9735760e+01         -inf  6.89329e+05  1.97358e+01  1.97692e+01
4.875287627e+00  1.8368595e+01         -inf  6.89329e+05  1.83686e+01  1.84099e+01
4.894788778e+00  1.7175689e+01         -inf  6.89329e+05  1.71757e+01  1.72275e+01
4.914367933e+00  1.7140725e+01         -inf  6.89329e+05  1.71407e+01  1.71989e+01
4.934025405e+00  1.6107935e+01         -inf  6.89329e+05  1.61079e+01  1.61738e+01
4.953761506e+00  1.5853917e+01         -inf  6.89329e+05  1.58539e+01  1.59224e+01
4.973576552e+00  1.5469680e+01         -inf  6.89329e+05  1.54697e+01  1.55415e+01
4.993470859e+00  1.5225073e+01         -inf  6.89329e+05  1.52251e+01  1.53001e+01
5.013444742e+00  1.4990900e+01         -inf  6.89329e+05  1.49909e+01  1.50691e+01
5.033498521e+00  1.4909385e+01         -inf  6.89329e+05  1.49094e+01  1.49905e+01
5.053632515e+00  1.4863617e+01         -inf  6.89329e+05  1.48636e+01  1.49476e+01
5.073847045e+00  1.4913584e+01         -inf  6.89329e+05  1.49136e+01  1.49999e+01
5.094142433e+00  1.5025289e+01         -inf  6.89329e+05  1.50253e+01  1.51136e+01
5.114519003e+00  1.5012442e+01         -inf  6.89329e+05  1.50124e+01  1.51038e+01
5.134977079e+00  1.4875580e+01         -inf  6.89329e+05  1.48756e+01  1.49709e+01
5.155516987e+00  1.5079229e+01         -inf  6.89329e+05  1.50792e+01  1.51757e+01
5.176139055e+00  1.7575269e+01         -inf  6.89329e+05  1.75753e+01  1.76552e+01
5.196843612e+00  1.5801144e+01         -inf  6.89329e+05  1.58011e+01  1.58937e+01
5.217630986e+00  1.6274834e+01         -inf  6.89329e+05  1.62748e+01  1.63627e+01
5.238501510e+00  1.5877425e+01         -inf  6.89329e+05  1.58774e+01  1.59700e+01
5.259455516e+00  1.5581044e+01         -inf  6.89329e+05  1.55810e+01  1.56798e+01
5.280493338e+00  1.5175657e+01         -inf  6.89329e+05  1.51757e+01  1.52805e+01
5.301615311e+00  1.4979183e+01         -inf  6.89329e+05  1.49792e+01  1.50872e+01
5.322821773e+00  1.5083090e+01         -inf  6.89329e+05  1.50831e+01  1.51915e+01
5.344113060e+00  1.4950941e+01         -inf  6.89329e+05  1.49509e+01  1.50591e+01
5.365489512e+00  1.4975923e+01         -inf  6.89329e+05  1.49759e+01  1.50840e+01
5.386951470e+00  1.4991542e+01         -inf  6.89329e+05  1.49915e+01  1.50998e+01
5.408499276e+00  1.5027711e+01         -inf  6.89329e+05  1.50277e+01  1.51363e+01
5.430133273e+00  1.5062152e+01         -inf  6.89329e+05  1.50622e+01  1.51716e+01
5.451853806e+00  1.5097585e+01         -inf  6.89329e+05  1.50976e+01  1.52076e+01
5.473661221e+00  1.5236633e+01         -inf  6.89329e+05  1.52366e+01  1.53469e+01
5.495555866e+00  1.5414090e+01         -inf  6.89329e+05  1.54141e+01  1.55244e+01
5.517538090e+00  1.5483680e+01         -inf  6.89329e+05  1.54837e+01  1.55945e+01
5.539608242e+00  1.5373673e+01         -inf  6.89329e+05  1.53737e+01  1.54849e+01
5.561766675e+00  1.5112150e+01         -inf  6.89329e+05  1.51121e+01  1.52240e+01
5.584013742e+00  1.5228717e+01         -inf  6.89329e+05  1.52287e+01  1.53412e+01
5.606349797e+00  1.5315509e+01         -inf  6.89329e+05  1.53155e+01  1.54288e+01
5.628775196e+00  1.5241473e+01         -inf  6.89329e+05  1.52415e+01  1.53557e+01
5.651290297e+00  1.5122276e+01         -inf  6.89329e+05  1.51223e+01  1.52376e+01
5.673895458e+00  1.5083683e+01         -inf  6.89329e+05  1.50837e+01  1.51999e+01
5.696591040e+00  1.5048427e+01         -inf  6.89329e+05  1.50484e+01  1.51658e+01
5.719377404e+00  1.5492675e+01         -inf  6.89329e+05  1.54927e+01  1.56110e+01
5.742254913e+00  1.7407603e+01         -inf  6.89329e+05  1.74076e+01  1.75258e+01
5.765223933e+00  1.7162866e+01         -inf  6.89329e+05  1.71629e+01  1.72820e+01
5.788284829e+00  1.6325238e+01         -inf  6.89329e+05  1.63252e+01  1.64458e+01
5.811437968e+00  1.6435655e+01         -inf  6.89329e+05  1.64357e+01  1.65570e+01
5.834683720e+00  1.6762111e+01         -inf  6.89329e+05  1.67621e+01  1.68845e+01
5.858022455e+00  1.6440758e+01         -inf  6.89329e+05  1.64408e+01  1.65651e+01
5.881454545e+00  1.5951131e+01         -inf  6.89329e+05  1.59511e+01  1.60780e+01
5.904980363e+00  1.5506524e+01         -inf  6.89329e+05  1.55065e+01  1.56362e+01
5.928600284e+00  1.5217843e+01         -inf  6.89329e+05  1.52178e+01  1.53503e+01
5.952314685e+00  1.5086271e+01         -inf  6.89329e+05  1.50863e+01  1.52217e+01
5.976123944e+00  1.5008886e+01         -inf  6.89329e+05  1.50089e+01  1.51481e+01
6.000028440e+00  1.5011810e+01         -inf  6.89329e+05  1.50118e+01  1.51552e+01
6.024028554e+00  1.4998999e+01         -inf  6.89329e+05  1.49990e+01  1.51471e+01
6.048124668e+00  1.5026628e+01         -inf  6.89329e+05  1.50266e+01  1.51802e+01
6.072317167e+00  1.5046860e+01         -inf  6.89329e+05  1.50469e+01  1.52063e+01
6.096606435e+00  1.5054747e+01         -inf  6.89329e+05  1.50547e+01  1.52206e+01
6.120992861e+00  1.5086969e+01         -inf  6.89329e+05  1.50870e+01  1.52597e+01
6.145476832e+00  1.5080587e+01         -inf  6.89329e+05  1.50806e+01  1.52608e+01
6.170058740e+00  1.5108475e+01         -inf  6.89329e+05  1.51085e+01  1.52967e+01
6.194738975e+00  1.5110012e+01         -inf  6.89329e+05  1.51100e+01  1.53059e+01
6.219517931e+00  1.5121658e+01         -inf  6.89329e+05  1.51217e+01  1.53247e+01
6.244396002e+00  1.5106892e+01         -inf  6.89329e+05  1.51069e+01  1.53163e+01
6.269373586e+00  1.5060295e+01         -inf  6.89329e+05  1.50603e+01  1.52751e+01
6.294451081e+00  1.5126982e+01         -inf  6.89329e+05  1.51270e+01  1.53464e+01
6.319628885e+00  1.5066332e+01         -inf  6.89329e+05  1.50663e+01  1.52898e+01
6.344907401e+00  1.5146198e+01         -inf  6.89329e+05  1.51462e+01  1.53734e+01
6.370287030e+00  1.5116140e+01         -inf  6.89329e+05  1.51161e+01  1.53475e+01
6.395768178e+00  1.5180777e+01         -inf  6.89329e+05  1.51808e+01  1.54164e+01
6.421351251e+00  1.5227959e+01         -inf  6.89329e+05  1.52280e+01  1.54685e+01
6.447036656e+00  1.5275931e+01         -inf  6.89329e+05  1.52759e+01  1.55222e+01
6.472824803e+00  1.5352688e+01         -inf  6.89329e+05  1.53527e+01  1.56057e+01
6.498716102e+00  1.5724203e+01         -inf  6.89329e+05  1.57242e+01  1.59835e+01
6.524710966e+00  1.5198607e+01         -inf  6.89329e+05  1.51986e+01  1.54691e+01
6.550809810e+00  1.4966562e+01         -inf  6.89329e+05  1.49666e+01  1.52479e+01
6.577013049e+00  1.4928198e+01         -inf  6.89329e+05  1.49282e+01  1.52207e+01
6.603321102e+00  1.4893587e+01         -inf  6.89329e+05  1.48936e+01  1.51985e+01
6.629734386e+00  1.4855455e+01         -inf  6.89329e+05  1.48555e+01  1.51735e+01
6.656253324e+00  1.4867498e+01         -inf  6.89329e+05  1.48675e+01  1.51993e+01
6.682878337e+00  1.4801807e+01         -inf  6.89329e+05  1.48018e+01  1.51486e+01
6.709609850e+00  1.4765767e+01         -inf  6.89329e+05  1.47658e+01  1.51284e+01
6.736448290e+00  1.4785669e+01         -inf  6.89329e+05  1.47857e+01  1.51644e+01
6.763394083e+00  1.4670373e+01         -inf  6.89329e+05  1.46704e+01  1.50672e+01
6.790447659e+00  1.4843898e+01         -inf  6.89329e+05  1.48439e+01  1.52586e+01
6.817609450e+00  1.4677911e+01         -inf  6.89329e+05  1.46779e+01  1.51135e+01
6.844879888e+00  1.4646656e+01         -inf  6.89329e+05  1.46467e+01  1.51033e+01
6.872259407e+00  1.4616148e+01         -inf  6.89329e+05  1.46161e+01  1.50941e+01
6.899748445e+00  1.4662633e+01         -inf  6.89329e+05  1.46626e+01  1.51626e+01
6.927347438e+00  1.4533482e+01         -inf  6.89329e+05  1.45335e+01  1.50586e+01
6.955056828e+00  1.4437842e+01         -inf  6.89329e+05  1.44378e+01  1.49897e+01
6.982877056e+00  1.4471514e+01         -inf  6.89329e+05  1.44715e+01  1.50507e+01
7.010808564e+00  1.4435197e+01         -inf  6.89329e+05  1.44352e+01  1.50442e+01
7.038851798e+00  1.4340032e+01         -inf  6.89329e+05  1.43400e+01  1.49820e+01
7.067007205e+00  1.4305072e+01         -inf  6.89329e+05  1.43051e+01  1.49799e+01
7.095275234e+00  1.4263253e+01         -inf  6.89329e+05  1.42633e+01  1.49740e+01
7.123656335e+00  1.4209503e+01         -inf  6.89329e+05  1.42095e+01  1.49570e+01
7.152150960e+00  1.4220418e+01         -inf  6.89329e+05  1.42204e+01  1.50075e+01
7.180759564e+00  1.4227397e+01         -inf  6.89329e+05  1.42274e+01  1.50559e+01
7.209482602e+00  1.4349300e+01         -inf  6.89329e+05  1.43493e+01  1.52193e+01
7.238320533e+00  1.4497973e+01         -inf  6.89329e+05  1.44980e+01  1.54068e+01
7.267273815e+00  1.4738740e+01         -inf  6.89329e+05  1.47387e+01  1.56827e+01
7.296342910e+00  1.4670842e+01         -inf  6.89329e+05  1.46708e+01  1.56612e+01
7.325528282e+00  1.5126962e+01         -inf  6.89329e+05  1.51270e+01  1.61339e+01
7.354830395e+00  1.5704030e+01         -inf  6.89329e+05  1.57040e+01  1.67106e+01
7.384249717e+00  1.6407583e+01         -inf  6.89329e+05  1.64076e+01  1.73987e+01
7.413786715e+00  1.5943372e+01         -inf  6.89329e+05  1.59434e+01  1.70130e+01
7.443441862e+00  1.6648952e+01         -inf  6.89329e+05  1.66490e+01  1.77078e+01
7.473215630e+00  1.6239088e+01         -inf  6.89329e+05  1.62391e+01  1.73715e+01
7.503108492e+00  1.6647814e+01         -inf  6.89329e+05  1.66478e+01  1.77838e+01
7.533120926e+00  1.6015756e+01         -inf  6.89329e+05  1.60158e+01  1.72413e+01
7.563253410e+00  1.5027194e+01         -inf  6.89329e+05  1.50272e+01  1.63699e+01
7.593506424e+00  1.4869301e+01         -inf  6.89329e+05  1.48693e+01  1.62339e+01
7.623880449e+00  1.5507646e+01         -inf  6.89329e+05  1.55076e+01  1.67991e+01
7.654375971e+00  2.0189502e+01         -inf  6.89329e+05  2.01895e+01  2.10976e+01
7.684993475e+00  2.0308666e+01         -inf  6.89329e+05  2.03087e+01  2.11557e+01
7.715733449e+00  1.8641040e+01         -inf  6.89329e+05  1.86410e+01  1.96707e+01
7.746596383e+00  1.7250913e+01         -inf  6.89329e+05  1.72509e+01  1.84566e+01
7.777582768e+00  1.6336550e+01         -inf  6.89329e+05  1.63366e+01  1.77185e+01
7.808693099e+00  1.6885567e+01         -inf  6.89329e+05  1.68856e+01  1.81999e+01
7.839927872e+00  1.7414670e+01         -inf  6.89329e+05  1.74147e+01  1.86601e+01
7.871287583e+00  1.7535641e+01         -inf  6.89329e+05  1.75356e+01  1.87892e+01
7.902772733e+00  1.6659953e+01         -inf  6.89329e+05  1.66600e+01  1.80509e+01
7.934383824e+00  1.6232254e+01         -inf  6.89329e+05  1.62323e+01  1.77378e+01
7.966121360e+00  1.5148994e+01         -inf  6.89329e+05  1.51490e+01  1.68296e+01
7.997985845e+00  1.4635177e+01         -inf  6.89329e+05  1.46352e+01  1.64227e+01
8.029977788e+00  1.4607724e+01         -inf  6.89329e+05  1.46077e+01  1.64446e+01
8.062097700e+00  1.4034161e+01         -inf  6.89329e+05  1.40342e+01  1.59825e+01
8.094346090e+00  1.3766422e+01         -inf  6.89329e+05  1.37664e+01  1.57793e+01
8.126723475e+00  1.3388666e+01         -inf  6.89329e+05  1.33887e+01  1.54824e+01
8.159230369e+00  1.3123844e+01         -inf  6.89329e+05  1.31238e+01  1.52783e+01
8.191867290e+00  1.3192900e+01         -inf  6.89329e+05  1.31929e+01  1.53817e+01
8.224634759e+00  1.2909801e+01         -inf  6.89329e+05  1.29098e+01  1.51605e+01
8.257533298e+00  1.2907584e+01         -inf  6.89329e+05  1.29076e+01  1.52028e+01
8.290563432e+00  1.2752911e+01         -inf  6.89329e+05  1.27529e+01  1.51008e+01
8.323725685e+00  1.2872329e+01         -inf  6.89329e+05  1.28723e+01  1.52610e+01
8.357020588e+00  1.2930607e+01         -inf  6.89329e+05  1.29306e+01  1.53629e+01
8.390448670e+00  1.3146863e+01         -inf  6.89329e+05  1.31469e+01  1.56135e+01
8.424010465e+00  1.3291083e+01         -inf  6.89329e+05  1.32911e+01  1.57980e+01
8.457706507e+00  1.3511014e+01         -inf  6.89329e+05  1.35110e+01  1.60488e+01
8.491537333e+00  1.3653599e+01         -inf  6.89329e+05  1.36536e+01  1.62439e+01
8.525503482e+00  1.3784140e+01         -inf  6.89329e+05  1.37841e+01  1.64296e+01
8.559605496e+00  1.3760706e+01         -inf  6.89329e+05  1.37607e+01  1.64767e+01
8.593843918e+00  1.3953519e+01         -inf  6.89329e+05  1.39535e+01  1.67013e+01
8.628219294e+00  1.4182054e+01         -inf  6.89329e+05  1.41821e+01  1.69665e+01
8.662732171e+00  1.4102887e+01         -inf  6.89329e+05  1.41029e+01  1.69380e+01
8.697383100e+00  1.4523856e+01         -inf  6.89329e+05  1.45239e+01  1.74140e+01
8.732172632e+00  1.4531434e+01         -inf  6.89329e+05  1.45314e+01  1.74883e+01
8.767101323e+00  1.4546662e+01         -inf  6.89329e+05  1.45467e+01  1.75674e+01
8.802169728e+00  1.5376936e+01         -inf  6.89329e+05  1.53769e+01  1.84427e+01
8.837378407e+00  1.5521972e+01         -inf  6.89329e+05  1.55220e+01  1.86329e+01
8.872727920e+00  1.5281047e+01         -inf  6.89329e+05  1.52810e+01  1.84445e+01
8.908218832e+00  1.5270668e+01         -inf  6.89329e+05  1.52707e+01  1.84916e+01
8.943851707e+00  1.5364619e+01         -inf  6.89329e+05  1.53646e+01  1.86479e+01
8.979627114e+00  1.4936375e+01         -inf  6.89329e+05  1.49364e+01  1.82987e+01
9.015545623e+00  1.4340849e+01         -inf  6.89329e+05  1.43408e+01  1.77867e+01
9.051607805e+00  1.4667593e+01         -inf  6.89329e+05  1.46676e+01  1.81750e+01
9.087814236e+00  1.4700788e+01         -inf  6.89329e+05  1.47008e+01  1.82820e+01
9.124165493e+00  1.4741752e+01         -inf  6.89329e+05  1.47418e+01  1.84126e+01
9.160662155e+00  1.4959868e+01         -inf  6.89329e+05  1.49599e+01  1.87129e+01
9.197304804e+00  1.5585721e+01         -inf  6.89329e+05  1.55857e+01  1.93512e+01
9.234094023e+00  1.5102617e+01         -inf  6.89329e+05  1.51026e+01  1.88669e+01
9.271030399e+00  1.4968537e+01         -inf  6.89329e+05  1.49685e+01  1.87565e+01
9.308114521e+00  1.5238552e+01         -inf  6.89329e+05  1.52386e+01  1.91067e+01
9.345346979e+00  1.6830578e+01         -inf  6.89329e+05  1.68306e+01  2.07439e+01
9.382728367e+00  2.3285800e+01         -inf  6.89329e+05  2.32858e+01  2.68010e+01
9.420259280e+00  2.8581458e+01         -inf  6.89329e+05  2.85815e+01  3.10938e+01
9.457940318e+00  3.0425800e+01         -inf  6.89329e+05  3.04258e+01  3.24649e+01
9.495772079e+00  3.1555461e+01         -inf  6.89329e+05  3.15555e+01  3.32833e+01
9.533755167e+00  3.0284047e+01         -inf  6.89329e+05  3.02840e+01  3.23915e+01
9.571890188e+00  2.5085812e+01         -inf  6.89329e+05  2.50858e+01  2.84962e+01
9.610177749e+00  3.0127167e+01         -inf  6.89329e+05  3.01272e+01  3.23509e+01
9.648618460e+00  3.0657440e+01         -inf  6.89329e+05  3.06574e+01  3.29512e+01
9.687212933e+00  2.9251569e+01         -inf  6.89329e+05  2.92516e+01  3.19395e+01
9.725961785e+00  2.8550481e+01         -inf  6.89329e+05  2.85505e+01  3.13063e+01
9.764865632e+00  2.8643823e+01         -inf  6.89329e+05  2.86438e+01  3.14486e+01
9.803925095e+00  2.7871374e+01         -inf  6.89329e+05  2.78714e+01  3.09403e+01
9.843140795e+00  2.6723466e+01         -inf  6.89329e+05  2.67235e+01  3.01250e+01
9.882513358e+00  2.5054698e+01         -inf  6.89329e+05  2.50547e+01  2.89145e+01
9.922043412e+00  2.3350325e+01         -inf  6.89329e+05  2.33503e+01  2.76272e+01
9.961731585e+00  2.1616024e+01         -inf  6.89329e+05  2.16160e+01  2.62650e+01
1.000157851e+01  1.9503639e+01         -inf  6.89329e+05  1.95036e+01  2.44951e+01
1.004158483e+01  1.6858852e+01         -inf  6.89329e+05  1.68589e+01  2.21719e+01
1.008175117e+01  1.5374832e+01         -inf  6.89329e+05  1.53748e+01  2.08988e+01
1.012207817e+01  1.3371280e+01         -inf  6.89329e+05  1.33713e+01  1.90968e+01
1.016256648e+01  1.1935958e+01         -inf  6.89329e+05  1.19360e+01  1.77701e+01
1.020321675e+01  1.0735154e+01         -inf  6.89329e+05  1.07352e+01  1.66297e+01
1.024402962e+01  1.0053783e+01         -inf  6.89329e+05  1.00538e+01  1.60177e+01
1.028500573e+01  9.6439892e+00         -inf  6.89329e+05  9.64399e+00  1.56765e+01
1.032614576e+01  9.2823441e+00         -inf  6.89329e+05  9.28234e+00  1.54193e+01
1.036745034e+01  8.7808955e+00         -inf  6.89329e+05  8.78090e+00  1.51424e+01
1.040892014e+01  8.4659657e+00         -inf  6.89329e+05  8.46597e+00  1.49573e+01
1.045055582e+01  8.6000146e+00         -inf  6.89329e+05  8.60001e+00  1.51235e+01
1.049235805e+01  8.4524514e+00         -inf  6.89329e+05  8.45245e+00  1.50706e+01
1.053432748e+01  8.3662504e+00         -inf  6.89329e+05  8.36625e+00  1.50731e+01
1.057646479e+01  8.2422451e+00         -inf  6.89329e+05  8.24225e+00  1.50593e+01
1.061877065e+01  8.0922607e+00         -inf  6.89329e+05  8.09226e+00  1.50313e+01
1.066124573e+01  7.9272879e+00         -inf  6.89329e+05  7.92729e+00  1.49969e+01
1.070389071e+01  7.7515123e+00         -inf  6.89329e+05  7.75151e+00  1.49556e+01
1.074670627e+01  7.5805993e+00         -inf  6.89329e+05  7.58060e+00  1.49164e+01
1.078969310e+01  7.4247371e+00         -inf  6.89329e+05  7.42474e+00  1.48860e+01
1.083285187e+01  7.2762747e+00         -inf  6.89329e+05  7.27627e+00  1.48643e+01
1.087618328e+01  7.1541596e+00         -inf  6.89329e+05  7.15416e+00  1.48546e+01
1.091968801e+01  7.0344110e+00         -inf  6.89329e+05  7.03441e+00  1.48444e+01
1.096336676e+01  6.9161617e+00         -inf  6.89329e+05  6.91616e+00  1.48407e+01
1.100722023e+01  6.8060669e+00         -inf  6.89329e+05  6.80607e+00  1.48394e+01
1.105124911e+01  6.6920361e+00         -inf  6.89329e+05  6.69204e+00  1.48393e+01
1.109545411e+01  6.5814467e+00         -inf  6.89329e+05  6.58145e+00  1.48411e+01
1.113983593e+01  6.4607558e+00         -inf  6.89329e+05  6.46076e+00  1.48357e+01
1.118439527e+01  6.3416572e+00         -inf  6.89329e+05  6.34166e+00  1.48325e+01
1.122913285e+01  6.2188981e+00         -inf  6.89329e+05  6.21890e+00  1.48307e+01
1.127404938e+01  6.0962270e+00         -inf  6.89329e+05  6.09623e+00  1.48281e+01
1.131914558e+01  5.9733629e+00         -inf  6.89329e+05  5.97336e+00  1.48284e+01
1.136442216e+01  5.8463538e+00         -inf  6.89329e+05  5.84635e+00  1.48279e+01
1.140987985e+01  5.7190021e+00         -inf  6.89329e+05  5.71900e+00  1.48282e+01
1.145551937e+01  5.5908556e+00         -inf  6.89329e+05  5.59086e+00  1.48276e+01
1.150134145e+01  5.4615971e+00         -inf  6.89329e+05  5.46160e+00  1.48275e+01
1.154734681e+01  5.3247081e+00         -inf  6.89329e+05  5.32471e+00  1.48303e+01
1.159353620e+01  5.1871292e+00         -inf  6.89329e+05  5.18713e+00  1.48327e+01
1.163991035e+01  5.0612073e+00         -inf  6.89329e+05  5.06121e+00  1.48291e+01
1.168646999e+01  4.9260663e+00         -inf  6.89329e+05  4.92607e+00  1.48315e+01
1.173321587e+01  4.7901727e+00         -inf  6.89329e+05  4.79017e+00  1.48334e+01
1.178014873e+01  4.6529336e+00         -inf  6.89329e+05  4.65293e+00  1.48359e+01
1.182726932e+01  4.5164291e+00         -inf  6.89329e+05  4.51643e+00  1.48415e+01
1.187457840e+01  4.3772779e+00         -inf  6.89329e+05  4.37728e+00  1.48429e+01
1.192207672e+01  4.2453975e+00         -inf  6.89329e+05  4.24540e+00  1.48535e+01
1.196976502e+01  4.1023068e+00         -inf  6.89329e+05  4.10231e+00  1.48560e+01
1.201764408e+01  3.9722872e+00         -inf  6.89329e+05  3.97229e+00  1.48779e+01
1.206571466e+01  3.8629651e+00         -inf  6.89329e+05  3.86297e+00  1.49316e+01
1.211397752e+01  3.7058919e+00         -inf  6.89329e+05  3.70589e+00  1.49088e+01
1.216243343e+01  3.6331066e+00         -inf  6.89329e+05  3.63311e+00  1.49733e+01
1.221108316e+01  3.5298080e+00         -inf  6.89329e+05  3.52981e+00  1.49923e+01
1.225992749e+01  3.5158804e+00         -inf  6.89329e+05  3.51588e+00  1.50816e+01
1.230896720e+01  3.4775548e+00         -inf  6.89329e+05  3.47755e+00  1.51402e+01
1.235820307e+01  3.4490835e+00         -inf  6.89329e+05  3.44908e+00  1.52104e+01
1.240763589e+01  3.4582195e+00         -inf  6.89329e+05  3.45822e+00  1.53277e+01
1.245726643e+01  3.3278342e+00         -inf  6.89329e+05  3.32783e+00  1.53297e+01
1.250709549e+01  3.3376089e+00         -inf  6.89329e+05  3.33761e+00  1.55011e+01
1.255712388e+01  3.0710602e+00         -inf  6.89329e+05  3.07106e+00  1.54489e+01
1.260735237e+01  4.7753483e+00         -inf  6.89329e+05  4.77535e+00  1.62461e+01
1.265778178e+01  4.0487740e+00         -inf  6.89329e+05  4.04877e+00  1.61972e+01
1.270841291e+01  2.7892463e+00         -inf  6.89329e+05  2.78925e+00  1.57257e+01
1.275924656e+01  3.0758239e+00         -inf  6.89329e+05  3.07582e+00  1.60427e+01
1.281028355e+01  3.0364731e+00         -inf  6.89329e+05  3.03647e+00  1.60613e+01
1.286152468e+01  3.3339574e+00         -inf  6.89329e+05  3.33396e+00  1.63682e+01
1.291297078e+01  3.3281877e+00         -inf  6.89329e+05  3.32819e+00  1.63297e+01
1.296462266e+01  4.4640767e+00         -inf  6.89329e+05  4.46408e+00  1.71245e+01
1.301648115e+01  4.1562271e+00         -inf  6.89329e+05  4.15623e+00  1.67198e+01
1.306854708e+01  4.9907034e+00         -inf  6.89329e+05  4.99070e+00  1.75342e+01
1.312082127e+01  5.0673269e+00         -inf  6.89329e+05  5.06733e+00  1.72791e+01
1.317330455e+01  6.1789535e+00         -inf  6.89329e+05  6.17895e+00  1.77444e+01
1.322599777e+01  7.9686137e+00         -inf  6.89329e+05  7.96861e+00  1.87500e+01
1.327890176e+01  8.1522107e+00         -inf  6.89329e+05  8.15221e+00  1.85673e+01
1.333201737e+01  1.0378423e+01         -inf  6.89329e+05  1.03784e+01  2.02919e+01
1.338534544e+01  1.0192243e+01         -inf  6.89329e+05  1.01922e+01  1.97806e+01
1.343888682e+01  1.2461596e+01         -inf  6.89329e+05  1.24616e+01  2.15680e+01
1.349264237e+01  1.8295021e+01         -inf  6.89329e+05  1.82950e+01  2.55643e+01
1.354661294e+01  1.4858545e+01         -inf  6.89329e+05  1.48585e+01  2.30064e+01
1.360079939e+01  1.5701078e+01         -inf  6.89329e+05  1.57011e+01  2.37920e+01
1.365520258e+01  1.5411900e+01         -inf  6.89329e+05  1.54119e+01  2.35595e+01
1.370982339e+01  1.5764973e+01         -inf  6.89329e+05  1.57650e+01  2.41812e+01
1.376466269e+01  1.3816873e+01         -inf  6.89329e+05  1.38169e+01  2.27311e+01
1.381972134e+01  1.5959011e+01         -inf  6.89329e+05  1.59590e+01  2.45615e+01
1.387500022e+01  2.9279946e+01         -inf  6.89329e+05  2.92799e+01  3.49694e+01
1.393050023e+01  1.9576825e+01         -inf  6.89329e+05  1.95768e+01  2.68943e+01
1.398622223e+01  1.7949943e+01         -inf  6.89329e+05  1.79499e+01  2.57074e+01
1.404216712e+01  1.9940910e+01         -inf  6.89329e+05  1.99409e+01  2.70797e+01
1.409833578e+01  2.0807760e+01         -inf  6.89329e+05  2.08078e+01  2.76690e+01
1.415472913e+01  2.2644345e+01         -inf  6.89329e+05  2.26443e+01  2.89569e+01
1.421134804e+01  2.5446315e+01         -inf  6.89329e+05  2.54463e+01  3.13066e+01
1.426819344e+01  2.6691445e+01         -inf  6.89329e+05  2.66914e+01  3.22363e+01
1.432526621e+01  2.7655494e+01         -inf  6.89329e+05  2.76555e+01  3.30757e+01
1.438256727e+01  3.0249799e+01         -inf  6.89329e+05  3.02498e+01  3.55356e+01
1.444009754e+01  3.1506271e+01         -inf  6.89329e+05  3.15063e+01  3.68888e+01
1.449785793e+01  3.1582275e+01         -inf  6.89329e+05  3.15823e+01  3.69194e+01
1.455584937e+01  3.2982943e+01         -inf  6.89329e+05  3.29829e+01  3.84976e+01
1.461407276e+01  3.4380336e+01         -inf  6.89329e+05  3.43803e+01  4.01171e+01
1.467252905e+01  3.4241247e+01         -inf  6.89329e+05  3.42412e+01  4.00367e+01
1.473121917e+01  3.4323631e+01         -inf  6.89329e+05  3.43236e+01  4.02236e+01
1.479014405e+01  3.5463202e+01         -inf  6.89329e+05  3.54632e+01  4.15815e+01
1.484930462e+01  3.5019952e+01         -inf  6.89329e+05  3.50200e+01  4.11672e+01
1.490870184e+01  3.5535726e+01         -inf  6.89329e+05  3.55357e+01  4.18502e+01
1.496833665e+01  4.8451886e+01         -inf  6.89329e+05  4.84519e+01  5.50874e+01
1.502821000e+01  3.6194230e+01         -inf  6.89329e+05  3.61942e+01  4.26491e+01
1.508832284e+01  3.7066886e+01         -inf  6.89329e+05  3.70669e+01  4.36843e+01
1.514867613e+01  3.4318241e+01         -inf  6.89329e+05  3.43182e+01  4.08762e+01
1.520927083e+01  3.2934133e+01         -inf  6.89329e+05  3.29341e+01  3.94180e+01
1.527010791e+01  3.3571950e+01         -inf  6.89329e+05  3.35720e+01  4.02428e+01
1.533118835e+01  3.3935563e+01         -inf  6.89329e+05  3.39356e+01  4.07482e+01
1.539251310e+01  3.5585018e+01         -inf  6.89329e+05  3.55850e+01  4.25861e+01
1.545408315e+01  3.1905138e+01         -inf  6.89329e+05  3.19051e+01  3.87717e+01
1.551589948e+01  3.1381436e+01         -inf  6.89329e+05  3.13814e+01  3.82820e+01
1.557796308e+01  2.9408828e+01         -inf  6.89329e+05  2.94088e+01  3.63890e+01
1.564027493e+01  2.7280412e+01         -inf  6.89329e+05  2.72804e+01  3.43911e+01
1.570283603e+01  2.7233513e+01         -inf  6.89329e+05  2.72335e+01  3.45867e+01
1.576564738e+01  2.5505951e+01         -inf  6.89329e+05  2.55060e+01  3.31472e+01
1.582870997e+01  2.3272389e+01         -inf  6.89329e+05  2.32724e+01  3.15067e+01
1.589202481e+01  2.1687853e+01         -inf  6.89329e+05  2.16879e+01  3.04006e+01
1.595559291e+01  1.7995618e+01         -inf  6.89329e+05  1.79956e+01  2.78934e+01
1.601941528e+01  1.7456076e+01         -inf  6.89329e+05  1.74561e+01  2.77881e+01
1.608349294e+01  1.1944862e+01         -inf  6.89329e+05  1.19449e+01  2.44040e+01
1.614782691e+01  1.4928502e+01         -inf  6.89329e+05  1.49285e+01  2.64585e+01
1.621241822e+01  2.4040963e+01         -inf  6.89329e+05  2.40410e+01  3.34657e+01
1.627726789e+01  1.1664525e+01         -inf  6.89329e+05  1.16645e+01  2.45433e+01
1.634237696e+01  8.9099389e+00         -inf  6.89329e+05  8.90994e+00  2.28595e+01
1.640774647e+01  1.1040212e+01         -inf  6.89329e+05  1.10402e+01  2.43150e+01
1.647337746e+01  1.0301105e+01         -inf  6.89329e+05  1.03011e+01  2.42040e+01
1.653927097e+01  8.5254485e+00         -inf  6.89329e+05  8.52545e+00  2.29076e+01
1.660542805e+01  7.2757208e+00         -inf  6.89329e+05  7.27572e+00  2.22595e+01
1.667184976e+01  5.9319454e+00         -inf  6.89329e+05  5.93195e+00  2.17338e+01
1.673853716e+01  1.1834709e+01         -inf  6.89329e+05  1.18347e+01  2.56843e+01
1.680549131e+01  4.6017883e+00         -inf  6.89329e+05  4.60179e+00  2.13866e+01
1.687271328e+01  2.6890419e+00         -inf  6.89329e+05  2.68904e+00  2.01792e+01
1.694020413e+01  1.5966078e+00         -inf  6.89329e+05  1.59661e+00  1.97694e+01
1.700796495e+01  4.0570710e-01         -inf  6.89329e+05  4.05707e-01  1.90988e+01
1.707599681e+01 -2.7633956e+00         -inf  6.89329e+05 -2.76340e+00  1.78665e+01
1.714430079e+01 -3.1589217e+00         -inf  6.89329e+05 -3.15892e+00  1.78204e+01
1.721287800e+01 -4.7583807e+00         -inf  6.89329e+05 -4.75838e+00  1.71093e+01
1.728172951e+01 -6.1990715e+00         -inf  6.89329e+05 -6.19907e+00  1.66835e+01
1.735085643e+01 -6.3656673e+00         -inf  6.89329e+05 -6.36567e+00  1.68420e+01
1.742025985e+01 -8.7969468e+00         -inf  6.89329e+05 -8.79695e+00  1.59498e+01
1.748994089e+01 -8.5879781e+00         -inf  6.89329e+05 -8.58798e+00  1.60898e+01
1.755990065e+01 -9.7220564e+00         -inf  6.89329e+05 -9.72206e+00  1.57902e+01
1.763014026e+01 -1.0557258e+01         -inf  6.89329e+05 -1.05573e+01  1.55027e+01
1.770066082e+01 -1.0988723e+01         -inf  6.89329e+05 -1.09887e+01  1.54360e+01
1.777146346e+01 -1.1473927e+01         -inf  6.89329e+05 -1.14739e+01  1.53653e+01
1.784254932e+01 -1.2309552e+01         -inf  6.89329e+05 -1.23096e+01  1.51652e+01
1.791391951e+01 -1.2450815e+01         -inf  6.89329e+05 -1.24508e+01  1.51365e+01
1.798557519e+01 -1.2865239e+01         -inf  6.89329e+05 -1.28652e+01  1.50661e+01
1.805751749e+01 -1.3269982e+01         -inf  6.89329e+05 -1.32700e+01  1.49802e+01
1.812974756e+01 -1.3365674e+01         -inf  6.89329e+05 -1.33657e+01  1.50314e+01
1.820226655e+01 -1.3801853e+01         -inf  6.89329e+05 -1.38019e+01  1.49186e+01
1.827507562e+01 -1.3350970e+01         -inf  6.89329e+05 -1.33510e+01  1.50829e+01
1.834817592e+01 -9.5748761e+00         -inf  6.89329e+05 -9.57488e+00  1.67663e+01
1.842156862e+01 -1.4375879e+01         -inf  6.89329e+05 -1.43759e+01  1.48759e+01
1.849525490e+01 -1.4641311e+01         -inf  6.89329e+05 -1.46413e+01  1.48765e+01
1.856923592e+01 -1.4596199e+01         -inf  6.89329e+05 -1.45962e+01  1.49593e+01
1.864351286e+01 -1.4732113e+01         -inf  6.89329e+05 -1.47321e+01  1.49726e+01
1.871808691e+01 -1.4883149e+01         -inf  6.89329e+05 -1.48831e+01  1.49848e+01
1.879295926e+01 -1.5074798e+01         -inf  6.89329e+05 -1.50748e+01  1.49568e+01
1.886813110e+01 -1.5415203e+01         -inf  6.89329e+05 -1.54152e+01  1.48975e+01
1.894360362e+01 -1.5391489e+01         -inf  6.89329e+05 -1.53915e+01  1.49715e+01
1.901937804e+01 -1.5698223e+01         -inf  6.89329e+05 -1.56982e+01  1.49252e+01
1.909545555e+01 -1.5969452e+01         -inf  6.89329e+05 -1.59695e+01  1.48808e+01
1.917183737e+01 -1.6089252e+01         -inf  6.89329e+05 -1.60893e+01  1.49114e+01
1.924852472e+01 -1.6389096e+01         -inf  6.89329e+05 -1.63891e+01  1.48654e+01
1.932551882e+01 -1.6529384e+01         -inf  6.89329e+05 -1.65294e+01  1.48777e+01
1.940282089e+01 -1.6750769e+01         -inf  6.89329e+05 -1.67508e+01  1.48632e+01
1.948043218e+01 -1.6954779e+01         -inf  6.89329e+05 -1.69548e+01  1.48554e+01
1.955835391e+01 -1.7122118e+01         -inf  6.89329e+05 -1.71221e+01  1.48584e+01
1.963658732e+01 -1.7276860e+01         -inf  6.89329e+05 -1.72769e+01  1.48628e+01
1.971513367e+01 -1.7483085e+01         -inf  6.89329e+05 -1.74831e+01  1.48576e+01
1.979399421e+01 -1.7681806e+01         -inf  6.89329e+05 -1.76818e+01  1.48524e+01
1.987317018e+01 -1.7861199e+01         -inf  6.89329e+05 -1.78612e+01  1.48530e+01
1.995266286e+01 -1.8039683e+01         -inf  6.89329e+05 -1.80397e+01  1.48539e+01
