# WARNING | GENERATOR | Too many electrons per pixel (up to 9.04e+13) detected in the 1.54-19.95 um spectral range. Reduce exposure time per frame to less than 0.000 seconds.
# ------------------------------------------------------------------------
# Radiance spectrum
# NASA-GSFC Planetary Spectrum Generator (PSG) (Villanueva et al. 2018, 2022)
# Synthesized on Tue Oct  6 07:35:10 2026
# Doppler velocities [km/s] (vobs,vrot+vorb,vwidth,vrfl,vstr): 29.00000,-0.00000,0.00000,0.00000,-0.00000
# ------------------------------------------------------------------------
# Spectra synthesized with the Planetary and Universal Model of Atmospheric Scattering (PUMAS, Villanueva et al. 2018, 2022)
# Single scattering radiative transfer method
# Radiative transfer took 5.599 seconds
# ------------------------------------------------------------------------
# Spectral unit: Wavelength [um]
# Radiance unit: Contrast [transit atmospheric thickness, km]
# Wave/freq Total Noise Stellar Earth Transit
2.000000000e-01  4.2949404e+01         -inf  6.89329e+05  4.29494e+01  4.29494e+01
2.008000000e-01  4.2712831e+01         -inf  6.89329e+05  4.27128e+01  4.27128e+01
2.016032000e-01  4.2602277e+01         -inf  6.89329e+05  4.26023e+01  4.26023e+01
2.024096128e-01  4.2536245e+01         -inf  6.89329e+05  4.25362e+01  4.25362e+01
2.032192513e-01  4.2453233e+01         -inf  6.89329e+05  4.24532e+01  4.24532e+01
2.040321283e-01  4.2354749e+01         -inf  6.89329e+05  4.23547e+01  4.23547e+01
2.048482568e-01  4.2270980e+01         -inf  6.89329e+05  4.22710e+01  4.22710e+01
2.056676498e-01  4.2191360e+01         -inf  6.89329e+05  4.21914e+01  4.21914e+01
2.064903204e-01  4.2115136e+01         -inf  6.89329e+05  4.21151e+01  4.21151e+01
2.073162817e-01  4.2039666e+01         -inf  6.89329e+05  4.20397e+01  4.20397e+01
2.081455468e-01  4.1965704e+01         -inf  6.89329e+05  4.19657e+01  4.19657e+01
2.089781290e-01  4.1888722e+01         -inf  6.89329e+05  4.18887e+01  4.18887e+01
2.098140415e-01  4.1816267e+01         -inf  6.89329e+05  4.18163e+01  4.18163e+01
2.106532977e-01  4.1727208e+01         -inf  6.89329e+05  4.17272e+01  4.17272e+01
2.114959109e-01  4.1630600e+01         -inf  6.89329e+05  4.16306e+01  4.16306e+01
2.123418945e-01  4.1554369e+01         -inf  6.89329e+05  4.15544e+01  4.15544e+01
2.131912621e-01  4.1490968e+01         -inf  6.89329e+05  4.14910e+01  4.14910e+01
2.140440271e-01  4.1393979e+01         -inf  6.89329e+05  4.13940e+01  4.13940e+01
2.149002032e-01  4.1358504e+01         -inf  6.89329e+05  4.13585e+01  4.13585e+01
2.157598041e-01  4.1325293e+01         -inf  6.89329e+05  4.13253e+01  4.13253e+01
2.166228433e-01  4.1293214e+01         -inf  6.89329e+05  4.12932e+01  4.12932e+01
2.174893346e-01  4.1274721e+01         -inf  6.89329e+05  4.12747e+01  4.12747e+01
2.183592920e-01  4.1250945e+01         -inf  6.89329e+05  4.12509e+01  4.12509e+01
2.192327292e-01  4.1238491e+01         -inf  6.89329e+05  4.12385e+01  4.12385e+01
2.201096601e-01  4.1231698e+01         -inf  6.89329e+05  4.12317e+01  4.12317e+01
2.209900987e-01  4.1232075e+01         -inf  6.89329e+05  4.12321e+01  4.12321e+01
2.218740591e-01  4.1238113e+01         -inf  6.89329e+05  4.12381e+01  4.12381e+01
2.227615553e-01  4.1245661e+01         -inf  6.89329e+05  4.12457e+01  4.12457e+01
2.236526016e-01  4.1259625e+01         -inf  6.89329e+05  4.12596e+01  4.12596e+01
2.245472120e-01  4.1280760e+01         -inf  6.89329e+05  4.12808e+01  4.12808e+01
2.254454008e-01  4.1296611e+01         -inf  6.89329e+05  4.12966e+01  4.12966e+01
2.263471824e-01  4.1328312e+01         -inf  6.89329e+05  4.13283e+01  4.13283e+01
2.272525711e-01  4.1356617e+01         -inf  6.89329e+05  4.13566e+01  4.13566e+01
2.281615814e-01  4.1392469e+01         -inf  6.89329e+05  4.13925e+01  4.13925e+01
2.290742278e-01  4.1437001e+01         -inf  6.89329e+05  4.14370e+01  4.14370e+01
2.299905247e-01  4.1470212e+01         -inf  6.89329e+05  4.14702e+01  4.14702e+01
2.309104868e-01  4.1524555e+01         -inf  6.89329e+05  4.15246e+01  4.15246e+01
2.318341287e-01  4.1566822e+01         -inf  6.89329e+05  4.15668e+01  4.15668e+01
2.327614652e-01  4.1623052e+01         -inf  6.89329e+05  4.16231e+01  4.16231e+01
2.336925111e-01  4.1665696e+01         -inf  6.89329e+05  4.16657e+01  4.16657e+01
2.346272811e-01  4.1726831e+01         -inf  6.89329e+05  4.17268e+01  4.17268e+01
2.355657903e-01  4.1769474e+01         -inf  6.89329e+05  4.17695e+01  4.17695e+01
2.365080534e-01  4.1822305e+01         -inf  6.89329e+05  4.18223e+01  4.18223e+01
2.374540856e-01  4.1877401e+01         -inf  6.89329e+05  4.18774e+01  4.18774e+01
2.384039020e-01  4.1923062e+01         -inf  6.89329e+05  4.19231e+01  4.19231e+01
2.393575176e-01  4.1970232e+01         -inf  6.89329e+05  4.19702e+01  4.19702e+01
2.403149477e-01  4.2023439e+01         -inf  6.89329e+05  4.20234e+01  4.20234e+01
2.412762074e-01  4.2058911e+01         -inf  6.89329e+05  4.20589e+01  4.20589e+01
2.422413123e-01  4.2101551e+01         -inf  6.89329e+05  4.21016e+01  4.21016e+01
2.432102775e-01  4.2170229e+01         -inf  6.89329e+05  4.21702e+01  4.21702e+01
2.441831186e-01  4.2194002e+01         -inf  6.89329e+05  4.21940e+01  4.21940e+01
2.451598511e-01  4.2231359e+01         -inf  6.89329e+05  4.22314e+01  4.22314e+01
2.461404905e-01  4.2249471e+01         -inf  6.89329e+05  4.22495e+01  4.22495e+01
2.471250525e-01  4.2280036e+01         -inf  6.89329e+05  4.22800e+01  4.22800e+01
2.481135527e-01  4.2262301e+01         -inf  6.89329e+05  4.22623e+01  4.22623e+01
2.491060069e-01  4.2330600e+01         -inf  6.89329e+05  4.23306e+01  4.23306e+01
2.501024309e-01  4.2301167e+01         -inf  6.89329e+05  4.23012e+01  4.23012e+01
2.511028406e-01  4.2261924e+01         -inf  6.89329e+05  4.22619e+01  4.22619e+01
2.521072520e-01  4.2329468e+01         -inf  6.89329e+05  4.23295e+01  4.23295e+01
2.531156810e-01  4.2261546e+01         -inf  6.89329e+05  4.22615e+01  4.22615e+01
2.541281437e-01  4.2239283e+01         -inf  6.89329e+05  4.22393e+01  4.22393e+01
2.551446563e-01  4.2240793e+01         -inf  6.89329e+05  4.22408e+01  4.22408e+01
2.561652349e-01  4.2189851e+01         -inf  6.89329e+05  4.21899e+01  4.21899e+01
2.571898959e-01  4.2112495e+01         -inf  6.89329e+05  4.21125e+01  4.21125e+01
2.582186555e-01  4.2098155e+01         -inf  6.89329e+05  4.20982e+01  4.20982e+01
2.592515301e-01  4.2035892e+01         -inf  6.89329e+05  4.20359e+01  4.20359e+01
2.602885362e-01  4.1961553e+01         -inf  6.89329e+05  4.19616e+01  4.19616e+01
2.613296904e-01  4.1880042e+01         -inf  6.89329e+05  4.18800e+01  4.18800e+01
2.623750091e-01  4.1809852e+01         -inf  6.89329e+05  4.18099e+01  4.18099e+01
2.634245092e-01  4.1669092e+01         -inf  6.89329e+05  4.16691e+01  4.16691e+01
2.644782072e-01  4.1642298e+01         -inf  6.89329e+05  4.16423e+01  4.16423e+01
2.655361200e-01  4.1494742e+01         -inf  6.89329e+05  4.14947e+01  4.14947e+01
2.665982645e-01  4.1367938e+01         -inf  6.89329e+05  4.13679e+01  4.13679e+01
2.676646576e-01  4.1259625e+01         -inf  6.89329e+05  4.12596e+01  4.12596e+01
2.687353162e-01  4.1071677e+01         -inf  6.89329e+05  4.10717e+01  4.10717e+01
2.698102574e-01  4.0997326e+01         -inf  6.89329e+05  4.09973e+01  4.09973e+01
2.708894985e-01  4.0784460e+01         -inf  6.89329e+05  4.07845e+01  4.07845e+01
2.719730565e-01  4.0659152e+01         -inf  6.89329e+05  4.06592e+01  4.06592e+01
2.730609487e-01  4.0488172e+01         -inf  6.89329e+05  4.04882e+01  4.04882e+01
2.741531925e-01  4.0250376e+01         -inf  6.89329e+05  4.02504e+01  4.02504e+01
2.752498053e-01  4.0111092e+01         -inf  6.89329e+05  4.01111e+01  4.01111e+01
2.763508045e-01  3.9902348e+01         -inf  6.89329e+05  3.99023e+01  3.99023e+01
2.774562077e-01  3.9700770e+01         -inf  6.89329e+05  3.97008e+01  3.97008e+01
2.785660325e-01  3.9481066e+01         -inf  6.89329e+05  3.94811e+01  3.94811e+01
2.796802967e-01  3.9274944e+01         -inf  6.89329e+05  3.92749e+01  3.92749e+01
2.807990178e-01  3.9011809e+01         -inf  6.89329e+05  3.90118e+01  3.90118e+01
2.819222139e-01  3.8758102e+01         -inf  6.89329e+05  3.87581e+01  3.87581e+01
2.830499028e-01  3.8561019e+01         -inf  6.89329e+05  3.85610e+01  3.85610e+01
2.841821024e-01  3.8280108e+01         -inf  6.89329e+05  3.82801e+01  3.82801e+01
2.853188308e-01  3.8013911e+01         -inf  6.89329e+05  3.80139e+01  3.80139e+01
2.864601061e-01  3.7777874e+01         -inf  6.89329e+05  3.77779e+01  3.77779e+01
2.876059465e-01  3.7487677e+01         -inf  6.89329e+05  3.74877e+01  3.74877e+01
2.887563703e-01  3.7195693e+01         -inf  6.89329e+05  3.71957e+01  3.71957e+01
2.899113958e-01  3.6917743e+01         -inf  6.89329e+05  3.69177e+01  3.69177e+01
2.910710414e-01  3.6657306e+01         -inf  6.89329e+05  3.66573e+01  3.66573e+01
2.922353256e-01  3.6348287e+01         -inf  6.89329e+05  3.63483e+01  3.63483e+01
2.934042669e-01  3.6068904e+01         -inf  6.89329e+05  3.60689e+01  3.60689e+01
2.945778839e-01  3.5791057e+01         -inf  6.89329e+05  3.57911e+01  3.57911e+01
2.957561955e-01  3.5484603e+01         -inf  6.89329e+05  3.54846e+01  3.54846e+01
2.969392202e-01  3.5213492e+01         -inf  6.89329e+05  3.52135e+01  3.52135e+01
2.981269771e-01  3.4945808e+01         -inf  6.89329e+05  3.49458e+01  3.49458e+01
2.993194850e-01  3.4700213e+01         -inf  6.89329e+05  3.47002e+01  3.47002e+01
3.005167630e-01  3.4458349e+01         -inf  6.89329e+05  3.44583e+01  3.44583e+01
3.017188300e-01  3.4212925e+01         -inf  6.89329e+05  3.42129e+01  3.42129e+01
3.029257054e-01  3.3988196e+01         -inf  6.89329e+05  3.39882e+01  3.39882e+01
3.041374082e-01  3.3798636e+01         -inf  6.89329e+05  3.37986e+01  3.37986e+01
3.053539578e-01  3.3564824e+01         -inf  6.89329e+05  3.35648e+01  3.35648e+01
3.065753736e-01  3.3404083e+01         -inf  6.89329e+05  3.34041e+01  3.34041e+01
3.078016751e-01  3.3186883e+01         -inf  6.89329e+05  3.31869e+01  3.31869e+01
3.090328818e-01  3.3035768e+01         -inf  6.89329e+05  3.30358e+01  3.30358e+01
3.102690134e-01  3.2839869e+01         -inf  6.89329e+05  3.28399e+01  3.28399e+01
3.115100894e-01  3.2701218e+01         -inf  6.89329e+05  3.27012e+01  3.27012e+01
3.127561298e-01  3.2515399e+01         -inf  6.89329e+05  3.25154e+01  3.25154e+01
3.140071543e-01  3.2395220e+01         -inf  6.89329e+05  3.23952e+01  3.23952e+01
3.152631829e-01  3.2234979e+01         -inf  6.89329e+05  3.22350e+01  3.22350e+01
3.165242356e-01  3.2080856e+01         -inf  6.89329e+05  3.20809e+01  3.20809e+01
3.177903326e-01  3.1982515e+01         -inf  6.89329e+05  3.19825e+01  3.19825e+01
3.190614939e-01  3.1804348e+01         -inf  6.89329e+05  3.18043e+01  3.18043e+01
3.203377399e-01  3.1723048e+01         -inf  6.89329e+05  3.17230e+01  3.17230e+01
3.216190908e-01  3.1559048e+01         -inf  6.89329e+05  3.15590e+01  3.15590e+01
3.229055672e-01  3.1486515e+01         -inf  6.89329e+05  3.14865e+01  3.14865e+01
3.241971895e-01  3.1308296e+01         -inf  6.89329e+05  3.13083e+01  3.13083e+01
3.254939782e-01  3.1265735e+01         -inf  6.89329e+05  3.12657e+01  3.12657e+01
3.267959541e-01  3.1091252e+01         -inf  6.89329e+05  3.10913e+01  3.10913e+01
3.281031380e-01  3.1043095e+01         -inf  6.89329e+05  3.10431e+01  3.10431e+01
3.294155505e-01  3.0873974e+01         -inf  6.89329e+05  3.08740e+01  3.08740e+01
3.307332127e-01  3.0823395e+01         -inf  6.89329e+05  3.08234e+01  3.08234e+01
3.320561456e-01  3.0690937e+01         -inf  6.89329e+05  3.06909e+01  3.06909e+01
3.333843702e-01  3.0601761e+01         -inf  6.89329e+05  3.06018e+01  3.06018e+01
3.347179076e-01  3.0495307e+01         -inf  6.89329e+05  3.04953e+01  3.04953e+01
3.360567793e-01  3.0386621e+01         -inf  6.89329e+05  3.03866e+01  3.03866e+01
3.374010064e-01  3.0318006e+01         -inf  6.89329e+05  3.03180e+01  3.03180e+01
3.387506104e-01  3.0195480e+01         -inf  6.89329e+05  3.01955e+01  3.01955e+01
3.401056128e-01  3.0111022e+01         -inf  6.89329e+05  3.01110e+01  3.01110e+01
3.414660353e-01  3.0006186e+01         -inf  6.89329e+05  3.00062e+01  3.00062e+01
3.428318994e-01  2.9910421e+01         -inf  6.89329e+05  2.99104e+01  2.99104e+01
3.442032270e-01  2.9830195e+01         -inf  6.89329e+05  2.98302e+01  2.98302e+01
3.455800399e-01  2.9724597e+01         -inf  6.89329e+05  2.97246e+01  2.97246e+01
3.469623601e-01  2.9631589e+01         -inf  6.89329e+05  2.96316e+01  2.96316e+01
3.483502095e-01  2.9536840e+01         -inf  6.89329e+05  2.95368e+01  2.95368e+01
3.497436104e-01  2.9442165e+01         -inf  6.89329e+05  2.94422e+01  2.94422e+01
3.511425848e-01  2.9352782e+01         -inf  6.89329e+05  2.93528e+01  2.93528e+01
3.525471552e-01  2.9258444e+01         -inf  6.89329e+05  2.92584e+01  2.92584e+01
3.539573438e-01  2.9163160e+01         -inf  6.89329e+05  2.91632e+01  2.91632e+01
3.553731732e-01  2.9070597e+01         -inf  6.89329e+05  2.90706e+01  2.90706e+01
3.567946659e-01  2.8977239e+01         -inf  6.89329e+05  2.89772e+01  2.89772e+01
3.582218445e-01  2.8884219e+01         -inf  6.89329e+05  2.88842e+01  2.88842e+01
3.596547319e-01  2.8792144e+01         -inf  6.89329e+05  2.87921e+01  2.87921e+01
3.610933508e-01  2.8698668e+01         -inf  6.89329e+05  2.86987e+01  2.86987e+01
3.625377242e-01  2.8605531e+01         -inf  6.89329e+05  2.86055e+01  2.86055e+01
3.639878751e-01  2.8512733e+01         -inf  6.89329e+05  2.85127e+01  2.85127e+01
3.654438266e-01  2.8419934e+01         -inf  6.89329e+05  2.84199e+01  2.84199e+01
3.669056019e-01  2.8327057e+01         -inf  6.89329e+05  2.83271e+01  2.83271e+01
3.683732243e-01  2.8234407e+01         -inf  6.89329e+05  2.82344e+01  2.82344e+01
3.698467172e-01  2.8141603e+01         -inf  6.89329e+05  2.81416e+01  2.81416e+01
3.713261041e-01  2.8048836e+01         -inf  6.89329e+05  2.80488e+01  2.80488e+01
3.728114085e-01  2.7956144e+01         -inf  6.89329e+05  2.79561e+01  2.79561e+01
3.743026542e-01  2.7863488e+01         -inf  6.89329e+05  2.78635e+01  2.78635e+01
3.757998648e-01  2.7770868e+01         -inf  6.89329e+05  2.77709e+01  2.77709e+01
3.773030642e-01  2.7678285e+01         -inf  6.89329e+05  2.76783e+01  2.76783e+01
3.788122765e-01  2.7585738e+01         -inf  6.89329e+05  2.75857e+01  2.75857e+01
3.803275256e-01  2.7493266e+01         -inf  6.89329e+05  2.74933e+01  2.74933e+01
3.818488357e-01  2.7400792e+01         -inf  6.89329e+05  2.74008e+01  2.74008e+01
3.833762310e-01  2.7308431e+01         -inf  6.89329e+05  2.73084e+01  2.73084e+01
3.849097360e-01  2.7216068e+01         -inf  6.89329e+05  2.72161e+01  2.72161e+01
3.864493749e-01  2.7123817e+01         -inf  6.89329e+05  2.71238e+01  2.71238e+01
3.879951724e-01  2.7031603e+01         -inf  6.89329e+05  2.70316e+01  2.70316e+01
3.895471531e-01  2.6939463e+01         -inf  6.89329e+05  2.69395e+01  2.69395e+01
3.911053417e-01  2.6847397e+01         -inf  6.89329e+05  2.68474e+01  2.68474e+01
3.926697631e-01  2.6755443e+01         -inf  6.89329e+05  2.67554e+01  2.67554e+01
3.942404421e-01  2.6663640e+01         -inf  6.89329e+05  2.66636e+01  2.66636e+01
3.958174039e-01  2.6571873e+01         -inf  6.89329e+05  2.65719e+01  2.65719e+01
3.974006735e-01  2.6480142e+01         -inf  6.89329e+05  2.64801e+01  2.64801e+01
3.989902762e-01  2.6388486e+01         -inf  6.89329e+05  2.63885e+01  2.63885e+01
4.005862373e-01  2.6297018e+01         -inf  6.89329e+05  2.62970e+01  2.62970e+01
4.021885823e-01  2.6205738e+01         -inf  6.89329e+05  2.62057e+01  2.62057e+01
4.037973366e-01  2.6114418e+01         -inf  6.89329e+05  2.61144e+01  2.61144e+01
4.054125259e-01  2.6023173e+01         -inf  6.89329e+05  2.60232e+01  2.60232e+01
4.070341760e-01  2.5932418e+01         -inf  6.89329e+05  2.59324e+01  2.59324e+01
4.086623127e-01  2.5841965e+01         -inf  6.89329e+05  2.58420e+01  2.58420e+01
4.102969620e-01  2.5751359e+01         -inf  6.89329e+05  2.57514e+01  2.57514e+01
4.119381498e-01  2.5660524e+01         -inf  6.89329e+05  2.56605e+01  2.56605e+01
4.135859024e-01  2.5569802e+01         -inf  6.89329e+05  2.55698e+01  2.55698e+01
4.152402460e-01  2.5479835e+01         -inf  6.89329e+05  2.54798e+01  2.54798e+01
4.169012070e-01  2.5390284e+01         -inf  6.89329e+05  2.53903e+01  2.53903e+01
4.185688119e-01  2.5300352e+01         -inf  6.89329e+05  2.53004e+01  2.53004e+01
4.202430871e-01  2.5210495e+01         -inf  6.89329e+05  2.52105e+01  2.52105e+01
4.219240595e-01  2.5121659e+01         -inf  6.89329e+05  2.51217e+01  2.51217e+01
4.236117557e-01  2.5033804e+01         -inf  6.89329e+05  2.50338e+01  2.50338e+01
4.253062027e-01  2.4945836e+01         -inf  6.89329e+05  2.49458e+01  2.49458e+01
4.270074275e-01  2.4856655e+01         -inf  6.89329e+05  2.48567e+01  2.48567e+01
4.287154572e-01  2.4766981e+01         -inf  6.89329e+05  2.47670e+01  2.47670e+01
4.304303191e-01  2.4678668e+01         -inf  6.89329e+05  2.46787e+01  2.46787e+01
4.321520403e-01  2.4592094e+01         -inf  6.89329e+05  2.45921e+01  2.45921e+01
4.338806485e-01  2.4504913e+01         -inf  6.89329e+05  2.45049e+01  2.45049e+01
4.356161711e-01  2.4416710e+01         -inf  6.89329e+05  2.44167e+01  2.44167e+01
4.373586358e-01  2.4330095e+01         -inf  6.89329e+05  2.43301e+01  2.43301e+01
4.391080703e-01  2.4246468e+01         -inf  6.89329e+05  2.42465e+01  2.42465e+01
4.408645026e-01  2.4163635e+01         -inf  6.89329e+05  2.41636e+01  2.41636e+01
4.426279606e-01  2.4079854e+01         -inf  6.89329e+05  2.40799e+01  2.40799e+01
4.443984725e-01  2.3992856e+01         -inf  6.89329e+05  2.39929e+01  2.39929e+01
4.461760664e-01  2.3904116e+01         -inf  6.89329e+05  2.39041e+01  2.39041e+01
4.479607706e-01  2.3819008e+01         -inf  6.89329e+05  2.38190e+01  2.38190e+01
4.497526137e-01  2.3737910e+01         -inf  6.89329e+05  2.37379e+01  2.37379e+01
4.515516242e-01  2.3654691e+01         -inf  6.89329e+05  2.36547e+01  2.36547e+01
4.533578307e-01  2.3569012e+01         -inf  6.89329e+05  2.35690e+01  2.35690e+01
4.551712620e-01  2.3486662e+01         -inf  6.89329e+05  2.34867e+01  2.34867e+01
4.569919470e-01  2.3410404e+01         -inf  6.89329e+05  2.34104e+01  2.34104e+01
4.588199148e-01  2.3337324e+01         -inf  6.89329e+05  2.33373e+01  2.33373e+01
4.606551945e-01  2.3263675e+01         -inf  6.89329e+05  2.32637e+01  2.32637e+01
4.624978152e-01  2.3182532e+01         -inf  6.89329e+05  2.31825e+01  2.31825e+01
4.643478065e-01  2.3093629e+01         -inf  6.89329e+05  2.30936e+01  2.30936e+01
4.662051977e-01  2.3007451e+01         -inf  6.89329e+05  2.30075e+01  2.30075e+01
4.680700185e-01  2.2931111e+01         -inf  6.89329e+05  2.29311e+01  2.29311e+01
4.699422986e-01  2.2857193e+01         -inf  6.89329e+05  2.28572e+01  2.28572e+01
4.718220678e-01  2.2777521e+01         -inf  6.89329e+05  2.27775e+01  2.27775e+01
4.737093561e-01  2.2698491e+01         -inf  6.89329e+05  2.26985e+01  2.26985e+01
4.756041935e-01  2.2628280e+01         -inf  6.89329e+05  2.26283e+01  2.26283e+01
4.775066103e-01  2.2567757e+01         -inf  6.89329e+05  2.25678e+01  2.25678e+01
4.794166367e-01  2.2512306e+01         -inf  6.89329e+05  2.25123e+01  2.25123e+01
4.813343033e-01  2.2453864e+01         -inf  6.89329e+05  2.24539e+01  2.24539e+01
4.832596405e-01  2.2379714e+01         -inf  6.89329e+05  2.23797e+01  2.23797e+01
4.851926790e-01  2.2292238e+01         -inf  6.89329e+05  2.22922e+01  2.22922e+01
4.871334497e-01  2.2207827e+01         -inf  6.89329e+05  2.22078e+01  2.22078e+01
4.890819835e-01  2.2137724e+01         -inf  6.89329e+05  2.21377e+01  2.21377e+01
4.910383115e-01  2.2074055e+01         -inf  6.89329e+05  2.20741e+01  2.20741e+01
4.930024647e-01  2.2004518e+01         -inf  6.89329e+05  2.20045e+01  2.20045e+01
4.949744746e-01  2.1934034e+01         -inf  6.89329e+05  2.19340e+01  2.19340e+01
4.969543725e-01  2.1874641e+01         -inf  6.89329e+05  2.18746e+01  2.18746e+01
4.989421900e-01  2.1830464e+01         -inf  6.89329e+05  2.18305e+01  2.18305e+01
5.009379587e-01  2.1796508e+01         -inf  6.89329e+05  2.17965e+01  2.17965e+01
5.029417106e-01  2.1764445e+01         -inf  6.89329e+05  2.17644e+01  2.17644e+01
5.049534774e-01  2.1719094e+01         -inf  6.89329e+05  2.17191e+01  2.17191e+01
5.069732913e-01  2.1651106e+01         -inf  6.89329e+05  2.16511e+01  2.16511e+01
5.090011845e-01  2.1569374e+01         -inf  6.89329e+05  2.15694e+01  2.15694e+01
5.110371892e-01  2.1493926e+01         -inf  6.89329e+05  2.14939e+01  2.14939e+01
5.130813380e-01  2.1434794e+01         -inf  6.89329e+05  2.14348e+01  2.14348e+01
5.151336633e-01  2.1384254e+01         -inf  6.89329e+05  2.13843e+01  2.13843e+01
5.171941980e-01  2.1332162e+01         -inf  6.89329e+05  2.13322e+01  2.13322e+01
5.192629748e-01  2.1280070e+01         -inf  6.89329e+05  2.12801e+01  2.12801e+01
5.213400267e-01  2.1235397e+01         -inf  6.89329e+05  2.12354e+01  2.12354e+01
5.234253868e-01  2.1203293e+01         -inf  6.89329e+05  2.12033e+01  2.12033e+01
5.255190883e-01  2.1182092e+01         -inf  6.89329e+05  2.11821e+01  2.11821e+01
5.276211647e-01  2.1165700e+01         -inf  6.89329e+05  2.11657e+01  2.11657e+01
5.297316493e-01  2.1146657e+01         -inf  6.89329e+05  2.11467e+01  2.11467e+01
5.318505759e-01  2.1116786e+01         -inf  6.89329e+05  2.11168e+01  2.11168e+01
5.339779782e-01  2.1070106e+01         -inf  6.89329e+05  2.10701e+01  2.10701e+01
5.361138902e-01  2.1009493e+01         -inf  6.89329e+05  2.10095e+01  2.10095e+01
5.382583457e-01  2.0952551e+01         -inf  6.89329e+05  2.09526e+01  2.09526e+01
5.404113791e-01  2.0912798e+01         -inf  6.89329e+05  2.09128e+01  2.09128e+01
5.425730246e-01  2.0884630e+01         -inf  6.89329e+05  2.08846e+01  2.08846e+01
5.447433167e-01  2.0855137e+01         -inf  6.89329e+05  2.08551e+01  2.08551e+01
5.469222900e-01  2.0818450e+01         -inf  6.89329e+05  2.08184e+01  2.08184e+01
5.491099791e-01  2.0777863e+01         -inf  6.89329e+05  2.07779e+01  2.07779e+01
5.513064191e-01  2.0738260e+01         -inf  6.89329e+05  2.07383e+01  2.07383e+01
5.535116447e-01  2.0702784e+01         -inf  6.89329e+05  2.07028e+01  2.07028e+01
5.557256913e-01  2.0675600e+01         -inf  6.89329e+05  2.06756e+01  2.06756e+01
5.579485941e-01  2.0661326e+01         -inf  6.89329e+05  2.06613e+01  2.06613e+01
5.601803884e-01  2.0658638e+01         -inf  6.89329e+05  2.06586e+01  2.06586e+01
5.624211100e-01  2.0657464e+01         -inf  6.89329e+05  2.06575e+01  2.06575e+01
5.646707944e-01  2.0647847e+01         -inf  6.89329e+05  2.06478e+01  2.06478e+01
5.669294776e-01  2.0630431e+01         -inf  6.89329e+05  2.06304e+01  2.06304e+01
5.691971955e-01  2.0611878e+01         -inf  6.89329e+05  2.06119e+01  2.06119e+01
5.714739843e-01  2.0593364e+01         -inf  6.89329e+05  2.05934e+01  2.05934e+01
5.737598803e-01  2.0563528e+01         -inf  6.89329e+05  2.05635e+01  2.05635e+01
5.760549198e-01  2.0512641e+01         -inf  6.89329e+05  2.05126e+01  2.05126e+01
5.783591395e-01  2.0446760e+01         -inf  6.89329e+05  2.04468e+01  2.04468e+01
5.806725760e-01  2.0375729e+01         -inf  6.89329e+05  2.03757e+01  2.03757e+01
5.829952663e-01  2.0308180e+01         -inf  6.89329e+05  2.03082e+01  2.03082e+01
5.853272474e-01  2.0249074e+01         -inf  6.89329e+05  2.02491e+01  2.02491e+01
5.876685564e-01  2.0200494e+01         -inf  6.89329e+05  2.02005e+01  2.02005e+01
5.900192306e-01  2.0164712e+01         -inf  6.89329e+05  2.01647e+01  2.01647e+01
5.923793075e-01  2.0148128e+01         -inf  6.89329e+05  2.01481e+01  2.01481e+01
5.947488247e-01  2.0152406e+01         -inf  6.89329e+05  2.01524e+01  2.01524e+01
5.971278200e-01  2.0164144e+01         -inf  6.89329e+05  2.01641e+01  2.01641e+01
5.995163313e-01  2.0166946e+01         -inf  6.89329e+05  2.01669e+01  2.01669e+01
6.019143966e-01  2.0146424e+01         -inf  6.89329e+05  2.01464e+01  2.01464e+01
6.043220542e-01  2.0097502e+01         -inf  6.89329e+05  2.00975e+01  2.00975e+01
6.067393425e-01  2.0024574e+01         -inf  6.89329e+05  2.00246e+01  2.00246e+01
6.091662998e-01  1.9935438e+01         -inf  6.89329e+05  1.99354e+01  1.99354e+01
6.116029650e-01  1.9841226e+01         -inf  6.89329e+05  1.98412e+01  1.98412e+01
6.140493769e-01  1.9749702e+01         -inf  6.89329e+05  1.97497e+01  1.97497e+01
6.165055744e-01  1.9663933e+01         -inf  6.89329e+05  1.96639e+01  1.96639e+01
6.189715967e-01  1.9585092e+01         -inf  6.89329e+05  1.95851e+01  1.95851e+01
6.214474831e-01  1.9512612e+01         -inf  6.89329e+05  1.95126e+01  1.95126e+01
6.239332730e-01  1.9442933e+01         -inf  6.89329e+05  1.94429e+01  1.94429e+01
6.264290061e-01  1.9371929e+01         -inf  6.89329e+05  1.93719e+01  1.93719e+01
6.289347221e-01  1.9310997e+01         -inf  6.89329e+05  1.93110e+01  1.93110e+01
6.314504610e-01  1.9223555e+01         -inf  6.89329e+05  1.92236e+01  1.92236e+01
6.339762629e-01  1.9143383e+01         -inf  6.89329e+05  1.91434e+01  1.91434e+01
6.365121679e-01  1.9060900e+01         -inf  6.89329e+05  1.90609e+01  1.90609e+01
6.390582166e-01  1.8976560e+01         -inf  6.89329e+05  1.89766e+01  1.89766e+01
6.416144494e-01  1.8891879e+01         -inf  6.89329e+05  1.88919e+01  1.88919e+01
6.441809072e-01  1.8813710e+01         -inf  6.89329e+05  1.88137e+01  1.88137e+01
6.467576309e-01  1.8738835e+01         -inf  6.89329e+05  1.87388e+01  1.87388e+01
6.493446614e-01  1.8666346e+01         -inf  6.89329e+05  1.86663e+01  1.86663e+01
6.519420400e-01  1.8597151e+01         -inf  6.89329e+05  1.85972e+01  1.85972e+01
6.545498082e-01  1.8525985e+01         -inf  6.89329e+05  1.85260e+01  1.85260e+01
6.571680074e-01  1.8454554e+01         -inf  6.89329e+05  1.84546e+01  1.84546e+01
6.597966795e-01  1.8385167e+01         -inf  6.89329e+05  1.83852e+01  1.83852e+01
6.624358662e-01  1.8317748e+01         -inf  6.89329e+05  1.83177e+01  1.83177e+01
6.650856096e-01  1.8247224e+01         -inf  6.89329e+05  1.82472e+01  1.82472e+01
6.677459521e-01  1.8173138e+01         -inf  6.89329e+05  1.81731e+01  1.81731e+01
6.704169359e-01  1.8099884e+01         -inf  6.89329e+05  1.80999e+01  1.80999e+01
6.730986036e-01  1.8029168e+01         -inf  6.89329e+05  1.80292e+01  1.80292e+01
6.757909981e-01  1.7961973e+01         -inf  6.89329e+05  1.79620e+01  1.79620e+01
6.784941620e-01  1.7897012e+01         -inf  6.89329e+05  1.78970e+01  1.78970e+01
6.812081387e-01  1.7838377e+01         -inf  6.89329e+05  1.78384e+01  1.78384e+01
6.839329712e-01  1.7786597e+01         -inf  6.89329e+05  1.77866e+01  1.77866e+01
6.866687031e-01  1.7861634e+01         -inf  6.89329e+05  1.78616e+01  1.78616e+01
6.894153779e-01  1.7817998e+01         -inf  6.89329e+05  1.78180e+01  1.78180e+01
6.921730395e-01  1.7638338e+01         -inf  6.89329e+05  1.76383e+01  1.76383e+01
6.949417316e-01  1.7543486e+01         -inf  6.89329e+05  1.75435e+01  1.75435e+01
6.977214985e-01  1.7483446e+01         -inf  6.89329e+05  1.74834e+01  1.74834e+01
7.005123845e-01  1.7428064e+01         -inf  6.89329e+05  1.74281e+01  1.74281e+01
7.033144341e-01  1.7378895e+01         -inf  6.89329e+05  1.73789e+01  1.73789e+01
7.061276918e-01  1.7334574e+01         -inf  6.89329e+05  1.73346e+01  1.73346e+01
7.089522026e-01  1.7292980e+01         -inf  6.89329e+05  1.72930e+01  1.72930e+01
7.117880114e-01  1.7254605e+01         -inf  6.89329e+05  1.72546e+01  1.72546e+01
7.146351634e-01  1.7222482e+01         -inf  6.89329e+05  1.72225e+01  1.72225e+01
7.174937041e-01  1.7183993e+01         -inf  6.89329e+05  1.71840e+01  1.71840e+01
7.203636789e-01  1.7130238e+01         -inf  6.89329e+05  1.71302e+01  1.71302e+01
7.232451336e-01  1.7079248e+01         -inf  6.89329e+05  1.70792e+01  1.70792e+01
7.261381142e-01  1.7036516e+01         -inf  6.89329e+05  1.70365e+01  1.70365e+01
7.290426666e-01  1.6991775e+01         -inf  6.89329e+05  1.69918e+01  1.69918e+01
7.319588373e-01  1.6951126e+01         -inf  6.89329e+05  1.69511e+01  1.69511e+01
7.348866726e-01  1.6918319e+01         -inf  6.89329e+05  1.69183e+01  1.69183e+01
7.378262193e-01  1.6889186e+01         -inf  6.89329e+05  1.68892e+01  1.68892e+01
7.407775242e-01  1.6863084e+01         -inf  6.89329e+05  1.68631e+01  1.68631e+01
7.437406343e-01  1.6844180e+01         -inf  6.89329e+05  1.68442e+01  1.68442e+01
7.467155968e-01  1.6827435e+01         -inf  6.89329e+05  1.68274e+01  1.68274e+01
7.497024592e-01  1.6794172e+01         -inf  6.89329e+05  1.67942e+01  1.67942e+01
7.527012690e-01  1.6740793e+01         -inf  6.89329e+05  1.67408e+01  1.67408e+01
7.557120741e-01  1.6691087e+01         -inf  6.89329e+05  1.66911e+01  1.66911e+01
7.587349224e-01  1.6853537e+01         -inf  6.89329e+05  1.68535e+01  1.68535e+01
7.617698621e-01  1.7464657e+01         -inf  6.89329e+05  1.74647e+01  1.74647e+01
7.648169416e-01  1.7032424e+01         -inf  6.89329e+05  1.70324e+01  1.70324e+01
7.678762093e-01  1.6633880e+01         -inf  6.89329e+05  1.66339e+01  1.66339e+01
7.709477142e-01  1.6546440e+01         -inf  6.89329e+05  1.65464e+01  1.65464e+01
7.740315050e-01  1.6535036e+01         -inf  6.89329e+05  1.65350e+01  1.65350e+01
7.771276310e-01  1.6531020e+01         -inf  6.89329e+05  1.65310e+01  1.65310e+01
7.802361416e-01  1.6513706e+01         -inf  6.89329e+05  1.65137e+01  1.65137e+01
7.833570861e-01  1.6474228e+01         -inf  6.89329e+05  1.64742e+01  1.64742e+01
7.864905145e-01  1.6428802e+01         -inf  6.89329e+05  1.64288e+01  1.64288e+01
7.896364765e-01  1.6392961e+01         -inf  6.89329e+05  1.63930e+01  1.63930e+01
7.927950224e-01  1.6360037e+01         -inf  6.89329e+05  1.63600e+01  1.63600e+01
7.959662025e-01  1.6330069e+01         -inf  6.89329e+05  1.63301e+01  1.63301e+01
7.991500673e-01  1.6304987e+01         -inf  6.89329e+05  1.63050e+01  1.63050e+01
8.023466676e-01  1.6282255e+01         -inf  6.89329e+05  1.62823e+01  1.62823e+01
8.055560543e-01  1.6264106e+01         -inf  6.89329e+05  1.62641e+01  1.62641e+01
8.087782785e-01  1.6255203e+01         -inf  6.89329e+05  1.62552e+01  1.62552e+01
8.120133916e-01  1.6250808e+01         -inf  6.89329e+05  1.62508e+01  1.62508e+01
8.152614452e-01  1.6244632e+01         -inf  6.89329e+05  1.62446e+01  1.62446e+01
8.185224910e-01  1.6225120e+01         -inf  6.89329e+05  1.62251e+01  1.62251e+01
8.217965809e-01  1.6187989e+01         -inf  6.89329e+05  1.61880e+01  1.61880e+01
8.250837672e-01  1.6145289e+01         -inf  6.89329e+05  1.61453e+01  1.61453e+01
8.283841023e-01  1.6110242e+01         -inf  6.89329e+05  1.61102e+01  1.61102e+01
8.316976387e-01  1.6082849e+01         -inf  6.89329e+05  1.60828e+01  1.60828e+01
8.350244293e-01  1.6060835e+01         -inf  6.89329e+05  1.60608e+01  1.60608e+01
8.383645270e-01  1.6042762e+01         -inf  6.89329e+05  1.60428e+01  1.60428e+01
8.417179851e-01  1.6027114e+01         -inf  6.89329e+05  1.60271e+01  1.60271e+01
8.450848570e-01  1.6014876e+01         -inf  6.89329e+05  1.60149e+01  1.60149e+01
8.484651965e-01  1.6008813e+01         -inf  6.89329e+05  1.60088e+01  1.60088e+01
8.518590573e-01  1.6011579e+01         -inf  6.89329e+05  1.60116e+01  1.60116e+01
8.552664935e-01  1.5998962e+01         -inf  6.89329e+05  1.59990e+01  1.59990e+01
8.586875595e-01  1.5971303e+01         -inf  6.89329e+05  1.59713e+01  1.59713e+01
8.621223097e-01  1.5939892e+01         -inf  6.89329e+05  1.59399e+01  1.59399e+01
8.655707989e-01  1.5910263e+01         -inf  6.89329e+05  1.59103e+01  1.59103e+01
8.690330821e-01  1.5889461e+01         -inf  6.89329e+05  1.58895e+01  1.58895e+01
8.725092145e-01  1.5867371e+01         -inf  6.89329e+05  1.58674e+01  1.58674e+01
8.759992513e-01  1.5849563e+01         -inf  6.89329e+05  1.58496e+01  1.58496e+01
8.795032483e-01  1.5836301e+01         -inf  6.89329e+05  1.58363e+01  1.58363e+01
8.830212613e-01  1.5828458e+01         -inf  6.89329e+05  1.58285e+01  1.58285e+01
8.865533464e-01  1.5818227e+01         -inf  6.89329e+05  1.58182e+01  1.58182e+01
8.900995597e-01  1.5804435e+01         -inf  6.89329e+05  1.58044e+01  1.58044e+01
8.936599580e-01  1.5789279e+01         -inf  6.89329e+05  1.57893e+01  1.57893e+01
8.972345978e-01  1.5781928e+01         -inf  6.89329e+05  1.57819e+01  1.57819e+01
9.008235362e-01  1.5766317e+01         -inf  6.89329e+05  1.57663e+01  1.57663e+01
9.044268304e-01  1.5744038e+01         -inf  6.89329e+05  1.57440e+01  1.57440e+01
9.080445377e-01  1.5723501e+01         -inf  6.89329e+05  1.57235e+01  1.57235e+01
9.116767158e-01  1.5706033e+01         -inf  6.89329e+05  1.57060e+01  1.57060e+01
9.153234227e-01  1.5690801e+01         -inf  6.89329e+05  1.56908e+01  1.56908e+01
9.189847164e-01  1.5677236e+01         -inf  6.89329e+05  1.56772e+01  1.56772e+01
9.226606552e-01  1.5665451e+01         -inf  6.89329e+05  1.56655e+01  1.56655e+01
9.263512979e-01  1.5653326e+01         -inf  6.89329e+05  1.56533e+01  1.56533e+01
9.300567031e-01  1.5641959e+01         -inf  6.89329e+05  1.56420e+01  1.56420e+01
9.337769299e-01  1.5630061e+01         -inf  6.89329e+05  1.56301e+01  1.56301e+01
9.375120376e-01  1.5621308e+01         -inf  6.89329e+05  1.56213e+01  1.56213e+01
9.412620857e-01  1.5617898e+01         -inf  6.89329e+05  1.56179e+01  1.56179e+01
9.450271341e-01  1.5611380e+01         -inf  6.89329e+05  1.56114e+01  1.56114e+01
9.488072426e-01  1.5592283e+01         -inf  6.89329e+05  1.55923e+01  1.55923e+01
9.526024716e-01  1.5574587e+01         -inf  6.89329e+05  1.55746e+01  1.55746e+01
9.564128815e-01  1.5562272e+01         -inf  6.89329e+05  1.55623e+01  1.55623e+01
9.602385330e-01  1.5549730e+01         -inf  6.89329e+05  1.55497e+01  1.55497e+01
9.640794871e-01  1.5538742e+01         -inf  6.89329e+05  1.55387e+01  1.55387e+01
9.679358051e-01  1.5527677e+01         -inf  6.89329e+05  1.55277e+01  1.55277e+01
9.718075483e-01  1.5516954e+01         -inf  6.89329e+05  1.55170e+01  1.55170e+01
9.756947785e-01  1.5506268e+01         -inf  6.89329e+05  1.55063e+01  1.55063e+01
9.795975576e-01  1.5496605e+01         -inf  6.89329e+05  1.54966e+01  1.54966e+01
9.835159478e-01  1.5487473e+01         -inf  6.89329e+05  1.54875e+01  1.54875e+01
9.874500116e-01  1.5480994e+01         -inf  6.89329e+05  1.54810e+01  1.54810e+01
9.913998117e-01  1.5482282e+01         -inf  6.89329e+05  1.54823e+01  1.54823e+01
9.953654109e-01  1.5468868e+01         -inf  6.89329e+05  1.54689e+01  1.54689e+01
9.993468726e-01  1.5453294e+01         -inf  6.89329e+05  1.54533e+01  1.54533e+01
1.003344260e+00  1.5442116e+01         -inf  6.89329e+05  1.54421e+01  1.54421e+01
1.007357637e+00  1.5432453e+01         -inf  6.89329e+05  1.54325e+01  1.54325e+01
1.011387068e+00  1.5423435e+01         -inf  6.89329e+05  1.54234e+01  1.54234e+01
1.015432616e+00  1.5414568e+01         -inf  6.89329e+05  1.54146e+01  1.54146e+01
1.019494346e+00  1.5405701e+01         -inf  6.89329e+05  1.54057e+01  1.54057e+01
1.023572324e+00  1.5397061e+01         -inf  6.89329e+05  1.53971e+01  1.53971e+01
1.027666613e+00  1.5388687e+01         -inf  6.89329e+05  1.53887e+01  1.53887e+01
1.031777280e+00  1.5380426e+01         -inf  6.89329e+05  1.53804e+01  1.53804e+01
1.035904389e+00  1.5377016e+01         -inf  6.89329e+05  1.53770e+01  1.53770e+01
1.040048006e+00  1.5373682e+01         -inf  6.89329e+05  1.53737e+01  1.53737e+01
1.044208198e+00  1.5358827e+01         -inf  6.89329e+05  1.53588e+01  1.53588e+01
1.048385031e+00  1.5364360e+01         -inf  6.89329e+05  1.53644e+01  1.53644e+01
1.052578571e+00  1.5367846e+01         -inf  6.89329e+05  1.53678e+01  1.53678e+01
1.056788885e+00  1.5336546e+01         -inf  6.89329e+05  1.53365e+01  1.53365e+01
1.061016041e+00  1.5328437e+01         -inf  6.89329e+05  1.53284e+01  1.53284e+01
1.065260105e+00  1.5326353e+01         -inf  6.89329e+05  1.53264e+01  1.53264e+01
1.069521146e+00  1.5314530e+01         -inf  6.89329e+05  1.53145e+01  1.53145e+01
1.073799230e+00  1.5306307e+01         -inf  6.89329e+05  1.53063e+01  1.53063e+01
1.078094427e+00  1.5299259e+01         -inf  6.89329e+05  1.52993e+01  1.52993e+01
1.082406805e+00  1.5292362e+01         -inf  6.89329e+05  1.52924e+01  1.52924e+01
1.086736432e+00  1.5285769e+01         -inf  6.89329e+05  1.52858e+01  1.52858e+01
1.091083378e+00  1.5279554e+01         -inf  6.89329e+05  1.52796e+01  1.52796e+01
1.095447711e+00  1.5273529e+01         -inf  6.89329e+05  1.52735e+01  1.52735e+01
1.099829502e+00  1.5267163e+01         -inf  6.89329e+05  1.52672e+01  1.52672e+01
1.104228820e+00  1.5260797e+01         -inf  6.89329e+05  1.52608e+01  1.52608e+01
1.108645735e+00  1.5255265e+01         -inf  6.89329e+05  1.52553e+01  1.52553e+01
1.113080318e+00  1.5252536e+01         -inf  6.89329e+05  1.52525e+01  1.52525e+01
1.117532640e+00  1.5249429e+01         -inf  6.89329e+05  1.52494e+01  1.52494e+01
1.122002770e+00  1.5248557e+01         -inf  6.89329e+05  1.52486e+01  1.52486e+01
1.126490781e+00  1.5251854e+01         -inf  6.89329e+05  1.52519e+01  1.52519e+01
1.130996744e+00  1.5247875e+01         -inf  6.89329e+05  1.52479e+01  1.52479e+01
1.135520731e+00  1.5246132e+01         -inf  6.89329e+05  1.52461e+01  1.52461e+01
1.140062814e+00  1.5226465e+01         -inf  6.89329e+05  1.52265e+01  1.52265e+01
1.144623065e+00  1.5220516e+01         -inf  6.89329e+05  1.52205e+01  1.52205e+01
1.149201558e+00  1.5223775e+01         -inf  6.89329e+05  1.52238e+01  1.52238e+01
1.153798364e+00  1.5238174e+01         -inf  6.89329e+05  1.52382e+01  1.52382e+01
1.158413557e+00  1.5225328e+01         -inf  6.89329e+05  1.52253e+01  1.52253e+01
1.163047212e+00  1.5235977e+01         -inf  6.89329e+05  1.52360e+01  1.52360e+01
1.167699401e+00  1.5215665e+01         -inf  6.89329e+05  1.52157e+01  1.52157e+01
1.172370198e+00  1.5200811e+01         -inf  6.89329e+05  1.52008e+01  1.52008e+01
1.177059679e+00  1.5187927e+01         -inf  6.89329e+05  1.51879e+01  1.51879e+01
1.181767918e+00  1.5179439e+01         -inf  6.89329e+05  1.51794e+01  1.51794e+01
1.186494989e+00  1.5173035e+01         -inf  6.89329e+05  1.51730e+01  1.51730e+01
1.191240969e+00  1.5166593e+01         -inf  6.89329e+05  1.51666e+01  1.51666e+01
1.196005933e+00  1.5158445e+01         -inf  6.89329e+05  1.51584e+01  1.51584e+01
1.200789957e+00  1.5213468e+01         -inf  6.89329e+05  1.52135e+01  1.52135e+01
1.205593117e+00  1.5523433e+01         -inf  6.89329e+05  1.55234e+01  1.55234e+01
1.210415489e+00  1.5288838e+01         -inf  6.89329e+05  1.52888e+01  1.52888e+01
1.215257151e+00  1.5177620e+01         -inf  6.89329e+05  1.51776e+01  1.51776e+01
1.220118180e+00  1.5441093e+01         -inf  6.89329e+05  1.54411e+01  1.54411e+01
1.224998652e+00  1.5253332e+01         -inf  6.89329e+05  1.52533e+01  1.52533e+01
1.229898647e+00  1.5139953e+01         -inf  6.89329e+05  1.51400e+01  1.51400e+01
1.234818242e+00  1.5134496e+01         -inf  6.89329e+05  1.51345e+01  1.51345e+01
1.239757515e+00  1.5122825e+01         -inf  6.89329e+05  1.51228e+01  1.51228e+01
1.244716545e+00  1.5113389e+01         -inf  6.89329e+05  1.51134e+01  1.51134e+01
1.249695411e+00  1.5111305e+01         -inf  6.89329e+05  1.51113e+01  1.51113e+01
1.254694192e+00  1.5112858e+01         -inf  6.89329e+05  1.51129e+01  1.51129e+01
1.259712969e+00  1.5127448e+01         -inf  6.89329e+05  1.51274e+01  1.51274e+01
1.264751821e+00  1.5182660e+01         -inf  6.89329e+05  1.51827e+01  1.51827e+01
1.269810828e+00  1.5237417e+01         -inf  6.89329e+05  1.52374e+01  1.52374e+01
1.274890072e+00  1.5119300e+01         -inf  6.89329e+05  1.51193e+01  1.51193e+01
1.279989632e+00  1.5094025e+01         -inf  6.89329e+05  1.50940e+01  1.50940e+01
1.285109591e+00  1.5085385e+01         -inf  6.89329e+05  1.50854e+01  1.50854e+01
1.290250029e+00  1.5111153e+01         -inf  6.89329e+05  1.51112e+01  1.51112e+01
1.295411029e+00  1.5106530e+01         -inf  6.89329e+05  1.51065e+01  1.51065e+01
1.300592673e+00  1.5075380e+01         -inf  6.89329e+05  1.50754e+01  1.50754e+01
1.305795044e+00  1.5071174e+01         -inf  6.89329e+05  1.50712e+01  1.50712e+01
1.311018224e+00  1.5087848e+01         -inf  6.89329e+05  1.50878e+01  1.50878e+01
1.316262297e+00  1.5183948e+01         -inf  6.89329e+05  1.51839e+01  1.51839e+01
1.321527346e+00  1.5134231e+01         -inf  6.89329e+05  1.51342e+01  1.51342e+01
1.326813455e+00  1.5075608e+01         -inf  6.89329e+05  1.50756e+01  1.50756e+01
1.332120709e+00  1.5127789e+01         -inf  6.89329e+05  1.51278e+01  1.51278e+01
1.337449192e+00  1.5117898e+01         -inf  6.89329e+05  1.51179e+01  1.51179e+01
1.342798989e+00  1.5130024e+01         -inf  6.89329e+05  1.51300e+01  1.51300e+01
1.348170185e+00  1.5084134e+01         -inf  6.89329e+05  1.50841e+01  1.50841e+01
1.353562866e+00  1.5084627e+01         -inf  6.89329e+05  1.50846e+01  1.50846e+01
1.358977117e+00  1.5094138e+01         -inf  6.89329e+05  1.50941e+01  1.50941e+01
1.364413026e+00  1.5088075e+01         -inf  6.89329e+05  1.50881e+01  1.50881e+01
1.369870678e+00  1.5081292e+01         -inf  6.89329e+05  1.50813e+01  1.50813e+01
1.375350160e+00  1.5085801e+01         -inf  6.89329e+05  1.50858e+01  1.50858e+01
1.380851561e+00  1.5086976e+01         -inf  6.89329e+05  1.50870e+01  1.50870e+01
1.386374967e+00  1.5086521e+01         -inf  6.89329e+05  1.50865e+01  1.50865e+01
1.391920467e+00  1.5079814e+01         -inf  6.89329e+05  1.50798e+01  1.50798e+01
1.397488149e+00  1.5076100e+01         -inf  6.89329e+05  1.50761e+01  1.50761e+01
1.403078102e+00  1.5077199e+01         -inf  6.89329e+05  1.50772e+01  1.50772e+01
1.408690414e+00  1.5073031e+01         -inf  6.89329e+05  1.50730e+01  1.50730e+01
1.414325176e+00  1.5047717e+01         -inf  6.89329e+05  1.50477e+01  1.50477e+01
1.419982476e+00  1.5035629e+01         -inf  6.89329e+05  1.50356e+01  1.50356e+01
1.425662406e+00  1.5029035e+01         -inf  6.89329e+05  1.50290e+01  1.50290e+01
1.431365056e+00  1.6925214e+01         -inf  6.89329e+05  1.69252e+01  1.69252e+01
1.437090516e+00  1.6468470e+01         -inf  6.89329e+05  1.64685e+01  1.64685e+01
1.442838878e+00  1.5705313e+01         -inf  6.89329e+05  1.57053e+01  1.57053e+01
1.448610234e+00  1.5164849e+01         -inf  6.89329e+05  1.51648e+01  1.51648e+01
1.454404675e+00  1.5014332e+01         -inf  6.89329e+05  1.50143e+01  1.50143e+01
1.460222293e+00  1.5001068e+01         -inf  6.89329e+05  1.50011e+01  1.50011e+01
1.466063182e+00  1.4997771e+01         -inf  6.89329e+05  1.49978e+01  1.49978e+01
1.471927435e+00  1.5150412e+01         -inf  6.89329e+05  1.51504e+01  1.51504e+01
1.477815145e+00  1.5121006e+01         -inf  6.89329e+05  1.51210e+01  1.51210e+01
1.483726405e+00  1.5019561e+01         -inf  6.89329e+05  1.50196e+01  1.50196e+01
1.489661311e+00  1.4994929e+01         -inf  6.89329e+05  1.49949e+01  1.49949e+01
1.495619956e+00  1.5029186e+01         -inf  6.89329e+05  1.50292e+01  1.50292e+01
1.501602436e+00  1.5003342e+01         -inf  6.89329e+05  1.50033e+01  1.50033e+01
1.507608846e+00  1.4982803e+01         -inf  6.89329e+05  1.49828e+01  1.49828e+01
1.513639281e+00  1.4980946e+01         -inf  6.89329e+05  1.49809e+01  1.49809e+01
1.519693838e+00  1.4979847e+01         -inf  6.89329e+05  1.49798e+01  1.49798e+01
1.525772614e+00  1.5010504e+01         -inf  6.89329e+05  1.50105e+01  1.50105e+01
1.531875704e+00  1.5163144e+01         -inf  6.89329e+05  1.51631e+01  1.51631e+01
1.538003207e+00  1.5265572e+01         -inf  6.89329e+05  1.52656e+01  1.52656e+01
1.544155220e+00  1.5118126e+01         -inf  6.89329e+05  1.51181e+01  1.51181e+01
1.550331841e+00  1.4973859e+01         -inf  6.89329e+05  1.49739e+01  1.49739e+01
1.556533168e+00  1.4970600e+01         -inf  6.89329e+05  1.49706e+01  1.49706e+01
1.562759301e+00  1.4972343e+01         -inf  6.89329e+05  1.49723e+01  1.49723e+01
1.569010338e+00  1.5542000e+01         -inf  6.89329e+05  1.55420e+01  1.55420e+01
1.575286379e+00  1.6037079e+01         -inf  6.89329e+05  1.60371e+01  1.60371e+01
1.581587525e+00  1.5520099e+01         -inf  6.89329e+05  1.55201e+01  1.55201e+01
1.587913875e+00  1.5007131e+01         -inf  6.89329e+05  1.50071e+01  1.50071e+01
1.594265530e+00  1.5000083e+01         -inf  6.89329e+05  1.50001e+01  1.50001e+01
1.600642593e+00  1.5934133e+01         -inf  6.89329e+05  1.59341e+01  1.59341e+01
1.607045163e+00  1.5971795e+01         -inf  6.89329e+05  1.59718e+01  1.59718e+01
1.613473344e+00  1.5446663e+01         -inf  6.89329e+05  1.54467e+01  1.54467e+01
1.619927237e+00  1.5022062e+01         -inf  6.89329e+05  1.50221e+01  1.50221e+01
1.626406946e+00  1.5006525e+01         -inf  6.89329e+05  1.50065e+01  1.50065e+01
1.632912574e+00  1.5067764e+01         -inf  6.89329e+05  1.50678e+01  1.50678e+01
1.639444224e+00  1.5221425e+01         -inf  6.89329e+05  1.52214e+01  1.52214e+01
1.646002001e+00  1.5277925e+01         -inf  6.89329e+05  1.52779e+01  1.52779e+01
1.652586009e+00  1.5188988e+01         -inf  6.89329e+05  1.51890e+01  1.51890e+01
1.659196353e+00  1.5022631e+01         -inf  6.89329e+05  1.50226e+01  1.50226e+01
1.665833138e+00  1.5330483e+01         -inf  6.89329e+05  1.53305e+01  1.53305e+01
1.672496471e+00  1.5011944e+01         -inf  6.89329e+05  1.50119e+01  1.50119e+01
1.679186457e+00  1.5040176e+01         -inf  6.89329e+05  1.50402e+01  1.50402e+01
1.685903203e+00  1.5034113e+01         -inf  6.89329e+05  1.50341e+01  1.50341e+01
1.692646815e+00  1.5028125e+01         -inf  6.89329e+05  1.50281e+01  1.50281e+01
1.699417403e+00  1.5035780e+01         -inf  6.89329e+05  1.50358e+01  1.50358e+01
1.706215072e+00  1.5144386e+01         -inf  6.89329e+05  1.51444e+01  1.51444e+01
1.713039933e+00  1.5046315e+01         -inf  6.89329e+05  1.50463e+01  1.50463e+01
1.719892092e+00  1.5032900e+01         -inf  6.89329e+05  1.50329e+01  1.50329e+01
1.726771661e+00  1.5103726e+01         -inf  6.89329e+05  1.51037e+01  1.51037e+01
1.733678747e+00  1.5017666e+01         -inf  6.89329e+05  1.50177e+01  1.50177e+01
1.740613462e+00  1.4986895e+01         -inf  6.89329e+05  1.49869e+01  1.49869e+01
1.747575916e+00  1.4967531e+01         -inf  6.89329e+05  1.49675e+01  1.49675e+01
1.754566220e+00  1.4961467e+01         -inf  6.89329e+05  1.49615e+01  1.49615e+01
1.761584485e+00  1.4962036e+01         -inf  6.89329e+05  1.49620e+01  1.49620e+01
1.768630823e+00  1.4996293e+01         -inf  6.89329e+05  1.49963e+01  1.49963e+01
1.775705346e+00  1.5029149e+01         -inf  6.89329e+05  1.50291e+01  1.50291e+01
1.782808167e+00  1.4988904e+01         -inf  6.89329e+05  1.49889e+01  1.49889e+01
1.789939400e+00  1.5068408e+01         -inf  6.89329e+05  1.50684e+01  1.50684e+01
1.797099158e+00  1.4971927e+01         -inf  6.89329e+05  1.49719e+01  1.49719e+01
1.804287554e+00  1.4974541e+01         -inf  6.89329e+05  1.49745e+01  1.49745e+01
1.811504704e+00  1.4969577e+01         -inf  6.89329e+05  1.49696e+01  1.49696e+01
1.818750723e+00  1.4955101e+01         -inf  6.89329e+05  1.49551e+01  1.49551e+01
1.826025726e+00  1.4939791e+01         -inf  6.89329e+05  1.49398e+01  1.49398e+01
1.833329829e+00  1.4937214e+01         -inf  6.89329e+05  1.49372e+01  1.49372e+01
1.840663148e+00  1.4939867e+01         -inf  6.89329e+05  1.49399e+01  1.49399e+01
1.848025801e+00  1.4936267e+01         -inf  6.89329e+05  1.49363e+01  1.49363e+01
1.855417904e+00  1.4934069e+01         -inf  6.89329e+05  1.49341e+01  1.49341e+01
1.862839576e+00  1.4930848e+01         -inf  6.89329e+05  1.49308e+01  1.49308e+01
1.870290934e+00  1.4949530e+01         -inf  6.89329e+05  1.49495e+01  1.49495e+01
1.877772098e+00  1.5278493e+01         -inf  6.89329e+05  1.52785e+01  1.52785e+01
1.885283186e+00  1.5277925e+01         -inf  6.89329e+05  1.52779e+01  1.52779e+01
1.892824319e+00  1.4973215e+01         -inf  6.89329e+05  1.49732e+01  1.49732e+01
1.900395616e+00  1.4929635e+01         -inf  6.89329e+05  1.49296e+01  1.49296e+01
1.907997199e+00  1.4925315e+01         -inf  6.89329e+05  1.49253e+01  1.49253e+01
1.915629188e+00  1.4920881e+01         -inf  6.89329e+05  1.49209e+01  1.49209e+01
1.923291704e+00  1.4918759e+01         -inf  6.89329e+05  1.49188e+01  1.49188e+01
1.930984871e+00  1.4919176e+01         -inf  6.89329e+05  1.49192e+01  1.49192e+01
1.938708811e+00  1.5003114e+01         -inf  6.89329e+05  1.50031e+01  1.50031e+01
1.946463646e+00  1.6239025e+01         -inf  6.89329e+05  1.62390e+01  1.62390e+01
1.954249500e+00  1.9793287e+01         -inf  6.89329e+05  1.97933e+01  1.97933e+01
1.962066498e+00  1.9231091e+01         -inf  6.89329e+05  1.92311e+01  1.92311e+01
1.969914764e+00  1.7936860e+01         -inf  6.89329e+05  1.79369e+01  1.79369e+01
1.977794423e+00  1.5680229e+01         -inf  6.89329e+05  1.56802e+01  1.56802e+01
1.985705601e+00  1.5233589e+01         -inf  6.89329e+05  1.52336e+01  1.52336e+01
1.993648424e+00  1.5785717e+01         -inf  6.89329e+05  1.57857e+01  1.57857e+01
2.001623017e+00  2.2126520e+01         -inf  6.89329e+05  2.21265e+01  2.21265e+01
2.009629509e+00  2.2642057e+01         -inf  6.89329e+05  2.26421e+01  2.26421e+01
2.017668027e+00  2.0871493e+01         -inf  6.89329e+05  2.08715e+01  2.08715e+01
2.025738699e+00  1.6878086e+01         -inf  6.89329e+05  1.68781e+01  1.68781e+01
2.033841654e+00  1.6344201e+01         -inf  6.89329e+05  1.63442e+01  1.63442e+01
2.041977021e+00  1.6611490e+01         -inf  6.89329e+05  1.66115e+01  1.66115e+01
2.050144929e+00  1.8245254e+01         -inf  6.89329e+05  1.82453e+01  1.82453e+01
2.058345509e+00  1.8732359e+01         -inf  6.89329e+05  1.87324e+01  1.87324e+01
2.066578891e+00  1.8263434e+01         -inf  6.89329e+05  1.82634e+01  1.82634e+01
2.074845206e+00  1.6803378e+01         -inf  6.89329e+05  1.68034e+01  1.68034e+01
2.083144587e+00  1.6166696e+01         -inf  6.89329e+05  1.61667e+01  1.61667e+01
2.091477165e+00  1.5666550e+01         -inf  6.89329e+05  1.56666e+01  1.56666e+01
2.099843074e+00  1.5341093e+01         -inf  6.89329e+05  1.53411e+01  1.53411e+01
2.108242446e+00  1.5173072e+01         -inf  6.89329e+05  1.51731e+01  1.51731e+01
2.116675416e+00  1.5081254e+01         -inf  6.89329e+05  1.50813e+01  1.50813e+01
2.125142118e+00  1.4958436e+01         -inf  6.89329e+05  1.49584e+01  1.49584e+01
2.133642686e+00  1.4944376e+01         -inf  6.89329e+05  1.49444e+01  1.49444e+01
2.142177257e+00  1.4990836e+01         -inf  6.89329e+05  1.49908e+01  1.49908e+01
2.150745966e+00  1.5188647e+01         -inf  6.89329e+05  1.51886e+01  1.51886e+01
2.159348950e+00  1.5160946e+01         -inf  6.89329e+05  1.51609e+01  1.51609e+01
2.167986346e+00  1.5114260e+01         -inf  6.89329e+05  1.51143e+01  1.51143e+01
2.176658291e+00  1.5069658e+01         -inf  6.89329e+05  1.50697e+01  1.50697e+01
2.185364924e+00  1.4975867e+01         -inf  6.89329e+05  1.49759e+01  1.49759e+01
2.194106384e+00  1.5021645e+01         -inf  6.89329e+05  1.50216e+01  1.50216e+01
2.202882810e+00  1.5427792e+01         -inf  6.89329e+05  1.54278e+01  1.54278e+01
2.211694341e+00  1.4973442e+01         -inf  6.89329e+05  1.49734e+01  1.49734e+01
2.220541118e+00  1.5090803e+01         -inf  6.89329e+05  1.50908e+01  1.50908e+01
2.229423283e+00  1.5173602e+01         -inf  6.89329e+05  1.51736e+01  1.51736e+01
2.238340976e+00  1.5208920e+01         -inf  6.89329e+05  1.52089e+01  1.52089e+01
2.247294340e+00  1.5309831e+01         -inf  6.89329e+05  1.53098e+01  1.53098e+01
2.256283517e+00  1.5344200e+01         -inf  6.89329e+05  1.53442e+01  1.53442e+01
2.265308651e+00  1.5442456e+01         -inf  6.89329e+05  1.54425e+01  1.54425e+01
2.274369886e+00  1.5616495e+01         -inf  6.89329e+05  1.56165e+01  1.56165e+01
2.283467365e+00  1.5638396e+01         -inf  6.89329e+05  1.56384e+01  1.56384e+01
2.292601235e+00  1.5792574e+01         -inf  6.89329e+05  1.57926e+01  1.57926e+01
2.301771640e+00  1.6045072e+01         -inf  6.89329e+05  1.60451e+01  1.60451e+01
2.310978726e+00  1.5368754e+01         -inf  6.89329e+05  1.53688e+01  1.53688e+01
2.320222641e+00  1.5937883e+01         -inf  6.89329e+05  1.59379e+01  1.59379e+01
2.329503532e+00  1.5623314e+01         -inf  6.89329e+05  1.56233e+01  1.56233e+01
2.338821546e+00  1.5872863e+01         -inf  6.89329e+05  1.58729e+01  1.58729e+01
2.348176832e+00  1.6077845e+01         -inf  6.89329e+05  1.60778e+01  1.60778e+01
2.357569539e+00  1.5727666e+01         -inf  6.89329e+05  1.57277e+01  1.57277e+01
2.366999817e+00  1.5853615e+01         -inf  6.89329e+05  1.58536e+01  1.58536e+01
2.376467817e+00  1.5892338e+01         -inf  6.89329e+05  1.58923e+01  1.58923e+01
2.385973688e+00  1.5415361e+01         -inf  6.89329e+05  1.54154e+01  1.54154e+01
2.395517583e+00  1.5413314e+01         -inf  6.89329e+05  1.54133e+01  1.54133e+01
2.405099653e+00  1.5172880e+01         -inf  6.89329e+05  1.51729e+01  1.51729e+01
2.414720052e+00  1.5040248e+01         -inf  6.89329e+05  1.50402e+01  1.50403e+01
2.424378932e+00  1.5156584e+01         -inf  6.89329e+05  1.51566e+01  1.51566e+01
2.434076448e+00  1.5021603e+01         -inf  6.89329e+05  1.50216e+01  1.50216e+01
2.443812753e+00  1.4975143e+01         -inf  6.89329e+05  1.49751e+01  1.49751e+01
2.453588004e+00  1.4948351e+01         -inf  6.89329e+05  1.49484e+01  1.49484e+01
2.463402356e+00  1.4918526e+01         -inf  6.89329e+05  1.49185e+01  1.49185e+01
2.473255966e+00  1.4924703e+01         -inf  6.89329e+05  1.49247e+01  1.49247e+01
2.483148990e+00  1.5132065e+01         -inf  6.89329e+05  1.51321e+01  1.51321e+01
2.493081586e+00  1.5058245e+01         -inf  6.89329e+05  1.50582e+01  1.50583e+01
2.503053912e+00  1.4997082e+01         -inf  6.89329e+05  1.49971e+01  1.49971e+01
2.513066128e+00  1.4943650e+01         -inf  6.89329e+05  1.49436e+01  1.49437e+01
2.523118392e+00  1.4919321e+01         -inf  6.89329e+05  1.49193e+01  1.49193e+01
2.533210866e+00  1.4917388e+01         -inf  6.89329e+05  1.49174e+01  1.49174e+01
2.543343709e+00  1.4905982e+01         -inf  6.89329e+05  1.49060e+01  1.49060e+01
2.553517084e+00  1.4945054e+01         -inf  6.89329e+05  1.49451e+01  1.49451e+01
2.563731152e+00  1.5094210e+01         -inf  6.89329e+05  1.50942e+01  1.50942e+01
2.573986077e+00  1.5087390e+01         -inf  6.89329e+05  1.50874e+01  1.50874e+01
2.584282021e+00  1.5159276e+01         -inf  6.89329e+05  1.51593e+01  1.51593e+01
2.594619149e+00  1.5150068e+01         -inf  6.89329e+05  1.51501e+01  1.51501e+01
2.604997626e+00  1.5101411e+01         -inf  6.89329e+05  1.51014e+01  1.51014e+01
2.615417616e+00  1.5091293e+01         -inf  6.89329e+05  1.50913e+01  1.50913e+01
2.625879287e+00  1.5018307e+01         -inf  6.89329e+05  1.50183e+01  1.50183e+01
2.636382804e+00  1.4981965e+01         -inf  6.89329e+05  1.49820e+01  1.49820e+01
2.646928335e+00  1.4963283e+01         -inf  6.89329e+05  1.49633e+01  1.49633e+01
2.657516049e+00  1.5333321e+01         -inf  6.89329e+05  1.53333e+01  1.53333e+01
2.668146113e+00  2.3302730e+01         -inf  6.89329e+05  2.33027e+01  2.33027e+01
2.678818697e+00  3.4025598e+01         -inf  6.89329e+05  3.40256e+01  3.40256e+01
2.689533972e+00  3.3406915e+01         -inf  6.89329e+05  3.34069e+01  3.34069e+01
2.700292108e+00  3.4131389e+01         -inf  6.89329e+05  3.41314e+01  3.41314e+01
2.711093276e+00  3.0274831e+01         -inf  6.89329e+05  3.02748e+01  3.02748e+01
2.721937650e+00  2.4120380e+01         -inf  6.89329e+05  2.41204e+01  2.41204e+01
2.732825400e+00  2.2406244e+01         -inf  6.89329e+05  2.24062e+01  2.24062e+01
2.743756702e+00  2.6500189e+01         -inf  6.89329e+05  2.65002e+01  2.65002e+01
2.754731729e+00  3.2707640e+01         -inf  6.89329e+05  3.27076e+01  3.27076e+01
2.765750655e+00  3.1907377e+01         -inf  6.89329e+05  3.19074e+01  3.19074e+01
2.776813658e+00  3.3253236e+01         -inf  6.89329e+05  3.32532e+01  3.32532e+01
2.787920913e+00  3.0436331e+01         -inf  6.89329e+05  3.04363e+01  3.04363e+01
2.799072596e+00  2.6323949e+01         -inf  6.89329e+05  2.63239e+01  2.63240e+01
2.810268887e+00  2.3959512e+01         -inf  6.89329e+05  2.39595e+01  2.39595e+01
2.821509962e+00  2.1781432e+01         -inf  6.89329e+05  2.17814e+01  2.17814e+01
2.832796002e+00  1.9285187e+01         -inf  6.89329e+05  1.92852e+01  1.92852e+01
2.844127186e+00  1.9439350e+01         -inf  6.89329e+05  1.94393e+01  1.94394e+01
2.855503695e+00  1.7796901e+01         -inf  6.89329e+05  1.77969e+01  1.77969e+01
2.866925710e+00  1.6588595e+01         -inf  6.89329e+05  1.65886e+01  1.65886e+01
2.878393413e+00  1.5887122e+01         -inf  6.89329e+05  1.58871e+01  1.58872e+01
2.889906986e+00  1.5367313e+01         -inf  6.89329e+05  1.53673e+01  1.53674e+01
2.901466614e+00  1.5049482e+01         -inf  6.89329e+05  1.50495e+01  1.50496e+01
2.913072481e+00  1.4915929e+01         -inf  6.89329e+05  1.49159e+01  1.49160e+01
2.924724770e+00  1.4895609e+01         -inf  6.89329e+05  1.48956e+01  1.48957e+01
2.936423670e+00  1.4884346e+01         -inf  6.89329e+05  1.48843e+01  1.48845e+01
2.948169364e+00  1.4892335e+01         -inf  6.89329e+05  1.48923e+01  1.48925e+01
2.959962042e+00  1.5001089e+01         -inf  6.89329e+05  1.50011e+01  1.50012e+01
2.971801890e+00  1.5268846e+01         -inf  6.89329e+05  1.52688e+01  1.52690e+01
2.983689097e+00  1.5399683e+01         -inf  6.89329e+05  1.53997e+01  1.53998e+01
2.995623854e+00  1.5067112e+01         -inf  6.89329e+05  1.50671e+01  1.50673e+01
3.007606349e+00  1.5069451e+01         -inf  6.89329e+05  1.50695e+01  1.50696e+01
3.019636775e+00  1.5059020e+01         -inf  6.89329e+05  1.50590e+01  1.50592e+01
3.031715322e+00  1.4914285e+01         -inf  6.89329e+05  1.49143e+01  1.49145e+01
3.043842183e+00  1.4888010e+01         -inf  6.89329e+05  1.48880e+01  1.48882e+01
3.056017552e+00  1.4886558e+01         -inf  6.89329e+05  1.48866e+01  1.48868e+01
3.068241622e+00  1.4880594e+01         -inf  6.89329e+05  1.48806e+01  1.48808e+01
3.080514588e+00  1.4877170e+01         -inf  6.89329e+05  1.48772e+01  1.48774e+01
3.092836647e+00  1.4877458e+01         -inf  6.89329e+05  1.48775e+01  1.48777e+01
3.105207993e+00  1.4888583e+01         -inf  6.89329e+05  1.48886e+01  1.48889e+01
3.117628825e+00  1.4969247e+01         -inf  6.89329e+05  1.49692e+01  1.49695e+01
3.130099341e+00  1.5121984e+01         -inf  6.89329e+05  1.51220e+01  1.51223e+01
3.142619738e+00  1.4999260e+01         -inf  6.89329e+05  1.49993e+01  1.49996e+01
3.155190217e+00  1.5140516e+01         -inf  6.89329e+05  1.51405e+01  1.51409e+01
3.167810978e+00  1.5130833e+01         -inf  6.89329e+05  1.51308e+01  1.51312e+01
3.180482222e+00  1.5574143e+01         -inf  6.89329e+05  1.55741e+01  1.55745e+01
3.193204151e+00  1.5595455e+01         -inf  6.89329e+05  1.55955e+01  1.55958e+01
3.205976967e+00  1.5741167e+01         -inf  6.89329e+05  1.57412e+01  1.57416e+01
3.218800875e+00  1.6266465e+01         -inf  6.89329e+05  1.62665e+01  1.62669e+01
3.231676079e+00  1.5933224e+01         -inf  6.89329e+05  1.59332e+01  1.59337e+01
3.244602783e+00  1.6534274e+01         -inf  6.89329e+05  1.65343e+01  1.65347e+01
3.257581194e+00  1.6585471e+01         -inf  6.89329e+05  1.65855e+01  1.65860e+01
3.270611519e+00  1.7076446e+01         -inf  6.89329e+05  1.70764e+01  1.70770e+01
3.283693965e+00  1.6240168e+01         -inf  6.89329e+05  1.62402e+01  1.62408e+01
3.296828741e+00  1.6368856e+01         -inf  6.89329e+05  1.63689e+01  1.63695e+01
3.310016056e+00  2.0459116e+01         -inf  6.89329e+05  2.04591e+01  2.04595e+01
3.323256120e+00  1.8340686e+01         -inf  6.89329e+05  1.83407e+01  1.83412e+01
3.336549144e+00  1.5436928e+01         -inf  6.89329e+05  1.54369e+01  1.54377e+01
3.349895341e+00  1.5633638e+01         -inf  6.89329e+05  1.56336e+01  1.56344e+01
3.363294922e+00  1.6591913e+01         -inf  6.89329e+05  1.65919e+01  1.65927e+01
3.376748102e+00  1.6483851e+01         -inf  6.89329e+05  1.64839e+01  1.64846e+01
3.390255094e+00  1.6546324e+01         -inf  6.89329e+05  1.65463e+01  1.65472e+01
3.403816115e+00  1.6372021e+01         -inf  6.89329e+05  1.63720e+01  1.63729e+01
3.417431379e+00  1.5737843e+01         -inf  6.89329e+05  1.57378e+01  1.57388e+01
3.431101105e+00  1.5845771e+01         -inf  6.89329e+05  1.58458e+01  1.58468e+01
3.444825509e+00  1.5717628e+01         -inf  6.89329e+05  1.57176e+01  1.57188e+01
3.458604811e+00  1.5469810e+01         -inf  6.89329e+05  1.54698e+01  1.54710e+01
3.472439231e+00  1.5708430e+01         -inf  6.89329e+05  1.57084e+01  1.57097e+01
3.486328987e+00  1.5649045e+01         -inf  6.89329e+05  1.56490e+01  1.56504e+01
3.500274303e+00  1.5372341e+01         -inf  6.89329e+05  1.53723e+01  1.53738e+01
3.514275401e+00  1.5088079e+01         -inf  6.89329e+05  1.50881e+01  1.50896e+01
3.528332502e+00  1.5293280e+01         -inf  6.89329e+05  1.52933e+01  1.52949e+01
3.542445832e+00  1.5817249e+01         -inf  6.89329e+05  1.58172e+01  1.58189e+01
3.556615616e+00  1.5251610e+01         -inf  6.89329e+05  1.52516e+01  1.52534e+01
3.570842078e+00  1.5770945e+01         -inf  6.89329e+05  1.57709e+01  1.57728e+01
3.585125446e+00  1.5651239e+01         -inf  6.89329e+05  1.56512e+01  1.56532e+01
3.599465948e+00  1.5373587e+01         -inf  6.89329e+05  1.53736e+01  1.53757e+01
3.613863812e+00  1.5344524e+01         -inf  6.89329e+05  1.53445e+01  1.53467e+01
3.628319267e+00  1.5191122e+01         -inf  6.89329e+05  1.51911e+01  1.51935e+01
3.642832544e+00  1.5369769e+01         -inf  6.89329e+05  1.53698e+01  1.53722e+01
3.657403874e+00  1.5009570e+01         -inf  6.89329e+05  1.50096e+01  1.50122e+01
3.672033490e+00  1.5113400e+01         -inf  6.89329e+05  1.51134e+01  1.51161e+01
3.686721624e+00  1.5123981e+01         -inf  6.89329e+05  1.51240e+01  1.51268e+01
3.701468510e+00  1.4997367e+01         -inf  6.89329e+05  1.49974e+01  1.50004e+01
3.716274384e+00  1.5059900e+01         -inf  6.89329e+05  1.50599e+01  1.50631e+01
3.731139482e+00  1.5091384e+01         -inf  6.89329e+05  1.50914e+01  1.50947e+01
3.746064040e+00  1.5028456e+01         -inf  6.89329e+05  1.50285e+01  1.50320e+01
3.761048296e+00  1.5000728e+01         -inf  6.89329e+05  1.50007e+01  1.50044e+01
3.776092489e+00  1.5018546e+01         -inf  6.89329e+05  1.50185e+01  1.50224e+01
3.791196859e+00  1.5142657e+01         -inf  6.89329e+05  1.51427e+01  1.51467e+01
3.806361647e+00  1.5269218e+01         -inf  6.89329e+05  1.52692e+01  1.52735e+01
3.821587093e+00  1.5142062e+01         -inf  6.89329e+05  1.51421e+01  1.51465e+01
3.836873442e+00  1.5292943e+01         -inf  6.89329e+05  1.52929e+01  1.52976e+01
3.852220935e+00  1.5302800e+01         -inf  6.89329e+05  1.53028e+01  1.53076e+01
3.867629819e+00  1.5361365e+01         -inf  6.89329e+05  1.53614e+01  1.53662e+01
3.883100338e+00  1.5576869e+01         -inf  6.89329e+05  1.55769e+01  1.55817e+01
3.898632740e+00  1.5439756e+01         -inf  6.89329e+05  1.54398e+01  1.54451e+01
3.914227271e+00  1.5570818e+01         -inf  6.89329e+05  1.55708e+01  1.55763e+01
3.929884180e+00  1.5521011e+01         -inf  6.89329e+05  1.55210e+01  1.55268e+01
3.945603716e+00  1.5447955e+01         -inf  6.89329e+05  1.54480e+01  1.54542e+01
3.961386131e+00  1.5477468e+01         -inf  6.89329e+05  1.54775e+01  1.54841e+01
3.977231676e+00  1.5712239e+01         -inf  6.89329e+05  1.57122e+01  1.57191e+01
3.993140603e+00  1.5750652e+01         -inf  6.89329e+05  1.57507e+01  1.57578e+01
4.009113165e+00  1.6023195e+01         -inf  6.89329e+05  1.60232e+01  1.60305e+01
4.025149618e+00  1.6267342e+01         -inf  6.89329e+05  1.62673e+01  1.62748e+01
4.041250216e+00  1.6571473e+01         -inf  6.89329e+05  1.65715e+01  1.65790e+01
4.057415217e+00  1.6802268e+01         -inf  6.89329e+05  1.68023e+01  1.68100e+01
4.073644878e+00  1.7197689e+01         -inf  6.89329e+05  1.71977e+01  1.72054e+01
4.089939457e+00  1.7559513e+01         -inf  6.89329e+05  1.75595e+01  1.75672e+01
4.106299215e+00  1.7857887e+01         -inf  6.89329e+05  1.78579e+01  1.78658e+01
4.122724412e+00  1.8145581e+01         -inf  6.89329e+05  1.81456e+01  1.81536e+01
4.139215310e+00  1.8398004e+01         -inf  6.89329e+05  1.83980e+01  1.84061e+01
4.155772171e+00  1.8609280e+01         -inf  6.89329e+05  1.86093e+01  1.86166e+01
4.172395260e+00  2.0306501e+01         -inf  6.89329e+05  2.03065e+01  2.03098e+01
4.189084841e+00  2.6495718e+01         -inf  6.89329e+05  2.64957e+01  2.64967e+01
4.205841180e+00  3.6131315e+01         -inf  6.89329e+05  3.61313e+01  3.61334e+01
4.222664545e+00  4.4307206e+01         -inf  6.89329e+05  4.43072e+01  4.43117e+01
4.239555203e+00  4.7751927e+01         -inf  6.89329e+05  4.77519e+01  4.77571e+01
4.256513424e+00  4.5848120e+01         -inf  6.89329e+05  4.58481e+01  4.58510e+01
4.273539477e+00  4.7600861e+01         -inf  6.89329e+05  4.76009e+01  4.76051e+01
4.290633635e+00  4.6010105e+01         -inf  6.89329e+05  4.60101e+01  4.60142e+01
4.307796170e+00  4.3131235e+01         -inf  6.89329e+05  4.31312e+01  4.31350e+01
4.325027355e+00  3.9664905e+01         -inf  6.89329e+05  3.96649e+01  3.96676e+01
4.342327464e+00  3.7237196e+01         -inf  6.89329e+05  3.72372e+01  3.72391e+01
4.359696774e+00  3.5999893e+01         -inf  6.89329e+05  3.59999e+01  3.60009e+01
4.377135561e+00  3.3488830e+01         -inf  6.89329e+05  3.34888e+01  3.34895e+01
4.394644103e+00  3.3489091e+01         -inf  6.89329e+05  3.34891e+01  3.34896e+01
4.412222680e+00  3.2549368e+01         -inf  6.89329e+05  3.25494e+01  3.25499e+01
4.429871570e+00  3.0257031e+01         -inf  6.89329e+05  3.02570e+01  3.02579e+01
4.447591057e+00  2.6387905e+01         -inf  6.89329e+05  2.63879e+01  2.63900e+01
4.465381421e+00  2.2941177e+01         -inf  6.89329e+05  2.29412e+01  2.29444e+01
4.483242946e+00  2.0053511e+01         -inf  6.89329e+05  2.00535e+01  2.00583e+01
4.501175918e+00  1.8359804e+01         -inf  6.89329e+05  1.83598e+01  1.83693e+01
4.519180622e+00  1.8453927e+01         -inf  6.89329e+05  1.84539e+01  1.84619e+01
4.537257344e+00  1.7883446e+01         -inf  6.89329e+05  1.78834e+01  1.78942e+01
4.555406374e+00  1.7170674e+01         -inf  6.89329e+05  1.71707e+01  1.71863e+01
4.573627999e+00  1.6523987e+01         -inf  6.89329e+05  1.65240e+01  1.65455e+01
4.591922511e+00  1.5868544e+01         -inf  6.89329e+05  1.58685e+01  1.58969e+01
4.610290201e+00  1.5539407e+01         -inf  6.89329e+05  1.55394e+01  1.55717e+01
4.628731362e+00  1.5346033e+01         -inf  6.89329e+05  1.53460e+01  1.53808e+01
4.647246288e+00  1.5217139e+01         -inf  6.89329e+05  1.52171e+01  1.52538e+01
4.665835273e+00  1.5139407e+01         -inf  6.89329e+05  1.51394e+01  1.51778e+01
4.684498614e+00  1.5675785e+01         -inf  6.89329e+05  1.56758e+01  1.57156e+01
4.703236608e+00  1.9798646e+01         -inf  6.89329e+05  1.97986e+01  1.98343e+01
4.722049555e+00  2.0244913e+01         -inf  6.89329e+05  2.02449e+01  2.02822e+01
4.740937753e+00  1.9067657e+01         -inf  6.89329e+05  1.90677e+01  1.91076e+01
4.759901504e+00  1.9463711e+01         -inf  6.89329e+05  1.94637e+01  1.95055e+01
4.778941110e+00  1.9378584e+01         -inf  6.89329e+05  1.93786e+01  1.94181e+01
4.798056874e+00  1.8641799e+01         -inf  6.89329e+05  1.86418e+01  1.86809e+01
4.817249102e+00  2.1275362e+01         -inf  6.89329e+05  2.12754e+01  2.13012e+01
4.836518098e+00  1.8621216e+01         -inf  6.89329e+05  1.86212e+01  1.86551e+01
4.855864171e+00  1.8594889e+01         -inf  6.89329e+05  1.85949e+01  1.86279e+01
4.875287627e+00  1.7406636e+01         -inf  6.89329e+05  1.74066e+01  1.74475e+01
4.894788778e+00  1.6307467e+01         -inf  6.89329e+05  1.63075e+01  1.63586e+01
4.914367933e+00  1.6395910e+01         -inf  6.89329e+05  1.63959e+01  1.64534e+01
4.934025405e+00  1.5496047e+01         -inf  6.89329e+05  1.54960e+01  1.55609e+01
4.953761506e+00  1.5383650e+01         -inf  6.89329e+05  1.53837e+01  1.54511e+01
4.973576552e+00  1.5141117e+01         -inf  6.89329e+05  1.51411e+01  1.52118e+01
4.993470859e+00  1.4985595e+01         -inf  6.89329e+05  1.49856e+01  1.50594e+01
5.013444742e+00  1.4852927e+01         -inf  6.89329e+05  1.48529e+01  1.49298e+01
5.033498521e+00  1.4830122e+01         -inf  6.89329e+05  1.48301e+01  1.49099e+01
5.053632515e+00  1.4823799e+01         -inf  6.89329e+05  1.48238e+01  1.49064e+01
5.073847045e+00  1.4880050e+01         -inf  6.89329e+05  1.48801e+01  1.49650e+01
5.094142433e+00  1.5004779e+01         -inf  6.89329e+05  1.50048e+01  1.50918e+01
5.114519003e+00  1.5010085e+01         -inf  6.89329e+05  1.50101e+01  1.51001e+01
5.134977079e+00  1.4888483e+01         -inf  6.89329e+05  1.48885e+01  1.49823e+01
5.155516987e+00  1.5090186e+01         -inf  6.89329e+05  1.50902e+01  1.51853e+01
5.176139055e+00  1.7456450e+01         -inf  6.89329e+05  1.74564e+01  1.75352e+01
5.196843612e+00  1.5816343e+01         -inf  6.89329e+05  1.58163e+01  1.59077e+01
5.217630986e+00  1.6196887e+01         -inf  6.89329e+05  1.61969e+01  1.62837e+01
5.238501510e+00  1.5796756e+01         -inf  6.89329e+05  1.57968e+01  1.58882e+01
5.259455516e+00  1.5473477e+01         -inf  6.89329e+05  1.54735e+01  1.55711e+01
5.280493338e+00  1.5090709e+01         -inf  6.89329e+05  1.50907e+01  1.51944e+01
5.301615311e+00  1.4926274e+01         -inf  6.89329e+05  1.49263e+01  1.50331e+01
5.322821773e+00  1.4932400e+01         -inf  6.89329e+05  1.49324e+01  1.50396e+01
5.344113060e+00  1.4861444e+01         -inf  6.89329e+05  1.48614e+01  1.49684e+01
5.365489512e+00  1.4851710e+01         -inf  6.89329e+05  1.48517e+01  1.49585e+01
5.386951470e+00  1.4838693e+01         -inf  6.89329e+05  1.48387e+01  1.49457e+01
5.408499276e+00  1.4836974e+01         -inf  6.89329e+05  1.48370e+01  1.49443e+01
5.430133273e+00  1.4842479e+01         -inf  6.89329e+05  1.48425e+01  1.49507e+01
5.451853806e+00  1.4851400e+01         -inf  6.89329e+05  1.48514e+01  1.49601e+01
5.473661221e+00  1.4880777e+01         -inf  6.89329e+05  1.48808e+01  1.49898e+01
5.495555866e+00  1.4929185e+01         -inf  6.89329e+05  1.49292e+01  1.50383e+01
5.517538090e+00  1.4959139e+01         -inf  6.89329e+05  1.49591e+01  1.50687e+01
5.539608242e+00  1.4929699e+01         -inf  6.89329e+05  1.49297e+01  1.50396e+01
5.561766675e+00  1.4860484e+01         -inf  6.89329e+05  1.48605e+01  1.49709e+01
5.584013742e+00  1.4889474e+01         -inf  6.89329e+05  1.48895e+01  1.50007e+01
5.606349797e+00  1.4907302e+01         -inf  6.89329e+05  1.49073e+01  1.50193e+01
5.628775196e+00  1.4886348e+01         -inf  6.89329e+05  1.48863e+01  1.49992e+01
5.651290297e+00  1.4859425e+01         -inf  6.89329e+05  1.48594e+01  1.49733e+01
5.673895458e+00  1.4851548e+01         -inf  6.89329e+05  1.48515e+01  1.49663e+01
5.696591040e+00  1.4843599e+01         -inf  6.89329e+05  1.48436e+01  1.49595e+01
5.719377404e+00  1.4933612e+01         -inf  6.89329e+05  1.49336e+01  1.50505e+01
5.742254913e+00  1.5499150e+01         -inf  6.89329e+05  1.54991e+01  1.56165e+01
5.765223933e+00  1.5512551e+01         -inf  6.89329e+05  1.55126e+01  1.56308e+01
5.788284829e+00  1.5208761e+01         -inf  6.89329e+05  1.52088e+01  1.53281e+01
5.811437968e+00  1.5256641e+01         -inf  6.89329e+05  1.52566e+01  1.53769e+01
5.834683720e+00  1.5398467e+01         -inf  6.89329e+05  1.53985e+01  1.55199e+01
5.858022455e+00  1.5269481e+01         -inf  6.89329e+05  1.52695e+01  1.53927e+01
5.881454545e+00  1.5096060e+01         -inf  6.89329e+05  1.50961e+01  1.52217e+01
5.904980363e+00  1.4959942e+01         -inf  6.89329e+05  1.49599e+01  1.50882e+01
5.928600284e+00  1.4890351e+01         -inf  6.89329e+05  1.48904e+01  1.50213e+01
5.952314685e+00  1.4868543e+01         -inf  6.89329e+05  1.48685e+01  1.50025e+01
5.976123944e+00  1.4846563e+01         -inf  6.89329e+05  1.48466e+01  1.49843e+01
6.000028440e+00  1.4854962e+01         -inf  6.89329e+05  1.48550e+01  1.49969e+01
6.024028554e+00  1.4840756e+01         -inf  6.89329e+05  1.48408e+01  1.49874e+01
6.048124668e+00  1.4850454e+01         -inf  6.89329e+05  1.48505e+01  1.50026e+01
6.072317167e+00  1.4852292e+01         -inf  6.89329e+05  1.48523e+01  1.50104e+01
6.096606435e+00  1.4843936e+01         -inf  6.89329e+05  1.48439e+01  1.50084e+01
6.120992861e+00  1.4849895e+01         -inf  6.89329e+05  1.48499e+01  1.50214e+01
6.145476832e+00  1.4833516e+01         -inf  6.89329e+05  1.48335e+01  1.50126e+01
6.170058740e+00  1.4844396e+01         -inf  6.89329e+05  1.48444e+01  1.50315e+01
6.194738975e+00  1.4835154e+01         -inf  6.89329e+05  1.48352e+01  1.50299e+01
6.219517931e+00  1.4838198e+01         -inf  6.89329e+05  1.48382e+01  1.50402e+01
6.244396002e+00  1.4818346e+01         -inf  6.89329e+05  1.48183e+01  1.50267e+01
6.269373586e+00  1.4773200e+01         -inf  6.89329e+05  1.47732e+01  1.49870e+01
6.294451081e+00  1.4828458e+01         -inf  6.89329e+05  1.48285e+01  1.50468e+01
6.319628885e+00  1.4765649e+01         -inf  6.89329e+05  1.47656e+01  1.49881e+01
6.344907401e+00  1.4824205e+01         -inf  6.89329e+05  1.48242e+01  1.50504e+01
6.370287030e+00  1.4767548e+01         -inf  6.89329e+05  1.47675e+01  1.49981e+01
6.395768178e+00  1.4792220e+01         -inf  6.89329e+05  1.47922e+01  1.50272e+01
6.421351251e+00  1.4799331e+01         -inf  6.89329e+05  1.47993e+01  1.50393e+01
6.447036656e+00  1.4843129e+01         -inf  6.89329e+05  1.48431e+01  1.50888e+01
6.472824803e+00  1.4937760e+01         -inf  6.89329e+05  1.49378e+01  1.51899e+01
6.498716102e+00  1.5298835e+01         -inf  6.89329e+05  1.52988e+01  1.55570e+01
6.524710966e+00  1.4893948e+01         -inf  6.89329e+05  1.48939e+01  1.51629e+01
6.550809810e+00  1.4712656e+01         -inf  6.89329e+05  1.47127e+01  1.49922e+01
6.577013049e+00  1.4694903e+01         -inf  6.89329e+05  1.46949e+01  1.49854e+01
6.603321102e+00  1.4678227e+01         -inf  6.89329e+05  1.46782e+01  1.49810e+01
6.629734386e+00  1.4657078e+01         -inf  6.89329e+05  1.46571e+01  1.49729e+01
6.656253324e+00  1.4682178e+01         -inf  6.89329e+05  1.46822e+01  1.50116e+01
6.682878337e+00  1.4636227e+01         -inf  6.89329e+05  1.46362e+01  1.49804e+01
6.709609850e+00  1.4617595e+01         -inf  6.89329e+05  1.46176e+01  1.49773e+01
6.736448290e+00  1.4647524e+01         -inf  6.89329e+05  1.46475e+01  1.50232e+01
6.763394083e+00  1.4559114e+01         -inf  6.89329e+05  1.45591e+01  1.49526e+01
6.790447659e+00  1.4719170e+01         -inf  6.89329e+05  1.47192e+01  1.51304e+01
6.817609450e+00  1.4586016e+01         -inf  6.89329e+05  1.45860e+01  1.50179e+01
6.844879888e+00  1.4564086e+01         -inf  6.89329e+05  1.45641e+01  1.50166e+01
6.872259407e+00  1.4543732e+01         -inf  6.89329e+05  1.45437e+01  1.50174e+01
6.899748445e+00  1.4582835e+01         -inf  6.89329e+05  1.45828e+01  1.50783e+01
6.927347438e+00  1.4477953e+01         -inf  6.89329e+05  1.44780e+01  1.49982e+01
6.955056828e+00  1.4406728e+01         -inf  6.89329e+05  1.44067e+01  1.49534e+01
6.982877056e+00  1.4421494e+01         -inf  6.89329e+05  1.44215e+01  1.49953e+01
7.010808564e+00  1.4384194e+01         -inf  6.89329e+05  1.43842e+01  1.49875e+01
7.038851798e+00  1.4301648e+01         -inf  6.89329e+05  1.43016e+01  1.49376e+01
7.067007205e+00  1.4272953e+01         -inf  6.89329e+05  1.42730e+01  1.49415e+01
7.095275234e+00  1.4244989e+01         -inf  6.89329e+05  1.42450e+01  1.49492e+01
7.123656335e+00  1.4198961e+01         -inf  6.89329e+05  1.41990e+01  1.49397e+01
7.152150960e+00  1.4204144e+01         -inf  6.89329e+05  1.42041e+01  1.49842e+01
7.180759564e+00  1.4205518e+01         -inf  6.89329e+05  1.42055e+01  1.50268e+01
7.209482602e+00  1.4320563e+01         -inf  6.89329e+05  1.43206e+01  1.51832e+01
7.238320533e+00  1.4436745e+01         -inf  6.89329e+05  1.44367e+01  1.53383e+01
7.267273815e+00  1.4630410e+01         -inf  6.89329e+05  1.46304e+01  1.55672e+01
7.296342910e+00  1.4558131e+01         -inf  6.89329e+05  1.45581e+01  1.55412e+01
7.325528282e+00  1.4900970e+01         -inf  6.89329e+05  1.49010e+01  1.59009e+01
7.354830395e+00  1.5414518e+01         -inf  6.89329e+05  1.54145e+01  1.64136e+01
7.384249717e+00  1.6037680e+01         -inf  6.89329e+05  1.60377e+01  1.70202e+01
7.413786715e+00  1.5668890e+01         -inf  6.89329e+05  1.56689e+01  1.67283e+01
7.443441862e+00  1.6307576e+01         -inf  6.89329e+05  1.63076e+01  1.73548e+01
7.473215630e+00  1.5974682e+01         -inf  6.89329e+05  1.59747e+01  1.70946e+01
7.503108492e+00  1.6373971e+01         -inf  6.89329e+05  1.63740e+01  1.74959e+01
7.533120926e+00  1.5818669e+01         -inf  6.89329e+05  1.58187e+01  1.70294e+01
7.563253410e+00  1.4875721e+01         -inf  6.89329e+05  1.48757e+01  1.62045e+01
7.593506424e+00  1.4501059e+01         -inf  6.89329e+05  1.45011e+01  1.58573e+01
7.623880449e+00  1.4667586e+01         -inf  6.89329e+05  1.46676e+01  1.59606e+01
7.654375971e+00  1.9195758e+01         -inf  6.89329e+05  1.91958e+01  2.00930e+01
7.684993475e+00  1.9040130e+01         -inf  6.89329e+05  1.90401e+01  1.98883e+01
7.715733449e+00  1.7192604e+01         -inf  6.89329e+05  1.71926e+01  1.82336e+01
7.746596383e+00  1.5911430e+01         -inf  6.89329e+05  1.59114e+01  1.71262e+01
7.777582768e+00  1.5442888e+01         -inf  6.89329e+05  1.54429e+01  1.68245e+01
7.808693099e+00  1.5643144e+01         -inf  6.89329e+05  1.56431e+01  1.69662e+01
7.839927872e+00  1.6040172e+01         -inf  6.89329e+05  1.60402e+01  1.72970e+01
7.871287583e+00  1.6297656e+01         -inf  6.89329e+05  1.62977e+01  1.75584e+01
7.902772733e+00  1.5610315e+01         -inf  6.89329e+05  1.56103e+01  1.70049e+01
7.934383824e+00  1.5492377e+01         -inf  6.89329e+05  1.54924e+01  1.69933e+01
7.966121360e+00  1.4600274e+01         -inf  6.89329e+05  1.46003e+01  1.62729e+01
7.997985845e+00  1.4287665e+01         -inf  6.89329e+05  1.42877e+01  1.60619e+01
8.029977788e+00  1.4339790e+01         -inf  6.89329e+05  1.43398e+01  1.61601e+01
8.062097700e+00  1.3833567e+01         -inf  6.89329e+05  1.38336e+01  1.57637e+01
8.094346090e+00  1.3598005e+01         -inf  6.89329e+05  1.35980e+01  1.55916e+01
8.126723475e+00  1.3277219e+01         -inf  6.89329e+05  1.32772e+01  1.53499e+01
8.159230369e+00  1.3048129e+01         -inf  6.89329e+05  1.30481e+01  1.51802e+01
8.191867290e+00  1.3085895e+01         -inf  6.89329e+05  1.30859e+01  1.52524e+01
8.224634759e+00  1.2839324e+01         -inf  6.89329e+05  1.28393e+01  1.50661e+01
8.257533298e+00  1.2796585e+01         -inf  6.89329e+05  1.27966e+01  1.50678e+01
8.290563432e+00  1.2630245e+01         -inf  6.89329e+05  1.26302e+01  1.49533e+01
8.323725685e+00  1.2656827e+01         -inf  6.89329e+05  1.26568e+01  1.50215e+01
8.357020588e+00  1.2598627e+01         -inf  6.89329e+05  1.25986e+01  1.50080e+01
8.390448670e+00  1.2653715e+01         -inf  6.89329e+05  1.26537e+01  1.51004e+01
8.424010465e+00  1.2653699e+01         -inf  6.89329e+05  1.26537e+01  1.51427e+01
8.457706507e+00  1.2712354e+01         -inf  6.89329e+05  1.27124e+01  1.52365e+01
8.491537333e+00  1.2711813e+01         -inf  6.89329e+05  1.27118e+01  1.52883e+01
8.525503482e+00  1.2704509e+01         -inf  6.89329e+05  1.27045e+01  1.53363e+01
8.559605496e+00  1.2633764e+01         -inf  6.89329e+05  1.26338e+01  1.53324e+01
8.593843918e+00  1.2714524e+01         -inf  6.89329e+05  1.27145e+01  1.54502e+01
8.628219294e+00  1.2783778e+01         -inf  6.89329e+05  1.27838e+01  1.55602e+01
8.662732171e+00  1.2753192e+01         -inf  6.89329e+05  1.27532e+01  1.55812e+01
8.697383100e+00  1.2822855e+01         -inf  6.89329e+05  1.28229e+01  1.57082e+01
8.732172632e+00  1.2779225e+01         -inf  6.89329e+05  1.27792e+01  1.57298e+01
8.767101323e+00  1.2736347e+01         -inf  6.89329e+05  1.27363e+01  1.57504e+01
8.802169728e+00  1.3000500e+01         -inf  6.89329e+05  1.30005e+01  1.60678e+01
8.837378407e+00  1.3111270e+01         -inf  6.89329e+05  1.31113e+01  1.62307e+01
8.872727920e+00  1.3052257e+01         -inf  6.89329e+05  1.30523e+01  1.62261e+01
8.908218832e+00  1.3008082e+01         -inf  6.89329e+05  1.30081e+01  1.62391e+01
8.943851707e+00  1.2983905e+01         -inf  6.89329e+05  1.29839e+01  1.62763e+01
8.979627114e+00  1.2726425e+01         -inf  6.89329e+05  1.27264e+01  1.60903e+01
9.015545623e+00  1.2393466e+01         -inf  6.89329e+05  1.23935e+01  1.58310e+01
9.051607805e+00  1.2414205e+01         -inf  6.89329e+05  1.24142e+01  1.59161e+01
9.087814236e+00  1.2405749e+01         -inf  6.89329e+05  1.24057e+01  1.59826e+01
9.124165493e+00  1.2385034e+01         -inf  6.89329e+05  1.23850e+01  1.60555e+01
9.160662155e+00  1.2384055e+01         -inf  6.89329e+05  1.23841e+01  1.61408e+01
9.197304804e+00  1.2594278e+01         -inf  6.89329e+05  1.25943e+01  1.63706e+01
9.234094023e+00  1.2416804e+01         -inf  6.89329e+05  1.24168e+01  1.61858e+01
9.271030399e+00  1.2400371e+01         -inf  6.89329e+05  1.24004e+01  1.61905e+01
9.308114521e+00  1.2395886e+01         -inf  6.89329e+05  1.23959e+01  1.62713e+01
9.345346979e+00  1.2807647e+01         -inf  6.89329e+05  1.28076e+01  1.67540e+01
9.382728367e+00  1.6177504e+01         -inf  6.89329e+05  1.61775e+01  1.99370e+01
9.420259280e+00  2.0603266e+01         -inf  6.89329e+05  2.06033e+01  2.35008e+01
9.457940318e+00  2.2687557e+01         -inf  6.89329e+05  2.26876e+01  2.49728e+01
9.495772079e+00  2.3964186e+01         -inf  6.89329e+05  2.39642e+01  2.59067e+01
9.533755167e+00  2.2808541e+01         -inf  6.89329e+05  2.28085e+01  2.51623e+01
9.571890188e+00  1.8093865e+01         -inf  6.89329e+05  1.80939e+01  2.17284e+01
9.610177749e+00  2.2429048e+01         -inf  6.89329e+05  2.24290e+01  2.50071e+01
9.648618460e+00  2.2384175e+01         -inf  6.89329e+05  2.23842e+01  2.51226e+01
9.687212933e+00  2.1261721e+01         -inf  6.89329e+05  2.12617e+01  2.42540e+01
9.725961785e+00  2.1028092e+01         -inf  6.89329e+05  2.10281e+01  2.40436e+01
9.764865632e+00  2.0891149e+01         -inf  6.89329e+05  2.08911e+01  2.39959e+01
9.803925095e+00  2.0066323e+01         -inf  6.89329e+05  2.00663e+01  2.34845e+01
9.843140795e+00  1.8987007e+01         -inf  6.89329e+05  1.89870e+01  2.27532e+01
9.882513358e+00  1.7412986e+01         -inf  6.89329e+05  1.74130e+01  2.16607e+01
9.922043412e+00  1.5967337e+01         -inf  6.89329e+05  1.59673e+01  2.05865e+01
9.961731585e+00  1.4555013e+01         -inf  6.89329e+05  1.45550e+01  1.94928e+01
1.000157851e+01  1.3167442e+01         -inf  6.89329e+05  1.31674e+01  1.83619e+01
1.004158483e+01  1.1715961e+01         -inf  6.89329e+05  1.17160e+01  1.71297e+01
1.008175117e+01  1.0924410e+01         -inf  6.89329e+05  1.09244e+01  1.65014e+01
1.012207817e+01  1.0106395e+01         -inf  6.89329e+05  1.01064e+01  1.58393e+01
1.016256648e+01  9.6523224e+00         -inf  6.89329e+05  9.65232e+00  1.54709e+01
1.020321675e+01  9.3897395e+00         -inf  6.89329e+05  9.38974e+00  1.52546e+01
1.024402962e+01  9.2573946e+00         -inf  6.89329e+05  9.25739e+00  1.51854e+01
1.028500573e+01  9.1765233e+00         -inf  6.89329e+05  9.17652e+00  1.51697e+01
1.032614576e+01  9.0386677e+00         -inf  6.89329e+05  9.03867e+00  1.51337e+01
1.036745034e+01  8.6875180e+00         -inf  6.89329e+05  8.68752e+00  1.49969e+01
1.040892014e+01  8.4799706e+00         -inf  6.89329e+05  8.47997e+00  1.49122e+01
1.045055582e+01  8.5612777e+00         -inf  6.89329e+05  8.56128e+00  1.50340e+01
1.049235805e+01  8.4502195e+00         -inf  6.89329e+05  8.45022e+00  1.50160e+01
1.053432748e+01  8.3648386e+00         -inf  6.89329e+05  8.36484e+00  1.50195e+01
1.057646479e+01  8.2441008e+00         -inf  6.89329e+05  8.24410e+00  1.50083e+01
1.061877065e+01  8.1004898e+00         -inf  6.89329e+05  8.10049e+00  1.49855e+01
1.066124573e+01  7.9447545e+00         -inf  6.89329e+05  7.94475e+00  1.49581e+01
1.070389071e+01  7.7846893e+00         -inf  6.89329e+05  7.78469e+00  1.49296e+01
1.074670627e+01  7.6331031e+00         -inf  6.89329e+05  7.63310e+00  1.49066e+01
1.078969310e+01  7.4958105e+00         -inf  6.89329e+05  7.49581e+00  1.48916e+01
1.083285187e+01  7.3625212e+00         -inf  6.89329e+05  7.36252e+00  1.48820e+01
1.087618328e+01  7.2491108e+00         -inf  6.89329e+05  7.24911e+00  1.48789e+01
1.091968801e+01  7.1361188e+00         -inf  6.89329e+05  7.13612e+00  1.48741e+01
1.096336676e+01  7.0214447e+00         -inf  6.89329e+05  7.02144e+00  1.48726e+01
1.100722023e+01  6.9137934e+00         -inf  6.89329e+05  6.91379e+00  1.48728e+01
1.105124911e+01  6.8010960e+00         -inf  6.89329e+05  6.80110e+00  1.48731e+01
1.109545411e+01  6.6906948e+00         -inf  6.89329e+05  6.69069e+00  1.48743e+01
1.113983593e+01  6.5737997e+00         -inf  6.89329e+05  6.57380e+00  1.48717e+01
1.118439527e+01  6.4575193e+00         -inf  6.89329e+05  6.45752e+00  1.48703e+01
1.122913285e+01  6.3366249e+00         -inf  6.89329e+05  6.33662e+00  1.48695e+01
1.127404938e+01  6.2165131e+00         -inf  6.89329e+05  6.21651e+00  1.48685e+01
1.131914558e+01  6.0943101e+00         -inf  6.89329e+05  6.09431e+00  1.48686e+01
1.136442216e+01  5.9685284e+00         -inf  6.89329e+05  5.96853e+00  1.48684e+01
1.140987985e+01  5.8418237e+00         -inf  6.89329e+05  5.84182e+00  1.48684e+01
1.145551937e+01  5.7150169e+00         -inf  6.89329e+05  5.71502e+00  1.48682e+01
1.150134145e+01  5.5866808e+00         -inf  6.89329e+05  5.58668e+00  1.48681e+01
1.154734681e+01  5.4486762e+00         -inf  6.89329e+05  5.44868e+00  1.48690e+01
1.159353620e+01  5.3101734e+00         -inf  6.89329e+05  5.31017e+00  1.48696e+01
1.163991035e+01  5.1876875e+00         -inf  6.89329e+05  5.18769e+00  1.48684e+01
1.168646999e+01  5.0514536e+00         -inf  6.89329e+05  5.05145e+00  1.48688e+01
1.173321587e+01  4.9148675e+00         -inf  6.89329e+05  4.91487e+00  1.48691e+01
1.178014873e+01  4.7764413e+00         -inf  6.89329e+05  4.77644e+00  1.48696e+01
1.182726932e+01  4.6361612e+00         -inf  6.89329e+05  4.63616e+00  1.48706e+01
1.187457840e+01  4.4967434e+00         -inf  6.89329e+05  4.49674e+00  1.48709e+01
1.192207672e+01  4.3566381e+00         -inf  6.89329e+05  4.35664e+00  1.48725e+01
1.196976502e+01  4.2124768e+00         -inf  6.89329e+05  4.21248e+00  1.48732e+01
1.201764408e+01  4.0643966e+00         -inf  6.89329e+05  4.06440e+00  1.48768e+01
1.206571466e+01  3.9099489e+00         -inf  6.89329e+05  3.90995e+00  1.48938e+01
1.211397752e+01  3.7743838e+00         -inf  6.89329e+05  3.77438e+00  1.48853e+01
1.216243343e+01  3.6510534e+00         -inf  6.89329e+05  3.65105e+00  1.49025e+01
1.221108316e+01  3.5410482e+00         -inf  6.89329e+05  3.54105e+00  1.49180e+01
1.225992749e+01  3.4683870e+00         -inf  6.89329e+05  3.46839e+00  1.49530e+01
1.230896720e+01  3.4029656e+00         -inf  6.89329e+05  3.40297e+00  1.49880e+01
1.235820307e+01  3.3404082e+00         -inf  6.89329e+05  3.34041e+00  1.50271e+01
1.240763589e+01  3.2755089e+00         -inf  6.89329e+05  3.27551e+00  1.50738e+01
1.245726643e+01  3.1591817e+00         -inf  6.89329e+05  3.15918e+00  1.50908e+01
1.250709549e+01  3.0336445e+00         -inf  6.89329e+05  3.03364e+00  1.51295e+01
1.255712388e+01  2.7998549e+00         -inf  6.89329e+05  2.79985e+00  1.51087e+01
1.260735237e+01  4.1287859e+00         -inf  6.89329e+05  4.12879e+00  1.55759e+01
1.265778178e+01  3.5015276e+00         -inf  6.89329e+05  3.50153e+00  1.55932e+01
1.270841291e+01  2.2781034e+00         -inf  6.89329e+05  2.27810e+00  1.51494e+01
1.275924656e+01  2.3422712e+00         -inf  6.89329e+05  2.34227e+00  1.52592e+01
1.281028355e+01  2.3027427e+00         -inf  6.89329e+05  2.30274e+00  1.52888e+01
1.286152468e+01  2.3525252e+00         -inf  6.89329e+05  2.35253e+00  1.53620e+01
1.291297078e+01  2.4074457e+00         -inf  6.89329e+05  2.40745e+00  1.53952e+01
1.296462266e+01  2.9464362e+00         -inf  6.89329e+05  2.94644e+00  1.56280e+01
1.301648115e+01  3.0187903e+00         -inf  6.89329e+05  3.01879e+00  1.55923e+01
1.306854708e+01  3.3414891e+00         -inf  6.89329e+05  3.34149e+00  1.59050e+01
1.312082127e+01  3.7251046e+00         -inf  6.89329e+05  3.72510e+00  1.59531e+01
1.317330455e+01  4.6956088e+00         -inf  6.89329e+05  4.69561e+00  1.62724e+01
1.322599777e+01  6.0400655e+00         -inf  6.89329e+05  6.04007e+00  1.68255e+01
1.327890176e+01  6.7257259e+00         -inf  6.89329e+05  6.72573e+00  1.71137e+01
1.333201737e+01  8.1173111e+00         -inf  6.89329e+05  8.11731e+00  1.80028e+01
1.338534544e+01  8.7456462e+00         -inf  6.89329e+05  8.74565e+00  1.82627e+01
1.343888682e+01  1.0197153e+01         -inf  6.89329e+05  1.01972e+01  1.92278e+01
1.349264237e+01  1.5712588e+01         -inf  6.89329e+05  1.57126e+01  2.28151e+01
1.354661294e+01  1.3023973e+01         -inf  6.89329e+05  1.30240e+01  2.10291e+01
1.360079939e+01  1.3578694e+01         -inf  6.89329e+05  1.35787e+01  2.15135e+01
1.365520258e+01  1.3724745e+01         -inf  6.89329e+05  1.37247e+01  2.16972e+01
1.370982339e+01  1.3304984e+01         -inf  6.89329e+05  1.33050e+01  2.15860e+01
1.376466269e+01  1.2005392e+01         -inf  6.89329e+05  1.20054e+01  2.07901e+01
1.381972134e+01  1.3135353e+01         -inf  6.89329e+05  1.31354e+01  2.16297e+01
1.387500022e+01  2.6951455e+01         -inf  6.89329e+05  2.69515e+01  3.16151e+01
1.393050023e+01  1.6854389e+01         -inf  6.89329e+05  1.68544e+01  2.39393e+01
1.398622223e+01  1.5691396e+01         -inf  6.89329e+05  1.56914e+01  2.32248e+01
1.404216712e+01  1.7651996e+01         -inf  6.89329e+05  1.76520e+01  2.44998e+01
1.409833578e+01  1.8428786e+01         -inf  6.89329e+05  1.84288e+01  2.49987e+01
1.415472913e+01  2.0516964e+01         -inf  6.89329e+05  2.05170e+01  2.63999e+01
1.421134804e+01  2.3070512e+01         -inf  6.89329e+05  2.30705e+01  2.83693e+01
1.426819344e+01  2.4557963e+01         -inf  6.89329e+05  2.45580e+01  2.94070e+01
1.432526621e+01  2.5863320e+01         -inf  6.89329e+05  2.58633e+01  3.04636e+01
1.438256727e+01  2.8661266e+01         -inf  6.89329e+05  2.86613e+01  3.28133e+01
1.444009754e+01  3.0209768e+01         -inf  6.89329e+05  3.02098e+01  3.42402e+01
1.449785793e+01  3.0264591e+01         -inf  6.89329e+05  3.02646e+01  3.42706e+01
1.455584937e+01  3.2411374e+01         -inf  6.89329e+05  3.24114e+01  3.62887e+01
1.461407276e+01  3.3929570e+01         -inf  6.89329e+05  3.39296e+01  3.77485e+01
1.467252905e+01  3.3991870e+01         -inf  6.89329e+05  3.39919e+01  3.78549e+01
1.473121917e+01  3.4239609e+01         -inf  6.89329e+05  3.42396e+01  3.81453e+01
1.479014405e+01  3.5490769e+01         -inf  6.89329e+05  3.54908e+01  3.93727e+01
1.484930462e+01  3.5087234e+01         -inf  6.89329e+05  3.50872e+01  3.90462e+01
1.490870184e+01  3.5088155e+01         -inf  6.89329e+05  3.50882e+01  3.91545e+01
1.496833665e+01  4.7747200e+01         -inf  6.89329e+05  4.77472e+01  5.14270e+01
1.502821000e+01  3.5994047e+01         -inf  6.89329e+05  3.59940e+01  4.01001e+01
1.508832284e+01  3.6894652e+01         -inf  6.89329e+05  3.68947e+01  4.09739e+01
1.514867613e+01  3.4546809e+01         -inf  6.89329e+05  3.45468e+01  3.88457e+01
1.520927083e+01  3.3060757e+01         -inf  6.89329e+05  3.30608e+01  3.75259e+01
1.527010791e+01  3.3674487e+01         -inf  6.89329e+05  3.36745e+01  3.81615e+01
1.533118835e+01  3.3758426e+01         -inf  6.89329e+05  3.37584e+01  3.83137e+01
1.539251310e+01  3.5018747e+01         -inf  6.89329e+05  3.50187e+01  3.95630e+01
1.545408315e+01  3.1448288e+01         -inf  6.89329e+05  3.14483e+01  3.63921e+01
1.551589948e+01  3.0705840e+01         -inf  6.89329e+05  3.07058e+01  3.57912e+01
1.557796308e+01  2.8604795e+01         -inf  6.89329e+05  2.86048e+01  3.40275e+01
1.564027493e+01  2.6198306e+01         -inf  6.89329e+05  2.61983e+01  3.20835e+01
1.570283603e+01  2.5955870e+01         -inf  6.89329e+05  2.59559e+01  3.20318e+01
1.576564738e+01  2.4040701e+01         -inf  6.89329e+05  2.40407e+01  3.06238e+01
1.582870997e+01  2.1732875e+01         -inf  6.89329e+05  2.17329e+01  2.91174e+01
1.589202481e+01  2.0123208e+01         -inf  6.89329e+05  2.01232e+01  2.80919e+01
1.595559291e+01  1.6510395e+01         -inf  6.89329e+05  1.65104e+01  2.58882e+01
1.601941528e+01  1.6017553e+01         -inf  6.89329e+05  1.60176e+01  2.58095e+01
1.608349294e+01  1.0760874e+01         -inf  6.89329e+05  1.07609e+01  2.28894e+01
1.614782691e+01  1.3542257e+01         -inf  6.89329e+05  1.35423e+01  2.45739e+01
1.621241822e+01  2.1601710e+01         -inf  6.89329e+05  2.16017e+01  2.98592e+01
1.627726789e+01  1.0151791e+01         -inf  6.89329e+05  1.01518e+01  2.27246e+01
1.634237696e+01  7.6995456e+00         -inf  6.89329e+05  7.69955e+00  2.14342e+01
1.640774647e+01  9.8111292e+00         -inf  6.89329e+05  9.81113e+00  2.27445e+01
1.647337746e+01  8.9191896e+00         -inf  6.89329e+05  8.91919e+00  2.25139e+01
1.653927097e+01  7.3790590e+00         -inf  6.89329e+05  7.37906e+00  2.15005e+01
1.660542805e+01  6.1990522e+00         -inf  6.89329e+05  6.19905e+00  2.09214e+01
1.667184976e+01  4.6396172e+00         -inf  6.89329e+05  4.63962e+00  2.02431e+01
1.673853716e+01  9.7135984e+00         -inf  6.89329e+05  9.71360e+00  2.32367e+01
1.680549131e+01  3.1190608e+00         -inf  6.89329e+05  3.11906e+00  1.97588e+01
1.687271328e+01  1.5531179e+00         -inf  6.89329e+05  1.55312e+00  1.89027e+01
1.694020413e+01 -1.4260008e-01         -inf  6.89329e+05 -1.42600e-01  1.80832e+01
1.700796495e+01 -7.8450075e-01         -inf  6.89329e+05 -7.84501e-01  1.78872e+01
1.707599681e+01 -3.5811447e+00         -inf  6.89329e+05 -3.58114e+00  1.69951e+01
1.714430079e+01 -4.0327518e+00         -inf  6.89329e+05 -4.03275e+00  1.69145e+01
1.721287800e+01 -5.6250552e+00         -inf  6.89329e+05 -5.62506e+00  1.62497e+01
1.728172951e+01 -7.0018011e+00         -inf  6.89329e+05 -7.00180e+00  1.59227e+01
1.735085643e+01 -7.2298168e+00         -inf  6.89329e+05 -7.22982e+00  1.60085e+01
1.742025985e+01 -9.3583342e+00         -inf  6.89329e+05 -9.35833e+00  1.54268e+01
1.748994089e+01 -9.2196170e+00         -inf  6.89329e+05 -9.21962e+00  1.54928e+01
1.755990065e+01 -1.0263098e+01         -inf  6.89329e+05 -1.02631e+01  1.52876e+01
1.763014026e+01 -1.0922709e+01         -inf  6.89329e+05 -1.09227e+01  1.51495e+01
1.770066082e+01 -1.1321786e+01         -inf  6.89329e+05 -1.13218e+01  1.51131e+01
1.777146346e+01 -1.1772713e+01         -inf  6.89329e+05 -1.17727e+01  1.50723e+01
1.784254932e+01 -1.2481352e+01         -inf  6.89329e+05 -1.24814e+01  1.49856e+01
1.791391951e+01 -1.2562700e+01         -inf  6.89329e+05 -1.25627e+01  1.50057e+01
1.798557519e+01 -1.2934060e+01         -inf  6.89329e+05 -1.29341e+01  1.49748e+01
1.805751749e+01 -1.3288351e+01         -inf  6.89329e+05 -1.32884e+01  1.49346e+01
1.812974756e+01 -1.3392906e+01         -inf  6.89329e+05 -1.33929e+01  1.49748e+01
1.820226655e+01 -1.3778727e+01         -inf  6.89329e+05 -1.37787e+01  1.49085e+01
1.827507562e+01 -1.3419380e+01         -inf  6.89329e+05 -1.34194e+01  1.49818e+01
1.834817592e+01 -1.0336473e+01         -inf  6.89329e+05 -1.03365e+01  1.59863e+01
1.842156862e+01 -1.4324715e+01         -inf  6.89329e+05 -1.43247e+01  1.48881e+01
1.849525490e+01 -1.4589958e+01         -inf  6.89329e+05 -1.45900e+01  1.48887e+01
1.856923592e+01 -1.4582390e+01         -inf  6.89329e+05 -1.45824e+01  1.49340e+01
1.864351286e+01 -1.4724816e+01         -inf  6.89329e+05 -1.47248e+01  1.49396e+01
1.871808691e+01 -1.4878421e+01         -inf  6.89329e+05 -1.48784e+01  1.49484e+01
1.879295926e+01 -1.5056759e+01         -inf  6.89329e+05 -1.50568e+01  1.49317e+01
1.886813110e+01 -1.5368331e+01         -inf  6.89329e+05 -1.53683e+01  1.48993e+01
1.894360362e+01 -1.5382633e+01         -inf  6.89329e+05 -1.53826e+01  1.49350e+01
1.901937804e+01 -1.5666604e+01         -inf  6.89329e+05 -1.56666e+01  1.49097e+01
1.909545555e+01 -1.5912912e+01         -inf  6.89329e+05 -1.59129e+01  1.48882e+01
1.917183737e+01 -1.6051027e+01         -inf  6.89329e+05 -1.60510e+01  1.48998e+01
1.924852472e+01 -1.6322973e+01         -inf  6.89329e+05 -1.63230e+01  1.48796e+01
1.932551882e+01 -1.6470312e+01         -inf  6.89329e+05 -1.64703e+01  1.48836e+01
1.940282089e+01 -1.6681484e+01         -inf  6.89329e+05 -1.66815e+01  1.48775e+01
1.948043218e+01 -1.6878840e+01         -inf  6.89329e+05 -1.68788e+01  1.48746e+01
1.955835391e+01 -1.7047035e+01         -inf  6.89329e+05 -1.70470e+01  1.48753e+01
1.963658732e+01 -1.7203561e+01         -inf  6.89329e+05 -1.72036e+01  1.48764e+01
1.971513367e+01 -1.7404352e+01         -inf  6.89329e+05 -1.74044e+01  1.48747e+01
1.979399421e+01 -1.7597820e+01         -inf  6.89329e+05 -1.75978e+01  1.48729e+01
1.987317018e+01 -1.7775948e+01         -inf  6.89329e+05 -1.77759e+01  1.48731e+01
1.995266286e+01 -1.7953502e+01         -inf  6.89329e+05 -1.79535e+01  1.48732e+01
