# WARNING | GENERATOR | Too many electrons per pixel (up to 9.04e+13) detected in the 1.54-19.95 um spectral range. Reduce exposure time per frame to less than 0.000 seconds.
# ------------------------------------------------------------------------
# Radiance spectrum
# NASA-GSFC Planetary Spectrum Generator (PSG) (Villanueva et al. 2018, 2022)
# Synthesized on Tue Oct  6 07:35:16 2026
# Doppler velocities [km/s] (vobs,vrot+vorb,vwidth,vrfl,vstr): 29.00000,-0.00000,0.00000,0.00000,-0.00000
# ------------------------------------------------------------------------
# Spectra synthesized with the Planetary and Universal Model of Atmospheric Scattering (PUMAS, Villanueva et al. 2018, 2022)
# Single scattering radiative transfer method
# Radiative transfer took 5.607 seconds
# ------------------------------------------------------------------------
# Spectral unit: Wavelength [um]
# Radiance unit: Contrast [transit atmospheric thickness, km]
# Wave/freq Total Noise Stellar Earth Transit
2.000000000e-01  4.0963359e+01         -inf  6.89329e+05  4.09634e+01  4.09634e+01
2.008000000e-01  4.0820693e+01         -inf  6.89329e+05  4.08207e+01  4.08207e+01
2.016032000e-01  4.0727091e+01         -inf  6.89329e+05  4.07271e+01  4.07271e+01
2.024096128e-01  4.0645187e+01         -inf  6.89329e+05  4.06452e+01  4.06452e+01
2.032192513e-01  4.0559508e+01         -inf  6.89329e+05  4.05595e+01  4.05595e+01
2.040321283e-01  4.0470054e+01         -inf  6.89329e+05  4.04701e+01  4.04701e+01
2.048482568e-01  4.0384750e+01         -inf  6.89329e+05  4.03848e+01  4.03848e+01
2.056676498e-01  4.0300201e+01         -inf  6.89329e+05  4.03002e+01  4.03002e+01
2.064903204e-01  4.0216027e+01         -inf  6.89329e+05  4.02160e+01  4.02160e+01
2.073162817e-01  4.0132985e+01         -inf  6.89329e+05  4.01330e+01  4.01330e+01
2.081455468e-01  4.0049564e+01         -inf  6.89329e+05  4.00496e+01  4.00496e+01
2.089781290e-01  3.9965765e+01         -inf  6.89329e+05  3.99658e+01  3.99658e+01
2.098140415e-01  3.9883097e+01         -inf  6.89329e+05  3.98831e+01  3.98831e+01
2.106532977e-01  3.9797030e+01         -inf  6.89329e+05  3.97970e+01  3.97970e+01
2.114959109e-01  3.9709453e+01         -inf  6.89329e+05  3.97095e+01  3.97095e+01
2.123418945e-01  3.9626781e+01         -inf  6.89329e+05  3.96268e+01  3.96268e+01
2.131912621e-01  3.9547506e+01         -inf  6.89329e+05  3.95475e+01  3.95475e+01
2.140440271e-01  3.9459548e+01         -inf  6.89329e+05  3.94595e+01  3.94595e+01
2.149002032e-01  3.9385934e+01         -inf  6.89329e+05  3.93859e+01  3.93859e+01
2.157598041e-01  3.9313074e+01         -inf  6.89329e+05  3.93131e+01  3.93131e+01
2.166228433e-01  3.9240213e+01         -inf  6.89329e+05  3.92402e+01  3.92402e+01
2.174893346e-01  3.9171881e+01         -inf  6.89329e+05  3.91719e+01  3.91719e+01
2.183592920e-01  3.9102416e+01         -inf  6.89329e+05  3.91024e+01  3.91024e+01
2.192327292e-01  3.9035971e+01         -inf  6.89329e+05  3.90360e+01  3.90360e+01
2.201096601e-01  3.8971413e+01         -inf  6.89329e+05  3.89714e+01  3.89714e+01
2.209900987e-01  3.8909874e+01         -inf  6.89329e+05  3.89099e+01  3.89099e+01
2.218740591e-01  3.8850600e+01         -inf  6.89329e+05  3.88506e+01  3.88506e+01
2.227615553e-01  3.8792459e+01         -inf  6.89329e+05  3.87925e+01  3.87925e+01
2.236526016e-01  3.8737337e+01         -inf  6.89329e+05  3.87373e+01  3.87373e+01
2.245472120e-01  3.8685235e+01         -inf  6.89329e+05  3.86852e+01  3.86852e+01
2.254454008e-01  3.8632755e+01         -inf  6.89329e+05  3.86328e+01  3.86328e+01
2.263471824e-01  3.8586315e+01         -inf  6.89329e+05  3.85863e+01  3.85863e+01
2.272525711e-01  3.8539875e+01         -inf  6.89329e+05  3.85399e+01  3.85399e+01
2.281615814e-01  3.8497588e+01         -inf  6.89329e+05  3.84976e+01  3.84976e+01
2.290742278e-01  3.8459077e+01         -inf  6.89329e+05  3.84591e+01  3.84591e+01
2.299905247e-01  3.8418299e+01         -inf  6.89329e+05  3.84183e+01  3.84183e+01
2.309104868e-01  3.8386584e+01         -inf  6.89329e+05  3.83866e+01  3.83866e+01
2.318341287e-01  3.8351470e+01         -inf  6.89329e+05  3.83515e+01  3.83515e+01
2.327614652e-01  3.8323907e+01         -inf  6.89329e+05  3.83239e+01  3.83239e+01
2.336925111e-01  3.8291435e+01         -inf  6.89329e+05  3.82914e+01  3.82914e+01
2.346272811e-01  3.8269158e+01         -inf  6.89329e+05  3.82692e+01  3.82692e+01
2.355657903e-01  3.8239707e+01         -inf  6.89329e+05  3.82397e+01  3.82397e+01
2.365080534e-01  3.8215920e+01         -inf  6.89329e+05  3.82159e+01  3.82159e+01
2.374540856e-01  3.8195153e+01         -inf  6.89329e+05  3.81952e+01  3.81952e+01
2.384039020e-01  3.8170988e+01         -inf  6.89329e+05  3.81710e+01  3.81710e+01
2.393575176e-01  3.8148710e+01         -inf  6.89329e+05  3.81487e+01  3.81487e+01
2.403149477e-01  3.8130964e+01         -inf  6.89329e+05  3.81310e+01  3.81310e+01
2.412762074e-01  3.8104910e+01         -inf  6.89329e+05  3.81049e+01  3.81049e+01
2.422413123e-01  3.8083388e+01         -inf  6.89329e+05  3.80834e+01  3.80834e+01
2.432102775e-01  3.8072815e+01         -inf  6.89329e+05  3.80728e+01  3.80728e+01
2.441831186e-01  3.8043741e+01         -inf  6.89329e+05  3.80437e+01  3.80437e+01
2.451598511e-01  3.8022596e+01         -inf  6.89329e+05  3.80226e+01  3.80226e+01
2.461404905e-01  3.7992388e+01         -inf  6.89329e+05  3.79924e+01  3.79924e+01
2.471250525e-01  3.7965579e+01         -inf  6.89329e+05  3.79656e+01  3.79656e+01
2.481135527e-01  3.7921400e+01         -inf  6.89329e+05  3.79214e+01  3.79214e+01
2.491060069e-01  3.7912716e+01         -inf  6.89329e+05  3.79127e+01  3.79127e+01
2.501024309e-01  3.7862268e+01         -inf  6.89329e+05  3.78623e+01  3.78623e+01
2.511028406e-01  3.7802230e+01         -inf  6.89329e+05  3.78022e+01  3.78022e+01
2.521072520e-01  3.7796188e+01         -inf  6.89329e+05  3.77962e+01  3.77962e+01
2.531156810e-01  3.7722894e+01         -inf  6.89329e+05  3.77229e+01  3.77229e+01
2.541281437e-01  3.7672597e+01         -inf  6.89329e+05  3.76726e+01  3.76726e+01
2.551446563e-01  3.7634722e+01         -inf  6.89329e+05  3.76347e+01  3.76347e+01
2.561652349e-01  3.7563353e+01         -inf  6.89329e+05  3.75634e+01  3.75634e+01
2.571898959e-01  3.7482730e+01         -inf  6.89329e+05  3.74827e+01  3.74827e+01
2.582186555e-01  3.7437491e+01         -inf  6.89329e+05  3.74375e+01  3.74375e+01
2.592515301e-01  3.7360304e+01         -inf  6.89329e+05  3.73603e+01  3.73603e+01
2.602885362e-01  3.7277753e+01         -inf  6.89329e+05  3.72778e+01  3.72778e+01
2.613296904e-01  3.7193125e+01         -inf  6.89329e+05  3.71931e+01  3.71931e+01
2.623750091e-01  3.7113404e+01         -inf  6.89329e+05  3.71134e+01  3.71134e+01
2.634245092e-01  3.6989649e+01         -inf  6.89329e+05  3.69896e+01  3.69896e+01
2.644782072e-01  3.6935758e+01         -inf  6.89329e+05  3.69358e+01  3.69358e+01
2.655361200e-01  3.6809959e+01         -inf  6.89329e+05  3.68100e+01  3.68100e+01
2.665982645e-01  3.6695715e+01         -inf  6.89329e+05  3.66957e+01  3.66957e+01
2.676646576e-01  3.6592611e+01         -inf  6.89329e+05  3.65926e+01  3.65926e+01
2.687353162e-01  3.6441387e+01         -inf  6.89329e+05  3.64414e+01  3.64414e+01
2.698102574e-01  3.6359656e+01         -inf  6.89329e+05  3.63597e+01  3.63597e+01
2.708894985e-01  3.6195208e+01         -inf  6.89329e+05  3.61952e+01  3.61952e+01
2.719730565e-01  3.6082766e+01         -inf  6.89329e+05  3.60828e+01  3.60828e+01
2.730609487e-01  3.5944108e+01         -inf  6.89329e+05  3.59441e+01  3.59441e+01
2.741531925e-01  3.5767600e+01         -inf  6.89329e+05  3.57676e+01  3.57676e+01
2.752498053e-01  3.5648956e+01         -inf  6.89329e+05  3.56490e+01  3.56490e+01
2.763508045e-01  3.5491591e+01         -inf  6.89329e+05  3.54916e+01  3.54916e+01
2.774562077e-01  3.5339700e+01         -inf  6.89329e+05  3.53397e+01  3.53397e+01
2.785660325e-01  3.5179645e+01         -inf  6.89329e+05  3.51796e+01  3.51796e+01
2.796802967e-01  3.5028162e+01         -inf  6.89329e+05  3.50282e+01  3.50282e+01
2.807990178e-01  3.4849400e+01         -inf  6.89329e+05  3.48494e+01  3.48494e+01
2.819222139e-01  3.4678302e+01         -inf  6.89329e+05  3.46783e+01  3.46783e+01
2.830499028e-01  3.4537158e+01         -inf  6.89329e+05  3.45372e+01  3.45372e+01
2.841821024e-01  3.4358156e+01         -inf  6.89329e+05  3.43582e+01  3.43582e+01
2.853188308e-01  3.4189349e+01         -inf  6.89329e+05  3.41893e+01  3.41893e+01
2.864601061e-01  3.4036860e+01         -inf  6.89329e+05  3.40369e+01  3.40369e+01
2.876059465e-01  3.3863964e+01         -inf  6.89329e+05  3.38640e+01  3.38640e+01
2.887563703e-01  3.3694313e+01         -inf  6.89329e+05  3.36943e+01  3.36943e+01
2.899113958e-01  3.3533802e+01         -inf  6.89329e+05  3.35338e+01  3.35338e+01
2.910710414e-01  3.3382922e+01         -inf  6.89329e+05  3.33829e+01  3.33829e+01
2.922353256e-01  3.3217793e+01         -inf  6.89329e+05  3.32178e+01  3.32178e+01
2.934042669e-01  3.3066528e+01         -inf  6.89329e+05  3.30665e+01  3.30665e+01
2.945778839e-01  3.2918774e+01         -inf  6.89329e+05  3.29188e+01  3.29188e+01
2.957561955e-01  3.2765310e+01         -inf  6.89329e+05  3.27653e+01  3.27653e+01
2.969392202e-01  3.2625560e+01         -inf  6.89329e+05  3.26256e+01  3.26256e+01
2.981269771e-01  3.2489474e+01         -inf  6.89329e+05  3.24895e+01  3.24895e+01
2.993194850e-01  3.2361434e+01         -inf  6.89329e+05  3.23614e+01  3.23614e+01
3.005167630e-01  3.2236113e+01         -inf  6.89329e+05  3.22361e+01  3.22361e+01
3.017188300e-01  3.2111696e+01         -inf  6.89329e+05  3.21117e+01  3.21117e+01
3.029257054e-01  3.1993740e+01         -inf  6.89329e+05  3.19937e+01  3.19937e+01
3.041374082e-01  3.1884890e+01         -inf  6.89329e+05  3.18849e+01  3.18849e+01
3.053539578e-01  3.1767232e+01         -inf  6.89329e+05  3.17672e+01  3.17672e+01
3.065753736e-01  3.1666127e+01         -inf  6.89329e+05  3.16661e+01  3.16661e+01
3.078016751e-01  3.1554286e+01         -inf  6.89329e+05  3.15543e+01  3.15543e+01
3.090328818e-01  3.1455823e+01         -inf  6.89329e+05  3.14558e+01  3.14558e+01
3.102690134e-01  3.1349497e+01         -inf  6.89329e+05  3.13495e+01  3.13495e+01
3.115100894e-01  3.1253941e+01         -inf  6.89329e+05  3.12539e+01  3.12539e+01
3.127561298e-01  3.1150598e+01         -inf  6.89329e+05  3.11506e+01  3.11506e+01
3.140071543e-01  3.1058668e+01         -inf  6.89329e+05  3.10587e+01  3.10587e+01
3.152631829e-01  3.0960311e+01         -inf  6.89329e+05  3.09603e+01  3.09603e+01
3.165242356e-01  3.0863389e+01         -inf  6.89329e+05  3.08634e+01  3.08634e+01
3.177903326e-01  3.0775274e+01         -inf  6.89329e+05  3.07753e+01  3.07753e+01
3.190614939e-01  3.0675325e+01         -inf  6.89329e+05  3.06753e+01  3.06753e+01
3.203377399e-01  3.0589664e+01         -inf  6.89329e+05  3.05897e+01  3.05897e+01
3.216190908e-01  3.0492320e+01         -inf  6.89329e+05  3.04923e+01  3.04923e+01
3.229055672e-01  3.0407753e+01         -inf  6.89329e+05  3.04078e+01  3.04078e+01
3.241971895e-01  3.0309008e+01         -inf  6.89329e+05  3.03090e+01  3.03090e+01
3.254939782e-01  3.0228257e+01         -inf  6.89329e+05  3.02283e+01  3.02283e+01
3.267959541e-01  3.0130341e+01         -inf  6.89329e+05  3.01303e+01  3.01303e+01
3.281031380e-01  3.0048680e+01         -inf  6.89329e+05  3.00487e+01  3.00487e+01
3.294155505e-01  2.9951820e+01         -inf  6.89329e+05  2.99518e+01  2.99518e+01
3.307332127e-01  2.9869628e+01         -inf  6.89329e+05  2.98696e+01  2.98696e+01
3.320561456e-01  2.9777415e+01         -inf  6.89329e+05  2.97774e+01  2.97774e+01
3.333843702e-01  2.9690494e+01         -inf  6.89329e+05  2.96905e+01  2.96905e+01
3.347179076e-01  2.9601493e+01         -inf  6.89329e+05  2.96015e+01  2.96015e+01
3.360567793e-01  2.9512301e+01         -inf  6.89329e+05  2.95123e+01  2.95123e+01
3.374010064e-01  2.9427721e+01         -inf  6.89329e+05  2.94277e+01  2.94277e+01
3.387506104e-01  2.9336864e+01         -inf  6.89329e+05  2.93369e+01  2.93369e+01
3.401056128e-01  2.9250428e+01         -inf  6.89329e+05  2.92504e+01  2.92504e+01
3.414660353e-01  2.9161648e+01         -inf  6.89329e+05  2.91616e+01  2.91616e+01
3.428318994e-01  2.9073887e+01         -inf  6.89329e+05  2.90739e+01  2.90739e+01
3.442032270e-01  2.8987902e+01         -inf  6.89329e+05  2.89879e+01  2.89879e+01
3.455800399e-01  2.8899004e+01         -inf  6.89329e+05  2.88990e+01  2.88990e+01
3.469623601e-01  2.8811580e+01         -inf  6.89329e+05  2.88116e+01  2.88116e+01
3.483502095e-01  2.8723928e+01         -inf  6.89329e+05  2.87239e+01  2.87239e+01
3.497436104e-01  2.8636274e+01         -inf  6.89329e+05  2.86363e+01  2.86363e+01
3.511425848e-01  2.8549187e+01         -inf  6.89329e+05  2.85492e+01  2.85492e+01
3.525471552e-01  2.8461569e+01         -inf  6.89329e+05  2.84616e+01  2.84616e+01
3.539573438e-01  2.8373836e+01         -inf  6.89329e+05  2.83738e+01  2.83738e+01
3.553731732e-01  2.8286367e+01         -inf  6.89329e+05  2.82864e+01  2.82864e+01
3.567946659e-01  2.8198859e+01         -inf  6.89329e+05  2.81989e+01  2.81989e+01
3.582218445e-01  2.8111387e+01         -inf  6.89329e+05  2.81114e+01  2.81114e+01
3.596547319e-01  2.8023990e+01         -inf  6.89329e+05  2.80240e+01  2.80240e+01
3.610933508e-01  2.7936478e+01         -inf  6.89329e+05  2.79365e+01  2.79365e+01
3.625377242e-01  2.7849003e+01         -inf  6.89329e+05  2.78490e+01  2.78490e+01
3.639878751e-01  2.7761527e+01         -inf  6.89329e+05  2.77615e+01  2.77615e+01
3.654438266e-01  2.7674087e+01         -inf  6.89329e+05  2.76741e+01  2.76741e+01
3.669056019e-01  2.7586646e+01         -inf  6.89329e+05  2.75866e+01  2.75866e+01
3.683732243e-01  2.7499242e+01         -inf  6.89329e+05  2.74992e+01  2.74992e+01
3.698467172e-01  2.7411836e+01         -inf  6.89329e+05  2.74118e+01  2.74118e+01
3.713261041e-01  2.7324467e+01         -inf  6.89329e+05  2.73245e+01  2.73245e+01
3.728114085e-01  2.7237097e+01         -inf  6.89329e+05  2.72371e+01  2.72371e+01
3.743026542e-01  2.7149764e+01         -inf  6.89329e+05  2.71498e+01  2.71498e+01
3.757998648e-01  2.7062467e+01         -inf  6.89329e+05  2.70625e+01  2.70625e+01
3.773030642e-01  2.6975169e+01         -inf  6.89329e+05  2.69752e+01  2.69752e+01
3.788122765e-01  2.6887908e+01         -inf  6.89329e+05  2.68879e+01  2.68879e+01
3.803275256e-01  2.6800683e+01         -inf  6.89329e+05  2.68007e+01  2.68007e+01
3.818488357e-01  2.6713495e+01         -inf  6.89329e+05  2.67135e+01  2.67135e+01
3.833762310e-01  2.6626381e+01         -inf  6.89329e+05  2.66264e+01  2.66264e+01
3.849097360e-01  2.6539266e+01         -inf  6.89329e+05  2.65393e+01  2.65393e+01
3.864493749e-01  2.6452226e+01         -inf  6.89329e+05  2.64522e+01  2.64522e+01
3.879951724e-01  2.6365260e+01         -inf  6.89329e+05  2.63653e+01  2.63653e+01
3.895471531e-01  2.6278331e+01         -inf  6.89329e+05  2.62783e+01  2.62783e+01
3.911053417e-01  2.6191438e+01         -inf  6.89329e+05  2.61914e+01  2.61914e+01
3.926697631e-01  2.6104620e+01         -inf  6.89329e+05  2.61046e+01  2.61046e+01
3.942404421e-01  2.6017914e+01         -inf  6.89329e+05  2.60179e+01  2.60179e+01
3.958174039e-01  2.5931245e+01         -inf  6.89329e+05  2.59312e+01  2.59312e+01
3.974006735e-01  2.5844651e+01         -inf  6.89329e+05  2.58447e+01  2.58447e+01
3.989902762e-01  2.5758168e+01         -inf  6.89329e+05  2.57582e+01  2.57582e+01
4.005862373e-01  2.5671760e+01         -inf  6.89329e+05  2.56718e+01  2.56718e+01
4.021885823e-01  2.5585465e+01         -inf  6.89329e+05  2.55855e+01  2.55855e+01
4.037973366e-01  2.5499244e+01         -inf  6.89329e+05  2.54992e+01  2.54992e+01
4.054125259e-01  2.5413135e+01         -inf  6.89329e+05  2.54131e+01  2.54131e+01
4.070341760e-01  2.5327177e+01         -inf  6.89329e+05  2.53272e+01  2.53272e+01
4.086623127e-01  2.5241331e+01         -inf  6.89329e+05  2.52413e+01  2.52413e+01
4.102969620e-01  2.5155597e+01         -inf  6.89329e+05  2.51556e+01  2.51556e+01
4.119381498e-01  2.5069938e+01         -inf  6.89329e+05  2.50699e+01  2.50699e+01
4.135859024e-01  2.4984429e+01         -inf  6.89329e+05  2.49844e+01  2.49844e+01
4.152402460e-01  2.4899107e+01         -inf  6.89329e+05  2.48991e+01  2.48991e+01
4.169012070e-01  2.4813975e+01         -inf  6.89329e+05  2.48140e+01  2.48140e+01
4.185688119e-01  2.4728916e+01         -inf  6.89329e+05  2.47289e+01  2.47289e+01
4.202430871e-01  2.4644008e+01         -inf  6.89329e+05  2.46440e+01  2.46440e+01
4.219240595e-01  2.4559363e+01         -inf  6.89329e+05  2.45594e+01  2.45594e+01
4.236117557e-01  2.4474983e+01         -inf  6.89329e+05  2.44750e+01  2.44750e+01
4.253062027e-01  2.4390752e+01         -inf  6.89329e+05  2.43908e+01  2.43908e+01
4.270074275e-01  2.4306558e+01         -inf  6.89329e+05  2.43066e+01  2.43066e+01
4.287154572e-01  2.4222477e+01         -inf  6.89329e+05  2.42225e+01  2.42225e+01
4.304303191e-01  2.4138735e+01         -inf  6.89329e+05  2.41387e+01  2.41387e+01
4.321520403e-01  2.4055333e+01         -inf  6.89329e+05  2.40553e+01  2.40553e+01
4.338806485e-01  2.3972043e+01         -inf  6.89329e+05  2.39720e+01  2.39720e+01
4.356161711e-01  2.3888865e+01         -inf  6.89329e+05  2.38889e+01  2.38889e+01
4.373586358e-01  2.3806065e+01         -inf  6.89329e+05  2.38061e+01  2.38061e+01
4.391080703e-01  2.3723756e+01         -inf  6.89329e+05  2.37238e+01  2.37238e+01
4.408645026e-01  2.3641786e+01         -inf  6.89329e+05  2.36418e+01  2.36418e+01
4.426279606e-01  2.3559929e+01         -inf  6.89329e+05  2.35599e+01  2.35599e+01
4.443984725e-01  2.3477957e+01         -inf  6.89329e+05  2.34780e+01  2.34780e+01
4.461760664e-01  2.3396060e+01         -inf  6.89329e+05  2.33961e+01  2.33961e+01
4.479607706e-01  2.3314767e+01         -inf  6.89329e+05  2.33148e+01  2.33148e+01
4.497526137e-01  2.3234155e+01         -inf  6.89329e+05  2.32342e+01  2.32342e+01
4.515516242e-01  2.3153541e+01         -inf  6.89329e+05  2.31535e+01  2.31535e+01
4.533578307e-01  2.3072965e+01         -inf  6.89329e+05  2.30730e+01  2.30730e+01
4.551712620e-01  2.2992993e+01         -inf  6.89329e+05  2.29930e+01  2.29930e+01
4.569919470e-01  2.2913890e+01         -inf  6.89329e+05  2.29139e+01  2.29139e+01
4.588199148e-01  2.2835354e+01         -inf  6.89329e+05  2.28354e+01  2.28354e+01
4.606551945e-01  2.2757120e+01         -inf  6.89329e+05  2.27571e+01  2.27571e+01
4.624978152e-01  2.2678393e+01         -inf  6.89329e+05  2.26784e+01  2.26784e+01
4.643478065e-01  2.2599211e+01         -inf  6.89329e+05  2.25992e+01  2.25992e+01
4.662051977e-01  2.2520633e+01         -inf  6.89329e+05  2.25206e+01  2.25206e+01
4.680700185e-01  2.2443304e+01         -inf  6.89329e+05  2.24433e+01  2.24433e+01
4.699422986e-01  2.2366541e+01         -inf  6.89329e+05  2.23665e+01  2.23665e+01
4.718220678e-01  2.2289551e+01         -inf  6.89329e+05  2.22896e+01  2.22896e+01
4.737093561e-01  2.2212938e+01         -inf  6.89329e+05  2.22129e+01  2.22129e+01
4.756041935e-01  2.2137573e+01         -inf  6.89329e+05  2.21376e+01  2.21376e+01
4.775066103e-01  2.2063532e+01         -inf  6.89329e+05  2.20635e+01  2.20635e+01
4.794166367e-01  2.1990285e+01         -inf  6.89329e+05  2.19903e+01  2.19903e+01
4.813343033e-01  2.1917113e+01         -inf  6.89329e+05  2.19171e+01  2.19171e+01
4.832596405e-01  2.1842767e+01         -inf  6.89329e+05  2.18428e+01  2.18428e+01
4.851926790e-01  2.1767398e+01         -inf  6.89329e+05  2.17674e+01  2.17674e+01
4.871334497e-01  2.1692709e+01         -inf  6.89329e+05  2.16927e+01  2.16927e+01
4.890819835e-01  2.1619875e+01         -inf  6.89329e+05  2.16199e+01  2.16199e+01
4.910383115e-01  2.1548061e+01         -inf  6.89329e+05  2.15481e+01  2.15481e+01
4.930024647e-01  2.1475982e+01         -inf  6.89329e+05  2.14760e+01  2.14760e+01
4.949744746e-01  2.1404281e+01         -inf  6.89329e+05  2.14043e+01  2.14043e+01
4.969543725e-01  2.1334055e+01         -inf  6.89329e+05  2.13341e+01  2.13341e+01
4.989421900e-01  2.1265759e+01         -inf  6.89329e+05  2.12658e+01  2.12658e+01
5.009379587e-01  2.1198977e+01         -inf  6.89329e+05  2.11990e+01  2.11990e+01
5.029417106e-01  2.1132838e+01         -inf  6.89329e+05  2.11328e+01  2.11328e+01
5.049534774e-01  2.1065752e+01         -inf  6.89329e+05  2.10658e+01  2.10658e+01
5.069732913e-01  2.0996696e+01         -inf  6.89329e+05  2.09967e+01  2.09967e+01
5.090011845e-01  2.0926579e+01         -inf  6.89329e+05  2.09266e+01  2.09266e+01
5.110371892e-01  2.0857560e+01         -inf  6.89329e+05  2.08576e+01  2.08576e+01
5.130813380e-01  2.0790698e+01         -inf  6.89329e+05  2.07907e+01  2.07907e+01
5.151336633e-01  2.0725160e+01         -inf  6.89329e+05  2.07252e+01  2.07252e+01
5.171941980e-01  2.0659887e+01         -inf  6.89329e+05  2.06599e+01  2.06599e+01
5.192629748e-01  2.0595067e+01         -inf  6.89329e+05  2.05951e+01  2.05951e+01
5.213400267e-01  2.0531497e+01         -inf  6.89329e+05  2.05315e+01  2.05315e+01
5.234253868e-01  2.0469705e+01         -inf  6.89329e+05  2.04697e+01  2.04697e+01
5.255190883e-01  2.0409578e+01         -inf  6.89329e+05  2.04096e+01  2.04096e+01
5.276211647e-01  2.0350511e+01         -inf  6.89329e+05  2.03505e+01  2.03505e+01
5.297316493e-01  2.0291595e+01         -inf  6.89329e+05  2.02916e+01  2.02916e+01
5.318505759e-01  2.0231960e+01         -inf  6.89329e+05  2.02320e+01  2.02320e+01
5.339779782e-01  2.0170884e+01         -inf  6.89329e+05  2.01709e+01  2.01709e+01
5.361138902e-01  2.0108710e+01         -inf  6.89329e+05  2.01087e+01  2.01087e+01
5.382583457e-01  2.0047406e+01         -inf  6.89329e+05  2.00474e+01  2.00474e+01
5.404113791e-01  1.9988526e+01         -inf  6.89329e+05  1.99885e+01  1.99885e+01
5.425730246e-01  1.9931386e+01         -inf  6.89329e+05  1.99314e+01  1.99314e+01
5.447433167e-01  1.9874625e+01         -inf  6.89329e+05  1.98746e+01  1.98746e+01
5.469222900e-01  1.9817446e+01         -inf  6.89329e+05  1.98174e+01  1.98174e+01
5.491099791e-01  1.9760305e+01         -inf  6.89329e+05  1.97603e+01  1.97603e+01
5.513064191e-01  1.9703731e+01         -inf  6.89329e+05  1.97037e+01  1.97037e+01
5.535116447e-01  1.9648104e+01         -inf  6.89329e+05  1.96481e+01  1.96481e+01
5.557256913e-01  1.9593953e+01         -inf  6.89329e+05  1.95940e+01  1.95940e+01
5.579485941e-01  1.9541808e+01         -inf  6.89329e+05  1.95418e+01  1.95418e+01
5.601803884e-01  1.9491595e+01         -inf  6.89329e+05  1.94916e+01  1.94916e+01
5.624211100e-01  1.9442100e+01         -inf  6.89329e+05  1.94421e+01  1.94421e+01
5.646707944e-01  1.9392075e+01         -inf  6.89329e+05  1.93921e+01  1.93921e+01
5.669294776e-01  1.9341557e+01         -inf  6.89329e+05  1.93416e+01  1.93416e+01
5.691971955e-01  1.9291380e+01         -inf  6.89329e+05  1.92914e+01  1.92914e+01
5.714739843e-01  1.9241733e+01         -inf  6.89329e+05  1.92417e+01  1.92417e+01
5.737598803e-01  1.9191062e+01         -inf  6.89329e+05  1.91911e+01  1.91911e+01
5.760549198e-01  1.9138195e+01         -inf  6.89329e+05  1.91382e+01  1.91382e+01
5.783591395e-01  1.9083850e+01         -inf  6.89329e+05  1.90839e+01  1.90839e+01
5.806725760e-01  1.9029278e+01         -inf  6.89329e+05  1.90293e+01  1.90293e+01
5.829952663e-01  1.8975614e+01         -inf  6.89329e+05  1.89756e+01  1.89756e+01
5.853272474e-01  1.8923502e+01         -inf  6.89329e+05  1.89235e+01  1.89235e+01
5.876685564e-01  1.8873170e+01         -inf  6.89329e+05  1.88732e+01  1.88732e+01
5.900192306e-01  1.8824883e+01         -inf  6.89329e+05  1.88249e+01  1.88249e+01
5.923793075e-01  1.8779511e+01         -inf  6.89329e+05  1.87795e+01  1.87795e+01
5.947488247e-01  1.8737283e+01         -inf  6.89329e+05  1.87373e+01  1.87373e+01
5.971278200e-01  1.8696531e+01         -inf  6.89329e+05  1.86965e+01  1.86965e+01
5.995163313e-01  1.8655135e+01         -inf  6.89329e+05  1.86551e+01  1.86551e+01
6.019143966e-01  1.8611088e+01         -inf  6.89329e+05  1.86111e+01  1.86111e+01
6.043220542e-01  1.8563784e+01         -inf  6.89329e+05  1.85638e+01  1.85638e+01
6.067393425e-01  1.8513714e+01         -inf  6.89329e+05  1.85137e+01  1.85137e+01
6.091662998e-01  1.8461977e+01         -inf  6.89329e+05  1.84620e+01  1.84620e+01
6.116029650e-01  1.8410164e+01         -inf  6.89329e+05  1.84102e+01  1.84102e+01
6.140493769e-01  1.8359184e+01         -inf  6.89329e+05  1.83592e+01  1.83592e+01
6.165055744e-01  1.8309454e+01         -inf  6.89329e+05  1.83095e+01  1.83095e+01
6.189715967e-01  1.8261048e+01         -inf  6.89329e+05  1.82610e+01  1.82610e+01
6.214474831e-01  1.8213855e+01         -inf  6.89329e+05  1.82139e+01  1.82139e+01
6.239332730e-01  1.8167456e+01         -inf  6.89329e+05  1.81675e+01  1.81675e+01
6.264290061e-01  1.8121360e+01         -inf  6.89329e+05  1.81214e+01  1.81214e+01
6.289347221e-01  1.8077688e+01         -inf  6.89329e+05  1.80777e+01  1.80777e+01
6.314504610e-01  1.8029887e+01         -inf  6.89329e+05  1.80299e+01  1.80299e+01
6.339762629e-01  1.7983942e+01         -inf  6.89329e+05  1.79839e+01  1.79839e+01
6.365121679e-01  1.7938299e+01         -inf  6.89329e+05  1.79383e+01  1.79383e+01
6.390582166e-01  1.7892922e+01         -inf  6.89329e+05  1.78929e+01  1.78929e+01
6.416144494e-01  1.7847922e+01         -inf  6.89329e+05  1.78479e+01  1.78479e+01
6.441809072e-01  1.7804172e+01         -inf  6.89329e+05  1.78042e+01  1.78042e+01
6.467576309e-01  1.7761218e+01         -inf  6.89329e+05  1.77612e+01  1.77612e+01
6.493446614e-01  1.7718983e+01         -inf  6.89329e+05  1.77190e+01  1.77190e+01
6.519420400e-01  1.7677543e+01         -inf  6.89329e+05  1.76775e+01  1.76775e+01
6.545498082e-01  1.7636330e+01         -inf  6.89329e+05  1.76363e+01  1.76363e+01
6.571680074e-01  1.7595458e+01         -inf  6.89329e+05  1.75955e+01  1.75955e+01
6.597966795e-01  1.7555267e+01         -inf  6.89329e+05  1.75553e+01  1.75553e+01
6.624358662e-01  1.7515720e+01         -inf  6.89329e+05  1.75157e+01  1.75157e+01
6.650856096e-01  1.7476211e+01         -inf  6.89329e+05  1.74762e+01  1.74762e+01
6.677459521e-01  1.7436739e+01         -inf  6.89329e+05  1.74367e+01  1.74367e+01
6.704169359e-01  1.7397797e+01         -inf  6.89329e+05  1.73978e+01  1.73978e+01
6.730986036e-01  1.7359500e+01         -inf  6.89329e+05  1.73595e+01  1.73595e+01
6.757909981e-01  1.7321997e+01         -inf  6.89329e+05  1.73220e+01  1.73220e+01
6.784941620e-01  1.7285138e+01         -inf  6.89329e+05  1.72851e+01  1.72851e+01
6.812081387e-01  1.7249302e+01         -inf  6.89329e+05  1.72493e+01  1.72493e+01
6.839329712e-01  1.7214602e+01         -inf  6.89329e+05  1.72146e+01  1.72146e+01
6.866687031e-01  1.7212102e+01         -inf  6.89329e+05  1.72121e+01  1.72121e+01
6.894153779e-01  1.7182137e+01         -inf  6.89329e+05  1.71821e+01  1.71821e+01
6.921730395e-01  1.7115843e+01         -inf  6.89329e+05  1.71158e+01  1.71158e+01
6.949417316e-01  1.7075725e+01         -inf  6.89329e+05  1.70757e+01  1.70757e+01
6.977214985e-01  1.7042009e+01         -inf  6.89329e+05  1.70420e+01  1.70420e+01
7.005123845e-01  1.7009164e+01         -inf  6.89329e+05  1.70092e+01  1.70092e+01
7.033144341e-01  1.6977304e+01         -inf  6.89329e+05  1.69773e+01  1.69773e+01
7.061276918e-01  1.6946239e+01         -inf  6.89329e+05  1.69462e+01  1.69462e+01
7.089522026e-01  1.6915819e+01         -inf  6.89329e+05  1.69158e+01  1.69158e+01
7.117880114e-01  1.6886118e+01         -inf  6.89329e+05  1.68861e+01  1.68861e+01
7.146351634e-01  1.6857288e+01         -inf  6.89329e+05  1.68573e+01  1.68573e+01
7.174937041e-01  1.6828306e+01         -inf  6.89329e+05  1.68283e+01  1.68283e+01
7.203636789e-01  1.6797999e+01         -inf  6.89329e+05  1.67980e+01  1.67980e+01
7.232451336e-01  1.6768449e+01         -inf  6.89329e+05  1.67684e+01  1.67684e+01
7.261381142e-01  1.6740111e+01         -inf  6.89329e+05  1.67401e+01  1.67401e+01
7.290426666e-01  1.6711621e+01         -inf  6.89329e+05  1.67116e+01  1.67116e+01
7.319588373e-01  1.6683738e+01         -inf  6.89329e+05  1.66837e+01  1.66837e+01
7.348866726e-01  1.6657028e+01         -inf  6.89329e+05  1.66570e+01  1.66570e+01
7.378262193e-01  1.6631039e+01         -inf  6.89329e+05  1.66310e+01  1.66310e+01
7.407775242e-01  1.6605656e+01         -inf  6.89329e+05  1.66057e+01  1.66057e+01
7.437406343e-01  1.6581371e+01         -inf  6.89329e+05  1.65814e+01  1.65814e+01
7.467155968e-01  1.6557578e+01         -inf  6.89329e+05  1.65576e+01  1.65576e+01
7.497024592e-01  1.6532422e+01         -inf  6.89329e+05  1.65324e+01  1.65324e+01
7.527012690e-01  1.6505636e+01         -inf  6.89329e+05  1.65056e+01  1.65056e+01
7.557120741e-01  1.6479457e+01         -inf  6.89329e+05  1.64795e+01  1.64795e+01
7.587349224e-01  1.6521473e+01         -inf  6.89329e+05  1.65215e+01  1.65215e+01
7.617698621e-01  1.6773411e+01         -inf  6.89329e+05  1.67734e+01  1.67734e+01
7.648169416e-01  1.6580878e+01         -inf  6.89329e+05  1.65809e+01  1.65809e+01
7.678762093e-01  1.6399478e+01         -inf  6.89329e+05  1.63995e+01  1.63995e+01
7.709477142e-01  1.6363220e+01         -inf  6.89329e+05  1.63632e+01  1.63632e+01
7.740315050e-01  1.6342534e+01         -inf  6.89329e+05  1.63425e+01  1.63425e+01
7.771276310e-01  1.6322794e+01         -inf  6.89329e+05  1.63228e+01  1.63228e+01
7.802361416e-01  1.6302108e+01         -inf  6.89329e+05  1.63021e+01  1.63021e+01
7.833570861e-01  1.6280360e+01         -inf  6.89329e+05  1.62804e+01  1.62804e+01
7.864905145e-01  1.6256529e+01         -inf  6.89329e+05  1.62565e+01  1.62565e+01
7.896364765e-01  1.6235084e+01         -inf  6.89329e+05  1.62351e+01  1.62351e+01
7.927950224e-01  1.6213526e+01         -inf  6.89329e+05  1.62135e+01  1.62135e+01
7.959662025e-01  1.6192801e+01         -inf  6.89329e+05  1.61928e+01  1.61928e+01
7.991500673e-01  1.6172834e+01         -inf  6.89329e+05  1.61728e+01  1.61728e+01
8.023466676e-01  1.6153322e+01         -inf  6.89329e+05  1.61533e+01  1.61533e+01
8.055560543e-01  1.6134453e+01         -inf  6.89329e+05  1.61345e+01  1.61345e+01
8.087782785e-01  1.6116721e+01         -inf  6.89329e+05  1.61167e+01  1.61167e+01
8.120133916e-01  1.6099709e+01         -inf  6.89329e+05  1.60997e+01  1.60997e+01
8.152614452e-01  1.6082735e+01         -inf  6.89329e+05  1.60827e+01  1.60827e+01
8.185224910e-01  1.6064700e+01         -inf  6.89329e+05  1.60647e+01  1.60647e+01
8.217965809e-01  1.6045225e+01         -inf  6.89329e+05  1.60452e+01  1.60452e+01
8.250837672e-01  1.6025409e+01         -inf  6.89329e+05  1.60254e+01  1.60254e+01
8.283841023e-01  1.6006578e+01         -inf  6.89329e+05  1.60066e+01  1.60066e+01
8.316976387e-01  1.5988732e+01         -inf  6.89329e+05  1.59887e+01  1.59887e+01
8.350244293e-01  1.5971606e+01         -inf  6.89329e+05  1.59716e+01  1.59716e+01
8.383645270e-01  1.5955124e+01         -inf  6.89329e+05  1.59551e+01  1.59551e+01
8.417179851e-01  1.5939059e+01         -inf  6.89329e+05  1.59391e+01  1.59391e+01
8.450848570e-01  1.5923410e+01         -inf  6.89329e+05  1.59234e+01  1.59234e+01
8.484651965e-01  1.5908595e+01         -inf  6.89329e+05  1.59086e+01  1.59086e+01
8.518590573e-01  1.5894917e+01         -inf  6.89329e+05  1.58949e+01  1.58949e+01
8.552664935e-01  1.5880026e+01         -inf  6.89329e+05  1.58800e+01  1.58800e+01
8.586875595e-01  1.5864188e+01         -inf  6.89329e+05  1.58642e+01  1.58642e+01
8.621223097e-01  1.5848161e+01         -inf  6.89329e+05  1.58482e+01  1.58482e+01
8.655707989e-01  1.5832020e+01         -inf  6.89329e+05  1.58320e+01  1.58320e+01
8.690330821e-01  1.5819629e+01         -inf  6.89329e+05  1.58196e+01  1.58196e+01
8.725092145e-01  1.5802692e+01         -inf  6.89329e+05  1.58027e+01  1.58027e+01
8.759992513e-01  1.5787157e+01         -inf  6.89329e+05  1.57872e+01  1.57872e+01
8.795032483e-01  1.5773820e+01         -inf  6.89329e+05  1.57738e+01  1.57738e+01
8.830212613e-01  1.5763854e+01         -inf  6.89329e+05  1.57639e+01  1.57639e+01
8.865533464e-01  1.5751237e+01         -inf  6.89329e+05  1.57512e+01  1.57512e+01
8.900995597e-01  1.5737179e+01         -inf  6.89329e+05  1.57372e+01  1.57372e+01
8.936599580e-01  1.5723160e+01         -inf  6.89329e+05  1.57232e+01  1.57232e+01
8.972345978e-01  1.5710504e+01         -inf  6.89329e+05  1.57105e+01  1.57105e+01
9.008235362e-01  1.5696939e+01         -inf  6.89329e+05  1.56969e+01  1.56969e+01
9.044268304e-01  1.5682806e+01         -inf  6.89329e+05  1.56828e+01  1.56828e+01
9.080445377e-01  1.5669430e+01         -inf  6.89329e+05  1.56694e+01  1.56694e+01
9.116767158e-01  1.5656812e+01         -inf  6.89329e+05  1.56568e+01  1.56568e+01
9.153234227e-01  1.5644535e+01         -inf  6.89329e+05  1.56445e+01  1.56445e+01
9.189847164e-01  1.5632637e+01         -inf  6.89329e+05  1.56326e+01  1.56326e+01
9.226606552e-01  1.5621573e+01         -inf  6.89329e+05  1.56216e+01  1.56216e+01
9.263512979e-01  1.5609675e+01         -inf  6.89329e+05  1.56097e+01  1.56097e+01
9.300567031e-01  1.5598573e+01         -inf  6.89329e+05  1.55986e+01  1.55986e+01
9.337769299e-01  1.5587622e+01         -inf  6.89329e+05  1.55876e+01  1.55876e+01
9.375120376e-01  1.5576709e+01         -inf  6.89329e+05  1.55767e+01  1.55767e+01
9.412620857e-01  1.5566744e+01         -inf  6.89329e+05  1.55667e+01  1.55667e+01
9.450271341e-01  1.5556627e+01         -inf  6.89329e+05  1.55566e+01  1.55566e+01
9.488072426e-01  1.5545335e+01         -inf  6.89329e+05  1.55453e+01  1.55453e+01
9.526024716e-01  1.5534346e+01         -inf  6.89329e+05  1.55343e+01  1.55343e+01
9.564128815e-01  1.5524077e+01         -inf  6.89329e+05  1.55241e+01  1.55241e+01
9.602385330e-01  1.5513960e+01         -inf  6.89329e+05  1.55140e+01  1.55140e+01
9.640794871e-01  1.5504222e+01         -inf  6.89329e+05  1.55042e+01  1.55042e+01
9.679358051e-01  1.5494521e+01         -inf  6.89329e+05  1.54945e+01  1.54945e+01
9.718075483e-01  1.5485238e+01         -inf  6.89329e+05  1.54852e+01  1.54852e+01
9.756947785e-01  1.5475613e+01         -inf  6.89329e+05  1.54756e+01  1.54756e+01
9.795975576e-01  1.5466557e+01         -inf  6.89329e+05  1.54666e+01  1.54666e+01
9.835159478e-01  1.5457538e+01         -inf  6.89329e+05  1.54575e+01  1.54575e+01
9.874500116e-01  1.5449050e+01         -inf  6.89329e+05  1.54491e+01  1.54491e+01
9.913998117e-01  1.5441434e+01         -inf  6.89329e+05  1.54414e+01  1.54414e+01
9.953654109e-01  1.5432264e+01         -inf  6.89329e+05  1.54323e+01  1.54323e+01
9.993468726e-01  1.5422980e+01         -inf  6.89329e+05  1.54230e+01  1.54230e+01
1.003344260e+00  1.5414227e+01         -inf  6.89329e+05  1.54142e+01  1.54142e+01
1.007357637e+00  1.5405777e+01         -inf  6.89329e+05  1.54058e+01  1.54058e+01
1.011387068e+00  1.5397554e+01         -inf  6.89329e+05  1.53976e+01  1.53976e+01
1.015432616e+00  1.5389331e+01         -inf  6.89329e+05  1.53893e+01  1.53893e+01
1.019494346e+00  1.5381109e+01         -inf  6.89329e+05  1.53811e+01  1.53811e+01
1.023572324e+00  1.5373075e+01         -inf  6.89329e+05  1.53731e+01  1.53731e+01
1.027666613e+00  1.5365231e+01         -inf  6.89329e+05  1.53652e+01  1.53652e+01
1.031777280e+00  1.5357463e+01         -inf  6.89329e+05  1.53575e+01  1.53575e+01
1.035904389e+00  1.5354204e+01         -inf  6.89329e+05  1.53542e+01  1.53542e+01
1.040048006e+00  1.5350908e+01         -inf  6.89329e+05  1.53509e+01  1.53509e+01
1.044208198e+00  1.5335788e+01         -inf  6.89329e+05  1.53358e+01  1.53358e+01
1.048385031e+00  1.5339919e+01         -inf  6.89329e+05  1.53399e+01  1.53399e+01
1.052578571e+00  1.5344921e+01         -inf  6.89329e+05  1.53449e+01  1.53449e+01
1.056788885e+00  1.5315667e+01         -inf  6.89329e+05  1.53157e+01  1.53157e+01
1.061016041e+00  1.5308354e+01         -inf  6.89329e+05  1.53084e+01  1.53084e+01
1.065260105e+00  1.5306269e+01         -inf  6.89329e+05  1.53063e+01  1.53063e+01
1.069521146e+00  1.5295167e+01         -inf  6.89329e+05  1.52952e+01  1.52952e+01
1.073799230e+00  1.5287664e+01         -inf  6.89329e+05  1.52877e+01  1.52877e+01
1.078094427e+00  1.5281070e+01         -inf  6.89329e+05  1.52811e+01  1.52811e+01
1.082406805e+00  1.5274590e+01         -inf  6.89329e+05  1.52746e+01  1.52746e+01
1.086736432e+00  1.5268376e+01         -inf  6.89329e+05  1.52684e+01  1.52684e+01
1.091083378e+00  1.5262502e+01         -inf  6.89329e+05  1.52625e+01  1.52625e+01
1.095447711e+00  1.5256780e+01         -inf  6.89329e+05  1.52568e+01  1.52568e+01
1.099829502e+00  1.5250793e+01         -inf  6.89329e+05  1.52508e+01  1.52508e+01
1.104228820e+00  1.5244768e+01         -inf  6.89329e+05  1.52448e+01  1.52448e+01
1.108645735e+00  1.5239463e+01         -inf  6.89329e+05  1.52395e+01  1.52395e+01
1.113080318e+00  1.5236621e+01         -inf  6.89329e+05  1.52366e+01  1.52366e+01
1.117532640e+00  1.5233514e+01         -inf  6.89329e+05  1.52335e+01  1.52335e+01
1.122002770e+00  1.5231808e+01         -inf  6.89329e+05  1.52318e+01  1.52318e+01
1.126490781e+00  1.5234120e+01         -inf  6.89329e+05  1.52341e+01  1.52341e+01
1.130996744e+00  1.5230861e+01         -inf  6.89329e+05  1.52309e+01  1.52309e+01
1.135520731e+00  1.5228322e+01         -inf  6.89329e+05  1.52283e+01  1.52283e+01
1.140062814e+00  1.5211080e+01         -inf  6.89329e+05  1.52111e+01  1.52111e+01
1.144623065e+00  1.5205283e+01         -inf  6.89329e+05  1.52053e+01  1.52053e+01
1.149201558e+00  1.5207291e+01         -inf  6.89329e+05  1.52073e+01  1.52073e+01
1.153798364e+00  1.5218545e+01         -inf  6.89329e+05  1.52185e+01  1.52185e+01
1.158413557e+00  1.5207367e+01         -inf  6.89329e+05  1.52074e+01  1.52074e+01
1.163047212e+00  1.5215476e+01         -inf  6.89329e+05  1.52155e+01  1.52155e+01
1.167699401e+00  1.5198196e+01         -inf  6.89329e+05  1.51982e+01  1.51982e+01
1.172370198e+00  1.5185426e+01         -inf  6.89329e+05  1.51854e+01  1.51854e+01
1.177059679e+00  1.5174285e+01         -inf  6.89329e+05  1.51743e+01  1.51743e+01
1.181767918e+00  1.5166744e+01         -inf  6.89329e+05  1.51667e+01  1.51667e+01
1.186494989e+00  1.5160908e+01         -inf  6.89329e+05  1.51609e+01  1.51609e+01
1.191240969e+00  1.5155073e+01         -inf  6.89329e+05  1.51551e+01  1.51551e+01
1.196005933e+00  1.5147835e+01         -inf  6.89329e+05  1.51478e+01  1.51478e+01
1.200789957e+00  1.5197363e+01         -inf  6.89329e+05  1.51974e+01  1.51974e+01
1.205593117e+00  1.5493044e+01         -inf  6.89329e+05  1.54930e+01  1.54930e+01
1.210415489e+00  1.5265344e+01         -inf  6.89329e+05  1.52653e+01  1.52653e+01
1.215257151e+00  1.5163372e+01         -inf  6.89329e+05  1.51634e+01  1.51634e+01
1.220118180e+00  1.5416538e+01         -inf  6.89329e+05  1.54165e+01  1.54165e+01
1.224998652e+00  1.5234802e+01         -inf  6.89329e+05  1.52348e+01  1.52348e+01
1.229898647e+00  1.5128584e+01         -inf  6.89329e+05  1.51286e+01  1.51286e+01
1.234818242e+00  1.5125250e+01         -inf  6.89329e+05  1.51252e+01  1.51252e+01
1.239757515e+00  1.5114563e+01         -inf  6.89329e+05  1.51146e+01  1.51146e+01
1.244716545e+00  1.5105620e+01         -inf  6.89329e+05  1.51056e+01  1.51056e+01
1.249695411e+00  1.5102930e+01         -inf  6.89329e+05  1.51029e+01  1.51029e+01
1.254694192e+00  1.5101111e+01         -inf  6.89329e+05  1.51011e+01  1.51011e+01
1.259712969e+00  1.5099936e+01         -inf  6.89329e+05  1.50999e+01  1.50999e+01
1.264751821e+00  1.5107932e+01         -inf  6.89329e+05  1.51079e+01  1.51079e+01
1.269810828e+00  1.5111570e+01         -inf  6.89329e+05  1.51116e+01  1.51116e+01
1.274890072e+00  1.5088378e+01         -inf  6.89329e+05  1.50884e+01  1.50884e+01
1.279989632e+00  1.5081747e+01         -inf  6.89329e+05  1.50817e+01  1.50817e+01
1.285109591e+00  1.5078222e+01         -inf  6.89329e+05  1.50782e+01  1.50782e+01
1.290250029e+00  1.5103233e+01         -inf  6.89329e+05  1.51032e+01  1.51032e+01
1.295411029e+00  1.5099595e+01         -inf  6.89329e+05  1.50996e+01  1.50996e+01
1.300592673e+00  1.5069810e+01         -inf  6.89329e+05  1.50698e+01  1.50698e+01
1.305795044e+00  1.5065869e+01         -inf  6.89329e+05  1.50659e+01  1.50659e+01
1.311018224e+00  1.5080458e+01         -inf  6.89329e+05  1.50805e+01  1.50805e+01
1.316262297e+00  1.5172466e+01         -inf  6.89329e+05  1.51725e+01  1.51725e+01
1.321527346e+00  1.5122900e+01         -inf  6.89329e+05  1.51229e+01  1.51229e+01
1.326813455e+00  1.5069241e+01         -inf  6.89329e+05  1.50692e+01  1.50692e+01
1.332120709e+00  1.5114222e+01         -inf  6.89329e+05  1.51142e+01  1.51142e+01
1.337449192e+00  1.5108008e+01         -inf  6.89329e+05  1.51080e+01  1.51080e+01
1.342798989e+00  1.5118315e+01         -inf  6.89329e+05  1.51183e+01  1.51183e+01
1.348170185e+00  1.5074054e+01         -inf  6.89329e+05  1.50741e+01  1.50741e+01
1.353562866e+00  1.5074395e+01         -inf  6.89329e+05  1.50744e+01  1.50744e+01
1.358977117e+00  1.5081444e+01         -inf  6.89329e+05  1.50814e+01  1.50814e+01
1.364413026e+00  1.5074509e+01         -inf  6.89329e+05  1.50745e+01  1.50745e+01
1.369870678e+00  1.5067764e+01         -inf  6.89329e+05  1.50678e+01  1.50678e+01
1.375350160e+00  1.5072046e+01         -inf  6.89329e+05  1.50720e+01  1.50720e+01
1.380851561e+00  1.5072841e+01         -inf  6.89329e+05  1.50728e+01  1.50728e+01
1.386374967e+00  1.5072462e+01         -inf  6.89329e+05  1.50725e+01  1.50725e+01
1.391920467e+00  1.5067195e+01         -inf  6.89329e+05  1.50672e+01  1.50672e+01
1.397488149e+00  1.5064163e+01         -inf  6.89329e+05  1.50642e+01  1.50642e+01
1.403078102e+00  1.5065831e+01         -inf  6.89329e+05  1.50658e+01  1.50658e+01
1.408690414e+00  1.5062610e+01         -inf  6.89329e+05  1.50626e+01  1.50626e+01
1.414325176e+00  1.5040934e+01         -inf  6.89329e+05  1.50409e+01  1.50409e+01
1.419982476e+00  1.5030172e+01         -inf  6.89329e+05  1.50302e+01  1.50302e+01
1.425662406e+00  1.5024298e+01         -inf  6.89329e+05  1.50243e+01  1.50243e+01
1.431365056e+00  1.6802242e+01         -inf  6.89329e+05  1.68022e+01  1.68022e+01
1.437090516e+00  1.6383603e+01         -inf  6.89329e+05  1.63836e+01  1.63836e+01
1.442838878e+00  1.5609675e+01         -inf  6.89329e+05  1.56097e+01  1.56097e+01
1.448610234e+00  1.5128926e+01         -inf  6.89329e+05  1.51289e+01  1.51289e+01
1.454404675e+00  1.5009405e+01         -inf  6.89329e+05  1.50094e+01  1.50094e+01
1.460222293e+00  1.4999439e+01         -inf  6.89329e+05  1.49994e+01  1.49994e+01
1.466063182e+00  1.4996483e+01         -inf  6.89329e+05  1.49965e+01  1.49965e+01
1.471927435e+00  1.5138664e+01         -inf  6.89329e+05  1.51387e+01  1.51387e+01
1.477815145e+00  1.5113654e+01         -inf  6.89329e+05  1.51137e+01  1.51137e+01
1.483726405e+00  1.5014824e+01         -inf  6.89329e+05  1.50148e+01  1.50148e+01
1.489661311e+00  1.4993375e+01         -inf  6.89329e+05  1.49934e+01  1.49934e+01
1.495619956e+00  1.5026610e+01         -inf  6.89329e+05  1.50266e+01  1.50266e+01
1.501602436e+00  1.5001826e+01         -inf  6.89329e+05  1.50018e+01  1.50018e+01
1.507608846e+00  1.4982689e+01         -inf  6.89329e+05  1.49827e+01  1.49827e+01
1.513639281e+00  1.4980794e+01         -inf  6.89329e+05  1.49808e+01  1.49808e+01
1.519693838e+00  1.4979240e+01         -inf  6.89329e+05  1.49792e+01  1.49792e+01
1.525772614e+00  1.5005691e+01         -inf  6.89329e+05  1.50057e+01  1.50057e+01
1.531875704e+00  1.5144955e+01         -inf  6.89329e+05  1.51450e+01  1.51450e+01
1.538003207e+00  1.5252271e+01         -inf  6.89329e+05  1.52523e+01  1.52523e+01
1.544155220e+00  1.5105772e+01         -inf  6.89329e+05  1.51058e+01  1.51058e+01
1.550331841e+00  1.4973821e+01         -inf  6.89329e+05  1.49738e+01  1.49738e+01
1.556533168e+00  1.4971169e+01         -inf  6.89329e+05  1.49712e+01  1.49712e+01
1.562759301e+00  1.4972230e+01         -inf  6.89329e+05  1.49722e+01  1.49722e+01
1.569010338e+00  1.5479857e+01         -inf  6.89329e+05  1.54799e+01  1.54799e+01
1.575286379e+00  1.5978540e+01         -inf  6.89329e+05  1.59785e+01  1.59785e+01
1.581587525e+00  1.5473946e+01         -inf  6.89329e+05  1.54739e+01  1.54739e+01
1.587913875e+00  1.4999439e+01         -inf  6.89329e+05  1.49994e+01  1.49994e+01
1.594265530e+00  1.4995384e+01         -inf  6.89329e+05  1.49954e+01  1.49954e+01
1.600642593e+00  1.5870099e+01         -inf  6.89329e+05  1.58701e+01  1.58701e+01
1.607045163e+00  1.5922349e+01         -inf  6.89329e+05  1.59223e+01  1.59223e+01
1.613473344e+00  1.5391870e+01         -inf  6.89329e+05  1.53919e+01  1.53919e+01
1.619927237e+00  1.5006374e+01         -inf  6.89329e+05  1.50064e+01  1.50064e+01
1.626406946e+00  1.4999363e+01         -inf  6.89329e+05  1.49994e+01  1.49994e+01
1.632912574e+00  1.5054879e+01         -inf  6.89329e+05  1.50549e+01  1.50549e+01
1.639444224e+00  1.5195241e+01         -inf  6.89329e+05  1.51952e+01  1.51952e+01
1.646002001e+00  1.5259054e+01         -inf  6.89329e+05  1.52591e+01  1.52591e+01
1.652586009e+00  1.5167995e+01         -inf  6.89329e+05  1.51680e+01  1.51680e+01
1.659196353e+00  1.5014862e+01         -inf  6.89329e+05  1.50149e+01  1.50149e+01
1.665833138e+00  1.5286451e+01         -inf  6.89329e+05  1.52865e+01  1.52865e+01
1.672496471e+00  1.5005161e+01         -inf  6.89329e+05  1.50052e+01  1.50052e+01
1.679186457e+00  1.5031839e+01         -inf  6.89329e+05  1.50318e+01  1.50318e+01
1.685903203e+00  1.5022403e+01         -inf  6.89329e+05  1.50224e+01  1.50224e+01
1.692646815e+00  1.5015165e+01         -inf  6.89329e+05  1.50152e+01  1.50152e+01
1.699417403e+00  1.5022252e+01         -inf  6.89329e+05  1.50223e+01  1.50223e+01
1.706215072e+00  1.5120437e+01         -inf  6.89329e+05  1.51204e+01  1.51204e+01
1.713039933e+00  1.5037031e+01         -inf  6.89329e+05  1.50370e+01  1.50370e+01
1.719892092e+00  1.5025662e+01         -inf  6.89329e+05  1.50257e+01  1.50257e+01
1.726771661e+00  1.5083945e+01         -inf  6.89329e+05  1.50839e+01  1.50839e+01
1.733678747e+00  1.5006639e+01         -inf  6.89329e+05  1.50066e+01  1.50066e+01
1.740613462e+00  1.4980264e+01         -inf  6.89329e+05  1.49803e+01  1.49803e+01
1.747575916e+00  1.4964044e+01         -inf  6.89329e+05  1.49640e+01  1.49640e+01
1.754566220e+00  1.4959004e+01         -inf  6.89329e+05  1.49590e+01  1.49590e+01
1.761584485e+00  1.4959383e+01         -inf  6.89329e+05  1.49594e+01  1.49594e+01
1.768630823e+00  1.4989207e+01         -inf  6.89329e+05  1.49892e+01  1.49892e+01
1.775705346e+00  1.5020054e+01         -inf  6.89329e+05  1.50201e+01  1.50201e+01
1.782808167e+00  1.4985266e+01         -inf  6.89329e+05  1.49853e+01  1.49853e+01
1.789939400e+00  1.5054500e+01         -inf  6.89329e+05  1.50545e+01  1.50545e+01
1.797099158e+00  1.4967872e+01         -inf  6.89329e+05  1.49679e+01  1.49679e+01
1.804287554e+00  1.4971282e+01         -inf  6.89329e+05  1.49713e+01  1.49713e+01
1.811504704e+00  1.4964461e+01         -inf  6.89329e+05  1.49645e+01  1.49645e+01
1.818750723e+00  1.4951198e+01         -inf  6.89329e+05  1.49512e+01  1.49512e+01
1.826025726e+00  1.4937517e+01         -inf  6.89329e+05  1.49375e+01  1.49375e+01
1.833329829e+00  1.4934675e+01         -inf  6.89329e+05  1.49347e+01  1.49347e+01
1.840663148e+00  1.4936040e+01         -inf  6.89329e+05  1.49360e+01  1.49360e+01
1.848025801e+00  1.4931947e+01         -inf  6.89329e+05  1.49319e+01  1.49319e+01
1.855417904e+00  1.4929711e+01         -inf  6.89329e+05  1.49297e+01  1.49297e+01
1.862839576e+00  1.4927020e+01         -inf  6.89329e+05  1.49270e+01  1.49270e+01
1.870290934e+00  1.4943543e+01         -inf  6.89329e+05  1.49435e+01  1.49435e+01
1.877772098e+00  1.5256212e+01         -inf  6.89329e+05  1.52562e+01  1.52562e+01
1.885283186e+00  1.5251627e+01         -inf  6.89329e+05  1.52516e+01  1.52516e+01
1.892824319e+00  1.4963817e+01         -inf  6.89329e+05  1.49638e+01  1.49638e+01
1.900395616e+00  1.4926262e+01         -inf  6.89329e+05  1.49263e+01  1.49263e+01
1.907997199e+00  1.4923193e+01         -inf  6.89329e+05  1.49232e+01  1.49232e+01
1.915629188e+00  1.4920578e+01         -inf  6.89329e+05  1.49206e+01  1.49206e+01
1.923291704e+00  1.4919934e+01         -inf  6.89329e+05  1.49199e+01  1.49199e+01
1.930984871e+00  1.4921639e+01         -inf  6.89329e+05  1.49216e+01  1.49216e+01
1.938708811e+00  1.4979051e+01         -inf  6.89329e+05  1.49791e+01  1.49791e+01
1.946463646e+00  1.6014042e+01         -inf  6.89329e+05  1.60140e+01  1.60140e+01
1.954249500e+00  1.9434488e+01         -inf  6.89329e+05  1.94345e+01  1.94345e+01
1.962066498e+00  1.9009812e+01         -inf  6.89329e+05  1.90098e+01  1.90098e+01
1.969914764e+00  1.7715612e+01         -inf  6.89329e+05  1.77156e+01  1.77156e+01
1.977794423e+00  1.5591525e+01         -inf  6.89329e+05  1.55915e+01  1.55915e+01
1.985705601e+00  1.5207594e+01         -inf  6.89329e+05  1.52076e+01  1.52076e+01
1.993648424e+00  1.5674280e+01         -inf  6.89329e+05  1.56743e+01  1.56743e+01
2.001623017e+00  2.1646601e+01         -inf  6.89329e+05  2.16466e+01  2.16466e+01
2.009629509e+00  2.2216950e+01         -inf  6.89329e+05  2.22169e+01  2.22169e+01
2.017668027e+00  2.0396553e+01         -inf  6.89329e+05  2.03966e+01  2.03966e+01
2.025738699e+00  1.6582734e+01         -inf  6.89329e+05  1.65827e+01  1.65827e+01
2.033841654e+00  1.6196211e+01         -inf  6.89329e+05  1.61962e+01  1.61962e+01
2.041977021e+00  1.6505523e+01         -inf  6.89329e+05  1.65055e+01  1.65055e+01
2.050144929e+00  1.7985608e+01         -inf  6.89329e+05  1.79856e+01  1.79856e+01
2.058345509e+00  1.8558595e+01         -inf  6.89329e+05  1.85586e+01  1.85586e+01
2.066578891e+00  1.8054204e+01         -inf  6.89329e+05  1.80542e+01  1.80542e+01
2.074845206e+00  1.6549433e+01         -inf  6.89329e+05  1.65494e+01  1.65494e+01
2.083144587e+00  1.6006805e+01         -inf  6.89329e+05  1.60068e+01  1.60068e+01
2.091477165e+00  1.5556854e+01         -inf  6.89329e+05  1.55569e+01  1.55569e+01
2.099843074e+00  1.5298425e+01         -inf  6.89329e+05  1.52984e+01  1.52984e+01
2.108242446e+00  1.5144045e+01         -inf  6.89329e+05  1.51440e+01  1.51440e+01
2.116675416e+00  1.5055410e+01         -inf  6.89329e+05  1.50554e+01  1.50554e+01
2.125142118e+00  1.4948393e+01         -inf  6.89329e+05  1.49484e+01  1.49484e+01
2.133642686e+00  1.4944111e+01         -inf  6.89329e+05  1.49441e+01  1.49441e+01
2.142177257e+00  1.4974503e+01         -inf  6.89329e+05  1.49745e+01  1.49745e+01
2.150745966e+00  1.5167388e+01         -inf  6.89329e+05  1.51674e+01  1.51674e+01
2.159348950e+00  1.5141051e+01         -inf  6.89329e+05  1.51411e+01  1.51411e+01
2.167986346e+00  1.5093418e+01         -inf  6.89329e+05  1.50934e+01  1.50934e+01
2.176658291e+00  1.5058517e+01         -inf  6.89329e+05  1.50585e+01  1.50585e+01
2.185364924e+00  1.4974617e+01         -inf  6.89329e+05  1.49746e+01  1.49746e+01
2.194106384e+00  1.5012929e+01         -inf  6.89329e+05  1.50129e+01  1.50129e+01
2.202882810e+00  1.5357425e+01         -inf  6.89329e+05  1.53574e+01  1.53574e+01
2.211694341e+00  1.4966924e+01         -inf  6.89329e+05  1.49669e+01  1.49669e+01
2.220541118e+00  1.5071098e+01         -inf  6.89329e+05  1.50711e+01  1.50711e+01
2.229423283e+00  1.5135443e+01         -inf  6.89329e+05  1.51354e+01  1.51354e+01
2.238340976e+00  1.5156133e+01         -inf  6.89329e+05  1.51561e+01  1.51561e+01
2.247294340e+00  1.5239917e+01         -inf  6.89329e+05  1.52399e+01  1.52399e+01
2.256283517e+00  1.5261137e+01         -inf  6.89329e+05  1.52611e+01  1.52611e+01
2.265308651e+00  1.5359016e+01         -inf  6.89329e+05  1.53590e+01  1.53590e+01
2.274369886e+00  1.5532147e+01         -inf  6.89329e+05  1.55321e+01  1.55321e+01
2.283467365e+00  1.5561021e+01         -inf  6.89329e+05  1.55610e+01  1.55610e+01
2.292601235e+00  1.5683903e+01         -inf  6.89329e+05  1.56839e+01  1.56839e+01
2.301771640e+00  1.5921628e+01         -inf  6.89329e+05  1.59216e+01  1.59216e+01
2.310978726e+00  1.5328019e+01         -inf  6.89329e+05  1.53280e+01  1.53280e+01
2.320222641e+00  1.5808602e+01         -inf  6.89329e+05  1.58086e+01  1.58086e+01
2.329503532e+00  1.5547872e+01         -inf  6.89329e+05  1.55479e+01  1.55479e+01
2.338821546e+00  1.5743581e+01         -inf  6.89329e+05  1.57436e+01  1.57436e+01
2.348176832e+00  1.5927690e+01         -inf  6.89329e+05  1.59277e+01  1.59277e+01
2.357569539e+00  1.5638736e+01         -inf  6.89329e+05  1.56387e+01  1.56387e+01
2.366999817e+00  1.5742103e+01         -inf  6.89329e+05  1.57421e+01  1.57421e+01
2.376467817e+00  1.5767831e+01         -inf  6.89329e+05  1.57678e+01  1.57678e+01
2.385973688e+00  1.5356059e+01         -inf  6.89329e+05  1.53561e+01  1.53561e+01
2.395517583e+00  1.5341546e+01         -inf  6.89329e+05  1.53415e+01  1.53415e+01
2.405099653e+00  1.5125891e+01         -inf  6.89329e+05  1.51259e+01  1.51259e+01
2.414720052e+00  1.5013343e+01         -inf  6.89329e+05  1.50133e+01  1.50133e+01
2.424378932e+00  1.5116948e+01         -inf  6.89329e+05  1.51169e+01  1.51170e+01
2.434076448e+00  1.5001557e+01         -inf  6.89329e+05  1.50016e+01  1.50016e+01
2.443812753e+00  1.4964457e+01         -inf  6.89329e+05  1.49645e+01  1.49645e+01
2.453588004e+00  1.4940621e+01         -inf  6.89329e+05  1.49406e+01  1.49406e+01
2.463402356e+00  1.4915458e+01         -inf  6.89329e+05  1.49155e+01  1.49155e+01
2.473255966e+00  1.4912198e+01         -inf  6.89329e+05  1.49122e+01  1.49122e+01
2.483148990e+00  1.4937891e+01         -inf  6.89329e+05  1.49379e+01  1.49379e+01
2.493081586e+00  1.4927545e+01         -inf  6.89329e+05  1.49275e+01  1.49276e+01
2.503053912e+00  1.4921823e+01         -inf  6.89329e+05  1.49218e+01  1.49218e+01
2.513066128e+00  1.4919587e+01         -inf  6.89329e+05  1.49196e+01  1.49196e+01
2.523118392e+00  1.4911704e+01         -inf  6.89329e+05  1.49117e+01  1.49117e+01
2.533210866e+00  1.4913979e+01         -inf  6.89329e+05  1.49140e+01  1.49140e+01
2.543343709e+00  1.4903141e+01         -inf  6.89329e+05  1.49031e+01  1.49031e+01
2.553517084e+00  1.4932246e+01         -inf  6.89329e+05  1.49322e+01  1.49322e+01
2.563731152e+00  1.5058513e+01         -inf  6.89329e+05  1.50585e+01  1.50585e+01
2.573986077e+00  1.5050746e+01         -inf  6.89329e+05  1.50507e+01  1.50507e+01
2.584282021e+00  1.5100957e+01         -inf  6.89329e+05  1.51010e+01  1.51010e+01
2.594619149e+00  1.5046199e+01         -inf  6.89329e+05  1.50462e+01  1.50462e+01
2.604997626e+00  1.5003491e+01         -inf  6.89329e+05  1.50035e+01  1.50035e+01
2.615417616e+00  1.4985377e+01         -inf  6.89329e+05  1.49854e+01  1.49854e+01
2.625879287e+00  1.4942024e+01         -inf  6.89329e+05  1.49420e+01  1.49420e+01
2.636382804e+00  1.4922394e+01         -inf  6.89329e+05  1.49224e+01  1.49224e+01
2.646928335e+00  1.4909054e+01         -inf  6.89329e+05  1.49091e+01  1.49091e+01
2.657516049e+00  1.5198935e+01         -inf  6.89329e+05  1.51989e+01  1.51990e+01
2.668146113e+00  2.2383339e+01         -inf  6.89329e+05  2.23833e+01  2.23835e+01
2.678818697e+00  3.2988153e+01         -inf  6.89329e+05  3.29882e+01  3.29883e+01
2.689533972e+00  3.2487911e+01         -inf  6.89329e+05  3.24879e+01  3.24880e+01
2.700292108e+00  3.3190326e+01         -inf  6.89329e+05  3.31903e+01  3.31905e+01
2.711093276e+00  2.9302553e+01         -inf  6.89329e+05  2.93026e+01  2.93027e+01
2.721937650e+00  2.3318442e+01         -inf  6.89329e+05  2.33184e+01  2.33185e+01
2.732825400e+00  2.1692519e+01         -inf  6.89329e+05  2.16925e+01  2.16926e+01
2.743756702e+00  2.5647928e+01         -inf  6.89329e+05  2.56479e+01  2.56480e+01
2.754731729e+00  3.1705296e+01         -inf  6.89329e+05  3.17053e+01  3.17054e+01
2.765750655e+00  3.1071648e+01         -inf  6.89329e+05  3.10716e+01  3.10717e+01
2.776813658e+00  3.2322044e+01         -inf  6.89329e+05  3.23220e+01  3.23222e+01
2.787920913e+00  2.9439480e+01         -inf  6.89329e+05  2.94395e+01  2.94396e+01
2.799072596e+00  2.5328225e+01         -inf  6.89329e+05  2.53282e+01  2.53283e+01
2.810268887e+00  2.3028346e+01         -inf  6.89329e+05  2.30283e+01  2.30284e+01
2.821509962e+00  2.1064750e+01         -inf  6.89329e+05  2.10647e+01  2.10648e+01
2.832796002e+00  1.8835930e+01         -inf  6.89329e+05  1.88359e+01  1.88360e+01
2.844127186e+00  1.9065708e+01         -inf  6.89329e+05  1.90657e+01  1.90657e+01
2.855503695e+00  1.7482530e+01         -inf  6.89329e+05  1.74825e+01  1.74826e+01
2.866925710e+00  1.6209610e+01         -inf  6.89329e+05  1.62096e+01  1.62097e+01
2.878393413e+00  1.5590251e+01         -inf  6.89329e+05  1.55903e+01  1.55903e+01
2.889906986e+00  1.5099752e+01         -inf  6.89329e+05  1.50998e+01  1.50998e+01
2.901466614e+00  1.4943197e+01         -inf  6.89329e+05  1.49432e+01  1.49433e+01
2.913072481e+00  1.4894607e+01         -inf  6.89329e+05  1.48946e+01  1.48947e+01
2.924724770e+00  1.4890433e+01         -inf  6.89329e+05  1.48904e+01  1.48905e+01
2.936423670e+00  1.4886031e+01         -inf  6.89329e+05  1.48860e+01  1.48861e+01
2.948169364e+00  1.4885873e+01         -inf  6.89329e+05  1.48859e+01  1.48860e+01
2.959962042e+00  1.4942180e+01         -inf  6.89329e+05  1.49422e+01  1.49423e+01
2.971801890e+00  1.5219830e+01         -inf  6.89329e+05  1.52198e+01  1.52199e+01
2.983689097e+00  1.5356543e+01         -inf  6.89329e+05  1.53565e+01  1.53567e+01
2.995623854e+00  1.5049741e+01         -inf  6.89329e+05  1.50497e+01  1.50499e+01
3.007606349e+00  1.5056818e+01         -inf  6.89329e+05  1.50568e+01  1.50570e+01
3.019636775e+00  1.5036990e+01         -inf  6.89329e+05  1.50370e+01  1.50371e+01
3.031715322e+00  1.4910029e+01         -inf  6.89329e+05  1.49100e+01  1.49102e+01
3.043842183e+00  1.4890010e+01         -inf  6.89329e+05  1.48900e+01  1.48902e+01
3.056017552e+00  1.4887611e+01         -inf  6.89329e+05  1.48876e+01  1.48878e+01
3.068241622e+00  1.4883772e+01         -inf  6.89329e+05  1.48838e+01  1.48840e+01
3.080514588e+00  1.4881372e+01         -inf  6.89329e+05  1.48814e+01  1.48816e+01
3.092836647e+00  1.4881737e+01         -inf  6.89329e+05  1.48817e+01  1.48820e+01
3.105207993e+00  1.4890326e+01         -inf  6.89329e+05  1.48903e+01  1.48906e+01
3.117628825e+00  1.4954393e+01         -inf  6.89329e+05  1.49544e+01  1.49546e+01
3.130099341e+00  1.4991212e+01         -inf  6.89329e+05  1.49912e+01  1.49915e+01
3.142619738e+00  1.4921543e+01         -inf  6.89329e+05  1.49215e+01  1.49218e+01
3.155190217e+00  1.5035139e+01         -inf  6.89329e+05  1.50351e+01  1.50354e+01
3.167810978e+00  1.5059147e+01         -inf  6.89329e+05  1.50591e+01  1.50595e+01
3.180482222e+00  1.5432436e+01         -inf  6.89329e+05  1.54324e+01  1.54328e+01
3.193204151e+00  1.5467393e+01         -inf  6.89329e+05  1.54674e+01  1.54677e+01
3.205976967e+00  1.5602462e+01         -inf  6.89329e+05  1.56025e+01  1.56028e+01
3.218800875e+00  1.6088822e+01         -inf  6.89329e+05  1.60888e+01  1.60892e+01
3.231676079e+00  1.5776001e+01         -inf  6.89329e+05  1.57760e+01  1.57764e+01
3.244602783e+00  1.6344294e+01         -inf  6.89329e+05  1.63443e+01  1.63447e+01
3.257581194e+00  1.6406142e+01         -inf  6.89329e+05  1.64061e+01  1.64066e+01
3.270611519e+00  1.6040897e+01         -inf  6.89329e+05  1.60409e+01  1.60414e+01
3.283693965e+00  1.5370505e+01         -inf  6.89329e+05  1.53705e+01  1.53710e+01
3.296828741e+00  1.5655896e+01         -inf  6.89329e+05  1.56559e+01  1.56564e+01
3.310016056e+00  1.9874348e+01         -inf  6.89329e+05  1.98743e+01  1.98747e+01
3.323256120e+00  1.7795361e+01         -inf  6.89329e+05  1.77954e+01  1.77958e+01
3.336549144e+00  1.5304854e+01         -inf  6.89329e+05  1.53049e+01  1.53055e+01
3.349895341e+00  1.5534196e+01         -inf  6.89329e+05  1.55342e+01  1.55349e+01
3.363294922e+00  1.6423756e+01         -inf  6.89329e+05  1.64238e+01  1.64244e+01
3.376748102e+00  1.6314939e+01         -inf  6.89329e+05  1.63149e+01  1.63156e+01
3.390255094e+00  1.6361770e+01         -inf  6.89329e+05  1.63618e+01  1.63625e+01
3.403816115e+00  1.6189174e+01         -inf  6.89329e+05  1.61892e+01  1.61900e+01
3.417431379e+00  1.5619900e+01         -inf  6.89329e+05  1.56199e+01  1.56208e+01
3.431101105e+00  1.5715295e+01         -inf  6.89329e+05  1.57153e+01  1.57162e+01
3.444825509e+00  1.5609248e+01         -inf  6.89329e+05  1.56092e+01  1.56102e+01
3.458604811e+00  1.5374130e+01         -inf  6.89329e+05  1.53741e+01  1.53752e+01
3.472439231e+00  1.5571003e+01         -inf  6.89329e+05  1.55710e+01  1.55721e+01
3.486328987e+00  1.5543154e+01         -inf  6.89329e+05  1.55432e+01  1.55443e+01
3.500274303e+00  1.5320644e+01         -inf  6.89329e+05  1.53206e+01  1.53219e+01
3.514275401e+00  1.5062804e+01         -inf  6.89329e+05  1.50628e+01  1.50642e+01
3.528332502e+00  1.5246983e+01         -inf  6.89329e+05  1.52470e+01  1.52484e+01
3.542445832e+00  1.5718101e+01         -inf  6.89329e+05  1.57181e+01  1.57196e+01
3.556615616e+00  1.5198510e+01         -inf  6.89329e+05  1.51985e+01  1.52001e+01
3.570842078e+00  1.5391143e+01         -inf  6.89329e+05  1.53911e+01  1.53928e+01
3.585125446e+00  1.5385053e+01         -inf  6.89329e+05  1.53851e+01  1.53868e+01
3.599465948e+00  1.5140827e+01         -inf  6.89329e+05  1.51408e+01  1.51427e+01
3.613863812e+00  1.5146489e+01         -inf  6.89329e+05  1.51465e+01  1.51484e+01
3.628319267e+00  1.5091472e+01         -inf  6.89329e+05  1.50915e+01  1.50935e+01
3.642832544e+00  1.5293399e+01         -inf  6.89329e+05  1.52934e+01  1.52955e+01
3.657403874e+00  1.4967094e+01         -inf  6.89329e+05  1.49671e+01  1.49694e+01
3.672033490e+00  1.5077909e+01         -inf  6.89329e+05  1.50779e+01  1.50803e+01
3.686721624e+00  1.5083732e+01         -inf  6.89329e+05  1.50837e+01  1.50863e+01
3.701468510e+00  1.4973354e+01         -inf  6.89329e+05  1.49734e+01  1.49760e+01
3.716274384e+00  1.5034765e+01         -inf  6.89329e+05  1.50348e+01  1.50376e+01
3.731139482e+00  1.5058536e+01         -inf  6.89329e+05  1.50585e+01  1.50615e+01
3.746064040e+00  1.5009307e+01         -inf  6.89329e+05  1.50093e+01  1.50124e+01
3.761048296e+00  1.4991527e+01         -inf  6.89329e+05  1.49915e+01  1.49948e+01
3.776092489e+00  1.5006560e+01         -inf  6.89329e+05  1.50066e+01  1.50100e+01
3.791196859e+00  1.5115875e+01         -inf  6.89329e+05  1.51159e+01  1.51195e+01
3.806361647e+00  1.5248861e+01         -inf  6.89329e+05  1.52489e+01  1.52526e+01
3.821587093e+00  1.5135331e+01         -inf  6.89329e+05  1.51353e+01  1.51393e+01
3.836873442e+00  1.5273387e+01         -inf  6.89329e+05  1.52734e+01  1.52775e+01
3.852220935e+00  1.5248507e+01         -inf  6.89329e+05  1.52485e+01  1.52528e+01
3.867629819e+00  1.5164554e+01         -inf  6.89329e+05  1.51646e+01  1.51689e+01
3.883100338e+00  1.5240393e+01         -inf  6.89329e+05  1.52404e+01  1.52448e+01
3.898632740e+00  1.5240201e+01         -inf  6.89329e+05  1.52402e+01  1.52450e+01
3.914227271e+00  1.5304067e+01         -inf  6.89329e+05  1.53041e+01  1.53090e+01
3.929884180e+00  1.5315879e+01         -inf  6.89329e+05  1.53159e+01  1.53210e+01
3.945603716e+00  1.5337629e+01         -inf  6.89329e+05  1.53376e+01  1.53432e+01
3.961386131e+00  1.5429994e+01         -inf  6.89329e+05  1.54300e+01  1.54359e+01
3.977231676e+00  1.5670638e+01         -inf  6.89329e+05  1.56706e+01  1.56767e+01
3.993140603e+00  1.5715676e+01         -inf  6.89329e+05  1.57157e+01  1.57220e+01
4.009113165e+00  1.5969559e+01         -inf  6.89329e+05  1.59696e+01  1.59761e+01
4.025149618e+00  1.6168545e+01         -inf  6.89329e+05  1.61685e+01  1.61752e+01
4.041250216e+00  1.6416491e+01         -inf  6.89329e+05  1.64165e+01  1.64232e+01
4.057415217e+00  1.6675148e+01         -inf  6.89329e+05  1.66751e+01  1.66820e+01
4.073644878e+00  1.7042466e+01         -inf  6.89329e+05  1.70425e+01  1.70494e+01
4.089939457e+00  1.7397891e+01         -inf  6.89329e+05  1.73979e+01  1.74048e+01
4.106299215e+00  1.7719276e+01         -inf  6.89329e+05  1.77193e+01  1.77263e+01
4.122724412e+00  1.8010235e+01         -inf  6.89329e+05  1.80102e+01  1.80173e+01
4.139215310e+00  1.8254953e+01         -inf  6.89329e+05  1.82550e+01  1.82621e+01
4.155772171e+00  1.8448082e+01         -inf  6.89329e+05  1.84481e+01  1.84546e+01
4.172395260e+00  1.9959543e+01         -inf  6.89329e+05  1.99595e+01  1.99631e+01
4.189084841e+00  2.5906257e+01         -inf  6.89329e+05  2.59063e+01  2.59208e+01
4.205841180e+00  3.5037778e+01         -inf  6.89329e+05  3.50378e+01  3.50815e+01
4.222664545e+00  4.3493433e+01         -inf  6.89329e+05  4.34934e+01  4.35708e+01
4.239555203e+00  4.7169610e+01         -inf  6.89329e+05  4.71696e+01  4.72601e+01
4.256513424e+00  4.5542358e+01         -inf  6.89329e+05  4.55424e+01  4.56077e+01
4.273539477e+00  4.7422961e+01         -inf  6.89329e+05  4.74230e+01  4.74965e+01
4.290633635e+00  4.5703803e+01         -inf  6.89329e+05  4.57038e+01  4.57759e+01
4.307796170e+00  4.2678030e+01         -inf  6.89329e+05  4.26780e+01  4.27528e+01
4.325027355e+00  3.9206668e+01         -inf  6.89329e+05  3.92067e+01  3.92704e+01
4.342327464e+00  3.7055110e+01         -inf  6.89329e+05  3.70551e+01  3.71125e+01
4.359696774e+00  3.6112677e+01         -inf  6.89329e+05  3.61127e+01  3.61508e+01
4.377135561e+00  3.3454426e+01         -inf  6.89329e+05  3.34544e+01  3.34768e+01
4.394644103e+00  3.3259909e+01         -inf  6.89329e+05  3.32599e+01  3.32747e+01
4.412222680e+00  3.1986971e+01         -inf  6.89329e+05  3.19870e+01  3.19957e+01
4.429871570e+00  2.9454132e+01         -inf  6.89329e+05  2.94541e+01  2.94595e+01
4.447591057e+00  2.5500616e+01         -inf  6.89329e+05  2.55006e+01  2.55053e+01
4.465381421e+00  2.1923203e+01         -inf  6.89329e+05  2.19232e+01  2.19280e+01
4.483242946e+00  1.8827489e+01         -inf  6.89329e+05  1.88275e+01  1.88333e+01
4.501175918e+00  1.7279312e+01         -inf  6.89329e+05  1.72793e+01  1.72892e+01
4.519180622e+00  1.7079949e+01         -inf  6.89329e+05  1.70799e+01  1.70883e+01
4.537257344e+00  1.6645623e+01         -inf  6.89329e+05  1.66456e+01  1.66564e+01
4.555406374e+00  1.6173024e+01         -inf  6.89329e+05  1.61730e+01  1.61881e+01
4.573627999e+00  1.5774244e+01         -inf  6.89329e+05  1.57742e+01  1.57947e+01
4.591922511e+00  1.5444506e+01         -inf  6.89329e+05  1.54445e+01  1.54707e+01
4.610290201e+00  1.5284739e+01         -inf  6.89329e+05  1.52847e+01  1.53143e+01
4.628731362e+00  1.5184366e+01         -inf  6.89329e+05  1.51844e+01  1.52159e+01
4.647246288e+00  1.5104378e+01         -inf  6.89329e+05  1.51044e+01  1.51376e+01
4.665835273e+00  1.5061247e+01         -inf  6.89329e+05  1.50612e+01  1.50960e+01
4.684498614e+00  1.5119691e+01         -inf  6.89329e+05  1.51197e+01  1.51559e+01
4.703236608e+00  1.6453776e+01         -inf  6.89329e+05  1.64538e+01  1.64882e+01
4.722049555e+00  1.6524447e+01         -inf  6.89329e+05  1.65244e+01  1.65611e+01
4.740937753e+00  1.6112198e+01         -inf  6.89329e+05  1.61122e+01  1.61505e+01
4.759901504e+00  1.6208202e+01         -inf  6.89329e+05  1.62082e+01  1.62486e+01
4.778941110e+00  1.6764941e+01         -inf  6.89329e+05  1.67649e+01  1.68028e+01
4.798056874e+00  1.6952286e+01         -inf  6.89329e+05  1.69523e+01  1.69893e+01
4.817249102e+00  2.0498500e+01         -inf  6.89329e+05  2.04985e+01  2.05230e+01
4.836518098e+00  1.7954496e+01         -inf  6.89329e+05  1.79545e+01  1.79865e+01
4.855864171e+00  1.8187745e+01         -inf  6.89329e+05  1.81877e+01  1.82189e+01
4.875287627e+00  1.7035925e+01         -inf  6.89329e+05  1.70359e+01  1.70744e+01
4.894788778e+00  1.5992647e+01         -inf  6.89329e+05  1.59926e+01  1.60402e+01
4.914367933e+00  1.6123725e+01         -inf  6.89329e+05  1.61237e+01  1.61768e+01
4.934025405e+00  1.5321347e+01         -inf  6.89329e+05  1.53213e+01  1.53806e+01
4.953761506e+00  1.5252002e+01         -inf  6.89329e+05  1.52520e+01  1.53135e+01
4.973576552e+00  1.5050039e+01         -inf  6.89329e+05  1.50500e+01  1.51144e+01
4.993470859e+00  1.4922841e+01         -inf  6.89329e+05  1.49228e+01  1.49900e+01
5.013444742e+00  1.4824638e+01         -inf  6.89329e+05  1.48246e+01  1.48946e+01
5.033498521e+00  1.4816288e+01         -inf  6.89329e+05  1.48163e+01  1.48889e+01
5.053632515e+00  1.4816582e+01         -inf  6.89329e+05  1.48166e+01  1.48919e+01
5.073847045e+00  1.4864558e+01         -inf  6.89329e+05  1.48646e+01  1.49423e+01
5.094142433e+00  1.4982694e+01         -inf  6.89329e+05  1.49827e+01  1.50626e+01
5.114519003e+00  1.4997301e+01         -inf  6.89329e+05  1.49973e+01  1.50801e+01
5.134977079e+00  1.4888962e+01         -inf  6.89329e+05  1.48890e+01  1.49753e+01
5.155516987e+00  1.5078839e+01         -inf  6.89329e+05  1.50788e+01  1.51669e+01
5.176139055e+00  1.7300623e+01         -inf  6.89329e+05  1.73006e+01  1.73745e+01
5.196843612e+00  1.5782336e+01         -inf  6.89329e+05  1.57823e+01  1.58679e+01
5.217630986e+00  1.6092405e+01         -inf  6.89329e+05  1.60924e+01  1.61745e+01
5.238501510e+00  1.5701221e+01         -inf  6.89329e+05  1.57012e+01  1.57879e+01
5.259455516e+00  1.5379625e+01         -inf  6.89329e+05  1.53796e+01  1.54725e+01
5.280493338e+00  1.5031499e+01         -inf  6.89329e+05  1.50315e+01  1.51302e+01
5.301615311e+00  1.4899173e+01         -inf  6.89329e+05  1.48992e+01  1.50011e+01
5.322821773e+00  1.4878340e+01         -inf  6.89329e+05  1.48783e+01  1.49810e+01
5.344113060e+00  1.4829776e+01         -inf  6.89329e+05  1.48298e+01  1.49325e+01
5.365489512e+00  1.4811456e+01         -inf  6.89329e+05  1.48115e+01  1.49142e+01
5.386951470e+00  1.4793791e+01         -inf  6.89329e+05  1.47938e+01  1.48968e+01
5.408499276e+00  1.4784115e+01         -inf  6.89329e+05  1.47841e+01  1.48874e+01
5.430133273e+00  1.4781033e+01         -inf  6.89329e+05  1.47810e+01  1.48852e+01
5.451853806e+00  1.4781183e+01         -inf  6.89329e+05  1.47812e+01  1.48858e+01
5.473661221e+00  1.4783742e+01         -inf  6.89329e+05  1.47837e+01  1.48886e+01
5.495555866e+00  1.4788867e+01         -inf  6.89329e+05  1.47889e+01  1.48937e+01
5.517538090e+00  1.4792521e+01         -inf  6.89329e+05  1.47925e+01  1.48978e+01
5.539608242e+00  1.4789469e+01         -inf  6.89329e+05  1.47895e+01  1.48951e+01
5.561766675e+00  1.4782047e+01         -inf  6.89329e+05  1.47820e+01  1.48881e+01
5.584013742e+00  1.4784791e+01         -inf  6.89329e+05  1.47848e+01  1.48916e+01
5.606349797e+00  1.4786076e+01         -inf  6.89329e+05  1.47861e+01  1.48936e+01
5.628775196e+00  1.4783349e+01         -inf  6.89329e+05  1.47833e+01  1.48918e+01
5.651290297e+00  1.4780419e+01         -inf  6.89329e+05  1.47804e+01  1.48898e+01
5.673895458e+00  1.4779356e+01         -inf  6.89329e+05  1.47794e+01  1.48896e+01
5.696591040e+00  1.4778227e+01         -inf  6.89329e+05  1.47782e+01  1.48895e+01
5.719377404e+00  1.4786290e+01         -inf  6.89329e+05  1.47863e+01  1.48987e+01
5.742254913e+00  1.4849252e+01         -inf  6.89329e+05  1.48493e+01  1.49624e+01
5.765223933e+00  1.4856696e+01         -inf  6.89329e+05  1.48567e+01  1.49707e+01
5.788284829e+00  1.4819320e+01         -inf  6.89329e+05  1.48193e+01  1.49342e+01
5.811437968e+00  1.4825760e+01         -inf  6.89329e+05  1.48258e+01  1.49415e+01
5.834683720e+00  1.4844357e+01         -inf  6.89329e+05  1.48444e+01  1.49613e+01
5.858022455e+00  1.4825944e+01         -inf  6.89329e+05  1.48259e+01  1.49446e+01
5.881454545e+00  1.4803348e+01         -inf  6.89329e+05  1.48033e+01  1.49241e+01
5.904980363e+00  1.4787768e+01         -inf  6.89329e+05  1.47878e+01  1.49110e+01
5.928600284e+00  1.4778997e+01         -inf  6.89329e+05  1.47790e+01  1.49049e+01
5.952314685e+00  1.4780207e+01         -inf  6.89329e+05  1.47802e+01  1.49089e+01
5.976123944e+00  1.4770875e+01         -inf  6.89329e+05  1.47709e+01  1.49032e+01
6.000028440e+00  1.4778357e+01         -inf  6.89329e+05  1.47784e+01  1.49147e+01
6.024028554e+00  1.4767035e+01         -inf  6.89329e+05  1.47670e+01  1.49080e+01
6.048124668e+00  1.4773797e+01         -inf  6.89329e+05  1.47738e+01  1.49201e+01
6.072317167e+00  1.4774678e+01         -inf  6.89329e+05  1.47747e+01  1.49267e+01
6.096606435e+00  1.4767498e+01         -inf  6.89329e+05  1.47675e+01  1.49257e+01
6.120992861e+00  1.4771307e+01         -inf  6.89329e+05  1.47713e+01  1.49363e+01
6.145476832e+00  1.4759054e+01         -inf  6.89329e+05  1.47591e+01  1.49315e+01
6.170058740e+00  1.4768728e+01         -inf  6.89329e+05  1.47687e+01  1.49490e+01
6.194738975e+00  1.4761531e+01         -inf  6.89329e+05  1.47615e+01  1.49492e+01
6.219517931e+00  1.4764451e+01         -inf  6.89329e+05  1.47645e+01  1.49591e+01
6.244396002e+00  1.4746048e+01         -inf  6.89329e+05  1.47460e+01  1.49469e+01
6.269373586e+00  1.4703920e+01         -inf  6.89329e+05  1.47039e+01  1.49100e+01
6.294451081e+00  1.4752031e+01         -inf  6.89329e+05  1.47520e+01  1.49625e+01
6.319628885e+00  1.4691033e+01         -inf  6.89329e+05  1.46910e+01  1.49055e+01
6.344907401e+00  1.4740489e+01         -inf  6.89329e+05  1.47405e+01  1.49585e+01
6.370287030e+00  1.4681621e+01         -inf  6.89329e+05  1.46816e+01  1.49038e+01
6.395768178e+00  1.4696551e+01         -inf  6.89329e+05  1.46966e+01  1.49230e+01
6.421351251e+00  1.4693329e+01         -inf  6.89329e+05  1.46933e+01  1.49247e+01
6.447036656e+00  1.4726641e+01         -inf  6.89329e+05  1.47266e+01  1.49635e+01
6.472824803e+00  1.4809574e+01         -inf  6.89329e+05  1.48096e+01  1.50526e+01
6.498716102e+00  1.5134959e+01         -inf  6.89329e+05  1.51350e+01  1.53838e+01
6.524710966e+00  1.4793914e+01         -inf  6.89329e+05  1.47939e+01  1.50532e+01
6.550809810e+00  1.4634376e+01         -inf  6.89329e+05  1.46344e+01  1.49039e+01
6.577013049e+00  1.4621952e+01         -inf  6.89329e+05  1.46220e+01  1.49022e+01
6.603321102e+00  1.4610741e+01         -inf  6.89329e+05  1.46107e+01  1.49028e+01
6.629734386e+00  1.4595532e+01         -inf  6.89329e+05  1.45955e+01  1.49003e+01
6.656253324e+00  1.4622846e+01         -inf  6.89329e+05  1.46228e+01  1.49408e+01
6.682878337e+00  1.4584167e+01         -inf  6.89329e+05  1.45842e+01  1.49165e+01
6.709609850e+00  1.4570753e+01         -inf  6.89329e+05  1.45708e+01  1.49182e+01
6.736448290e+00  1.4600956e+01         -inf  6.89329e+05  1.46010e+01  1.49639e+01
6.763394083e+00  1.4524152e+01         -inf  6.89329e+05  1.45242e+01  1.49044e+01
6.790447659e+00  1.4668865e+01         -inf  6.89329e+05  1.46689e+01  1.50663e+01
6.817609450e+00  1.4551905e+01         -inf  6.89329e+05  1.45519e+01  1.49694e+01
6.844879888e+00  1.4531936e+01         -inf  6.89329e+05  1.45319e+01  1.49695e+01
6.872259407e+00  1.4514245e+01         -inf  6.89329e+05  1.45142e+01  1.49723e+01
6.899748445e+00  1.4544843e+01         -inf  6.89329e+05  1.45448e+01  1.50241e+01
6.927347438e+00  1.4453866e+01         -inf  6.89329e+05  1.44539e+01  1.49572e+01
6.955056828e+00  1.4395496e+01         -inf  6.89329e+05  1.43955e+01  1.49244e+01
6.982877056e+00  1.4399867e+01         -inf  6.89329e+05  1.43999e+01  1.49552e+01
7.010808564e+00  1.4365679e+01         -inf  6.89329e+05  1.43657e+01  1.49498e+01
7.038851798e+00  1.4295532e+01         -inf  6.89329e+05  1.42955e+01  1.49114e+01
7.067007205e+00  1.4268315e+01         -inf  6.89329e+05  1.42683e+01  1.49160e+01
7.095275234e+00  1.4243696e+01         -inf  6.89329e+05  1.42437e+01  1.49264e+01
7.123656335e+00  1.4201298e+01         -inf  6.89329e+05  1.42013e+01  1.49200e+01
7.152150960e+00  1.4201842e+01         -inf  6.89329e+05  1.42018e+01  1.49595e+01
7.180759564e+00  1.4198861e+01         -inf  6.89329e+05  1.41989e+01  1.49975e+01
7.209482602e+00  1.4302971e+01         -inf  6.89329e+05  1.43030e+01  1.51426e+01
7.238320533e+00  1.4399667e+01         -inf  6.89329e+05  1.43997e+01  1.52776e+01
7.267273815e+00  1.4563108e+01         -inf  6.89329e+05  1.45631e+01  1.54753e+01
7.296342910e+00  1.4489126e+01         -inf  6.89329e+05  1.44891e+01  1.54453e+01
7.325528282e+00  1.4761181e+01         -inf  6.89329e+05  1.47612e+01  1.57315e+01
7.354830395e+00  1.5228232e+01         -inf  6.89329e+05  1.52282e+01  1.61938e+01
7.384249717e+00  1.5804289e+01         -inf  6.89329e+05  1.58043e+01  1.67491e+01
7.413786715e+00  1.5503011e+01         -inf  6.89329e+05  1.55030e+01  1.65174e+01
7.443441862e+00  1.6106994e+01         -inf  6.89329e+05  1.61070e+01  1.71044e+01
7.473215630e+00  1.5826423e+01         -inf  6.89329e+05  1.58264e+01  1.68890e+01
7.503108492e+00  1.6226226e+01         -inf  6.89329e+05  1.62262e+01  1.72858e+01
7.533120926e+00  1.5725398e+01         -inf  6.89329e+05  1.57254e+01  1.68668e+01
7.563253410e+00  1.4838949e+01         -inf  6.89329e+05  1.48389e+01  1.60932e+01
7.593506424e+00  1.4424181e+01         -inf  6.89329e+05  1.44242e+01  1.57126e+01
7.623880449e+00  1.4404715e+01         -inf  6.89329e+05  1.44047e+01  1.56475e+01
7.654375971e+00  1.8697024e+01         -inf  6.89329e+05  1.86970e+01  1.95474e+01
7.684993475e+00  1.8421090e+01         -inf  6.89329e+05  1.84211e+01  1.92386e+01
7.715733449e+00  1.6543560e+01         -inf  6.89329e+05  1.65436e+01  1.75590e+01
7.746596383e+00  1.5362224e+01         -inf  6.89329e+05  1.53622e+01  1.65384e+01
7.777582768e+00  1.5123393e+01         -inf  6.89329e+05  1.51234e+01  1.64423e+01
7.808693099e+00  1.5165272e+01         -inf  6.89329e+05  1.51653e+01  1.64434e+01
7.839927872e+00  1.5492624e+01         -inf  6.89329e+05  1.54926e+01  1.67134e+01
7.871287583e+00  1.5802185e+01         -inf  6.89329e+05  1.58022e+01  1.70213e+01
7.902772733e+00  1.5210428e+01         -inf  6.89329e+05  1.52104e+01  1.65525e+01
7.934383824e+00  1.5204529e+01         -inf  6.89329e+05  1.52045e+01  1.66355e+01
7.966121360e+00  1.4423455e+01         -inf  6.89329e+05  1.44235e+01  1.60129e+01
7.997985845e+00  1.4193864e+01         -inf  6.89329e+05  1.41939e+01  1.58726e+01
8.029977788e+00  1.4255908e+01         -inf  6.89329e+05  1.42559e+01  1.59743e+01
8.062097700e+00  1.3797650e+01         -inf  6.89329e+05  1.37976e+01  1.56176e+01
8.094346090e+00  1.3584653e+01         -inf  6.89329e+05  1.35847e+01  1.54631e+01
8.126723475e+00  1.3304202e+01         -inf  6.89329e+05  1.33042e+01  1.52551e+01
8.159230369e+00  1.3104724e+01         -inf  6.89329e+05  1.31047e+01  1.51105e+01
8.191867290e+00  1.3124780e+01         -inf  6.89329e+05  1.31248e+01  1.51644e+01
8.224634759e+00  1.2919355e+01         -inf  6.89329e+05  1.29194e+01  1.50142e+01
8.257533298e+00  1.2866057e+01         -inf  6.89329e+05  1.28661e+01  1.50037e+01
8.290563432e+00  1.2727530e+01         -inf  6.89329e+05  1.27275e+01  1.49135e+01
8.323725685e+00  1.2722075e+01         -inf  6.89329e+05  1.27221e+01  1.49491e+01
8.357020588e+00  1.2640404e+01         -inf  6.89329e+05  1.26404e+01  1.49113e+01
8.390448670e+00  1.2631366e+01         -inf  6.89329e+05  1.26314e+01  1.49412e+01
8.424010465e+00  1.2583777e+01         -inf  6.89329e+05  1.25838e+01  1.49361e+01
8.457706507e+00  1.2567624e+01         -inf  6.89329e+05  1.25676e+01  1.49578e+01
8.491537333e+00  1.2525480e+01         -inf  6.89329e+05  1.25255e+01  1.49652e+01
8.525503482e+00  1.2467582e+01         -inf  6.89329e+05  1.24676e+01  1.49593e+01
8.559605496e+00  1.2391418e+01         -inf  6.89329e+05  1.23914e+01  1.49426e+01
8.593843918e+00  1.2382175e+01         -inf  6.89329e+05  1.23822e+01  1.49740e+01
8.628219294e+00  1.2364550e+01         -inf  6.89329e+05  1.23646e+01  1.49997e+01
8.662732171e+00  1.2316307e+01         -inf  6.89329e+05  1.23163e+01  1.50022e+01
8.697383100e+00  1.2263527e+01         -inf  6.89329e+05  1.22635e+01  1.50051e+01
8.732172632e+00  1.2195075e+01         -inf  6.89329e+05  1.21951e+01  1.49967e+01
8.767101323e+00  1.2131402e+01         -inf  6.89329e+05  1.21314e+01  1.49919e+01
8.802169728e+00  1.2113730e+01         -inf  6.89329e+05  1.21137e+01  1.50291e+01
8.837378407e+00  1.2097196e+01         -inf  6.89329e+05  1.20972e+01  1.50669e+01
8.872727920e+00  1.2063079e+01         -inf  6.89329e+05  1.20631e+01  1.50880e+01
8.908218832e+00  1.2021745e+01         -inf  6.89329e+05  1.20217e+01  1.51031e+01
8.943851707e+00  1.1963983e+01         -inf  6.89329e+05  1.19640e+01  1.51036e+01
8.979627114e+00  1.1856232e+01         -inf  6.89329e+05  1.18562e+01  1.50575e+01
9.015545623e+00  1.1736805e+01         -inf  6.89329e+05  1.17368e+01  1.50010e+01
9.051607805e+00  1.1676893e+01         -inf  6.89329e+05  1.16769e+01  1.50032e+01
9.087814236e+00  1.1616309e+01         -inf  6.89329e+05  1.16163e+01  1.50138e+01
9.124165493e+00  1.1540149e+01         -inf  6.89329e+05  1.15401e+01  1.50275e+01
9.160662155e+00  1.1465979e+01         -inf  6.89329e+05  1.14660e+01  1.50486e+01
9.197304804e+00  1.1486151e+01         -inf  6.89329e+05  1.14862e+01  1.51125e+01
9.234094023e+00  1.1511814e+01         -inf  6.89329e+05  1.15118e+01  1.51425e+01
9.271030399e+00  1.1560103e+01         -inf  6.89329e+05  1.15601e+01  1.52136e+01
9.308114521e+00  1.1491037e+01         -inf  6.89329e+05  1.14910e+01  1.52243e+01
9.345346979e+00  1.1448507e+01         -inf  6.89329e+05  1.14485e+01  1.52600e+01
9.382728367e+00  1.2235590e+01         -inf  6.89329e+05  1.22356e+01  1.60653e+01
9.420259280e+00  1.4787134e+01         -inf  6.89329e+05  1.47871e+01  1.83257e+01
9.457940318e+00  1.6653316e+01         -inf  6.89329e+05  1.66533e+01  1.98184e+01
9.495772079e+00  1.7833635e+01         -inf  6.89329e+05  1.78336e+01  2.07904e+01
9.533755167e+00  1.6840126e+01         -inf  6.89329e+05  1.68401e+01  2.01047e+01
9.571890188e+00  1.3446640e+01         -inf  6.89329e+05  1.34466e+01  1.74042e+01
9.610177749e+00  1.6428474e+01         -inf  6.89329e+05  1.64285e+01  1.99840e+01
9.648618460e+00  1.5996536e+01         -inf  6.89329e+05  1.59965e+01  1.96842e+01
9.687212933e+00  1.5307970e+01         -inf  6.89329e+05  1.53080e+01  1.90717e+01
9.725961785e+00  1.5252839e+01         -inf  6.89329e+05  1.52528e+01  1.90605e+01
9.764865632e+00  1.5023702e+01         -inf  6.89329e+05  1.50237e+01  1.89435e+01
9.803925095e+00  1.4259070e+01         -inf  6.89329e+05  1.42591e+01  1.84058e+01
9.843140795e+00  1.3452692e+01         -inf  6.89329e+05  1.34527e+01  1.78175e+01
9.882513358e+00  1.2379785e+01         -inf  6.89329e+05  1.23798e+01  1.69957e+01
9.922043412e+00  1.1567994e+01         -inf  6.89329e+05  1.15680e+01  1.63662e+01
9.961731585e+00  1.0894187e+01         -inf  6.89329e+05  1.08942e+01  1.58508e+01
1.000157851e+01  1.0361890e+01         -inf  6.89329e+05  1.03619e+01  1.54527e+01
1.004158483e+01  9.9474705e+00         -inf  6.89329e+05  9.94747e+00  1.51650e+01
1.008175117e+01  9.7090243e+00         -inf  6.89329e+05  9.70902e+00  1.50486e+01
1.012207817e+01  9.4989546e+00         -inf  6.89329e+05  9.49895e+00  1.49725e+01
1.016256648e+01  9.3896091e+00         -inf  6.89329e+05  9.38961e+00  1.49542e+01
1.020321675e+01  9.3515962e+00         -inf  6.89329e+05  9.35160e+00  1.49710e+01
1.024402962e+01  9.3214146e+00         -inf  6.89329e+05  9.32141e+00  1.50034e+01
1.028500573e+01  9.2912918e+00         -inf  6.89329e+05  9.29129e+00  1.50384e+01
1.032614576e+01  9.1911192e+00         -inf  6.89329e+05  9.19112e+00  1.50371e+01
1.036745034e+01  8.9332425e+00         -inf  6.89329e+05  8.93324e+00  1.49496e+01
1.040892014e+01  8.7869785e+00         -inf  6.89329e+05  8.78698e+00  1.48981e+01
1.045055582e+01  8.7939401e+00         -inf  6.89329e+05  8.79394e+00  1.49821e+01
1.049235805e+01  8.7005224e+00         -inf  6.89329e+05  8.70052e+00  1.49751e+01
1.053432748e+01  8.6146502e+00         -inf  6.89329e+05  8.61465e+00  1.49776e+01
1.057646479e+01  8.4999651e+00         -inf  6.89329e+05  8.49997e+00  1.49688e+01
1.061877065e+01  8.3678155e+00         -inf  6.89329e+05  8.36782e+00  1.49510e+01
1.066124573e+01  8.2298566e+00         -inf  6.89329e+05  8.22986e+00  1.49308e+01
1.070389071e+01  8.0925386e+00         -inf  6.89329e+05  8.09254e+00  1.49115e+01
1.074670627e+01  7.9649805e+00         -inf  6.89329e+05  7.96498e+00  1.48973e+01
1.078969310e+01  7.8491555e+00         -inf  6.89329e+05  7.84916e+00  1.48885e+01
1.083285187e+01  7.7348354e+00         -inf  6.89329e+05  7.73484e+00  1.48833e+01
1.087618328e+01  7.6328999e+00         -inf  6.89329e+05  7.63290e+00  1.48817e+01
1.091968801e+01  7.5280823e+00         -inf  6.89329e+05  7.52808e+00  1.48790e+01
1.096336676e+01  7.4205054e+00         -inf  6.89329e+05  7.42051e+00  1.48782e+01
1.100722023e+01  7.3174276e+00         -inf  6.89329e+05  7.31743e+00  1.48783e+01
1.105124911e+01  7.2096339e+00         -inf  6.89329e+05  7.20963e+00  1.48784e+01
1.109545411e+01  7.1027149e+00         -inf  6.89329e+05  7.10271e+00  1.48789e+01
1.113983593e+01  6.9917969e+00         -inf  6.89329e+05  6.99180e+00  1.48774e+01
1.118439527e+01  6.8808975e+00         -inf  6.89329e+05  6.88090e+00  1.48764e+01
1.122913285e+01  6.7655872e+00         -inf  6.89329e+05  6.76559e+00  1.48760e+01
1.127404938e+01  6.6508020e+00         -inf  6.89329e+05  6.65080e+00  1.48754e+01
1.131914558e+01  6.5332844e+00         -inf  6.89329e+05  6.53328e+00  1.48753e+01
1.136442216e+01  6.4128016e+00         -inf  6.89329e+05  6.41280e+00  1.48751e+01
1.140987985e+01  6.2911922e+00         -inf  6.89329e+05  6.29119e+00  1.48751e+01
1.145551937e+01  6.1695586e+00         -inf  6.89329e+05  6.16956e+00  1.48750e+01
1.150134145e+01  6.0464097e+00         -inf  6.89329e+05  6.04641e+00  1.48748e+01
1.154734681e+01  5.9132055e+00         -inf  6.89329e+05  5.91321e+00  1.48753e+01
1.159353620e+01  5.7800891e+00         -inf  6.89329e+05  5.78009e+00  1.48759e+01
1.163991035e+01  5.6633610e+00         -inf  6.89329e+05  5.66336e+00  1.48750e+01
1.168646999e+01  5.5321508e+00         -inf  6.89329e+05  5.53215e+00  1.48751e+01
1.173321587e+01  5.4004663e+00         -inf  6.89329e+05  5.40047e+00  1.48751e+01
1.178014873e+01  5.2670058e+00         -inf  6.89329e+05  5.26701e+00  1.48752e+01
1.182726932e+01  5.1311789e+00         -inf  6.89329e+05  5.13118e+00  1.48755e+01
1.187457840e+01  4.9967413e+00         -inf  6.89329e+05  4.99674e+00  1.48755e+01
1.192207672e+01  4.8603991e+00         -inf  6.89329e+05  4.86040e+00  1.48757e+01
1.196976502e+01  4.7210642e+00         -inf  6.89329e+05  4.72106e+00  1.48761e+01
1.201764408e+01  4.5743275e+00         -inf  6.89329e+05  4.57433e+00  1.48771e+01
1.206571466e+01  4.3825297e+00         -inf  6.89329e+05  4.38253e+00  1.48867e+01
1.211397752e+01  4.2789659e+00         -inf  6.89329e+05  4.27897e+00  1.48800e+01
1.216243343e+01  4.1349055e+00         -inf  6.89329e+05  4.13491e+00  1.48860e+01
1.221108316e+01  4.0045603e+00         -inf  6.89329e+05  4.00456e+00  1.48959e+01
1.225992749e+01  3.8973915e+00         -inf  6.89329e+05  3.89739e+00  1.49128e+01
1.230896720e+01  3.8044556e+00         -inf  6.89329e+05  3.80446e+00  1.49346e+01
1.235820307e+01  3.7158707e+00         -inf  6.89329e+05  3.71587e+00  1.49594e+01
1.240763589e+01  3.6203856e+00         -inf  6.89329e+05  3.62039e+00  1.49839e+01
1.245726643e+01  3.4988733e+00         -inf  6.89329e+05  3.49887e+00  1.49998e+01
1.250709549e+01  3.3435380e+00         -inf  6.89329e+05  3.34354e+00  1.50057e+01
1.255712388e+01  3.1260270e+00         -inf  6.89329e+05  3.12603e+00  1.49915e+01
1.260735237e+01  4.0697728e+00         -inf  6.89329e+05  4.06977e+00  1.53055e+01
1.265778178e+01  3.6417610e+00         -inf  6.89329e+05  3.64176e+00  1.53340e+01
1.270841291e+01  2.5651437e+00         -inf  6.89329e+05  2.56514e+00  1.49671e+01
1.275924656e+01  2.5085442e+00         -inf  6.89329e+05  2.50854e+00  1.50032e+01
1.281028355e+01  2.4037676e+00         -inf  6.89329e+05  2.40377e+00  1.50181e+01
1.286152468e+01  2.3418791e+00         -inf  6.89329e+05  2.34188e+00  1.50243e+01
1.291297078e+01  2.3197634e+00         -inf  6.89329e+05  2.31976e+00  1.50316e+01
1.296462266e+01  2.5630650e+00         -inf  6.89329e+05  2.56307e+00  1.51030e+01
1.301648115e+01  2.7176298e+00         -inf  6.89329e+05  2.71763e+00  1.51363e+01
1.306854708e+01  2.8542001e+00         -inf  6.89329e+05  2.85420e+00  1.52580e+01
1.312082127e+01  3.3022716e+00         -inf  6.89329e+05  3.30227e+00  1.54212e+01
1.317330455e+01  4.1370318e+00         -inf  6.89329e+05  4.13703e+00  1.56392e+01
1.322599777e+01  5.3754965e+00         -inf  6.89329e+05  5.37550e+00  1.60769e+01
1.327890176e+01  6.1609232e+00         -inf  6.89329e+05  6.16092e+00  1.64264e+01
1.333201737e+01  7.2101701e+00         -inf  6.89329e+05  7.21017e+00  1.69611e+01
1.338534544e+01  8.1371181e+00         -inf  6.89329e+05  8.13712e+00  1.74695e+01
1.343888682e+01  9.2653368e+00         -inf  6.89329e+05  9.26534e+00  1.81079e+01
1.349264237e+01  1.4666488e+01         -inf  6.89329e+05  1.46665e+01  2.16016e+01
1.354661294e+01  1.2204436e+01         -inf  6.89329e+05  1.22044e+01  1.99804e+01
1.360079939e+01  1.2708507e+01         -inf  6.89329e+05  1.27085e+01  2.03958e+01
1.365520258e+01  1.2955571e+01         -inf  6.89329e+05  1.29556e+01  2.06584e+01
1.370982339e+01  1.2323544e+01         -inf  6.89329e+05  1.23235e+01  2.03688e+01
1.376466269e+01  1.1264912e+01         -inf  6.89329e+05  1.12649e+01  1.97977e+01
1.381972134e+01  1.2025814e+01         -inf  6.89329e+05  1.20258e+01  2.03163e+01
1.387500022e+01  2.6231224e+01         -inf  6.89329e+05  2.62312e+01  3.05074e+01
1.393050023e+01  1.5829057e+01         -inf  6.89329e+05  1.58291e+01  2.27123e+01
1.398622223e+01  1.4775005e+01         -inf  6.89329e+05  1.47750e+01  2.20479e+01
1.404216712e+01  1.6704145e+01         -inf  6.89329e+05  1.67041e+01  2.32615e+01
1.409833578e+01  1.7406526e+01         -inf  6.89329e+05  1.74065e+01  2.36791e+01
1.415472913e+01  1.9611506e+01         -inf  6.89329e+05  1.96115e+01  2.51483e+01
1.421134804e+01  2.2136753e+01         -inf  6.89329e+05  2.21368e+01  2.70601e+01
1.426819344e+01  2.3718112e+01         -inf  6.89329e+05  2.37181e+01  2.81402e+01
1.432526621e+01  2.5203280e+01         -inf  6.89329e+05  2.52033e+01  2.93054e+01
1.438256727e+01  2.8091801e+01         -inf  6.89329e+05  2.80918e+01  3.16545e+01
1.444009754e+01  2.9764973e+01         -inf  6.89329e+05  2.97650e+01  3.31655e+01
1.449785793e+01  3.0101015e+01         -inf  6.89329e+05  3.01010e+01  3.34321e+01
1.455584937e+01  3.2083506e+01         -inf  6.89329e+05  3.20835e+01  3.52261e+01
1.461407276e+01  3.3679641e+01         -inf  6.89329e+05  3.36796e+01  3.67464e+01
1.467252905e+01  3.3725632e+01         -inf  6.89329e+05  3.37256e+01  3.67834e+01
1.473121917e+01  3.3979055e+01         -inf  6.89329e+05  3.39791e+01  3.70438e+01
1.479014405e+01  3.5232956e+01         -inf  6.89329e+05  3.52330e+01  3.82597e+01
1.484930462e+01  3.4942108e+01         -inf  6.89329e+05  3.49421e+01  3.80392e+01
1.490870184e+01  3.5280035e+01         -inf  6.89329e+05  3.52800e+01  3.86815e+01
1.496833665e+01  4.6511527e+01         -inf  6.89329e+05  4.65115e+01  5.14191e+01
1.502821000e+01  3.5807344e+01         -inf  6.89329e+05  3.58073e+01  3.88793e+01
1.508832284e+01  3.6598038e+01         -inf  6.89329e+05  3.65980e+01  3.97876e+01
1.514867613e+01  3.4377148e+01         -inf  6.89329e+05  3.43771e+01  3.77157e+01
1.520927083e+01  3.3002157e+01         -inf  6.89329e+05  3.30022e+01  3.64421e+01
1.527010791e+01  3.3571926e+01         -inf  6.89329e+05  3.35719e+01  3.71225e+01
1.533118835e+01  3.3674396e+01         -inf  6.89329e+05  3.36744e+01  3.73029e+01
1.539251310e+01  3.4884581e+01         -inf  6.89329e+05  3.48846e+01  3.85890e+01
1.545408315e+01  3.1365476e+01         -inf  6.89329e+05  3.13655e+01  3.54623e+01
1.551589948e+01  3.0492859e+01         -inf  6.89329e+05  3.04929e+01  3.46749e+01
1.557796308e+01  2.8364265e+01         -inf  6.89329e+05  2.83643e+01  3.29369e+01
1.564027493e+01  2.5907740e+01         -inf  6.89329e+05  2.59077e+01  3.09846e+01
1.570283603e+01  2.5577705e+01         -inf  6.89329e+05  2.55777e+01  3.08830e+01
1.576564738e+01  2.3585571e+01         -inf  6.89329e+05  2.35856e+01  2.94639e+01
1.582870997e+01  2.1221720e+01         -inf  6.89329e+05  2.12217e+01  2.79565e+01
1.589202481e+01  1.9556138e+01         -inf  6.89329e+05  1.95561e+01  2.69028e+01
1.595559291e+01  1.5932837e+01         -inf  6.89329e+05  1.59328e+01  2.47681e+01
1.601941528e+01  1.5473782e+01         -inf  6.89329e+05  1.54738e+01  2.47202e+01
1.608349294e+01  1.0274685e+01         -inf  6.89329e+05  1.02747e+01  2.19405e+01
1.614782691e+01  1.2967262e+01         -inf  6.89329e+05  1.29673e+01  2.35110e+01
1.621241822e+01  2.0832359e+01         -inf  6.89329e+05  2.08324e+01  2.85604e+01
1.627726789e+01  9.5577197e+00         -inf  6.89329e+05  9.55772e+00  2.17022e+01
1.634237696e+01  7.1434504e+00         -inf  6.89329e+05  7.14345e+00  2.04753e+01
1.640774647e+01  9.2477434e+00         -inf  6.89329e+05  9.24774e+00  2.17178e+01
1.647337746e+01  8.2806773e+00         -inf  6.89329e+05  8.28068e+00  2.14402e+01
1.653927097e+01  6.8400793e+00         -inf  6.89329e+05  6.84008e+00  2.05377e+01
1.660542805e+01  5.7012913e+00         -inf  6.89329e+05  5.70129e+00  2.00048e+01
1.667184976e+01  4.0684262e+00         -inf  6.89329e+05  4.06843e+00  1.93015e+01
1.673853716e+01  8.8964263e+00         -inf  6.89329e+05  8.89643e+00  2.20900e+01
1.680549131e+01  2.4962236e+00         -inf  6.89329e+05  2.49622e+00  1.88379e+01
1.687271328e+01  1.0938562e+00         -inf  6.89329e+05  1.09386e+00  1.81426e+01
1.694020413e+01 -8.4484961e-01         -inf  6.89329e+05 -8.44850e-01  1.72541e+01
1.700796495e+01 -1.2861307e+00         -inf  6.89329e+05 -1.28613e+00  1.72151e+01
1.707599681e+01 -3.8654743e+00         -inf  6.89329e+05 -3.86547e+00  1.64931e+01
1.714430079e+01 -4.3552309e+00         -inf  6.89329e+05 -4.35523e+00  1.64156e+01
1.721287800e+01 -5.8765852e+00         -inf  6.89329e+05 -5.87659e+00  1.58646e+01
1.728172951e+01 -7.2886819e+00         -inf  6.89329e+05 -7.28868e+00  1.55622e+01
1.735085643e+01 -7.5512132e+00         -inf  6.89329e+05 -7.55121e+00  1.56167e+01
1.742025985e+01 -9.5754243e+00         -inf  6.89329e+05 -9.57542e+00  1.51919e+01
1.748994089e+01 -9.4449578e+00         -inf  6.89329e+05 -9.44496e+00  1.52297e+01
1.755990065e+01 -1.0466281e+01         -inf  6.89329e+05 -1.04663e+01  1.50830e+01
1.763014026e+01 -1.1042676e+01         -inf  6.89329e+05 -1.10427e+01  1.50151e+01
1.770066082e+01 -1.1438852e+01         -inf  6.89329e+05 -1.14389e+01  1.49915e+01
1.777146346e+01 -1.1872224e+01         -inf  6.89329e+05 -1.18722e+01  1.49691e+01
1.784254932e+01 -1.2521656e+01         -inf  6.89329e+05 -1.25217e+01  1.49269e+01
1.791391951e+01 -1.2583858e+01         -inf  6.89329e+05 -1.25839e+01  1.49546e+01
1.798557519e+01 -1.2942040e+01         -inf  6.89329e+05 -1.29420e+01  1.49369e+01
1.805751749e+01 -1.3276277e+01         -inf  6.89329e+05 -1.32763e+01  1.49130e+01
1.812974756e+01 -1.3392401e+01         -inf  6.89329e+05 -1.33924e+01  1.49416e+01
1.820226655e+01 -1.3753118e+01         -inf  6.89329e+05 -1.37531e+01  1.49005e+01
1.827507562e+01 -1.3421186e+01         -inf  6.89329e+05 -1.34212e+01  1.49432e+01
1.834817592e+01 -1.0588845e+01         -inf  6.89329e+05 -1.05888e+01  1.55868e+01
1.842156862e+01 -1.4286558e+01         -inf  6.89329e+05 -1.42866e+01  1.48875e+01
1.849525490e+01 -1.4556856e+01         -inf  6.89329e+05 -1.45569e+01  1.48867e+01
1.856923592e+01 -1.4563882e+01         -inf  6.89329e+05 -1.45639e+01  1.49148e+01
1.864351286e+01 -1.4706486e+01         -inf  6.89329e+05 -1.47065e+01  1.49178e+01
1.871808691e+01 -1.4860363e+01         -inf  6.89329e+05 -1.48604e+01  1.49233e+01
1.879295926e+01 -1.5028426e+01         -inf  6.89329e+05 -1.50284e+01  1.49124e+01
1.886813110e+01 -1.5329158e+01         -inf  6.89329e+05 -1.53292e+01  1.48920e+01
1.894360362e+01 -1.5350501e+01         -inf  6.89329e+05 -1.53505e+01  1.49131e+01
1.901937804e+01 -1.5624547e+01         -inf  6.89329e+05 -1.56245e+01  1.48975e+01
1.909545555e+01 -1.5859798e+01         -inf  6.89329e+05 -1.58598e+01  1.48846e+01
1.917183737e+01 -1.5998752e+01         -inf  6.89329e+05 -1.59988e+01  1.48910e+01
1.924852472e+01 -1.6260192e+01         -inf  6.89329e+05 -1.62602e+01  1.48795e+01
1.932551882e+01 -1.6403119e+01         -inf  6.89329e+05 -1.64031e+01  1.48817e+01
1.940282089e+01 -1.6607045e+01         -inf  6.89329e+05 -1.66070e+01  1.48784e+01
1.948043218e+01 -1.6797922e+01         -inf  6.89329e+05 -1.67979e+01  1.48767e+01
1.955835391e+01 -1.6959460e+01         -inf  6.89329e+05 -1.69595e+01  1.48774e+01
1.963658732e+01 -1.7108100e+01         -inf  6.89329e+05 -1.71081e+01  1.48782e+01
1.971513367e+01 -1.7302358e+01         -inf  6.89329e+05 -1.73024e+01  1.48768e+01
1.979399421e+01 -1.7488332e+01         -inf  6.89329e+05 -1.74883e+01  1.48755e+01
1.987317018e+01 -1.7658708e+01         -inf  6.89329e+05 -1.76587e+01  1.48754e+01
1.995266286e+01 -1.7828155e+01         -inf  6.89329e+05 -1.78282e+01  1.48756e+01
