# WARNING | GENERATOR | Too many electrons per pixel (up to 9.04e+13) detected in the 1.54-19.95 um spectral range. Reduce exposure time per frame to less than 0.000 seconds.
# ------------------------------------------------------------------------
# Radiance spectrum
# NASA-GSFC Planetary Spectrum Generator (PSG) (Villanueva et al. 2018, 2022)
# Synthesized on Tue Oct  6 07:34:56 2026
# Doppler velocities [km/s] (vobs,vrot+vorb,vwidth,vrfl,vstr): 29.00000,-0.00000,0.00000,0.00000,-0.00000
# ------------------------------------------------------------------------
# Spectra synthesized with the Planetary and Universal Model of Atmospheric Scattering (PUMAS, Villanueva et al. 2018, 2022)
# Single scattering radiative transfer method
# Radiative transfer took 5.682 seconds
# ------------------------------------------------------------------------
# Spectral unit: Wavelength [um]
# Radiance unit: Contrast [transit atmospheric thickness, km]
# Wave/freq Total Noise Stellar Earth Transit
2.000000000e-01  6.5208164e+01         -inf  6.89329e+05  6.52082e+01  6.52082e+01
2.008000000e-01  6.4748304e+01         -inf  6.89329e+05  6.47483e+01  6.47483e+01
2.016032000e-01  6.4479066e+01         -inf  6.89329e+05  6.44791e+01  6.44791e+01
2.024096128e-01  6.4448606e+01         -inf  6.89329e+05  6.44486e+01  6.44486e+01
2.032192513e-01  6.4371142e+01         -inf  6.89329e+05  6.43711e+01  6.43711e+01
2.040321283e-01  6.4168450e+01         -inf  6.89329e+05  6.41684e+01  6.41684e+01
2.048482568e-01  6.4008247e+01         -inf  6.89329e+05  6.40082e+01  6.40082e+01
2.056676498e-01  6.3892418e+01         -inf  6.89329e+05  6.38924e+01  6.38924e+01
2.064903204e-01  6.3805544e+01         -inf  6.89329e+05  6.38055e+01  6.38055e+01
2.073162817e-01  6.3711148e+01         -inf  6.89329e+05  6.37111e+01  6.37111e+01
2.081455468e-01  6.3620135e+01         -inf  6.89329e+05  6.36201e+01  6.36201e+01
2.089781290e-01  6.3492263e+01         -inf  6.89329e+05  6.34923e+01  6.34923e+01
2.098140415e-01  6.3376800e+01         -inf  6.89329e+05  6.33768e+01  6.33768e+01
2.106532977e-01  6.3006328e+01         -inf  6.89329e+05  6.30063e+01  6.30063e+01
2.114959109e-01  6.2525246e+01         -inf  6.89329e+05  6.25252e+01  6.25252e+01
2.123418945e-01  6.2067827e+01         -inf  6.89329e+05  6.20678e+01  6.20678e+01
2.131912621e-01  6.1620533e+01         -inf  6.89329e+05  6.16205e+01  6.16205e+01
2.140440271e-01  6.1065981e+01         -inf  6.89329e+05  6.10660e+01  6.10660e+01
2.149002032e-01  6.1150634e+01         -inf  6.89329e+05  6.11506e+01  6.11506e+01
2.157598041e-01  6.1214970e+01         -inf  6.89329e+05  6.12150e+01  6.12150e+01
2.166228433e-01  6.1273285e+01         -inf  6.89329e+05  6.12733e+01  6.12733e+01
2.174893346e-01  6.1344015e+01         -inf  6.89329e+05  6.13440e+01  6.13440e+01
2.183592920e-01  6.1411735e+01         -inf  6.89329e+05  6.14117e+01  6.14117e+01
2.192327292e-01  6.1510680e+01         -inf  6.89329e+05  6.15107e+01  6.15107e+01
2.201096601e-01  6.1641600e+01         -inf  6.89329e+05  6.16416e+01  6.16416e+01
2.209900987e-01  6.1755966e+01         -inf  6.89329e+05  6.17560e+01  6.17560e+01
2.218740591e-01  6.1907572e+01         -inf  6.89329e+05  6.19076e+01  6.19076e+01
2.227615553e-01  6.2050146e+01         -inf  6.89329e+05  6.20501e+01  6.20501e+01
2.236526016e-01  6.2180304e+01         -inf  6.89329e+05  6.21803e+01  6.21803e+01
2.245472120e-01  6.2329643e+01         -inf  6.89329e+05  6.23296e+01  6.23296e+01
2.254454008e-01  6.2451519e+01         -inf  6.89329e+05  6.24515e+01  6.24515e+01
2.263471824e-01  6.2601604e+01         -inf  6.89329e+05  6.26016e+01  6.26016e+01
2.272525711e-01  6.2739649e+01         -inf  6.89329e+05  6.27396e+01  6.27396e+01
2.281615814e-01  6.2898003e+01         -inf  6.89329e+05  6.28980e+01  6.28980e+01
2.290742278e-01  6.3088699e+01         -inf  6.89329e+05  6.30887e+01  6.30887e+01
2.299905247e-01  6.3227862e+01         -inf  6.89329e+05  6.32279e+01  6.32279e+01
2.309104868e-01  6.3420052e+01         -inf  6.89329e+05  6.34201e+01  6.34201e+01
2.318341287e-01  6.3577637e+01         -inf  6.89329e+05  6.35776e+01  6.35776e+01
2.327614652e-01  6.3769441e+01         -inf  6.89329e+05  6.37694e+01  6.37694e+01
2.336925111e-01  6.3917239e+01         -inf  6.89329e+05  6.39172e+01  6.39172e+01
2.346272811e-01  6.4094366e+01         -inf  6.89329e+05  6.40944e+01  6.40944e+01
2.355657903e-01  6.4240652e+01         -inf  6.89329e+05  6.42407e+01  6.42407e+01
2.365080534e-01  6.4386935e+01         -inf  6.89329e+05  6.43869e+01  6.43869e+01
2.374540856e-01  6.4544120e+01         -inf  6.89329e+05  6.45441e+01  6.45441e+01
2.384039020e-01  6.4674603e+01         -inf  6.89329e+05  6.46746e+01  6.46746e+01
2.393575176e-01  6.4798691e+01         -inf  6.89329e+05  6.47987e+01  6.47987e+01
2.403149477e-01  6.4939321e+01         -inf  6.89329e+05  6.49393e+01  6.49393e+01
2.412762074e-01  6.5037836e+01         -inf  6.89329e+05  6.50378e+01  6.50378e+01
2.422413123e-01  6.5163797e+01         -inf  6.89329e+05  6.51638e+01  6.51638e+01
2.432102775e-01  6.5433006e+01         -inf  6.89329e+05  6.54330e+01  6.54330e+01
2.441831186e-01  6.5502939e+01         -inf  6.89329e+05  6.55029e+01  6.55029e+01
2.451598511e-01  6.5614980e+01         -inf  6.89329e+05  6.56150e+01  6.56150e+01
2.461404905e-01  6.5656337e+01         -inf  6.89329e+05  6.56563e+01  6.56563e+01
2.471250525e-01  6.5840936e+01         -inf  6.89329e+05  6.58409e+01  6.58409e+01
2.481135527e-01  6.5679271e+01         -inf  6.89329e+05  6.56793e+01  6.56793e+01
2.491060069e-01  6.6030041e+01         -inf  6.89329e+05  6.60300e+01  6.60300e+01
2.501024309e-01  6.5883043e+01         -inf  6.89329e+05  6.58830e+01  6.58830e+01
2.511028406e-01  6.5789053e+01         -inf  6.89329e+05  6.57891e+01  6.57891e+01
2.521072520e-01  6.6116132e+01         -inf  6.89329e+05  6.61161e+01  6.61161e+01
2.531156810e-01  6.5927782e+01         -inf  6.89329e+05  6.59278e+01  6.59278e+01
2.541281437e-01  6.5889434e+01         -inf  6.89329e+05  6.58894e+01  6.58894e+01
2.551446563e-01  6.5957106e+01         -inf  6.89329e+05  6.59571e+01  6.59571e+01
2.561652349e-01  6.5991318e+01         -inf  6.89329e+05  6.59913e+01  6.59913e+01
2.571898959e-01  6.5811235e+01         -inf  6.89329e+05  6.58112e+01  6.58112e+01
2.582186555e-01  6.5807099e+01         -inf  6.89329e+05  6.58071e+01  6.58071e+01
2.592515301e-01  6.5795068e+01         -inf  6.89329e+05  6.57951e+01  6.57951e+01
2.602885362e-01  6.5720251e+01         -inf  6.89329e+05  6.57203e+01  6.57203e+01
2.613296904e-01  6.5574375e+01         -inf  6.89329e+05  6.55744e+01  6.55744e+01
2.623750091e-01  6.5483388e+01         -inf  6.89329e+05  6.54834e+01  6.54834e+01
2.634245092e-01  6.5315699e+01         -inf  6.89329e+05  6.53157e+01  6.53157e+01
2.644782072e-01  6.5324346e+01         -inf  6.89329e+05  6.53243e+01  6.53243e+01
2.655361200e-01  6.5082956e+01         -inf  6.89329e+05  6.50830e+01  6.50830e+01
2.665982645e-01  6.4908488e+01         -inf  6.89329e+05  6.49085e+01  6.49085e+01
2.676646576e-01  6.4762217e+01         -inf  6.89329e+05  6.47622e+01  6.47622e+01
2.687353162e-01  6.4505764e+01         -inf  6.89329e+05  6.45058e+01  6.45058e+01
2.698102574e-01  6.4394456e+01         -inf  6.89329e+05  6.43945e+01  6.43945e+01
2.708894985e-01  6.4060520e+01         -inf  6.89329e+05  6.40605e+01  6.40605e+01
2.719730565e-01  6.3880007e+01         -inf  6.89329e+05  6.38800e+01  6.38800e+01
2.730609487e-01  6.3619759e+01         -inf  6.89329e+05  6.36198e+01  6.36198e+01
2.741531925e-01  6.3238017e+01         -inf  6.89329e+05  6.32380e+01  6.32380e+01
2.752498053e-01  6.3013474e+01         -inf  6.89329e+05  6.30135e+01  6.30135e+01
2.763508045e-01  6.2679843e+01         -inf  6.89329e+05  6.26798e+01  6.26798e+01
2.774562077e-01  6.2339799e+01         -inf  6.89329e+05  6.23398e+01  6.23398e+01
2.785660325e-01  6.1972652e+01         -inf  6.89329e+05  6.19727e+01  6.19727e+01
2.796802967e-01  6.1621285e+01         -inf  6.89329e+05  6.16213e+01  6.16213e+01
2.807990178e-01  6.1160040e+01         -inf  6.89329e+05  6.11600e+01  6.11600e+01
2.819222139e-01  6.0707792e+01         -inf  6.89329e+05  6.07078e+01  6.07078e+01
2.830499028e-01  6.0345443e+01         -inf  6.89329e+05  6.03454e+01  6.03454e+01
2.841821024e-01  5.9826907e+01         -inf  6.89329e+05  5.98269e+01  5.98269e+01
2.853188308e-01  5.9322631e+01         -inf  6.89329e+05  5.93226e+01  5.93226e+01
2.864601061e-01  5.8858586e+01         -inf  6.89329e+05  5.88586e+01  5.88586e+01
2.876059465e-01  5.8289869e+01         -inf  6.89329e+05  5.82899e+01  5.82899e+01
2.887563703e-01  5.7680446e+01         -inf  6.89329e+05  5.76804e+01  5.76804e+01
2.899113958e-01  5.7106731e+01         -inf  6.89329e+05  5.71067e+01  5.71067e+01
2.910710414e-01  5.6529952e+01         -inf  6.89329e+05  5.65300e+01  5.65300e+01
2.922353256e-01  5.5839406e+01         -inf  6.89329e+05  5.58394e+01  5.58394e+01
2.934042669e-01  5.5197366e+01         -inf  6.89329e+05  5.51974e+01  5.51974e+01
2.945778839e-01  5.4589156e+01         -inf  6.89329e+05  5.45892e+01  5.45892e+01
2.957561955e-01  5.3872412e+01         -inf  6.89329e+05  5.38724e+01  5.38724e+01
2.969392202e-01  5.3214354e+01         -inf  6.89329e+05  5.32144e+01  5.32144e+01
2.981269771e-01  5.2498210e+01         -inf  6.89329e+05  5.24982e+01  5.24982e+01
2.993194850e-01  5.1849053e+01         -inf  6.89329e+05  5.18491e+01  5.18491e+01
3.005167630e-01  5.1179482e+01         -inf  6.89329e+05  5.11795e+01  5.11795e+01
3.017188300e-01  5.0456328e+01         -inf  6.89329e+05  5.04563e+01  5.04563e+01
3.029257054e-01  4.9785481e+01         -inf  6.89329e+05  4.97855e+01  4.97855e+01
3.041374082e-01  4.9188068e+01         -inf  6.89329e+05  4.91881e+01  4.91881e+01
3.053539578e-01  4.8408896e+01         -inf  6.89329e+05  4.84089e+01  4.84089e+01
3.065753736e-01  4.7879216e+01         -inf  6.89329e+05  4.78792e+01  4.78792e+01
3.078016751e-01  4.7075000e+01         -inf  6.89329e+05  4.70750e+01  4.70750e+01
3.090328818e-01  4.6555015e+01         -inf  6.89329e+05  4.65550e+01  4.65550e+01
3.102690134e-01  4.5737433e+01         -inf  6.89329e+05  4.57374e+01  4.57374e+01
3.115100894e-01  4.5241101e+01         -inf  6.89329e+05  4.52411e+01  4.52411e+01
3.127561298e-01  4.4378840e+01         -inf  6.89329e+05  4.43788e+01  4.43788e+01
3.140071543e-01  4.3931067e+01         -inf  6.89329e+05  4.39311e+01  4.39311e+01
3.152631829e-01  4.3121074e+01         -inf  6.89329e+05  4.31211e+01  4.31211e+01
3.165242356e-01  4.2329845e+01         -inf  6.89329e+05  4.23298e+01  4.23298e+01
3.177903326e-01  4.1975515e+01         -inf  6.89329e+05  4.19755e+01  4.19755e+01
3.190614939e-01  4.0734639e+01         -inf  6.89329e+05  4.07346e+01  4.07346e+01
3.203377399e-01  4.0619144e+01         -inf  6.89329e+05  4.06191e+01  4.06191e+01
3.216190908e-01  3.9206991e+01         -inf  6.89329e+05  3.92070e+01  3.92070e+01
3.229055672e-01  3.9373853e+01         -inf  6.89329e+05  3.93739e+01  3.93739e+01
3.241971895e-01  3.7277451e+01         -inf  6.89329e+05  3.72775e+01  3.72775e+01
3.254939782e-01  3.8153619e+01         -inf  6.89329e+05  3.81536e+01  3.81536e+01
3.267959541e-01  3.5818782e+01         -inf  6.89329e+05  3.58188e+01  3.58188e+01
3.281031380e-01  3.6802708e+01         -inf  6.89329e+05  3.68027e+01  3.68027e+01
3.294155505e-01  3.4193089e+01         -inf  6.89329e+05  3.41931e+01  3.41931e+01
3.307332127e-01  3.5286739e+01         -inf  6.89329e+05  3.52867e+01  3.52867e+01
3.320561456e-01  3.3813787e+01         -inf  6.89329e+05  3.38138e+01  3.38138e+01
3.333843702e-01  3.3584926e+01         -inf  6.89329e+05  3.35849e+01  3.35849e+01
3.347179076e-01  3.2955051e+01         -inf  6.89329e+05  3.29551e+01  3.29551e+01
3.360567793e-01  3.1927334e+01         -inf  6.89329e+05  3.19273e+01  3.19273e+01
3.374010064e-01  3.2815835e+01         -inf  6.89329e+05  3.28158e+01  3.28158e+01
3.387506104e-01  3.1377770e+01         -inf  6.89329e+05  3.13778e+01  3.13778e+01
3.401056128e-01  3.1590798e+01         -inf  6.89329e+05  3.15908e+01  3.15908e+01
3.414660353e-01  3.0845169e+01         -inf  6.89329e+05  3.08452e+01  3.08452e+01
3.428318994e-01  3.0581990e+01         -inf  6.89329e+05  3.05820e+01  3.05820e+01
3.442032270e-01  3.0973655e+01         -inf  6.89329e+05  3.09737e+01  3.09737e+01
3.455800399e-01  3.0329309e+01         -inf  6.89329e+05  3.03293e+01  3.03293e+01
3.469623601e-01  3.0139339e+01         -inf  6.89329e+05  3.01393e+01  3.01393e+01
3.483502095e-01  2.9918701e+01         -inf  6.89329e+05  2.99187e+01  2.99187e+01
3.497436104e-01  2.9746375e+01         -inf  6.89329e+05  2.97464e+01  2.97464e+01
3.511425848e-01  2.9742065e+01         -inf  6.89329e+05  2.97421e+01  2.97421e+01
3.525471552e-01  2.9595444e+01         -inf  6.89329e+05  2.95954e+01  2.95954e+01
3.539573438e-01  2.9364692e+01         -inf  6.89329e+05  2.93647e+01  2.93647e+01
3.553731732e-01  2.9252621e+01         -inf  6.89329e+05  2.92526e+01  2.92526e+01
3.567946659e-01  2.9136881e+01         -inf  6.89329e+05  2.91369e+01  2.91369e+01
3.582218445e-01  2.9018190e+01         -inf  6.89329e+05  2.90182e+01  2.90182e+01
3.596547319e-01  2.8938783e+01         -inf  6.89329e+05  2.89388e+01  2.89388e+01
3.610933508e-01  2.8810294e+01         -inf  6.89329e+05  2.88103e+01  2.88103e+01
3.625377242e-01  2.8681689e+01         -inf  6.89329e+05  2.86817e+01  2.86817e+01
3.639878751e-01  2.8573124e+01         -inf  6.89329e+05  2.85731e+01  2.85731e+01
3.654438266e-01  2.8475447e+01         -inf  6.89329e+05  2.84754e+01  2.84754e+01
3.669056019e-01  2.8361811e+01         -inf  6.89329e+05  2.83618e+01  2.83618e+01
3.683732243e-01  2.8259404e+01         -inf  6.89329e+05  2.82594e+01  2.82594e+01
3.698467172e-01  2.8153554e+01         -inf  6.89329e+05  2.81536e+01  2.81536e+01
3.713261041e-01  2.8047513e+01         -inf  6.89329e+05  2.80475e+01  2.80475e+01
3.728114085e-01  2.7942907e+01         -inf  6.89329e+05  2.79429e+01  2.79429e+01
3.743026542e-01  2.7842271e+01         -inf  6.89329e+05  2.78423e+01  2.78423e+01
3.757998648e-01  2.7737662e+01         -inf  6.89329e+05  2.77377e+01  2.77377e+01
3.773030642e-01  2.7635434e+01         -inf  6.89329e+05  2.76354e+01  2.76354e+01
3.788122765e-01  2.7535020e+01         -inf  6.89329e+05  2.75350e+01  2.75350e+01
3.803275256e-01  2.7435891e+01         -inf  6.89329e+05  2.74359e+01  2.74359e+01
3.818488357e-01  2.7332788e+01         -inf  6.89329e+05  2.73328e+01  2.73328e+01
3.833762310e-01  2.7229079e+01         -inf  6.89329e+05  2.72291e+01  2.72291e+01
3.849097360e-01  2.7125897e+01         -inf  6.89329e+05  2.71259e+01  2.71259e+01
3.864493749e-01  2.7024794e+01         -inf  6.89329e+05  2.70248e+01  2.70248e+01
3.879951724e-01  2.6925014e+01         -inf  6.89329e+05  2.69250e+01  2.69250e+01
3.895471531e-01  2.6825761e+01         -inf  6.89329e+05  2.68258e+01  2.68258e+01
3.911053417e-01  2.6724880e+01         -inf  6.89329e+05  2.67249e+01  2.67249e+01
3.926697631e-01  2.6625851e+01         -inf  6.89329e+05  2.66259e+01  2.66259e+01
3.942404421e-01  2.6528599e+01         -inf  6.89329e+05  2.65286e+01  2.65286e+01
3.958174039e-01  2.6431269e+01         -inf  6.89329e+05  2.64313e+01  2.64313e+01
3.974006735e-01  2.6330269e+01         -inf  6.89329e+05  2.63303e+01  2.63303e+01
3.989902762e-01  2.6230894e+01         -inf  6.89329e+05  2.62309e+01  2.62309e+01
4.005862373e-01  2.6135262e+01         -inf  6.89329e+05  2.61353e+01  2.61353e+01
4.021885823e-01  2.6040991e+01         -inf  6.89329e+05  2.60410e+01  2.60410e+01
4.037973366e-01  2.5942935e+01         -inf  6.89329e+05  2.59429e+01  2.59429e+01
4.054125259e-01  2.5844424e+01         -inf  6.89329e+05  2.58444e+01  2.58444e+01
4.070341760e-01  2.5753099e+01         -inf  6.89329e+05  2.57531e+01  2.57531e+01
4.086623127e-01  2.5666464e+01         -inf  6.89329e+05  2.56665e+01  2.56665e+01
4.102969620e-01  2.5574077e+01         -inf  6.89329e+05  2.55741e+01  2.55741e+01
4.119381498e-01  2.5474161e+01         -inf  6.89329e+05  2.54742e+01  2.54742e+01
4.135859024e-01  2.5374394e+01         -inf  6.89329e+05  2.53744e+01  2.53744e+01
4.152402460e-01  2.5285673e+01         -inf  6.89329e+05  2.52857e+01  2.52857e+01
4.169012070e-01  2.5202512e+01         -inf  6.89329e+05  2.52025e+01  2.52025e+01
4.185688119e-01  2.5109438e+01         -inf  6.89329e+05  2.51094e+01  2.51094e+01
4.202430871e-01  2.5013184e+01         -inf  6.89329e+05  2.50132e+01  2.50132e+01
4.219240595e-01  2.4933539e+01         -inf  6.89329e+05  2.49335e+01  2.49335e+01
4.236117557e-01  2.4868952e+01         -inf  6.89329e+05  2.48690e+01  2.48690e+01
4.253062027e-01  2.4799823e+01         -inf  6.89329e+05  2.47998e+01  2.47998e+01
4.270074275e-01  2.4703981e+01         -inf  6.89329e+05  2.47040e+01  2.47040e+01
4.287154572e-01  2.4595007e+01         -inf  6.89329e+05  2.45950e+01  2.45950e+01
4.304303191e-01  2.4505178e+01         -inf  6.89329e+05  2.45052e+01  2.45052e+01
4.321520403e-01  2.4443765e+01         -inf  6.89329e+05  2.44438e+01  2.44438e+01
4.338806485e-01  2.4368957e+01         -inf  6.89329e+05  2.43690e+01  2.43690e+01
4.356161711e-01  2.4271367e+01         -inf  6.89329e+05  2.42714e+01  2.42714e+01
4.373586358e-01  2.4194551e+01         -inf  6.89329e+05  2.41946e+01  2.41946e+01
4.391080703e-01  2.4165262e+01         -inf  6.89329e+05  2.41653e+01  2.41653e+01
4.408645026e-01  2.4154969e+01         -inf  6.89329e+05  2.41550e+01  2.41550e+01
4.426279606e-01  2.4119323e+01         -inf  6.89329e+05  2.41193e+01  2.41193e+01
4.443984725e-01  2.4016129e+01         -inf  6.89329e+05  2.40161e+01  2.40161e+01
4.461760664e-01  2.3883340e+01         -inf  6.89329e+05  2.38833e+01  2.38833e+01
4.479607706e-01  2.3800313e+01         -inf  6.89329e+05  2.38003e+01  2.38003e+01
4.497526137e-01  2.3779726e+01         -inf  6.89329e+05  2.37797e+01  2.37797e+01
4.515516242e-01  2.3726973e+01         -inf  6.89329e+05  2.37270e+01  2.37270e+01
4.533578307e-01  2.3627860e+01         -inf  6.89329e+05  2.36279e+01  2.36279e+01
4.551712620e-01  2.3571774e+01         -inf  6.89329e+05  2.35718e+01  2.35718e+01
4.569919470e-01  2.3607045e+01         -inf  6.89329e+05  2.36070e+01  2.36070e+01
4.588199148e-01  2.3689432e+01         -inf  6.89329e+05  2.36894e+01  2.36894e+01
4.606551945e-01  2.3757475e+01         -inf  6.89329e+05  2.37575e+01  2.37575e+01
4.624978152e-01  2.3707408e+01         -inf  6.89329e+05  2.37074e+01  2.37074e+01
4.643478065e-01  2.3533022e+01         -inf  6.89329e+05  2.35330e+01  2.35330e+01
4.662051977e-01  2.3384290e+01         -inf  6.89329e+05  2.33843e+01  2.33843e+01
4.680700185e-01  2.3373883e+01         -inf  6.89329e+05  2.33739e+01  2.33739e+01
4.699422986e-01  2.3402191e+01         -inf  6.89329e+05  2.34022e+01  2.34022e+01
4.718220678e-01  2.3347239e+01         -inf  6.89329e+05  2.33472e+01  2.33472e+01
4.737093561e-01  2.3292930e+01         -inf  6.89329e+05  2.32929e+01  2.32929e+01
4.756041935e-01  2.3359842e+01         -inf  6.89329e+05  2.33598e+01  2.33598e+01
4.775066103e-01  2.3552398e+01         -inf  6.89329e+05  2.35524e+01  2.35524e+01
4.794166367e-01  2.3774012e+01         -inf  6.89329e+05  2.37740e+01  2.37740e+01
4.813343033e-01  2.3952971e+01         -inf  6.89329e+05  2.39530e+01  2.39530e+01
4.832596405e-01  2.3931627e+01         -inf  6.89329e+05  2.39316e+01  2.39316e+01
4.851926790e-01  2.3728146e+01         -inf  6.89329e+05  2.37281e+01  2.37281e+01
4.871334497e-01  2.3547251e+01         -inf  6.89329e+05  2.35473e+01  2.35473e+01
4.890819835e-01  2.3542256e+01         -inf  6.89329e+05  2.35423e+01  2.35423e+01
4.910383115e-01  2.3620253e+01         -inf  6.89329e+05  2.36203e+01  2.36203e+01
4.930024647e-01  2.3622183e+01         -inf  6.89329e+05  2.36222e+01  2.36222e+01
4.949744746e-01  2.3602277e+01         -inf  6.89329e+05  2.36023e+01  2.36023e+01
4.969543725e-01  2.3705061e+01         -inf  6.89329e+05  2.37051e+01  2.37051e+01
4.989421900e-01  2.3979044e+01         -inf  6.89329e+05  2.39790e+01  2.39790e+01
5.009379587e-01  2.4356167e+01         -inf  6.89329e+05  2.43562e+01  2.43562e+01
5.029417106e-01  2.4737013e+01         -inf  6.89329e+05  2.47370e+01  2.47370e+01
5.049534774e-01  2.4964867e+01         -inf  6.89329e+05  2.49649e+01  2.49649e+01
5.069732913e-01  2.4940274e+01         -inf  6.89329e+05  2.49403e+01  2.49403e+01
5.090011845e-01  2.4756840e+01         -inf  6.89329e+05  2.47568e+01  2.47568e+01
5.110371892e-01  2.4623991e+01         -inf  6.89329e+05  2.46240e+01  2.46240e+01
5.130813380e-01  2.4654603e+01         -inf  6.89329e+05  2.46546e+01  2.46546e+01
5.151336633e-01  2.4774132e+01         -inf  6.89329e+05  2.47741e+01  2.47741e+01
5.171941980e-01  2.4873227e+01         -inf  6.89329e+05  2.48732e+01  2.48732e+01
5.192629748e-01  2.4963921e+01         -inf  6.89329e+05  2.49639e+01  2.49639e+01
5.213400267e-01  2.5117308e+01         -inf  6.89329e+05  2.51173e+01  2.51173e+01
5.234253868e-01  2.5382225e+01         -inf  6.89329e+05  2.53822e+01  2.53822e+01
5.255190883e-01  2.5734713e+01         -inf  6.89329e+05  2.57347e+01  2.57347e+01
5.276211647e-01  2.6114418e+01         -inf  6.89329e+05  2.61144e+01  2.61144e+01
5.297316493e-01  2.6455403e+01         -inf  6.89329e+05  2.64554e+01  2.64554e+01
5.318505759e-01  2.6690345e+01         -inf  6.89329e+05  2.66903e+01  2.66903e+01
5.339779782e-01  2.6771633e+01         -inf  6.89329e+05  2.67716e+01  2.67716e+01
5.361138902e-01  2.6728398e+01         -inf  6.89329e+05  2.67284e+01  2.67284e+01
5.382583457e-01  2.6705740e+01         -inf  6.89329e+05  2.67057e+01  2.67057e+01
5.404113791e-01  2.6811766e+01         -inf  6.89329e+05  2.68118e+01  2.68118e+01
5.425730246e-01  2.7005050e+01         -inf  6.89329e+05  2.70051e+01  2.70051e+01
5.447433167e-01  2.7184296e+01         -inf  6.89329e+05  2.71843e+01  2.71843e+01
5.469222900e-01  2.7303325e+01         -inf  6.89329e+05  2.73033e+01  2.73033e+01
5.491099791e-01  2.7385210e+01         -inf  6.89329e+05  2.73852e+01  2.73852e+01
5.513064191e-01  2.7466980e+01         -inf  6.89329e+05  2.74670e+01  2.74670e+01
5.535116447e-01  2.7574695e+01         -inf  6.89329e+05  2.75747e+01  2.75747e+01
5.557256913e-01  2.7731725e+01         -inf  6.89329e+05  2.77317e+01  2.77317e+01
5.579485941e-01  2.7970401e+01         -inf  6.89329e+05  2.79704e+01  2.79704e+01
5.601803884e-01  2.8278652e+01         -inf  6.89329e+05  2.82787e+01  2.82787e+01
5.624211100e-01  2.8586699e+01         -inf  6.89329e+05  2.85867e+01  2.85867e+01
5.646707944e-01  2.8829617e+01         -inf  6.89329e+05  2.88296e+01  2.88296e+01
5.669294776e-01  2.9011346e+01         -inf  6.89329e+05  2.90113e+01  2.90113e+01
5.691971955e-01  2.9175714e+01         -inf  6.89329e+05  2.91757e+01  2.91757e+01
5.714739843e-01  2.9332440e+01         -inf  6.89329e+05  2.93324e+01  2.93324e+01
5.737598803e-01  2.9418760e+01         -inf  6.89329e+05  2.94188e+01  2.94188e+01
5.760549198e-01  2.9378871e+01         -inf  6.89329e+05  2.93789e+01  2.93789e+01
5.783591395e-01  2.9247366e+01         -inf  6.89329e+05  2.92474e+01  2.92474e+01
5.806725760e-01  2.9065909e+01         -inf  6.89329e+05  2.90659e+01  2.90659e+01
5.829952663e-01  2.8895374e+01         -inf  6.89329e+05  2.88954e+01  2.88954e+01
5.853272474e-01  2.8779968e+01         -inf  6.89329e+05  2.87800e+01  2.87800e+01
5.876685564e-01  2.8727066e+01         -inf  6.89329e+05  2.87271e+01  2.87271e+01
5.900192306e-01  2.8749377e+01         -inf  6.89329e+05  2.87494e+01  2.87494e+01
5.923793075e-01  2.8881421e+01         -inf  6.89329e+05  2.88814e+01  2.88814e+01
5.947488247e-01  2.9129773e+01         -inf  6.89329e+05  2.91298e+01  2.91298e+01
5.971278200e-01  2.9414223e+01         -inf  6.89329e+05  2.94142e+01  2.94142e+01
5.995163313e-01  2.9643158e+01         -inf  6.89329e+05  2.96432e+01  2.96432e+01
6.019143966e-01  2.9740590e+01         -inf  6.89329e+05  2.97406e+01  2.97406e+01
6.043220542e-01  2.9681345e+01         -inf  6.89329e+05  2.96813e+01  2.96813e+01
6.067393425e-01  2.9485873e+01         -inf  6.89329e+05  2.94859e+01  2.94859e+01
6.091662998e-01  2.9195943e+01         -inf  6.89329e+05  2.91959e+01  2.91959e+01
6.116029650e-01  2.8870002e+01         -inf  6.89329e+05  2.88700e+01  2.88700e+01
6.140493769e-01  2.8549641e+01         -inf  6.89329e+05  2.85496e+01  2.85496e+01
6.165055744e-01  2.8255508e+01         -inf  6.89329e+05  2.82555e+01  2.82555e+01
6.189715967e-01  2.7996572e+01         -inf  6.89329e+05  2.79966e+01  2.79966e+01
6.214474831e-01  2.7773289e+01         -inf  6.89329e+05  2.77733e+01  2.77733e+01
6.239332730e-01  2.7564218e+01         -inf  6.89329e+05  2.75642e+01  2.75642e+01
6.264290061e-01  2.7345080e+01         -inf  6.89329e+05  2.73451e+01  2.73451e+01
6.289347221e-01  2.7382827e+01         -inf  6.89329e+05  2.73828e+01  2.73828e+01
6.314504610e-01  2.6924295e+01         -inf  6.89329e+05  2.69243e+01  2.69243e+01
6.339762629e-01  2.6566010e+01         -inf  6.89329e+05  2.65660e+01  2.65660e+01
6.365121679e-01  2.6243037e+01         -inf  6.89329e+05  2.62430e+01  2.62430e+01
6.390582166e-01  2.5907790e+01         -inf  6.89329e+05  2.59078e+01  2.59078e+01
6.416144494e-01  2.5565641e+01         -inf  6.89329e+05  2.55656e+01  2.55656e+01
6.441809072e-01  2.5260929e+01         -inf  6.89329e+05  2.52609e+01  2.52609e+01
6.467576309e-01  2.4974326e+01         -inf  6.89329e+05  2.49743e+01  2.49743e+01
6.493446614e-01  2.4699024e+01         -inf  6.89329e+05  2.46990e+01  2.46990e+01
6.519420400e-01  2.4441268e+01         -inf  6.89329e+05  2.44413e+01  2.44413e+01
6.545498082e-01  2.4167722e+01         -inf  6.89329e+05  2.41677e+01  2.41677e+01
6.571680074e-01  2.3887125e+01         -inf  6.89329e+05  2.38871e+01  2.38871e+01
6.597966795e-01  2.3614198e+01         -inf  6.89329e+05  2.36142e+01  2.36142e+01
6.624358662e-01  2.3349699e+01         -inf  6.89329e+05  2.33497e+01  2.33497e+01
6.650856096e-01  2.3060626e+01         -inf  6.89329e+05  2.30606e+01  2.30606e+01
6.677459521e-01  2.2741261e+01         -inf  6.89329e+05  2.27413e+01  2.27413e+01
6.704169359e-01  2.2421010e+01         -inf  6.89329e+05  2.24210e+01  2.24210e+01
6.730986036e-01  2.2113612e+01         -inf  6.89329e+05  2.21136e+01  2.21136e+01
6.757909981e-01  2.1827587e+01         -inf  6.89329e+05  2.18276e+01  2.18276e+01
6.784941620e-01  2.1555178e+01         -inf  6.89329e+05  2.15552e+01  2.15552e+01
6.812081387e-01  2.1326484e+01         -inf  6.89329e+05  2.13265e+01  2.13265e+01
6.839329712e-01  2.1145559e+01         -inf  6.89329e+05  2.11456e+01  2.11456e+01
6.866687031e-01  2.2064705e+01         -inf  6.89329e+05  2.20647e+01  2.20647e+01
6.894153779e-01  2.1947662e+01         -inf  6.89329e+05  2.19477e+01  2.19477e+01
6.921730395e-01  2.0914729e+01         -inf  6.89329e+05  2.09147e+01  2.09147e+01
6.949417316e-01  2.0161948e+01         -inf  6.89329e+05  2.01619e+01  2.01619e+01
6.977214985e-01  1.9849443e+01         -inf  6.89329e+05  1.98494e+01  1.98494e+01
7.005123845e-01  1.9616484e+01         -inf  6.89329e+05  1.96165e+01  1.96165e+01
7.033144341e-01  1.9431421e+01         -inf  6.89329e+05  1.94314e+01  1.94314e+01
7.061276918e-01  1.9284147e+01         -inf  6.89329e+05  1.92841e+01  1.92841e+01
7.089522026e-01  1.9156638e+01         -inf  6.89329e+05  1.91566e+01  1.91566e+01
7.117880114e-01  1.9052190e+01         -inf  6.89329e+05  1.90522e+01  1.90522e+01
7.146351634e-01  1.8994322e+01         -inf  6.89329e+05  1.89943e+01  1.89943e+01
7.174937041e-01  1.8883774e+01         -inf  6.89329e+05  1.88838e+01  1.88838e+01
7.203636789e-01  1.8651689e+01         -inf  6.89329e+05  1.86517e+01  1.86517e+01
7.232451336e-01  1.8433116e+01         -inf  6.89329e+05  1.84331e+01  1.84331e+01
7.261381142e-01  1.8277335e+01         -inf  6.89329e+05  1.82773e+01  1.82773e+01
7.290426666e-01  1.8109013e+01         -inf  6.89329e+05  1.81090e+01  1.81090e+01
7.319588373e-01  1.7969927e+01         -inf  6.89329e+05  1.79699e+01  1.79699e+01
7.348866726e-01  1.7892391e+01         -inf  6.89329e+05  1.78924e+01  1.78924e+01
7.378262193e-01  1.7844854e+01         -inf  6.89329e+05  1.78449e+01  1.78449e+01
7.407775242e-01  1.7819968e+01         -inf  6.89329e+05  1.78200e+01  1.78200e+01
7.437406343e-01  1.7849589e+01         -inf  6.89329e+05  1.78496e+01  1.78496e+01
7.467155968e-01  1.7894588e+01         -inf  6.89329e+05  1.78946e+01  1.78946e+01
7.497024592e-01  1.7809438e+01         -inf  6.89329e+05  1.78094e+01  1.78094e+01
7.527012690e-01  1.7559585e+01         -inf  6.89329e+05  1.75596e+01  1.75596e+01
7.557120741e-01  1.7329914e+01         -inf  6.89329e+05  1.73299e+01  1.73299e+01
7.587349224e-01  1.8936492e+01         -inf  6.89329e+05  1.89365e+01  1.89365e+01
7.617698621e-01  2.3369644e+01         -inf  6.89329e+05  2.33696e+01  2.33696e+01
7.648169416e-01  2.0672230e+01         -inf  6.89329e+05  2.06722e+01  2.06722e+01
7.678762093e-01  1.7863831e+01         -inf  6.89329e+05  1.78638e+01  1.78638e+01
7.709477142e-01  1.7082998e+01         -inf  6.89329e+05  1.70830e+01  1.70830e+01
7.740315050e-01  1.7056025e+01         -inf  6.89329e+05  1.70560e+01  1.70560e+01
7.771276310e-01  1.7168120e+01         -inf  6.89329e+05  1.71681e+01  1.71681e+01
7.802361416e-01  1.7186039e+01         -inf  6.89329e+05  1.71860e+01  1.71860e+01
7.833570861e-01  1.7018938e+01         -inf  6.89329e+05  1.70189e+01  1.70189e+01
7.864905145e-01  1.6808455e+01         -inf  6.89329e+05  1.68085e+01  1.68085e+01
7.896364765e-01  1.6660514e+01         -inf  6.89329e+05  1.66605e+01  1.66605e+01
7.927950224e-01  1.6540378e+01         -inf  6.89329e+05  1.65404e+01  1.65404e+01
7.959662025e-01  1.6442139e+01         -inf  6.89329e+05  1.64421e+01  1.64421e+01
7.991500673e-01  1.6381292e+01         -inf  6.89329e+05  1.63813e+01  1.63813e+01
8.023466676e-01  1.6339881e+01         -inf  6.89329e+05  1.63399e+01  1.63399e+01
8.055560543e-01  1.6334842e+01         -inf  6.89329e+05  1.63348e+01  1.63348e+01
8.087782785e-01  1.6402850e+01         -inf  6.89329e+05  1.64028e+01  1.64028e+01
8.120133916e-01  1.6508970e+01         -inf  6.89329e+05  1.65090e+01  1.65090e+01
8.152614452e-01  1.6595692e+01         -inf  6.89329e+05  1.65957e+01  1.65957e+01
8.185224910e-01  1.6572392e+01         -inf  6.89329e+05  1.65724e+01  1.65724e+01
8.217965809e-01  1.6407586e+01         -inf  6.89329e+05  1.64076e+01  1.64076e+01
8.250837672e-01  1.6191740e+01         -inf  6.89329e+05  1.61917e+01  1.61917e+01
8.283841023e-01  1.6029349e+01         -inf  6.89329e+05  1.60293e+01  1.60293e+01
8.316976387e-01  1.5927124e+01         -inf  6.89329e+05  1.59271e+01  1.59271e+01
8.350244293e-01  1.5870516e+01         -inf  6.89329e+05  1.58705e+01  1.58705e+01
8.383645270e-01  1.5844864e+01         -inf  6.89329e+05  1.58449e+01  1.58449e+01
8.417179851e-01  1.5839863e+01         -inf  6.89329e+05  1.58399e+01  1.58399e+01
8.450848570e-01  1.5862559e+01         -inf  6.89329e+05  1.58626e+01  1.58626e+01
8.484651965e-01  1.5932390e+01         -inf  6.89329e+05  1.59324e+01  1.59324e+01
8.518590573e-01  1.6075688e+01         -inf  6.89329e+05  1.60757e+01  1.60757e+01
8.552664935e-01  1.6091412e+01         -inf  6.89329e+05  1.60914e+01  1.60914e+01
8.586875595e-01  1.5982063e+01         -inf  6.89329e+05  1.59821e+01  1.59821e+01
8.621223097e-01  1.5838802e+01         -inf  6.89329e+05  1.58388e+01  1.58388e+01
8.655707989e-01  1.5707814e+01         -inf  6.89329e+05  1.57078e+01  1.57078e+01
8.690330821e-01  1.5621725e+01         -inf  6.89329e+05  1.56217e+01  1.56217e+01
8.725092145e-01  1.5561590e+01         -inf  6.89329e+05  1.55616e+01  1.55616e+01
8.759992513e-01  1.5530481e+01         -inf  6.89329e+05  1.55305e+01  1.55305e+01
8.795032483e-01  1.5522713e+01         -inf  6.89329e+05  1.55227e+01  1.55227e+01
8.830212613e-01  1.5534422e+01         -inf  6.89329e+05  1.55344e+01  1.55344e+01
8.865533464e-01  1.5551019e+01         -inf  6.89329e+05  1.55510e+01  1.55510e+01
8.900995597e-01  1.5549200e+01         -inf  6.89329e+05  1.55492e+01  1.55492e+01
8.936599580e-01  1.5534573e+01         -inf  6.89329e+05  1.55346e+01  1.55346e+01
8.972345978e-01  1.5572049e+01         -inf  6.89329e+05  1.55720e+01  1.55720e+01
9.008235362e-01  1.5546585e+01         -inf  6.89329e+05  1.55466e+01  1.55466e+01
9.044268304e-01  1.5470081e+01         -inf  6.89329e+05  1.54701e+01  1.54701e+01
9.080445377e-01  1.5400320e+01         -inf  6.89329e+05  1.54003e+01  1.54003e+01
9.116767158e-01  1.5349468e+01         -inf  6.89329e+05  1.53495e+01  1.53495e+01
9.153234227e-01  1.5315781e+01         -inf  6.89329e+05  1.53158e+01  1.53158e+01
9.189847164e-01  1.5294295e+01         -inf  6.89329e+05  1.52943e+01  1.52943e+01
9.226606552e-01  1.5280123e+01         -inf  6.89329e+05  1.52801e+01  1.52801e+01
9.263512979e-01  1.5269323e+01         -inf  6.89329e+05  1.52693e+01  1.52693e+01
9.300567031e-01  1.5259774e+01         -inf  6.89329e+05  1.52598e+01  1.52598e+01
9.337769299e-01  1.5244351e+01         -inf  6.89329e+05  1.52444e+01  1.52444e+01
9.375120376e-01  1.5256553e+01         -inf  6.89329e+05  1.52566e+01  1.52566e+01
9.412620857e-01  1.5306080e+01         -inf  6.89329e+05  1.53061e+01  1.53061e+01
9.450271341e-01  1.5331090e+01         -inf  6.89329e+05  1.53311e+01  1.53311e+01
9.488072426e-01  1.5260001e+01         -inf  6.89329e+05  1.52600e+01  1.52600e+01
9.526024716e-01  1.5196112e+01         -inf  6.89329e+05  1.51961e+01  1.51961e+01
9.564128815e-01  1.5170268e+01         -inf  6.89329e+05  1.51703e+01  1.51703e+01
9.602385330e-01  1.5143932e+01         -inf  6.89329e+05  1.51439e+01  1.51439e+01
9.640794871e-01  1.5126614e+01         -inf  6.89329e+05  1.51266e+01  1.51266e+01
9.679358051e-01  1.5109069e+01         -inf  6.89329e+05  1.51091e+01  1.51091e+01
9.718075483e-01  1.5090993e+01         -inf  6.89329e+05  1.50910e+01  1.50910e+01
9.756947785e-01  1.5076782e+01         -inf  6.89329e+05  1.50768e+01  1.50768e+01
9.795975576e-01  1.5066286e+01         -inf  6.89329e+05  1.50663e+01  1.50663e+01
9.835159478e-01  1.5061094e+01         -inf  6.89329e+05  1.50611e+01  1.50611e+01
9.874500116e-01  1.5074319e+01         -inf  6.89329e+05  1.50743e+01  1.50743e+01
9.913998117e-01  1.5143629e+01         -inf  6.89329e+05  1.51436e+01  1.51436e+01
9.953654109e-01  1.5106227e+01         -inf  6.89329e+05  1.51062e+01  1.51062e+01
9.993468726e-01  1.5048286e+01         -inf  6.89329e+05  1.50483e+01  1.50483e+01
1.003344260e+00  1.5021532e+01         -inf  6.89329e+05  1.50215e+01  1.50215e+01
1.007357637e+00  1.5006070e+01         -inf  6.89329e+05  1.50061e+01  1.50061e+01
1.011387068e+00  1.4994171e+01         -inf  6.89329e+05  1.49942e+01  1.49942e+01
1.015432616e+00  1.4983826e+01         -inf  6.89329e+05  1.49838e+01  1.49838e+01
1.019494346e+00  1.4973821e+01         -inf  6.89329e+05  1.49738e+01  1.49738e+01
1.023572324e+00  1.4964689e+01         -inf  6.89329e+05  1.49647e+01  1.49647e+01
1.027666613e+00  1.4955973e+01         -inf  6.89329e+05  1.49560e+01  1.49560e+01
1.031777280e+00  1.4948052e+01         -inf  6.89329e+05  1.49481e+01  1.49481e+01
1.035904389e+00  1.4945248e+01         -inf  6.89329e+05  1.49452e+01  1.49452e+01
1.040048006e+00  1.4943998e+01         -inf  6.89329e+05  1.49440e+01  1.49440e+01
1.044208198e+00  1.4968402e+01         -inf  6.89329e+05  1.49684e+01  1.49684e+01
1.048385031e+00  1.4994512e+01         -inf  6.89329e+05  1.49945e+01  1.49945e+01
1.052578571e+00  1.5003683e+01         -inf  6.89329e+05  1.50037e+01  1.50037e+01
1.056788885e+00  1.4995611e+01         -inf  6.89329e+05  1.49956e+01  1.49956e+01
1.061016041e+00  1.5021115e+01         -inf  6.89329e+05  1.50211e+01  1.50211e+01
1.065260105e+00  1.5066172e+01         -inf  6.89329e+05  1.50662e+01  1.50662e+01
1.069521146e+00  1.5019675e+01         -inf  6.89329e+05  1.50197e+01  1.50197e+01
1.073799230e+00  1.4951653e+01         -inf  6.89329e+05  1.49517e+01  1.49517e+01
1.078094427e+00  1.4910612e+01         -inf  6.89329e+05  1.49106e+01  1.49106e+01
1.082406805e+00  1.4886017e+01         -inf  6.89329e+05  1.48860e+01  1.48860e+01
1.086736432e+00  1.4869608e+01         -inf  6.89329e+05  1.48696e+01  1.48696e+01
1.091083378e+00  1.4858088e+01         -inf  6.89329e+05  1.48581e+01  1.48581e+01
1.095447711e+00  1.4848993e+01         -inf  6.89329e+05  1.48490e+01  1.48490e+01
1.099829502e+00  1.4836032e+01         -inf  6.89329e+05  1.48360e+01  1.48360e+01
1.104228820e+00  1.4829779e+01         -inf  6.89329e+05  1.48298e+01  1.48298e+01
1.108645735e+00  1.4824777e+01         -inf  6.89329e+05  1.48248e+01  1.48248e+01
1.113080318e+00  1.4823375e+01         -inf  6.89329e+05  1.48234e+01  1.48234e+01
1.117532640e+00  1.4821101e+01         -inf  6.89329e+05  1.48211e+01  1.48211e+01
1.122002770e+00  1.4823678e+01         -inf  6.89329e+05  1.48237e+01  1.48237e+01
1.126490781e+00  1.4830423e+01         -inf  6.89329e+05  1.48304e+01  1.48304e+01
1.130996744e+00  1.4825156e+01         -inf  6.89329e+05  1.48252e+01  1.48252e+01
1.135520731e+00  1.4826975e+01         -inf  6.89329e+05  1.48270e+01  1.48270e+01
1.140062814e+00  1.4801850e+01         -inf  6.89329e+05  1.48018e+01  1.48018e+01
1.144623065e+00  1.4796582e+01         -inf  6.89329e+05  1.47966e+01  1.47966e+01
1.149201558e+00  1.4804351e+01         -inf  6.89329e+05  1.48044e+01  1.48044e+01
1.153798364e+00  1.4828339e+01         -inf  6.89329e+05  1.48283e+01  1.48283e+01
1.158413557e+00  1.4812044e+01         -inf  6.89329e+05  1.48120e+01  1.48120e+01
1.163047212e+00  1.4830651e+01         -inf  6.89329e+05  1.48307e+01  1.48307e+01
1.167699401e+00  1.4802911e+01         -inf  6.89329e+05  1.48029e+01  1.48029e+01
1.172370198e+00  1.4783280e+01         -inf  6.89329e+05  1.47833e+01  1.47833e+01
1.177059679e+00  1.4766606e+01         -inf  6.89329e+05  1.47666e+01  1.47666e+01
1.181767918e+00  1.4756412e+01         -inf  6.89329e+05  1.47564e+01  1.47564e+01
1.186494989e+00  1.4749287e+01         -inf  6.89329e+05  1.47493e+01  1.47493e+01
1.191240969e+00  1.4742125e+01         -inf  6.89329e+05  1.47421e+01  1.47421e+01
1.196005933e+00  1.4733711e+01         -inf  6.89329e+05  1.47337e+01  1.47337e+01
1.200789957e+00  1.4797681e+01         -inf  6.89329e+05  1.47977e+01  1.47977e+01
1.205593117e+00  1.5102665e+01         -inf  6.89329e+05  1.51027e+01  1.51027e+01
1.210415489e+00  1.4885941e+01         -inf  6.89329e+05  1.48859e+01  1.48859e+01
1.215257151e+00  1.4767781e+01         -inf  6.89329e+05  1.47678e+01  1.47678e+01
1.220118180e+00  1.5022365e+01         -inf  6.89329e+05  1.50224e+01  1.50224e+01
1.224998652e+00  1.4853578e+01         -inf  6.89329e+05  1.48536e+01  1.48536e+01
1.229898647e+00  1.4747923e+01         -inf  6.89329e+05  1.47479e+01  1.47479e+01
1.234818242e+00  1.4751485e+01         -inf  6.89329e+05  1.47515e+01  1.47515e+01
1.239757515e+00  1.4760732e+01         -inf  6.89329e+05  1.47607e+01  1.47607e+01
1.244716545e+00  1.4791390e+01         -inf  6.89329e+05  1.47914e+01  1.47914e+01
1.249695411e+00  1.4879234e+01         -inf  6.89329e+05  1.48792e+01  1.48792e+01
1.254694192e+00  1.5034075e+01         -inf  6.89329e+05  1.50341e+01  1.50341e+01
1.259712969e+00  1.5535521e+01         -inf  6.89329e+05  1.55355e+01  1.55355e+01
1.264751821e+00  1.6299228e+01         -inf  6.89329e+05  1.62992e+01  1.62992e+01
1.269810828e+00  1.7316694e+01         -inf  6.89329e+05  1.73167e+01  1.73167e+01
1.274890072e+00  1.5514150e+01         -inf  6.89329e+05  1.55141e+01  1.55141e+01
1.279989632e+00  1.5067347e+01         -inf  6.89329e+05  1.50673e+01  1.50673e+01
1.285109591e+00  1.4790708e+01         -inf  6.89329e+05  1.47907e+01  1.47907e+01
1.290250029e+00  1.4746331e+01         -inf  6.89329e+05  1.47463e+01  1.47463e+01
1.295411029e+00  1.4700855e+01         -inf  6.89329e+05  1.47009e+01  1.47009e+01
1.300592673e+00  1.4660305e+01         -inf  6.89329e+05  1.46603e+01  1.46603e+01
1.305795044e+00  1.4651172e+01         -inf  6.89329e+05  1.46512e+01  1.46512e+01
1.311018224e+00  1.4669059e+01         -inf  6.89329e+05  1.46691e+01  1.46691e+01
1.316262297e+00  1.4761035e+01         -inf  6.89329e+05  1.47610e+01  1.47610e+01
1.321527346e+00  1.4719386e+01         -inf  6.89329e+05  1.47194e+01  1.47194e+01
1.326813455e+00  1.4655757e+01         -inf  6.89329e+05  1.46558e+01  1.46558e+01
1.332120709e+00  1.4727837e+01         -inf  6.89329e+05  1.47278e+01  1.47278e+01
1.337449192e+00  1.4701878e+01         -inf  6.89329e+05  1.47019e+01  1.47019e+01
1.342798989e+00  1.4719197e+01         -inf  6.89329e+05  1.47192e+01  1.47192e+01
1.348170185e+00  1.4674895e+01         -inf  6.89329e+05  1.46749e+01  1.46749e+01
1.353562866e+00  1.4674933e+01         -inf  6.89329e+05  1.46749e+01  1.46749e+01
1.358977117e+00  1.4687174e+01         -inf  6.89329e+05  1.46872e+01  1.46872e+01
1.364413026e+00  1.4679746e+01         -inf  6.89329e+05  1.46797e+01  1.46797e+01
1.369870678e+00  1.4672811e+01         -inf  6.89329e+05  1.46728e+01  1.46728e+01
1.375350160e+00  1.4680352e+01         -inf  6.89329e+05  1.46804e+01  1.46804e+01
1.380851561e+00  1.4684028e+01         -inf  6.89329e+05  1.46840e+01  1.46840e+01
1.386374967e+00  1.4684407e+01         -inf  6.89329e+05  1.46844e+01  1.46844e+01
1.391920467e+00  1.4674440e+01         -inf  6.89329e+05  1.46744e+01  1.46744e+01
1.397488149e+00  1.4670044e+01         -inf  6.89329e+05  1.46700e+01  1.46700e+01
1.403078102e+00  1.4672129e+01         -inf  6.89329e+05  1.46721e+01  1.46721e+01
1.408690414e+00  1.4668187e+01         -inf  6.89329e+05  1.46682e+01  1.46682e+01
1.414325176e+00  1.4635141e+01         -inf  6.89329e+05  1.46351e+01  1.46351e+01
1.419982476e+00  1.4620626e+01         -inf  6.89329e+05  1.46206e+01  1.46206e+01
1.425662406e+00  1.4612668e+01         -inf  6.89329e+05  1.46127e+01  1.46127e+01
1.431365056e+00  1.6680631e+01         -inf  6.89329e+05  1.66806e+01  1.66806e+01
1.437090516e+00  1.6132748e+01         -inf  6.89329e+05  1.61327e+01  1.61327e+01
1.442838878e+00  1.5493347e+01         -inf  6.89329e+05  1.54933e+01  1.54933e+01
1.448610234e+00  1.4841641e+01         -inf  6.89329e+05  1.48416e+01  1.48416e+01
1.454404675e+00  1.4606225e+01         -inf  6.89329e+05  1.46062e+01  1.46062e+01
1.460222293e+00  1.4579697e+01         -inf  6.89329e+05  1.45797e+01  1.45797e+01
1.466063182e+00  1.4575149e+01         -inf  6.89329e+05  1.45751e+01  1.45751e+01
1.471927435e+00  1.4732309e+01         -inf  6.89329e+05  1.47323e+01  1.47323e+01
1.477815145e+00  1.4695966e+01         -inf  6.89329e+05  1.46960e+01  1.46960e+01
1.483726405e+00  1.4603838e+01         -inf  6.89329e+05  1.46038e+01  1.46038e+01
1.489661311e+00  1.4574505e+01         -inf  6.89329e+05  1.45745e+01  1.45745e+01
1.495619956e+00  1.4605505e+01         -inf  6.89329e+05  1.46055e+01  1.46055e+01
1.501602436e+00  1.4580644e+01         -inf  6.89329e+05  1.45806e+01  1.45806e+01
1.507608846e+00  1.4559800e+01         -inf  6.89329e+05  1.45598e+01  1.45598e+01
1.513639281e+00  1.4559497e+01         -inf  6.89329e+05  1.45595e+01  1.45595e+01
1.519693838e+00  1.4562340e+01         -inf  6.89329e+05  1.45623e+01  1.45623e+01
1.525772614e+00  1.4600351e+01         -inf  6.89329e+05  1.46004e+01  1.46004e+01
1.531875704e+00  1.4765999e+01         -inf  6.89329e+05  1.47660e+01  1.47660e+01
1.538003207e+00  1.4838647e+01         -inf  6.89329e+05  1.48386e+01  1.48386e+01
1.544155220e+00  1.4709192e+01         -inf  6.89329e+05  1.47092e+01  1.47092e+01
1.550331841e+00  1.4552941e+01         -inf  6.89329e+05  1.45529e+01  1.45529e+01
1.556533168e+00  1.4548052e+01         -inf  6.89329e+05  1.45481e+01  1.45481e+01
1.562759301e+00  1.4552562e+01         -inf  6.89329e+05  1.45526e+01  1.45526e+01
1.569010338e+00  1.5248709e+01         -inf  6.89329e+05  1.52487e+01  1.52487e+01
1.575286379e+00  1.5661359e+01         -inf  6.89329e+05  1.56614e+01  1.56614e+01
1.581587525e+00  1.5175687e+01         -inf  6.89329e+05  1.51757e+01  1.51757e+01
1.587913875e+00  1.4609939e+01         -inf  6.89329e+05  1.46099e+01  1.46099e+01
1.594265530e+00  1.4591331e+01         -inf  6.89329e+05  1.45913e+01  1.45913e+01
1.600642593e+00  1.5587395e+01         -inf  6.89329e+05  1.55874e+01  1.55874e+01
1.607045163e+00  1.5576292e+01         -inf  6.89329e+05  1.55763e+01  1.55763e+01
1.613473344e+00  1.5138248e+01         -inf  6.89329e+05  1.51382e+01  1.51382e+01
1.619927237e+00  1.4653521e+01         -inf  6.89329e+05  1.46535e+01  1.46535e+01
1.626406946e+00  1.4607665e+01         -inf  6.89329e+05  1.46077e+01  1.46077e+01
1.632912574e+00  1.4680163e+01         -inf  6.89329e+05  1.46802e+01  1.46802e+01
1.639444224e+00  1.4850660e+01         -inf  6.89329e+05  1.48507e+01  1.48507e+01
1.646002001e+00  1.4879461e+01         -inf  6.89329e+05  1.48795e+01  1.48795e+01
1.652586009e+00  1.4808860e+01         -inf  6.89329e+05  1.48089e+01  1.48089e+01
1.659196353e+00  1.4626159e+01         -inf  6.89329e+05  1.46262e+01  1.46262e+01
1.665833138e+00  1.5029262e+01         -inf  6.89329e+05  1.50293e+01  1.50293e+01
1.672496471e+00  1.4615889e+01         -inf  6.89329e+05  1.46159e+01  1.46159e+01
1.679186457e+00  1.4646662e+01         -inf  6.89329e+05  1.46467e+01  1.46467e+01
1.685903203e+00  1.4649997e+01         -inf  6.89329e+05  1.46500e+01  1.46500e+01
1.692646815e+00  1.4648974e+01         -inf  6.89329e+05  1.46490e+01  1.46490e+01
1.699417403e+00  1.4658637e+01         -inf  6.89329e+05  1.46586e+01  1.46586e+01
1.706215072e+00  1.4792641e+01         -inf  6.89329e+05  1.47926e+01  1.47926e+01
1.713039933e+00  1.4655947e+01         -inf  6.89329e+05  1.46559e+01  1.46559e+01
1.719892092e+00  1.4637415e+01         -inf  6.89329e+05  1.46374e+01  1.46374e+01
1.726771661e+00  1.4744133e+01         -inf  6.89329e+05  1.47441e+01  1.47441e+01
1.733678747e+00  1.4635596e+01         -inf  6.89329e+05  1.46356e+01  1.46356e+01
1.740613462e+00  1.4592051e+01         -inf  6.89329e+05  1.45921e+01  1.45921e+01
1.747575916e+00  1.4563590e+01         -inf  6.89329e+05  1.45636e+01  1.45636e+01
1.754566220e+00  1.4558284e+01         -inf  6.89329e+05  1.45583e+01  1.45583e+01
1.761584485e+00  1.4558057e+01         -inf  6.89329e+05  1.45581e+01  1.45581e+01
1.768630823e+00  1.4604747e+01         -inf  6.89329e+05  1.46047e+01  1.46047e+01
1.775705346e+00  1.4641584e+01         -inf  6.89329e+05  1.46416e+01  1.46416e+01
1.782808167e+00  1.4586064e+01         -inf  6.89329e+05  1.45861e+01  1.45861e+01
1.789939400e+00  1.4692480e+01         -inf  6.89329e+05  1.46925e+01  1.46925e+01
1.797099158e+00  1.4571170e+01         -inf  6.89329e+05  1.45712e+01  1.45712e+01
1.804287554e+00  1.4571397e+01         -inf  6.89329e+05  1.45714e+01  1.45714e+01
1.811504704e+00  1.4576627e+01         -inf  6.89329e+05  1.45766e+01  1.45766e+01
1.818750723e+00  1.4554722e+01         -inf  6.89329e+05  1.45547e+01  1.45547e+01
1.826025726e+00  1.4530429e+01         -inf  6.89329e+05  1.45304e+01  1.45304e+01
1.833329829e+00  1.4523873e+01         -inf  6.89329e+05  1.45239e+01  1.45239e+01
1.840663148e+00  1.4525995e+01         -inf  6.89329e+05  1.45260e+01  1.45260e+01
1.848025801e+00  1.4520917e+01         -inf  6.89329e+05  1.45209e+01  1.45209e+01
1.855417904e+00  1.4518075e+01         -inf  6.89329e+05  1.45181e+01  1.45181e+01
1.862839576e+00  1.4514247e+01         -inf  6.89329e+05  1.45142e+01  1.45142e+01
1.870290934e+00  1.4537478e+01         -inf  6.89329e+05  1.45375e+01  1.45375e+01
1.877772098e+00  1.4864075e+01         -inf  6.89329e+05  1.48641e+01  1.48641e+01
1.885283186e+00  1.4883023e+01         -inf  6.89329e+05  1.48830e+01  1.48830e+01
1.892824319e+00  1.4575680e+01         -inf  6.89329e+05  1.45757e+01  1.45757e+01
1.900395616e+00  1.4519401e+01         -inf  6.89329e+05  1.45194e+01  1.45194e+01
1.907997199e+00  1.4511973e+01         -inf  6.89329e+05  1.45120e+01  1.45120e+01
1.915629188e+00  1.4504242e+01         -inf  6.89329e+05  1.45042e+01  1.45042e+01
1.923291704e+00  1.4501627e+01         -inf  6.89329e+05  1.45016e+01  1.45016e+01
1.930984871e+00  1.4500869e+01         -inf  6.89329e+05  1.45009e+01  1.45009e+01
1.938708811e+00  1.4709003e+01         -inf  6.89329e+05  1.47090e+01  1.47090e+01
1.946463646e+00  1.6470364e+01         -inf  6.89329e+05  1.64704e+01  1.64704e+01
1.954249500e+00  1.9914422e+01         -inf  6.89329e+05  1.99144e+01  1.99144e+01
1.962066498e+00  1.9020188e+01         -inf  6.89329e+05  1.90202e+01  1.90202e+01
1.969914764e+00  1.7803642e+01         -inf  6.89329e+05  1.78036e+01  1.78036e+01
1.977794423e+00  1.5452650e+01         -inf  6.89329e+05  1.54527e+01  1.54527e+01
1.985705601e+00  1.4871048e+01         -inf  6.89329e+05  1.48710e+01  1.48710e+01
1.993648424e+00  1.5628166e+01         -inf  6.89329e+05  1.56282e+01  1.56282e+01
2.001623017e+00  2.2373506e+01         -inf  6.89329e+05  2.23735e+01  2.23735e+01
2.009629509e+00  2.2781684e+01         -inf  6.89329e+05  2.27817e+01  2.27817e+01
2.017668027e+00  2.1277268e+01         -inf  6.89329e+05  2.12773e+01  2.12773e+01
2.025738699e+00  1.7253507e+01         -inf  6.89329e+05  1.72535e+01  1.72535e+01
2.033841654e+00  1.6295932e+01         -inf  6.89329e+05  1.62959e+01  1.62959e+01
2.041977021e+00  1.6344845e+01         -inf  6.89329e+05  1.63448e+01  1.63448e+01
2.050144929e+00  1.8214612e+01         -inf  6.89329e+05  1.82146e+01  1.82146e+01
2.058345509e+00  1.8391340e+01         -inf  6.89329e+05  1.83913e+01  1.83913e+01
2.066578891e+00  1.8075340e+01         -inf  6.89329e+05  1.80753e+01  1.80753e+01
2.074845206e+00  1.6975372e+01         -inf  6.89329e+05  1.69754e+01  1.69754e+01
2.083144587e+00  1.6114864e+01         -inf  6.89329e+05  1.61149e+01  1.61149e+01
2.091477165e+00  1.5539575e+01         -inf  6.89329e+05  1.55396e+01  1.55396e+01
2.099843074e+00  1.5015430e+01         -inf  6.89329e+05  1.50154e+01  1.50154e+01
2.108242446e+00  1.4888783e+01         -inf  6.89329e+05  1.48888e+01  1.48888e+01
2.116675416e+00  1.4760770e+01         -inf  6.89329e+05  1.47608e+01  1.47608e+01
2.125142118e+00  1.4604368e+01         -inf  6.89329e+05  1.46044e+01  1.46044e+01
2.133642686e+00  1.4527587e+01         -inf  6.89329e+05  1.45276e+01  1.45276e+01
2.142177257e+00  1.4672735e+01         -inf  6.89329e+05  1.46727e+01  1.46727e+01
2.150745966e+00  1.4828263e+01         -inf  6.89329e+05  1.48283e+01  1.48283e+01
2.159348950e+00  1.4792413e+01         -inf  6.89329e+05  1.47924e+01  1.47924e+01
2.167986346e+00  1.4746028e+01         -inf  6.89329e+05  1.47460e+01  1.47460e+01
2.176658291e+00  1.4681375e+01         -inf  6.89329e+05  1.46814e+01  1.46814e+01
2.185364924e+00  1.4562036e+01         -inf  6.89329e+05  1.45620e+01  1.45620e+01
2.194106384e+00  1.4629115e+01         -inf  6.89329e+05  1.46291e+01  1.46291e+01
2.202882810e+00  1.5203160e+01         -inf  6.89329e+05  1.52032e+01  1.52032e+01
2.211694341e+00  1.4589701e+01         -inf  6.89329e+05  1.45897e+01  1.45897e+01
2.220541118e+00  1.4736856e+01         -inf  6.89329e+05  1.47369e+01  1.47369e+01
2.229423283e+00  1.4871085e+01         -inf  6.89329e+05  1.48711e+01  1.48711e+01
2.238340976e+00  1.4945664e+01         -inf  6.89329e+05  1.49457e+01  1.49457e+01
2.247294340e+00  1.5091295e+01         -inf  6.89329e+05  1.50913e+01  1.50913e+01
2.256283517e+00  1.5220780e+01         -inf  6.89329e+05  1.52208e+01  1.52208e+01
2.265308651e+00  1.5282661e+01         -inf  6.89329e+05  1.52827e+01  1.52827e+01
2.274369886e+00  1.5436886e+01         -inf  6.89329e+05  1.54369e+01  1.54369e+01
2.283467365e+00  1.5424495e+01         -inf  6.89329e+05  1.54245e+01  1.54245e+01
2.292601235e+00  1.5663139e+01         -inf  6.89329e+05  1.56631e+01  1.56631e+01
2.301771640e+00  1.5950993e+01         -inf  6.89329e+05  1.59510e+01  1.59510e+01
2.310978726e+00  1.5061434e+01         -inf  6.89329e+05  1.50614e+01  1.50614e+01
2.320222641e+00  1.5862595e+01         -inf  6.89329e+05  1.58626e+01  1.58626e+01
2.329503532e+00  1.5407101e+01         -inf  6.89329e+05  1.54071e+01  1.54071e+01
2.338821546e+00  1.5795453e+01         -inf  6.89329e+05  1.57955e+01  1.57955e+01
2.348176832e+00  1.6054013e+01         -inf  6.89329e+05  1.60540e+01  1.60540e+01
2.357569539e+00  1.5532487e+01         -inf  6.89329e+05  1.55325e+01  1.55325e+01
2.366999817e+00  1.5719558e+01         -inf  6.89329e+05  1.57196e+01  1.57196e+01
2.376467817e+00  1.5798673e+01         -inf  6.89329e+05  1.57987e+01  1.57987e+01
2.385973688e+00  1.5153327e+01         -inf  6.89329e+05  1.51533e+01  1.51533e+01
2.395517583e+00  1.5185650e+01         -inf  6.89329e+05  1.51857e+01  1.51857e+01
2.405099653e+00  1.4895033e+01         -inf  6.89329e+05  1.48950e+01  1.48950e+01
2.414720052e+00  1.4719193e+01         -inf  6.89329e+05  1.47192e+01  1.47192e+01
2.424378932e+00  1.4866080e+01         -inf  6.89329e+05  1.48661e+01  1.48661e+01
2.434076448e+00  1.4677733e+01         -inf  6.89329e+05  1.46777e+01  1.46777e+01
2.443812753e+00  1.4602885e+01         -inf  6.89329e+05  1.46029e+01  1.46029e+01
2.453588004e+00  1.4568512e+01         -inf  6.89329e+05  1.45685e+01  1.45685e+01
2.463402356e+00  1.4532812e+01         -inf  6.89329e+05  1.45328e+01  1.45328e+01
2.473255966e+00  1.4608531e+01         -inf  6.89329e+05  1.46085e+01  1.46085e+01
2.483148990e+00  1.5983345e+01         -inf  6.89329e+05  1.59833e+01  1.59834e+01
2.493081586e+00  1.5493795e+01         -inf  6.89329e+05  1.54938e+01  1.54938e+01
2.503053912e+00  1.5151276e+01         -inf  6.89329e+05  1.51513e+01  1.51513e+01
2.513066128e+00  1.4767508e+01         -inf  6.89329e+05  1.47675e+01  1.47675e+01
2.523118392e+00  1.4608302e+01         -inf  6.89329e+05  1.46083e+01  1.46083e+01
2.533210866e+00  1.4545354e+01         -inf  6.89329e+05  1.45454e+01  1.45454e+01
2.543343709e+00  1.4512687e+01         -inf  6.89329e+05  1.45127e+01  1.45127e+01
2.553517084e+00  1.4559227e+01         -inf  6.89329e+05  1.45592e+01  1.45592e+01
2.563731152e+00  1.4752238e+01         -inf  6.89329e+05  1.47522e+01  1.47522e+01
2.573986077e+00  1.4728933e+01         -inf  6.89329e+05  1.47289e+01  1.47289e+01
2.584282021e+00  1.4863579e+01         -inf  6.89329e+05  1.48636e+01  1.48636e+01
2.594619149e+00  1.5086480e+01         -inf  6.89329e+05  1.50865e+01  1.50865e+01
2.604997626e+00  1.4959191e+01         -inf  6.89329e+05  1.49592e+01  1.49592e+01
2.615417616e+00  1.4960062e+01         -inf  6.89329e+05  1.49601e+01  1.49601e+01
2.625879287e+00  1.4753679e+01         -inf  6.89329e+05  1.47537e+01  1.47537e+01
2.636382804e+00  1.4645634e+01         -inf  6.89329e+05  1.46456e+01  1.46456e+01
2.646928335e+00  1.4617741e+01         -inf  6.89329e+05  1.46177e+01  1.46177e+01
2.657516049e+00  1.5442831e+01         -inf  6.89329e+05  1.54428e+01  1.54428e+01
2.668146113e+00  2.6271180e+01         -inf  6.89329e+05  2.62712e+01  2.62712e+01
2.678818697e+00  3.6545061e+01         -inf  6.89329e+05  3.65451e+01  3.65451e+01
2.689533972e+00  3.5115161e+01         -inf  6.89329e+05  3.51152e+01  3.51152e+01
2.700292108e+00  3.6122084e+01         -inf  6.89329e+05  3.61221e+01  3.61221e+01
2.711093276e+00  3.2611199e+01         -inf  6.89329e+05  3.26112e+01  3.26112e+01
2.721937650e+00  2.5901470e+01         -inf  6.89329e+05  2.59015e+01  2.59015e+01
2.732825400e+00  2.3921368e+01         -inf  6.89329e+05  2.39214e+01  2.39214e+01
2.743756702e+00  2.8219165e+01         -inf  6.89329e+05  2.82192e+01  2.82192e+01
2.754731729e+00  3.3880664e+01         -inf  6.89329e+05  3.38807e+01  3.38807e+01
2.765750655e+00  3.2700083e+01         -inf  6.89329e+05  3.27001e+01  3.27001e+01
2.776813658e+00  3.5043877e+01         -inf  6.89329e+05  3.50439e+01  3.50439e+01
2.787920913e+00  3.2698911e+01         -inf  6.89329e+05  3.26989e+01  3.26989e+01
2.799072596e+00  2.8961015e+01         -inf  6.89329e+05  2.89610e+01  2.89610e+01
2.810268887e+00  2.6478511e+01         -inf  6.89329e+05  2.64785e+01  2.64785e+01
2.821509962e+00  2.3574754e+01         -inf  6.89329e+05  2.35748e+01  2.35748e+01
2.832796002e+00  2.0306000e+01         -inf  6.89329e+05  2.03060e+01  2.03060e+01
2.844127186e+00  1.9894707e+01         -inf  6.89329e+05  1.98947e+01  1.98947e+01
2.855503695e+00  1.8241844e+01         -inf  6.89329e+05  1.82418e+01  1.82419e+01
2.866925710e+00  1.7559345e+01         -inf  6.89329e+05  1.75593e+01  1.75594e+01
2.878393413e+00  1.6576796e+01         -inf  6.89329e+05  1.65768e+01  1.65769e+01
2.889906986e+00  1.6070759e+01         -inf  6.89329e+05  1.60708e+01  1.60708e+01
2.901466614e+00  1.5229972e+01         -inf  6.89329e+05  1.52300e+01  1.52301e+01
2.913072481e+00  1.4705641e+01         -inf  6.89329e+05  1.47056e+01  1.47057e+01
2.924724770e+00  1.4558705e+01         -inf  6.89329e+05  1.45587e+01  1.45588e+01
2.936423670e+00  1.4496468e+01         -inf  6.89329e+05  1.44965e+01  1.44966e+01
2.948169364e+00  1.4564981e+01         -inf  6.89329e+05  1.45650e+01  1.45651e+01
2.959962042e+00  1.4885961e+01         -inf  6.89329e+05  1.48860e+01  1.48861e+01
2.971801890e+00  1.5004342e+01         -inf  6.89329e+05  1.50043e+01  1.50045e+01
2.983689097e+00  1.5130106e+01         -inf  6.89329e+05  1.51301e+01  1.51303e+01
2.995623854e+00  1.4747877e+01         -inf  6.89329e+05  1.47479e+01  1.47480e+01
3.007606349e+00  1.4704891e+01         -inf  6.89329e+05  1.47049e+01  1.47051e+01
3.019636775e+00  1.4711172e+01         -inf  6.89329e+05  1.47112e+01  1.47114e+01
3.031715322e+00  1.4537285e+01         -inf  6.89329e+05  1.45373e+01  1.45375e+01
3.043842183e+00  1.4489900e+01         -inf  6.89329e+05  1.44899e+01  1.44901e+01
3.056017552e+00  1.4497807e+01         -inf  6.89329e+05  1.44978e+01  1.44980e+01
3.068241622e+00  1.4479981e+01         -inf  6.89329e+05  1.44800e+01  1.44802e+01
3.080514588e+00  1.4469545e+01         -inf  6.89329e+05  1.44695e+01  1.44698e+01
3.092836647e+00  1.4468393e+01         -inf  6.89329e+05  1.44684e+01  1.44687e+01
3.105207993e+00  1.4484635e+01         -inf  6.89329e+05  1.44846e+01  1.44849e+01
3.117628825e+00  1.4663042e+01         -inf  6.89329e+05  1.46630e+01  1.46633e+01
3.130099341e+00  1.5571850e+01         -inf  6.89329e+05  1.55718e+01  1.55722e+01
3.142619738e+00  1.5098505e+01         -inf  6.89329e+05  1.50985e+01  1.50988e+01
3.155190217e+00  1.5296713e+01         -inf  6.89329e+05  1.52967e+01  1.52971e+01
3.167810978e+00  1.5099075e+01         -inf  6.89329e+05  1.50991e+01  1.50994e+01
3.180482222e+00  1.5676561e+01         -inf  6.89329e+05  1.56766e+01  1.56769e+01
3.193204151e+00  1.5622847e+01         -inf  6.89329e+05  1.56228e+01  1.56232e+01
3.205976967e+00  1.5762155e+01         -inf  6.89329e+05  1.57622e+01  1.57626e+01
3.218800875e+00  1.6348752e+01         -inf  6.89329e+05  1.63488e+01  1.63492e+01
3.231676079e+00  1.6124105e+01         -inf  6.89329e+05  1.61241e+01  1.61246e+01
3.244602783e+00  1.6644251e+01         -inf  6.89329e+05  1.66443e+01  1.66447e+01
3.257581194e+00  1.6695637e+01         -inf  6.89329e+05  1.66956e+01  1.66961e+01
3.270611519e+00  2.1152527e+01         -inf  6.89329e+05  2.11525e+01  2.11531e+01
3.283693965e+00  1.9692076e+01         -inf  6.89329e+05  1.96921e+01  1.96927e+01
3.296828741e+00  1.9119061e+01         -inf  6.89329e+05  1.91191e+01  1.91197e+01
3.310016056e+00  2.1944753e+01         -inf  6.89329e+05  2.19448e+01  2.19452e+01
3.323256120e+00  2.0005888e+01         -inf  6.89329e+05  2.00059e+01  2.00064e+01
3.336549144e+00  1.5955200e+01         -inf  6.89329e+05  1.59552e+01  1.59560e+01
3.349895341e+00  1.5735788e+01         -inf  6.89329e+05  1.57358e+01  1.57366e+01
3.363294922e+00  1.6717422e+01         -inf  6.89329e+05  1.67174e+01  1.67182e+01
3.376748102e+00  1.6539538e+01         -inf  6.89329e+05  1.65395e+01  1.65403e+01
3.390255094e+00  1.6624363e+01         -inf  6.89329e+05  1.66244e+01  1.66252e+01
3.403816115e+00  1.6432331e+01         -inf  6.89329e+05  1.64323e+01  1.64332e+01
3.417431379e+00  1.5658455e+01         -inf  6.89329e+05  1.56585e+01  1.56595e+01
3.431101105e+00  1.5785444e+01         -inf  6.89329e+05  1.57854e+01  1.57865e+01
3.444825509e+00  1.5595460e+01         -inf  6.89329e+05  1.55955e+01  1.55966e+01
3.458604811e+00  1.5339604e+01         -inf  6.89329e+05  1.53396e+01  1.53408e+01
3.472439231e+00  1.5685879e+01         -inf  6.89329e+05  1.56859e+01  1.56872e+01
3.486328987e+00  1.5533658e+01         -inf  6.89329e+05  1.55337e+01  1.55350e+01
3.500274303e+00  1.5114201e+01         -inf  6.89329e+05  1.51142e+01  1.51157e+01
3.514275401e+00  1.4767852e+01         -inf  6.89329e+05  1.47679e+01  1.47694e+01
3.528332502e+00  1.5011793e+01         -inf  6.89329e+05  1.50118e+01  1.50134e+01
3.542445832e+00  1.5639609e+01         -inf  6.89329e+05  1.56396e+01  1.56413e+01
3.556615616e+00  1.5037878e+01         -inf  6.89329e+05  1.50379e+01  1.50397e+01
3.570842078e+00  1.7533003e+01         -inf  6.89329e+05  1.75330e+01  1.75348e+01
3.585125446e+00  1.6548858e+01         -inf  6.89329e+05  1.65489e+01  1.65508e+01
3.599465948e+00  1.6206039e+01         -inf  6.89329e+05  1.62060e+01  1.62081e+01
3.613863812e+00  1.6107681e+01         -inf  6.89329e+05  1.61077e+01  1.61099e+01
3.628319267e+00  1.5480542e+01         -inf  6.89329e+05  1.54805e+01  1.54829e+01
3.642832544e+00  1.5342400e+01         -inf  6.89329e+05  1.53424e+01  1.53448e+01
3.657403874e+00  1.4926454e+01         -inf  6.89329e+05  1.49265e+01  1.49291e+01
3.672033490e+00  1.4864642e+01         -inf  6.89329e+05  1.48646e+01  1.48674e+01
3.686721624e+00  1.4890382e+01         -inf  6.89329e+05  1.48904e+01  1.48933e+01
3.701468510e+00  1.4719537e+01         -inf  6.89329e+05  1.47195e+01  1.47226e+01
3.716274384e+00  1.4759371e+01         -inf  6.89329e+05  1.47594e+01  1.47626e+01
3.731139482e+00  1.4803854e+01         -inf  6.89329e+05  1.48039e+01  1.48072e+01
3.746064040e+00  1.4693968e+01         -inf  6.89329e+05  1.46940e+01  1.46975e+01
3.761048296e+00  1.4627430e+01         -inf  6.89329e+05  1.46274e+01  1.46311e+01
3.776092489e+00  1.4645513e+01         -inf  6.89329e+05  1.46455e+01  1.46494e+01
3.791196859e+00  1.4790777e+01         -inf  6.89329e+05  1.47908e+01  1.47948e+01
3.806361647e+00  1.4864931e+01         -inf  6.89329e+05  1.48649e+01  1.48692e+01
3.821587093e+00  1.4714611e+01         -inf  6.89329e+05  1.47146e+01  1.47191e+01
3.836873442e+00  1.4892974e+01         -inf  6.89329e+05  1.48930e+01  1.48977e+01
3.852220935e+00  1.5126835e+01         -inf  6.89329e+05  1.51268e+01  1.51317e+01
3.867629819e+00  1.5869996e+01         -inf  6.89329e+05  1.58700e+01  1.58748e+01
3.883100338e+00  1.6401038e+01         -inf  6.89329e+05  1.64010e+01  1.64058e+01
3.898632740e+00  1.5838494e+01         -inf  6.89329e+05  1.58385e+01  1.58438e+01
3.914227271e+00  1.6135893e+01         -inf  6.89329e+05  1.61359e+01  1.61413e+01
3.929884180e+00  1.5843842e+01         -inf  6.89329e+05  1.58438e+01  1.58496e+01
3.945603716e+00  1.5412261e+01         -inf  6.89329e+05  1.54123e+01  1.54185e+01
3.961386131e+00  1.5115776e+01         -inf  6.89329e+05  1.51158e+01  1.51224e+01
3.977231676e+00  1.5203582e+01         -inf  6.89329e+05  1.52036e+01  1.52105e+01
3.993140603e+00  1.5175922e+01         -inf  6.89329e+05  1.51759e+01  1.51832e+01
4.009113165e+00  1.5447546e+01         -inf  6.89329e+05  1.54475e+01  1.54550e+01
4.025149618e+00  1.5860524e+01         -inf  6.89329e+05  1.58605e+01  1.58682e+01
4.041250216e+00  1.6317553e+01         -inf  6.89329e+05  1.63176e+01  1.63253e+01
4.057415217e+00  1.6304007e+01         -inf  6.89329e+05  1.63040e+01  1.63121e+01
4.073644878e+00  1.6700856e+01         -inf  6.89329e+05  1.67009e+01  1.67090e+01
4.089939457e+00  1.6987901e+01         -inf  6.89329e+05  1.69879e+01  1.69961e+01
4.106299215e+00  1.7017255e+01         -inf  6.89329e+05  1.70173e+01  1.70258e+01
4.122724412e+00  1.7130623e+01         -inf  6.89329e+05  1.71306e+01  1.71394e+01
4.139215310e+00  1.7315226e+01         -inf  6.89329e+05  1.73152e+01  1.73242e+01
4.155772171e+00  1.7515350e+01         -inf  6.89329e+05  1.75153e+01  1.75234e+01
4.172395260e+00  1.9792504e+01         -inf  6.89329e+05  1.97925e+01  1.97961e+01
4.189084841e+00  2.8629539e+01         -inf  6.89329e+05  2.86295e+01  2.86304e+01
4.205841180e+00  4.1468863e+01         -inf  6.89329e+05  4.14689e+01  4.14698e+01
4.222664545e+00  4.9722706e+01         -inf  6.89329e+05  4.97227e+01  4.97248e+01
4.239555203e+00  5.2752124e+01         -inf  6.89329e+05  5.27521e+01  5.27548e+01
4.256513424e+00  5.0759709e+01         -inf  6.89329e+05  5.07597e+01  5.07620e+01
4.273539477e+00  5.2982924e+01         -inf  6.89329e+05  5.29829e+01  5.29857e+01
4.290633635e+00  5.2203112e+01         -inf  6.89329e+05  5.22031e+01  5.22059e+01
4.307796170e+00  5.0093989e+01         -inf  6.89329e+05  5.00940e+01  5.00964e+01
4.325027355e+00  4.6829151e+01         -inf  6.89329e+05  4.68292e+01  4.68310e+01
4.342327464e+00  4.4203719e+01         -inf  6.89329e+05  4.42037e+01  4.42053e+01
4.359696774e+00  4.1366917e+01         -inf  6.89329e+05  4.13669e+01  4.13683e+01
4.377135561e+00  3.7881260e+01         -inf  6.89329e+05  3.78813e+01  3.78825e+01
4.394644103e+00  3.6476984e+01         -inf  6.89329e+05  3.64770e+01  3.64781e+01
4.412222680e+00  3.4881378e+01         -inf  6.89329e+05  3.48814e+01  3.48825e+01
4.429871570e+00  3.2612842e+01         -inf  6.89329e+05  3.26128e+01  3.26142e+01
4.447591057e+00  2.8836697e+01         -inf  6.89329e+05  2.88367e+01  2.88391e+01
4.465381421e+00  2.6523073e+01         -inf  6.89329e+05  2.65231e+01  2.65264e+01
4.483242946e+00  2.4514232e+01         -inf  6.89329e+05  2.45142e+01  2.45190e+01
4.501175918e+00  2.2192670e+01         -inf  6.89329e+05  2.21927e+01  2.22020e+01
4.519180622e+00  2.3045635e+01         -inf  6.89329e+05  2.30456e+01  2.30534e+01
4.537257344e+00  2.2083604e+01         -inf  6.89329e+05  2.20836e+01  2.20941e+01
4.555406374e+00  2.0680863e+01         -inf  6.89329e+05  2.06809e+01  2.06962e+01
4.573627999e+00  1.9287802e+01         -inf  6.89329e+05  1.92878e+01  1.93091e+01
4.591922511e+00  1.7514878e+01         -inf  6.89329e+05  1.75149e+01  1.75432e+01
4.610290201e+00  1.6580801e+01         -inf  6.89329e+05  1.65808e+01  1.66132e+01
4.628731362e+00  1.5855325e+01         -inf  6.89329e+05  1.58553e+01  1.58902e+01
4.647246288e+00  1.5490947e+01         -inf  6.89329e+05  1.54909e+01  1.55278e+01
4.665835273e+00  1.5261508e+01         -inf  6.89329e+05  1.52615e+01  1.53001e+01
4.684498614e+00  1.8446239e+01         -inf  6.89329e+05  1.84462e+01  1.84858e+01
4.703236608e+00  2.8846993e+01         -inf  6.89329e+05  2.88470e+01  2.88811e+01
4.722049555e+00  2.9247088e+01         -inf  6.89329e+05  2.92471e+01  2.92825e+01
4.740937753e+00  2.6566034e+01         -inf  6.89329e+05  2.65660e+01  2.66045e+01
4.759901504e+00  2.8502980e+01         -inf  6.89329e+05  2.85030e+01  2.85429e+01
4.778941110e+00  2.7318322e+01         -inf  6.89329e+05  2.73183e+01  2.73572e+01
4.798056874e+00  2.4961017e+01         -inf  6.89329e+05  2.49610e+01  2.50000e+01
4.817249102e+00  2.4835213e+01         -inf  6.89329e+05  2.48352e+01  2.48619e+01
4.836518098e+00  2.2930997e+01         -inf  6.89329e+05  2.29310e+01  2.29654e+01
4.855864171e+00  2.0848979e+01         -inf  6.89329e+05  2.08490e+01  2.08827e+01
4.875287627e+00  1.9172531e+01         -inf  6.89329e+05  1.91725e+01  1.92139e+01
4.894788778e+00  1.7703557e+01         -inf  6.89329e+05  1.77036e+01  1.77552e+01
4.914367933e+00  1.7521593e+01         -inf  6.89329e+05  1.75216e+01  1.75794e+01
4.934025405e+00  1.6382217e+01         -inf  6.89329e+05  1.63822e+01  1.64473e+01
4.953761506e+00  1.6004695e+01         -inf  6.89329e+05  1.60047e+01  1.60724e+01
4.973576552e+00  1.5479320e+01         -inf  6.89329e+05  1.54793e+01  1.55502e+01
4.993470859e+00  1.5140520e+01         -inf  6.89329e+05  1.51405e+01  1.52146e+01
5.013444742e+00  1.4823873e+01         -inf  6.89329e+05  1.48239e+01  1.49009e+01
5.033498521e+00  1.4681335e+01         -inf  6.89329e+05  1.46813e+01  1.47613e+01
5.053632515e+00  1.4587750e+01         -inf  6.89329e+05  1.45877e+01  1.46707e+01
5.073847045e+00  1.4615256e+01         -inf  6.89329e+05  1.46153e+01  1.47008e+01
5.094142433e+00  1.4697591e+01         -inf  6.89329e+05  1.46976e+01  1.47853e+01
5.114519003e+00  1.4679299e+01         -inf  6.89329e+05  1.46793e+01  1.47702e+01
5.134977079e+00  1.4538350e+01         -inf  6.89329e+05  1.45383e+01  1.46332e+01
5.155516987e+00  1.4722849e+01         -inf  6.89329e+05  1.47228e+01  1.48194e+01
5.176139055e+00  1.7199538e+01         -inf  6.89329e+05  1.71995e+01  1.72802e+01
5.196843612e+00  1.5406971e+01         -inf  6.89329e+05  1.54070e+01  1.55005e+01
5.217630986e+00  1.5927483e+01         -inf  6.89329e+05  1.59275e+01  1.60168e+01
5.238501510e+00  1.5544124e+01         -inf  6.89329e+05  1.55441e+01  1.56384e+01
5.259455516e+00  1.5280289e+01         -inf  6.89329e+05  1.52803e+01  1.53813e+01
5.280493338e+00  1.4888794e+01         -inf  6.89329e+05  1.48888e+01  1.49966e+01
5.301615311e+00  1.4689087e+01         -inf  6.89329e+05  1.46891e+01  1.48008e+01
5.322821773e+00  1.4874448e+01         -inf  6.89329e+05  1.48744e+01  1.49870e+01
5.344113060e+00  1.4681574e+01         -inf  6.89329e+05  1.46816e+01  1.47945e+01
5.365489512e+00  1.4732671e+01         -inf  6.89329e+05  1.47327e+01  1.48458e+01
5.386951470e+00  1.4767907e+01         -inf  6.89329e+05  1.47679e+01  1.48814e+01
5.408499276e+00  1.4835450e+01         -inf  6.89329e+05  1.48354e+01  1.49493e+01
5.430133273e+00  1.4884572e+01         -inf  6.89329e+05  1.48846e+01  1.49994e+01
5.451853806e+00  1.4936932e+01         -inf  6.89329e+05  1.49369e+01  1.50523e+01
5.473661221e+00  1.5175095e+01         -inf  6.89329e+05  1.51751e+01  1.52907e+01
5.495555866e+00  1.5399462e+01         -inf  6.89329e+05  1.53995e+01  1.55151e+01
5.517538090e+00  1.5447709e+01         -inf  6.89329e+05  1.54477e+01  1.55639e+01
5.539608242e+00  1.5292407e+01         -inf  6.89329e+05  1.52924e+01  1.54090e+01
5.561766675e+00  1.4938005e+01         -inf  6.89329e+05  1.49380e+01  1.50552e+01
5.584013742e+00  1.5106423e+01         -inf  6.89329e+05  1.51064e+01  1.52244e+01
5.606349797e+00  1.5255040e+01         -inf  6.89329e+05  1.52550e+01  1.53738e+01
5.628775196e+00  1.5178490e+01         -inf  6.89329e+05  1.51785e+01  1.52982e+01
5.651290297e+00  1.5009246e+01         -inf  6.89329e+05  1.50092e+01  1.51300e+01
5.673895458e+00  1.4953749e+01         -inf  6.89329e+05  1.49537e+01  1.50755e+01
5.696591040e+00  1.4918718e+01         -inf  6.89329e+05  1.49187e+01  1.50415e+01
5.719377404e+00  1.5745226e+01         -inf  6.89329e+05  1.57452e+01  1.58690e+01
5.742254913e+00  1.8305333e+01         -inf  6.89329e+05  1.83053e+01  1.84289e+01
5.765223933e+00  1.7644982e+01         -inf  6.89329e+05  1.76450e+01  1.77695e+01
5.788284829e+00  1.6767068e+01         -inf  6.89329e+05  1.67671e+01  1.68930e+01
5.811437968e+00  1.6896892e+01         -inf  6.89329e+05  1.68969e+01  1.70236e+01
5.834683720e+00  1.7205552e+01         -inf  6.89329e+05  1.72056e+01  1.73332e+01
5.858022455e+00  1.6897099e+01         -inf  6.89329e+05  1.68971e+01  1.70266e+01
5.881454545e+00  1.6373721e+01         -inf  6.89329e+05  1.63737e+01  1.65056e+01
5.904980363e+00  1.5854405e+01         -inf  6.89329e+05  1.58544e+01  1.59888e+01
5.928600284e+00  1.5485408e+01         -inf  6.89329e+05  1.54854e+01  1.56224e+01
5.952314685e+00  1.5327187e+01         -inf  6.89329e+05  1.53272e+01  1.54668e+01
5.976123944e+00  1.5273991e+01         -inf  6.89329e+05  1.52740e+01  1.54169e+01
6.000028440e+00  1.5362507e+01         -inf  6.89329e+05  1.53625e+01  1.55090e+01
6.024028554e+00  1.5470431e+01         -inf  6.89329e+05  1.54704e+01  1.56209e+01
6.048124668e+00  1.5637365e+01         -inf  6.89329e+05  1.56374e+01  1.57924e+01
6.072317167e+00  1.5810548e+01         -inf  6.89329e+05  1.58105e+01  1.59704e+01
6.096606435e+00  1.5972598e+01         -inf  6.89329e+05  1.59726e+01  1.61376e+01
6.120992861e+00  1.6158461e+01         -inf  6.89329e+05  1.61585e+01  1.63292e+01
6.145476832e+00  1.6287649e+01         -inf  6.89329e+05  1.62876e+01  1.64646e+01
6.170058740e+00  1.6423712e+01         -inf  6.89329e+05  1.64237e+01  1.66074e+01
6.194738975e+00  1.6515732e+01         -inf  6.89329e+05  1.65157e+01  1.67060e+01
6.219517931e+00  1.6586003e+01         -inf  6.89329e+05  1.65860e+01  1.67825e+01
6.244396002e+00  1.6612865e+01         -inf  6.89329e+05  1.66129e+01  1.68153e+01
6.269373586e+00  1.6590284e+01         -inf  6.89329e+05  1.65903e+01  1.67978e+01
6.294451081e+00  1.6653945e+01         -inf  6.89329e+05  1.66539e+01  1.68660e+01
6.319628885e+00  1.6639540e+01         -inf  6.89329e+05  1.66395e+01  1.68554e+01
6.344907401e+00  1.6768908e+01         -inf  6.89329e+05  1.67689e+01  1.69877e+01
6.370287030e+00  1.6905735e+01         -inf  6.89329e+05  1.69057e+01  1.71270e+01
6.395768178e+00  1.7126357e+01         -inf  6.89329e+05  1.71264e+01  1.73500e+01
6.421351251e+00  1.7330464e+01         -inf  6.89329e+05  1.73305e+01  1.75574e+01
6.447036656e+00  1.7305547e+01         -inf  6.89329e+05  1.73055e+01  1.75386e+01
6.472824803e+00  1.7148275e+01         -inf  6.89329e+05  1.71483e+01  1.73902e+01
6.498716102e+00  1.7207615e+01         -inf  6.89329e+05  1.72076e+01  1.74586e+01
6.524710966e+00  1.6522855e+01         -inf  6.89329e+05  1.65229e+01  1.67874e+01
6.550809810e+00  1.6169157e+01         -inf  6.89329e+05  1.61692e+01  1.64462e+01
6.577013049e+00  1.6024613e+01         -inf  6.89329e+05  1.60246e+01  1.63139e+01
6.603321102e+00  1.5901977e+01         -inf  6.89329e+05  1.59020e+01  1.62044e+01
6.629734386e+00  1.5788225e+01         -inf  6.89329e+05  1.57882e+01  1.61045e+01
6.656253324e+00  1.5705177e+01         -inf  6.89329e+05  1.57052e+01  1.60360e+01
6.682878337e+00  1.5555195e+01         -inf  6.89329e+05  1.55552e+01  1.59019e+01
6.709609850e+00  1.5423970e+01         -inf  6.89329e+05  1.54240e+01  1.57875e+01
6.736448290e+00  1.5339365e+01         -inf  6.89329e+05  1.53394e+01  1.57202e+01
6.763394083e+00  1.5129704e+01         -inf  6.89329e+05  1.51297e+01  1.55300e+01
6.790447659e+00  1.5194336e+01         -inf  6.89329e+05  1.51943e+01  1.56139e+01
6.817609450e+00  1.4938173e+01         -inf  6.89329e+05  1.49382e+01  1.53802e+01
6.844879888e+00  1.4816738e+01         -inf  6.89329e+05  1.48167e+01  1.52814e+01
6.872259407e+00  1.4706487e+01         -inf  6.89329e+05  1.47065e+01  1.51942e+01
6.899748445e+00  1.4680707e+01         -inf  6.89329e+05  1.46807e+01  1.51921e+01
6.927347438e+00  1.4484593e+01         -inf  6.89329e+05  1.44846e+01  1.50229e+01
6.955056828e+00  1.4323229e+01         -inf  6.89329e+05  1.43232e+01  1.48900e+01
6.982877056e+00  1.4329452e+01         -inf  6.89329e+05  1.43295e+01  1.49252e+01
7.010808564e+00  1.4268021e+01         -inf  6.89329e+05  1.42680e+01  1.48952e+01
7.038851798e+00  1.4141858e+01         -inf  6.89329e+05  1.41419e+01  1.48036e+01
7.067007205e+00  1.4071067e+01         -inf  6.89329e+05  1.40711e+01  1.47675e+01
7.095275234e+00  1.3992985e+01         -inf  6.89329e+05  1.39930e+01  1.47273e+01
7.123656335e+00  1.3919628e+01         -inf  6.89329e+05  1.39196e+01  1.46926e+01
7.152150960e+00  1.3919662e+01         -inf  6.89329e+05  1.39197e+01  1.47344e+01
7.180759564e+00  1.3918401e+01         -inf  6.89329e+05  1.39184e+01  1.47766e+01
7.209482602e+00  1.4027126e+01         -inf  6.89329e+05  1.40271e+01  1.49285e+01
7.238320533e+00  1.4194811e+01         -inf  6.89329e+05  1.41948e+01  1.51355e+01
7.267273815e+00  1.4453862e+01         -inf  6.89329e+05  1.44539e+01  1.54296e+01
7.296342910e+00  1.4378870e+01         -inf  6.89329e+05  1.43789e+01  1.54005e+01
7.325528282e+00  1.4889135e+01         -inf  6.89329e+05  1.48891e+01  1.59245e+01
7.354830395e+00  1.5483506e+01         -inf  6.89329e+05  1.54835e+01  1.65141e+01
7.384249717e+00  1.6217104e+01         -inf  6.89329e+05  1.62171e+01  1.72288e+01
7.413786715e+00  1.5704272e+01         -inf  6.89329e+05  1.57043e+01  1.67912e+01
7.443441862e+00  1.6438212e+01         -inf  6.89329e+05  1.64382e+01  1.75109e+01
7.473215630e+00  1.5985885e+01         -inf  6.89329e+05  1.59859e+01  1.71277e+01
7.503108492e+00  1.6396174e+01         -inf  6.89329e+05  1.63962e+01  1.75383e+01
7.533120926e+00  1.5738293e+01         -inf  6.89329e+05  1.57383e+01  1.69656e+01
7.563253410e+00  1.4786164e+01         -inf  6.89329e+05  1.47862e+01  1.61261e+01
7.593506424e+00  1.4892433e+01         -inf  6.89329e+05  1.48924e+01  1.62518e+01
7.623880449e+00  1.5894046e+01         -inf  6.89329e+05  1.58940e+01  1.71800e+01
7.654375971e+00  2.0441053e+01         -inf  6.89329e+05  2.04411e+01  2.13575e+01
7.684993475e+00  2.0806981e+01         -inf  6.89329e+05  2.08070e+01  2.16608e+01
7.715733449e+00  1.9290131e+01         -inf  6.89329e+05  1.92901e+01  2.03199e+01
7.746596383e+00  1.7823718e+01         -inf  6.89329e+05  1.78237e+01  1.90248e+01
7.777582768e+00  1.6655235e+01         -inf  6.89329e+05  1.66552e+01  1.80287e+01
7.808693099e+00  1.7431095e+01         -inf  6.89329e+05  1.74311e+01  1.87386e+01
7.839927872e+00  1.8037999e+01         -inf  6.89329e+05  1.80380e+01  1.92790e+01
7.871287583e+00  1.8090234e+01         -inf  6.89329e+05  1.80902e+01  1.93405e+01
7.902772733e+00  1.7102005e+01         -inf  6.89329e+05  1.71020e+01  1.84866e+01
7.934383824e+00  1.6419151e+01         -inf  6.89329e+05  1.64192e+01  1.79173e+01
7.966121360e+00  1.5230907e+01         -inf  6.89329e+05  1.52309e+01  1.68996e+01
7.997985845e+00  1.4554643e+01         -inf  6.89329e+05  1.45546e+01  1.63289e+01
8.029977788e+00  1.4438725e+01         -inf  6.89329e+05  1.44387e+01  1.62629e+01
8.062097700e+00  1.3834689e+01         -inf  6.89329e+05  1.38347e+01  1.57671e+01
8.094346090e+00  1.3551479e+01         -inf  6.89329e+05  1.35515e+01  1.55468e+01
8.126723475e+00  1.3148038e+01         -inf  6.89329e+05  1.31480e+01  1.52224e+01
8.159230369e+00  1.2874341e+01         -inf  6.89329e+05  1.28743e+01  1.50084e+01
8.191867290e+00  1.2966877e+01         -inf  6.89329e+05  1.29669e+01  1.51353e+01
8.224634759e+00  1.2693611e+01         -inf  6.89329e+05  1.26936e+01  1.49229e+01
8.257533298e+00  1.2734431e+01         -inf  6.89329e+05  1.27344e+01  1.50080e+01
8.290563432e+00  1.2631834e+01         -inf  6.89329e+05  1.26318e+01  1.49573e+01
8.323725685e+00  1.2821493e+01         -inf  6.89329e+05  1.28215e+01  1.51873e+01
8.357020588e+00  1.2973176e+01         -inf  6.89329e+05  1.29732e+01  1.53818e+01
8.390448670e+00  1.3295432e+01         -inf  6.89329e+05  1.32954e+01  1.57376e+01
8.424010465e+00  1.3527451e+01         -inf  6.89329e+05  1.35275e+01  1.60092e+01
8.457706507e+00  1.3848244e+01         -inf  6.89329e+05  1.38482e+01  1.63598e+01
8.491537333e+00  1.4057267e+01         -inf  6.89329e+05  1.40573e+01  1.66213e+01
8.525503482e+00  1.4247536e+01         -inf  6.89329e+05  1.42475e+01  1.68663e+01
8.559605496e+00  1.4184776e+01         -inf  6.89329e+05  1.41848e+01  1.68747e+01
8.593843918e+00  1.4424893e+01         -inf  6.89329e+05  1.44249e+01  1.71459e+01
8.628219294e+00  1.4675840e+01         -inf  6.89329e+05  1.46758e+01  1.74334e+01
8.662732171e+00  1.4546056e+01         -inf  6.89329e+05  1.45461e+01  1.73544e+01
8.697383100e+00  1.5262718e+01         -inf  6.89329e+05  1.52627e+01  1.81256e+01
8.732172632e+00  1.5265777e+01         -inf  6.89329e+05  1.52658e+01  1.81953e+01
8.767101323e+00  1.5300723e+01         -inf  6.89329e+05  1.53007e+01  1.82936e+01
8.802169728e+00  1.6309046e+01         -inf  6.89329e+05  1.63090e+01  1.93466e+01
8.837378407e+00  1.6404612e+01         -inf  6.89329e+05  1.64046e+01  1.94900e+01
8.872727920e+00  1.6027118e+01         -inf  6.89329e+05  1.60271e+01  1.91688e+01
8.908218832e+00  1.6084274e+01         -inf  6.89329e+05  1.60843e+01  1.92853e+01
8.943851707e+00  1.6189246e+01         -inf  6.89329e+05  1.61892e+01  1.94522e+01
8.979627114e+00  1.5697821e+01         -inf  6.89329e+05  1.56978e+01  1.90361e+01
9.015545623e+00  1.5074298e+01         -inf  6.89329e+05  1.50743e+01  1.84922e+01
9.051607805e+00  1.5591927e+01         -inf  6.89329e+05  1.55919e+01  1.90690e+01
9.087814236e+00  1.5560111e+01         -inf  6.89329e+05  1.55601e+01  1.91105e+01
9.124165493e+00  1.5605272e+01         -inf  6.89329e+05  1.56053e+01  1.92434e+01
9.160662155e+00  1.5963217e+01         -inf  6.89329e+05  1.59632e+01  1.96865e+01
9.197304804e+00  1.6830671e+01         -inf  6.89329e+05  1.68307e+01  2.05747e+01
9.234094023e+00  1.6290749e+01         -inf  6.89329e+05  1.62907e+01  2.00392e+01
9.271030399e+00  1.6121184e+01         -inf  6.89329e+05  1.61212e+01  1.98961e+01
9.308114521e+00  1.6872292e+01         -inf  6.89329e+05  1.68723e+01  2.07235e+01
9.345346979e+00  1.9546761e+01         -inf  6.89329e+05  1.95468e+01  2.34356e+01
9.382728367e+00  2.7943334e+01         -inf  6.89329e+05  2.79433e+01  3.15019e+01
9.420259280e+00  3.3871473e+01         -inf  6.89329e+05  3.38715e+01  3.66814e+01
9.457940318e+00  3.5663986e+01         -inf  6.89329e+05  3.56640e+01  3.81340e+01
9.495772079e+00  3.6703908e+01         -inf  6.89329e+05  3.67039e+01  3.89352e+01
9.533755167e+00  3.5337129e+01         -inf  6.89329e+05  3.53371e+01  3.78953e+01
9.571890188e+00  2.9667315e+01         -inf  6.89329e+05  2.96673e+01  3.32626e+01
9.610177749e+00  3.5343355e+01         -inf  6.89329e+05  3.53434e+01  3.80192e+01
9.648618460e+00  3.6427033e+01         -inf  6.89329e+05  3.64270e+01  3.91674e+01
9.687212933e+00  3.5025042e+01         -inf  6.89329e+05  3.50250e+01  3.80936e+01
9.725961785e+00  3.3804010e+01         -inf  6.89329e+05  3.38040e+01  3.69454e+01
9.764865632e+00  3.4245048e+01         -inf  6.89329e+05  3.42450e+01  3.74356e+01
9.803925095e+00  3.3307878e+01         -inf  6.89329e+05  3.33079e+01  3.67202e+01
9.843140795e+00  3.1905336e+01         -inf  6.89329e+05  3.19053e+01  3.55955e+01
9.882513358e+00  3.0106082e+01         -inf  6.89329e+05  3.01061e+01  3.41555e+01
9.922043412e+00  2.8160084e+01         -inf  6.89329e+05  2.81601e+01  3.25458e+01
9.961731585e+00  2.6502164e+01         -inf  6.89329e+05  2.65022e+01  3.11826e+01
1.000157851e+01  2.4050425e+01         -inf  6.89329e+05  2.40504e+01  2.90130e+01
1.004158483e+01  2.0838154e+01         -inf  6.89329e+05  2.08382e+01  2.60854e+01
1.008175117e+01  1.9105673e+01         -inf  6.89329e+05  1.91057e+01  2.45491e+01
1.012207817e+01  1.6575277e+01         -inf  6.89329e+05  1.65753e+01  2.22271e+01
1.016256648e+01  1.4526786e+01         -inf  6.89329e+05  1.45268e+01  2.03032e+01
1.020321675e+01  1.2573607e+01         -inf  6.89329e+05  1.25736e+01  1.84255e+01
1.024402962e+01  1.1256105e+01         -inf  6.89329e+05  1.12561e+01  1.71833e+01
1.028500573e+01  1.0339091e+01         -inf  6.89329e+05  1.03391e+01  1.63383e+01
1.032614576e+01  9.5391589e+00         -inf  6.89329e+05  9.53916e+00  1.56443e+01
1.036745034e+01  8.8346654e+00         -inf  6.89329e+05  8.83467e+00  1.51540e+01
1.040892014e+01  8.3511894e+00         -inf  6.89329e+05  8.35119e+00  1.47936e+01
1.045055582e+01  8.4286945e+00         -inf  6.89329e+05  8.42869e+00  1.49141e+01
1.049235805e+01  8.2237256e+00         -inf  6.89329e+05  8.22373e+00  1.48030e+01
1.053432748e+01  8.1210747e+00         -inf  6.89329e+05  8.12107e+00  1.47896e+01
1.057646479e+01  7.9897158e+00         -inf  6.89329e+05  7.98972e+00  1.47681e+01
1.061877065e+01  7.8340499e+00         -inf  6.89329e+05  7.83405e+00  1.47333e+01
1.066124573e+01  7.6681231e+00         -inf  6.89329e+05  7.66812e+00  1.46954e+01
1.070389071e+01  7.4872016e+00         -inf  6.89329e+05  7.48720e+00  1.46458e+01
1.074670627e+01  7.3098537e+00         -inf  6.89329e+05  7.30985e+00  1.45966e+01
1.078969310e+01  7.1475574e+00         -inf  6.89329e+05  7.14756e+00  1.45561e+01
1.083285187e+01  6.9921622e+00         -inf  6.89329e+05  6.99216e+00  1.45243e+01
1.087618328e+01  6.8637826e+00         -inf  6.89329e+05  6.86378e+00  1.45060e+01
1.091968801e+01  6.7384718e+00         -inf  6.89329e+05  6.73847e+00  1.44889e+01
1.096336676e+01  6.6188522e+00         -inf  6.89329e+05  6.61885e+00  1.44825e+01
1.100722023e+01  6.5058761e+00         -inf  6.89329e+05  6.50588e+00  1.44773e+01
1.105124911e+01  6.3901648e+00         -inf  6.89329e+05  6.39016e+00  1.44745e+01
1.109545411e+01  6.2794672e+00         -inf  6.89329e+05  6.27947e+00  1.44754e+01
1.113983593e+01  6.1567029e+00         -inf  6.89329e+05  6.15670e+00  1.44669e+01
1.118439527e+01  6.0355067e+00         -inf  6.89329e+05  6.03551e+00  1.44606e+01
1.122913285e+01  5.9128842e+00         -inf  6.89329e+05  5.91288e+00  1.44581e+01
1.127404938e+01  5.7887029e+00         -inf  6.89329e+05  5.78870e+00  1.44530e+01
1.131914558e+01  5.6668534e+00         -inf  6.89329e+05  5.66685e+00  1.44534e+01
1.136442216e+01  5.5405091e+00         -inf  6.89329e+05  5.54051e+00  1.44527e+01
1.140987985e+01  5.4145467e+00         -inf  6.89329e+05  5.41455e+00  1.44535e+01
1.145551937e+01  5.2868332e+00         -inf  6.89329e+05  5.28683e+00  1.44524e+01
1.150134145e+01  5.1587277e+00         -inf  6.89329e+05  5.15873e+00  1.44525e+01
1.154734681e+01  5.0260175e+00         -inf  6.89329e+05  5.02602e+00  1.44589e+01
1.159353620e+01  4.8932143e+00         -inf  6.89329e+05  4.89321e+00  1.44654e+01
1.163991035e+01  4.7643677e+00         -inf  6.89329e+05  4.76437e+00  1.44575e+01
1.168646999e+01  4.6345583e+00         -inf  6.89329e+05  4.63456e+00  1.44643e+01
1.173321587e+01  4.5026965e+00         -inf  6.89329e+05  4.50270e+00  1.44694e+01
1.178014873e+01  4.3707728e+00         -inf  6.89329e+05  4.37077e+00  1.44764e+01
1.182726932e+01  4.2433806e+00         -inf  6.89329e+05  4.24338e+00  1.44903e+01
1.187457840e+01  4.1071235e+00         -inf  6.89329e+05  4.10712e+00  1.44937e+01
1.192207672e+01  3.9920676e+00         -inf  6.89329e+05  3.99207e+00  1.45202e+01
1.196976502e+01  3.8520941e+00         -inf  6.89329e+05  3.85209e+00  1.45252e+01
1.201764408e+01  3.7507988e+00         -inf  6.89329e+05  3.75080e+00  1.45755e+01
1.206571466e+01  3.6893539e+00         -inf  6.89329e+05  3.68935e+00  1.46888e+01
1.211397752e+01  3.5043292e+00         -inf  6.89329e+05  3.50433e+00  1.46280e+01
1.216243343e+01  3.4801834e+00         -inf  6.89329e+05  3.48018e+00  1.47444e+01
1.221108316e+01  3.3577521e+00         -inf  6.89329e+05  3.35775e+00  1.47493e+01
1.225992749e+01  3.3814809e+00         -inf  6.89329e+05  3.38148e+00  1.48811e+01
1.230896720e+01  3.3514134e+00         -inf  6.89329e+05  3.35141e+00  1.49526e+01
1.235820307e+01  3.3357017e+00         -inf  6.89329e+05  3.33570e+00  1.50396e+01
1.240763589e+01  3.4022246e+00         -inf  6.89329e+05  3.40222e+00  1.52174e+01
1.245726643e+01  3.2367736e+00         -inf  6.89329e+05  3.23677e+00  1.51867e+01
1.250709549e+01  3.3648688e+00         -inf  6.89329e+05  3.36487e+00  1.54755e+01
1.255712388e+01  3.0461464e+00         -inf  6.89329e+05  3.04615e+00  1.53700e+01
1.260735237e+01  4.9505950e+00         -inf  6.89329e+05  4.95059e+00  1.64270e+01
1.265778178e+01  4.1678218e+00         -inf  6.89329e+05  4.16782e+00  1.62805e+01
1.270841291e+01  2.9056585e+00         -inf  6.89329e+05  2.90566e+00  1.57822e+01
1.275924656e+01  3.3145614e+00         -inf  6.89329e+05  3.31456e+00  1.62347e+01
1.281028355e+01  3.1895508e+00         -inf  6.89329e+05  3.18955e+00  1.61841e+01
1.286152468e+01  3.6819678e+00         -inf  6.89329e+05  3.68197e+00  1.66944e+01
1.291297078e+01  3.5213824e+00         -inf  6.89329e+05  3.52138e+00  1.65138e+01
1.296462266e+01  5.0503110e+00         -inf  6.89329e+05  5.05031e+00  1.77290e+01
1.301648115e+01  4.4645719e+00         -inf  6.89329e+05  4.46457e+00  1.70498e+01
1.306854708e+01  5.5033870e+00         -inf  6.89329e+05  5.50339e+00  1.80759e+01
1.312082127e+01  5.5165549e+00         -inf  6.89329e+05  5.51655e+00  1.77747e+01
1.317330455e+01  6.5911520e+00         -inf  6.89329e+05  6.59115e+00  1.82223e+01
1.322599777e+01  8.8442255e+00         -inf  6.89329e+05  8.84423e+00  1.96989e+01
1.327890176e+01  8.5926785e+00         -inf  6.89329e+05  8.59268e+00  1.90853e+01
1.333201737e+01  1.1204323e+01         -inf  6.89329e+05  1.12043e+01  2.12251e+01
1.338534544e+01  1.0697747e+01         -inf  6.89329e+05  1.06977e+01  2.03774e+01
1.343888682e+01  1.3341514e+01         -inf  6.89329e+05  1.33415e+01  2.25855e+01
1.349264237e+01  1.9668956e+01         -inf  6.89329e+05  1.96690e+01  2.72279e+01
1.354661294e+01  1.5720683e+01         -inf  6.89329e+05  1.57207e+01  2.40308e+01
1.360079939e+01  1.6720294e+01         -inf  6.89329e+05  1.67203e+01  2.50069e+01
1.365520258e+01  1.6059044e+01         -inf  6.89329e+05  1.60590e+01  2.43898e+01
1.370982339e+01  1.6897261e+01         -inf  6.89329e+05  1.68973e+01  2.55305e+01
1.376466269e+01  1.4643599e+01         -inf  6.89329e+05  1.46436e+01  2.37143e+01
1.381972134e+01  1.7353830e+01         -inf  6.89329e+05  1.73538e+01  2.62021e+01
1.387500022e+01  3.0230784e+01         -inf  6.89329e+05  3.02308e+01  3.70185e+01
1.393050023e+01  2.0997251e+01         -inf  6.89329e+05  2.09973e+01  2.86697e+01
1.398622223e+01  1.9005519e+01         -inf  6.89329e+05  1.90055e+01  2.70426e+01
1.404216712e+01  2.0995204e+01         -inf  6.89329e+05  2.09952e+01  2.84716e+01
1.409833578e+01  2.1872140e+01         -inf  6.89329e+05  2.18721e+01  2.90735e+01
1.415472913e+01  2.3442459e+01         -inf  6.89329e+05  2.34425e+01  3.01813e+01
1.421134804e+01  2.6408096e+01         -inf  6.89329e+05  2.64081e+01  3.28358e+01
1.426819344e+01  2.7340669e+01         -inf  6.89329e+05  2.73407e+01  3.35454e+01
1.432526621e+01  2.8069185e+01         -inf  6.89329e+05  2.80692e+01  3.42363e+01
1.438256727e+01  3.0357249e+01         -inf  6.89329e+05  3.03572e+01  3.66628e+01
1.444009754e+01  3.1446171e+01         -inf  6.89329e+05  3.14462e+01  3.80509e+01
1.449785793e+01  3.1775743e+01         -inf  6.89329e+05  3.17757e+01  3.83299e+01
1.455584937e+01  3.2295573e+01         -inf  6.89329e+05  3.22956e+01  3.92508e+01
1.461407276e+01  3.3620730e+01         -inf  6.89329e+05  3.36207e+01  4.10513e+01
1.467252905e+01  3.3234053e+01         -inf  6.89329e+05  3.32341e+01  4.07101e+01
1.473121917e+01  3.3164964e+01         -inf  6.89329e+05  3.31650e+01  4.07652e+01
1.479014405e+01  3.3985843e+01         -inf  6.89329e+05  3.39858e+01  4.20072e+01
1.484930462e+01  3.3725889e+01         -inf  6.89329e+05  3.37259e+01  4.17483e+01
1.490870184e+01  3.5281790e+01         -inf  6.89329e+05  3.52818e+01  4.37262e+01
1.496833665e+01  4.6416443e+01         -inf  6.89329e+05  4.64164e+01  5.84717e+01
1.502821000e+01  3.5197781e+01         -inf  6.89329e+05  3.51978e+01  4.36708e+01
1.508832284e+01  3.5995980e+01         -inf  6.89329e+05  3.59960e+01  4.49450e+01
1.514867613e+01  3.2717257e+01         -inf  6.89329e+05  3.27173e+01  4.11441e+01
1.520927083e+01  3.1639907e+01         -inf  6.89329e+05  3.16399e+01  3.97381e+01
1.527010791e+01  3.2282808e+01         -inf  6.89329e+05  3.22828e+01  4.07924e+01
1.533118835e+01  3.3021190e+01         -inf  6.89329e+05  3.30212e+01  4.17861e+01
1.539251310e+01  3.5122297e+01         -inf  6.89329e+05  3.51223e+01  4.45056e+01
1.545408315e+01  3.1272203e+01         -inf  6.89329e+05  3.12722e+01  3.98333e+01
1.551589948e+01  3.0825546e+01         -inf  6.89329e+05  3.08255e+01  3.92727e+01
1.557796308e+01  2.8987438e+01         -inf  6.89329e+05  2.89874e+01  3.72892e+01
1.564027493e+01  2.7161544e+01         -inf  6.89329e+05  2.71615e+01  3.52885e+01
1.570283603e+01  2.7209896e+01         -inf  6.89329e+05  2.72099e+01  3.56567e+01
1.576564738e+01  2.5695264e+01         -inf  6.89329e+05  2.56953e+01  3.42476e+01
1.582870997e+01  2.3644885e+01         -inf  6.89329e+05  2.36449e+01  3.26175e+01
1.589202481e+01  2.2028236e+01         -inf  6.89329e+05  2.20282e+01  3.13781e+01
1.595559291e+01  1.8357322e+01         -inf  6.89329e+05  1.83573e+01  2.86995e+01
1.601941528e+01  1.7770742e+01         -inf  6.89329e+05  1.77707e+01  2.85684e+01
1.608349294e+01  1.2163726e+01         -inf  6.89329e+05  1.21637e+01  2.49021e+01
1.614782691e+01  1.5223094e+01         -inf  6.89329e+05  1.52231e+01  2.72143e+01
1.621241822e+01  2.5030187e+01         -inf  6.89329e+05  2.50302e+01  3.57142e+01
1.627726789e+01  1.2238738e+01         -inf  6.89329e+05  1.22387e+01  2.53965e+01
1.634237696e+01  9.1489603e+00         -inf  6.89329e+05  9.14896e+00  2.32897e+01
1.640774647e+01  1.1210058e+01         -inf  6.89329e+05  1.12101e+01  2.47693e+01
1.647337746e+01  1.0560580e+01         -inf  6.89329e+05  1.05606e+01  2.47315e+01
1.653927097e+01  8.6634862e+00         -inf  6.89329e+05  8.66349e+00  2.32625e+01
1.660542805e+01  7.3638564e+00         -inf  6.89329e+05  7.36386e+00  2.25607e+01
1.667184976e+01  6.2938316e+00         -inf  6.89329e+05  6.29383e+00  2.22733e+01
1.673853716e+01  1.2707905e+01         -inf  6.89329e+05  1.27079e+01  2.69946e+01
1.680549131e+01  5.1785317e+00         -inf  6.89329e+05  5.17853e+00  2.21353e+01
1.687271328e+01  2.9866959e+00         -inf  6.89329e+05  2.98670e+00  2.06331e+01
1.694020413e+01  2.4382591e+00         -inf  6.89329e+05  2.43826e+00  2.06981e+01
1.700796495e+01  7.5766110e-01         -inf  6.89329e+05  7.57661e-01  1.95978e+01
1.707599681e+01 -2.6353903e+00         -inf  6.89329e+05 -2.63539e+00  1.80922e+01
1.714430079e+01 -2.9925377e+00         -inf  6.89329e+05 -2.99254e+00  1.80942e+01
1.721287800e+01 -4.4559674e+00         -inf  6.89329e+05 -4.45597e+00  1.75001e+01
1.728172951e+01 -6.0685839e+00         -inf  6.89329e+05 -6.06858e+00  1.69048e+01
1.735085643e+01 -6.1697066e+00         -inf  6.89329e+05 -6.16971e+00  1.71436e+01
1.742025985e+01 -8.8830418e+00         -inf  6.89329e+05 -8.88304e+00  1.60030e+01
1.748994089e+01 -8.6063833e+00         -inf  6.89329e+05 -8.60638e+00  1.62035e+01
1.755990065e+01 -9.8233832e+00         -inf  6.89329e+05 -9.82338e+00  1.58447e+01
1.763014026e+01 -1.0773465e+01         -inf  6.89329e+05 -1.07735e+01  1.54631e+01
1.770066082e+01 -1.1240294e+01         -inf  6.89329e+05 -1.12403e+01  1.53737e+01
1.777146346e+01 -1.1757468e+01         -inf  6.89329e+05 -1.17575e+01  1.52882e+01
1.784254932e+01 -1.2713833e+01         -inf  6.89329e+05 -1.27138e+01  1.50014e+01
1.791391951e+01 -1.2901508e+01         -inf  6.89329e+05 -1.29015e+01  1.49277e+01
1.798557519e+01 -1.3367807e+01         -inf  6.89329e+05 -1.33678e+01  1.48214e+01
1.805751749e+01 -1.3826067e+01         -inf  6.89329e+05 -1.38261e+01  1.46961e+01
1.812974756e+01 -1.3932922e+01         -inf  6.89329e+05 -1.39329e+01  1.47389e+01
1.820226655e+01 -1.4425238e+01         -inf  6.89329e+05 -1.44252e+01  1.45911e+01
1.827507562e+01 -1.3842868e+01         -inf  6.89329e+05 -1.38429e+01  1.48529e+01
1.834817592e+01 -9.5078493e+00         -inf  6.89329e+05 -9.50785e+00  1.69623e+01
1.842156862e+01 -1.5043717e+01         -inf  6.89329e+05 -1.50437e+01  1.45159e+01
1.849525490e+01 -1.5326074e+01         -inf  6.89329e+05 -1.53261e+01  1.45122e+01
1.856923592e+01 -1.5243509e+01         -inf  6.89329e+05 -1.52435e+01  1.46229e+01
1.864351286e+01 -1.5370356e+01         -inf  6.89329e+05 -1.53704e+01  1.46447e+01
1.871808691e+01 -1.5526152e+01         -inf  6.89329e+05 -1.55262e+01  1.46530e+01
1.879295926e+01 -1.5724338e+01         -inf  6.89329e+05 -1.57243e+01  1.46175e+01
1.886813110e+01 -1.6097368e+01         -inf  6.89329e+05 -1.60974e+01  1.45369e+01
1.894360362e+01 -1.6026853e+01         -inf  6.89329e+05 -1.60269e+01  1.46455e+01
1.901937804e+01 -1.6358984e+01         -inf  6.89329e+05 -1.63590e+01  1.45828e+01
1.909545555e+01 -1.6656450e+01         -inf  6.89329e+05 -1.66564e+01  1.45173e+01
1.917183737e+01 -1.6750026e+01         -inf  6.89329e+05 -1.67500e+01  1.45712e+01
1.924852472e+01 -1.7087102e+01         -inf  6.89329e+05 -1.70871e+01  1.44965e+01
1.932551882e+01 -1.7211208e+01         -inf  6.89329e+05 -1.72112e+01  1.45222e+01
1.940282089e+01 -1.7446895e+01         -inf  6.89329e+05 -1.74469e+01  1.44968e+01
1.948043218e+01 -1.7662170e+01         -inf  6.89329e+05 -1.76622e+01  1.44798e+01
1.955835391e+01 -1.7822683e+01         -inf  6.89329e+05 -1.78227e+01  1.44879e+01
1.963658732e+01 -1.7967004e+01         -inf  6.89329e+05 -1.79670e+01  1.44995e+01
1.971513367e+01 -1.8186258e+01         -inf  6.89329e+05 -1.81863e+01  1.44844e+01
1.979399421e+01 -1.8394938e+01         -inf  6.89329e+05 -1.83949e+01  1.44710e+01
1.987317018e+01 -1.8574658e+01         -inf  6.89329e+05 -1.85747e+01  1.44708e+01
1.995266286e+01 -1.8751974e+01         -inf  6.89329e+05 -1.87520e+01  1.44721e+01
