# WARNING | PUMAS | Some species, CS2, do not have optimized correlated-k tables for the defined moderate resolutions, and will be analyzed at sub-par resolutions. In particular, there will be issues at the line cores.
# WARNING | GENERATOR | Too many electrons per pixel (up to 9.04e+13) detected in the 1.54-19.95 um spectral range. Reduce exposure time per frame to less than 0.000 seconds.
# ------------------------------------------------------------------------
# Radiance spectrum
# NASA-GSFC Planetary Spectrum Generator (PSG) (Villanueva et al. 2018, 2022)
# Synthesized on Wed Oct  7 08:23:28 2026
# Doppler velocities [km/s] (vobs,vrot+vorb,vwidth,vrfl,vstr): 47.10000,-0.00000,0.03000,0.00000,-0.00000
# ------------------------------------------------------------------------
# Spectra synthesized with the Planetary and Universal Model of Atmospheric Scattering (PUMAS, Villanueva et al. 2018, 2022)
# Single scattering radiative transfer method
# Radiative transfer took 11.058 seconds
# ------------------------------------------------------------------------
# Spectral unit: Wavelength [um]
# Radiance unit: Contrast [transit atmospheric thickness, km]
# Wave/freq Total Noise Stellar Proxima-Centauri-b Transit
2.000000000e-01  4.1841778e+01         -inf  1.00779e+05  4.18418e+01  4.18418e+01
2.008000000e-01  4.1645214e+01         -inf  1.00779e+05  4.16452e+01  4.16452e+01
2.016032000e-01  4.1556872e+01         -inf  1.00779e+05  4.15569e+01  4.15569e+01
2.024096128e-01  4.1506718e+01         -inf  1.00779e+05  4.15067e+01  4.15067e+01
2.032192513e-01  4.1451811e+01         -inf  1.00779e+05  4.14518e+01  4.14518e+01
2.040321283e-01  4.1417494e+01         -inf  1.00779e+05  4.14175e+01  4.14175e+01
2.048482568e-01  4.1394704e+01         -inf  1.00779e+05  4.13947e+01  4.13947e+01
2.056676498e-01  4.1408167e+01         -inf  1.00779e+05  4.14082e+01  4.14082e+01
2.064903204e-01  4.1446091e+01         -inf  1.00779e+05  4.14461e+01  4.14461e+01
2.073162817e-01  4.1485688e+01         -inf  1.00779e+05  4.14857e+01  4.14857e+01
2.081455468e-01  4.1540154e+01         -inf  1.00779e+05  4.15402e+01  4.15402e+01
2.089781290e-01  4.1592420e+01         -inf  1.00779e+05  4.15924e+01  4.15924e+01
2.098140415e-01  4.1684193e+01         -inf  1.00779e+05  4.16842e+01  4.16842e+01
2.106532977e-01  4.1815646e+01         -inf  1.00779e+05  4.18156e+01  4.18156e+01
2.114959109e-01  4.1936715e+01         -inf  1.00779e+05  4.19367e+01  4.19367e+01
2.123418945e-01  4.2203128e+01         -inf  1.00779e+05  4.22031e+01  4.22031e+01
2.131912621e-01  4.2530851e+01         -inf  1.00779e+05  4.25309e+01  4.25309e+01
2.140440271e-01  4.2605720e+01         -inf  1.00779e+05  4.26057e+01  4.26057e+01
2.149002032e-01  4.2811932e+01         -inf  1.00779e+05  4.28119e+01  4.28119e+01
2.157598041e-01  4.3026144e+01         -inf  1.00779e+05  4.30261e+01  4.30261e+01
2.166228433e-01  4.3223283e+01         -inf  1.00779e+05  4.32233e+01  4.32233e+01
2.174893346e-01  4.3459120e+01         -inf  1.00779e+05  4.34591e+01  4.34591e+01
2.183592920e-01  4.3647890e+01         -inf  1.00779e+05  4.36479e+01  4.36479e+01
2.192327292e-01  4.3853014e+01         -inf  1.00779e+05  4.38530e+01  4.38530e+01
2.201096601e-01  4.4051183e+01         -inf  1.00779e+05  4.40512e+01  4.40512e+01
2.209900987e-01  4.4250050e+01         -inf  1.00779e+05  4.42501e+01  4.42501e+01
2.218740591e-01  4.4443458e+01         -inf  1.00779e+05  4.44435e+01  4.44435e+01
2.227615553e-01  4.4625867e+01         -inf  1.00779e+05  4.46259e+01  4.46259e+01
2.236526016e-01  4.4806776e+01         -inf  1.00779e+05  4.48068e+01  4.48068e+01
2.245472120e-01  4.4989614e+01         -inf  1.00779e+05  4.49896e+01  4.49896e+01
2.254454008e-01  4.5148175e+01         -inf  1.00779e+05  4.51482e+01  4.51482e+01
2.263471824e-01  4.5325903e+01         -inf  1.00779e+05  4.53259e+01  4.53259e+01
2.272525711e-01  4.5484720e+01         -inf  1.00779e+05  4.54847e+01  4.54847e+01
2.281615814e-01  4.5644413e+01         -inf  1.00779e+05  4.56444e+01  4.56444e+01
2.290742278e-01  4.5804805e+01         -inf  1.00779e+05  4.58048e+01  4.58048e+01
2.299905247e-01  4.5941979e+01         -inf  1.00779e+05  4.59420e+01  4.59420e+01
2.309104868e-01  4.6102451e+01         -inf  1.00779e+05  4.61025e+01  4.61025e+01
2.318341287e-01  4.6236542e+01         -inf  1.00779e+05  4.62365e+01  4.62365e+01
2.327614652e-01  4.6384610e+01         -inf  1.00779e+05  4.63846e+01  4.63846e+01
2.336925111e-01  4.6507352e+01         -inf  1.00779e+05  4.65074e+01  4.65074e+01
2.346272811e-01  4.6649963e+01         -inf  1.00779e+05  4.66500e+01  4.66500e+01
2.355657903e-01  4.6762414e+01         -inf  1.00779e+05  4.67624e+01  4.67624e+01
2.365080534e-01  4.6886556e+01         -inf  1.00779e+05  4.68866e+01  4.68866e+01
2.374540856e-01  4.7008586e+01         -inf  1.00779e+05  4.70086e+01  4.70086e+01
2.384039020e-01  4.7115404e+01         -inf  1.00779e+05  4.71154e+01  4.71154e+01
2.393575176e-01  4.7218616e+01         -inf  1.00779e+05  4.72186e+01  4.72186e+01
2.403149477e-01  4.7329915e+01         -inf  1.00779e+05  4.73299e+01  4.73299e+01
2.412762074e-01  4.7414398e+01         -inf  1.00779e+05  4.74144e+01  4.74144e+01
2.422413123e-01  4.7504682e+01         -inf  1.00779e+05  4.75047e+01  4.75047e+01
2.432102775e-01  4.7599625e+01         -inf  1.00779e+05  4.75996e+01  4.75996e+01
2.441831186e-01  4.7668633e+01         -inf  1.00779e+05  4.76686e+01  4.76686e+01
2.451598511e-01  4.7746080e+01         -inf  1.00779e+05  4.77461e+01  4.77461e+01
2.461404905e-01  4.7806471e+01         -inf  1.00779e+05  4.78065e+01  4.78065e+01
2.471250525e-01  4.7857369e+01         -inf  1.00779e+05  4.78574e+01  4.78574e+01
2.481135527e-01  4.7900091e+01         -inf  1.00779e+05  4.79001e+01  4.79001e+01
2.491060069e-01  4.7968129e+01         -inf  1.00779e+05  4.79681e+01  4.79681e+01
2.501024309e-01  4.7993445e+01         -inf  1.00779e+05  4.79934e+01  4.79934e+01
2.511028406e-01  4.7985446e+01         -inf  1.00779e+05  4.79854e+01  4.79854e+01
2.521072520e-01  4.8057615e+01         -inf  1.00779e+05  4.80576e+01  4.80576e+01
2.531156810e-01  4.8032387e+01         -inf  1.00779e+05  4.80324e+01  4.80324e+01
2.541281437e-01  4.8040122e+01         -inf  1.00779e+05  4.80401e+01  4.80401e+01
2.551446563e-01  4.8060428e+01         -inf  1.00779e+05  4.80604e+01  4.80604e+01
2.561652349e-01  4.8021750e+01         -inf  1.00779e+05  4.80218e+01  4.80218e+01
2.571898959e-01  4.7974458e+01         -inf  1.00779e+05  4.79745e+01  4.79745e+01
2.582186555e-01  4.7984919e+01         -inf  1.00779e+05  4.79849e+01  4.79849e+01
2.592515301e-01  4.7938329e+01         -inf  1.00779e+05  4.79383e+01  4.79383e+01
2.602885362e-01  4.7874511e+01         -inf  1.00779e+05  4.78745e+01  4.78745e+01
2.613296904e-01  4.7823525e+01         -inf  1.00779e+05  4.78235e+01  4.78235e+01
2.623750091e-01  4.7769902e+01         -inf  1.00779e+05  4.77699e+01  4.77699e+01
2.634245092e-01  4.7638832e+01         -inf  1.00779e+05  4.76388e+01  4.76388e+01
2.644782072e-01  4.7630745e+01         -inf  1.00779e+05  4.76307e+01  4.76307e+01
2.655361200e-01  4.7499232e+01         -inf  1.00779e+05  4.74992e+01  4.74992e+01
2.665982645e-01  4.7388640e+01         -inf  1.00779e+05  4.73886e+01  4.73886e+01
2.676646576e-01  4.7291672e+01         -inf  1.00779e+05  4.72917e+01  4.72917e+01
2.687353162e-01  4.7110481e+01         -inf  1.00779e+05  4.71105e+01  4.71105e+01
2.698102574e-01  4.7055094e+01         -inf  1.00779e+05  4.70551e+01  4.70551e+01
2.708894985e-01  4.6849806e+01         -inf  1.00779e+05  4.68498e+01  4.68498e+01
2.719730565e-01  4.6735159e+01         -inf  1.00779e+05  4.67352e+01  4.67352e+01
2.730609487e-01  4.6573119e+01         -inf  1.00779e+05  4.65731e+01  4.65731e+01
2.741531925e-01  4.6333877e+01         -inf  1.00779e+05  4.63339e+01  4.63339e+01
2.752498053e-01  4.6205240e+01         -inf  1.00779e+05  4.62052e+01  4.62052e+01
2.763508045e-01  4.5995001e+01         -inf  1.00779e+05  4.59950e+01  4.59950e+01
2.774562077e-01  4.5793549e+01         -inf  1.00779e+05  4.57935e+01  4.57935e+01
2.785660325e-01  4.5568788e+01         -inf  1.00779e+05  4.55688e+01  4.55688e+01
2.796802967e-01  4.5355539e+01         -inf  1.00779e+05  4.53555e+01  4.53555e+01
2.807990178e-01  4.5070698e+01         -inf  1.00779e+05  4.50707e+01  4.50707e+01
2.819222139e-01  4.4788747e+01         -inf  1.00779e+05  4.47887e+01  4.47887e+01
2.830499028e-01  4.4570547e+01         -inf  1.00779e+05  4.45705e+01  4.45705e+01
2.841821024e-01  4.4239144e+01         -inf  1.00779e+05  4.42391e+01  4.42391e+01
2.853188308e-01  4.3909572e+01         -inf  1.00779e+05  4.39096e+01  4.39096e+01
2.864601061e-01  4.3607691e+01         -inf  1.00779e+05  4.36077e+01  4.36077e+01
2.876059465e-01  4.3203842e+01         -inf  1.00779e+05  4.32038e+01  4.32038e+01
2.887563703e-01  4.2758532e+01         -inf  1.00779e+05  4.27585e+01  4.27585e+01
2.899113958e-01  4.2302723e+01         -inf  1.00779e+05  4.23027e+01  4.23027e+01
2.910710414e-01  4.1841074e+01         -inf  1.00779e+05  4.18411e+01  4.18411e+01
2.922353256e-01  4.1218805e+01         -inf  1.00779e+05  4.12188e+01  4.12188e+01
2.934042669e-01  4.0612493e+01         -inf  1.00779e+05  4.06125e+01  4.06125e+01
2.945778839e-01  3.9941260e+01         -inf  1.00779e+05  3.99413e+01  3.99413e+01
2.957561955e-01  3.9128507e+01         -inf  1.00779e+05  3.91285e+01  3.91285e+01
2.969392202e-01  3.8372082e+01         -inf  1.00779e+05  3.83721e+01  3.83721e+01
2.981269771e-01  3.7591534e+01         -inf  1.00779e+05  3.75915e+01  3.75915e+01
2.993194850e-01  3.6852454e+01         -inf  1.00779e+05  3.68525e+01  3.68525e+01
3.005167630e-01  3.6109240e+01         -inf  1.00779e+05  3.61092e+01  3.61092e+01
3.017188300e-01  3.5344891e+01         -inf  1.00779e+05  3.53449e+01  3.53449e+01
3.029257054e-01  3.4665718e+01         -inf  1.00779e+05  3.46657e+01  3.46657e+01
3.041374082e-01  3.4122487e+01         -inf  1.00779e+05  3.41225e+01  3.41225e+01
3.053539578e-01  3.3413762e+01         -inf  1.00779e+05  3.34138e+01  3.34138e+01
3.065753736e-01  3.3005494e+01         -inf  1.00779e+05  3.30055e+01  3.30055e+01
3.078016751e-01  3.2392428e+01         -inf  1.00779e+05  3.23924e+01  3.23924e+01
3.090328818e-01  3.2046396e+01         -inf  1.00779e+05  3.20464e+01  3.20464e+01
3.102690134e-01  3.1539960e+01         -inf  1.00779e+05  3.15400e+01  3.15400e+01
3.115100894e-01  3.1255221e+01         -inf  1.00779e+05  3.12552e+01  3.12552e+01
3.127561298e-01  3.0820907e+01         -inf  1.00779e+05  3.08209e+01  3.08209e+01
3.140071543e-01  3.0617048e+01         -inf  1.00779e+05  3.06170e+01  3.06170e+01
3.152631829e-01  3.0285289e+01         -inf  1.00779e+05  3.02853e+01  3.02853e+01
3.165242356e-01  2.9997498e+01         -inf  1.00779e+05  2.99975e+01  2.99975e+01
3.177903326e-01  2.9874534e+01         -inf  1.00779e+05  2.98745e+01  2.98745e+01
3.190614939e-01  2.9532952e+01         -inf  1.00779e+05  2.95330e+01  2.95330e+01
3.203377399e-01  2.9466044e+01         -inf  1.00779e+05  2.94660e+01  2.94660e+01
3.216190908e-01  2.9178570e+01         -inf  1.00779e+05  2.91786e+01  2.91786e+01
3.229055672e-01  2.9136872e+01         -inf  1.00779e+05  2.91369e+01  2.91369e+01
3.241971895e-01  2.8835190e+01         -inf  1.00779e+05  2.88352e+01  2.88352e+01
3.254939782e-01  2.8857054e+01         -inf  1.00779e+05  2.88571e+01  2.88571e+01
3.267959541e-01  2.8583659e+01         -inf  1.00779e+05  2.85837e+01  2.85837e+01
3.281031380e-01  2.8583218e+01         -inf  1.00779e+05  2.85832e+01  2.85832e+01
3.294155505e-01  2.8339085e+01         -inf  1.00779e+05  2.83391e+01  2.83391e+01
3.307332127e-01  2.8325418e+01         -inf  1.00779e+05  2.83254e+01  2.83254e+01
3.320561456e-01  2.8163363e+01         -inf  1.00779e+05  2.81634e+01  2.81634e+01
3.333843702e-01  2.8075985e+01         -inf  1.00779e+05  2.80760e+01  2.80760e+01
3.347179076e-01  2.7964446e+01         -inf  1.00779e+05  2.79644e+01  2.79644e+01
3.360567793e-01  2.7846469e+01         -inf  1.00779e+05  2.78465e+01  2.78465e+01
3.374010064e-01  2.7796738e+01         -inf  1.00779e+05  2.77967e+01  2.77967e+01
3.387506104e-01  2.7659976e+01         -inf  1.00779e+05  2.76600e+01  2.76600e+01
3.401056128e-01  2.7583173e+01         -inf  1.00779e+05  2.75832e+01  2.75832e+01
3.414660353e-01  2.7476652e+01         -inf  1.00779e+05  2.74767e+01  2.74767e+01
3.428318994e-01  2.7383357e+01         -inf  1.00779e+05  2.73834e+01  2.73834e+01
3.442032270e-01  2.7312371e+01         -inf  1.00779e+05  2.73124e+01  2.73124e+01
3.455800399e-01  2.7206110e+01         -inf  1.00779e+05  2.72061e+01  2.72061e+01
3.469623601e-01  2.7117132e+01         -inf  1.00779e+05  2.71171e+01  2.71171e+01
3.483502095e-01  2.7026477e+01         -inf  1.00779e+05  2.70265e+01  2.70265e+01
3.497436104e-01  2.6935645e+01         -inf  1.00779e+05  2.69356e+01  2.69356e+01
3.511425848e-01  2.6851425e+01         -inf  1.00779e+05  2.68514e+01  2.68514e+01
3.525471552e-01  2.6761472e+01         -inf  1.00779e+05  2.67615e+01  2.67615e+01
3.539573438e-01  2.6670195e+01         -inf  1.00779e+05  2.66702e+01  2.66702e+01
3.553731732e-01  2.6582357e+01         -inf  1.00779e+05  2.65824e+01  2.65824e+01
3.567946659e-01  2.6493635e+01         -inf  1.00779e+05  2.64936e+01  2.64936e+01
3.582218445e-01  2.6405353e+01         -inf  1.00779e+05  2.64054e+01  2.64054e+01
3.596547319e-01  2.6318039e+01         -inf  1.00779e+05  2.63180e+01  2.63180e+01
3.610933508e-01  2.6229314e+01         -inf  1.00779e+05  2.62293e+01  2.62293e+01
3.625377242e-01  2.6141028e+01         -inf  1.00779e+05  2.61410e+01  2.61410e+01
3.639878751e-01  2.6053094e+01         -inf  1.00779e+05  2.60531e+01  2.60531e+01
3.654438266e-01  2.5965159e+01         -inf  1.00779e+05  2.59652e+01  2.59652e+01
3.669056019e-01  2.5877222e+01         -inf  1.00779e+05  2.58772e+01  2.58772e+01
3.683732243e-01  2.5789373e+01         -inf  1.00779e+05  2.57894e+01  2.57894e+01
3.698467172e-01  2.5701522e+01         -inf  1.00779e+05  2.57015e+01  2.57015e+01
3.713261041e-01  2.5613670e+01         -inf  1.00779e+05  2.56137e+01  2.56137e+01
3.728114085e-01  2.5525993e+01         -inf  1.00779e+05  2.55260e+01  2.55260e+01
3.743026542e-01  2.5438316e+01         -inf  1.00779e+05  2.54383e+01  2.54383e+01
3.757998648e-01  2.5350548e+01         -inf  1.00779e+05  2.53505e+01  2.53505e+01
3.773030642e-01  2.5262956e+01         -inf  1.00779e+05  2.52630e+01  2.52630e+01
3.788122765e-01  2.5175363e+01         -inf  1.00779e+05  2.51754e+01  2.51754e+01
3.803275256e-01  2.5087857e+01         -inf  1.00779e+05  2.50879e+01  2.50879e+01
3.818488357e-01  2.5000262e+01         -inf  1.00779e+05  2.50003e+01  2.50003e+01
3.833762310e-01  2.4912842e+01         -inf  1.00779e+05  2.49128e+01  2.49128e+01
3.849097360e-01  2.4825420e+01         -inf  1.00779e+05  2.48254e+01  2.48254e+01
3.864493749e-01  2.4737998e+01         -inf  1.00779e+05  2.47380e+01  2.47380e+01
3.879951724e-01  2.4650662e+01         -inf  1.00779e+05  2.46507e+01  2.46507e+01
3.895471531e-01  2.4563325e+01         -inf  1.00779e+05  2.45633e+01  2.45633e+01
3.911053417e-01  2.4475988e+01         -inf  1.00779e+05  2.44760e+01  2.44760e+01
3.926697631e-01  2.4388825e+01         -inf  1.00779e+05  2.43888e+01  2.43888e+01
3.942404421e-01  2.4301661e+01         -inf  1.00779e+05  2.43017e+01  2.43017e+01
3.958174039e-01  2.4214496e+01         -inf  1.00779e+05  2.42145e+01  2.42145e+01
3.974006735e-01  2.4127330e+01         -inf  1.00779e+05  2.41273e+01  2.41273e+01
3.989902762e-01  2.4040251e+01         -inf  1.00779e+05  2.40403e+01  2.40403e+01
4.005862373e-01  2.3953171e+01         -inf  1.00779e+05  2.39532e+01  2.39532e+01
4.021885823e-01  2.3866178e+01         -inf  1.00779e+05  2.38662e+01  2.38662e+01
4.037973366e-01  2.3779184e+01         -inf  1.00779e+05  2.37792e+01  2.37792e+01
4.054125259e-01  2.3692188e+01         -inf  1.00779e+05  2.36922e+01  2.36922e+01
4.070341760e-01  2.3605368e+01         -inf  1.00779e+05  2.36054e+01  2.36054e+01
4.086623127e-01  2.3518723e+01         -inf  1.00779e+05  2.35187e+01  2.35187e+01
4.102969620e-01  2.3431901e+01         -inf  1.00779e+05  2.34319e+01  2.34319e+01
4.119381498e-01  2.3344989e+01         -inf  1.00779e+05  2.33450e+01  2.33450e+01
4.135859024e-01  2.3258076e+01         -inf  1.00779e+05  2.32581e+01  2.32581e+01
4.152402460e-01  2.3171515e+01         -inf  1.00779e+05  2.31715e+01  2.31715e+01
4.169012070e-01  2.3085041e+01         -inf  1.00779e+05  2.30850e+01  2.30850e+01
4.185688119e-01  2.2998301e+01         -inf  1.00779e+05  2.29983e+01  2.29983e+01
4.202430871e-01  2.2911648e+01         -inf  1.00779e+05  2.29116e+01  2.29116e+01
4.219240595e-01  2.2825347e+01         -inf  1.00779e+05  2.28253e+01  2.28253e+01
4.236117557e-01  2.2739309e+01         -inf  1.00779e+05  2.27393e+01  2.27393e+01
4.253062027e-01  2.2653271e+01         -inf  1.00779e+05  2.26533e+01  2.26533e+01
4.270074275e-01  2.2566613e+01         -inf  1.00779e+05  2.25666e+01  2.25666e+01
4.287154572e-01  2.2479690e+01         -inf  1.00779e+05  2.24797e+01  2.24797e+01
4.304303191e-01  2.2393295e+01         -inf  1.00779e+05  2.23933e+01  2.23933e+01
4.321520403e-01  2.2307428e+01         -inf  1.00779e+05  2.23074e+01  2.23074e+01
4.338806485e-01  2.2221295e+01         -inf  1.00779e+05  2.22213e+01  2.22213e+01
4.356161711e-01  2.2134720e+01         -inf  1.00779e+05  2.21347e+01  2.21347e+01
4.373586358e-01  2.2048586e+01         -inf  1.00779e+05  2.20486e+01  2.20486e+01
4.391080703e-01  2.1963509e+01         -inf  1.00779e+05  2.19635e+01  2.19635e+01
4.408645026e-01  2.1878695e+01         -inf  1.00779e+05  2.18787e+01  2.18787e+01
4.426279606e-01  2.1793351e+01         -inf  1.00779e+05  2.17934e+01  2.17934e+01
4.443984725e-01  2.1706771e+01         -inf  1.00779e+05  2.17068e+01  2.17068e+01
4.461760664e-01  2.1619571e+01         -inf  1.00779e+05  2.16196e+01  2.16196e+01
4.479607706e-01  2.1533430e+01         -inf  1.00779e+05  2.15334e+01  2.15334e+01
4.497526137e-01  2.1448611e+01         -inf  1.00779e+05  2.14486e+01  2.14486e+01
4.515516242e-01  2.1362996e+01         -inf  1.00779e+05  2.13630e+01  2.13630e+01
4.533578307e-01  2.1276410e+01         -inf  1.00779e+05  2.12764e+01  2.12764e+01
4.551712620e-01  2.1190705e+01         -inf  1.00779e+05  2.11907e+01  2.11907e+01
4.569919470e-01  2.1106941e+01         -inf  1.00779e+05  2.11069e+01  2.11069e+01
4.588199148e-01  2.1023882e+01         -inf  1.00779e+05  2.10239e+01  2.10239e+01
4.606551945e-01  2.0940557e+01         -inf  1.00779e+05  2.09406e+01  2.09406e+01
4.624978152e-01  2.0854848e+01         -inf  1.00779e+05  2.08548e+01  2.08548e+01
4.643478065e-01  2.0766754e+01         -inf  1.00779e+05  2.07668e+01  2.07668e+01
4.662051977e-01  2.0679365e+01         -inf  1.00779e+05  2.06794e+01  2.06794e+01
4.680700185e-01  2.0594712e+01         -inf  1.00779e+05  2.05947e+01  2.05947e+01
4.699422986e-01  2.0510587e+01         -inf  1.00779e+05  2.05106e+01  2.05106e+01
4.718220678e-01  2.0424784e+01         -inf  1.00779e+05  2.04248e+01  2.04248e+01
4.737093561e-01  2.0338979e+01         -inf  1.00779e+05  2.03390e+01  2.03390e+01
4.756041935e-01  2.0255469e+01         -inf  1.00779e+05  2.02555e+01  2.02555e+01
4.775066103e-01  2.0174518e+01         -inf  1.00779e+05  2.01745e+01  2.01745e+01
4.794166367e-01  2.0094537e+01         -inf  1.00779e+05  2.00945e+01  2.00945e+01
4.813343033e-01  2.0013584e+01         -inf  1.00779e+05  2.00136e+01  2.00136e+01
4.832596405e-01  1.9928392e+01         -inf  1.00779e+05  1.99284e+01  1.99284e+01
4.851926790e-01  1.9839403e+01         -inf  1.00779e+05  1.98394e+01  1.98394e+01
4.871334497e-01  1.9751295e+01         -inf  1.00779e+05  1.97513e+01  1.97513e+01
4.890819835e-01  1.9666718e+01         -inf  1.00779e+05  1.96667e+01  1.96667e+01
4.910383115e-01  1.9583641e+01         -inf  1.00779e+05  1.95836e+01  1.95836e+01
4.930024647e-01  1.9498885e+01         -inf  1.00779e+05  1.94989e+01  1.94989e+01
4.949744746e-01  1.9413863e+01         -inf  1.00779e+05  1.94139e+01  1.94139e+01
4.969543725e-01  1.9331224e+01         -inf  1.00779e+05  1.93312e+01  1.93312e+01
4.989421900e-01  1.9252203e+01         -inf  1.00779e+05  1.92522e+01  1.92522e+01
5.009379587e-01  1.9175478e+01         -inf  1.00779e+05  1.91755e+01  1.91755e+01
5.029417106e-01  1.9099104e+01         -inf  1.00779e+05  1.90991e+01  1.90991e+01
5.049534774e-01  1.9019287e+01         -inf  1.00779e+05  1.90193e+01  1.90193e+01
5.069732913e-01  1.8933817e+01         -inf  1.00779e+05  1.89338e+01  1.89338e+01
5.090011845e-01  1.8844726e+01         -inf  1.00779e+05  1.88447e+01  1.88447e+01
5.110371892e-01  1.8757135e+01         -inf  1.00779e+05  1.87571e+01  1.87571e+01
5.130813380e-01  1.8673339e+01         -inf  1.00779e+05  1.86733e+01  1.86733e+01
5.151336633e-01  1.8591397e+01         -inf  1.00779e+05  1.85914e+01  1.85914e+01
5.171941980e-01  1.8508924e+01         -inf  1.00779e+05  1.85089e+01  1.85089e+01
5.192629748e-01  1.8426274e+01         -inf  1.00779e+05  1.84263e+01  1.84263e+01
5.213400267e-01  1.8345123e+01         -inf  1.00779e+05  1.83451e+01  1.83451e+01
5.234253868e-01  1.8266797e+01         -inf  1.00779e+05  1.82668e+01  1.82668e+01
5.255190883e-01  1.8190766e+01         -inf  1.00779e+05  1.81908e+01  1.81908e+01
5.276211647e-01  1.8115794e+01         -inf  1.00779e+05  1.81158e+01  1.81158e+01
5.297316493e-01  1.8039938e+01         -inf  1.00779e+05  1.80399e+01  1.80399e+01
5.318505759e-01  1.7961521e+01         -inf  1.00779e+05  1.79615e+01  1.79615e+01
5.339779782e-01  1.7878951e+01         -inf  1.00779e+05  1.78790e+01  1.78790e+01
5.361138902e-01  1.7793025e+01         -inf  1.00779e+05  1.77930e+01  1.77930e+01
5.382583457e-01  1.7707893e+01         -inf  1.00779e+05  1.77079e+01  1.77079e+01
5.404113791e-01  1.7626468e+01         -inf  1.00779e+05  1.76265e+01  1.76265e+01
5.425730246e-01  1.7547692e+01         -inf  1.00779e+05  1.75477e+01  1.75477e+01
5.447433167e-01  1.7468385e+01         -inf  1.00779e+05  1.74684e+01  1.74684e+01
5.469222900e-01  1.7387399e+01         -inf  1.00779e+05  1.73874e+01  1.73874e+01
5.491099791e-01  1.7305264e+01         -inf  1.00779e+05  1.73053e+01  1.73053e+01
5.513064191e-01  1.7223305e+01         -inf  1.00779e+05  1.72233e+01  1.72233e+01
5.535116447e-01  1.7142140e+01         -inf  1.00779e+05  1.71421e+01  1.71421e+01
5.557256913e-01  1.7062739e+01         -inf  1.00779e+05  1.70627e+01  1.70627e+01
5.579485941e-01  1.6986253e+01         -inf  1.00779e+05  1.69863e+01  1.69863e+01
5.601803884e-01  1.6912327e+01         -inf  1.00779e+05  1.69123e+01  1.69123e+01
5.624211100e-01  1.6838665e+01         -inf  1.00779e+05  1.68387e+01  1.68387e+01
5.646707944e-01  1.6763059e+01         -inf  1.00779e+05  1.67631e+01  1.67631e+01
5.669294776e-01  1.6685598e+01         -inf  1.00779e+05  1.66856e+01  1.66856e+01
5.691971955e-01  1.6607605e+01         -inf  1.00779e+05  1.66076e+01  1.66076e+01
5.714739843e-01  1.6529700e+01         -inf  1.00779e+05  1.65297e+01  1.65297e+01
5.737598803e-01  1.6449056e+01         -inf  1.00779e+05  1.64491e+01  1.64491e+01
5.760549198e-01  1.6363464e+01         -inf  1.00779e+05  1.63635e+01  1.63635e+01
5.783591395e-01  1.6274515e+01         -inf  1.00779e+05  1.62745e+01  1.62745e+01
5.806725760e-01  1.6184151e+01         -inf  1.00779e+05  1.61842e+01  1.61842e+01
5.829952663e-01  1.6094404e+01         -inf  1.00779e+05  1.60944e+01  1.60944e+01
5.853272474e-01  1.6006776e+01         -inf  1.00779e+05  1.60068e+01  1.60068e+01
5.876685564e-01  1.5921620e+01         -inf  1.00779e+05  1.59216e+01  1.59216e+01
5.900192306e-01  1.5839290e+01         -inf  1.00779e+05  1.58393e+01  1.58393e+01
5.923793075e-01  1.5761111e+01         -inf  1.00779e+05  1.57611e+01  1.57611e+01
5.947488247e-01  1.5687701e+01         -inf  1.00779e+05  1.56877e+01  1.56877e+01
5.971278200e-01  1.5615969e+01         -inf  1.00779e+05  1.56160e+01  1.56160e+01
5.995163313e-01  1.5542380e+01         -inf  1.00779e+05  1.55424e+01  1.55424e+01
6.019143966e-01  1.5463491e+01         -inf  1.00779e+05  1.54635e+01  1.54635e+01
6.043220542e-01  1.5378063e+01         -inf  1.00779e+05  1.53781e+01  1.53781e+01
6.067393425e-01  1.5287245e+01         -inf  1.00779e+05  1.52872e+01  1.52872e+01
6.091662998e-01  1.5192980e+01         -inf  1.00779e+05  1.51930e+01  1.51930e+01
6.116029650e-01  1.5097918e+01         -inf  1.00779e+05  1.50979e+01  1.50979e+01
6.140493769e-01  1.5003651e+01         -inf  1.00779e+05  1.50037e+01  1.50037e+01
6.165055744e-01  1.4910972e+01         -inf  1.00779e+05  1.49110e+01  1.49110e+01
6.189715967e-01  1.4819971e+01         -inf  1.00779e+05  1.48200e+01  1.48200e+01
6.214474831e-01  1.4730293e+01         -inf  1.00779e+05  1.47303e+01  1.47303e+01
6.239332730e-01  1.4641321e+01         -inf  1.00779e+05  1.46413e+01  1.46413e+01
6.264290061e-01  1.4552260e+01         -inf  1.00779e+05  1.45523e+01  1.45523e+01
6.289347221e-01  1.4491825e+01         -inf  1.00779e+05  1.44918e+01  1.44918e+01
6.314504610e-01  1.4379612e+01         -inf  1.00779e+05  1.43796e+01  1.43796e+01
6.339762629e-01  1.4283655e+01         -inf  1.00779e+05  1.42837e+01  1.42837e+01
6.365121679e-01  1.4192998e+01         -inf  1.00779e+05  1.41930e+01  1.41930e+01
6.390582166e-01  1.4102517e+01         -inf  1.00779e+05  1.41025e+01  1.41025e+01
6.416144494e-01  1.4012212e+01         -inf  1.00779e+05  1.40122e+01  1.40122e+01
6.441809072e-01  1.3923318e+01         -inf  1.00779e+05  1.39233e+01  1.39233e+01
6.467576309e-01  1.3835308e+01         -inf  1.00779e+05  1.38353e+01  1.38353e+01
6.493446614e-01  1.3747914e+01         -inf  1.00779e+05  1.37479e+01  1.37479e+01
6.519420400e-01  1.3661315e+01         -inf  1.00779e+05  1.36613e+01  1.36613e+01
6.545498082e-01  1.3574626e+01         -inf  1.00779e+05  1.35746e+01  1.35746e+01
6.571680074e-01  1.3488025e+01         -inf  1.00779e+05  1.34880e+01  1.34880e+01
6.597966795e-01  1.3402040e+01         -inf  1.00779e+05  1.34020e+01  1.34020e+01
6.624358662e-01  1.3316585e+01         -inf  1.00779e+05  1.33166e+01  1.33166e+01
6.650856096e-01  1.3230864e+01         -inf  1.00779e+05  1.32309e+01  1.32309e+01
6.677459521e-01  1.3144877e+01         -inf  1.00779e+05  1.31449e+01  1.31449e+01
6.704169359e-01  1.3059153e+01         -inf  1.00779e+05  1.30592e+01  1.30592e+01
6.730986036e-01  1.2974047e+01         -inf  1.00779e+05  1.29740e+01  1.29740e+01
6.757909981e-01  1.2889912e+01         -inf  1.00779e+05  1.28899e+01  1.28899e+01
6.784941620e-01  1.2806306e+01         -inf  1.00779e+05  1.28063e+01  1.28063e+01
6.812081387e-01  1.2723937e+01         -inf  1.00779e+05  1.27239e+01  1.27239e+01
6.839329712e-01  1.2642892e+01         -inf  1.00779e+05  1.26429e+01  1.26429e+01
6.866687031e-01  1.2791724e+01         -inf  1.00779e+05  1.27917e+01  1.27917e+01
6.894153779e-01  1.2766801e+01         -inf  1.00779e+05  1.27668e+01  1.27668e+01
6.921730395e-01  1.2469928e+01         -inf  1.00779e+05  1.24699e+01  1.24699e+01
6.949417316e-01  1.2317553e+01         -inf  1.00779e+05  1.23176e+01  1.23176e+01
6.977214985e-01  1.2234913e+01         -inf  1.00779e+05  1.22349e+01  1.22349e+01
7.005123845e-01  1.2154834e+01         -inf  1.00779e+05  1.21548e+01  1.21548e+01
7.033144341e-01  1.2075903e+01         -inf  1.00779e+05  1.20759e+01  1.20759e+01
7.061276918e-01  1.1997856e+01         -inf  1.00779e+05  1.19979e+01  1.19979e+01
7.089522026e-01  1.1920602e+01         -inf  1.00779e+05  1.19206e+01  1.19206e+01
7.117880114e-01  1.1844144e+01         -inf  1.00779e+05  1.18441e+01  1.18441e+01
7.146351634e-01  1.1768922e+01         -inf  1.00779e+05  1.17689e+01  1.17689e+01
7.174937041e-01  1.1694230e+01         -inf  1.00779e+05  1.16942e+01  1.16942e+01
7.203636789e-01  1.1617592e+01         -inf  1.00779e+05  1.16176e+01  1.16176e+01
7.232451336e-01  1.1540776e+01         -inf  1.00779e+05  1.15408e+01  1.15408e+01
7.261381142e-01  1.1466258e+01         -inf  1.00779e+05  1.14663e+01  1.14663e+01
7.290426666e-01  1.1389706e+01         -inf  1.00779e+05  1.13897e+01  1.13897e+01
7.319588373e-01  1.1313064e+01         -inf  1.00779e+05  1.13131e+01  1.13131e+01
7.348866726e-01  1.1238543e+01         -inf  1.00779e+05  1.12385e+01  1.12385e+01
7.378262193e-01  1.1165348e+01         -inf  1.00779e+05  1.11653e+01  1.11653e+01
7.407775242e-01  1.1093035e+01         -inf  1.00779e+05  1.10930e+01  1.10930e+01
7.437406343e-01  1.1022313e+01         -inf  1.00779e+05  1.10223e+01  1.10223e+01
7.467155968e-01  1.0952386e+01         -inf  1.00779e+05  1.09524e+01  1.09524e+01
7.497024592e-01  1.0880513e+01         -inf  1.00779e+05  1.08805e+01  1.08805e+01
7.527012690e-01  1.0806076e+01         -inf  1.00779e+05  1.08061e+01  1.08061e+01
7.557120741e-01  1.0732610e+01         -inf  1.00779e+05  1.07326e+01  1.07326e+01
7.587349224e-01  1.1058823e+01         -inf  1.00779e+05  1.10588e+01  1.10588e+01
7.617698621e-01  1.2478413e+01         -inf  1.00779e+05  1.24784e+01  1.24784e+01
7.648169416e-01  1.1528489e+01         -inf  1.00779e+05  1.15285e+01  1.15285e+01
7.678762093e-01  1.0617592e+01         -inf  1.00779e+05  1.06176e+01  1.06176e+01
7.709477142e-01  1.0387195e+01         -inf  1.00779e+05  1.03872e+01  1.03872e+01
7.740315050e-01  1.0317615e+01         -inf  1.00779e+05  1.03176e+01  1.03176e+01
7.771276310e-01  1.0252631e+01         -inf  1.00779e+05  1.02526e+01  1.02526e+01
7.802361416e-01  1.0186586e+01         -inf  1.00779e+05  1.01866e+01  1.01866e+01
7.833570861e-01  1.0120010e+01         -inf  1.00779e+05  1.01200e+01  1.01200e+01
7.864905145e-01  1.0048393e+01         -inf  1.00779e+05  1.00484e+01  1.00484e+01
7.896364765e-01  9.9813729e+00         -inf  1.00779e+05  9.98137e+00  9.98137e+00
7.927950224e-01  9.9138219e+00         -inf  1.00779e+05  9.91382e+00  9.91382e+00
7.959662025e-01  9.8475964e+00         -inf  1.00779e+05  9.84760e+00  9.84760e+00
7.991500673e-01  9.7824313e+00         -inf  1.00779e+05  9.78243e+00  9.78243e+00
8.023466676e-01  9.7176193e+00         -inf  1.00779e+05  9.71762e+00  9.71762e+00
8.055560543e-01  9.6537792e+00         -inf  1.00779e+05  9.65378e+00  9.65378e+00
8.087782785e-01  9.5917069e+00         -inf  1.00779e+05  9.59171e+00  9.59171e+00
8.120133916e-01  9.5310489e+00         -inf  1.00779e+05  9.53105e+00  9.53105e+00
8.152614452e-01  9.4720703e+00         -inf  1.00779e+05  9.47207e+00  9.47207e+00
8.185224910e-01  9.4122069e+00         -inf  1.00779e+05  9.41221e+00  9.41221e+00
8.217965809e-01  9.3477449e+00         -inf  1.00779e+05  9.34774e+00  9.34774e+00
8.250837672e-01  9.2824863e+00         -inf  1.00779e+05  9.28249e+00  9.28249e+00
8.283841023e-01  9.2189957e+00         -inf  1.00779e+05  9.21900e+00  9.21900e+00
8.316976387e-01  9.1561235e+00         -inf  1.00779e+05  9.15612e+00  9.15612e+00
8.350244293e-01  9.0946655e+00         -inf  1.00779e+05  9.09467e+00  9.09467e+00
8.383645270e-01  9.0352408e+00         -inf  1.00779e+05  9.03524e+00  9.03524e+00
8.417179851e-01  8.9766114e+00         -inf  1.00779e+05  8.97661e+00  8.97661e+00
8.450848570e-01  8.9181584e+00         -inf  1.00779e+05  8.91816e+00  8.91816e+00
8.484651965e-01  8.8611198e+00         -inf  1.00779e+05  8.86112e+00  8.86112e+00
8.518590573e-01  8.8062826e+00         -inf  1.00779e+05  8.80628e+00  8.80628e+00
8.552664935e-01  8.7502512e+00         -inf  1.00779e+05  8.75025e+00  8.75025e+00
8.586875595e-01  8.6952274e+00         -inf  1.00779e+05  8.69523e+00  8.69523e+00
8.621223097e-01  8.6397610e+00         -inf  1.00779e+05  8.63976e+00  8.63976e+00
8.655707989e-01  8.5815879e+00         -inf  1.00779e+05  8.58159e+00  8.58159e+00
8.690330821e-01  8.5316567e+00         -inf  1.00779e+05  8.53166e+00  8.53166e+00
8.725092145e-01  8.4690785e+00         -inf  1.00779e+05  8.46908e+00  8.46908e+00
8.759992513e-01  8.4103025e+00         -inf  1.00779e+05  8.41030e+00  8.41030e+00
8.795032483e-01  8.3599985e+00         -inf  1.00779e+05  8.36000e+00  8.36000e+00
8.830212613e-01  8.3324939e+00         -inf  1.00779e+05  8.33249e+00  8.33249e+00
8.865533464e-01  8.2835689e+00         -inf  1.00779e+05  8.28357e+00  8.28357e+00
8.900995597e-01  8.2250655e+00         -inf  1.00779e+05  8.22507e+00  8.22507e+00
8.936599580e-01  8.1666941e+00         -inf  1.00779e+05  8.16669e+00  8.16669e+00
8.972345978e-01  8.1171223e+00         -inf  1.00779e+05  8.11712e+00  8.11712e+00
9.008235362e-01  8.0651798e+00         -inf  1.00779e+05  8.06518e+00  8.06518e+00
9.044268304e-01  8.0058165e+00         -inf  1.00779e+05  8.00582e+00  8.00582e+00
9.080445377e-01  7.9516266e+00         -inf  1.00779e+05  7.95163e+00  7.95163e+00
9.116767158e-01  7.9008150e+00         -inf  1.00779e+05  7.90081e+00  7.90081e+00
9.153234227e-01  7.8494014e+00         -inf  1.00779e+05  7.84940e+00  7.84940e+00
9.189847164e-01  7.7969527e+00         -inf  1.00779e+05  7.79695e+00  7.79695e+00
9.226606552e-01  7.7484129e+00         -inf  1.00779e+05  7.74841e+00  7.74841e+00
9.263512979e-01  7.7021812e+00         -inf  1.00779e+05  7.70218e+00  7.70218e+00
9.300567031e-01  7.6739750e+00         -inf  1.00779e+05  7.67398e+00  7.67398e+00
9.337769299e-01  7.6909041e+00         -inf  1.00779e+05  7.69090e+00  7.69090e+00
9.375120376e-01  7.6763189e+00         -inf  1.00779e+05  7.67632e+00  7.67632e+00
9.412620857e-01  7.6132372e+00         -inf  1.00779e+05  7.61324e+00  7.61324e+00
9.450271341e-01  7.5635815e+00         -inf  1.00779e+05  7.56358e+00  7.56358e+00
9.488072426e-01  7.5021881e+00         -inf  1.00779e+05  7.50219e+00  7.50219e+00
9.526024716e-01  7.4314270e+00         -inf  1.00779e+05  7.43143e+00  7.43143e+00
9.564128815e-01  7.3597276e+00         -inf  1.00779e+05  7.35973e+00  7.35973e+00
9.602385330e-01  7.3056562e+00         -inf  1.00779e+05  7.30566e+00  7.30566e+00
9.640794871e-01  7.2597841e+00         -inf  1.00779e+05  7.25978e+00  7.25978e+00
9.679358051e-01  7.2121779e+00         -inf  1.00779e+05  7.21218e+00  7.21218e+00
9.718075483e-01  7.1704979e+00         -inf  1.00779e+05  7.17050e+00  7.17050e+00
9.756947785e-01  7.1263585e+00         -inf  1.00779e+05  7.12636e+00  7.12636e+00
9.795975576e-01  7.0826257e+00         -inf  1.00779e+05  7.08263e+00  7.08263e+00
9.835159478e-01  7.0384769e+00         -inf  1.00779e+05  7.03848e+00  7.03848e+00
9.874500116e-01  6.9989453e+00         -inf  1.00779e+05  6.99895e+00  6.99895e+00
9.913998117e-01  6.9618903e+00         -inf  1.00779e+05  6.96189e+00  6.96189e+00
9.953654109e-01  6.9207482e+00         -inf  1.00779e+05  6.92075e+00  6.92075e+00
9.993468726e-01  6.8804728e+00         -inf  1.00779e+05  6.88047e+00  6.88047e+00
1.003344260e+00  6.8402237e+00         -inf  1.00779e+05  6.84022e+00  6.84022e+00
1.007357637e+00  6.8012659e+00         -inf  1.00779e+05  6.80127e+00  6.80127e+00
1.011387068e+00  6.7633428e+00         -inf  1.00779e+05  6.76334e+00  6.76334e+00
1.015432616e+00  6.7241899e+00         -inf  1.00779e+05  6.72419e+00  6.72419e+00
1.019494346e+00  6.6843645e+00         -inf  1.00779e+05  6.68436e+00  6.68436e+00
1.023572324e+00  6.6455030e+00         -inf  1.00779e+05  6.64550e+00  6.64550e+00
1.027666613e+00  6.6076941e+00         -inf  1.00779e+05  6.60769e+00  6.60769e+00
1.031777280e+00  6.5699468e+00         -inf  1.00779e+05  6.56995e+00  6.56995e+00
1.035904389e+00  6.5481317e+00         -inf  1.00779e+05  6.54813e+00  6.54813e+00
1.040048006e+00  6.5282007e+00         -inf  1.00779e+05  6.52820e+00  6.52820e+00
1.044208198e+00  6.4650194e+00         -inf  1.00779e+05  6.46502e+00  6.46502e+00
1.048385031e+00  6.4675849e+00         -inf  1.00779e+05  6.46758e+00  6.46758e+00
1.052578571e+00  6.4807042e+00         -inf  1.00779e+05  6.48070e+00  6.48070e+00
1.056788885e+00  6.3688838e+00         -inf  1.00779e+05  6.36888e+00  6.36888e+00
1.061016041e+00  6.3320110e+00         -inf  1.00779e+05  6.33201e+00  6.33201e+00
1.065260105e+00  6.3164143e+00         -inf  1.00779e+05  6.31641e+00  6.31641e+00
1.069521146e+00  6.2686773e+00         -inf  1.00779e+05  6.26868e+00  6.26868e+00
1.073799230e+00  6.2317155e+00         -inf  1.00779e+05  6.23172e+00  6.23172e+00
1.078094427e+00  6.1991149e+00         -inf  1.00779e+05  6.19911e+00  6.19911e+00
1.082406805e+00  6.1673546e+00         -inf  1.00779e+05  6.16735e+00  6.16735e+00
1.086736432e+00  6.1371866e+00         -inf  1.00779e+05  6.13719e+00  6.13719e+00
1.091083378e+00  6.1097168e+00         -inf  1.00779e+05  6.10972e+00  6.10972e+00
1.095447711e+00  6.0835385e+00         -inf  1.00779e+05  6.08354e+00  6.08354e+00
1.099829502e+00  6.0563251e+00         -inf  1.00779e+05  6.05633e+00  6.05633e+00
1.104228820e+00  6.0288726e+00         -inf  1.00779e+05  6.02887e+00  6.02887e+00
1.108645735e+00  6.0108599e+00         -inf  1.00779e+05  6.01086e+00  6.01086e+00
1.113080318e+00  6.0267847e+00         -inf  1.00779e+05  6.02678e+00  6.02678e+00
1.117532640e+00  6.0807163e+00         -inf  1.00779e+05  6.08072e+00  6.08072e+00
1.122002770e+00  6.2145261e+00         -inf  1.00779e+05  6.21453e+00  6.21453e+00
1.126490781e+00  6.3416538e+00         -inf  1.00779e+05  6.34165e+00  6.34165e+00
1.130996744e+00  6.3081426e+00         -inf  1.00779e+05  6.30814e+00  6.30814e+00
1.135520731e+00  6.2895468e+00         -inf  1.00779e+05  6.28955e+00  6.28955e+00
1.140062814e+00  6.1148215e+00         -inf  1.00779e+05  6.11482e+00  6.11482e+00
1.144623065e+00  6.0743996e+00         -inf  1.00779e+05  6.07440e+00  6.07440e+00
1.149201558e+00  6.0853610e+00         -inf  1.00779e+05  6.08536e+00  6.08536e+00
1.153798364e+00  6.1574637e+00         -inf  1.00779e+05  6.15746e+00  6.15746e+00
1.158413557e+00  6.0221134e+00         -inf  1.00779e+05  6.02211e+00  6.02211e+00
1.163047212e+00  6.1142907e+00         -inf  1.00779e+05  6.11429e+00  6.11429e+00
1.167699401e+00  5.9511239e+00         -inf  1.00779e+05  5.95112e+00  5.95112e+00
1.172370198e+00  5.8380647e+00         -inf  1.00779e+05  5.83806e+00  5.83806e+00
1.177059679e+00  5.7422384e+00         -inf  1.00779e+05  5.74224e+00  5.74224e+00
1.181767918e+00  5.6864902e+00         -inf  1.00779e+05  5.68649e+00  5.68649e+00
1.186494989e+00  5.6468088e+00         -inf  1.00779e+05  5.64681e+00  5.64681e+00
1.191240969e+00  5.6057823e+00         -inf  1.00779e+05  5.60578e+00  5.60578e+00
1.196005933e+00  5.5469716e+00         -inf  1.00779e+05  5.54697e+00  5.54697e+00
1.200789957e+00  5.7060344e+00         -inf  1.00779e+05  5.70603e+00  5.70603e+00
1.205593117e+00  6.7730824e+00         -inf  1.00779e+05  6.77308e+00  6.77308e+00
1.210415489e+00  6.0139210e+00         -inf  1.00779e+05  6.01392e+00  6.01392e+00
1.215257151e+00  5.5734794e+00         -inf  1.00779e+05  5.57348e+00  5.57348e+00
1.220118180e+00  6.4545805e+00         -inf  1.00779e+05  6.45458e+00  6.45458e+00
1.224998652e+00  5.8492300e+00         -inf  1.00779e+05  5.84923e+00  5.84923e+00
1.229898647e+00  5.4315341e+00         -inf  1.00779e+05  5.43153e+00  5.43153e+00
1.234818242e+00  5.3921697e+00         -inf  1.00779e+05  5.39217e+00  5.39217e+00
1.239757515e+00  5.3382677e+00         -inf  1.00779e+05  5.33827e+00  5.33827e+00
1.244716545e+00  5.2983807e+00         -inf  1.00779e+05  5.29838e+00  5.29838e+00
1.249695411e+00  5.2937354e+00         -inf  1.00779e+05  5.29374e+00  5.29374e+00
1.254694192e+00  5.3154575e+00         -inf  1.00779e+05  5.31546e+00  5.31546e+00
1.259712969e+00  5.4131393e+00         -inf  1.00779e+05  5.41314e+00  5.41314e+00
1.264751821e+00  5.6876934e+00         -inf  1.00779e+05  5.68769e+00  5.68769e+00
1.269810828e+00  5.9054811e+00         -inf  1.00779e+05  5.90548e+00  5.90548e+00
1.274890072e+00  5.3702179e+00         -inf  1.00779e+05  5.37022e+00  5.37022e+00
1.279989632e+00  5.2202251e+00         -inf  1.00779e+05  5.22023e+00  5.22023e+00
1.285109591e+00  5.1636850e+00         -inf  1.00779e+05  5.16368e+00  5.16368e+00
1.290250029e+00  5.2487693e+00         -inf  1.00779e+05  5.24877e+00  5.24877e+00
1.295411029e+00  5.2234635e+00         -inf  1.00779e+05  5.22346e+00  5.22346e+00
1.300592673e+00  5.1015875e+00         -inf  1.00779e+05  5.10159e+00  5.10159e+00
1.305795044e+00  5.0867311e+00         -inf  1.00779e+05  5.08673e+00  5.08673e+00
1.311018224e+00  5.1680294e+00         -inf  1.00779e+05  5.16803e+00  5.16803e+00
1.316262297e+00  5.5492543e+00         -inf  1.00779e+05  5.54925e+00  5.54925e+00
1.321527346e+00  5.4266147e+00         -inf  1.00779e+05  5.42661e+00  5.42661e+00
1.326813455e+00  5.1888848e+00         -inf  1.00779e+05  5.18888e+00  5.18888e+00
1.332120709e+00  5.6073395e+00         -inf  1.00779e+05  5.60734e+00  5.60734e+00
1.337449192e+00  5.4480089e+00         -inf  1.00779e+05  5.44801e+00  5.44801e+00
1.342798989e+00  5.6571693e+00         -inf  1.00779e+05  5.65717e+00  5.65717e+00
1.348170185e+00  5.7777255e+00         -inf  1.00779e+05  5.77773e+00  5.77773e+00
1.353562866e+00  6.4431066e+00         -inf  1.00779e+05  6.44311e+00  6.44311e+00
1.358977117e+00  7.1913733e+00         -inf  1.00779e+05  7.19137e+00  7.19137e+00
1.364413026e+00  7.5112101e+00         -inf  1.00779e+05  7.51121e+00  7.51121e+00
1.369870678e+00  7.4821716e+00         -inf  1.00779e+05  7.48217e+00  7.48217e+00
1.375350160e+00  7.3770820e+00         -inf  1.00779e+05  7.37708e+00  7.37708e+00
1.380851561e+00  7.3468135e+00         -inf  1.00779e+05  7.34681e+00  7.34681e+00
1.386374967e+00  7.3057093e+00         -inf  1.00779e+05  7.30571e+00  7.30571e+00
1.391920467e+00  7.2499480e+00         -inf  1.00779e+05  7.24995e+00  7.24995e+00
1.397488149e+00  7.1732400e+00         -inf  1.00779e+05  7.17324e+00  7.17324e+00
1.403078102e+00  6.9345213e+00         -inf  1.00779e+05  6.93452e+00  6.93452e+00
1.408690414e+00  6.4631439e+00         -inf  1.00779e+05  6.46314e+00  6.46314e+00
1.414325176e+00  5.7966059e+00         -inf  1.00779e+05  5.79661e+00  5.79661e+00
1.419982476e+00  5.3912052e+00         -inf  1.00779e+05  5.39121e+00  5.39121e+00
1.425662406e+00  5.2595109e+00         -inf  1.00779e+05  5.25951e+00  5.25951e+00
1.431365056e+00  1.0230705e+01         -inf  1.00779e+05  1.02307e+01  1.02307e+01
1.437090516e+00  1.0180485e+01         -inf  1.00779e+05  1.01805e+01  1.01805e+01
1.442838878e+00  7.7575406e+00         -inf  1.00779e+05  7.75754e+00  7.75754e+00
1.448610234e+00  5.8713483e+00         -inf  1.00779e+05  5.87135e+00  5.87135e+00
1.454404675e+00  5.1297518e+00         -inf  1.00779e+05  5.12975e+00  5.12975e+00
1.460222293e+00  4.9949464e+00         -inf  1.00779e+05  4.99495e+00  4.99495e+00
1.466063182e+00  4.9806206e+00         -inf  1.00779e+05  4.98062e+00  4.98062e+00
1.471927435e+00  5.5398049e+00         -inf  1.00779e+05  5.53980e+00  5.53980e+00
1.477815145e+00  5.3649975e+00         -inf  1.00779e+05  5.36500e+00  5.36500e+00
1.483726405e+00  4.9043372e+00         -inf  1.00779e+05  4.90434e+00  4.90434e+00
1.489661311e+00  4.7301409e+00         -inf  1.00779e+05  4.73014e+00  4.73014e+00
1.495619956e+00  4.8280793e+00         -inf  1.00779e+05  4.82808e+00  4.82808e+00
1.501602436e+00  4.7103814e+00         -inf  1.00779e+05  4.71038e+00  4.71038e+00
1.507608846e+00  4.6134943e+00         -inf  1.00779e+05  4.61349e+00  4.61349e+00
1.513639281e+00  4.6110343e+00         -inf  1.00779e+05  4.61103e+00  4.61103e+00
1.519693838e+00  4.6310330e+00         -inf  1.00779e+05  4.63103e+00  4.63103e+00
1.525772614e+00  4.7589528e+00         -inf  1.00779e+05  4.75895e+00  4.75895e+00
1.531875704e+00  5.3560699e+00         -inf  1.00779e+05  5.35607e+00  5.35607e+00
1.538003207e+00  5.7131920e+00         -inf  1.00779e+05  5.71319e+00  5.71319e+00
1.544155220e+00  5.1622161e+00         -inf  1.00779e+05  5.16222e+00  5.16222e+00
1.550331841e+00  4.5560905e+00         -inf  1.00779e+05  4.55609e+00  4.55609e+00
1.556533168e+00  4.5341624e+00         -inf  1.00779e+05  4.53416e+00  4.53416e+00
1.562759301e+00  4.5474538e+00         -inf  1.00779e+05  4.54745e+00  4.54745e+00
1.569010338e+00  6.7890141e+00         -inf  1.00779e+05  6.78901e+00  6.78901e+00
1.575286379e+00  8.5586299e+00         -inf  1.00779e+05  8.55863e+00  8.55863e+00
1.581587525e+00  6.8955109e+00         -inf  1.00779e+05  6.89551e+00  6.89551e+00
1.587913875e+00  4.7396181e+00         -inf  1.00779e+05  4.73962e+00  4.73962e+00
1.594265530e+00  4.6657829e+00         -inf  1.00779e+05  4.66578e+00  4.66578e+00
1.600642593e+00  8.1694712e+00         -inf  1.00779e+05  8.16947e+00  8.16947e+00
1.607045163e+00  8.3754400e+00         -inf  1.00779e+05  8.37544e+00  8.37544e+00
1.613473344e+00  6.5787666e+00         -inf  1.00779e+05  6.57877e+00  6.57877e+00
1.619927237e+00  4.9122655e+00         -inf  1.00779e+05  4.91227e+00  4.91227e+00
1.626406946e+00  4.8466882e+00         -inf  1.00779e+05  4.84669e+00  4.84669e+00
1.632912574e+00  5.2107045e+00         -inf  1.00779e+05  5.21070e+00  5.21070e+00
1.639444224e+00  5.7191729e+00         -inf  1.00779e+05  5.71917e+00  5.71917e+00
1.646002001e+00  5.9071179e+00         -inf  1.00779e+05  5.90712e+00  5.90712e+00
1.652586009e+00  5.7148111e+00         -inf  1.00779e+05  5.71481e+00  5.71481e+00
1.659196353e+00  4.9739046e+00         -inf  1.00779e+05  4.97390e+00  4.97390e+00
1.665833138e+00  6.5277142e+00         -inf  1.00779e+05  6.52771e+00  6.52771e+00
1.672496471e+00  4.9461113e+00         -inf  1.00779e+05  4.94611e+00  4.94611e+00
1.679186457e+00  5.0007952e+00         -inf  1.00779e+05  5.00080e+00  5.00080e+00
1.685903203e+00  5.0301456e+00         -inf  1.00779e+05  5.03015e+00  5.03015e+00
1.692646815e+00  5.1455017e+00         -inf  1.00779e+05  5.14550e+00  5.14550e+00
1.699417403e+00  5.2755791e+00         -inf  1.00779e+05  5.27558e+00  5.27558e+00
1.706215072e+00  6.1010644e+00         -inf  1.00779e+05  6.10106e+00  6.10106e+00
1.713039933e+00  5.3045389e+00         -inf  1.00779e+05  5.30454e+00  5.30454e+00
1.719892092e+00  5.1770281e+00         -inf  1.00779e+05  5.17703e+00  5.17703e+00
1.726771661e+00  5.8024717e+00         -inf  1.00779e+05  5.80247e+00  5.80247e+00
1.733678747e+00  5.1448647e+00         -inf  1.00779e+05  5.14486e+00  5.14486e+00
1.740613462e+00  4.8759507e+00         -inf  1.00779e+05  4.87595e+00  4.87595e+00
1.747575916e+00  4.7054526e+00         -inf  1.00779e+05  4.70545e+00  4.70545e+00
1.754566220e+00  4.6462444e+00         -inf  1.00779e+05  4.64624e+00  4.64624e+00
1.761584485e+00  4.6703490e+00         -inf  1.00779e+05  4.67035e+00  4.67035e+00
1.768630823e+00  5.0044408e+00         -inf  1.00779e+05  5.00444e+00  5.00444e+00
1.775705346e+00  5.2783044e+00         -inf  1.00779e+05  5.27830e+00  5.27830e+00
1.782808167e+00  4.9391033e+00         -inf  1.00779e+05  4.93910e+00  4.93910e+00
1.789939400e+00  5.6122853e+00         -inf  1.00779e+05  5.61229e+00  5.61229e+00
1.797099158e+00  4.9621007e+00         -inf  1.00779e+05  4.96210e+00  4.96210e+00
1.804287554e+00  5.0673443e+00         -inf  1.00779e+05  5.06734e+00  5.06734e+00
1.811504704e+00  5.2756499e+00         -inf  1.00779e+05  5.27565e+00  5.27565e+00
1.818750723e+00  5.6843314e+00         -inf  1.00779e+05  5.68433e+00  5.68433e+00
1.826025726e+00  6.2514084e+00         -inf  1.00779e+05  6.25141e+00  6.25141e+00
1.833329829e+00  6.7148042e+00         -inf  1.00779e+05  6.71480e+00  6.71480e+00
1.840663148e+00  7.0528866e+00         -inf  1.00779e+05  7.05289e+00  7.05289e+00
1.848025801e+00  7.2161230e+00         -inf  1.00779e+05  7.21612e+00  7.21612e+00
1.855417904e+00  7.2525043e+00         -inf  1.00779e+05  7.25250e+00  7.25250e+00
1.862839576e+00  7.2053226e+00         -inf  1.00779e+05  7.20532e+00  7.20532e+00
1.870290934e+00  7.1599894e+00         -inf  1.00779e+05  7.15999e+00  7.15999e+00
1.877772098e+00  7.7940162e+00         -inf  1.00779e+05  7.79402e+00  7.79402e+00
1.885283186e+00  7.7092394e+00         -inf  1.00779e+05  7.70924e+00  7.70924e+00
1.892824319e+00  6.9760170e+00         -inf  1.00779e+05  6.97602e+00  6.97602e+00
1.900395616e+00  6.8711050e+00         -inf  1.00779e+05  6.87111e+00  6.87111e+00
1.907997199e+00  6.7772489e+00         -inf  1.00779e+05  6.77725e+00  6.77725e+00
1.915629188e+00  6.5346144e+00         -inf  1.00779e+05  6.53461e+00  6.53461e+00
1.923291704e+00  6.0157966e+00         -inf  1.00779e+05  6.01580e+00  6.01580e+00
1.930984871e+00  5.3486287e+00         -inf  1.00779e+05  5.34863e+00  5.34863e+00
1.938708811e+00  5.3753231e+00         -inf  1.00779e+05  5.37532e+00  5.37532e+00
1.946463646e+00  9.2946008e+00         -inf  1.00779e+05  9.29460e+00  9.29460e+00
1.954249500e+00  1.5999621e+01         -inf  1.00779e+05  1.59996e+01  1.59996e+01
1.962066498e+00  1.5639555e+01         -inf  1.00779e+05  1.56396e+01  1.56396e+01
1.969914764e+00  1.3301297e+01         -inf  1.00779e+05  1.33013e+01  1.33013e+01
1.977794423e+00  7.5842788e+00         -inf  1.00779e+05  7.58428e+00  7.58428e+00
1.985705601e+00  5.7394426e+00         -inf  1.00779e+05  5.73944e+00  5.73944e+00
1.993648424e+00  7.5205062e+00         -inf  1.00779e+05  7.52051e+00  7.52051e+00
2.001623017e+00  1.8543362e+01         -inf  1.00779e+05  1.85434e+01  1.85434e+01
2.009629509e+00  1.9512305e+01         -inf  1.00779e+05  1.95123e+01  1.95123e+01
2.017668027e+00  1.7403561e+01         -inf  1.00779e+05  1.74036e+01  1.74036e+01
2.025738699e+00  1.0919058e+01         -inf  1.00779e+05  1.09191e+01  1.09191e+01
2.033841654e+00  9.4176008e+00         -inf  1.00779e+05  9.41760e+00  9.41760e+00
2.041977021e+00  1.0133007e+01         -inf  1.00779e+05  1.01330e+01  1.01330e+01
2.050144929e+00  1.3499071e+01         -inf  1.00779e+05  1.34991e+01  1.34991e+01
2.058345509e+00  1.4773939e+01         -inf  1.00779e+05  1.47739e+01  1.47739e+01
2.066578891e+00  1.4159863e+01         -inf  1.00779e+05  1.41599e+01  1.41599e+01
2.074845206e+00  1.0767265e+01         -inf  1.00779e+05  1.07673e+01  1.07673e+01
2.083144587e+00  9.0390433e+00         -inf  1.00779e+05  9.03904e+00  9.03904e+00
2.091477165e+00  7.5501725e+00         -inf  1.00779e+05  7.55017e+00  7.55017e+00
2.099843074e+00  6.3662652e+00         -inf  1.00779e+05  6.36627e+00  6.36627e+00
2.108242446e+00  6.6242720e+00         -inf  1.00779e+05  6.62427e+00  6.62427e+00
2.116675416e+00  6.1415747e+00         -inf  1.00779e+05  6.14157e+00  6.14157e+00
2.125142118e+00  5.6269724e+00         -inf  1.00779e+05  5.62697e+00  5.62697e+00
2.133642686e+00  5.2444160e+00         -inf  1.00779e+05  5.24442e+00  5.24442e+00
2.142177257e+00  5.4460446e+00         -inf  1.00779e+05  5.44604e+00  5.44604e+00
2.150745966e+00  6.3528626e+00         -inf  1.00779e+05  6.35286e+00  6.35286e+00
2.159348950e+00  6.4800938e+00         -inf  1.00779e+05  6.48009e+00  6.48009e+00
2.167986346e+00  6.2889895e+00         -inf  1.00779e+05  6.28899e+00  6.28899e+00
2.176658291e+00  5.8604130e+00         -inf  1.00779e+05  5.86041e+00  5.86041e+00
2.185364924e+00  5.1592962e+00         -inf  1.00779e+05  5.15930e+00  5.15930e+00
2.194106384e+00  5.3384093e+00         -inf  1.00779e+05  5.33841e+00  5.33841e+00
2.202882810e+00  7.9964061e+00         -inf  1.00779e+05  7.99641e+00  7.99641e+00
2.211694341e+00  4.9787536e+00         -inf  1.00779e+05  4.97875e+00  4.97875e+00
2.220541118e+00  5.6872068e+00         -inf  1.00779e+05  5.68721e+00  5.68721e+00
2.229423283e+00  6.2544959e+00         -inf  1.00779e+05  6.25450e+00  6.25450e+00
2.238340976e+00  6.6665482e+00         -inf  1.00779e+05  6.66655e+00  6.66655e+00
2.247294340e+00  7.2239866e+00         -inf  1.00779e+05  7.22399e+00  7.22399e+00
2.256283517e+00  7.9229263e+00         -inf  1.00779e+05  7.92293e+00  7.92293e+00
2.265308651e+00  8.1470423e+00         -inf  1.00779e+05  8.14704e+00  8.14704e+00
2.274369886e+00  8.6231705e+00         -inf  1.00779e+05  8.62317e+00  8.62317e+00
2.283467365e+00  8.5116080e+00         -inf  1.00779e+05  8.51161e+00  8.51161e+00
2.292601235e+00  9.3908081e+00         -inf  1.00779e+05  9.39081e+00  9.39081e+00
2.301771640e+00  1.0509821e+01         -inf  1.00779e+05  1.05098e+01  1.05098e+01
2.310978726e+00  6.8907253e+00         -inf  1.00779e+05  6.89073e+00  6.89073e+00
2.320222641e+00  9.8764209e+00         -inf  1.00779e+05  9.87642e+00  9.87642e+00
2.329503532e+00  8.4971574e+00         -inf  1.00779e+05  8.49716e+00  8.49716e+00
2.338821546e+00  9.7705830e+00         -inf  1.00779e+05  9.77058e+00  9.77058e+00
2.348176832e+00  1.0411685e+01         -inf  1.00779e+05  1.04117e+01  1.04117e+01
2.357569539e+00  8.8123491e+00         -inf  1.00779e+05  8.81235e+00  8.81235e+00
2.366999817e+00  9.0807820e+00         -inf  1.00779e+05  9.08078e+00  9.08078e+00
2.376467817e+00  9.3480101e+00         -inf  1.00779e+05  9.34801e+00  9.34801e+00
2.385973688e+00  7.5550195e+00         -inf  1.00779e+05  7.55502e+00  7.55502e+00
2.395517583e+00  7.6453707e+00         -inf  1.00779e+05  7.64537e+00  7.64537e+00
2.405099653e+00  6.4145322e+00         -inf  1.00779e+05  6.41453e+00  6.41453e+00
2.414720052e+00  5.5570845e+00         -inf  1.00779e+05  5.55708e+00  5.55708e+00
2.424378932e+00  6.4493699e+00         -inf  1.00779e+05  6.44937e+00  6.44937e+00
2.434076448e+00  5.5089173e+00         -inf  1.00779e+05  5.50892e+00  5.50892e+00
2.443812753e+00  5.1370604e+00         -inf  1.00779e+05  5.13706e+00  5.13706e+00
2.453588004e+00  4.9895222e+00         -inf  1.00779e+05  4.98952e+00  4.98952e+00
2.463402356e+00  4.8190536e+00         -inf  1.00779e+05  4.81905e+00  4.81905e+00
2.473255966e+00  4.7763583e+00         -inf  1.00779e+05  4.77636e+00  4.77636e+00
2.483148990e+00  4.9973885e+00         -inf  1.00779e+05  4.99739e+00  4.99739e+00
2.493081586e+00  5.0563722e+00         -inf  1.00779e+05  5.05637e+00  5.05637e+00
2.503053912e+00  5.2692703e+00         -inf  1.00779e+05  5.26927e+00  5.26927e+00
2.513066128e+00  5.5831764e+00         -inf  1.00779e+05  5.58318e+00  5.58318e+00
2.523118392e+00  5.9477176e+00         -inf  1.00779e+05  5.94772e+00  5.94772e+00
2.533210866e+00  6.4603306e+00         -inf  1.00779e+05  6.46033e+00  6.46033e+00
2.543343709e+00  6.8286088e+00         -inf  1.00779e+05  6.82861e+00  6.82861e+00
2.553517084e+00  7.6566831e+00         -inf  1.00779e+05  7.65668e+00  7.65668e+00
2.563731152e+00  8.6748605e+00         -inf  1.00779e+05  8.67486e+00  8.67486e+00
2.573986077e+00  9.1424166e+00         -inf  1.00779e+05  9.14242e+00  9.14242e+00
2.584282021e+00  9.7109871e+00         -inf  1.00779e+05  9.71099e+00  9.71099e+00
2.594619149e+00  1.0257847e+01         -inf  1.00779e+05  1.02578e+01  1.02578e+01
2.604997626e+00  1.0215054e+01         -inf  1.00779e+05  1.02151e+01  1.02151e+01
2.615417616e+00  1.0287465e+01         -inf  1.00779e+05  1.02875e+01  1.02875e+01
2.625879287e+00  9.8259327e+00         -inf  1.00779e+05  9.82593e+00  9.82593e+00
2.636382804e+00  9.5548336e+00         -inf  1.00779e+05  9.55483e+00  9.55483e+00
2.646928335e+00  9.5283066e+00         -inf  1.00779e+05  9.52831e+00  9.52831e+00
2.657516049e+00  1.0363676e+01         -inf  1.00779e+05  1.03637e+01  1.03637e+01
2.668146113e+00  1.9222007e+01         -inf  1.00779e+05  1.92220e+01  1.92220e+01
2.678818697e+00  3.0091021e+01         -inf  1.00779e+05  3.00910e+01  3.00910e+01
2.689533972e+00  2.9604884e+01         -inf  1.00779e+05  2.96049e+01  2.96049e+01
2.700292108e+00  3.0306355e+01         -inf  1.00779e+05  3.03064e+01  3.03064e+01
2.711093276e+00  2.6632273e+01         -inf  1.00779e+05  2.66323e+01  2.66323e+01
2.721937650e+00  2.0638582e+01         -inf  1.00779e+05  2.06386e+01  2.06386e+01
2.732825400e+00  1.8949531e+01         -inf  1.00779e+05  1.89495e+01  1.89495e+01
2.743756702e+00  2.2914823e+01         -inf  1.00779e+05  2.29148e+01  2.29148e+01
2.754731729e+00  2.8888703e+01         -inf  1.00779e+05  2.88887e+01  2.88887e+01
2.765750655e+00  2.8204714e+01         -inf  1.00779e+05  2.82047e+01  2.82047e+01
2.776813658e+00  2.9466573e+01         -inf  1.00779e+05  2.94666e+01  2.94666e+01
2.787920913e+00  2.6759796e+01         -inf  1.00779e+05  2.67598e+01  2.67598e+01
2.799072596e+00  2.2698714e+01         -inf  1.00779e+05  2.26987e+01  2.26987e+01
2.810268887e+00  2.0350629e+01         -inf  1.00779e+05  2.03506e+01  2.03506e+01
2.821509962e+00  1.8206392e+01         -inf  1.00779e+05  1.82064e+01  1.82064e+01
2.832796002e+00  1.5131840e+01         -inf  1.00779e+05  1.51318e+01  1.51318e+01
2.844127186e+00  1.5639728e+01         -inf  1.00779e+05  1.56397e+01  1.56397e+01
2.855503695e+00  1.3830267e+01         -inf  1.00779e+05  1.38303e+01  1.38303e+01
2.866925710e+00  1.4026699e+01         -inf  1.00779e+05  1.40267e+01  1.40267e+01
2.878393413e+00  1.2231374e+01         -inf  1.00779e+05  1.22314e+01  1.22314e+01
2.889906986e+00  1.1258695e+01         -inf  1.00779e+05  1.12587e+01  1.12587e+01
2.901466614e+00  8.2693801e+00         -inf  1.00779e+05  8.26938e+00  8.26938e+00
2.913072481e+00  5.8753180e+00         -inf  1.00779e+05  5.87532e+00  5.87532e+00
2.924724770e+00  5.0642799e+00         -inf  1.00779e+05  5.06428e+00  5.06428e+00
2.936423670e+00  4.5735024e+00         -inf  1.00779e+05  4.57350e+00  4.57351e+00
2.948169364e+00  5.0341063e+00         -inf  1.00779e+05  5.03411e+00  5.03411e+00
2.959962042e+00  6.8120011e+00         -inf  1.00779e+05  6.81200e+00  6.81200e+00
2.971801890e+00  6.6875006e+00         -inf  1.00779e+05  6.68750e+00  6.68750e+00
2.983689097e+00  7.4128297e+00         -inf  1.00779e+05  7.41283e+00  7.41283e+00
2.995623854e+00  5.6964743e+00         -inf  1.00779e+05  5.69647e+00  5.69648e+00
3.007606349e+00  5.3313789e+00         -inf  1.00779e+05  5.33138e+00  5.33138e+00
3.019636775e+00  5.2367392e+00         -inf  1.00779e+05  5.23674e+00  5.23674e+00
3.031715322e+00  4.5831186e+00         -inf  1.00779e+05  4.58312e+00  4.58312e+00
3.043842183e+00  4.4759818e+00         -inf  1.00779e+05  4.47598e+00  4.47599e+00
3.056017552e+00  4.5027235e+00         -inf  1.00779e+05  4.50272e+00  4.50273e+00
3.068241622e+00  4.5241379e+00         -inf  1.00779e+05  4.52414e+00  4.52415e+00
3.080514588e+00  4.5506935e+00         -inf  1.00779e+05  4.55069e+00  4.55070e+00
3.092836647e+00  4.5829212e+00         -inf  1.00779e+05  4.58292e+00  4.58293e+00
3.105207993e+00  4.6646587e+00         -inf  1.00779e+05  4.66466e+00  4.66467e+00
3.117628825e+00  4.9390755e+00         -inf  1.00779e+05  4.93908e+00  4.93909e+00
3.130099341e+00  5.0728637e+00         -inf  1.00779e+05  5.07286e+00  5.07287e+00
3.142619738e+00  4.8373057e+00         -inf  1.00779e+05  4.83731e+00  4.83732e+00
3.155190217e+00  5.7891695e+00         -inf  1.00779e+05  5.78917e+00  5.78918e+00
3.167810978e+00  5.8178252e+00         -inf  1.00779e+05  5.81783e+00  5.81784e+00
3.180482222e+00  7.6100617e+00         -inf  1.00779e+05  7.61006e+00  7.61008e+00
3.193204151e+00  7.8888207e+00         -inf  1.00779e+05  7.88882e+00  7.88884e+00
3.205976967e+00  8.9339666e+00         -inf  1.00779e+05  8.93397e+00  8.93399e+00
3.218800875e+00  1.0320243e+01         -inf  1.00779e+05  1.03202e+01  1.03203e+01
3.231676079e+00  9.9303312e+00         -inf  1.00779e+05  9.93033e+00  9.93036e+00
3.244602783e+00  1.1623133e+01         -inf  1.00779e+05  1.16231e+01  1.16232e+01
3.257581194e+00  1.2304441e+01         -inf  1.00779e+05  1.23044e+01  1.23045e+01
3.270611519e+00  1.0195663e+01         -inf  1.00779e+05  1.01957e+01  1.01957e+01
3.283693965e+00  7.6476593e+00         -inf  1.00779e+05  7.64766e+00  7.64769e+00
3.296828741e+00  8.9390835e+00         -inf  1.00779e+05  8.93908e+00  8.93912e+00
3.310016056e+00  1.7561965e+01         -inf  1.00779e+05  1.75620e+01  1.75620e+01
3.323256120e+00  1.5505135e+01         -inf  1.00779e+05  1.55051e+01  1.55052e+01
3.336549144e+00  7.8371842e+00         -inf  1.00779e+05  7.83718e+00  7.83722e+00
3.349895341e+00  8.8696550e+00         -inf  1.00779e+05  8.86966e+00  8.86970e+00
3.363294922e+00  1.1097406e+01         -inf  1.00779e+05  1.10974e+01  1.10975e+01
3.376748102e+00  1.1198799e+01         -inf  1.00779e+05  1.11988e+01  1.11989e+01
3.390255094e+00  1.1146284e+01         -inf  1.00779e+05  1.11463e+01  1.11463e+01
3.403816115e+00  1.0471655e+01         -inf  1.00779e+05  1.04717e+01  1.04717e+01
3.417431379e+00  8.7206432e+00         -inf  1.00779e+05  8.72064e+00  8.72071e+00
3.431101105e+00  9.0600225e+00         -inf  1.00779e+05  9.06002e+00  9.06009e+00
3.444825509e+00  8.8981018e+00         -inf  1.00779e+05  8.89810e+00  8.89817e+00
3.458604811e+00  8.0328137e+00         -inf  1.00779e+05  8.03281e+00  8.03289e+00
3.472439231e+00  8.9682182e+00         -inf  1.00779e+05  8.96822e+00  8.96830e+00
3.486328987e+00  8.6253087e+00         -inf  1.00779e+05  8.62531e+00  8.62539e+00
3.500274303e+00  7.4812392e+00         -inf  1.00779e+05  7.48124e+00  7.48132e+00
3.514275401e+00  5.9413421e+00         -inf  1.00779e+05  5.94134e+00  5.94143e+00
3.528332502e+00  6.9418673e+00         -inf  1.00779e+05  6.94187e+00  6.94196e+00
3.542445832e+00  9.7061016e+00         -inf  1.00779e+05  9.70610e+00  9.70621e+00
3.556615616e+00  7.4587389e+00         -inf  1.00779e+05  7.45874e+00  7.45885e+00
3.570842078e+00  8.8894734e+00         -inf  1.00779e+05  8.88947e+00  8.88959e+00
3.585125446e+00  8.4194796e+00         -inf  1.00779e+05  8.41948e+00  8.41961e+00
3.599465948e+00  6.8566631e+00         -inf  1.00779e+05  6.85666e+00  6.85679e+00
3.613863812e+00  6.6338648e+00         -inf  1.00779e+05  6.63386e+00  6.63400e+00
3.628319267e+00  6.2284027e+00         -inf  1.00779e+05  6.22840e+00  6.22855e+00
3.642832544e+00  6.5822010e+00         -inf  1.00779e+05  6.58220e+00  6.58236e+00
3.657403874e+00  5.0453818e+00         -inf  1.00779e+05  5.04538e+00  5.04554e+00
3.672033490e+00  5.4678662e+00         -inf  1.00779e+05  5.46787e+00  5.46804e+00
3.686721624e+00  5.6177715e+00         -inf  1.00779e+05  5.61777e+00  5.61796e+00
3.701468510e+00  5.0583372e+00         -inf  1.00779e+05  5.05834e+00  5.05853e+00
3.716274384e+00  5.5570701e+00         -inf  1.00779e+05  5.55707e+00  5.55728e+00
3.731139482e+00  5.9945963e+00         -inf  1.00779e+05  5.99460e+00  5.99482e+00
3.746064040e+00  5.6729648e+00         -inf  1.00779e+05  5.67296e+00  5.67320e+00
3.761048296e+00  5.4643656e+00         -inf  1.00779e+05  5.46437e+00  5.46462e+00
3.776092489e+00  5.7528790e+00         -inf  1.00779e+05  5.75288e+00  5.75315e+00
3.791196859e+00  6.4489122e+00         -inf  1.00779e+05  6.44891e+00  6.44920e+00
3.806361647e+00  6.8259633e+00         -inf  1.00779e+05  6.82596e+00  6.82627e+00
3.821587093e+00  6.5979166e+00         -inf  1.00779e+05  6.59792e+00  6.59825e+00
3.836873442e+00  7.4846886e+00         -inf  1.00779e+05  7.48469e+00  7.48505e+00
3.852220935e+00  8.5174605e+00         -inf  1.00779e+05  8.51746e+00  8.51786e+00
3.867629819e+00  1.1215245e+01         -inf  1.00779e+05  1.12152e+01  1.12157e+01
3.883100338e+00  1.3259371e+01         -inf  1.00779e+05  1.32594e+01  1.32599e+01
3.898632740e+00  1.1890445e+01         -inf  1.00779e+05  1.18904e+01  1.18910e+01
3.914227271e+00  1.2766537e+01         -inf  1.00779e+05  1.27665e+01  1.27672e+01
3.929884180e+00  1.2191829e+01         -inf  1.00779e+05  1.21918e+01  1.21925e+01
3.945603716e+00  1.1196767e+01         -inf  1.00779e+05  1.11968e+01  1.11974e+01
3.961386131e+00  1.0782480e+01         -inf  1.00779e+05  1.07825e+01  1.07832e+01
3.977231676e+00  1.1325294e+01         -inf  1.00779e+05  1.13253e+01  1.13261e+01
3.993140603e+00  1.1745181e+01         -inf  1.00779e+05  1.17452e+01  1.17460e+01
4.009113165e+00  1.2609585e+01         -inf  1.00779e+05  1.26096e+01  1.26105e+01
4.025149618e+00  1.3614445e+01         -inf  1.00779e+05  1.36144e+01  1.36155e+01
4.041250216e+00  1.4617020e+01         -inf  1.00779e+05  1.46170e+01  1.46183e+01
4.057415217e+00  1.4887864e+01         -inf  1.00779e+05  1.48879e+01  1.48892e+01
4.073644878e+00  1.5548802e+01         -inf  1.00779e+05  1.55488e+01  1.55503e+01
4.089939457e+00  1.5949879e+01         -inf  1.00779e+05  1.59499e+01  1.59516e+01
4.106299215e+00  1.6087710e+01         -inf  1.00779e+05  1.60877e+01  1.60895e+01
4.122724412e+00  1.6295594e+01         -inf  1.00779e+05  1.62956e+01  1.62976e+01
4.139215310e+00  1.6539251e+01         -inf  1.00779e+05  1.65393e+01  1.65414e+01
4.155772171e+00  1.6739952e+01         -inf  1.00779e+05  1.67400e+01  1.67422e+01
4.172395260e+00  1.7892436e+01         -inf  1.00779e+05  1.78924e+01  1.78948e+01
4.189084841e+00  2.2914290e+01         -inf  1.00779e+05  2.29143e+01  2.29152e+01
4.205841180e+00  3.2261568e+01         -inf  1.00779e+05  3.22616e+01  3.22617e+01
4.222664545e+00  4.0132679e+01         -inf  1.00779e+05  4.01327e+01  4.01328e+01
4.239555203e+00  4.3229250e+01         -inf  1.00779e+05  4.32292e+01  4.32294e+01
4.256513424e+00  4.1246331e+01         -inf  1.00779e+05  4.12463e+01  4.12464e+01
4.273539477e+00  4.2858444e+01         -inf  1.00779e+05  4.28584e+01  4.28586e+01
4.290633635e+00  4.1583941e+01         -inf  1.00779e+05  4.15839e+01  4.15841e+01
4.307796170e+00  3.8891075e+01         -inf  1.00779e+05  3.88911e+01  3.88912e+01
4.325027355e+00  3.5467551e+01         -inf  1.00779e+05  3.54676e+01  3.54677e+01
4.342327464e+00  3.2988802e+01         -inf  1.00779e+05  3.29888e+01  3.29889e+01
4.359696774e+00  3.1877327e+01         -inf  1.00779e+05  3.18773e+01  3.18775e+01
4.377135561e+00  2.9633533e+01         -inf  1.00779e+05  2.96335e+01  2.96339e+01
4.394644103e+00  2.9668860e+01         -inf  1.00779e+05  2.96689e+01  2.96691e+01
4.412222680e+00  2.8854915e+01         -inf  1.00779e+05  2.88549e+01  2.88553e+01
4.429871570e+00  2.6658294e+01         -inf  1.00779e+05  2.66583e+01  2.66593e+01
4.447591057e+00  2.3235388e+01         -inf  1.00779e+05  2.32354e+01  2.32380e+01
4.465381421e+00  2.2500140e+01         -inf  1.00779e+05  2.25001e+01  2.25029e+01
4.483242946e+00  2.2382224e+01         -inf  1.00779e+05  2.23822e+01  2.23853e+01
4.501175918e+00  2.0535614e+01         -inf  1.00779e+05  2.05356e+01  2.05401e+01
4.519180622e+00  2.1850577e+01         -inf  1.00779e+05  2.18506e+01  2.18544e+01
4.537257344e+00  2.0647625e+01         -inf  1.00779e+05  2.06476e+01  2.06524e+01
4.555406374e+00  1.8814517e+01         -inf  1.00779e+05  1.88145e+01  1.88204e+01
4.573627999e+00  1.6717878e+01         -inf  1.00779e+05  1.67179e+01  1.67244e+01
4.591922511e+00  1.3739400e+01         -inf  1.00779e+05  1.37394e+01  1.37455e+01
4.610290201e+00  1.2032132e+01         -inf  1.00779e+05  1.20321e+01  1.20377e+01
4.628731362e+00  1.0620575e+01         -inf  1.00779e+05  1.06206e+01  1.06259e+01
4.647246288e+00  9.3848207e+00         -inf  1.00779e+05  9.38482e+00  9.39010e+00
4.665835273e+00  8.2921694e+00         -inf  1.00779e+05  8.29217e+00  8.29751e+00
4.684498614e+00  7.7864585e+00         -inf  1.00779e+05  7.78646e+00  7.79196e+00
4.703236608e+00  9.6354621e+00         -inf  1.00779e+05  9.63546e+00  9.64158e+00
4.722049555e+00  9.4587677e+00         -inf  1.00779e+05  9.45877e+00  9.46500e+00
4.740937753e+00  9.1206262e+00         -inf  1.00779e+05  9.12063e+00  9.12721e+00
4.759901504e+00  8.9689739e+00         -inf  1.00779e+05  8.96897e+00  8.97573e+00
4.778941110e+00  1.0525654e+01         -inf  1.00779e+05  1.05257e+01  1.05334e+01
4.798056874e+00  1.1827946e+01         -inf  1.00779e+05  1.18279e+01  1.18365e+01
4.817249102e+00  1.6989280e+01         -inf  1.00779e+05  1.69893e+01  1.69986e+01
4.836518098e+00  1.4198851e+01         -inf  1.00779e+05  1.41989e+01  1.42093e+01
4.855864171e+00  1.4478310e+01         -inf  1.00779e+05  1.44783e+01  1.44894e+01
4.875287627e+00  1.2351396e+01         -inf  1.00779e+05  1.23514e+01  1.23625e+01
4.894788778e+00  9.7640074e+00         -inf  1.00779e+05  9.76401e+00  9.77456e+00
4.914367933e+00  9.0645174e+00         -inf  1.00779e+05  9.06452e+00  9.07468e+00
4.934025405e+00  7.1255820e+00         -inf  1.00779e+05  7.12558e+00  7.13552e+00
4.953761506e+00  7.1147815e+00         -inf  1.00779e+05  7.11478e+00  7.12520e+00
4.973576552e+00  6.1995910e+00         -inf  1.00779e+05  6.19959e+00  6.21034e+00
4.993470859e+00  5.6040299e+00         -inf  1.00779e+05  5.60403e+00  5.61517e+00
5.013444742e+00  4.5070326e+00         -inf  1.00779e+05  4.50703e+00  4.51858e+00
5.033498521e+00  4.5170372e+00         -inf  1.00779e+05  4.51704e+00  4.52913e+00
5.053632515e+00  4.6412870e+00         -inf  1.00779e+05  4.64129e+00  4.65397e+00
5.073847045e+00  5.0412144e+00         -inf  1.00779e+05  5.04121e+00  5.05458e+00
5.094142433e+00  5.6021800e+00         -inf  1.00779e+05  5.60218e+00  5.61632e+00
5.114519003e+00  5.7492556e+00         -inf  1.00779e+05  5.74926e+00  5.76406e+00
5.134977079e+00  5.3134738e+00         -inf  1.00779e+05  5.31347e+00  5.32882e+00
5.155516987e+00  6.2177865e+00         -inf  1.00779e+05  6.21779e+00  6.23406e+00
5.176139055e+00  1.1181338e+01         -inf  1.00779e+05  1.11813e+01  1.12005e+01
5.196843612e+00  8.7320689e+00         -inf  1.00779e+05  8.73207e+00  8.75117e+00
5.217630986e+00  9.9155920e+00         -inf  1.00779e+05  9.91559e+00  9.93663e+00
5.238501510e+00  8.9335291e+00         -inf  1.00779e+05  8.93353e+00  8.95521e+00
5.259455516e+00  7.9655761e+00         -inf  1.00779e+05  7.96558e+00  7.98740e+00
5.280493338e+00  7.0167053e+00         -inf  1.00779e+05  7.01671e+00  7.03871e+00
5.301615311e+00  6.7481616e+00         -inf  1.00779e+05  6.74816e+00  6.77092e+00
5.322821773e+00  7.4660961e+00         -inf  1.00779e+05  7.46610e+00  7.49024e+00
5.344113060e+00  6.8740690e+00         -inf  1.00779e+05  6.87407e+00  6.89929e+00
5.365489512e+00  6.9459905e+00         -inf  1.00779e+05  6.94599e+00  6.97261e+00
5.386951470e+00  6.9121285e+00         -inf  1.00779e+05  6.91213e+00  6.94019e+00
5.408499276e+00  6.9043087e+00         -inf  1.00779e+05  6.90431e+00  6.93390e+00
5.430133273e+00  6.9552097e+00         -inf  1.00779e+05  6.95521e+00  6.98639e+00
5.451853806e+00  7.0616708e+00         -inf  1.00779e+05  7.06167e+00  7.09463e+00
5.473661221e+00  7.1949449e+00         -inf  1.00779e+05  7.19494e+00  7.22987e+00
5.495555866e+00  7.3458906e+00         -inf  1.00779e+05  7.34589e+00  7.38299e+00
5.517538090e+00  7.4857105e+00         -inf  1.00779e+05  7.48571e+00  7.52510e+00
5.539608242e+00  7.6269399e+00         -inf  1.00779e+05  7.62694e+00  7.66885e+00
5.561766675e+00  7.7628609e+00         -inf  1.00779e+05  7.76286e+00  7.80748e+00
5.584013742e+00  7.9044884e+00         -inf  1.00779e+05  7.90449e+00  7.95196e+00
5.606349797e+00  8.0432442e+00         -inf  1.00779e+05  8.04324e+00  8.09377e+00
5.628775196e+00  8.1754997e+00         -inf  1.00779e+05  8.17550e+00  8.22928e+00
5.651290297e+00  8.3099270e+00         -inf  1.00779e+05  8.30993e+00  8.36718e+00
5.673895458e+00  8.4532279e+00         -inf  1.00779e+05  8.45323e+00  8.51425e+00
5.696591040e+00  8.5810690e+00         -inf  1.00779e+05  8.58107e+00  8.64604e+00
5.719377404e+00  8.8126516e+00         -inf  1.00779e+05  8.81265e+00  8.88181e+00
5.742254913e+00  8.9224720e+00         -inf  1.00779e+05  8.92247e+00  8.99624e+00
5.765223933e+00  9.0679894e+00         -inf  1.00779e+05  9.06799e+00  9.14675e+00
5.788284829e+00  9.1393778e+00         -inf  1.00779e+05  9.13938e+00  9.22342e+00
5.811437968e+00  9.2696918e+00         -inf  1.00779e+05  9.26969e+00  9.35933e+00
5.834683720e+00  9.4010072e+00         -inf  1.00779e+05  9.40101e+00  9.49621e+00
5.858022455e+00  9.4686455e+00         -inf  1.00779e+05  9.46865e+00  9.56934e+00
5.881454545e+00  9.5154400e+00         -inf  1.00779e+05  9.51544e+00  9.62151e+00
5.904980363e+00  9.5653532e+00         -inf  1.00779e+05  9.56535e+00  9.67677e+00
5.928600284e+00  9.6118529e+00         -inf  1.00779e+05  9.61185e+00  9.72867e+00
5.952314685e+00  9.6803022e+00         -inf  1.00779e+05  9.68030e+00  9.80259e+00
5.976123944e+00  9.6853828e+00         -inf  1.00779e+05  9.68538e+00  9.81267e+00
6.000028440e+00  9.7387925e+00         -inf  1.00779e+05  9.73879e+00  9.87094e+00
6.024028554e+00  9.7170518e+00         -inf  1.00779e+05  9.71705e+00  9.85387e+00
6.048124668e+00  9.7424844e+00         -inf  1.00779e+05  9.74248e+00  9.88349e+00
6.072317167e+00  9.7379331e+00         -inf  1.00779e+05  9.73793e+00  9.88305e+00
6.096606435e+00  9.7074072e+00         -inf  1.00779e+05  9.70741e+00  9.85653e+00
6.120992861e+00  9.7206972e+00         -inf  1.00779e+05  9.72070e+00  9.87350e+00
6.145476832e+00  9.6346855e+00         -inf  1.00779e+05  9.63469e+00  9.79101e+00
6.170058740e+00  9.6419879e+00         -inf  1.00779e+05  9.64199e+00  9.80162e+00
6.194738975e+00  9.5933205e+00         -inf  1.00779e+05  9.59332e+00  9.75697e+00
6.219517931e+00  9.5990257e+00         -inf  1.00779e+05  9.59903e+00  9.76731e+00
6.244396002e+00  9.5541840e+00         -inf  1.00779e+05  9.55418e+00  9.72832e+00
6.269373586e+00  9.4547895e+00         -inf  1.00779e+05  9.45479e+00  9.63601e+00
6.294451081e+00  9.6663509e+00         -inf  1.00779e+05  9.66635e+00  9.85538e+00
6.319628885e+00  9.5282370e+00         -inf  1.00779e+05  9.52824e+00  9.72637e+00
6.344907401e+00  9.7596377e+00         -inf  1.00779e+05  9.75964e+00  9.96705e+00
6.370287030e+00  9.6402897e+00         -inf  1.00779e+05  9.64029e+00  9.85741e+00
6.395768178e+00  9.7656983e+00         -inf  1.00779e+05  9.76570e+00  9.99243e+00
6.421351251e+00  9.8129625e+00         -inf  1.00779e+05  9.81296e+00  1.00492e+01
6.447036656e+00  9.9499046e+00         -inf  1.00779e+05  9.94990e+00  1.01953e+01
6.472824803e+00  1.0187251e+01         -inf  1.00779e+05  1.01873e+01  1.04409e+01
6.498716102e+00  1.1113525e+01         -inf  1.00779e+05  1.11135e+01  1.13747e+01
6.524710966e+00  1.0155995e+01         -inf  1.00779e+05  1.01560e+01  1.04255e+01
6.550809810e+00  9.6138474e+00         -inf  1.00779e+05  9.61385e+00  9.89083e+00
6.577013049e+00  9.5484153e+00         -inf  1.00779e+05  9.54842e+00  9.83195e+00
6.603321102e+00  9.4779319e+00         -inf  1.00779e+05  9.47793e+00  9.76722e+00
6.629734386e+00  9.3904269e+00         -inf  1.00779e+05  9.39043e+00  9.68517e+00
6.656253324e+00  9.4402099e+00         -inf  1.00779e+05  9.44021e+00  9.74008e+00
6.682878337e+00  9.2668352e+00         -inf  1.00779e+05  9.26684e+00  9.57164e+00
6.709609850e+00  9.1895697e+00         -inf  1.00779e+05  9.18957e+00  9.49886e+00
6.736448290e+00  9.2263397e+00         -inf  1.00779e+05  9.22634e+00  9.54007e+00
6.763394083e+00  8.9388819e+00         -inf  1.00779e+05  8.93888e+00  9.25667e+00
6.790447659e+00  9.3477630e+00         -inf  1.00779e+05  9.34776e+00  9.66890e+00
6.817609450e+00  8.8945035e+00         -inf  1.00779e+05  8.89450e+00  9.21891e+00
6.844879888e+00  8.8029497e+00         -inf  1.00779e+05  8.80295e+00  9.13074e+00
6.872259407e+00  8.6864053e+00         -inf  1.00779e+05  8.68641e+00  9.01809e+00
6.899748445e+00  8.7369230e+00         -inf  1.00779e+05  8.73692e+00  9.07282e+00
6.927347438e+00  8.3911326e+00         -inf  1.00779e+05  8.39113e+00  8.73011e+00
6.955056828e+00  8.1185234e+00         -inf  1.00779e+05  8.11852e+00  8.46041e+00
6.982877056e+00  8.1249260e+00         -inf  1.00779e+05  8.12493e+00  8.47069e+00
7.010808564e+00  7.9456423e+00         -inf  1.00779e+05  7.94564e+00  8.29473e+00
7.038851798e+00  7.6038205e+00         -inf  1.00779e+05  7.60382e+00  7.95560e+00
7.067007205e+00  7.4722480e+00         -inf  1.00779e+05  7.47225e+00  7.82834e+00
7.095275234e+00  7.3650586e+00         -inf  1.00779e+05  7.36506e+00  7.72556e+00
7.123656335e+00  7.1528644e+00         -inf  1.00779e+05  7.15286e+00  7.51857e+00
7.152150960e+00  7.1347480e+00         -inf  1.00779e+05  7.13475e+00  7.50626e+00
7.180759564e+00  7.0386718e+00         -inf  1.00779e+05  7.03867e+00  7.41706e+00
7.209482602e+00  7.3703514e+00         -inf  1.00779e+05  7.37035e+00  7.75772e+00
7.238320533e+00  7.9279222e+00         -inf  1.00779e+05  7.92792e+00  8.32931e+00
7.267273815e+00  8.8490509e+00         -inf  1.00779e+05  8.84905e+00  9.26754e+00
7.296342910e+00  8.8535545e+00         -inf  1.00779e+05  8.85355e+00  9.28593e+00
7.325528282e+00  9.8988971e+00         -inf  1.00779e+05  9.89890e+00  1.03606e+01
7.354830395e+00  1.1474021e+01         -inf  1.00779e+05  1.14740e+01  1.19633e+01
7.384249717e+00  1.2688390e+01         -inf  1.00779e+05  1.26884e+01  1.31879e+01
7.413786715e+00  1.2021449e+01         -inf  1.00779e+05  1.20214e+01  1.25177e+01
7.443441862e+00  1.3318759e+01         -inf  1.00779e+05  1.33188e+01  1.38175e+01
7.473215630e+00  1.2889815e+01         -inf  1.00779e+05  1.28898e+01  1.34025e+01
7.503108492e+00  1.3477665e+01         -inf  1.00779e+05  1.34777e+01  1.39862e+01
7.533120926e+00  1.2755023e+01         -inf  1.00779e+05  1.27550e+01  1.32817e+01
7.563253410e+00  1.1176873e+01         -inf  1.00779e+05  1.11769e+01  1.17351e+01
7.593506424e+00  1.1180475e+01         -inf  1.00779e+05  1.11805e+01  1.17809e+01
7.623880449e+00  1.3065460e+01         -inf  1.00779e+05  1.30655e+01  1.37220e+01
7.654375971e+00  1.8303571e+01         -inf  1.00779e+05  1.83036e+01  1.88652e+01
7.684993475e+00  1.9241161e+01         -inf  1.00779e+05  1.92412e+01  1.98686e+01
7.715733449e+00  1.8144979e+01         -inf  1.00779e+05  1.81450e+01  1.88350e+01
7.746596383e+00  1.6905079e+01         -inf  1.00779e+05  1.69051e+01  1.76214e+01
7.777582768e+00  1.5053526e+01         -inf  1.00779e+05  1.50535e+01  1.57736e+01
7.808693099e+00  1.6313362e+01         -inf  1.00779e+05  1.63134e+01  1.70751e+01
7.839927872e+00  1.7088178e+01         -inf  1.00779e+05  1.70882e+01  1.78804e+01
7.871287583e+00  1.6896848e+01         -inf  1.00779e+05  1.68968e+01  1.76974e+01
7.902772733e+00  1.5575908e+01         -inf  1.00779e+05  1.55759e+01  1.64108e+01
7.934383824e+00  1.4466350e+01         -inf  1.00779e+05  1.44663e+01  1.53164e+01
7.966121360e+00  1.2431745e+01         -inf  1.00779e+05  1.24317e+01  1.32884e+01
7.997985845e+00  1.0634645e+01         -inf  1.00779e+05  1.06346e+01  1.14847e+01
8.029977788e+00  1.0545810e+01         -inf  1.00779e+05  1.05458e+01  1.14243e+01
8.062097700e+00  8.9321662e+00         -inf  1.00779e+05  8.93217e+00  9.80321e+00
8.094346090e+00  7.7747164e+00         -inf  1.00779e+05  7.77472e+00  8.65234e+00
8.126723475e+00  6.5746066e+00         -inf  1.00779e+05  6.57461e+00  7.45074e+00
8.159230369e+00  5.7743477e+00         -inf  1.00779e+05  5.77435e+00  6.65887e+00
8.191867290e+00  6.3443741e+00         -inf  1.00779e+05  6.34437e+00  7.26246e+00
8.224634759e+00  4.9070361e+00         -inf  1.00779e+05  4.90704e+00  5.82565e+00
8.257533298e+00  4.9284095e+00         -inf  1.00779e+05  4.92841e+00  5.87220e+00
8.290563432e+00  4.0316214e+00         -inf  1.00779e+05  4.03162e+00  4.98576e+00
8.323725685e+00  4.8328447e+00         -inf  1.00779e+05  4.83284e+00  5.82059e+00
8.357020588e+00  5.1194939e+00         -inf  1.00779e+05  5.11949e+00  6.13445e+00
8.390448670e+00  6.2028046e+00         -inf  1.00779e+05  6.20280e+00  7.25856e+00
8.424010465e+00  6.7562509e+00         -inf  1.00779e+05  6.75625e+00  7.84414e+00
8.457706507e+00  7.8558318e+00         -inf  1.00779e+05  7.85583e+00  8.98351e+00
8.491537333e+00  7.6580957e+00         -inf  1.00779e+05  7.65810e+00  8.81003e+00
8.525503482e+00  7.4201903e+00         -inf  1.00779e+05  7.42019e+00  8.59148e+00
8.559605496e+00  5.3975727e+00         -inf  1.00779e+05  5.39757e+00  6.57607e+00
8.593843918e+00  7.0621265e+00         -inf  1.00779e+05  7.06213e+00  8.28703e+00
8.628219294e+00  7.6426043e+00         -inf  1.00779e+05  7.64260e+00  8.91285e+00
8.662732171e+00  7.6379357e+00         -inf  1.00779e+05  7.63794e+00  8.94380e+00
8.697383100e+00  7.2126066e+00         -inf  1.00779e+05  7.21261e+00  8.54694e+00
8.732172632e+00  6.1809476e+00         -inf  1.00779e+05  6.18095e+00  7.53348e+00
8.767101323e+00  5.0368505e+00         -inf  1.00779e+05  5.03685e+00  6.40669e+00
8.802169728e+00  4.0794144e+00         -inf  1.00779e+05  4.07941e+00  5.47177e+00
8.837378407e+00  3.4199539e+00         -inf  1.00779e+05  3.41995e+00  4.83963e+00
8.872727920e+00  3.0588443e+00         -inf  1.00779e+05  3.05884e+00  4.51000e+00
8.908218832e+00  2.9413027e+00         -inf  1.00779e+05  2.94130e+00  4.42682e+00
8.943851707e+00  2.8206533e+00         -inf  1.00779e+05  2.82065e+00  4.34141e+00
8.979627114e+00  2.6978925e+00         -inf  1.00779e+05  2.69789e+00  4.25513e+00
9.015545623e+00  2.5847971e+00         -inf  1.00779e+05  2.58480e+00  4.17950e+00
9.051607805e+00  2.5664471e+00         -inf  1.00779e+05  2.56645e+00  4.19953e+00
9.087814236e+00  2.5392872e+00         -inf  1.00779e+05  2.53929e+00  4.21147e+00
9.124165493e+00  2.6430685e+00         -inf  1.00779e+05  2.64307e+00  4.35725e+00
9.160662155e+00  3.0135518e+00         -inf  1.00779e+05  3.01355e+00  4.77717e+00
9.197304804e+00  3.6351888e+00         -inf  1.00779e+05  3.63519e+00  5.46109e+00
9.234094023e+00  4.1426063e+00         -inf  1.00779e+05  4.14261e+00  6.04133e+00
9.271030399e+00  4.4600448e+00         -inf  1.00779e+05  4.46004e+00  6.42550e+00
9.308114521e+00  4.4177930e+00         -inf  1.00779e+05  4.41779e+00  6.42583e+00
9.345346979e+00  4.1943511e+00         -inf  1.00779e+05  4.19435e+00  6.23260e+00
9.382728367e+00  4.2980029e+00         -inf  1.00779e+05  4.29800e+00  6.33968e+00
9.420259280e+00  6.4115578e+00         -inf  1.00779e+05  6.41156e+00  8.48302e+00
9.457940318e+00  8.1608525e+00         -inf  1.00779e+05  8.16085e+00  1.02823e+01
9.495772079e+00  9.3074162e+00         -inf  1.00779e+05  9.30742e+00  1.14857e+01
9.533755167e+00  8.2390891e+00         -inf  1.00779e+05  8.23909e+00  1.04596e+01
9.571890188e+00  5.1973799e+00         -inf  1.00779e+05  5.19738e+00  7.48322e+00
9.610177749e+00  8.1194070e+00         -inf  1.00779e+05  8.11941e+00  1.04218e+01
9.648618460e+00  7.6984623e+00         -inf  1.00779e+05  7.69846e+00  1.00490e+01
9.687212933e+00  6.3559503e+00         -inf  1.00779e+05  6.35595e+00  8.74623e+00
9.725961785e+00  5.8046294e+00         -inf  1.00779e+05  5.80463e+00  8.23755e+00
9.764865632e+00  5.5104323e+00         -inf  1.00779e+05  5.51043e+00  7.99423e+00
9.803925095e+00  4.8283340e+00         -inf  1.00779e+05  4.82833e+00  7.37136e+00
9.843140795e+00  4.2879988e+00         -inf  1.00779e+05  4.28800e+00  6.89073e+00
9.882513358e+00  3.4617128e+00         -inf  1.00779e+05  3.46171e+00  6.12790e+00
9.922043412e+00  2.8623535e+00         -inf  1.00779e+05  2.86235e+00  5.58907e+00
9.961731585e+00  2.3190671e+00         -inf  1.00779e+05  2.31907e+00  5.10606e+00
1.000157851e+01  1.8415083e+00         -inf  1.00779e+05  1.84151e+00  4.68936e+00
1.004158483e+01  1.4697970e+00         -inf  1.00779e+05  1.46980e+00  4.37927e+00
1.008175117e+01  1.3681956e+00         -inf  1.00779e+05  1.36820e+00  4.34190e+00
1.012207817e+01  1.4113841e+00         -inf  1.00779e+05  1.41138e+00  4.45542e+00
1.016256648e+01  1.6982573e+00         -inf  1.00779e+05  1.69826e+00  4.82439e+00
1.020321675e+01  2.0374875e+00         -inf  1.00779e+05  2.03749e+00  5.25614e+00
1.024402962e+01  2.2191595e+00         -inf  1.00779e+05  2.21916e+00  5.52422e+00
1.028500573e+01  2.3434036e+00         -inf  1.00779e+05  2.34340e+00  5.73114e+00
1.032614576e+01  2.2989065e+00         -inf  1.00779e+05  2.29891e+00  5.75178e+00
1.036745034e+01  1.5669237e+00         -inf  1.00779e+05  1.56692e+00  5.03857e+00
1.040892014e+01  9.1261229e-01         -inf  1.00779e+05  9.12612e-01  4.42503e+00
1.045055582e+01  1.6067166e+00         -inf  1.00779e+05  1.60672e+00  5.23185e+00
1.049235805e+01  1.5159918e+00         -inf  1.00779e+05  1.51599e+00  5.22158e+00
1.053432748e+01  1.4763577e+00         -inf  1.00779e+05  1.47636e+00  5.26222e+00
1.057646479e+01  1.3626520e+00         -inf  1.00779e+05  1.36265e+00  5.22124e+00
1.061877065e+01  1.1691795e+00         -inf  1.00779e+05  1.16918e+00  5.09392e+00
1.066124573e+01  9.2866071e-01         -inf  1.00779e+05  9.28661e-01  4.91665e+00
1.070389071e+01  6.7820941e-01         -inf  1.00779e+05  6.78209e-01  4.73004e+00
1.074670627e+01  5.0440884e-01         -inf  1.00779e+05  5.04409e-01  4.62480e+00
1.078969310e+01  2.1465893e-01         -inf  1.00779e+05  2.14659e-01  4.40408e+00
1.083285187e+01  1.0741625e-02         -inf  1.00779e+05  1.07416e-02  4.27498e+00
1.087618328e+01 -1.3873566e-01         -inf  1.00779e+05 -1.38736e-01  4.20437e+00
1.091968801e+01 -2.8084328e-01         -inf  1.00779e+05 -2.80843e-01  4.14327e+00
1.096336676e+01 -3.9244089e-01         -inf  1.00779e+05 -3.92441e-01  4.11486e+00
1.100722023e+01 -4.6610254e-01         -inf  1.00779e+05 -4.66103e-01  4.12666e+00
1.105124911e+01 -5.8656125e-01         -inf  1.00779e+05 -5.86561e-01  4.09180e+00
1.109545411e+01 -6.7865713e-01         -inf  1.00779e+05 -6.78657e-01  4.08730e+00
1.113983593e+01 -7.8966695e-01         -inf  1.00779e+05 -7.89667e-01  4.06463e+00
1.118439527e+01 -8.9466364e-01         -inf  1.00779e+05 -8.94664e-01  4.04929e+00
1.122913285e+01 -9.8907394e-01         -inf  1.00779e+05 -9.89074e-01  4.04624e+00
1.127404938e+01 -1.0982350e+00         -inf  1.00779e+05 -1.09824e+00  4.02930e+00
1.131914558e+01 -1.2042908e+00         -inf  1.00779e+05 -1.20429e+00  4.01688e+00
1.136442216e+01 -1.3005605e+00         -inf  1.00779e+05 -1.30056e+00  4.01589e+00
1.140987985e+01 -1.3957001e+00         -inf  1.00779e+05 -1.39570e+00  4.01739e+00
1.145551937e+01 -1.4863108e+00         -inf  1.00779e+05 -1.48631e+00  4.02481e+00
1.150134145e+01 -1.5872931e+00         -inf  1.00779e+05 -1.58729e+00  4.02293e+00
1.154734681e+01 -1.6661371e+00         -inf  1.00779e+05 -1.66614e+00  4.04558e+00
1.159353620e+01 -1.7594653e+00         -inf  1.00779e+05 -1.75947e+00  4.05458e+00
1.163991035e+01 -1.8921157e+00         -inf  1.00779e+05 -1.89212e+00  4.02358e+00
1.168646999e+01 -1.9844612e+00         -inf  1.00779e+05 -1.98446e+00  4.03615e+00
1.173321587e+01 -2.0716314e+00         -inf  1.00779e+05 -2.07163e+00  4.05545e+00
1.178014873e+01 -2.1841785e+00         -inf  1.00779e+05 -2.18418e+00  4.04993e+00
1.182726932e+01 -2.2821613e+00         -inf  1.00779e+05 -2.28216e+00  4.06094e+00
1.187457840e+01 -2.3926586e+00         -inf  1.00779e+05 -2.39266e+00  4.06028e+00
1.192207672e+01 -2.4978427e+00         -inf  1.00779e+05 -2.49784e+00  4.06658e+00
1.196976502e+01 -2.5951611e+00         -inf  1.00779e+05 -2.59516e+00  4.08252e+00
1.201764408e+01 -2.6838596e+00         -inf  1.00779e+05 -2.68386e+00  4.10917e+00
1.206571466e+01 -2.5171344e+00         -inf  1.00779e+05 -2.51713e+00  4.41008e+00
1.211397752e+01 -2.8244717e+00         -inf  1.00779e+05 -2.82447e+00  4.20678e+00
1.216243343e+01 -2.8262622e+00         -inf  1.00779e+05 -2.82626e+00  4.33180e+00
1.221108316e+01 -2.7870290e+00         -inf  1.00779e+05 -2.78703e+00  4.50483e+00
1.225992749e+01 -2.7217779e+00         -inf  1.00779e+05 -2.72178e+00  4.71110e+00
1.230896720e+01 -2.6546115e+00         -inf  1.00779e+05 -2.65461e+00  4.92498e+00
1.235820307e+01 -2.5957693e+00         -inf  1.00779e+05 -2.59577e+00  5.13373e+00
1.240763589e+01 -2.5669897e+00         -inf  1.00779e+05 -2.56699e+00  5.31043e+00
1.245726643e+01 -2.5918988e+00         -inf  1.00779e+05 -2.59190e+00  5.42535e+00
1.250709549e+01 -2.7046754e+00         -inf  1.00779e+05 -2.70468e+00  5.43789e+00
1.255712388e+01 -2.8966103e+00         -inf  1.00779e+05 -2.89661e+00  5.35691e+00
1.260735237e+01 -1.6003358e+00         -inf  1.00779e+05 -1.60034e+00  7.14149e+00
1.265778178e+01 -2.3740489e+00         -inf  1.00779e+05 -2.37405e+00  6.43603e+00
1.270841291e+01 -3.5010628e+00         -inf  1.00779e+05 -3.50106e+00  5.11644e+00
1.275924656e+01 -3.3886897e+00         -inf  1.00779e+05 -3.38869e+00  5.40328e+00
1.281028355e+01 -3.3360881e+00         -inf  1.00779e+05 -3.33609e+00  5.62322e+00
1.286152468e+01 -3.3762301e+00         -inf  1.00779e+05 -3.37623e+00  5.74606e+00
1.291297078e+01 -3.3953549e+00         -inf  1.00779e+05 -3.39535e+00  5.90085e+00
1.296462266e+01 -2.9539304e+00         -inf  1.00779e+05 -2.95393e+00  6.59998e+00
1.301648115e+01 -2.9872639e+00         -inf  1.00779e+05 -2.98726e+00  6.83278e+00
1.306854708e+01 -2.9693137e+00         -inf  1.00779e+05 -2.96931e+00  7.16669e+00
1.312082127e+01 -2.6726903e+00         -inf  1.00779e+05 -2.67269e+00  7.88761e+00
1.317330455e+01 -2.2403303e+00         -inf  1.00779e+05 -2.24033e+00  8.85608e+00
1.322599777e+01 -1.5793736e+00         -inf  1.00779e+05 -1.57937e+00  1.01383e+01
1.327890176e+01 -1.0314150e+00         -inf  1.00779e+05 -1.03141e+00  1.11318e+01
1.333201737e+01 -2.2182358e-01         -inf  1.00779e+05 -2.21824e-01  1.23414e+01
1.338534544e+01  5.5628279e-01         -inf  1.00779e+05  5.56283e-01  1.33841e+01
1.343888682e+01  1.5139859e+00         -inf  1.00779e+05  1.51399e+00  1.45371e+01
1.349264237e+01  6.3959140e+00         -inf  1.00779e+05  6.39591e+00  1.86584e+01
1.354661294e+01  3.9951257e+00         -inf  1.00779e+05  3.99513e+00  1.70558e+01
1.360079939e+01  4.6485455e+00         -inf  1.00779e+05  4.64855e+00  1.76153e+01
1.365520258e+01  4.8918445e+00         -inf  1.00779e+05  4.89184e+00  1.79311e+01
1.370982339e+01  4.1452155e+00         -inf  1.00779e+05  4.14522e+00  1.76584e+01
1.376466269e+01  2.9173752e+00         -inf  1.00779e+05  2.91738e+00  1.69640e+01
1.381972134e+01  3.4315386e+00         -inf  1.00779e+05  3.43154e+00  1.75467e+01
1.387500022e+01  1.9660057e+01         -inf  1.00779e+05  1.96601e+01  2.77631e+01
1.393050023e+01  7.2970094e+00         -inf  1.00779e+05  7.29701e+00  2.00277e+01
1.398622223e+01  6.0649855e+00         -inf  1.00779e+05  6.06499e+00  1.93696e+01
1.404216712e+01  8.3522267e+00         -inf  1.00779e+05  8.35223e+00  2.06773e+01
1.409833578e+01  9.1000448e+00         -inf  1.00779e+05  9.10004e+00  2.11467e+01
1.415472913e+01  1.2073517e+01         -inf  1.00779e+05  1.20735e+01  2.26150e+01
1.421134804e+01  1.5236104e+01         -inf  1.00779e+05  1.52361e+01  2.45691e+01
1.426819344e+01  1.7450030e+01         -inf  1.00779e+05  1.74500e+01  2.56866e+01
1.432526621e+01  1.9280332e+01         -inf  1.00779e+05  1.92803e+01  2.67848e+01
1.438256727e+01  2.2597165e+01         -inf  1.00779e+05  2.25972e+01  2.91534e+01
1.444009754e+01  2.4214768e+01         -inf  1.00779e+05  2.42148e+01  3.05710e+01
1.449785793e+01  2.4359843e+01         -inf  1.00779e+05  2.43598e+01  3.05531e+01
1.455584937e+01  2.6294814e+01         -inf  1.00779e+05  2.62948e+01  3.25020e+01
1.461407276e+01  2.7625349e+01         -inf  1.00779e+05  2.76253e+01  3.39412e+01
1.467252905e+01  2.7641807e+01         -inf  1.00779e+05  2.76418e+01  3.40538e+01
1.473121917e+01  2.7756618e+01         -inf  1.00779e+05  2.77566e+01  3.42803e+01
1.479014405e+01  2.8800662e+01         -inf  1.00779e+05  2.88007e+01  3.54907e+01
1.484930462e+01  2.8384666e+01         -inf  1.00779e+05  2.83847e+01  3.51596e+01
1.490870184e+01  2.8171845e+01         -inf  1.00779e+05  2.81718e+01  3.50440e+01
1.496833665e+01  3.8887427e+01         -inf  1.00779e+05  3.88874e+01  4.59298e+01
1.502821000e+01  2.9042757e+01         -inf  1.00779e+05  2.90428e+01  3.61685e+01
1.508832284e+01  2.9655844e+01         -inf  1.00779e+05  2.96558e+01  3.69225e+01
1.514867613e+01  2.7640882e+01         -inf  1.00779e+05  2.76409e+01  3.49766e+01
1.520927083e+01  2.6298005e+01         -inf  1.00779e+05  2.62980e+01  3.36761e+01
1.527010791e+01  2.6762393e+01         -inf  1.00779e+05  2.67624e+01  3.43052e+01
1.533118835e+01  2.6790019e+01         -inf  1.00779e+05  2.67900e+01  3.44745e+01
1.539251310e+01  2.7742165e+01         -inf  1.00779e+05  2.77422e+01  3.55731e+01
1.545408315e+01  2.4514675e+01         -inf  1.00779e+05  2.45147e+01  3.25638e+01
1.551589948e+01  2.3865901e+01         -inf  1.00779e+05  2.38659e+01  3.20477e+01
1.557796308e+01  2.1689084e+01         -inf  1.00779e+05  2.16891e+01  3.03450e+01
1.564027493e+01  1.8971893e+01         -inf  1.00779e+05  1.89719e+01  2.84138e+01
1.570283603e+01  1.8442144e+01         -inf  1.00779e+05  1.84421e+01  2.83814e+01
1.576564738e+01  1.5960173e+01         -inf  1.00779e+05  1.59602e+01  2.69535e+01
1.582870997e+01  1.2718564e+01         -inf  1.00779e+05  1.27186e+01  2.54316e+01
1.589202481e+01  1.0446715e+01         -inf  1.00779e+05  1.04467e+01  2.44174e+01
1.595559291e+01  5.4693849e+00         -inf  1.00779e+05  5.46938e+00  2.22147e+01
1.601941528e+01  4.7543909e+00         -inf  1.00779e+05  4.75439e+00  2.21659e+01
1.608349294e+01 -1.5618804e+00         -inf  1.00779e+05 -1.56188e+00  1.93388e+01
1.614782691e+01  8.9564692e-01         -inf  1.00779e+05  8.95647e-01  2.07247e+01
1.621241822e+01  1.1050070e+01         -inf  1.00779e+05  1.10501e+01  2.60386e+01
1.627726789e+01 -3.0618273e+00         -inf  1.00779e+05 -3.06183e+00  1.90097e+01
1.634237696e+01 -5.7708650e+00         -inf  1.00779e+05 -5.77087e+00  1.78223e+01
1.640774647e+01 -3.2080465e+00         -inf  1.00779e+05 -3.20805e+00  1.91426e+01
1.647337746e+01 -4.2172301e+00         -inf  1.00779e+05 -4.21723e+00  1.88688e+01
1.653927097e+01 -5.7857923e+00         -inf  1.00779e+05 -5.78579e+00  1.79575e+01
1.660542805e+01 -6.6917559e+00         -inf  1.00779e+05 -6.69176e+00  1.74392e+01
1.667184976e+01 -8.5726705e+00         -inf  1.00779e+05 -8.57267e+00  1.66143e+01
1.673853716e+01 -4.3439367e+00         -inf  1.00779e+05 -4.34394e+00  1.93514e+01
1.680549131e+01 -1.0180298e+01         -inf  1.00779e+05 -1.01803e+01  1.58263e+01
1.687271328e+01 -1.1156493e+01         -inf  1.00779e+05 -1.11565e+01  1.50163e+01
1.694020413e+01 -8.6828715e+00         -inf  1.00779e+05 -8.68287e+00  1.68702e+01
1.700796495e+01 -1.0156500e+01         -inf  1.00779e+05 -1.01565e+01  1.49652e+01
1.707599681e+01 -1.3967069e+01         -inf  1.00779e+05 -1.39671e+01  1.25058e+01
1.714430079e+01 -1.4472648e+01         -inf  1.00779e+05 -1.44726e+01  1.21326e+01
1.721287800e+01 -1.4552458e+01         -inf  1.00779e+05 -1.45525e+01  1.18900e+01
1.728172951e+01 -1.4275975e+01         -inf  1.00779e+05 -1.42760e+01  1.19174e+01
1.735085643e+01 -1.4889074e+01         -inf  1.00779e+05 -1.48891e+01  1.14983e+01
1.742025985e+01 -1.5374349e+01         -inf  1.00779e+05 -1.53743e+01  1.04071e+01
1.748994089e+01 -1.5914718e+01         -inf  1.00779e+05 -1.59147e+01  1.03197e+01
1.755990065e+01 -1.6244603e+01         -inf  1.00779e+05 -1.62446e+01  9.84388e+00
1.763014026e+01 -1.7351400e+01         -inf  1.00779e+05 -1.73514e+01  8.71371e+00
1.770066082e+01 -1.7786505e+01         -inf  1.00779e+05 -1.77865e+01  8.40925e+00
1.777146346e+01 -1.8190701e+01         -inf  1.00779e+05 -1.81907e+01  8.14388e+00
1.784254932e+01 -1.8985745e+01         -inf  1.00779e+05 -1.89857e+01  7.37415e+00
1.791391951e+01 -1.9741387e+01         -inf  1.00779e+05 -1.97414e+01  6.84807e+00
1.798557519e+01 -2.0178134e+01         -inf  1.00779e+05 -2.01781e+01  6.58881e+00
1.805751749e+01 -2.0615981e+01         -inf  1.00779e+05 -2.06160e+01  6.35757e+00
1.812974756e+01 -2.1005127e+01         -inf  1.00779e+05 -2.10051e+01  6.22995e+00
1.820226655e+01 -2.1355886e+01         -inf  1.00779e+05 -2.13559e+01  6.14643e+00
1.827507562e+01 -2.1445910e+01         -inf  1.00779e+05 -2.14459e+01  6.53645e+00
1.834817592e+01 -2.0863281e+01         -inf  1.00779e+05 -2.08633e+01  9.08759e+00
1.842156862e+01 -2.2234422e+01         -inf  1.00779e+05 -2.22344e+01  6.15738e+00
1.849525490e+01 -2.2526516e+01         -inf  1.00779e+05 -2.25265e+01  6.11025e+00
1.856923592e+01 -2.2673639e+01         -inf  1.00779e+05 -2.26736e+01  6.32697e+00
1.864351286e+01 -2.2962835e+01         -inf  1.00779e+05 -2.29628e+01  6.34691e+00
1.871808691e+01 -2.3198219e+01         -inf  1.00779e+05 -2.31982e+01  6.42204e+00
1.879295926e+01 -2.3531904e+01         -inf  1.00779e+05 -2.35319e+01  6.39610e+00
1.886813110e+01 -2.3858591e+01         -inf  1.00779e+05 -2.38586e+01  6.31729e+00
1.894360362e+01 -2.4078031e+01         -inf  1.00779e+05 -2.40780e+01  6.46895e+00
1.901937804e+01 -2.4420207e+01         -inf  1.00779e+05 -2.44202e+01  6.38795e+00
1.909545555e+01 -2.4762547e+01         -inf  1.00779e+05 -2.47625e+01  6.32898e+00
1.917183737e+01 -2.5046007e+01         -inf  1.00779e+05 -2.50460e+01  6.36783e+00
1.924852472e+01 -2.5389151e+01         -inf  1.00779e+05 -2.53892e+01  6.30061e+00
1.932551882e+01 -2.5680472e+01         -inf  1.00779e+05 -2.56805e+01  6.33677e+00
1.940282089e+01 -2.5979983e+01         -inf  1.00779e+05 -2.59800e+01  6.34154e+00
1.948043218e+01 -2.6260955e+01         -inf  1.00779e+05 -2.62610e+01  6.37355e+00
1.955835391e+01 -2.6546427e+01         -inf  1.00779e+05 -2.65464e+01  6.41459e+00
1.963658732e+01 -2.6838163e+01         -inf  1.00779e+05 -2.68382e+01  6.45640e+00
1.971513367e+01 -2.7143657e+01         -inf  1.00779e+05 -2.71437e+01  6.47127e+00
1.979399421e+01 -2.7456071e+01         -inf  1.00779e+05 -2.74561e+01  6.48262e+00
1.987317018e+01 -2.7739125e+01         -inf  1.00779e+05 -2.77391e+01  6.53271e+00
1.995266286e+01 -2.8093879e+01         -inf  1.00779e+05 -2.80939e+01  6.51228e+00
