# WARNING | GENERATOR | Too many electrons per pixel (up to 9.04e+13) detected in the 1.54-19.95 um spectral range. Reduce exposure time per frame to less than 0.000 seconds.
# ------------------------------------------------------------------------
# Radiance spectrum
# NASA-GSFC Planetary Spectrum Generator (PSG) (Villanueva et al. 2018, 2022)
# Synthesized on Wed Sep 30 15:57:25 2026
# Doppler velocities [km/s] (vobs,vrot+vorb,vwidth,vrfl,vstr): 47.10000,-0.00000,0.03000,0.00000,-0.00000
# ------------------------------------------------------------------------
# Spectra synthesized with the Planetary and Universal Model of Atmospheric Scattering (PUMAS, Villanueva et al. 2018, 2022)
# Single scattering radiative transfer method
# Radiative transfer took 8.276 seconds
# ------------------------------------------------------------------------
# Spectral unit: Wavelength [um]
# Radiance unit: Contrast [transit atmospheric thickness, km]
# Wave/freq Total Noise Stellar Proxima-Centauri-b Transit
2.000000000e-01  3.9739797e+01         -inf  1.00779e+05  3.97398e+01  3.97398e+01
2.008000000e-01  3.9623705e+01         -inf  1.00779e+05  3.96237e+01  3.96237e+01
2.016032000e-01  3.9537185e+01         -inf  1.00779e+05  3.95372e+01  3.95372e+01
2.024096128e-01  3.9457616e+01         -inf  1.00779e+05  3.94576e+01  3.94576e+01
2.032192513e-01  3.9377519e+01         -inf  1.00779e+05  3.93775e+01  3.93775e+01
2.040321283e-01  3.9300325e+01         -inf  1.00779e+05  3.93003e+01  3.93003e+01
2.048482568e-01  3.9225419e+01         -inf  1.00779e+05  3.92254e+01  3.92254e+01
2.056676498e-01  3.9156410e+01         -inf  1.00779e+05  3.91564e+01  3.91564e+01
2.064903204e-01  3.9091977e+01         -inf  1.00779e+05  3.90920e+01  3.90920e+01
2.073162817e-01  3.9028600e+01         -inf  1.00779e+05  3.90286e+01  3.90286e+01
2.081455468e-01  3.8968655e+01         -inf  1.00779e+05  3.89687e+01  3.89687e+01
2.089781290e-01  3.8909238e+01         -inf  1.00779e+05  3.89092e+01  3.89092e+01
2.098140415e-01  3.8857743e+01         -inf  1.00779e+05  3.88577e+01  3.88577e+01
2.106532977e-01  3.8815050e+01         -inf  1.00779e+05  3.88150e+01  3.88150e+01
2.114959109e-01  3.8772445e+01         -inf  1.00779e+05  3.87724e+01  3.87724e+01
2.123418945e-01  3.8760737e+01         -inf  1.00779e+05  3.87607e+01  3.87607e+01
2.131912621e-01  3.8767603e+01         -inf  1.00779e+05  3.87676e+01  3.87676e+01
2.140440271e-01  3.8723589e+01         -inf  1.00779e+05  3.87236e+01  3.87236e+01
2.149002032e-01  3.8712057e+01         -inf  1.00779e+05  3.87121e+01  3.87121e+01
2.157598041e-01  3.8706952e+01         -inf  1.00779e+05  3.87070e+01  3.87070e+01
2.166228433e-01  3.8702286e+01         -inf  1.00779e+05  3.87023e+01  3.87023e+01
2.174893346e-01  3.8713554e+01         -inf  1.00779e+05  3.87136e+01  3.87136e+01
2.183592920e-01  3.8716635e+01         -inf  1.00779e+05  3.87166e+01  3.87166e+01
2.192327292e-01  3.8730191e+01         -inf  1.00779e+05  3.87302e+01  3.87302e+01
2.201096601e-01  3.8747004e+01         -inf  1.00779e+05  3.87470e+01  3.87470e+01
2.209900987e-01  3.8769980e+01         -inf  1.00779e+05  3.87700e+01  3.87700e+01
2.218740591e-01  3.8796652e+01         -inf  1.00779e+05  3.87967e+01  3.87967e+01
2.227615553e-01  3.8824645e+01         -inf  1.00779e+05  3.88246e+01  3.88246e+01
2.236526016e-01  3.8857479e+01         -inf  1.00779e+05  3.88575e+01  3.88575e+01
2.245472120e-01  3.8896474e+01         -inf  1.00779e+05  3.88965e+01  3.88965e+01
2.254454008e-01  3.8929308e+01         -inf  1.00779e+05  3.89293e+01  3.89293e+01
2.263471824e-01  3.8976049e+01         -inf  1.00779e+05  3.89760e+01  3.89760e+01
2.272525711e-01  3.9017949e+01         -inf  1.00779e+05  3.90179e+01  3.90179e+01
2.281615814e-01  3.9064426e+01         -inf  1.00779e+05  3.90644e+01  3.90644e+01
2.290742278e-01  3.9115391e+01         -inf  1.00779e+05  3.91154e+01  3.91154e+01
2.299905247e-01  3.9157026e+01         -inf  1.00779e+05  3.91570e+01  3.91570e+01
2.309104868e-01  3.9215385e+01         -inf  1.00779e+05  3.92154e+01  3.92154e+01
2.318341287e-01  3.9261596e+01         -inf  1.00779e+05  3.92616e+01  3.92616e+01
2.327614652e-01  3.9318986e+01         -inf  1.00779e+05  3.93190e+01  3.93190e+01
2.336925111e-01  3.9363524e+01         -inf  1.00779e+05  3.93635e+01  3.93635e+01
2.346272811e-01  3.9423025e+01         -inf  1.00779e+05  3.94230e+01  3.94230e+01
2.355657903e-01  3.9465538e+01         -inf  1.00779e+05  3.94655e+01  3.94655e+01
2.365080534e-01  3.9517645e+01         -inf  1.00779e+05  3.95176e+01  3.95176e+01
2.374540856e-01  3.9570191e+01         -inf  1.00779e+05  3.95702e+01  3.95702e+01
2.384039020e-01  3.9614375e+01         -inf  1.00779e+05  3.96144e+01  3.96144e+01
2.393575176e-01  3.9657679e+01         -inf  1.00779e+05  3.96577e+01  3.96577e+01
2.403149477e-01  3.9707936e+01         -inf  1.00779e+05  3.97079e+01  3.97079e+01
2.412762074e-01  3.9741030e+01         -inf  1.00779e+05  3.97410e+01  3.97410e+01
2.422413123e-01  3.9779052e+01         -inf  1.00779e+05  3.97791e+01  3.97791e+01
2.432102775e-01  3.9820682e+01         -inf  1.00779e+05  3.98207e+01  3.98207e+01
2.441831186e-01  3.9846030e+01         -inf  1.00779e+05  3.98460e+01  3.98460e+01
2.451598511e-01  3.9878067e+01         -inf  1.00779e+05  3.98781e+01  3.98781e+01
2.461404905e-01  3.9899014e+01         -inf  1.00779e+05  3.98990e+01  3.98990e+01
2.471250525e-01  3.9912920e+01         -inf  1.00779e+05  3.99129e+01  3.99129e+01
2.481135527e-01  3.9923658e+01         -inf  1.00779e+05  3.99237e+01  3.99237e+01
2.491060069e-01  3.9950149e+01         -inf  1.00779e+05  3.99501e+01  3.99501e+01
2.501024309e-01  3.9949269e+01         -inf  1.00779e+05  3.99493e+01  3.99493e+01
2.511028406e-01  3.9923570e+01         -inf  1.00779e+05  3.99236e+01  3.99236e+01
2.521072520e-01  3.9954902e+01         -inf  1.00779e+05  3.99549e+01  3.99549e+01
2.531156810e-01  3.9917937e+01         -inf  1.00779e+05  3.99179e+01  3.99179e+01
2.541281437e-01  3.9904559e+01         -inf  1.00779e+05  3.99046e+01  3.99046e+01
2.551446563e-01  3.9900334e+01         -inf  1.00779e+05  3.99003e+01  3.99003e+01
2.561652349e-01  3.9852367e+01         -inf  1.00779e+05  3.98524e+01  3.98524e+01
2.571898959e-01  3.9799383e+01         -inf  1.00779e+05  3.97994e+01  3.97994e+01
2.582186555e-01  3.9788821e+01         -inf  1.00779e+05  3.97888e+01  3.97888e+01
2.592515301e-01  3.9735573e+01         -inf  1.00779e+05  3.97356e+01  3.97356e+01
2.602885362e-01  3.9669737e+01         -inf  1.00779e+05  3.96697e+01  3.96697e+01
2.613296904e-01  3.9613935e+01         -inf  1.00779e+05  3.96139e+01  3.96139e+01
2.623750091e-01  3.9555932e+01         -inf  1.00779e+05  3.95559e+01  3.95559e+01
2.634245092e-01  3.9439220e+01         -inf  1.00779e+05  3.94392e+01  3.94392e+01
2.644782072e-01  3.9415455e+01         -inf  1.00779e+05  3.94155e+01  3.94155e+01
2.655361200e-01  3.9298565e+01         -inf  1.00779e+05  3.92986e+01  3.92986e+01
2.665982645e-01  3.9197164e+01         -inf  1.00779e+05  3.91972e+01  3.91972e+01
2.676646576e-01  3.9106061e+01         -inf  1.00779e+05  3.91061e+01  3.91061e+01
2.687353162e-01  3.8950786e+01         -inf  1.00779e+05  3.89508e+01  3.89508e+01
2.698102574e-01  3.8891281e+01         -inf  1.00779e+05  3.88913e+01  3.88913e+01
2.708894985e-01  3.8717867e+01         -inf  1.00779e+05  3.87179e+01  3.87179e+01
2.719730565e-01  3.8613200e+01         -inf  1.00779e+05  3.86132e+01  3.86132e+01
2.730609487e-01  3.8472791e+01         -inf  1.00779e+05  3.84728e+01  3.84728e+01
2.741531925e-01  3.8274805e+01         -inf  1.00779e+05  3.82748e+01  3.82748e+01
2.752498053e-01  3.8160359e+01         -inf  1.00779e+05  3.81604e+01  3.81604e+01
2.763508045e-01  3.7985605e+01         -inf  1.00779e+05  3.79856e+01  3.79856e+01
2.774562077e-01  3.7818595e+01         -inf  1.00779e+05  3.78186e+01  3.78186e+01
2.785660325e-01  3.7635996e+01         -inf  1.00779e+05  3.76360e+01  3.76360e+01
2.796802967e-01  3.7463694e+01         -inf  1.00779e+05  3.74637e+01  3.74637e+01
2.807990178e-01  3.7243577e+01         -inf  1.00779e+05  3.72436e+01  3.72436e+01
2.819222139e-01  3.7030144e+01         -inf  1.00779e+05  3.70301e+01  3.70301e+01
2.830499028e-01  3.6863637e+01         -inf  1.00779e+05  3.68636e+01  3.68636e+01
2.841821024e-01  3.6627914e+01         -inf  1.00779e+05  3.66279e+01  3.66279e+01
2.853188308e-01  3.6401869e+01         -inf  1.00779e+05  3.64019e+01  3.64019e+01
2.864601061e-01  3.6200737e+01         -inf  1.00779e+05  3.62007e+01  3.62007e+01
2.876059465e-01  3.5951428e+01         -inf  1.00779e+05  3.59514e+01  3.59514e+01
2.887563703e-01  3.5695328e+01         -inf  1.00779e+05  3.56953e+01  3.56953e+01
2.899113958e-01  3.5449963e+01         -inf  1.00779e+05  3.54500e+01  3.54500e+01
2.910710414e-01  3.5216742e+01         -inf  1.00779e+05  3.52167e+01  3.52167e+01
2.922353256e-01  3.4931635e+01         -inf  1.00779e+05  3.49316e+01  3.49316e+01
2.934042669e-01  3.4670827e+01         -inf  1.00779e+05  3.46708e+01  3.46708e+01
2.945778839e-01  3.4399878e+01         -inf  1.00779e+05  3.43999e+01  3.43999e+01
2.957561955e-01  3.4092360e+01         -inf  1.00779e+05  3.40924e+01  3.40924e+01
2.969392202e-01  3.3812842e+01         -inf  1.00779e+05  3.38128e+01  3.38128e+01
2.981269771e-01  3.3529084e+01         -inf  1.00779e+05  3.35291e+01  3.35291e+01
2.993194850e-01  3.3258969e+01         -inf  1.00779e+05  3.32590e+01  3.32590e+01
3.005167630e-01  3.2983732e+01         -inf  1.00779e+05  3.29837e+01  3.29837e+01
3.017188300e-01  3.2695179e+01         -inf  1.00779e+05  3.26952e+01  3.26952e+01
3.029257054e-01  3.2426616e+01         -inf  1.00779e+05  3.24266e+01  3.24266e+01
3.041374082e-01  3.2197870e+01         -inf  1.00779e+05  3.21979e+01  3.21979e+01
3.053539578e-01  3.1896417e+01         -inf  1.00779e+05  3.18964e+01  3.18964e+01
3.065753736e-01  3.1701227e+01         -inf  1.00779e+05  3.17012e+01  3.17012e+01
3.078016751e-01  3.1411472e+01         -inf  1.00779e+05  3.14115e+01  3.14115e+01
3.090328818e-01  3.1226579e+01         -inf  1.00779e+05  3.12266e+01  3.12266e+01
3.102690134e-01  3.0958220e+01         -inf  1.00779e+05  3.09582e+01  3.09582e+01
3.115100894e-01  3.0788209e+01         -inf  1.00779e+05  3.07882e+01  3.07882e+01
3.127561298e-01  3.0532611e+01         -inf  1.00779e+05  3.05326e+01  3.05326e+01
3.140071543e-01  3.0394055e+01         -inf  1.00779e+05  3.03941e+01  3.03941e+01
3.152631829e-01  3.0177667e+01         -inf  1.00779e+05  3.01777e+01  3.01777e+01
3.165242356e-01  2.9979076e+01         -inf  1.00779e+05  2.99791e+01  2.99791e+01
3.177903326e-01  2.9878588e+01         -inf  1.00779e+05  2.98786e+01  2.98786e+01
3.190614939e-01  2.9633533e+01         -inf  1.00779e+05  2.96335e+01  2.96335e+01
3.203377399e-01  2.9567067e+01         -inf  1.00779e+05  2.95671e+01  2.95671e+01
3.216190908e-01  2.9346331e+01         -inf  1.00779e+05  2.93463e+01  2.93463e+01
3.229055672e-01  2.9297405e+01         -inf  1.00779e+05  2.92974e+01  2.92974e+01
3.241971895e-01  2.9055766e+01         -inf  1.00779e+05  2.90558e+01  2.90558e+01
3.254939782e-01  2.9055766e+01         -inf  1.00779e+05  2.90558e+01  2.90558e+01
3.267959541e-01  2.8827519e+01         -inf  1.00779e+05  2.88275e+01  2.88275e+01
3.281031380e-01  2.8812885e+01         -inf  1.00779e+05  2.88129e+01  2.88129e+01
3.294155505e-01  2.8600499e+01         -inf  1.00779e+05  2.86005e+01  2.86005e+01
3.307332127e-01  2.8577223e+01         -inf  1.00779e+05  2.85772e+01  2.85772e+01
3.320561456e-01  2.8429016e+01         -inf  1.00779e+05  2.84290e+01  2.84290e+01
3.333843702e-01  2.8343669e+01         -inf  1.00779e+05  2.83437e+01  2.83437e+01
3.347179076e-01  2.8236897e+01         -inf  1.00779e+05  2.82369e+01  2.82369e+01
3.360567793e-01  2.8123509e+01         -inf  1.00779e+05  2.81235e+01  2.81235e+01
3.374010064e-01  2.8072105e+01         -inf  1.00779e+05  2.80721e+01  2.80721e+01
3.387506104e-01  2.7940463e+01         -inf  1.00779e+05  2.79405e+01  2.79405e+01
3.401056128e-01  2.7864368e+01         -inf  1.00779e+05  2.78644e+01  2.78644e+01
3.414660353e-01  2.7759880e+01         -inf  1.00779e+05  2.77599e+01  2.77599e+01
3.428318994e-01  2.7667647e+01         -inf  1.00779e+05  2.76676e+01  2.76676e+01
3.442032270e-01  2.7597634e+01         -inf  1.00779e+05  2.75976e+01  2.75976e+01
3.455800399e-01  2.7492348e+01         -inf  1.00779e+05  2.74923e+01  2.74923e+01
3.469623601e-01  2.7404256e+01         -inf  1.00779e+05  2.74043e+01  2.74043e+01
3.483502095e-01  2.7314311e+01         -inf  1.00779e+05  2.73143e+01  2.73143e+01
3.497436104e-01  2.7224100e+01         -inf  1.00779e+05  2.72241e+01  2.72241e+01
3.511425848e-01  2.7140854e+01         -inf  1.00779e+05  2.71409e+01  2.71409e+01
3.525471552e-01  2.7051522e+01         -inf  1.00779e+05  2.70515e+01  2.70515e+01
3.539573438e-01  2.6960514e+01         -inf  1.00779e+05  2.69605e+01  2.69605e+01
3.553731732e-01  2.6873208e+01         -inf  1.00779e+05  2.68732e+01  2.68732e+01
3.567946659e-01  2.6784931e+01         -inf  1.00779e+05  2.67849e+01  2.67849e+01
3.582218445e-01  2.6697094e+01         -inf  1.00779e+05  2.66971e+01  2.66971e+01
3.596547319e-01  2.6610225e+01         -inf  1.00779e+05  2.66102e+01  2.66102e+01
3.610933508e-01  2.6521857e+01         -inf  1.00779e+05  2.65219e+01  2.65219e+01
3.625377242e-01  2.6433839e+01         -inf  1.00779e+05  2.64338e+01  2.64338e+01
3.639878751e-01  2.6346086e+01         -inf  1.00779e+05  2.63461e+01  2.63461e+01
3.654438266e-01  2.6258419e+01         -inf  1.00779e+05  2.62584e+01  2.62584e+01
3.669056019e-01  2.6170574e+01         -inf  1.00779e+05  2.61706e+01  2.61706e+01
3.683732243e-01  2.6082905e+01         -inf  1.00779e+05  2.60829e+01  2.60829e+01
3.698467172e-01  2.5995147e+01         -inf  1.00779e+05  2.59951e+01  2.59951e+01
3.713261041e-01  2.5907387e+01         -inf  1.00779e+05  2.59074e+01  2.59074e+01
3.728114085e-01  2.5819626e+01         -inf  1.00779e+05  2.58196e+01  2.58196e+01
3.743026542e-01  2.5731864e+01         -inf  1.00779e+05  2.57319e+01  2.57319e+01
3.757998648e-01  2.5644101e+01         -inf  1.00779e+05  2.56441e+01  2.56441e+01
3.773030642e-01  2.5556336e+01         -inf  1.00779e+05  2.55563e+01  2.55563e+01
3.788122765e-01  2.5468659e+01         -inf  1.00779e+05  2.54687e+01  2.54687e+01
3.803275256e-01  2.5380892e+01         -inf  1.00779e+05  2.53809e+01  2.53809e+01
3.818488357e-01  2.5293036e+01         -inf  1.00779e+05  2.52930e+01  2.52930e+01
3.833762310e-01  2.5205355e+01         -inf  1.00779e+05  2.52054e+01  2.52054e+01
3.849097360e-01  2.5117497e+01         -inf  1.00779e+05  2.51175e+01  2.51175e+01
3.864493749e-01  2.5029813e+01         -inf  1.00779e+05  2.50298e+01  2.50298e+01
3.879951724e-01  2.4941952e+01         -inf  1.00779e+05  2.49420e+01  2.49420e+01
3.895471531e-01  2.4854178e+01         -inf  1.00779e+05  2.48542e+01  2.48542e+01
3.911053417e-01  2.4766403e+01         -inf  1.00779e+05  2.47664e+01  2.47664e+01
3.926697631e-01  2.4678715e+01         -inf  1.00779e+05  2.46787e+01  2.46787e+01
3.942404421e-01  2.4590938e+01         -inf  1.00779e+05  2.45909e+01  2.45909e+01
3.958174039e-01  2.4503248e+01         -inf  1.00779e+05  2.45032e+01  2.45032e+01
3.974006735e-01  2.4415468e+01         -inf  1.00779e+05  2.44155e+01  2.44155e+01
3.989902762e-01  2.4327599e+01         -inf  1.00779e+05  2.43276e+01  2.43276e+01
4.005862373e-01  2.4239905e+01         -inf  1.00779e+05  2.42399e+01  2.42399e+01
4.021885823e-01  2.4152210e+01         -inf  1.00779e+05  2.41522e+01  2.41522e+01
4.037973366e-01  2.4064337e+01         -inf  1.00779e+05  2.40643e+01  2.40643e+01
4.054125259e-01  2.3976463e+01         -inf  1.00779e+05  2.39765e+01  2.39765e+01
4.070341760e-01  2.3888941e+01         -inf  1.00779e+05  2.38889e+01  2.38889e+01
4.086623127e-01  2.3801506e+01         -inf  1.00779e+05  2.38015e+01  2.38015e+01
4.102969620e-01  2.3713893e+01         -inf  1.00779e+05  2.37139e+01  2.37139e+01
4.119381498e-01  2.3625838e+01         -inf  1.00779e+05  2.36258e+01  2.36258e+01
4.135859024e-01  2.3537870e+01         -inf  1.00779e+05  2.35379e+01  2.35379e+01
4.152402460e-01  2.3450342e+01         -inf  1.00779e+05  2.34503e+01  2.34503e+01
4.169012070e-01  2.3363077e+01         -inf  1.00779e+05  2.33631e+01  2.33631e+01
4.185688119e-01  2.3275282e+01         -inf  1.00779e+05  2.32753e+01  2.32753e+01
4.202430871e-01  2.3187398e+01         -inf  1.00779e+05  2.31874e+01  2.31874e+01
4.219240595e-01  2.3100218e+01         -inf  1.00779e+05  2.31002e+01  2.31002e+01
4.236117557e-01  2.3013654e+01         -inf  1.00779e+05  2.30137e+01  2.30137e+01
4.253062027e-01  2.2926914e+01         -inf  1.00779e+05  2.29269e+01  2.29269e+01
4.270074275e-01  2.2838936e+01         -inf  1.00779e+05  2.28389e+01  2.28389e+01
4.287154572e-01  2.2750428e+01         -inf  1.00779e+05  2.27504e+01  2.27504e+01
4.304303191e-01  2.2662801e+01         -inf  1.00779e+05  2.26628e+01  2.26628e+01
4.321520403e-01  2.2576320e+01         -inf  1.00779e+05  2.25763e+01  2.25763e+01
4.338806485e-01  2.2489220e+01         -inf  1.00779e+05  2.24892e+01  2.24892e+01
4.356161711e-01  2.2401149e+01         -inf  1.00779e+05  2.24011e+01  2.24011e+01
4.373586358e-01  2.2314047e+01         -inf  1.00779e+05  2.23140e+01  2.23140e+01
4.391080703e-01  2.2228973e+01         -inf  1.00779e+05  2.22290e+01  2.22290e+01
4.408645026e-01  2.2144605e+01         -inf  1.00779e+05  2.21446e+01  2.21446e+01
4.426279606e-01  2.2059088e+01         -inf  1.00779e+05  2.20591e+01  2.20591e+01
4.443984725e-01  2.1970834e+01         -inf  1.00779e+05  2.19708e+01  2.19708e+01
4.461760664e-01  2.1881078e+01         -inf  1.00779e+05  2.18811e+01  2.18811e+01
4.479607706e-01  2.1793793e+01         -inf  1.00779e+05  2.17938e+01  2.17938e+01
4.497526137e-01  2.1709330e+01         -inf  1.00779e+05  2.17093e+01  2.17093e+01
4.515516242e-01  2.1623102e+01         -inf  1.00779e+05  2.16231e+01  2.16231e+01
4.533578307e-01  2.1534577e+01         -inf  1.00779e+05  2.15346e+01  2.15346e+01
4.551712620e-01  2.1448169e+01         -inf  1.00779e+05  2.14482e+01  2.14482e+01
4.569919470e-01  2.1366174e+01         -inf  1.00779e+05  2.13662e+01  2.13662e+01
4.588199148e-01  2.1286207e+01         -inf  1.00779e+05  2.12862e+01  2.12862e+01
4.606551945e-01  2.1205622e+01         -inf  1.00779e+05  2.12056e+01  2.12056e+01
4.624978152e-01  2.1119298e+01         -inf  1.00779e+05  2.11193e+01  2.11193e+01
4.643478065e-01  2.1026883e+01         -inf  1.00779e+05  2.10269e+01  2.10269e+01
4.662051977e-01  2.0936320e+01         -inf  1.00779e+05  2.09363e+01  2.09363e+01
4.680700185e-01  2.0852553e+01         -inf  1.00779e+05  2.08526e+01  2.08526e+01
4.699422986e-01  2.0770197e+01         -inf  1.00779e+05  2.07702e+01  2.07702e+01
4.718220678e-01  2.0683426e+01         -inf  1.00779e+05  2.06834e+01  2.06834e+01
4.737093561e-01  2.0596830e+01         -inf  1.00779e+05  2.05968e+01  2.05968e+01
4.756041935e-01  2.0516148e+01         -inf  1.00779e+05  2.05161e+01  2.05161e+01
4.775066103e-01  2.0442351e+01         -inf  1.00779e+05  2.04424e+01  2.04424e+01
4.794166367e-01  2.0371465e+01         -inf  1.00779e+05  2.03715e+01  2.03715e+01
4.813343033e-01  2.0298196e+01         -inf  1.00779e+05  2.02982e+01  2.02982e+01
4.832596405e-01  2.0213714e+01         -inf  1.00779e+05  2.02137e+01  2.02137e+01
4.851926790e-01  2.0118814e+01         -inf  1.00779e+05  2.01188e+01  2.01188e+01
4.871334497e-01  2.0026031e+01         -inf  1.00779e+05  2.00260e+01  2.00260e+01
4.890819835e-01  1.9943223e+01         -inf  1.00779e+05  1.99432e+01  1.99432e+01
4.910383115e-01  1.9864652e+01         -inf  1.00779e+05  1.98647e+01  1.98647e+01
4.930024647e-01  1.9781489e+01         -inf  1.00779e+05  1.97815e+01  1.97815e+01
4.949744746e-01  1.9697353e+01         -inf  1.00779e+05  1.96974e+01  1.96974e+01
4.969543725e-01  1.9620545e+01         -inf  1.00779e+05  1.96205e+01  1.96205e+01
4.989421900e-01  1.9554065e+01         -inf  1.00779e+05  1.95541e+01  1.95541e+01
5.009379587e-01  1.9494823e+01         -inf  1.00779e+05  1.94948e+01  1.94948e+01
5.029417106e-01  1.9436730e+01         -inf  1.00779e+05  1.94367e+01  1.94367e+01
5.049534774e-01  1.9369100e+01         -inf  1.00779e+05  1.93691e+01  1.93691e+01
5.069732913e-01  1.9284694e+01         -inf  1.00779e+05  1.92847e+01  1.92847e+01
5.090011845e-01  1.9189869e+01         -inf  1.00779e+05  1.91899e+01  1.91899e+01
5.110371892e-01  1.9099193e+01         -inf  1.00779e+05  1.90992e+01  1.90992e+01
5.130813380e-01  1.9019905e+01         -inf  1.00779e+05  1.90199e+01  1.90199e+01
5.151336633e-01  1.8946443e+01         -inf  1.00779e+05  1.89464e+01  1.89464e+01
5.171941980e-01  1.8871656e+01         -inf  1.00779e+05  1.88717e+01  1.88717e+01
5.192629748e-01  1.8796427e+01         -inf  1.00779e+05  1.87964e+01  1.87964e+01
5.213400267e-01  1.8726142e+01         -inf  1.00779e+05  1.87261e+01  1.87261e+01
5.234253868e-01  1.8664774e+01         -inf  1.00779e+05  1.86648e+01  1.86648e+01
5.255190883e-01  1.8611176e+01         -inf  1.00779e+05  1.86112e+01  1.86112e+01
5.276211647e-01  1.8560934e+01         -inf  1.00779e+05  1.85609e+01  1.85609e+01
5.297316493e-01  1.8508748e+01         -inf  1.00779e+05  1.85087e+01  1.85087e+01
5.318505759e-01  1.8448437e+01         -inf  1.00779e+05  1.84484e+01  1.84484e+01
5.339779782e-01  1.8375058e+01         -inf  1.00779e+05  1.83751e+01  1.83751e+01
5.361138902e-01  1.8290993e+01         -inf  1.00779e+05  1.82910e+01  1.82910e+01
5.382583457e-01  1.8209311e+01         -inf  1.00779e+05  1.82093e+01  1.82093e+01
5.404113791e-01  1.8140079e+01         -inf  1.00779e+05  1.81401e+01  1.81401e+01
5.425730246e-01  1.8079324e+01         -inf  1.00779e+05  1.80793e+01  1.80793e+01
5.447433167e-01  1.8017597e+01         -inf  1.00779e+05  1.80176e+01  1.80176e+01
5.469222900e-01  1.7950129e+01         -inf  1.00779e+05  1.79501e+01  1.79501e+01
5.491099791e-01  1.7879128e+01         -inf  1.00779e+05  1.78791e+01  1.78791e+01
5.513064191e-01  1.7808656e+01         -inf  1.00779e+05  1.78087e+01  1.78087e+01
5.535116447e-01  1.7741098e+01         -inf  1.00779e+05  1.77411e+01  1.77411e+01
5.557256913e-01  1.7679544e+01         -inf  1.00779e+05  1.76795e+01  1.76795e+01
5.579485941e-01  1.7627970e+01         -inf  1.00779e+05  1.76280e+01  1.76280e+01
5.601803884e-01  1.7585756e+01         -inf  1.00779e+05  1.75858e+01  1.75858e+01
5.624211100e-01  1.7544690e+01         -inf  1.00779e+05  1.75447e+01  1.75447e+01
5.646707944e-01  1.7497176e+01         -inf  1.00779e+05  1.74972e+01  1.74972e+01
5.669294776e-01  1.7443127e+01         -inf  1.00779e+05  1.74431e+01  1.74431e+01
5.691971955e-01  1.7387753e+01         -inf  1.00779e+05  1.73878e+01  1.73878e+01
5.714739843e-01  1.7332466e+01         -inf  1.00779e+05  1.73325e+01  1.73325e+01
5.737598803e-01  1.7267818e+01         -inf  1.00779e+05  1.72678e+01  1.72678e+01
5.760549198e-01  1.7185858e+01         -inf  1.00779e+05  1.71859e+01  1.71859e+01
5.783591395e-01  1.7090560e+01         -inf  1.00779e+05  1.70906e+01  1.70906e+01
5.806725760e-01  1.6990757e+01         -inf  1.00779e+05  1.69908e+01  1.69908e+01
5.829952663e-01  1.6893691e+01         -inf  1.00779e+05  1.68937e+01  1.68937e+01
5.853272474e-01  1.6803335e+01         -inf  1.00779e+05  1.68033e+01  1.68033e+01
5.876685564e-01  1.6721193e+01         -inf  1.00779e+05  1.67212e+01  1.67212e+01
5.900192306e-01  1.6649207e+01         -inf  1.00779e+05  1.66492e+01  1.66492e+01
5.923793075e-01  1.6592766e+01         -inf  1.00779e+05  1.65928e+01  1.65928e+01
5.947488247e-01  1.6553725e+01         -inf  1.00779e+05  1.65537e+01  1.65537e+01
5.971278200e-01  1.6521309e+01         -inf  1.00779e+05  1.65213e+01  1.65213e+01
5.995163313e-01  1.6481826e+01         -inf  1.00779e+05  1.64818e+01  1.64818e+01
6.019143966e-01  1.6422380e+01         -inf  1.00779e+05  1.64224e+01  1.64224e+01
6.043220542e-01  1.6338467e+01         -inf  1.00779e+05  1.63385e+01  1.63385e+01
6.067393425e-01  1.6233617e+01         -inf  1.00779e+05  1.62336e+01  1.62336e+01
6.091662998e-01  1.6114721e+01         -inf  1.00779e+05  1.61147e+01  1.61147e+01
6.116029650e-01  1.5991494e+01         -inf  1.00779e+05  1.59915e+01  1.59915e+01
6.140493769e-01  1.5870561e+01         -inf  1.00779e+05  1.58706e+01  1.58706e+01
6.165055744e-01  1.5754485e+01         -inf  1.00779e+05  1.57545e+01  1.57545e+01
6.189715967e-01  1.5644061e+01         -inf  1.00779e+05  1.56441e+01  1.56441e+01
6.214474831e-01  1.5538758e+01         -inf  1.00779e+05  1.55388e+01  1.55388e+01
6.239332730e-01  1.5435663e+01         -inf  1.00779e+05  1.54357e+01  1.54357e+01
6.264290061e-01  1.5331152e+01         -inf  1.00779e+05  1.53312e+01  1.53312e+01
6.289347221e-01  1.5226463e+01         -inf  1.00779e+05  1.52265e+01  1.52265e+01
6.314504610e-01  1.5115411e+01         -inf  1.00779e+05  1.51154e+01  1.51154e+01
6.339762629e-01  1.5005153e+01         -inf  1.00779e+05  1.50052e+01  1.50052e+01
6.365121679e-01  1.4891270e+01         -inf  1.00779e+05  1.48913e+01  1.48913e+01
6.390582166e-01  1.4775971e+01         -inf  1.00779e+05  1.47760e+01  1.47760e+01
6.416144494e-01  1.4660229e+01         -inf  1.00779e+05  1.46602e+01  1.46602e+01
6.441809072e-01  1.4549610e+01         -inf  1.00779e+05  1.45496e+01  1.45496e+01
6.467576309e-01  1.4441639e+01         -inf  1.00779e+05  1.44416e+01  1.44416e+01
6.493446614e-01  1.4335345e+01         -inf  1.00779e+05  1.43353e+01  1.43353e+01
6.519420400e-01  1.4231700e+01         -inf  1.00779e+05  1.42317e+01  1.42317e+01
6.545498082e-01  1.4126463e+01         -inf  1.00779e+05  1.41265e+01  1.41265e+01
6.571680074e-01  1.4020783e+01         -inf  1.00779e+05  1.40208e+01  1.40208e+01
6.597966795e-01  1.3916603e+01         -inf  1.00779e+05  1.39166e+01  1.39166e+01
6.624358662e-01  1.3814012e+01         -inf  1.00779e+05  1.38140e+01  1.38140e+01
6.650856096e-01  1.3709033e+01         -inf  1.00779e+05  1.37090e+01  1.37090e+01
6.677459521e-01  1.3601225e+01         -inf  1.00779e+05  1.36012e+01  1.36012e+01
6.704169359e-01  1.3494034e+01         -inf  1.00779e+05  1.34940e+01  1.34940e+01
6.730986036e-01  1.3388696e+01         -inf  1.00779e+05  1.33887e+01  1.33887e+01
6.757909981e-01  1.3286097e+01         -inf  1.00779e+05  1.32861e+01  1.32861e+01
6.784941620e-01  1.3185087e+01         -inf  1.00779e+05  1.31851e+01  1.31851e+01
6.812081387e-01  1.3088670e+01         -inf  1.00779e+05  1.30887e+01  1.30887e+01
6.839329712e-01  1.2997467e+01         -inf  1.00779e+05  1.29975e+01  1.29975e+01
6.866687031e-01  1.2949213e+01         -inf  1.00779e+05  1.29492e+01  1.29492e+01
6.894153779e-01  1.2860571e+01         -inf  1.00779e+05  1.28606e+01  1.28606e+01
6.921730395e-01  1.2714745e+01         -inf  1.00779e+05  1.27147e+01  1.27147e+01
6.949417316e-01  1.2605949e+01         -inf  1.00779e+05  1.26059e+01  1.26059e+01
6.977214985e-01  1.2508551e+01         -inf  1.00779e+05  1.25086e+01  1.25086e+01
7.005123845e-01  1.2414600e+01         -inf  1.00779e+05  1.24146e+01  1.24146e+01
7.033144341e-01  1.2325066e+01         -inf  1.00779e+05  1.23251e+01  1.23251e+01
7.061276918e-01  1.2238978e+01         -inf  1.00779e+05  1.22390e+01  1.22390e+01
7.089522026e-01  1.2155011e+01         -inf  1.00779e+05  1.21550e+01  1.21550e+01
7.117880114e-01  1.2073517e+01         -inf  1.00779e+05  1.20735e+01  1.20735e+01
7.146351634e-01  1.1996972e+01         -inf  1.00779e+05  1.19970e+01  1.19970e+01
7.174937041e-01  1.1917862e+01         -inf  1.00779e+05  1.19179e+01  1.19179e+01
7.203636789e-01  1.1827703e+01         -inf  1.00779e+05  1.18277e+01  1.18277e+01
7.232451336e-01  1.1737012e+01         -inf  1.00779e+05  1.17370e+01  1.17370e+01
7.261381142e-01  1.1653392e+01         -inf  1.00779e+05  1.16534e+01  1.16534e+01
7.290426666e-01  1.1566234e+01         -inf  1.00779e+05  1.15662e+01  1.15662e+01
7.319588373e-01  1.1480755e+01         -inf  1.00779e+05  1.14808e+01  1.14808e+01
7.348866726e-01  1.1402258e+01         -inf  1.00779e+05  1.14023e+01  1.14023e+01
7.378262193e-01  1.1327385e+01         -inf  1.00779e+05  1.13274e+01  1.13274e+01
7.407775242e-01  1.1254897e+01         -inf  1.00779e+05  1.12549e+01  1.12549e+01
7.437406343e-01  1.1188243e+01         -inf  1.00779e+05  1.11882e+01  1.11882e+01
7.467155968e-01  1.1123622e+01         -inf  1.00779e+05  1.11236e+01  1.11236e+01
7.497024592e-01  1.1046889e+01         -inf  1.00779e+05  1.10469e+01  1.10469e+01
7.527012690e-01  1.0955038e+01         -inf  1.00779e+05  1.09550e+01  1.09550e+01
7.557120741e-01  1.0865926e+01         -inf  1.00779e+05  1.08659e+01  1.08659e+01
7.587349224e-01  1.0905885e+01         -inf  1.00779e+05  1.09059e+01  1.09059e+01
7.617698621e-01  1.1323672e+01         -inf  1.00779e+05  1.13237e+01  1.13237e+01
7.648169416e-01  1.0958928e+01         -inf  1.00779e+05  1.09589e+01  1.09589e+01
7.678762093e-01  1.0604596e+01         -inf  1.00779e+05  1.06046e+01  1.06046e+01
7.709477142e-01  1.0500096e+01         -inf  1.00779e+05  1.05001e+01  1.05001e+01
7.740315050e-01  1.0440507e+01         -inf  1.00779e+05  1.04405e+01  1.04405e+01
7.771276310e-01  1.0386930e+01         -inf  1.00779e+05  1.03869e+01  1.03869e+01
7.802361416e-01  1.0323892e+01         -inf  1.00779e+05  1.03239e+01  1.03239e+01
7.833570861e-01  1.0245912e+01         -inf  1.00779e+05  1.02459e+01  1.02459e+01
7.864905145e-01  1.0159708e+01         -inf  1.00779e+05  1.01597e+01  1.01597e+01
7.896364765e-01  1.0083494e+01         -inf  1.00779e+05  1.00835e+01  1.00835e+01
7.927950224e-01  1.0008605e+01         -inf  1.00779e+05  1.00086e+01  1.00086e+01
7.959662025e-01  9.9363685e+00         -inf  1.00779e+05  9.93637e+00  9.93637e+00
7.991500673e-01  9.8680212e+00         -inf  1.00779e+05  9.86802e+00  9.86802e+00
8.023466676e-01  9.8013532e+00         -inf  1.00779e+05  9.80135e+00  9.80135e+00
8.055560543e-01  9.7380444e+00         -inf  1.00779e+05  9.73804e+00  9.73804e+00
8.087782785e-01  9.6823393e+00         -inf  1.00779e+05  9.68234e+00  9.68234e+00
8.120133916e-01  9.6314085e+00         -inf  1.00779e+05  9.63141e+00  9.63141e+00
8.152614452e-01  9.5834837e+00         -inf  1.00779e+05  9.58348e+00  9.58348e+00
8.185224910e-01  9.5268046e+00         -inf  1.00779e+05  9.52680e+00  9.52680e+00
8.217965809e-01  9.4501411e+00         -inf  1.00779e+05  9.45014e+00  9.45014e+00
8.250837672e-01  9.3678175e+00         -inf  1.00779e+05  9.36782e+00  9.36782e+00
8.283841023e-01  9.2923017e+00         -inf  1.00779e+05  9.29230e+00  9.29230e+00
8.316976387e-01  9.2210295e+00         -inf  1.00779e+05  9.22103e+00  9.22103e+00
8.350244293e-01  9.1540896e+00         -inf  1.00779e+05  9.15409e+00  9.15409e+00
8.383645270e-01  9.0929853e+00         -inf  1.00779e+05  9.09299e+00  9.09299e+00
8.417179851e-01  9.0347986e+00         -inf  1.00779e+05  9.03480e+00  9.03480e+00
8.450848570e-01  8.9788222e+00         -inf  1.00779e+05  8.97882e+00  8.97882e+00
8.484651965e-01  8.9281512e+00         -inf  1.00779e+05  8.92815e+00  8.92815e+00
8.518590573e-01  8.8852618e+00         -inf  1.00779e+05  8.88526e+00  8.88526e+00
8.552664935e-01  8.8314241e+00         -inf  1.00779e+05  8.83142e+00  8.83142e+00
8.586875595e-01  8.7678672e+00         -inf  1.00779e+05  8.76787e+00  8.76787e+00
8.621223097e-01  8.7017627e+00         -inf  1.00779e+05  8.70176e+00  8.70176e+00
8.655707989e-01  8.6337297e+00         -inf  1.00779e+05  8.63373e+00  8.63373e+00
8.690330821e-01  8.5788464e+00         -inf  1.00779e+05  8.57885e+00  8.57885e+00
8.725092145e-01  8.5125897e+00         -inf  1.00779e+05  8.51259e+00  8.51259e+00
8.759992513e-01  8.4520719e+00         -inf  1.00779e+05  8.45207e+00  8.45207e+00
8.795032483e-01  8.4019893e+00         -inf  1.00779e+05  8.40199e+00  8.40199e+00
8.830212613e-01  8.3755815e+00         -inf  1.00779e+05  8.37558e+00  8.37558e+00
8.865533464e-01  8.3285052e+00         -inf  1.00779e+05  8.32851e+00  8.32851e+00
8.900995597e-01  8.2712227e+00         -inf  1.00779e+05  8.27122e+00  8.27122e+00
8.936599580e-01  8.2145321e+00         -inf  1.00779e+05  8.21453e+00  8.21453e+00
8.972345978e-01  8.1775282e+00         -inf  1.00779e+05  8.17753e+00  8.17753e+00
9.008235362e-01  8.1335637e+00         -inf  1.00779e+05  8.13356e+00  8.13356e+00
9.044268304e-01  8.0669399e+00         -inf  1.00779e+05  8.06694e+00  8.06694e+00
9.080445377e-01  8.0078242e+00         -inf  1.00779e+05  8.00782e+00  8.00782e+00
9.116767158e-01  7.9539085e+00         -inf  1.00779e+05  7.95391e+00  7.95391e+00
9.153234227e-01  7.8983650e+00         -inf  1.00779e+05  7.89837e+00  7.89837e+00
9.189847164e-01  7.8396723e+00         -inf  1.00779e+05  7.83967e+00  7.83967e+00
9.226606552e-01  7.7881080e+00         -inf  1.00779e+05  7.78811e+00  7.78811e+00
9.263512979e-01  7.7475992e+00         -inf  1.00779e+05  7.74760e+00  7.74760e+00
9.300567031e-01  7.7513316e+00         -inf  1.00779e+05  7.75133e+00  7.75133e+00
9.337769299e-01  7.8591040e+00         -inf  1.00779e+05  7.85910e+00  7.85910e+00
9.375120376e-01  7.8859826e+00         -inf  1.00779e+05  7.88598e+00  7.88598e+00
9.412620857e-01  7.8078758e+00         -inf  1.00779e+05  7.80788e+00  7.80788e+00
9.450271341e-01  7.7559840e+00         -inf  1.00779e+05  7.75598e+00  7.75598e+00
9.488072426e-01  7.6698533e+00         -inf  1.00779e+05  7.66985e+00  7.66985e+00
9.526024716e-01  7.5595040e+00         -inf  1.00779e+05  7.55950e+00  7.55950e+00
9.564128815e-01  7.4449778e+00         -inf  1.00779e+05  7.44498e+00  7.44498e+00
9.602385330e-01  7.3717926e+00         -inf  1.00779e+05  7.37179e+00  7.37179e+00
9.640794871e-01  7.3181016e+00         -inf  1.00779e+05  7.31810e+00  7.31810e+00
9.679358051e-01  7.2610490e+00         -inf  1.00779e+05  7.26105e+00  7.26105e+00
9.718075483e-01  7.2135401e+00         -inf  1.00779e+05  7.21354e+00  7.21354e+00
9.756947785e-01  7.1684457e+00         -inf  1.00779e+05  7.16845e+00  7.16845e+00
9.795975576e-01  7.1170352e+00         -inf  1.00779e+05  7.11704e+00  7.11704e+00
9.835159478e-01  7.0659340e+00         -inf  1.00779e+05  7.06593e+00  7.06593e+00
9.874500116e-01  7.0259160e+00         -inf  1.00779e+05  7.02592e+00  7.02592e+00
9.913998117e-01  6.9956281e+00         -inf  1.00779e+05  6.99563e+00  6.99563e+00
9.953654109e-01  6.9513284e+00         -inf  1.00779e+05  6.95133e+00  6.95133e+00
9.993468726e-01  6.9061260e+00         -inf  1.00779e+05  6.90613e+00  6.90613e+00
1.003344260e+00  6.8642936e+00         -inf  1.00779e+05  6.86429e+00  6.86429e+00
1.007357637e+00  6.8246460e+00         -inf  1.00779e+05  6.82465e+00  6.82465e+00
1.011387068e+00  6.7862807e+00         -inf  1.00779e+05  6.78628e+00  6.78628e+00
1.015432616e+00  6.7467210e+00         -inf  1.00779e+05  6.74672e+00  6.74672e+00
1.019494346e+00  6.7066126e+00         -inf  1.00779e+05  6.70661e+00  6.70661e+00
1.023572324e+00  6.6674948e+00         -inf  1.00779e+05  6.66749e+00  6.66749e+00
1.027666613e+00  6.6293940e+00         -inf  1.00779e+05  6.62939e+00  6.62939e+00
1.031777280e+00  6.5913549e+00         -inf  1.00779e+05  6.59135e+00  6.59135e+00
1.035904389e+00  6.5710968e+00         -inf  1.00779e+05  6.57110e+00  6.57110e+00
1.040048006e+00  6.5529175e+00         -inf  1.00779e+05  6.55292e+00  6.55292e+00
1.044208198e+00  6.4872594e+00         -inf  1.00779e+05  6.48726e+00  6.48726e+00
1.048385031e+00  6.4946108e+00         -inf  1.00779e+05  6.49461e+00  6.49461e+00
1.052578571e+00  6.5111714e+00         -inf  1.00779e+05  6.51117e+00  6.51117e+00
1.056788885e+00  6.3906819e+00         -inf  1.00779e+05  6.39068e+00  6.39068e+00
1.061016041e+00  6.3523229e+00         -inf  1.00779e+05  6.35232e+00  6.35232e+00
1.065260105e+00  6.3366909e+00         -inf  1.00779e+05  6.33669e+00  6.33669e+00
1.069521146e+00  6.2878394e+00         -inf  1.00779e+05  6.28784e+00  6.28784e+00
1.073799230e+00  6.2513996e+00         -inf  1.00779e+05  6.25140e+00  6.25140e+00
1.078094427e+00  6.2191353e+00         -inf  1.00779e+05  6.21914e+00  6.21914e+00
1.082406805e+00  6.1877997e+00         -inf  1.00779e+05  6.18780e+00  6.18780e+00
1.086736432e+00  6.1585608e+00         -inf  1.00779e+05  6.15856e+00  6.15856e+00
1.091083378e+00  6.1329401e+00         -inf  1.00779e+05  6.13294e+00  6.13294e+00
1.095447711e+00  6.1089825e+00         -inf  1.00779e+05  6.10898e+00  6.10898e+00
1.099829502e+00  6.0855822e+00         -inf  1.00779e+05  6.08558e+00  6.08558e+00
1.104228820e+00  6.0645528e+00         -inf  1.00779e+05  6.06455e+00  6.06455e+00
1.108645735e+00  6.0561924e+00         -inf  1.00779e+05  6.05619e+00  6.05619e+00
1.113080318e+00  6.1072042e+00         -inf  1.00779e+05  6.10720e+00  6.10720e+00
1.117532640e+00  6.2545933e+00         -inf  1.00779e+05  6.25459e+00  6.25459e+00
1.122002770e+00  6.5293419e+00         -inf  1.00779e+05  6.52934e+00  6.52934e+00
1.126490781e+00  6.7262334e+00         -inf  1.00779e+05  6.72623e+00  6.72623e+00
1.130996744e+00  6.6873634e+00         -inf  1.00779e+05  6.68736e+00  6.68736e+00
1.135520731e+00  6.6373556e+00         -inf  1.00779e+05  6.63736e+00  6.63736e+00
1.140062814e+00  6.4351447e+00         -inf  1.00779e+05  6.43514e+00  6.43514e+00
1.144623065e+00  6.3824191e+00         -inf  1.00779e+05  6.38242e+00  6.38242e+00
1.149201558e+00  6.3436532e+00         -inf  1.00779e+05  6.34365e+00  6.34365e+00
1.153798364e+00  6.3102658e+00         -inf  1.00779e+05  6.31027e+00  6.31027e+00
1.158413557e+00  6.0964286e+00         -inf  1.00779e+05  6.09643e+00  6.09643e+00
1.163047212e+00  6.1500323e+00         -inf  1.00779e+05  6.15003e+00  6.15003e+00
1.167699401e+00  5.9779663e+00         -inf  1.00779e+05  5.97797e+00  5.97797e+00
1.172370198e+00  5.8650667e+00         -inf  1.00779e+05  5.86507e+00  5.86507e+00
1.177059679e+00  5.7729390e+00         -inf  1.00779e+05  5.77294e+00  5.77294e+00
1.181767918e+00  5.7221369e+00         -inf  1.00779e+05  5.72214e+00  5.72214e+00
1.186494989e+00  5.6836147e+00         -inf  1.00779e+05  5.68361e+00  5.68361e+00
1.191240969e+00  5.6383328e+00         -inf  1.00779e+05  5.63833e+00  5.63833e+00
1.196005933e+00  5.5773458e+00         -inf  1.00779e+05  5.57735e+00  5.57735e+00
1.200789957e+00  5.7481750e+00         -inf  1.00779e+05  5.74818e+00  5.74818e+00
1.205593117e+00  6.8801190e+00         -inf  1.00779e+05  6.88012e+00  6.88012e+00
1.210415489e+00  6.0915539e+00         -inf  1.00779e+05  6.09155e+00  6.09155e+00
1.215257151e+00  5.6137894e+00         -inf  1.00779e+05  5.61379e+00  5.61379e+00
1.220118180e+00  6.5463978e+00         -inf  1.00779e+05  6.54640e+00  6.54640e+00
1.224998652e+00  5.9124704e+00         -inf  1.00779e+05  5.91247e+00  5.91247e+00
1.229898647e+00  5.4636607e+00         -inf  1.00779e+05  5.46366e+00  5.46366e+00
1.234818242e+00  5.4168908e+00         -inf  1.00779e+05  5.41689e+00  5.41689e+00
1.239757515e+00  5.3559549e+00         -inf  1.00779e+05  5.35595e+00  5.35595e+00
1.244716545e+00  5.3092727e+00         -inf  1.00779e+05  5.30927e+00  5.30927e+00
1.249695411e+00  5.2936735e+00         -inf  1.00779e+05  5.29367e+00  5.29367e+00
1.254694192e+00  5.2828700e+00         -inf  1.00779e+05  5.28287e+00  5.28287e+00
1.259712969e+00  5.2760392e+00         -inf  1.00779e+05  5.27604e+00  5.27604e+00
1.264751821e+00  5.3015571e+00         -inf  1.00779e+05  5.30156e+00  5.30156e+00
1.269810828e+00  5.3050875e+00         -inf  1.00779e+05  5.30509e+00  5.30509e+00
1.274890072e+00  5.2125803e+00         -inf  1.00779e+05  5.21258e+00  5.21258e+00
1.279989632e+00  5.1808683e+00         -inf  1.00779e+05  5.18087e+00  5.18087e+00
1.285109591e+00  5.1674012e+00         -inf  1.00779e+05  5.16740e+00  5.16740e+00
1.290250029e+00  5.2778089e+00         -inf  1.00779e+05  5.27781e+00  5.27781e+00
1.295411029e+00  5.2556709e+00         -inf  1.00779e+05  5.25567e+00  5.25567e+00
1.300592673e+00  5.1252657e+00         -inf  1.00779e+05  5.12527e+00  5.12527e+00
1.305795044e+00  5.1146831e+00         -inf  1.00779e+05  5.11468e+00  5.11468e+00
1.311018224e+00  5.2124652e+00         -inf  1.00779e+05  5.21247e+00  5.21247e+00
1.316262297e+00  5.6332365e+00         -inf  1.00779e+05  5.63324e+00  5.63324e+00
1.321527346e+00  5.5066081e+00         -inf  1.00779e+05  5.50661e+00  5.50661e+00
1.326813455e+00  5.2799678e+00         -inf  1.00779e+05  5.27997e+00  5.27997e+00
1.332120709e+00  5.7265429e+00         -inf  1.00779e+05  5.72654e+00  5.72654e+00
1.337449192e+00  5.6450393e+00         -inf  1.00779e+05  5.64504e+00  5.64504e+00
1.342798989e+00  5.9704196e+00         -inf  1.00779e+05  5.97042e+00  5.97042e+00
1.348170185e+00  6.3368678e+00         -inf  1.00779e+05  6.33687e+00  6.33687e+00
1.353562866e+00  7.0456331e+00         -inf  1.00779e+05  7.04563e+00  7.04563e+00
1.358977117e+00  7.6266726e+00         -inf  1.00779e+05  7.62667e+00  7.62667e+00
1.364413026e+00  7.9036187e+00         -inf  1.00779e+05  7.90362e+00  7.90362e+00
1.369870678e+00  7.8788009e+00         -inf  1.00779e+05  7.87880e+00  7.87880e+00
1.375350160e+00  7.7817663e+00         -inf  1.00779e+05  7.78177e+00  7.78177e+00
1.380851561e+00  7.7550199e+00         -inf  1.00779e+05  7.75502e+00  7.75502e+00
1.386374967e+00  7.7198443e+00         -inf  1.00779e+05  7.71984e+00  7.71984e+00
1.391920467e+00  7.6704194e+00         -inf  1.00779e+05  7.67042e+00  7.67042e+00
1.397488149e+00  7.6058074e+00         -inf  1.00779e+05  7.60581e+00  7.60581e+00
1.403078102e+00  7.4212993e+00         -inf  1.00779e+05  7.42130e+00  7.42130e+00
1.408690414e+00  7.0599720e+00         -inf  1.00779e+05  7.05997e+00  7.05997e+00
1.414325176e+00  6.4408949e+00         -inf  1.00779e+05  6.44089e+00  6.44089e+00
1.419982476e+00  5.9119661e+00         -inf  1.00779e+05  5.91197e+00  5.91197e+00
1.425662406e+00  5.7078393e+00         -inf  1.00779e+05  5.70784e+00  5.70784e+00
1.431365056e+00  1.0489133e+01         -inf  1.00779e+05  1.04891e+01  1.04891e+01
1.437090516e+00  1.0353068e+01         -inf  1.00779e+05  1.03531e+01  1.03531e+01
1.442838878e+00  8.1200144e+00         -inf  1.00779e+05  8.12001e+00  8.12001e+00
1.448610234e+00  6.3456437e+00         -inf  1.00779e+05  6.34564e+00  6.34564e+00
1.454404675e+00  5.5922896e+00         -inf  1.00779e+05  5.59229e+00  5.59229e+00
1.460222293e+00  5.4147938e+00         -inf  1.00779e+05  5.41479e+00  5.41479e+00
1.466063182e+00  5.4105380e+00         -inf  1.00779e+05  5.41054e+00  5.41054e+00
1.471927435e+00  5.9400561e+00         -inf  1.00779e+05  5.94006e+00  5.94006e+00
1.477815145e+00  5.7034686e+00         -inf  1.00779e+05  5.70347e+00  5.70347e+00
1.483726405e+00  5.1277255e+00         -inf  1.00779e+05  5.12773e+00  5.12773e+00
1.489661311e+00  4.8569438e+00         -inf  1.00779e+05  4.85694e+00  4.85694e+00
1.495619956e+00  4.9183268e+00         -inf  1.00779e+05  4.91833e+00  4.91833e+00
1.501602436e+00  4.7638373e+00         -inf  1.00779e+05  4.76384e+00  4.76384e+00
1.507608846e+00  4.6450764e+00         -inf  1.00779e+05  4.64508e+00  4.64508e+00
1.513639281e+00  4.6343779e+00         -inf  1.00779e+05  4.63438e+00  4.63438e+00
1.519693838e+00  4.6485805e+00         -inf  1.00779e+05  4.64858e+00  4.64858e+00
1.525772614e+00  4.8036480e+00         -inf  1.00779e+05  4.80365e+00  4.80365e+00
1.531875704e+00  5.4587856e+00         -inf  1.00779e+05  5.45879e+00  5.45879e+00
1.538003207e+00  5.8172114e+00         -inf  1.00779e+05  5.81721e+00  5.81721e+00
1.544155220e+00  5.2372844e+00         -inf  1.00779e+05  5.23728e+00  5.23728e+00
1.550331841e+00  4.5746028e+00         -inf  1.00779e+05  4.57460e+00  4.57460e+00
1.556533168e+00  4.5493917e+00         -inf  1.00779e+05  4.54939e+00  4.54939e+00
1.562759301e+00  4.5674173e+00         -inf  1.00779e+05  4.56742e+00  4.56742e+00
1.569010338e+00  6.9497449e+00         -inf  1.00779e+05  6.94974e+00  6.94974e+00
1.575286379e+00  8.7276917e+00         -inf  1.00779e+05  8.72769e+00  8.72769e+00
1.581587525e+00  7.0627141e+00         -inf  1.00779e+05  7.06271e+00  7.06271e+00
1.587913875e+00  4.7916490e+00         -inf  1.00779e+05  4.79165e+00  4.79165e+00
1.594265530e+00  4.7071516e+00         -inf  1.00779e+05  4.70715e+00  4.70715e+00
1.600642593e+00  8.3311673e+00         -inf  1.00779e+05  8.33117e+00  8.33117e+00
1.607045163e+00  8.5389792e+00         -inf  1.00779e+05  8.53898e+00  8.53898e+00
1.613473344e+00  6.7563014e+00         -inf  1.00779e+05  6.75630e+00  6.75630e+00
1.619927237e+00  4.9999192e+00         -inf  1.00779e+05  4.99992e+00  4.99992e+00
1.626406946e+00  4.8842419e+00         -inf  1.00779e+05  4.88424e+00  4.88424e+00
1.632912574e+00  5.2479287e+00         -inf  1.00779e+05  5.24793e+00  5.24793e+00
1.639444224e+00  5.7995609e+00         -inf  1.00779e+05  5.79956e+00  5.79956e+00
1.646002001e+00  5.9798330e+00         -inf  1.00779e+05  5.97983e+00  5.97983e+00
1.652586009e+00  5.7678695e+00         -inf  1.00779e+05  5.76787e+00  5.76787e+00
1.659196353e+00  4.9997422e+00         -inf  1.00779e+05  4.99974e+00  4.99974e+00
1.665833138e+00  6.5349240e+00         -inf  1.00779e+05  6.53492e+00  6.53492e+00
1.672496471e+00  4.9637553e+00         -inf  1.00779e+05  4.96376e+00  4.96376e+00
1.679186457e+00  5.0135105e+00         -inf  1.00779e+05  5.01351e+00  5.01351e+00
1.685903203e+00  5.0448251e+00         -inf  1.00779e+05  5.04483e+00  5.04483e+00
1.692646815e+00  5.1594289e+00         -inf  1.00779e+05  5.15943e+00  5.15943e+00
1.699417403e+00  5.2898511e+00         -inf  1.00779e+05  5.28985e+00  5.28985e+00
1.706215072e+00  6.0989765e+00         -inf  1.00779e+05  6.09898e+00  6.09898e+00
1.713039933e+00  5.3076092e+00         -inf  1.00779e+05  5.30761e+00  5.30761e+00
1.719892092e+00  5.1802843e+00         -inf  1.00779e+05  5.18028e+00  5.18028e+00
1.726771661e+00  5.8067981e+00         -inf  1.00779e+05  5.80680e+00  5.80680e+00
1.733678747e+00  5.1667199e+00         -inf  1.00779e+05  5.16672e+00  5.16672e+00
1.740613462e+00  4.9050273e+00         -inf  1.00779e+05  4.90503e+00  4.90503e+00
1.747575916e+00  4.7409985e+00         -inf  1.00779e+05  4.74100e+00  4.74100e+00
1.754566220e+00  4.6939844e+00         -inf  1.00779e+05  4.69398e+00  4.69398e+00
1.761584485e+00  4.7351140e+00         -inf  1.00779e+05  4.73511e+00  4.73511e+00
1.768630823e+00  5.0792366e+00         -inf  1.00779e+05  5.07924e+00  5.07924e+00
1.775705346e+00  5.3692003e+00         -inf  1.00779e+05  5.36920e+00  5.36920e+00
1.782808167e+00  5.0930489e+00         -inf  1.00779e+05  5.09305e+00  5.09305e+00
1.789939400e+00  5.8159463e+00         -inf  1.00779e+05  5.81595e+00  5.81595e+00
1.797099158e+00  5.3136082e+00         -inf  1.00779e+05  5.31361e+00  5.31361e+00
1.804287554e+00  5.5527315e+00         -inf  1.00779e+05  5.55273e+00  5.55273e+00
1.811504704e+00  5.9158678e+00         -inf  1.00779e+05  5.91587e+00  5.91587e+00
1.818750723e+00  6.4045798e+00         -inf  1.00779e+05  6.40458e+00  6.40458e+00
1.826025726e+00  6.8357123e+00         -inf  1.00779e+05  6.83571e+00  6.83571e+00
1.833329829e+00  7.1844738e+00         -inf  1.00779e+05  7.18447e+00  7.18447e+00
1.840663148e+00  7.4840291e+00         -inf  1.00779e+05  7.48403e+00  7.48403e+00
1.848025801e+00  7.6461402e+00         -inf  1.00779e+05  7.64614e+00  7.64614e+00
1.855417904e+00  7.6841997e+00         -inf  1.00779e+05  7.68420e+00  7.68420e+00
1.862839576e+00  7.6380118e+00         -inf  1.00779e+05  7.63801e+00  7.63801e+00
1.870290934e+00  7.5915317e+00         -inf  1.00779e+05  7.59153e+00  7.59153e+00
1.877772098e+00  8.1814993e+00         -inf  1.00779e+05  8.18150e+00  8.18150e+00
1.885283186e+00  8.1036879e+00         -inf  1.00779e+05  8.10369e+00  8.10369e+00
1.892824319e+00  7.4163725e+00         -inf  1.00779e+05  7.41637e+00  7.41637e+00
1.900395616e+00  7.3176593e+00         -inf  1.00779e+05  7.31766e+00  7.31766e+00
1.907997199e+00  7.2335220e+00         -inf  1.00779e+05  7.23352e+00  7.23352e+00
1.915629188e+00  7.0322318e+00         -inf  1.00779e+05  7.03223e+00  7.03223e+00
1.923291704e+00  6.6506692e+00         -inf  1.00779e+05  6.65067e+00  6.65067e+00
1.930984871e+00  6.1216160e+00         -inf  1.00779e+05  6.12162e+00  6.12162e+00
1.938708811e+00  6.0021190e+00         -inf  1.00779e+05  6.00212e+00  6.00212e+00
1.946463646e+00  9.5811847e+00         -inf  1.00779e+05  9.58118e+00  9.58118e+00
1.954249500e+00  1.6165689e+01         -inf  1.00779e+05  1.61657e+01  1.61657e+01
1.962066498e+00  1.5735581e+01         -inf  1.00779e+05  1.57356e+01  1.57356e+01
1.969914764e+00  1.3449407e+01         -inf  1.00779e+05  1.34494e+01  1.34494e+01
1.977794423e+00  7.8281832e+00         -inf  1.00779e+05  7.82818e+00  7.82818e+00
1.985705601e+00  5.9382778e+00         -inf  1.00779e+05  5.93828e+00  5.93828e+00
1.993648424e+00  7.7570100e+00         -inf  1.00779e+05  7.75701e+00  7.75701e+00
2.001623017e+00  1.8759342e+01         -inf  1.00779e+05  1.87593e+01  1.87593e+01
2.009629509e+00  1.9693645e+01         -inf  1.00779e+05  1.96936e+01  1.96936e+01
2.017668027e+00  1.7601387e+01         -inf  1.00779e+05  1.76014e+01  1.76014e+01
2.025738699e+00  1.1159513e+01         -inf  1.00779e+05  1.11595e+01  1.11595e+01
2.033841654e+00  9.6353875e+00         -inf  1.00779e+05  9.63539e+00  9.63539e+00
2.041977021e+00  1.0295954e+01         -inf  1.00779e+05  1.02960e+01  1.02960e+01
2.050144929e+00  1.3659901e+01         -inf  1.00779e+05  1.36599e+01  1.36599e+01
2.058345509e+00  1.4858933e+01         -inf  1.00779e+05  1.48589e+01  1.48589e+01
2.066578891e+00  1.4266602e+01         -inf  1.00779e+05  1.42666e+01  1.42666e+01
2.074845206e+00  1.0982708e+01         -inf  1.00779e+05  1.09827e+01  1.09827e+01
2.083144587e+00  9.2682496e+00         -inf  1.00779e+05  9.26825e+00  9.26825e+00
2.091477165e+00  7.7901953e+00         -inf  1.00779e+05  7.79020e+00  7.79020e+00
2.099843074e+00  6.5521833e+00         -inf  1.00779e+05  6.55218e+00  6.55218e+00
2.108242446e+00  6.6789152e+00         -inf  1.00779e+05  6.67892e+00  6.67892e+00
2.116675416e+00  6.1866850e+00         -inf  1.00779e+05  6.18669e+00  6.18669e+00
2.125142118e+00  5.6449862e+00         -inf  1.00779e+05  5.64499e+00  5.64499e+00
2.133642686e+00  5.2625105e+00         -inf  1.00779e+05  5.26251e+00  5.26251e+00
2.142177257e+00  5.4772687e+00         -inf  1.00779e+05  5.47727e+00  5.47727e+00
2.150745966e+00  6.4218926e+00         -inf  1.00779e+05  6.42189e+00  6.42189e+00
2.159348950e+00  6.5176823e+00         -inf  1.00779e+05  6.51768e+00  6.51768e+00
2.167986346e+00  6.3185729e+00         -inf  1.00779e+05  6.31857e+00  6.31857e+00
2.176658291e+00  5.8676059e+00         -inf  1.00779e+05  5.86761e+00  5.86761e+00
2.185364924e+00  5.1691620e+00         -inf  1.00779e+05  5.16916e+00  5.16916e+00
2.194106384e+00  5.3494428e+00         -inf  1.00779e+05  5.34944e+00  5.34944e+00
2.202882810e+00  7.9979627e+00         -inf  1.00779e+05  7.99796e+00  7.99796e+00
2.211694341e+00  4.9959197e+00         -inf  1.00779e+05  4.99592e+00  4.99592e+00
2.220541118e+00  5.6970541e+00         -inf  1.00779e+05  5.69705e+00  5.69705e+00
2.229423283e+00  6.2703228e+00         -inf  1.00779e+05  6.27032e+00  6.27032e+00
2.238340976e+00  6.6903445e+00         -inf  1.00779e+05  6.69034e+00  6.69034e+00
2.247294340e+00  7.2511863e+00         -inf  1.00779e+05  7.25119e+00  7.25119e+00
2.256283517e+00  7.9347071e+00         -inf  1.00779e+05  7.93471e+00  7.93471e+00
2.265308651e+00  8.1478295e+00         -inf  1.00779e+05  8.14783e+00  8.14783e+00
2.274369886e+00  8.6080745e+00         -inf  1.00779e+05  8.60807e+00  8.60807e+00
2.283467365e+00  8.4941682e+00         -inf  1.00779e+05  8.49417e+00  8.49417e+00
2.292601235e+00  9.3822308e+00         -inf  1.00779e+05  9.38223e+00  9.38223e+00
2.301771640e+00  1.0466677e+01         -inf  1.00779e+05  1.04667e+01  1.04667e+01
2.310978726e+00  6.8735907e+00         -inf  1.00779e+05  6.87359e+00  6.87359e+00
2.320222641e+00  9.8704085e+00         -inf  1.00779e+05  9.87041e+00  9.87041e+00
2.329503532e+00  8.4814155e+00         -inf  1.00779e+05  8.48142e+00  8.48142e+00
2.338821546e+00  9.7697873e+00         -inf  1.00779e+05  9.76979e+00  9.76979e+00
2.348176832e+00  1.0407706e+01         -inf  1.00779e+05  1.04077e+01  1.04077e+01
2.357569539e+00  8.8054779e+00         -inf  1.00779e+05  8.80548e+00  8.80548e+00
2.366999817e+00  9.0867068e+00         -inf  1.00779e+05  9.08671e+00  9.08671e+00
2.376467817e+00  9.3647226e+00         -inf  1.00779e+05  9.36472e+00  9.36472e+00
2.385973688e+00  7.5862158e+00         -inf  1.00779e+05  7.58622e+00  7.58622e+00
2.395517583e+00  7.7013763e+00         -inf  1.00779e+05  7.70138e+00  7.70138e+00
2.405099653e+00  6.5142941e+00         -inf  1.00779e+05  6.51429e+00  6.51429e+00
2.414720052e+00  5.6972045e+00         -inf  1.00779e+05  5.69720e+00  5.69720e+00
2.424378932e+00  6.5881437e+00         -inf  1.00779e+05  6.58814e+00  6.58814e+00
2.434076448e+00  5.7249945e+00         -inf  1.00779e+05  5.72499e+00  5.72499e+00
2.443812753e+00  5.4143160e+00         -inf  1.00779e+05  5.41432e+00  5.41432e+00
2.453588004e+00  5.3691029e+00         -inf  1.00779e+05  5.36910e+00  5.36910e+00
2.463402356e+00  5.2966818e+00         -inf  1.00779e+05  5.29668e+00  5.29668e+00
2.473255966e+00  5.3662273e+00         -inf  1.00779e+05  5.36623e+00  5.36623e+00
2.483148990e+00  5.8290314e+00         -inf  1.00779e+05  5.82903e+00  5.82903e+00
2.493081586e+00  5.8983678e+00         -inf  1.00779e+05  5.89837e+00  5.89837e+00
2.503053912e+00  6.1010643e+00         -inf  1.00779e+05  6.10106e+00  6.10106e+00
2.513066128e+00  6.3437946e+00         -inf  1.00779e+05  6.34379e+00  6.34379e+00
2.523118392e+00  6.6086139e+00         -inf  1.00779e+05  6.60861e+00  6.60861e+00
2.533210866e+00  6.9789094e+00         -inf  1.00779e+05  6.97891e+00  6.97891e+00
2.543343709e+00  7.2769439e+00         -inf  1.00779e+05  7.27694e+00  7.27694e+00
2.553517084e+00  8.0882630e+00         -inf  1.00779e+05  8.08826e+00  8.08826e+00
2.563731152e+00  9.0655716e+00         -inf  1.00779e+05  9.06557e+00  9.06557e+00
2.573986077e+00  9.5110644e+00         -inf  1.00779e+05  9.51106e+00  9.51107e+00
2.584282021e+00  1.0050691e+01         -inf  1.00779e+05  1.00507e+01  1.00507e+01
2.594619149e+00  1.0577630e+01         -inf  1.00779e+05  1.05776e+01  1.05776e+01
2.604997626e+00  1.0543150e+01         -inf  1.00779e+05  1.05431e+01  1.05432e+01
2.615417616e+00  1.0615557e+01         -inf  1.00779e+05  1.06156e+01  1.06156e+01
2.625879287e+00  1.0193569e+01         -inf  1.00779e+05  1.01936e+01  1.01936e+01
2.636382804e+00  9.9379583e+00         -inf  1.00779e+05  9.93796e+00  9.93796e+00
2.646928335e+00  9.9091339e+00         -inf  1.00779e+05  9.90913e+00  9.90914e+00
2.657516049e+00  1.0707942e+01         -inf  1.00779e+05  1.07079e+01  1.07079e+01
2.668146113e+00  1.9498266e+01         -inf  1.00779e+05  1.94983e+01  1.94983e+01
2.678818697e+00  3.0183220e+01         -inf  1.00779e+05  3.01832e+01  3.01832e+01
2.689533972e+00  2.9813800e+01         -inf  1.00779e+05  2.98138e+01  2.98138e+01
2.700292108e+00  3.0486250e+01         -inf  1.00779e+05  3.04862e+01  3.04862e+01
2.711093276e+00  2.6794808e+01         -inf  1.00779e+05  2.67948e+01  2.67948e+01
2.721937650e+00  2.0879914e+01         -inf  1.00779e+05  2.08799e+01  2.08799e+01
2.732825400e+00  1.9189867e+01         -inf  1.00779e+05  1.91899e+01  1.91899e+01
2.743756702e+00  2.3121394e+01         -inf  1.00779e+05  2.31214e+01  2.31214e+01
2.754731729e+00  2.9104959e+01         -inf  1.00779e+05  2.91050e+01  2.91050e+01
2.765750655e+00  2.8490820e+01         -inf  1.00779e+05  2.84908e+01  2.84908e+01
2.776813658e+00  2.9660772e+01         -inf  1.00779e+05  2.96608e+01  2.96608e+01
2.787920913e+00  2.6904867e+01         -inf  1.00779e+05  2.69049e+01  2.69049e+01
2.799072596e+00  2.2893644e+01         -inf  1.00779e+05  2.28936e+01  2.28936e+01
2.810268887e+00  2.0588706e+01         -inf  1.00779e+05  2.05887e+01  2.05887e+01
2.821509962e+00  1.8437042e+01         -inf  1.00779e+05  1.84370e+01  1.84370e+01
2.832796002e+00  1.5331943e+01         -inf  1.00779e+05  1.53319e+01  1.53319e+01
2.844127186e+00  1.5800063e+01         -inf  1.00779e+05  1.58001e+01  1.58001e+01
2.855503695e+00  1.3977481e+01         -inf  1.00779e+05  1.39775e+01  1.39775e+01
2.866925710e+00  1.4020248e+01         -inf  1.00779e+05  1.40202e+01  1.40203e+01
2.878393413e+00  1.2237030e+01         -inf  1.00779e+05  1.22370e+01  1.22370e+01
2.889906986e+00  1.1305281e+01         -inf  1.00779e+05  1.13053e+01  1.13053e+01
2.901466614e+00  8.5072533e+00         -inf  1.00779e+05  8.50725e+00  8.50726e+00
2.913072481e+00  6.3497452e+00         -inf  1.00779e+05  6.34975e+00  6.34975e+00
2.924724770e+00  5.5861900e+00         -inf  1.00779e+05  5.58619e+00  5.58619e+00
2.936423670e+00  5.0882670e+00         -inf  1.00779e+05  5.08827e+00  5.08827e+00
2.948169364e+00  5.4512962e+00         -inf  1.00779e+05  5.45130e+00  5.45130e+00
2.959962042e+00  7.0372250e+00         -inf  1.00779e+05  7.03723e+00  7.03723e+00
2.971801890e+00  6.9886171e+00         -inf  1.00779e+05  6.98862e+00  6.98862e+00
2.983689097e+00  7.6425435e+00         -inf  1.00779e+05  7.64254e+00  7.64255e+00
2.995623854e+00  6.0166579e+00         -inf  1.00779e+05  6.01666e+00  6.01666e+00
3.007606349e+00  5.7254397e+00         -inf  1.00779e+05  5.72544e+00  5.72545e+00
3.019636775e+00  5.6846609e+00         -inf  1.00779e+05  5.68466e+00  5.68467e+00
3.031715322e+00  5.1062790e+00         -inf  1.00779e+05  5.10628e+00  5.10629e+00
3.043842183e+00  5.0490736e+00         -inf  1.00779e+05  5.04907e+00  5.04908e+00
3.056017552e+00  5.1159136e+00         -inf  1.00779e+05  5.11591e+00  5.11592e+00
3.068241622e+00  5.1697282e+00         -inf  1.00779e+05  5.16973e+00  5.16974e+00
3.080514588e+00  5.2209764e+00         -inf  1.00779e+05  5.22098e+00  5.22099e+00
3.092836647e+00  5.2636680e+00         -inf  1.00779e+05  5.26367e+00  5.26368e+00
3.105207993e+00  5.3395128e+00         -inf  1.00779e+05  5.33951e+00  5.33952e+00
3.117628825e+00  5.5800145e+00         -inf  1.00779e+05  5.58001e+00  5.58003e+00
3.130099341e+00  5.7594689e+00         -inf  1.00779e+05  5.75947e+00  5.75948e+00
3.142619738e+00  5.4641510e+00         -inf  1.00779e+05  5.46415e+00  5.46417e+00
3.155190217e+00  6.2835682e+00         -inf  1.00779e+05  6.28357e+00  6.28358e+00
3.167810978e+00  6.2883354e+00         -inf  1.00779e+05  6.28834e+00  6.28835e+00
3.180482222e+00  7.9444243e+00         -inf  1.00779e+05  7.94442e+00  7.94444e+00
3.193204151e+00  8.1880045e+00         -inf  1.00779e+05  8.18800e+00  8.18803e+00
3.205976967e+00  9.1405358e+00         -inf  1.00779e+05  9.14054e+00  9.14056e+00
3.218800875e+00  1.0425804e+01         -inf  1.00779e+05  1.04258e+01  1.04258e+01
3.231676079e+00  1.0044916e+01         -inf  1.00779e+05  1.00449e+01  1.00449e+01
3.244602783e+00  1.1642841e+01         -inf  1.00779e+05  1.16428e+01  1.16429e+01
3.257581194e+00  1.2282252e+01         -inf  1.00779e+05  1.22823e+01  1.22823e+01
3.270611519e+00  1.0810020e+01         -inf  1.00779e+05  1.08100e+01  1.08101e+01
3.283693965e+00  8.4341915e+00         -inf  1.00779e+05  8.43419e+00  8.43423e+00
3.296828741e+00  9.4441786e+00         -inf  1.00779e+05  9.44418e+00  9.44422e+00
3.310016056e+00  1.7435405e+01         -inf  1.00779e+05  1.74354e+01  1.74354e+01
3.323256120e+00  1.5522446e+01         -inf  1.00779e+05  1.55224e+01  1.55225e+01
3.336549144e+00  7.9671311e+00         -inf  1.00779e+05  7.96713e+00  7.96718e+00
3.349895341e+00  8.9074094e+00         -inf  1.00779e+05  8.90741e+00  8.90746e+00
3.363294922e+00  1.1090417e+01         -inf  1.00779e+05  1.10904e+01  1.10905e+01
3.376748102e+00  1.1186770e+01         -inf  1.00779e+05  1.11868e+01  1.11868e+01
3.390255094e+00  1.1138940e+01         -inf  1.00779e+05  1.11389e+01  1.11390e+01
3.403816115e+00  1.0476775e+01         -inf  1.00779e+05  1.04768e+01  1.04768e+01
3.417431379e+00  8.7478641e+00         -inf  1.00779e+05  8.74786e+00  8.74793e+00
3.431101105e+00  9.0694760e+00         -inf  1.00779e+05  9.06948e+00  9.06955e+00
3.444825509e+00  8.9064937e+00         -inf  1.00779e+05  8.90649e+00  8.90657e+00
3.458604811e+00  8.0756636e+00         -inf  1.00779e+05  8.07566e+00  8.07575e+00
3.472439231e+00  9.0047296e+00         -inf  1.00779e+05  9.00473e+00  9.00482e+00
3.486328987e+00  8.6420382e+00         -inf  1.00779e+05  8.64204e+00  8.64213e+00
3.500274303e+00  7.4757873e+00         -inf  1.00779e+05  7.47579e+00  7.47588e+00
3.514275401e+00  5.9536709e+00         -inf  1.00779e+05  5.95367e+00  5.95377e+00
3.528332502e+00  6.9504693e+00         -inf  1.00779e+05  6.95047e+00  6.95058e+00
3.542445832e+00  9.6849546e+00         -inf  1.00779e+05  9.68495e+00  9.68508e+00
3.556615616e+00  7.4532393e+00         -inf  1.00779e+05  7.45324e+00  7.45336e+00
3.570842078e+00  8.9580799e+00         -inf  1.00779e+05  8.95808e+00  8.95822e+00
3.585125446e+00  8.5413555e+00         -inf  1.00779e+05  8.54136e+00  8.54150e+00
3.599465948e+00  7.0077669e+00         -inf  1.00779e+05  7.00777e+00  7.00791e+00
3.613863812e+00  6.7726235e+00         -inf  1.00779e+05  6.77262e+00  6.77278e+00
3.628319267e+00  6.3065160e+00         -inf  1.00779e+05  6.30652e+00  6.30668e+00
3.642832544e+00  6.6309923e+00         -inf  1.00779e+05  6.63099e+00  6.63117e+00
3.657403874e+00  5.1159589e+00         -inf  1.00779e+05  5.11596e+00  5.11614e+00
3.672033490e+00  5.5111509e+00         -inf  1.00779e+05  5.51115e+00  5.51135e+00
3.686721624e+00  5.6577800e+00         -inf  1.00779e+05  5.65778e+00  5.65799e+00
3.701468510e+00  5.1122304e+00         -inf  1.00779e+05  5.11223e+00  5.11245e+00
3.716274384e+00  5.6278741e+00         -inf  1.00779e+05  5.62787e+00  5.62811e+00
3.731139482e+00  6.0596520e+00         -inf  1.00779e+05  6.05965e+00  6.05991e+00
3.746064040e+00  5.7345889e+00         -inf  1.00779e+05  5.73459e+00  5.73486e+00
3.761048296e+00  5.5230609e+00         -inf  1.00779e+05  5.52306e+00  5.52335e+00
3.776092489e+00  5.8116226e+00         -inf  1.00779e+05  5.81162e+00  5.81193e+00
3.791196859e+00  6.5154052e+00         -inf  1.00779e+05  6.51541e+00  6.51574e+00
3.806361647e+00  6.9103443e+00         -inf  1.00779e+05  6.91034e+00  6.91070e+00
3.821587093e+00  6.6451977e+00         -inf  1.00779e+05  6.64520e+00  6.64557e+00
3.836873442e+00  7.5243977e+00         -inf  1.00779e+05  7.52440e+00  7.52480e+00
3.852220935e+00  8.5699402e+00         -inf  1.00779e+05  8.56994e+00  8.57039e+00
3.867629819e+00  1.1236056e+01         -inf  1.00779e+05  1.12361e+01  1.12366e+01
3.883100338e+00  1.3194276e+01         -inf  1.00779e+05  1.31943e+01  1.31949e+01
3.898632740e+00  1.1833286e+01         -inf  1.00779e+05  1.18333e+01  1.18339e+01
3.914227271e+00  1.2702932e+01         -inf  1.00779e+05  1.27029e+01  1.27036e+01
3.929884180e+00  1.2156233e+01         -inf  1.00779e+05  1.21562e+01  1.21570e+01
3.945603716e+00  1.1190952e+01         -inf  1.00779e+05  1.11910e+01  1.11917e+01
3.961386131e+00  1.0780991e+01         -inf  1.00779e+05  1.07810e+01  1.07818e+01
3.977231676e+00  1.1315049e+01         -inf  1.00779e+05  1.13150e+01  1.13159e+01
3.993140603e+00  1.1735110e+01         -inf  1.00779e+05  1.17351e+01  1.17360e+01
4.009113165e+00  1.2608438e+01         -inf  1.00779e+05  1.26084e+01  1.26095e+01
4.025149618e+00  1.3621337e+01         -inf  1.00779e+05  1.36213e+01  1.36225e+01
4.041250216e+00  1.4624881e+01         -inf  1.00779e+05  1.46249e+01  1.46262e+01
4.057415217e+00  1.4913215e+01         -inf  1.00779e+05  1.49132e+01  1.49147e+01
4.073644878e+00  1.5588902e+01         -inf  1.00779e+05  1.55889e+01  1.55905e+01
4.089939457e+00  1.6016740e+01         -inf  1.00779e+05  1.60167e+01  1.60185e+01
4.106299215e+00  1.6181244e+01         -inf  1.00779e+05  1.61812e+01  1.61832e+01
4.122724412e+00  1.6410498e+01         -inf  1.00779e+05  1.64105e+01  1.64126e+01
4.139215310e+00  1.6669605e+01         -inf  1.00779e+05  1.66696e+01  1.66718e+01
4.155772171e+00  1.6883893e+01         -inf  1.00779e+05  1.68839e+01  1.68863e+01
4.172395260e+00  1.8136062e+01         -inf  1.00779e+05  1.81361e+01  1.81386e+01
4.189084841e+00  2.3117840e+01         -inf  1.00779e+05  2.31178e+01  2.31187e+01
4.205841180e+00  3.2120122e+01         -inf  1.00779e+05  3.21201e+01  3.21202e+01
4.222664545e+00  3.9887073e+01         -inf  1.00779e+05  3.98871e+01  3.98871e+01
4.239555203e+00  4.2902928e+01         -inf  1.00779e+05  4.29029e+01  4.29030e+01
4.256513424e+00  4.0982470e+01         -inf  1.00779e+05  4.09825e+01  4.09825e+01
4.273539477e+00  4.2521636e+01         -inf  1.00779e+05  4.25216e+01  4.25217e+01
4.290633635e+00  4.1261673e+01         -inf  1.00779e+05  4.12617e+01  4.12617e+01
4.307796170e+00  3.8601314e+01         -inf  1.00779e+05  3.86013e+01  3.86014e+01
4.325027355e+00  3.5154436e+01         -inf  1.00779e+05  3.51544e+01  3.51546e+01
4.342327464e+00  3.2733958e+01         -inf  1.00779e+05  3.27340e+01  3.27341e+01
4.359696774e+00  3.1825019e+01         -inf  1.00779e+05  3.18250e+01  3.18252e+01
4.377135561e+00  2.9704518e+01         -inf  1.00779e+05  2.97045e+01  2.97049e+01
4.394644103e+00  2.9839528e+01         -inf  1.00779e+05  2.98395e+01  2.98399e+01
4.412222680e+00  2.9036707e+01         -inf  1.00779e+05  2.90367e+01  2.90372e+01
4.429871570e+00  2.6819357e+01         -inf  1.00779e+05  2.68194e+01  2.68204e+01
4.447591057e+00  2.3393028e+01         -inf  1.00779e+05  2.33930e+01  2.33956e+01
4.465381421e+00  2.2490130e+01         -inf  1.00779e+05  2.24901e+01  2.24930e+01
4.483242946e+00  2.2294135e+01         -inf  1.00779e+05  2.22941e+01  2.22974e+01
4.501175918e+00  2.0454970e+01         -inf  1.00779e+05  2.04550e+01  2.04597e+01
4.519180622e+00  2.1747363e+01         -inf  1.00779e+05  2.17474e+01  2.17514e+01
4.537257344e+00  2.0568935e+01         -inf  1.00779e+05  2.05689e+01  2.05740e+01
4.555406374e+00  1.8780199e+01         -inf  1.00779e+05  1.87802e+01  1.87864e+01
4.573627999e+00  1.6750880e+01         -inf  1.00779e+05  1.67509e+01  1.67577e+01
4.591922511e+00  1.3831341e+01         -inf  1.00779e+05  1.38313e+01  1.38379e+01
4.610290201e+00  1.2113416e+01         -inf  1.00779e+05  1.21134e+01  1.21195e+01
4.628731362e+00  1.0661523e+01         -inf  1.00779e+05  1.06615e+01  1.06674e+01
4.647246288e+00  9.4196450e+00         -inf  1.00779e+05  9.41965e+00  9.42547e+00
4.665835273e+00  8.3369173e+00         -inf  1.00779e+05  8.33692e+00  8.34283e+00
4.684498614e+00  8.1777842e+00         -inf  1.00779e+05  8.17778e+00  8.18390e+00
4.703236608e+00  1.3240217e+01         -inf  1.00779e+05  1.32402e+01  1.32469e+01
4.722049555e+00  1.4183321e+01         -inf  1.00779e+05  1.41833e+01  1.41902e+01
4.740937753e+00  1.2453150e+01         -inf  1.00779e+05  1.24531e+01  1.24605e+01
4.759901504e+00  1.2754007e+01         -inf  1.00779e+05  1.27540e+01  1.27615e+01
4.778941110e+00  1.3055202e+01         -inf  1.00779e+05  1.30552e+01  1.30638e+01
4.798056874e+00  1.3048653e+01         -inf  1.00779e+05  1.30487e+01  1.30583e+01
4.817249102e+00  1.7330840e+01         -inf  1.00779e+05  1.73308e+01  1.73413e+01
4.836518098e+00  1.4550360e+01         -inf  1.00779e+05  1.45504e+01  1.45622e+01
4.855864171e+00  1.4686118e+01         -inf  1.00779e+05  1.46861e+01  1.46987e+01
4.875287627e+00  1.2589113e+01         -inf  1.00779e+05  1.25891e+01  1.26017e+01
4.894788778e+00  1.0063894e+01         -inf  1.00779e+05  1.00639e+01  1.00758e+01
4.914367933e+00  9.4017000e+00         -inf  1.00779e+05  9.40170e+00  9.41318e+00
4.934025405e+00  7.4794387e+00         -inf  1.00779e+05  7.47944e+00  7.49060e+00
4.953761506e+00  7.4134524e+00         -inf  1.00779e+05  7.41345e+00  7.42514e+00
4.973576552e+00  6.5577432e+00         -inf  1.00779e+05  6.55774e+00  6.56980e+00
4.993470859e+00  6.0134709e+00         -inf  1.00779e+05  6.01347e+00  6.02595e+00
5.013444742e+00  5.1097939e+00         -inf  1.00779e+05  5.10979e+00  5.12275e+00
5.033498521e+00  5.1536059e+00         -inf  1.00779e+05  5.15361e+00  5.16719e+00
5.053632515e+00  5.3024975e+00         -inf  1.00779e+05  5.30250e+00  5.31677e+00
5.073847045e+00  5.7061555e+00         -inf  1.00779e+05  5.70616e+00  5.72124e+00
5.094142433e+00  6.2323623e+00         -inf  1.00779e+05  6.23236e+00  6.24837e+00
5.114519003e+00  6.3856401e+00         -inf  1.00779e+05  6.38564e+00  6.40243e+00
5.134977079e+00  6.0487584e+00         -inf  1.00779e+05  6.04876e+00  6.06620e+00
5.155516987e+00  6.8299329e+00         -inf  1.00779e+05  6.82993e+00  6.84852e+00
5.176139055e+00  1.1497380e+01         -inf  1.00779e+05  1.14974e+01  1.15193e+01
5.196843612e+00  9.0418897e+00         -inf  1.00779e+05  9.04189e+00  9.06389e+00
5.217630986e+00  1.0141356e+01         -inf  1.00779e+05  1.01414e+01  1.01656e+01
5.238501510e+00  9.2299701e+00         -inf  1.00779e+05  9.22997e+00  9.25507e+00
5.259455516e+00  8.3644860e+00         -inf  1.00779e+05  8.36449e+00  8.38996e+00
5.280493338e+00  7.5003498e+00         -inf  1.00779e+05  7.50035e+00  7.52626e+00
5.301615311e+00  7.2399198e+00         -inf  1.00779e+05  7.23992e+00  7.26695e+00
5.322821773e+00  7.8865169e+00         -inf  1.00779e+05  7.88652e+00  7.91534e+00
5.344113060e+00  7.3255816e+00         -inf  1.00779e+05  7.32558e+00  7.35618e+00
5.365489512e+00  7.3877448e+00         -inf  1.00779e+05  7.38774e+00  7.42039e+00
5.386951470e+00  7.3654992e+00         -inf  1.00779e+05  7.36550e+00  7.40028e+00
5.408499276e+00  7.3719513e+00         -inf  1.00779e+05  7.37195e+00  7.40902e+00
5.430133273e+00  7.4321806e+00         -inf  1.00779e+05  7.43218e+00  7.47158e+00
5.451853806e+00  7.5459455e+00         -inf  1.00779e+05  7.54595e+00  7.58797e+00
5.473661221e+00  7.6977485e+00         -inf  1.00779e+05  7.69775e+00  7.74271e+00
5.495555866e+00  7.8799485e+00         -inf  1.00779e+05  7.87995e+00  7.92817e+00
5.517538090e+00  8.0448190e+00         -inf  1.00779e+05  8.04482e+00  8.09642e+00
5.539608242e+00  8.1664226e+00         -inf  1.00779e+05  8.16642e+00  8.22172e+00
5.561766675e+00  8.2550520e+00         -inf  1.00779e+05  8.25505e+00  8.31428e+00
5.584013742e+00  8.4069809e+00         -inf  1.00779e+05  8.40698e+00  8.47024e+00
5.606349797e+00  8.5467141e+00         -inf  1.00779e+05  8.54671e+00  8.61419e+00
5.628775196e+00  8.6549644e+00         -inf  1.00779e+05  8.65496e+00  8.72684e+00
5.651290297e+00  8.7610279e+00         -inf  1.00779e+05  8.76103e+00  8.83747e+00
5.673895458e+00  8.8858733e+00         -inf  1.00779e+05  8.88587e+00  8.96715e+00
5.696591040e+00  8.9959185e+00         -inf  1.00779e+05  8.99592e+00  9.08211e+00
5.719377404e+00  9.2428195e+00         -inf  1.00779e+05  9.24282e+00  9.33404e+00
5.742254913e+00  9.6887987e+00         -inf  1.00779e+05  9.68880e+00  9.78535e+00
5.765223933e+00  9.8603086e+00         -inf  1.00779e+05  9.86031e+00  9.96245e+00
5.788284829e+00  9.7258680e+00         -inf  1.00779e+05  9.72587e+00  9.83380e+00
5.811437968e+00  9.8834924e+00         -inf  1.00779e+05  9.88349e+00  9.99729e+00
5.834683720e+00  1.0093419e+01         -inf  1.00779e+05  1.00934e+01  1.02129e+01
5.858022455e+00  1.0068555e+01         -inf  1.00779e+05  1.00686e+01  1.01937e+01
5.881454545e+00  1.0007341e+01         -inf  1.00779e+05  1.00073e+01  1.01381e+01
5.904980363e+00  9.9734614e+00         -inf  1.00779e+05  9.97346e+00  1.01098e+01
5.928600284e+00  9.9823257e+00         -inf  1.00779e+05  9.98233e+00  1.01243e+01
5.952314685e+00  1.0032956e+01         -inf  1.00779e+05  1.00330e+01  1.01807e+01
5.976123944e+00  1.0027242e+01         -inf  1.00779e+05  1.00272e+01  1.01805e+01
6.000028440e+00  1.0070805e+01         -inf  1.00779e+05  1.00708e+01  1.02296e+01
6.024028554e+00  1.0039520e+01         -inf  1.00779e+05  1.00395e+01  1.02038e+01
6.048124668e+00  1.0051673e+01         -inf  1.00779e+05  1.00517e+01  1.02213e+01
6.072317167e+00  1.0032287e+01         -inf  1.00779e+05  1.00323e+01  1.02074e+01
6.096606435e+00  9.9863373e+00         -inf  1.00779e+05  9.98634e+00  1.01669e+01
6.120992861e+00  9.9811201e+00         -inf  1.00779e+05  9.98112e+00  1.01670e+01
6.145476832e+00  9.8790580e+00         -inf  1.00779e+05  9.87906e+00  1.00702e+01
6.170058740e+00  9.8676245e+00         -inf  1.00779e+05  9.86762e+00  1.00640e+01
6.194738975e+00  9.8060376e+00         -inf  1.00779e+05  9.80604e+00  1.00081e+01
6.219517931e+00  9.8005330e+00         -inf  1.00779e+05  9.80053e+00  1.00087e+01
6.244396002e+00  9.7514951e+00         -inf  1.00779e+05  9.75150e+00  9.96678e+00
6.269373586e+00  9.6583839e+00         -inf  1.00779e+05  9.65838e+00  9.88173e+00
6.294451081e+00  9.8574440e+00         -inf  1.00779e+05  9.85744e+00  1.00892e+01
6.319628885e+00  9.7347691e+00         -inf  1.00779e+05  9.73477e+00  9.97598e+00
6.344907401e+00  9.9530491e+00         -inf  1.00779e+05  9.95305e+00  1.02036e+01
6.370287030e+00  9.8391709e+00         -inf  1.00779e+05  9.83917e+00  1.00996e+01
6.395768178e+00  9.9499357e+00         -inf  1.00779e+05  9.94994e+00  1.02200e+01
6.421351251e+00  9.9939812e+00         -inf  1.00779e+05  9.99398e+00  1.02738e+01
6.447036656e+00  1.0137100e+01         -inf  1.00779e+05  1.01371e+01  1.04264e+01
6.472824803e+00  1.0384164e+01         -inf  1.00779e+05  1.03842e+01  1.06824e+01
6.498716102e+00  1.1280392e+01         -inf  1.00779e+05  1.12804e+01  1.15863e+01
6.524710966e+00  1.0365288e+01         -inf  1.00779e+05  1.03653e+01  1.06827e+01
6.550809810e+00  9.8605673e+00         -inf  1.00779e+05  9.86057e+00  1.01882e+01
6.577013049e+00  9.7966000e+00         -inf  1.00779e+05  9.79660e+00  1.01334e+01
6.603321102e+00  9.7243736e+00         -inf  1.00779e+05  9.72437e+00  1.00701e+01
6.629734386e+00  9.6362513e+00         -inf  1.00779e+05  9.63625e+00  9.99083e+00
6.656253324e+00  9.6754550e+00         -inf  1.00779e+05  9.67546e+00  1.00385e+01
6.682878337e+00  9.5090089e+00         -inf  1.00779e+05  9.50901e+00  9.88067e+00
6.709609850e+00  9.4312539e+00         -inf  1.00779e+05  9.43125e+00  9.81108e+00
6.736448290e+00  9.4628638e+00         -inf  1.00779e+05  9.46286e+00  9.85051e+00
6.763394083e+00  9.1911756e+00         -inf  1.00779e+05  9.19118e+00  9.58676e+00
6.790447659e+00  9.5736890e+00         -inf  1.00779e+05  9.57369e+00  9.97510e+00
6.817609450e+00  9.1488243e+00         -inf  1.00779e+05  9.14882e+00  9.55731e+00
6.844879888e+00  9.0648430e+00         -inf  1.00779e+05  9.06484e+00  9.47959e+00
6.872259407e+00  8.9580363e+00         -inf  1.00779e+05  8.95804e+00  9.37896e+00
6.899748445e+00  9.0113388e+00         -inf  1.00779e+05  9.01134e+00  9.43767e+00
6.927347438e+00  8.6875769e+00         -inf  1.00779e+05  8.68758e+00  9.11916e+00
6.955056828e+00  8.4326166e+00         -inf  1.00779e+05  8.43262e+00  8.86819e+00
6.982877056e+00  8.4446013e+00         -inf  1.00779e+05  8.44460e+00  8.88349e+00
7.010808564e+00  8.2749500e+00         -inf  1.00779e+05  8.27495e+00  8.71640e+00
7.038851798e+00  7.9508368e+00         -inf  1.00779e+05  7.95084e+00  8.39369e+00
7.067007205e+00  7.8214785e+00         -inf  1.00779e+05  7.82148e+00  8.26658e+00
7.095275234e+00  7.7089556e+00         -inf  1.00779e+05  7.70896e+00  8.15552e+00
7.123656335e+00  7.5011803e+00         -inf  1.00779e+05  7.50118e+00  7.95007e+00
7.152150960e+00  7.4718066e+00         -inf  1.00779e+05  7.47181e+00  7.92275e+00
7.180759564e+00  7.3736324e+00         -inf  1.00779e+05  7.37363e+00  7.82775e+00
7.209482602e+00  7.6454144e+00         -inf  1.00779e+05  7.64541e+00  8.10429e+00
7.238320533e+00  8.0385342e+00         -inf  1.00779e+05  8.03853e+00  8.50643e+00
7.267273815e+00  8.7068992e+00         -inf  1.00779e+05  8.70690e+00  9.18672e+00
7.296342910e+00  8.6217925e+00         -inf  1.00779e+05  8.62179e+00  9.11111e+00
7.325528282e+00  9.9306122e+00         -inf  1.00779e+05  9.93061e+00  1.04418e+01
7.354830395e+00  1.1342435e+01         -inf  1.00779e+05  1.13424e+01  1.18749e+01
7.384249717e+00  1.2599749e+01         -inf  1.00779e+05  1.25997e+01  1.31384e+01
7.413786715e+00  1.1869963e+01         -inf  1.00779e+05  1.18700e+01  1.24070e+01
7.443441862e+00  1.3213494e+01         -inf  1.00779e+05  1.32135e+01  1.37508e+01
7.473215630e+00  1.2819818e+01         -inf  1.00779e+05  1.28198e+01  1.33716e+01
7.503108492e+00  1.3412405e+01         -inf  1.00779e+05  1.34124e+01  1.39597e+01
7.533120926e+00  1.2690327e+01         -inf  1.00779e+05  1.26903e+01  1.32568e+01
7.563253410e+00  1.1143000e+01         -inf  1.00779e+05  1.11430e+01  1.17418e+01
7.593506424e+00  1.1220338e+01         -inf  1.00779e+05  1.12203e+01  1.18599e+01
7.623880449e+00  1.3098179e+01         -inf  1.00779e+05  1.30982e+01  1.37898e+01
7.654375971e+00  1.8197514e+01         -inf  1.00779e+05  1.81975e+01  1.87910e+01
7.684993475e+00  1.9166408e+01         -inf  1.00779e+05  1.91664e+01  1.98225e+01
7.715733449e+00  1.8043203e+01         -inf  1.00779e+05  1.80432e+01  1.87661e+01
7.746596383e+00  1.6776471e+01         -inf  1.00779e+05  1.67765e+01  1.75300e+01
7.777582768e+00  1.4942702e+01         -inf  1.00779e+05  1.49427e+01  1.57025e+01
7.808693099e+00  1.6205900e+01         -inf  1.00779e+05  1.62059e+01  1.70066e+01
7.839927872e+00  1.6991033e+01         -inf  1.00779e+05  1.69910e+01  1.78211e+01
7.871287583e+00  1.6814667e+01         -inf  1.00779e+05  1.68147e+01  1.76531e+01
7.902772733e+00  1.5515749e+01         -inf  1.00779e+05  1.55157e+01  1.63896e+01
7.934383824e+00  1.4429356e+01         -inf  1.00779e+05  1.44294e+01  1.53197e+01
7.966121360e+00  1.2417850e+01         -inf  1.00779e+05  1.24179e+01  1.33183e+01
7.997985845e+00  1.0652052e+01         -inf  1.00779e+05  1.06521e+01  1.15488e+01
8.029977788e+00  1.0578279e+01         -inf  1.00779e+05  1.05783e+01  1.15044e+01
8.062097700e+00  8.9774011e+00         -inf  1.00779e+05  8.97740e+00  9.89914e+00
8.094346090e+00  7.8382844e+00         -inf  1.00779e+05  7.83828e+00  8.76804e+00
8.126723475e+00  6.6473162e+00         -inf  1.00779e+05  6.64732e+00  7.57812e+00
8.159230369e+00  5.8445386e+00         -inf  1.00779e+05  5.84454e+00  6.78541e+00
8.191867290e+00  6.4030019e+00         -inf  1.00779e+05  6.40300e+00  7.37811e+00
8.224634759e+00  4.9732178e+00         -inf  1.00779e+05  4.97322e+00  5.95089e+00
8.257533298e+00  4.9974033e+00         -inf  1.00779e+05  4.99740e+00  6.00148e+00
8.290563432e+00  4.0902936e+00         -inf  1.00779e+05  4.09029e+00  5.10643e+00
8.323725685e+00  4.8814125e+00         -inf  1.00779e+05  4.88141e+00  5.93224e+00
8.357020588e+00  5.1477890e+00         -inf  1.00779e+05  5.14779e+00  6.22715e+00
8.390448670e+00  6.2086624e+00         -inf  1.00779e+05  6.20866e+00  7.32985e+00
8.424010465e+00  6.7437266e+00         -inf  1.00779e+05  6.74373e+00  7.89842e+00
8.457706507e+00  7.8114490e+00         -inf  1.00779e+05  7.81145e+00  9.00730e+00
8.491537333e+00  7.6241573e+00         -inf  1.00779e+05  7.62416e+00  8.84581e+00
8.525503482e+00  7.3961605e+00         -inf  1.00779e+05  7.39616e+00  8.63883e+00
8.559605496e+00  5.4945640e+00         -inf  1.00779e+05  5.49456e+00  6.74596e+00
8.593843918e+00  7.0715643e+00         -inf  1.00779e+05  7.07156e+00  8.37080e+00
8.628219294e+00  7.6732641e+00         -inf  1.00779e+05  7.67326e+00  9.01906e+00
8.662732171e+00  7.7085243e+00         -inf  1.00779e+05  7.70852e+00  9.09113e+00
8.697383100e+00  7.4036369e+00         -inf  1.00779e+05  7.40364e+00  8.81595e+00
8.732172632e+00  6.4721958e+00         -inf  1.00779e+05  6.47220e+00  7.90442e+00
8.767101323e+00  5.4569647e+00         -inf  1.00779e+05  5.45696e+00  6.90839e+00
8.802169728e+00  4.8662438e+00         -inf  1.00779e+05  4.86624e+00  6.34186e+00
8.837378407e+00  4.5024371e+00         -inf  1.00779e+05  4.50244e+00  6.00681e+00
8.872727920e+00  4.2641519e+00         -inf  1.00779e+05  4.26415e+00  5.80157e+00
8.908218832e+00  4.2144932e+00         -inf  1.00779e+05  4.21449e+00  5.78774e+00
8.943851707e+00  4.1355722e+00         -inf  1.00779e+05  4.13557e+00  5.74578e+00
8.979627114e+00  3.7998051e+00         -inf  1.00779e+05  3.79981e+00  5.44874e+00
9.015545623e+00  3.3937707e+00         -inf  1.00779e+05  3.39377e+00  5.08266e+00
9.051607805e+00  3.4150554e+00         -inf  1.00779e+05  3.41506e+00  5.14430e+00
9.087814236e+00  3.4714482e+00         -inf  1.00779e+05  3.47145e+00  5.24172e+00
9.124165493e+00  3.6498948e+00         -inf  1.00779e+05  3.64989e+00  5.46470e+00
9.160662155e+00  4.1108021e+00         -inf  1.00779e+05  4.11080e+00  5.97954e+00
9.197304804e+00  4.8652414e+00         -inf  1.00779e+05  4.86524e+00  6.80365e+00
9.234094023e+00  5.0862090e+00         -inf  1.00779e+05  5.08621e+00  7.10746e+00
9.271030399e+00  5.3229111e+00         -inf  1.00779e+05  5.32291e+00  7.41768e+00
9.308114521e+00  5.3541328e+00         -inf  1.00779e+05  5.35413e+00  7.49273e+00
9.345346979e+00  5.4527059e+00         -inf  1.00779e+05  5.45271e+00  7.62131e+00
9.382728367e+00  9.5336210e+00         -inf  1.00779e+05  9.53362e+00  1.16865e+01
9.420259280e+00  1.7335169e+01         -inf  1.00779e+05  1.73352e+01  1.94548e+01
9.457940318e+00  2.0451290e+01         -inf  1.00779e+05  2.04513e+01  2.25160e+01
9.495772079e+00  2.2342558e+01         -inf  1.00779e+05  2.23426e+01  2.43770e+01
9.533755167e+00  2.0927533e+01         -inf  1.00779e+05  2.09275e+01  2.30485e+01
9.571890188e+00  1.3568844e+01         -inf  1.00779e+05  1.35688e+01  1.58979e+01
9.610177749e+00  2.0137394e+01         -inf  1.00779e+05  2.01374e+01  2.23730e+01
9.648618460e+00  2.0753030e+01         -inf  1.00779e+05  2.07530e+01  2.30712e+01
9.687212933e+00  1.8851388e+01         -inf  1.00779e+05  1.88514e+01  2.12206e+01
9.725961785e+00  1.8370960e+01         -inf  1.00779e+05  1.83710e+01  2.07841e+01
9.764865632e+00  1.8258449e+01         -inf  1.00779e+05  1.82584e+01  2.07426e+01
9.803925095e+00  1.7049369e+01         -inf  1.00779e+05  1.70494e+01  1.96328e+01
9.843140795e+00  1.5208943e+01         -inf  1.00779e+05  1.52089e+01  1.78834e+01
9.882513358e+00  1.2559413e+01         -inf  1.00779e+05  1.25594e+01  1.53356e+01
9.922043412e+00  1.0016237e+01         -inf  1.00779e+05  1.00162e+01  1.28722e+01
9.961731585e+00  7.6486272e+00         -inf  1.00779e+05  7.64863e+00  1.05786e+01
1.000157851e+01  5.4665281e+00         -inf  1.00779e+05  5.46653e+00  8.46601e+00
1.004158483e+01  3.5098428e+00         -inf  1.00779e+05  3.50984e+00  6.57616e+00
1.008175117e+01  2.6481596e+00         -inf  1.00779e+05  2.64816e+00  5.78234e+00
1.012207817e+01  2.0994776e+00         -inf  1.00779e+05  2.09948e+00  5.30938e+00
1.016256648e+01  2.0850791e+00         -inf  1.00779e+05  2.08508e+00  5.38521e+00
1.020321675e+01  2.2587096e+00         -inf  1.00779e+05  2.25871e+00  5.66171e+00
1.024402962e+01  2.3712475e+00         -inf  1.00779e+05  2.37125e+00  5.86868e+00
1.028500573e+01  2.4574881e+00         -inf  1.00779e+05  2.45749e+00  6.04413e+00
1.032614576e+01  2.3787588e+00         -inf  1.00779e+05  2.37876e+00  6.03292e+00
1.036745034e+01  1.6034659e+00         -inf  1.00779e+05  1.60347e+00  5.26631e+00
1.040892014e+01  9.0672990e-01         -inf  1.00779e+05  9.06730e-01  4.60565e+00
1.045055582e+01  1.6514720e+00         -inf  1.00779e+05  1.65147e+00  5.47786e+00
1.049235805e+01  1.5591666e+00         -inf  1.00779e+05  1.55917e+00  5.47105e+00
1.053432748e+01  1.5171461e+00         -inf  1.00779e+05  1.51715e+00  5.51404e+00
1.057646479e+01  1.4018447e+00         -inf  1.00779e+05  1.40184e+00  5.47437e+00
1.061877065e+01  1.2003709e+00         -inf  1.00779e+05  1.20037e+00  5.34012e+00
1.066124573e+01  9.4875541e-01         -inf  1.00779e+05  9.48755e-01  5.15164e+00
1.070389071e+01  6.8034133e-01         -inf  1.00779e+05  6.80341e-01  4.94647e+00
1.074670627e+01  4.7530565e-01         -inf  1.00779e+05  4.75306e-01  4.80974e+00
1.078969310e+01  1.8505022e-01         -inf  1.00779e+05  1.85050e-01  4.58931e+00
1.083285187e+01 -2.3012531e-02         -inf  1.00779e+05 -2.30125e-02  4.45794e+00
1.087618328e+01 -1.8096081e-01         -inf  1.00779e+05 -1.80961e-01  4.38136e+00
1.091968801e+01 -3.3411759e-01         -inf  1.00779e+05 -3.34118e-01  4.31202e+00
1.096336676e+01 -4.5133744e-01         -inf  1.00779e+05 -4.51337e-01  4.28111e+00
1.100722023e+01 -5.3482552e-01         -inf  1.00779e+05 -5.34826e-01  4.28629e+00
1.105124911e+01 -6.5219287e-01         -inf  1.00779e+05 -6.52193e-01  4.25797e+00
1.109545411e+01 -7.4679559e-01         -inf  1.00779e+05 -7.46796e-01  4.25441e+00
1.113983593e+01 -8.6310459e-01         -inf  1.00779e+05 -8.63105e-01  4.22977e+00
1.118439527e+01 -9.7451001e-01         -inf  1.00779e+05 -9.74510e-01  4.21137e+00
1.122913285e+01 -1.0731274e+00         -inf  1.00779e+05 -1.07313e+00  4.20760e+00
1.127404938e+01 -1.1848424e+00         -inf  1.00779e+05 -1.18484e+00  4.19164e+00
1.131914558e+01 -1.2901745e+00         -inf  1.00779e+05 -1.29017e+00  4.18364e+00
1.136442216e+01 -1.3870584e+00         -inf  1.00779e+05 -1.38706e+00  4.18577e+00
1.140987985e+01 -1.4822987e+00         -inf  1.00779e+05 -1.48230e+00  4.19097e+00
1.145551937e+01 -1.5758161e+00         -inf  1.00779e+05 -1.57582e+00  4.19925e+00
1.150134145e+01 -1.6773841e+00         -inf  1.00779e+05 -1.67738e+00  4.20061e+00
1.154734681e+01 -1.7521356e+00         -inf  1.00779e+05 -1.75214e+00  4.23156e+00
1.159353620e+01 -1.8398503e+00         -inf  1.00779e+05 -1.83985e+00  4.25041e+00
1.163991035e+01 -1.9790704e+00         -inf  1.00779e+05 -1.97907e+00  4.21638e+00
1.168646999e+01 -2.0709607e+00         -inf  1.00779e+05 -2.07096e+00  4.23352e+00
1.173321587e+01 -2.1592550e+00         -inf  1.00779e+05 -2.15925e+00  4.25582e+00
1.178014873e+01 -2.2681656e+00         -inf  1.00779e+05 -2.26817e+00  4.25816e+00
1.182726932e+01 -2.3630709e+00         -inf  1.00779e+05 -2.36307e+00  4.27659e+00
1.187457840e+01 -2.4717359e+00         -inf  1.00779e+05 -2.47174e+00  4.28204e+00
1.192207672e+01 -2.5747278e+00         -inf  1.00779e+05 -2.57473e+00  4.29486e+00
1.196976502e+01 -2.6707173e+00         -inf  1.00779e+05 -2.67072e+00  4.31658e+00
1.201764408e+01 -2.7541304e+00         -inf  1.00779e+05 -2.75413e+00  4.35323e+00
1.206571466e+01 -2.5514141e+00         -inf  1.00779e+05 -2.55141e+00  4.70027e+00
1.211397752e+01 -2.8786224e+00         -inf  1.00779e+05 -2.87862e+00  4.47778e+00
1.216243343e+01 -2.8663159e+00         -inf  1.00779e+05 -2.86632e+00  4.62402e+00
1.221108316e+01 -2.8219372e+00         -inf  1.00779e+05 -2.82194e+00  4.81087e+00
1.225992749e+01 -2.7493089e+00         -inf  1.00779e+05 -2.74931e+00  5.03468e+00
1.230896720e+01 -2.6787441e+00         -inf  1.00779e+05 -2.67874e+00  5.26327e+00
1.235820307e+01 -2.6174338e+00         -inf  1.00779e+05 -2.61743e+00  5.48600e+00
1.240763589e+01 -2.5811467e+00         -inf  1.00779e+05 -2.58115e+00  5.68064e+00
1.245726643e+01 -2.6107426e+00         -inf  1.00779e+05 -2.61074e+00  5.79909e+00
1.250709549e+01 -2.7018165e+00         -inf  1.00779e+05 -2.70182e+00  5.83762e+00
1.255712388e+01 -2.8880578e+00         -inf  1.00779e+05 -2.88806e+00  5.76295e+00
1.260735237e+01 -1.6625473e+00         -inf  1.00779e+05 -1.66255e+00  7.54488e+00
1.265778178e+01 -2.3475897e+00         -inf  1.00779e+05 -2.34759e+00  6.89165e+00
1.270841291e+01 -3.4219449e+00         -inf  1.00779e+05 -3.42194e+00  5.59907e+00
1.275924656e+01 -3.2766528e+00         -inf  1.00779e+05 -3.27665e+00  5.93398e+00
1.281028355e+01 -3.2255554e+00         -inf  1.00779e+05 -3.22556e+00  6.16543e+00
1.286152468e+01 -3.2348121e+00         -inf  1.00779e+05 -3.23481e+00  6.33081e+00
1.291297078e+01 -3.2482484e+00         -inf  1.00779e+05 -3.24825e+00  6.50525e+00
1.296462266e+01 -2.7896852e+00         -inf  1.00779e+05 -2.78969e+00  7.25709e+00
1.301648115e+01 -2.9069317e+00         -inf  1.00779e+05 -2.90693e+00  7.43630e+00
1.306854708e+01 -2.7905823e+00         -inf  1.00779e+05 -2.79058e+00  7.88979e+00
1.312082127e+01 -2.6645353e+00         -inf  1.00779e+05 -2.66454e+00  8.46312e+00
1.317330455e+01 -2.2514550e+00         -inf  1.00779e+05 -2.25145e+00  9.44209e+00
1.322599777e+01 -1.5742330e+00         -inf  1.00779e+05 -1.57423e+00  1.07535e+01
1.327890176e+01 -1.0868265e+00         -inf  1.00779e+05 -1.08683e+00  1.16712e+01
1.333201737e+01 -5.0301368e-02         -inf  1.00779e+05 -5.03014e-02  1.30721e+01
1.338534544e+01  5.2550655e-01         -inf  1.00779e+05  5.25507e-01  1.38813e+01
1.343888682e+01  1.7629829e+00         -inf  1.00779e+05  1.76298e+00  1.52255e+01
1.349264237e+01  6.6404297e+00         -inf  1.00779e+05  6.64043e+00  1.90071e+01
1.354661294e+01  4.2272489e+00         -inf  1.00779e+05  4.22725e+00  1.75258e+01
1.360079939e+01  4.9384296e+00         -inf  1.00779e+05  4.93843e+00  1.81331e+01
1.365520258e+01  5.0832308e+00         -inf  1.00779e+05  5.08323e+00  1.83554e+01
1.370982339e+01  4.5353217e+00         -inf  1.00779e+05  4.53532e+00  1.82735e+01
1.376466269e+01  3.1140177e+00         -inf  1.00779e+05  3.11402e+00  1.74397e+01
1.381972134e+01  3.9501175e+00         -inf  1.00779e+05  3.95012e+00  1.82601e+01
1.387500022e+01  1.9423566e+01         -inf  1.00779e+05  1.94236e+01  2.77206e+01
1.393050023e+01  7.6303492e+00         -inf  1.00779e+05  7.63035e+00  2.04294e+01
1.398622223e+01  6.4212239e+00         -inf  1.00779e+05  6.42122e+00  1.98293e+01
1.404216712e+01  8.6247164e+00         -inf  1.00779e+05  8.62472e+00  2.10522e+01
1.409833578e+01  9.3860560e+00         -inf  1.00779e+05  9.38606e+00  2.15144e+01
1.415472913e+01  1.2086286e+01         -inf  1.00779e+05  1.20863e+01  2.28284e+01
1.421134804e+01  1.5021612e+01         -inf  1.00779e+05  1.50216e+01  2.46604e+01
1.426819344e+01  1.7077582e+01         -inf  1.00779e+05  1.70776e+01  2.57418e+01
1.432526621e+01  1.8764580e+01         -inf  1.00779e+05  1.87646e+01  2.68382e+01
1.438256727e+01  2.1960108e+01         -inf  1.00779e+05  2.19601e+01  2.91596e+01
1.444009754e+01  2.3638546e+01         -inf  1.00779e+05  2.36385e+01  3.05814e+01
1.449785793e+01  2.3628052e+01         -inf  1.00779e+05  2.36281e+01  3.05620e+01
1.455584937e+01  2.5852772e+01         -inf  1.00779e+05  2.58528e+01  3.25598e+01
1.461407276e+01  2.7369660e+01         -inf  1.00779e+05  2.73697e+01  3.39646e+01
1.467252905e+01  2.7408644e+01         -inf  1.00779e+05  2.74086e+01  3.41024e+01
1.473121917e+01  2.7585554e+01         -inf  1.00779e+05  2.75856e+01  3.43390e+01
1.479014405e+01  2.8811618e+01         -inf  1.00779e+05  2.88116e+01  3.55107e+01
1.484930462e+01  2.8334959e+01         -inf  1.00779e+05  2.83350e+01  3.51966e+01
1.490870184e+01  2.8026432e+01         -inf  1.00779e+05  2.80264e+01  3.49965e+01
1.496833665e+01  3.9165388e+01         -inf  1.00779e+05  3.91654e+01  4.53881e+01
1.502821000e+01  2.9015466e+01         -inf  1.00779e+05  2.90155e+01  3.61199e+01
1.508832284e+01  2.9639720e+01         -inf  1.00779e+05  2.96397e+01  3.68329e+01
1.514867613e+01  2.7561394e+01         -inf  1.00779e+05  2.75614e+01  3.50259e+01
1.520927083e+01  2.6017501e+01         -inf  1.00779e+05  2.60175e+01  3.37682e+01
1.527010791e+01  2.6549603e+01         -inf  1.00779e+05  2.65496e+01  3.43635e+01
1.533118835e+01  2.6569225e+01         -inf  1.00779e+05  2.65692e+01  3.44854e+01
1.539251310e+01  2.7477763e+01         -inf  1.00779e+05  2.74778e+01  3.54575e+01
1.545408315e+01  2.3974611e+01         -inf  1.00779e+05  2.39746e+01  3.25916e+01
1.551589948e+01  2.3214046e+01         -inf  1.00779e+05  2.32140e+01  3.20701e+01
1.557796308e+01  2.0940312e+01         -inf  1.00779e+05  2.09403e+01  3.03998e+01
1.564027493e+01  1.8170853e+01         -inf  1.00779e+05  1.81709e+01  2.84945e+01
1.570283603e+01  1.7714587e+01         -inf  1.00779e+05  1.77146e+01  2.84257e+01
1.576564738e+01  1.5301847e+01         -inf  1.00779e+05  1.53018e+01  2.70170e+01
1.582870997e+01  1.2256452e+01         -inf  1.00779e+05  1.22565e+01  2.55450e+01
1.589202481e+01  1.0119175e+01         -inf  1.00779e+05  1.01192e+01  2.45656e+01
1.595559291e+01  5.3807745e+00         -inf  1.00779e+05  5.38077e+00  2.24449e+01
1.601941528e+01  4.6689677e+00         -inf  1.00779e+05  4.66897e+00  2.23907e+01
1.608349294e+01 -1.5401687e+00         -inf  1.00779e+05 -1.54017e+00  1.96355e+01
1.614782691e+01  1.0021093e+00         -inf  1.00779e+05  1.00211e+00  2.10000e+01
1.621241822e+01  1.0793153e+01         -inf  1.00779e+05  1.07932e+01  2.60206e+01
1.627726789e+01 -2.9454030e+00         -inf  1.00779e+05 -2.94540e+00  1.93461e+01
1.634237696e+01 -5.6625373e+00         -inf  1.00779e+05 -5.66254e+00  1.81856e+01
1.640774647e+01 -3.1787468e+00         -inf  1.00779e+05 -3.17875e+00  1.94628e+01
1.647337746e+01 -4.2386859e+00         -inf  1.00779e+05 -4.23869e+00  1.91858e+01
1.653927097e+01 -5.8365289e+00         -inf  1.00779e+05 -5.83653e+00  1.82841e+01
1.660542805e+01 -6.8383232e+00         -inf  1.00779e+05 -6.83832e+00  1.77617e+01
1.667184976e+01 -8.7861905e+00         -inf  1.00779e+05 -8.78619e+00  1.69563e+01
1.673853716e+01 -4.3345197e+00         -inf  1.00779e+05 -4.33452e+00  1.96011e+01
1.680549131e+01 -1.0562526e+01         -inf  1.00779e+05 -1.05625e+01  1.61535e+01
1.687271328e+01 -1.1679310e+01         -inf  1.00779e+05 -1.16793e+01  1.53172e+01
1.694020413e+01 -9.5373026e+00         -inf  1.00779e+05 -9.53730e+00  1.69338e+01
1.700796495e+01 -1.1223161e+01         -inf  1.00779e+05 -1.12232e+01  1.50981e+01
1.707599681e+01 -1.4966894e+01         -inf  1.00779e+05 -1.49669e+01  1.27292e+01
1.714430079e+01 -1.5498721e+01         -inf  1.00779e+05 -1.54987e+01  1.23552e+01
1.721287800e+01 -1.5729733e+01         -inf  1.00779e+05 -1.57297e+01  1.20230e+01
1.728172951e+01 -1.5463396e+01         -inf  1.00779e+05 -1.54634e+01  1.20047e+01
1.735085643e+01 -1.6086430e+01         -inf  1.00779e+05 -1.60864e+01  1.16171e+01
1.742025985e+01 -1.6545316e+01         -inf  1.00779e+05 -1.65453e+01  1.05070e+01
1.748994089e+01 -1.7086976e+01         -inf  1.00779e+05 -1.70870e+01  1.04561e+01
1.755990065e+01 -1.7386707e+01         -inf  1.00779e+05 -1.73867e+01  9.99287e+00
1.763014026e+01 -1.8464239e+01         -inf  1.00779e+05 -1.84642e+01  8.93107e+00
1.770066082e+01 -1.8876498e+01         -inf  1.00779e+05 -1.88765e+01  8.66742e+00
1.777146346e+01 -1.9260602e+01         -inf  1.00779e+05 -1.92606e+01  8.43957e+00
1.784254932e+01 -1.9967846e+01         -inf  1.00779e+05 -1.99678e+01  7.77095e+00
1.791391951e+01 -2.0718829e+01         -inf  1.00779e+05 -2.07188e+01  7.30227e+00
1.798557519e+01 -2.1124497e+01         -inf  1.00779e+05 -2.11245e+01  7.09512e+00
1.805751749e+01 -2.1559464e+01         -inf  1.00779e+05 -2.15595e+01  6.89165e+00
1.812974756e+01 -2.1953635e+01         -inf  1.00779e+05 -2.19536e+01  6.79619e+00
1.820226655e+01 -2.2362613e+01         -inf  1.00779e+05 -2.23626e+01  6.66209e+00
1.827507562e+01 -2.2604661e+01         -inf  1.00779e+05 -2.26047e+01  6.95738e+00
1.834817592e+01 -2.2276628e+01         -inf  1.00779e+05 -2.22766e+01  9.47525e+00
1.842156862e+01 -2.3362879e+01         -inf  1.00779e+05 -2.33629e+01  6.63917e+00
1.849525490e+01 -2.3662599e+01         -inf  1.00779e+05 -2.36626e+01  6.60331e+00
1.856923592e+01 -2.3903328e+01         -inf  1.00779e+05 -2.39033e+01  6.76703e+00
1.864351286e+01 -2.4212791e+01         -inf  1.00779e+05 -2.42128e+01  6.79854e+00
1.871808691e+01 -2.4522647e+01         -inf  1.00779e+05 -2.45226e+01  6.82979e+00
1.879295926e+01 -2.4870209e+01         -inf  1.00779e+05 -2.48702e+01  6.82273e+00
1.886813110e+01 -2.5231605e+01         -inf  1.00779e+05 -2.52316e+01  6.73071e+00
1.894360362e+01 -2.5506107e+01         -inf  1.00779e+05 -2.55061e+01  6.86845e+00
1.901937804e+01 -2.5863040e+01         -inf  1.00779e+05 -2.58630e+01  6.79705e+00
1.909545555e+01 -2.6215882e+01         -inf  1.00779e+05 -2.62159e+01  6.75607e+00
1.917183737e+01 -2.6528437e+01         -inf  1.00779e+05 -2.65284e+01  6.79945e+00
1.924852472e+01 -2.6880371e+01         -inf  1.00779e+05 -2.68804e+01  6.75121e+00
1.932551882e+01 -2.7210407e+01         -inf  1.00779e+05 -2.72104e+01  6.78525e+00
1.940282089e+01 -2.7552221e+01         -inf  1.00779e+05 -2.75522e+01  6.78093e+00
1.948043218e+01 -2.7891962e+01         -inf  1.00779e+05 -2.78920e+01  6.78835e+00
1.955835391e+01 -2.8232314e+01         -inf  1.00779e+05 -2.82323e+01  6.81056e+00
1.963658732e+01 -2.8577536e+01         -inf  1.00779e+05 -2.85775e+01  6.83707e+00
1.971513367e+01 -2.8924040e+01         -inf  1.00779e+05 -2.89240e+01  6.84968e+00
1.979399421e+01 -2.9274363e+01         -inf  1.00779e+05 -2.92744e+01  6.86262e+00
1.987317018e+01 -2.9626535e+01         -inf  1.00779e+05 -2.96265e+01  6.88370e+00
1.995266286e+01 -2.9981308e+01         -inf  1.00779e+05 -2.99813e+01  6.90499e+00
