# WARNING | GENERATOR | Too many electrons per pixel (up to 9.04e+13) detected in the 1.54-19.95 um spectral range. Reduce exposure time per frame to less than 0.000 seconds.
# ------------------------------------------------------------------------
# Radiance spectrum
# NASA-GSFC Planetary Spectrum Generator (PSG) (Villanueva et al. 2018, 2022)
# Synthesized on Wed Sep 30 15:57:06 2026
# Doppler velocities [km/s] (vobs,vrot+vorb,vwidth,vrfl,vstr): 47.10000,-0.00000,0.03000,0.00000,-0.00000
# ------------------------------------------------------------------------
# Spectra synthesized with the Planetary and Universal Model of Atmospheric Scattering (PUMAS, Villanueva et al. 2018, 2022)
# Single scattering radiative transfer method
# Radiative transfer took 8.432 seconds
# ------------------------------------------------------------------------
# Spectral unit: Wavelength [um]
# Radiance unit: Contrast [transit atmospheric thickness, km]
# Wave/freq Total Noise Stellar Proxima-Centauri-b Transit
2.000000000e-01  4.8257942e+01         -inf  1.00779e+05  4.82579e+01  4.82579e+01
2.008000000e-01  4.8005928e+01         -inf  1.00779e+05  4.80059e+01  4.80059e+01
2.016032000e-01  4.7924353e+01         -inf  1.00779e+05  4.79244e+01  4.79244e+01
2.024096128e-01  4.7921100e+01         -inf  1.00779e+05  4.79211e+01  4.79211e+01
2.032192513e-01  4.7908706e+01         -inf  1.00779e+05  4.79087e+01  4.79087e+01
2.040321283e-01  4.7917936e+01         -inf  1.00779e+05  4.79179e+01  4.79179e+01
2.048482568e-01  4.7949845e+01         -inf  1.00779e+05  4.79498e+01  4.79498e+01
2.056676498e-01  4.8035112e+01         -inf  1.00779e+05  4.80351e+01  4.80351e+01
2.064903204e-01  4.8151846e+01         -inf  1.00779e+05  4.81518e+01  4.81518e+01
2.073162817e-01  4.8263656e+01         -inf  1.00779e+05  4.82637e+01  4.82637e+01
2.081455468e-01  4.8388648e+01         -inf  1.00779e+05  4.83886e+01  4.83886e+01
2.089781290e-01  4.8501597e+01         -inf  1.00779e+05  4.85016e+01  4.85016e+01
2.098140415e-01  4.8656469e+01         -inf  1.00779e+05  4.86565e+01  4.86565e+01
2.106532977e-01  4.8836212e+01         -inf  1.00779e+05  4.88362e+01  4.88362e+01
2.114959109e-01  4.8988176e+01         -inf  1.00779e+05  4.89882e+01  4.89882e+01
2.123418945e-01  4.9280405e+01         -inf  1.00779e+05  4.92804e+01  4.92804e+01
2.131912621e-01  4.9609180e+01         -inf  1.00779e+05  4.96092e+01  4.96092e+01
2.140440271e-01  4.9682473e+01         -inf  1.00779e+05  4.96825e+01  4.96825e+01
2.149002032e-01  4.9892945e+01         -inf  1.00779e+05  4.98929e+01  4.98929e+01
2.157598041e-01  5.0101037e+01         -inf  1.00779e+05  5.01010e+01  5.01010e+01
2.166228433e-01  5.0287857e+01         -inf  1.00779e+05  5.02879e+01  5.02879e+01
2.174893346e-01  5.0500682e+01         -inf  1.00779e+05  5.05007e+01  5.05007e+01
2.183592920e-01  5.0671499e+01         -inf  1.00779e+05  5.06715e+01  5.06715e+01
2.192327292e-01  5.0852329e+01         -inf  1.00779e+05  5.08523e+01  5.08523e+01
2.201096601e-01  5.1026475e+01         -inf  1.00779e+05  5.10265e+01  5.10265e+01
2.209900987e-01  5.1197718e+01         -inf  1.00779e+05  5.11977e+01  5.11977e+01
2.218740591e-01  5.1364564e+01         -inf  1.00779e+05  5.13646e+01  5.13646e+01
2.227615553e-01  5.1521740e+01         -inf  1.00779e+05  5.15217e+01  5.15217e+01
2.236526016e-01  5.1675839e+01         -inf  1.00779e+05  5.16758e+01  5.16758e+01
2.245472120e-01  5.1831778e+01         -inf  1.00779e+05  5.18318e+01  5.18318e+01
2.254454008e-01  5.1966893e+01         -inf  1.00779e+05  5.19669e+01  5.19669e+01
2.263471824e-01  5.2117379e+01         -inf  1.00779e+05  5.21174e+01  5.21174e+01
2.272525711e-01  5.2252313e+01         -inf  1.00779e+05  5.22523e+01  5.22523e+01
2.281615814e-01  5.2388562e+01         -inf  1.00779e+05  5.23886e+01  5.23886e+01
2.290742278e-01  5.2526037e+01         -inf  1.00779e+05  5.25260e+01  5.25260e+01
2.299905247e-01  5.2643834e+01         -inf  1.00779e+05  5.26438e+01  5.26438e+01
2.309104868e-01  5.2780952e+01         -inf  1.00779e+05  5.27810e+01  5.27810e+01
2.318341287e-01  5.2895933e+01         -inf  1.00779e+05  5.28959e+01  5.28959e+01
2.327614652e-01  5.3023824e+01         -inf  1.00779e+05  5.30238e+01  5.30238e+01
2.336925111e-01  5.3129929e+01         -inf  1.00779e+05  5.31299e+01  5.31299e+01
2.346272811e-01  5.3252019e+01         -inf  1.00779e+05  5.32520e+01  5.32520e+01
2.355657903e-01  5.3350303e+01         -inf  1.00779e+05  5.33503e+01  5.33503e+01
2.365080534e-01  5.3456930e+01         -inf  1.00779e+05  5.34569e+01  5.34569e+01
2.374540856e-01  5.3563028e+01         -inf  1.00779e+05  5.35630e+01  5.35630e+01
2.384039020e-01  5.3655863e+01         -inf  1.00779e+05  5.36559e+01  5.36559e+01
2.393575176e-01  5.3745095e+01         -inf  1.00779e+05  5.37451e+01  5.37451e+01
2.403149477e-01  5.3842055e+01         -inf  1.00779e+05  5.38421e+01  5.38421e+01
2.412762074e-01  5.3916091e+01         -inf  1.00779e+05  5.39161e+01  5.39161e+01
2.422413123e-01  5.3996011e+01         -inf  1.00779e+05  5.39960e+01  5.39960e+01
2.432102775e-01  5.4086468e+01         -inf  1.00779e+05  5.40865e+01  5.40865e+01
2.441831186e-01  5.4147504e+01         -inf  1.00779e+05  5.41475e+01  5.41475e+01
2.451598511e-01  5.4216795e+01         -inf  1.00779e+05  5.42168e+01  5.42168e+01
2.461404905e-01  5.4268257e+01         -inf  1.00779e+05  5.42683e+01  5.42683e+01
2.471250525e-01  5.4320422e+01         -inf  1.00779e+05  5.43204e+01  5.43204e+01
2.481135527e-01  5.4348963e+01         -inf  1.00779e+05  5.43490e+01  5.43490e+01
2.491060069e-01  5.4422115e+01         -inf  1.00779e+05  5.44221e+01  5.44221e+01
2.501024309e-01  5.4437571e+01         -inf  1.00779e+05  5.44376e+01  5.44376e+01
2.511028406e-01  5.4428877e+01         -inf  1.00779e+05  5.44289e+01  5.44289e+01
2.521072520e-01  5.4504663e+01         -inf  1.00779e+05  5.45047e+01  5.45047e+01
2.531156810e-01  5.4478494e+01         -inf  1.00779e+05  5.44785e+01  5.44785e+01
2.541281437e-01  5.4484992e+01         -inf  1.00779e+05  5.44850e+01  5.44850e+01
2.551446563e-01  5.4506683e+01         -inf  1.00779e+05  5.45067e+01  5.45067e+01
2.561652349e-01  5.4481567e+01         -inf  1.00779e+05  5.44816e+01  5.44816e+01
2.571898959e-01  5.4438010e+01         -inf  1.00779e+05  5.44380e+01  5.44380e+01
2.582186555e-01  5.4448636e+01         -inf  1.00779e+05  5.44486e+01  5.44486e+01
2.592515301e-01  5.4414651e+01         -inf  1.00779e+05  5.44147e+01  5.44147e+01
2.602885362e-01  5.4363014e+01         -inf  1.00779e+05  5.43630e+01  5.43630e+01
2.613296904e-01  5.4320334e+01         -inf  1.00779e+05  5.43203e+01  5.43203e+01
2.623750091e-01  5.4275897e+01         -inf  1.00779e+05  5.42759e+01  5.42759e+01
2.634245092e-01  5.4170074e+01         -inf  1.00779e+05  5.41701e+01  5.41701e+01
2.644782072e-01  5.4165332e+01         -inf  1.00779e+05  5.41653e+01  5.41653e+01
2.655361200e-01  5.4055994e+01         -inf  1.00779e+05  5.40560e+01  5.40560e+01
2.665982645e-01  5.3966063e+01         -inf  1.00779e+05  5.39661e+01  5.39661e+01
2.676646576e-01  5.3886670e+01         -inf  1.00779e+05  5.38867e+01  5.38867e+01
2.687353162e-01  5.3740265e+01         -inf  1.00779e+05  5.37403e+01  5.37403e+01
2.698102574e-01  5.3695034e+01         -inf  1.00779e+05  5.36950e+01  5.36950e+01
2.708894985e-01  5.3527633e+01         -inf  1.00779e+05  5.35276e+01  5.35276e+01
2.719730565e-01  5.3435324e+01         -inf  1.00779e+05  5.34353e+01  5.34353e+01
2.730609487e-01  5.3305157e+01         -inf  1.00779e+05  5.33052e+01  5.33052e+01
2.741531925e-01  5.3112450e+01         -inf  1.00779e+05  5.31125e+01  5.31125e+01
2.752498053e-01  5.3009419e+01         -inf  1.00779e+05  5.30094e+01  5.30094e+01
2.763508045e-01  5.2842879e+01         -inf  1.00779e+05  5.28429e+01  5.28429e+01
2.774562077e-01  5.2683362e+01         -inf  1.00779e+05  5.26834e+01  5.26834e+01
2.785660325e-01  5.2506888e+01         -inf  1.00779e+05  5.25069e+01  5.25069e+01
2.796802967e-01  5.2340862e+01         -inf  1.00779e+05  5.23409e+01  5.23409e+01
2.807990178e-01  5.2120718e+01         -inf  1.00779e+05  5.21207e+01  5.21207e+01
2.819222139e-01  5.1905047e+01         -inf  1.00779e+05  5.19050e+01  5.19050e+01
2.830499028e-01  5.1740411e+01         -inf  1.00779e+05  5.17404e+01  5.17404e+01
2.841821024e-01  5.1492748e+01         -inf  1.00779e+05  5.14927e+01  5.14927e+01
2.853188308e-01  5.1251752e+01         -inf  1.00779e+05  5.12518e+01  5.12518e+01
2.864601061e-01  5.1035086e+01         -inf  1.00779e+05  5.10351e+01  5.10351e+01
2.876059465e-01  5.0752249e+01         -inf  1.00779e+05  5.07522e+01  5.07522e+01
2.887563703e-01  5.0449278e+01         -inf  1.00779e+05  5.04493e+01  5.04493e+01
2.899113958e-01  5.0151214e+01         -inf  1.00779e+05  5.01512e+01  5.01512e+01
2.910710414e-01  4.9858057e+01         -inf  1.00779e+05  4.98581e+01  4.98581e+01
2.922353256e-01  4.9473489e+01         -inf  1.00779e+05  4.94735e+01  4.94735e+01
2.934042669e-01  4.9107354e+01         -inf  1.00779e+05  4.91074e+01  4.91074e+01
2.945778839e-01  4.8704636e+01         -inf  1.00779e+05  4.87046e+01  4.87046e+01
2.957561955e-01  4.8209685e+01         -inf  1.00779e+05  4.82097e+01  4.82097e+01
2.969392202e-01  4.7736234e+01         -inf  1.00779e+05  4.77362e+01  4.77362e+01
2.981269771e-01  4.7222133e+01         -inf  1.00779e+05  4.72221e+01  4.72221e+01
2.993194850e-01  4.6706233e+01         -inf  1.00779e+05  4.67062e+01  4.67062e+01
3.005167630e-01  4.6144305e+01         -inf  1.00779e+05  4.61443e+01  4.61443e+01
3.017188300e-01  4.5508551e+01         -inf  1.00779e+05  4.55086e+01  4.55086e+01
3.029257054e-01  4.4883025e+01         -inf  1.00779e+05  4.48830e+01  4.48830e+01
3.041374082e-01  4.4338883e+01         -inf  1.00779e+05  4.43389e+01  4.43389e+01
3.053539578e-01  4.3516033e+01         -inf  1.00779e+05  4.35160e+01  4.35160e+01
3.065753736e-01  4.3012596e+01         -inf  1.00779e+05  4.30126e+01  4.30126e+01
3.078016751e-01  4.2106524e+01         -inf  1.00779e+05  4.21065e+01  4.21065e+01
3.090328818e-01  4.1572270e+01         -inf  1.00779e+05  4.15723e+01  4.15723e+01
3.102690134e-01  4.0610557e+01         -inf  1.00779e+05  4.06106e+01  4.06106e+01
3.115100894e-01  4.0067028e+01         -inf  1.00779e+05  4.00670e+01  4.00670e+01
3.127561298e-01  3.8996559e+01         -inf  1.00779e+05  3.89966e+01  3.89966e+01
3.140071543e-01  3.8556245e+01         -inf  1.00779e+05  3.85562e+01  3.85562e+01
3.152631829e-01  3.7560455e+01         -inf  1.00779e+05  3.75605e+01  3.75605e+01
3.165242356e-01  3.6582476e+01         -inf  1.00779e+05  3.65825e+01  3.65825e+01
3.177903326e-01  3.6352291e+01         -inf  1.00779e+05  3.63523e+01  3.63523e+01
3.190614939e-01  3.4774500e+01         -inf  1.00779e+05  3.47745e+01  3.47745e+01
3.203377399e-01  3.4867161e+01         -inf  1.00779e+05  3.48672e+01  3.48672e+01
3.216190908e-01  3.3280818e+01         -inf  1.00779e+05  3.32808e+01  3.32808e+01
3.229055672e-01  3.3619120e+01         -inf  1.00779e+05  3.36191e+01  3.36191e+01
3.241971895e-01  3.1498717e+01         -inf  1.00779e+05  3.14987e+01  3.14987e+01
3.254939782e-01  3.2585218e+01         -inf  1.00779e+05  3.25852e+01  3.25852e+01
3.267959541e-01  3.0456635e+01         -inf  1.00779e+05  3.04566e+01  3.04566e+01
3.281031380e-01  3.1452804e+01         -inf  1.00779e+05  3.14528e+01  3.14528e+01
3.294155505e-01  2.9370486e+01         -inf  1.00779e+05  2.93705e+01  2.93705e+01
3.307332127e-01  3.0338174e+01         -inf  1.00779e+05  3.03382e+01  3.03382e+01
3.320561456e-01  2.9237988e+01         -inf  1.00779e+05  2.92380e+01  2.92380e+01
3.333843702e-01  2.9178042e+01         -inf  1.00779e+05  2.91780e+01  2.91780e+01
3.347179076e-01  2.8746234e+01         -inf  1.00779e+05  2.87462e+01  2.87462e+01
3.360567793e-01  2.8184524e+01         -inf  1.00779e+05  2.81845e+01  2.81845e+01
3.374010064e-01  2.8733362e+01         -inf  1.00779e+05  2.87334e+01  2.87334e+01
3.387506104e-01  2.7857403e+01         -inf  1.00779e+05  2.78574e+01  2.78574e+01
3.401056128e-01  2.7975380e+01         -inf  1.00779e+05  2.79754e+01  2.79754e+01
3.414660353e-01  2.7577706e+01         -inf  1.00779e+05  2.75777e+01  2.75777e+01
3.428318994e-01  2.7404609e+01         -inf  1.00779e+05  2.74046e+01  2.74046e+01
3.442032270e-01  2.7631142e+01         -inf  1.00779e+05  2.76311e+01  2.76311e+01
3.455800399e-01  2.7226569e+01         -inf  1.00779e+05  2.72266e+01  2.72266e+01
3.469623601e-01  2.7130095e+01         -inf  1.00779e+05  2.71301e+01  2.71301e+01
3.483502095e-01  2.7000286e+01         -inf  1.00779e+05  2.70003e+01  2.70003e+01
3.497436104e-01  2.6866858e+01         -inf  1.00779e+05  2.68669e+01  2.68669e+01
3.511425848e-01  2.6857599e+01         -inf  1.00779e+05  2.68576e+01  2.68576e+01
3.525471552e-01  2.6739778e+01         -inf  1.00779e+05  2.67398e+01  2.67398e+01
3.539573438e-01  2.6594792e+01         -inf  1.00779e+05  2.65948e+01  2.65948e+01
3.553731732e-01  2.6513655e+01         -inf  1.00779e+05  2.65137e+01  2.65137e+01
3.567946659e-01  2.6416641e+01         -inf  1.00779e+05  2.64166e+01  2.64166e+01
3.582218445e-01  2.6325977e+01         -inf  1.00779e+05  2.63260e+01  2.63260e+01
3.596547319e-01  2.6253833e+01         -inf  1.00779e+05  2.62538e+01  2.62538e+01
3.610933508e-01  2.6154346e+01         -inf  1.00779e+05  2.61543e+01  2.61543e+01
3.625377242e-01  2.6062178e+01         -inf  1.00779e+05  2.60622e+01  2.60622e+01
3.639878751e-01  2.5975302e+01         -inf  1.00779e+05  2.59753e+01  2.59753e+01
3.654438266e-01  2.5888600e+01         -inf  1.00779e+05  2.58886e+01  2.58886e+01
3.669056019e-01  2.5800222e+01         -inf  1.00779e+05  2.58002e+01  2.58002e+01
3.683732243e-01  2.5714753e+01         -inf  1.00779e+05  2.57148e+01  2.57148e+01
3.698467172e-01  2.5627342e+01         -inf  1.00779e+05  2.56273e+01  2.56273e+01
3.713261041e-01  2.5539313e+01         -inf  1.00779e+05  2.55393e+01  2.55393e+01
3.728114085e-01  2.5452429e+01         -inf  1.00779e+05  2.54524e+01  2.54524e+01
3.743026542e-01  2.5366338e+01         -inf  1.00779e+05  2.53663e+01  2.53663e+01
3.757998648e-01  2.5279187e+01         -inf  1.00779e+05  2.52792e+01  2.52792e+01
3.773030642e-01  2.5192741e+01         -inf  1.00779e+05  2.51927e+01  2.51927e+01
3.788122765e-01  2.5106294e+01         -inf  1.00779e+05  2.51063e+01  2.51063e+01
3.803275256e-01  2.5019933e+01         -inf  1.00779e+05  2.50199e+01  2.50199e+01
3.818488357e-01  2.4932690e+01         -inf  1.00779e+05  2.49327e+01  2.49327e+01
3.833762310e-01  2.4846680e+01         -inf  1.00779e+05  2.48467e+01  2.48467e+01
3.849097360e-01  2.4760140e+01         -inf  1.00779e+05  2.47601e+01  2.47601e+01
3.864493749e-01  2.4673952e+01         -inf  1.00779e+05  2.46740e+01  2.46740e+01
3.879951724e-01  2.4587497e+01         -inf  1.00779e+05  2.45875e+01  2.45875e+01
3.895471531e-01  2.4500954e+01         -inf  1.00779e+05  2.45010e+01  2.45010e+01
3.911053417e-01  2.4414939e+01         -inf  1.00779e+05  2.44149e+01  2.44149e+01
3.926697631e-01  2.4329275e+01         -inf  1.00779e+05  2.43293e+01  2.43293e+01
3.942404421e-01  2.4244228e+01         -inf  1.00779e+05  2.42442e+01  2.42442e+01
3.958174039e-01  2.4158827e+01         -inf  1.00779e+05  2.41588e+01  2.41588e+01
3.974006735e-01  2.4072542e+01         -inf  1.00779e+05  2.40725e+01  2.40725e+01
3.989902762e-01  2.3985992e+01         -inf  1.00779e+05  2.39860e+01  2.39860e+01
4.005862373e-01  2.3900675e+01         -inf  1.00779e+05  2.39007e+01  2.39007e+01
4.021885823e-01  2.3816064e+01         -inf  1.00779e+05  2.38161e+01  2.38161e+01
4.037973366e-01  2.3729598e+01         -inf  1.00779e+05  2.37296e+01  2.37296e+01
4.054125259e-01  2.3642955e+01         -inf  1.00779e+05  2.36430e+01  2.36430e+01
4.070341760e-01  2.3560193e+01         -inf  1.00779e+05  2.35602e+01  2.35602e+01
4.086623127e-01  2.3479812e+01         -inf  1.00779e+05  2.34798e+01  2.34798e+01
4.102969620e-01  2.3395724e+01         -inf  1.00779e+05  2.33957e+01  2.33957e+01
4.119381498e-01  2.3307224e+01         -inf  1.00779e+05  2.33072e+01  2.33072e+01
4.135859024e-01  2.3219075e+01         -inf  1.00779e+05  2.32191e+01  2.32191e+01
4.152402460e-01  2.3137013e+01         -inf  1.00779e+05  2.31370e+01  2.31370e+01
4.169012070e-01  2.3057422e+01         -inf  1.00779e+05  2.30574e+01  2.30574e+01
4.185688119e-01  2.2972270e+01         -inf  1.00779e+05  2.29723e+01  2.29723e+01
4.202430871e-01  2.2885881e+01         -inf  1.00779e+05  2.28859e+01  2.28859e+01
4.219240595e-01  2.2808051e+01         -inf  1.00779e+05  2.28081e+01  2.28081e+01
4.236117557e-01  2.2738074e+01         -inf  1.00779e+05  2.27381e+01  2.27381e+01
4.253062027e-01  2.2664831e+01         -inf  1.00779e+05  2.26648e+01  2.26648e+01
4.270074275e-01  2.2576850e+01         -inf  1.00779e+05  2.25768e+01  2.25768e+01
4.287154572e-01  2.2482602e+01         -inf  1.00779e+05  2.24826e+01  2.24826e+01
4.304303191e-01  2.2398943e+01         -inf  1.00779e+05  2.23989e+01  2.23989e+01
4.321520403e-01  2.2329932e+01         -inf  1.00779e+05  2.23299e+01  2.23299e+01
4.338806485e-01  2.2252801e+01         -inf  1.00779e+05  2.22528e+01  2.22528e+01
4.356161711e-01  2.2163667e+01         -inf  1.00779e+05  2.21637e+01  2.21637e+01
4.373586358e-01  2.2086623e+01         -inf  1.00779e+05  2.20866e+01  2.20866e+01
4.391080703e-01  2.2034465e+01         -inf  1.00779e+05  2.20345e+01  2.20345e+01
4.408645026e-01  2.1988838e+01         -inf  1.00779e+05  2.19888e+01  2.19888e+01
4.426279606e-01  2.1929972e+01         -inf  1.00779e+05  2.19300e+01  2.19300e+01
4.443984725e-01  2.1839245e+01         -inf  1.00779e+05  2.18392e+01  2.18392e+01
4.461760664e-01  2.1730336e+01         -inf  1.00779e+05  2.17303e+01  2.17303e+01
4.479607706e-01  2.1650374e+01         -inf  1.00779e+05  2.16504e+01  2.16504e+01
4.497526137e-01  2.1603596e+01         -inf  1.00779e+05  2.16036e+01  2.16036e+01
4.515516242e-01  2.1535460e+01         -inf  1.00779e+05  2.15355e+01  2.15355e+01
4.533578307e-01  2.1441373e+01         -inf  1.00779e+05  2.14414e+01  2.14414e+01
4.551712620e-01  2.1371999e+01         -inf  1.00779e+05  2.13720e+01  2.13720e+01
4.569919470e-01  2.1351522e+01         -inf  1.00779e+05  2.13515e+01  2.13515e+01
4.588199148e-01  2.1352317e+01         -inf  1.00779e+05  2.13523e+01  2.13523e+01
4.606551945e-01  2.1345697e+01         -inf  1.00779e+05  2.13457e+01  2.13457e+01
4.624978152e-01  2.1275086e+01         -inf  1.00779e+05  2.12751e+01  2.12751e+01
4.643478065e-01  2.1138364e+01         -inf  1.00779e+05  2.11384e+01  2.11384e+01
4.662051977e-01  2.1021675e+01         -inf  1.00779e+05  2.10217e+01  2.10217e+01
4.680700185e-01  2.0979307e+01         -inf  1.00779e+05  2.09793e+01  2.09793e+01
4.699422986e-01  2.0951944e+01         -inf  1.00779e+05  2.09519e+01  2.09519e+01
4.718220678e-01  2.0876562e+01         -inf  1.00779e+05  2.08766e+01  2.08766e+01
4.737093561e-01  2.0802857e+01         -inf  1.00779e+05  2.08029e+01  2.08029e+01
4.756041935e-01  2.0792176e+01         -inf  1.00779e+05  2.07922e+01  2.07922e+01
4.775066103e-01  2.0851140e+01         -inf  1.00779e+05  2.08511e+01  2.08511e+01
4.794166367e-01  2.0937026e+01         -inf  1.00779e+05  2.09370e+01  2.09370e+01
4.813343033e-01  2.0995636e+01         -inf  1.00779e+05  2.09956e+01  2.09956e+01
4.832596405e-01  2.0940027e+01         -inf  1.00779e+05  2.09400e+01  2.09400e+01
4.851926790e-01  2.0781848e+01         -inf  1.00779e+05  2.07818e+01  2.07818e+01
4.871334497e-01  2.0643968e+01         -inf  1.00779e+05  2.06440e+01  2.06440e+01
4.890819835e-01  2.0606629e+01         -inf  1.00779e+05  2.06066e+01  2.06066e+01
4.910383115e-01  2.0609453e+01         -inf  1.00779e+05  2.06095e+01  2.06095e+01
4.930024647e-01  2.0566817e+01         -inf  1.00779e+05  2.05668e+01  2.05668e+01
4.949744746e-01  2.0514824e+01         -inf  1.00779e+05  2.05148e+01  2.05148e+01
4.969543725e-01  2.0532567e+01         -inf  1.00779e+05  2.05326e+01  2.05326e+01
4.989421900e-01  2.0646528e+01         -inf  1.00779e+05  2.06465e+01  2.06465e+01
5.009379587e-01  2.0822541e+01         -inf  1.00779e+05  2.08225e+01  2.08225e+01
5.029417106e-01  2.1003404e+01         -inf  1.00779e+05  2.10034e+01  2.10034e+01
5.049534774e-01  2.1093260e+01         -inf  1.00779e+05  2.10933e+01  2.10933e+01
5.069732913e-01  2.1032356e+01         -inf  1.00779e+05  2.10324e+01  2.10324e+01
5.090011845e-01  2.0879475e+01         -inf  1.00779e+05  2.08795e+01  2.08795e+01
5.110371892e-01  2.0763488e+01         -inf  1.00779e+05  2.07635e+01  2.07635e+01
5.130813380e-01  2.0747688e+01         -inf  1.00779e+05  2.07477e+01  2.07477e+01
5.151336633e-01  2.0782201e+01         -inf  1.00779e+05  2.07822e+01  2.07822e+01
5.171941980e-01  2.0803298e+01         -inf  1.00779e+05  2.08033e+01  2.08033e+01
5.192629748e-01  2.0819628e+01         -inf  1.00779e+05  2.08196e+01  2.08196e+01
5.213400267e-01  2.0875679e+01         -inf  1.00779e+05  2.08757e+01  2.08757e+01
5.234253868e-01  2.1003227e+01         -inf  1.00779e+05  2.10032e+01  2.10032e+01
5.255190883e-01  2.1189293e+01         -inf  1.00779e+05  2.11893e+01  2.11893e+01
5.276211647e-01  2.1396095e+01         -inf  1.00779e+05  2.13961e+01  2.13961e+01
5.297316493e-01  2.1580031e+01         -inf  1.00779e+05  2.15800e+01  2.15800e+01
5.318505759e-01  2.1695650e+01         -inf  1.00779e+05  2.16957e+01  2.16957e+01
5.339779782e-01  2.1710478e+01         -inf  1.00779e+05  2.17105e+01  2.17105e+01
5.361138902e-01  2.1643401e+01         -inf  1.00779e+05  2.16434e+01  2.16434e+01
5.382583457e-01  2.1594417e+01         -inf  1.00779e+05  2.15944e+01  2.15944e+01
5.404113791e-01  2.1637047e+01         -inf  1.00779e+05  2.16370e+01  2.16370e+01
5.425730246e-01  2.1739868e+01         -inf  1.00779e+05  2.17399e+01  2.17399e+01
5.447433167e-01  2.1832096e+01         -inf  1.00779e+05  2.18321e+01  2.18321e+01
5.469222900e-01  2.1880637e+01         -inf  1.00779e+05  2.18806e+01  2.18806e+01
5.491099791e-01  2.1903142e+01         -inf  1.00779e+05  2.19031e+01  2.19031e+01
5.513064191e-01  2.1927589e+01         -inf  1.00779e+05  2.19276e+01  2.19276e+01
5.535116447e-01  2.1970569e+01         -inf  1.00779e+05  2.19706e+01  2.19706e+01
5.557256913e-01  2.2052645e+01         -inf  1.00779e+05  2.20526e+01  2.20526e+01
5.579485941e-01  2.2198350e+01         -inf  1.00779e+05  2.21984e+01  2.21984e+01
5.601803884e-01  2.2400178e+01         -inf  1.00779e+05  2.24002e+01  2.24002e+01
5.624211100e-01  2.2602971e+01         -inf  1.00779e+05  2.26030e+01  2.26030e+01
5.646707944e-01  2.2757929e+01         -inf  1.00779e+05  2.27579e+01  2.27579e+01
5.669294776e-01  2.2868586e+01         -inf  1.00779e+05  2.28686e+01  2.28686e+01
5.691971955e-01  2.2967681e+01         -inf  1.00779e+05  2.29677e+01  2.29677e+01
5.714739843e-01  2.3064040e+01         -inf  1.00779e+05  2.30640e+01  2.30640e+01
5.737598803e-01  2.3102688e+01         -inf  1.00779e+05  2.31027e+01  2.31027e+01
5.760549198e-01  2.3038097e+01         -inf  1.00779e+05  2.30381e+01  2.30381e+01
5.783591395e-01  2.2895588e+01         -inf  1.00779e+05  2.28956e+01  2.28956e+01
5.806725760e-01  2.2723690e+01         -inf  1.00779e+05  2.27237e+01  2.27237e+01
5.829952663e-01  2.2566172e+01         -inf  1.00779e+05  2.25662e+01  2.25662e+01
5.853272474e-01  2.2449597e+01         -inf  1.00779e+05  2.24496e+01  2.24496e+01
5.876685564e-01  2.2382087e+01         -inf  1.00779e+05  2.23821e+01  2.23821e+01
5.900192306e-01  2.2374321e+01         -inf  1.00779e+05  2.23743e+01  2.23743e+01
5.923793075e-01  2.2456569e+01         -inf  1.00779e+05  2.24566e+01  2.24566e+01
5.947488247e-01  2.2637210e+01         -inf  1.00779e+05  2.26372e+01  2.26372e+01
5.971278200e-01  2.2848996e+01         -inf  1.00779e+05  2.28490e+01  2.28490e+01
5.995163313e-01  2.3014890e+01         -inf  1.00779e+05  2.30149e+01  2.30149e+01
6.019143966e-01  2.3066863e+01         -inf  1.00779e+05  2.30669e+01  2.30669e+01
6.043220542e-01  2.2984800e+01         -inf  1.00779e+05  2.29848e+01  2.29848e+01
6.067393425e-01  2.2787579e+01         -inf  1.00779e+05  2.27876e+01  2.27876e+01
6.091662998e-01  2.2510488e+01         -inf  1.00779e+05  2.25105e+01  2.25105e+01
6.116029650e-01  2.2205410e+01         -inf  1.00779e+05  2.22054e+01  2.22054e+01
6.140493769e-01  2.1909232e+01         -inf  1.00779e+05  2.19092e+01  2.19092e+01
6.165055744e-01  2.1637223e+01         -inf  1.00779e+05  2.16372e+01  2.16372e+01
6.189715967e-01  2.1395389e+01         -inf  1.00779e+05  2.13954e+01  2.13954e+01
6.214474831e-01  2.1182850e+01         -inf  1.00779e+05  2.11828e+01  2.11828e+01
6.239332730e-01  2.0981867e+01         -inf  1.00779e+05  2.09819e+01  2.09819e+01
6.264290061e-01  2.0771079e+01         -inf  1.00779e+05  2.07711e+01  2.07711e+01
6.289347221e-01  2.0657650e+01         -inf  1.00779e+05  2.06577e+01  2.06577e+01
6.314504610e-01  2.0327327e+01         -inf  1.00779e+05  2.03273e+01  2.03273e+01
6.339762629e-01  2.0047483e+01         -inf  1.00779e+05  2.00475e+01  2.00475e+01
6.365121679e-01  1.9766304e+01         -inf  1.00779e+05  1.97663e+01  1.97663e+01
6.390582166e-01  1.9473723e+01         -inf  1.00779e+05  1.94737e+01  1.94737e+01
6.416144494e-01  1.9175566e+01         -inf  1.00779e+05  1.91756e+01  1.91756e+01
6.441809072e-01  1.8907416e+01         -inf  1.00779e+05  1.89074e+01  1.89074e+01
6.467576309e-01  1.8653119e+01         -inf  1.00779e+05  1.86531e+01  1.86531e+01
6.493446614e-01  1.8407907e+01         -inf  1.00779e+05  1.84079e+01  1.84079e+01
6.519420400e-01  1.8177609e+01         -inf  1.00779e+05  1.81776e+01  1.81776e+01
6.545498082e-01  1.7934586e+01         -inf  1.00779e+05  1.79346e+01  1.79346e+01
6.571680074e-01  1.7686344e+01         -inf  1.00779e+05  1.76863e+01  1.76863e+01
6.597966795e-01  1.7446041e+01         -inf  1.00779e+05  1.74460e+01  1.74460e+01
6.624358662e-01  1.7213855e+01         -inf  1.00779e+05  1.72139e+01  1.72139e+01
6.650856096e-01  1.6962671e+01         -inf  1.00779e+05  1.69627e+01  1.69627e+01
6.677459521e-01  1.6688954e+01         -inf  1.00779e+05  1.66890e+01  1.66890e+01
6.704169359e-01  1.6416727e+01         -inf  1.00779e+05  1.64167e+01  1.64167e+01
6.730986036e-01  1.6154736e+01         -inf  1.00779e+05  1.61547e+01  1.61547e+01
6.757909981e-01  1.5908900e+01         -inf  1.00779e+05  1.59089e+01  1.59089e+01
6.784941620e-01  1.5672330e+01         -inf  1.00779e+05  1.56723e+01  1.56723e+01
6.812081387e-01  1.5466848e+01         -inf  1.00779e+05  1.54668e+01  1.54668e+01
6.839329712e-01  1.5297139e+01         -inf  1.00779e+05  1.52971e+01  1.52971e+01
6.866687031e-01  1.5727542e+01         -inf  1.00779e+05  1.57275e+01  1.57275e+01
6.894153779e-01  1.5672330e+01         -inf  1.00779e+05  1.56723e+01  1.56723e+01
6.921730395e-01  1.4883583e+01         -inf  1.00779e+05  1.48836e+01  1.48836e+01
6.949417316e-01  1.4406473e+01         -inf  1.00779e+05  1.44065e+01  1.44065e+01
6.977214985e-01  1.4168965e+01         -inf  1.00779e+05  1.41690e+01  1.41690e+01
7.005123845e-01  1.3964142e+01         -inf  1.00779e+05  1.39641e+01  1.39641e+01
7.033144341e-01  1.3792450e+01         -inf  1.00779e+05  1.37925e+01  1.37925e+01
7.061276918e-01  1.3645674e+01         -inf  1.00779e+05  1.36457e+01  1.36457e+01
7.089522026e-01  1.3511708e+01         -inf  1.00779e+05  1.35117e+01  1.35117e+01
7.117880114e-01  1.3393645e+01         -inf  1.00779e+05  1.33936e+01  1.33936e+01
7.146351634e-01  1.3309604e+01         -inf  1.00779e+05  1.33096e+01  1.33096e+01
7.174937041e-01  1.3189329e+01         -inf  1.00779e+05  1.31893e+01  1.31893e+01
7.203636789e-01  1.2980233e+01         -inf  1.00779e+05  1.29802e+01  1.29802e+01
7.232451336e-01  1.2782091e+01         -inf  1.00779e+05  1.27821e+01  1.27821e+01
7.261381142e-01  1.2629723e+01         -inf  1.00779e+05  1.26297e+01  1.26297e+01
7.290426666e-01  1.2463476e+01         -inf  1.00779e+05  1.24635e+01  1.24635e+01
7.319588373e-01  1.2318172e+01         -inf  1.00779e+05  1.23182e+01  1.23182e+01
7.348866726e-01  1.2216793e+01         -inf  1.00779e+05  1.22168e+01  1.22168e+01
7.378262193e-01  1.2134593e+01         -inf  1.00779e+05  1.21346e+01  1.21346e+01
7.407775242e-01  1.2067860e+01         -inf  1.00779e+05  1.20679e+01  1.20679e+01
7.437406343e-01  1.2040548e+01         -inf  1.00779e+05  1.20405e+01  1.20405e+01
7.467155968e-01  1.2025963e+01         -inf  1.00779e+05  1.20260e+01  1.20260e+01
7.497024592e-01  1.1915829e+01         -inf  1.00779e+05  1.19158e+01  1.19158e+01
7.527012690e-01  1.1687335e+01         -inf  1.00779e+05  1.16873e+01  1.16873e+01
7.557120741e-01  1.1477307e+01         -inf  1.00779e+05  1.14773e+01  1.14773e+01
7.587349224e-01  1.2343274e+01         -inf  1.00779e+05  1.23433e+01  1.23433e+01
7.617698621e-01  1.5965788e+01         -inf  1.00779e+05  1.59658e+01  1.59658e+01
7.648169416e-01  1.3858282e+01         -inf  1.00779e+05  1.38583e+01  1.38583e+01
7.678762093e-01  1.1572333e+01         -inf  1.00779e+05  1.15723e+01  1.15723e+01
7.709477142e-01  1.1012147e+01         -inf  1.00779e+05  1.10121e+01  1.10121e+01
7.740315050e-01  1.0992433e+01         -inf  1.00779e+05  1.09924e+01  1.09924e+01
7.771276310e-01  1.1033629e+01         -inf  1.00779e+05  1.10336e+01  1.10336e+01
7.802361416e-01  1.1000036e+01         -inf  1.00779e+05  1.10000e+01  1.10000e+01
7.833570861e-01  1.0831448e+01         -inf  1.00779e+05  1.08314e+01  1.08314e+01
7.864905145e-01  1.0631472e+01         -inf  1.00779e+05  1.06315e+01  1.06315e+01
7.896364765e-01  1.0481264e+01         -inf  1.00779e+05  1.04813e+01  1.04813e+01
7.927950224e-01  1.0350416e+01         -inf  1.00779e+05  1.03504e+01  1.03504e+01
7.959662025e-01  1.0233445e+01         -inf  1.00779e+05  1.02334e+01  1.02334e+01
7.991500673e-01  1.0143616e+01         -inf  1.00779e+05  1.01436e+01  1.01436e+01
8.023466676e-01  1.0065899e+01         -inf  1.00779e+05  1.00659e+01  1.00659e+01
8.055560543e-01  1.0013291e+01         -inf  1.00779e+05  1.00133e+01  1.00133e+01
8.087782785e-01  1.0014264e+01         -inf  1.00779e+05  1.00143e+01  1.00143e+01
8.120133916e-01  1.0041143e+01         -inf  1.00779e+05  1.00411e+01  1.00411e+01
8.152614452e-01  1.0058737e+01         -inf  1.00779e+05  1.00587e+01  1.00587e+01
8.185224910e-01  9.9990564e+00         -inf  1.00779e+05  9.99906e+00  9.99906e+00
8.217965809e-01  9.8308852e+00         -inf  1.00779e+05  9.83089e+00  9.83089e+00
8.250837672e-01  9.6257495e+00         -inf  1.00779e+05  9.62575e+00  9.62575e+00
8.283841023e-01  9.4649079e+00         -inf  1.00779e+05  9.46491e+00  9.46491e+00
8.316976387e-01  9.3475680e+00         -inf  1.00779e+05  9.34757e+00  9.34757e+00
8.350244293e-01  9.2597607e+00         -inf  1.00779e+05  9.25976e+00  9.25976e+00
8.383645270e-01  9.1965351e+00         -inf  1.00779e+05  9.19654e+00  9.19654e+00
8.417179851e-01  9.1462195e+00         -inf  1.00779e+05  9.14622e+00  9.14622e+00
8.450848570e-01  9.1158000e+00         -inf  1.00779e+05  9.11580e+00  9.11580e+00
8.484651965e-01  9.1211942e+00         -inf  1.00779e+05  9.12119e+00  9.12119e+00
8.518590573e-01  9.1781421e+00         -inf  1.00779e+05  9.17814e+00  9.17814e+00
8.552664935e-01  9.1457773e+00         -inf  1.00779e+05  9.14578e+00  9.14578e+00
8.586875595e-01  9.0189696e+00         -inf  1.00779e+05  9.01897e+00  9.01897e+00
8.621223097e-01  8.8730581e+00         -inf  1.00779e+05  8.87306e+00  8.87306e+00
8.655707989e-01  8.7288944e+00         -inf  1.00779e+05  8.72889e+00  8.72889e+00
8.690330821e-01  8.6292725e+00         -inf  1.00779e+05  8.62927e+00  8.62927e+00
8.725092145e-01  8.5389085e+00         -inf  1.00779e+05  8.53891e+00  8.53891e+00
8.759992513e-01  8.4713602e+00         -inf  1.00779e+05  8.47136e+00  8.47136e+00
8.795032483e-01  8.4271766e+00         -inf  1.00779e+05  8.42718e+00  8.42718e+00
8.830212613e-01  8.4192879e+00         -inf  1.00779e+05  8.41929e+00  8.41929e+00
8.865533464e-01  8.3913059e+00         -inf  1.00779e+05  8.39131e+00  8.39131e+00
8.900995597e-01  8.3416650e+00         -inf  1.00779e+05  8.34167e+00  8.34167e+00
8.936599580e-01  8.2804204e+00         -inf  1.00779e+05  8.28042e+00  8.28042e+00
8.972345978e-01  8.2730445e+00         -inf  1.00779e+05  8.27304e+00  8.27304e+00
9.008235362e-01  8.2157172e+00         -inf  1.00779e+05  8.21572e+00  8.21572e+00
9.044268304e-01  8.1071460e+00         -inf  1.00779e+05  8.10715e+00  8.10715e+00
9.080445377e-01  8.0091508e+00         -inf  1.00779e+05  8.00915e+00  8.00915e+00
9.116767158e-01  7.9305149e+00         -inf  1.00779e+05  7.93051e+00  7.93051e+00
9.153234227e-01  7.8652775e+00         -inf  1.00779e+05  7.86528e+00  7.86528e+00
9.189847164e-01  7.8072656e+00         -inf  1.00779e+05  7.80727e+00  7.80727e+00
9.226606552e-01  7.7596899e+00         -inf  1.00779e+05  7.75969e+00  7.75969e+00
9.263512979e-01  7.7171820e+00         -inf  1.00779e+05  7.71718e+00  7.71718e+00
9.300567031e-01  7.6911871e+00         -inf  1.00779e+05  7.69119e+00  7.69119e+00
9.337769299e-01  7.7031188e+00         -inf  1.00779e+05  7.70312e+00  7.70312e+00
9.375120376e-01  7.7064090e+00         -inf  1.00779e+05  7.70641e+00  7.70641e+00
9.412620857e-01  7.6945570e+00         -inf  1.00779e+05  7.69456e+00  7.69456e+00
9.450271341e-01  7.6759209e+00         -inf  1.00779e+05  7.67592e+00  7.67592e+00
9.488072426e-01  7.5658989e+00         -inf  1.00779e+05  7.56590e+00  7.56590e+00
9.526024716e-01  7.4536992e+00         -inf  1.00779e+05  7.45370e+00  7.45370e+00
9.564128815e-01  7.3735793e+00         -inf  1.00779e+05  7.37358e+00  7.37358e+00
9.602385330e-01  7.3078676e+00         -inf  1.00779e+05  7.30787e+00  7.30787e+00
9.640794871e-01  7.2575020e+00         -inf  1.00779e+05  7.25750e+00  7.25750e+00
9.679358051e-01  7.2053049e+00         -inf  1.00779e+05  7.20530e+00  7.20530e+00
9.718075483e-01  7.1575834e+00         -inf  1.00779e+05  7.15758e+00  7.15758e+00
9.756947785e-01  7.1103214e+00         -inf  1.00779e+05  7.11032e+00  7.11032e+00
9.795975576e-01  7.0662612e+00         -inf  1.00779e+05  7.06626e+00  7.06626e+00
9.835159478e-01  7.0252614e+00         -inf  1.00779e+05  7.02526e+00  7.02526e+00
9.874500116e-01  7.0034301e+00         -inf  1.00779e+05  7.00343e+00  7.00343e+00
9.913998117e-01  7.0329130e+00         -inf  1.00779e+05  7.03291e+00  7.03291e+00
9.953654109e-01  6.9669855e+00         -inf  1.00779e+05  6.96699e+00  6.96699e+00
9.993468726e-01  6.8850816e+00         -inf  1.00779e+05  6.88508e+00  6.88508e+00
1.003344260e+00  6.8319704e+00         -inf  1.00779e+05  6.83197e+00  6.83197e+00
1.007357637e+00  6.7880765e+00         -inf  1.00779e+05  6.78808e+00  6.78808e+00
1.011387068e+00  6.7482426e+00         -inf  1.00779e+05  6.74824e+00  6.74824e+00
1.015432616e+00  6.7084084e+00         -inf  1.00779e+05  6.70841e+00  6.70841e+00
1.019494346e+00  6.6679902e+00         -inf  1.00779e+05  6.66799e+00  6.66799e+00
1.023572324e+00  6.6286509e+00         -inf  1.00779e+05  6.62865e+00  6.62865e+00
1.027666613e+00  6.5908242e+00         -inf  1.00779e+05  6.59082e+00  6.59082e+00
1.031777280e+00  6.5531299e+00         -inf  1.00779e+05  6.55313e+00  6.55313e+00
1.035904389e+00  6.5314739e+00         -inf  1.00779e+05  6.53147e+00  6.53147e+00
1.040048006e+00  6.5133653e+00         -inf  1.00779e+05  6.51337e+00  6.51337e+00
1.044208198e+00  6.4663994e+00         -inf  1.00779e+05  6.46640e+00  6.46640e+00
1.048385031e+00  6.4816065e+00         -inf  1.00779e+05  6.48161e+00  6.48161e+00
1.052578571e+00  6.4866579e+00         -inf  1.00779e+05  6.48666e+00  6.48666e+00
1.056788885e+00  6.3785532e+00         -inf  1.00779e+05  6.37855e+00  6.37855e+00
1.061016041e+00  6.3511729e+00         -inf  1.00779e+05  6.35117e+00  6.35117e+00
1.065260105e+00  6.3540746e+00         -inf  1.00779e+05  6.35407e+00  6.35407e+00
1.069521146e+00  6.2953149e+00         -inf  1.00779e+05  6.29531e+00  6.29531e+00
1.073799230e+00  6.2381382e+00         -inf  1.00779e+05  6.23814e+00  6.23814e+00
1.078094427e+00  6.1952930e+00         -inf  1.00779e+05  6.19529e+00  6.19529e+00
1.082406805e+00  6.1585254e+00         -inf  1.00779e+05  6.15853e+00  6.15853e+00
1.086736432e+00  6.1256148e+00         -inf  1.00779e+05  6.12561e+00  6.12561e+00
1.091083378e+00  6.0966763e+00         -inf  1.00779e+05  6.09668e+00  6.09668e+00
1.095447711e+00  6.0696929e+00         -inf  1.00779e+05  6.06969e+00  6.06969e+00
1.099829502e+00  6.0407808e+00         -inf  1.00779e+05  6.04078e+00  6.04078e+00
1.104228820e+00  6.0132398e+00         -inf  1.00779e+05  6.01324e+00  6.01324e+00
1.108645735e+00  5.9952536e+00         -inf  1.00779e+05  5.99525e+00  5.99525e+00
1.113080318e+00  6.0110015e+00         -inf  1.00779e+05  6.01100e+00  6.01100e+00
1.117532640e+00  6.0630134e+00         -inf  1.00779e+05  6.06301e+00  6.06301e+00
1.122002770e+00  6.1937448e+00         -inf  1.00779e+05  6.19374e+00  6.19374e+00
1.126490781e+00  6.3204307e+00         -inf  1.00779e+05  6.32043e+00  6.32043e+00
1.130996744e+00  6.2871582e+00         -inf  1.00779e+05  6.28716e+00  6.28716e+00
1.135520731e+00  6.2710925e+00         -inf  1.00779e+05  6.27109e+00  6.27109e+00
1.140062814e+00  6.0944734e+00         -inf  1.00779e+05  6.09447e+00  6.09447e+00
1.144623065e+00  6.0544937e+00         -inf  1.00779e+05  6.05449e+00  6.05449e+00
1.149201558e+00  6.0692948e+00         -inf  1.00779e+05  6.06929e+00  6.06929e+00
1.153798364e+00  6.1492450e+00         -inf  1.00779e+05  6.14924e+00  6.14924e+00
1.158413557e+00  6.0145934e+00         -inf  1.00779e+05  6.01459e+00  6.01459e+00
1.163047212e+00  6.1116100e+00         -inf  1.00779e+05  6.11161e+00  6.11161e+00
1.167699401e+00  5.9452140e+00         -inf  1.00779e+05  5.94521e+00  5.94521e+00
1.172370198e+00  5.8299163e+00         -inf  1.00779e+05  5.82992e+00  5.82992e+00
1.177059679e+00  5.7321788e+00         -inf  1.00779e+05  5.73218e+00  5.73218e+00
1.181767918e+00  5.6755103e+00         -inf  1.00779e+05  5.67551e+00  5.67551e+00
1.186494989e+00  5.6354573e+00         -inf  1.00779e+05  5.63546e+00  5.63546e+00
1.191240969e+00  5.5942626e+00         -inf  1.00779e+05  5.59426e+00  5.59426e+00
1.196005933e+00  5.5353368e+00         -inf  1.00779e+05  5.53534e+00  5.53534e+00
1.200789957e+00  5.6940371e+00         -inf  1.00779e+05  5.69404e+00  5.69404e+00
1.205593117e+00  6.7574071e+00         -inf  1.00779e+05  6.75741e+00  6.75741e+00
1.210415489e+00  6.0017297e+00         -inf  1.00779e+05  6.00173e+00  6.00173e+00
1.215257151e+00  5.5637381e+00         -inf  1.00779e+05  5.56374e+00  5.56374e+00
1.220118180e+00  6.4424696e+00         -inf  1.00779e+05  6.44247e+00  6.44247e+00
1.224998652e+00  5.8421522e+00         -inf  1.00779e+05  5.84215e+00  5.84215e+00
1.229898647e+00  5.4323481e+00         -inf  1.00779e+05  5.43235e+00  5.43235e+00
1.234818242e+00  5.4021767e+00         -inf  1.00779e+05  5.40218e+00  5.40218e+00
1.239757515e+00  5.3653869e+00         -inf  1.00779e+05  5.36539e+00  5.36539e+00
1.244716545e+00  5.3656081e+00         -inf  1.00779e+05  5.36561e+00  5.36561e+00
1.249695411e+00  5.4677042e+00         -inf  1.00779e+05  5.46770e+00  5.46770e+00
1.254694192e+00  5.7320638e+00         -inf  1.00779e+05  5.73206e+00  5.73206e+00
1.259712969e+00  6.4015809e+00         -inf  1.00779e+05  6.40158e+00  6.40158e+00
1.264751821e+00  7.5468910e+00         -inf  1.00779e+05  7.54689e+00  7.54689e+00
1.269810828e+00  8.3268956e+00         -inf  1.00779e+05  8.32690e+00  8.32690e+00
1.274890072e+00  6.3920619e+00         -inf  1.00779e+05  6.39206e+00  6.39206e+00
1.279989632e+00  5.6478086e+00         -inf  1.00779e+05  5.64781e+00  5.64781e+00
1.285109591e+00  5.2916030e+00         -inf  1.00779e+05  5.29160e+00  5.29160e+00
1.290250029e+00  5.2865065e+00         -inf  1.00779e+05  5.28651e+00  5.28651e+00
1.295411029e+00  5.2284274e+00         -inf  1.00779e+05  5.22843e+00  5.22843e+00
1.300592673e+00  5.0984021e+00         -inf  1.00779e+05  5.09840e+00  5.09840e+00
1.305795044e+00  5.0787322e+00         -inf  1.00779e+05  5.07873e+00  5.07873e+00
1.311018224e+00  5.1587919e+00         -inf  1.00779e+05  5.15879e+00  5.15879e+00
1.316262297e+00  5.5392387e+00         -inf  1.00779e+05  5.53924e+00  5.53924e+00
1.321527346e+00  5.4196160e+00         -inf  1.00779e+05  5.41962e+00  5.41962e+00
1.326813455e+00  5.1799923e+00         -inf  1.00779e+05  5.17999e+00  5.17999e+00
1.332120709e+00  5.6095072e+00         -inf  1.00779e+05  5.60951e+00  5.60951e+00
1.337449192e+00  5.4383204e+00         -inf  1.00779e+05  5.43832e+00  5.43832e+00
1.342798989e+00  5.6466584e+00         -inf  1.00779e+05  5.64666e+00  5.64666e+00
1.348170185e+00  5.7556511e+00         -inf  1.00779e+05  5.75565e+00  5.75565e+00
1.353562866e+00  6.4122675e+00         -inf  1.00779e+05  6.41227e+00  6.41227e+00
1.358977117e+00  7.1708163e+00         -inf  1.00779e+05  7.17082e+00  7.17082e+00
1.364413026e+00  7.4951651e+00         -inf  1.00779e+05  7.49517e+00  7.49517e+00
1.369870678e+00  7.4644549e+00         -inf  1.00779e+05  7.46445e+00  7.46445e+00
1.375350160e+00  7.3594888e+00         -inf  1.00779e+05  7.35949e+00  7.35949e+00
1.380851561e+00  7.3301224e+00         -inf  1.00779e+05  7.33012e+00  7.33012e+00
1.386374967e+00  7.2889031e+00         -inf  1.00779e+05  7.28890e+00  7.28890e+00
1.391920467e+00  7.2315494e+00         -inf  1.00779e+05  7.23155e+00  7.23155e+00
1.397488149e+00  7.1534613e+00         -inf  1.00779e+05  7.15346e+00  7.15346e+00
1.403078102e+00  6.9115043e+00         -inf  1.00779e+05  6.91150e+00  6.91150e+00
1.408690414e+00  6.4362859e+00         -inf  1.00779e+05  6.43629e+00  6.43629e+00
1.414325176e+00  5.7689223e+00         -inf  1.00779e+05  5.76892e+00  5.76892e+00
1.419982476e+00  5.3700409e+00         -inf  1.00779e+05  5.37004e+00  5.37004e+00
1.425662406e+00  5.2405671e+00         -inf  1.00779e+05  5.24057e+00  5.24057e+00
1.431365056e+00  1.0208955e+01         -inf  1.00779e+05  1.02090e+01  1.02090e+01
1.437090516e+00  1.0159708e+01         -inf  1.00779e+05  1.01597e+01  1.01597e+01
1.442838878e+00  7.7393205e+00         -inf  1.00779e+05  7.73932e+00  7.73932e+00
1.448610234e+00  5.8505660e+00         -inf  1.00779e+05  5.85057e+00  5.85057e+00
1.454404675e+00  5.1080380e+00         -inf  1.00779e+05  5.10804e+00  5.10804e+00
1.460222293e+00  4.9742409e+00         -inf  1.00779e+05  4.97424e+00  4.97424e+00
1.466063182e+00  4.9592780e+00         -inf  1.00779e+05  4.95928e+00  4.95928e+00
1.471927435e+00  5.5192958e+00         -inf  1.00779e+05  5.51930e+00  5.51930e+00
1.477815145e+00  5.3465495e+00         -inf  1.00779e+05  5.34655e+00  5.34655e+00
1.483726405e+00  4.8905598e+00         -inf  1.00779e+05  4.89056e+00  4.89056e+00
1.489661311e+00  4.7191330e+00         -inf  1.00779e+05  4.71913e+00  4.71913e+00
1.495619956e+00  4.8177086e+00         -inf  1.00779e+05  4.81771e+00  4.81771e+00
1.501602436e+00  4.7011432e+00         -inf  1.00779e+05  4.70114e+00  4.70114e+00
1.507608846e+00  4.6049285e+00         -inf  1.00779e+05  4.60493e+00  4.60493e+00
1.513639281e+00  4.6036277e+00         -inf  1.00779e+05  4.60363e+00  4.60363e+00
1.519693838e+00  4.6258210e+00         -inf  1.00779e+05  4.62582e+00  4.62582e+00
1.525772614e+00  4.7520330e+00         -inf  1.00779e+05  4.75203e+00  4.75203e+00
1.531875704e+00  5.3457974e+00         -inf  1.00779e+05  5.34580e+00  5.34580e+00
1.538003207e+00  5.7001242e+00         -inf  1.00779e+05  5.70012e+00  5.70012e+00
1.544155220e+00  5.1522087e+00         -inf  1.00779e+05  5.15221e+00  5.15221e+00
1.550331841e+00  4.5480998e+00         -inf  1.00779e+05  4.54810e+00  4.54810e+00
1.556533168e+00  4.5262071e+00         -inf  1.00779e+05  4.52621e+00  4.52621e+00
1.562759301e+00  4.5399763e+00         -inf  1.00779e+05  4.53998e+00  4.53998e+00
1.569010338e+00  6.7778504e+00         -inf  1.00779e+05  6.77785e+00  6.77785e+00
1.575286379e+00  8.5385636e+00         -inf  1.00779e+05  8.53856e+00  8.53856e+00
1.581587525e+00  6.8816317e+00         -inf  1.00779e+05  6.88163e+00  6.88163e+00
1.587913875e+00  4.7326009e+00         -inf  1.00779e+05  4.73260e+00  4.73260e+00
1.594265530e+00  4.6581463e+00         -inf  1.00779e+05  4.65815e+00  4.65815e+00
1.600642593e+00  8.1527026e+00         -inf  1.00779e+05  8.15270e+00  8.15270e+00
1.607045163e+00  8.3550636e+00         -inf  1.00779e+05  8.35506e+00  8.35506e+00
1.613473344e+00  6.5671956e+00         -inf  1.00779e+05  6.56720e+00  6.56720e+00
1.619927237e+00  4.9066997e+00         -inf  1.00779e+05  4.90670e+00  4.90670e+00
1.626406946e+00  4.8450600e+00         -inf  1.00779e+05  4.84506e+00  4.84506e+00
1.632912574e+00  5.2165266e+00         -inf  1.00779e+05  5.21653e+00  5.21653e+00
1.639444224e+00  5.7253574e+00         -inf  1.00779e+05  5.72536e+00  5.72536e+00
1.646002001e+00  5.9135056e+00         -inf  1.00779e+05  5.91351e+00  5.91351e+00
1.652586009e+00  5.7253043e+00         -inf  1.00779e+05  5.72530e+00  5.72530e+00
1.659196353e+00  4.9768777e+00         -inf  1.00779e+05  4.97688e+00  4.97688e+00
1.665833138e+00  6.5768381e+00         -inf  1.00779e+05  6.57684e+00  6.57684e+00
1.672496471e+00  4.9507922e+00         -inf  1.00779e+05  4.95079e+00  4.95079e+00
1.679186457e+00  5.0088739e+00         -inf  1.00779e+05  5.00887e+00  5.00887e+00
1.685903203e+00  5.0393745e+00         -inf  1.00779e+05  5.03937e+00  5.03937e+00
1.692646815e+00  5.1567833e+00         -inf  1.00779e+05  5.15678e+00  5.15678e+00
1.699417403e+00  5.2890371e+00         -inf  1.00779e+05  5.28904e+00  5.28904e+00
1.706215072e+00  6.1357622e+00         -inf  1.00779e+05  6.13576e+00  6.13576e+00
1.713039933e+00  5.3195541e+00         -inf  1.00779e+05  5.31955e+00  5.31955e+00
1.719892092e+00  5.1892387e+00         -inf  1.00779e+05  5.18924e+00  5.18924e+00
1.726771661e+00  5.8330217e+00         -inf  1.00779e+05  5.83302e+00  5.83302e+00
1.733678747e+00  5.1578805e+00         -inf  1.00779e+05  5.15788e+00  5.15788e+00
1.740613462e+00  4.8815785e+00         -inf  1.00779e+05  4.88158e+00  4.88158e+00
1.747575916e+00  4.7064260e+00         -inf  1.00779e+05  4.70643e+00  4.70643e+00
1.754566220e+00  4.6494477e+00         -inf  1.00779e+05  4.64945e+00  4.64945e+00
1.761584485e+00  4.6716055e+00         -inf  1.00779e+05  4.67161e+00  4.67161e+00
1.768630823e+00  5.0127672e+00         -inf  1.00779e+05  5.01277e+00  5.01277e+00
1.775705346e+00  5.2914349e+00         -inf  1.00779e+05  5.29143e+00  5.29143e+00
1.782808167e+00  4.9417225e+00         -inf  1.00779e+05  4.94172e+00  4.94172e+00
1.789939400e+00  5.6286800e+00         -inf  1.00779e+05  5.62868e+00  5.62868e+00
1.797099158e+00  4.9569243e+00         -inf  1.00779e+05  4.95692e+00  4.95692e+00
1.804287554e+00  5.0567705e+00         -inf  1.00779e+05  5.05677e+00  5.05677e+00
1.811504704e+00  5.2644659e+00         -inf  1.00779e+05  5.26447e+00  5.26447e+00
1.818750723e+00  5.6550017e+00         -inf  1.00779e+05  5.65500e+00  5.65500e+00
1.826025726e+00  6.2161450e+00         -inf  1.00779e+05  6.21615e+00  6.21615e+00
1.833329829e+00  6.6865849e+00         -inf  1.00779e+05  6.68658e+00  6.68658e+00
1.840663148e+00  7.0303565e+00         -inf  1.00779e+05  7.03036e+00  7.03036e+00
1.848025801e+00  7.1940977e+00         -inf  1.00779e+05  7.19410e+00  7.19410e+00
1.855417904e+00  7.2302315e+00         -inf  1.00779e+05  7.23023e+00  7.23023e+00
1.862839576e+00  7.1823597e+00         -inf  1.00779e+05  7.18236e+00  7.18236e+00
1.870290934e+00  7.1360179e+00         -inf  1.00779e+05  7.13602e+00  7.13602e+00
1.877772098e+00  7.7701532e+00         -inf  1.00779e+05  7.77015e+00  7.77015e+00
1.885283186e+00  7.6929561e+00         -inf  1.00779e+05  7.69296e+00  7.69296e+00
1.892824319e+00  6.9561316e+00         -inf  1.00779e+05  6.95613e+00  6.95613e+00
1.900395616e+00  6.8461859e+00         -inf  1.00779e+05  6.84619e+00  6.84619e+00
1.907997199e+00  6.7491626e+00         -inf  1.00779e+05  6.74916e+00  6.74916e+00
1.915629188e+00  6.5016880e+00         -inf  1.00779e+05  6.50169e+00  6.50169e+00
1.923291704e+00  5.9738966e+00         -inf  1.00779e+05  5.97390e+00  5.97390e+00
1.930984871e+00  5.3066890e+00         -inf  1.00779e+05  5.30669e+00  5.30669e+00
1.938708811e+00  5.3497524e+00         -inf  1.00779e+05  5.34975e+00  5.34975e+00
1.946463646e+00  9.2860234e+00         -inf  1.00779e+05  9.28602e+00  9.28602e+00
1.954249500e+00  1.5994939e+01         -inf  1.00779e+05  1.59949e+01  1.59949e+01
1.962066498e+00  1.5627099e+01         -inf  1.00779e+05  1.56271e+01  1.56271e+01
1.969914764e+00  1.3299706e+01         -inf  1.00779e+05  1.32997e+01  1.32997e+01
1.977794423e+00  7.5772559e+00         -inf  1.00779e+05  7.57726e+00  7.57726e+00
1.985705601e+00  5.7348065e+00         -inf  1.00779e+05  5.73481e+00  5.73481e+00
1.993648424e+00  7.5126518e+00         -inf  1.00779e+05  7.51265e+00  7.51265e+00
2.001623017e+00  1.8552015e+01         -inf  1.00779e+05  1.85520e+01  1.85520e+01
2.009629509e+00  1.9513894e+01         -inf  1.00779e+05  1.95139e+01  1.95139e+01
2.017668027e+00  1.7398086e+01         -inf  1.00779e+05  1.73981e+01  1.73981e+01
2.025738699e+00  1.0918262e+01         -inf  1.00779e+05  1.09183e+01  1.09183e+01
2.033841654e+00  9.4364353e+00         -inf  1.00779e+05  9.43644e+00  9.43644e+00
2.041977021e+00  1.0145031e+01         -inf  1.00779e+05  1.01450e+01  1.01450e+01
2.050144929e+00  1.3498187e+01         -inf  1.00779e+05  1.34982e+01  1.34982e+01
2.058345509e+00  1.4761658e+01         -inf  1.00779e+05  1.47617e+01  1.47617e+01
2.066578891e+00  1.4148818e+01         -inf  1.00779e+05  1.41488e+01  1.41488e+01
2.074845206e+00  1.0757983e+01         -inf  1.00779e+05  1.07580e+01  1.07580e+01
2.083144587e+00  9.0248060e+00         -inf  1.00779e+05  9.02481e+00  9.02481e+00
2.091477165e+00  7.5355340e+00         -inf  1.00779e+05  7.53553e+00  7.53553e+00
2.099843074e+00  6.3471388e+00         -inf  1.00779e+05  6.34714e+00  6.34714e+00
2.108242446e+00  6.6514212e+00         -inf  1.00779e+05  6.65142e+00  6.65142e+00
2.116675416e+00  6.1474933e+00         -inf  1.00779e+05  6.14749e+00  6.14749e+00
2.125142118e+00  5.6162402e+00         -inf  1.00779e+05  5.61624e+00  5.61624e+00
2.133642686e+00  5.2062804e+00         -inf  1.00779e+05  5.20628e+00  5.20628e+00
2.142177257e+00  5.4953271e+00         -inf  1.00779e+05  5.49533e+00  5.49533e+00
2.150745966e+00  6.3657344e+00         -inf  1.00779e+05  6.36573e+00  6.36573e+00
2.159348950e+00  6.4727070e+00         -inf  1.00779e+05  6.47271e+00  6.47271e+00
2.167986346e+00  6.2754805e+00         -inf  1.00779e+05  6.27548e+00  6.27548e+00
2.176658291e+00  5.8491238e+00         -inf  1.00779e+05  5.84912e+00  5.84912e+00
2.185364924e+00  5.1370339e+00         -inf  1.00779e+05  5.13703e+00  5.13703e+00
2.194106384e+00  5.3279951e+00         -inf  1.00779e+05  5.32800e+00  5.32800e+00
2.202882810e+00  8.0726887e+00         -inf  1.00779e+05  8.07269e+00  8.07269e+00
2.211694341e+00  4.9839831e+00         -inf  1.00779e+05  4.98398e+00  4.98398e+00
2.220541118e+00  5.7087329e+00         -inf  1.00779e+05  5.70873e+00  5.70873e+00
2.229423283e+00  6.2936871e+00         -inf  1.00779e+05  6.29369e+00  6.29369e+00
2.238340976e+00  6.7126988e+00         -inf  1.00779e+05  6.71270e+00  6.71270e+00
2.247294340e+00  7.2847104e+00         -inf  1.00779e+05  7.28471e+00  7.28471e+00
2.256283517e+00  8.0137499e+00         -inf  1.00779e+05  8.01375e+00  8.01375e+00
2.265308651e+00  8.2374295e+00         -inf  1.00779e+05  8.23743e+00  8.23743e+00
2.274369886e+00  8.7240305e+00         -inf  1.00779e+05  8.72403e+00  8.72403e+00
2.283467365e+00  8.6091092e+00         -inf  1.00779e+05  8.60911e+00  8.60911e+00
2.292601235e+00  9.5161937e+00         -inf  1.00779e+05  9.51619e+00  9.51619e+00
2.301771640e+00  1.0679212e+01         -inf  1.00779e+05  1.06792e+01  1.06792e+01
2.310978726e+00  6.9527437e+00         -inf  1.00779e+05  6.95274e+00  6.95274e+00
2.320222641e+00  1.0022133e+01         -inf  1.00779e+05  1.00221e+01  1.00221e+01
2.329503532e+00  8.5975948e+00         -inf  1.00779e+05  8.59759e+00  8.59759e+00
2.338821546e+00  9.9033001e+00         -inf  1.00779e+05  9.90330e+00  9.90330e+00
2.348176832e+00  1.0571973e+01         -inf  1.00779e+05  1.05720e+01  1.05720e+01
2.357569539e+00  8.9215188e+00         -inf  1.00779e+05  8.92152e+00  8.92152e+00
2.366999817e+00  9.2006912e+00         -inf  1.00779e+05  9.20069e+00  9.20069e+00
2.376467817e+00  9.4765799e+00         -inf  1.00779e+05  9.47658e+00  9.47658e+00
2.385973688e+00  7.6171377e+00         -inf  1.00779e+05  7.61714e+00  7.61714e+00
2.395517583e+00  7.7085406e+00         -inf  1.00779e+05  7.70854e+00  7.70854e+00
2.405099653e+00  6.4512630e+00         -inf  1.00779e+05  6.45126e+00  6.45126e+00
2.414720052e+00  5.5811680e+00         -inf  1.00779e+05  5.58117e+00  5.58117e+00
2.424378932e+00  6.4967516e+00         -inf  1.00779e+05  6.49675e+00  6.49675e+00
2.434076448e+00  5.5296211e+00         -inf  1.00779e+05  5.52962e+00  5.52962e+00
2.443812753e+00  5.1450947e+00         -inf  1.00779e+05  5.14509e+00  5.14509e+00
2.453588004e+00  4.9894956e+00         -inf  1.00779e+05  4.98950e+00  4.98950e+00
2.463402356e+00  4.8141868e+00         -inf  1.00779e+05  4.81419e+00  4.81419e+00
2.473255966e+00  4.8200181e+00         -inf  1.00779e+05  4.82002e+00  4.82002e+00
2.483148990e+00  6.1892151e+00         -inf  1.00779e+05  6.18922e+00  6.18922e+00
2.493081586e+00  5.8673935e+00         -inf  1.00779e+05  5.86739e+00  5.86739e+00
2.503053912e+00  5.7010885e+00         -inf  1.00779e+05  5.70109e+00  5.70109e+00
2.513066128e+00  5.6820397e+00         -inf  1.00779e+05  5.68204e+00  5.68204e+00
2.523118392e+00  5.9511415e+00         -inf  1.00779e+05  5.95114e+00  5.95114e+00
2.533210866e+00  6.4447784e+00         -inf  1.00779e+05  6.44478e+00  6.44478e+00
2.543343709e+00  6.8108637e+00         -inf  1.00779e+05  6.81086e+00  6.81086e+00
2.553517084e+00  7.6466088e+00         -inf  1.00779e+05  7.64661e+00  7.64661e+00
2.563731152e+00  8.6890455e+00         -inf  1.00779e+05  8.68905e+00  8.68905e+00
2.573986077e+00  9.1514363e+00         -inf  1.00779e+05  9.15144e+00  9.15144e+00
2.584282021e+00  9.7454711e+00         -inf  1.00779e+05  9.74547e+00  9.74547e+00
2.594619149e+00  1.0391350e+01         -inf  1.00779e+05  1.03913e+01  1.03914e+01
2.604997626e+00  1.0310010e+01         -inf  1.00779e+05  1.03100e+01  1.03100e+01
2.615417616e+00  1.0357222e+01         -inf  1.00779e+05  1.03572e+01  1.03572e+01
2.625879287e+00  9.8458270e+00         -inf  1.00779e+05  9.84583e+00  9.84583e+00
2.636382804e+00  9.5512082e+00         -inf  1.00779e+05  9.55121e+00  9.55121e+00
2.646928335e+00  9.5314013e+00         -inf  1.00779e+05  9.53140e+00  9.53140e+00
2.657516049e+00  1.0401870e+01         -inf  1.00779e+05  1.04019e+01  1.04019e+01
2.668146113e+00  1.9195431e+01         -inf  1.00779e+05  1.91954e+01  1.91954e+01
2.678818697e+00  3.0051091e+01         -inf  1.00779e+05  3.00511e+01  3.00511e+01
2.689533972e+00  2.9593072e+01         -inf  1.00779e+05  2.95931e+01  2.95931e+01
2.700292108e+00  3.0287581e+01         -inf  1.00779e+05  3.02876e+01  3.02876e+01
2.711093276e+00  2.6578917e+01         -inf  1.00779e+05  2.65789e+01  2.65789e+01
2.721937650e+00  2.0616955e+01         -inf  1.00779e+05  2.06170e+01  2.06170e+01
2.732825400e+00  1.8932667e+01         -inf  1.00779e+05  1.89327e+01  1.89327e+01
2.743756702e+00  2.2890203e+01         -inf  1.00779e+05  2.28902e+01  2.28902e+01
2.754731729e+00  2.8858729e+01         -inf  1.00779e+05  2.88587e+01  2.88587e+01
2.765750655e+00  2.8208329e+01         -inf  1.00779e+05  2.82083e+01  2.82083e+01
2.776813658e+00  2.9456965e+01         -inf  1.00779e+05  2.94570e+01  2.94570e+01
2.787920913e+00  2.6725138e+01         -inf  1.00779e+05  2.67251e+01  2.67251e+01
2.799072596e+00  2.2655563e+01         -inf  1.00779e+05  2.26556e+01  2.26556e+01
2.810268887e+00  2.0313552e+01         -inf  1.00779e+05  2.03136e+01  2.03136e+01
2.821509962e+00  1.8174867e+01         -inf  1.00779e+05  1.81749e+01  1.81749e+01
2.832796002e+00  1.5104894e+01         -inf  1.00779e+05  1.51049e+01  1.51049e+01
2.844127186e+00  1.5619410e+01         -inf  1.00779e+05  1.56194e+01  1.56194e+01
2.855503695e+00  1.3945671e+01         -inf  1.00779e+05  1.39457e+01  1.39457e+01
2.866925710e+00  1.4324650e+01         -inf  1.00779e+05  1.43246e+01  1.43247e+01
2.878393413e+00  1.2472399e+01         -inf  1.00779e+05  1.24724e+01  1.24724e+01
2.889906986e+00  1.1506828e+01         -inf  1.00779e+05  1.15068e+01  1.15068e+01
2.901466614e+00  8.4129348e+00         -inf  1.00779e+05  8.41293e+00  8.41294e+00
2.913072481e+00  5.9289853e+00         -inf  1.00779e+05  5.92899e+00  5.92899e+00
2.924724770e+00  5.0786495e+00         -inf  1.00779e+05  5.07865e+00  5.07865e+00
2.936423670e+00  4.5669893e+00         -inf  1.00779e+05  4.56699e+00  4.56699e+00
2.948169364e+00  5.0461488e+00         -inf  1.00779e+05  5.04615e+00  5.04615e+00
2.959962042e+00  6.8856701e+00         -inf  1.00779e+05  6.88567e+00  6.88567e+00
2.971801890e+00  6.7116592e+00         -inf  1.00779e+05  6.71166e+00  6.71166e+00
2.983689097e+00  7.4518809e+00         -inf  1.00779e+05  7.45188e+00  7.45189e+00
2.995623854e+00  5.7194687e+00         -inf  1.00779e+05  5.71947e+00  5.71947e+00
3.007606349e+00  5.3307592e+00         -inf  1.00779e+05  5.33076e+00  5.33076e+00
3.019636775e+00  5.2311291e+00         -inf  1.00779e+05  5.23113e+00  5.23113e+00
3.031715322e+00  4.5788884e+00         -inf  1.00779e+05  4.57889e+00  4.57889e+00
3.043842183e+00  4.4670348e+00         -inf  1.00779e+05  4.46703e+00  4.46704e+00
3.056017552e+00  4.5013337e+00         -inf  1.00779e+05  4.50133e+00  4.50134e+00
3.068241622e+00  4.5101911e+00         -inf  1.00779e+05  4.51019e+00  4.51020e+00
3.080514588e+00  4.5305701e+00         -inf  1.00779e+05  4.53057e+00  4.53058e+00
3.092836647e+00  4.5599219e+00         -inf  1.00779e+05  4.55992e+00  4.55993e+00
3.105207993e+00  4.6401111e+00         -inf  1.00779e+05  4.64011e+00  4.64012e+00
3.117628825e+00  4.9608600e+00         -inf  1.00779e+05  4.96086e+00  4.96087e+00
3.130099341e+00  5.8643032e+00         -inf  1.00779e+05  5.86430e+00  5.86431e+00
3.142619738e+00  5.3070394e+00         -inf  1.00779e+05  5.30704e+00  5.30705e+00
3.155190217e+00  6.1501509e+00         -inf  1.00779e+05  6.15015e+00  6.15017e+00
3.167810978e+00  5.9627516e+00         -inf  1.00779e+05  5.96275e+00  5.96277e+00
3.180482222e+00  7.7173225e+00         -inf  1.00779e+05  7.71732e+00  7.71734e+00
3.193204151e+00  8.0069643e+00         -inf  1.00779e+05  8.00696e+00  8.00698e+00
3.205976967e+00  9.0843857e+00         -inf  1.00779e+05  9.08439e+00  9.08441e+00
3.218800875e+00  1.0498391e+01         -inf  1.00779e+05  1.04984e+01  1.04984e+01
3.231676079e+00  1.0202298e+01         -inf  1.00779e+05  1.02023e+01  1.02023e+01
3.244602783e+00  1.1851275e+01         -inf  1.00779e+05  1.18513e+01  1.18513e+01
3.257581194e+00  1.2569680e+01         -inf  1.00779e+05  1.25697e+01  1.25697e+01
3.270611519e+00  1.3961637e+01         -inf  1.00779e+05  1.39616e+01  1.39617e+01
3.283693965e+00  1.1525630e+01         -inf  1.00779e+05  1.15256e+01  1.15257e+01
3.296828741e+00  1.1741486e+01         -inf  1.00779e+05  1.17415e+01  1.17415e+01
3.310016056e+00  1.8413787e+01         -inf  1.00779e+05  1.84138e+01  1.84138e+01
3.323256120e+00  1.6144523e+01         -inf  1.00779e+05  1.61445e+01  1.61446e+01
3.336549144e+00  8.1915856e+00         -inf  1.00779e+05  8.19159e+00  8.19163e+00
3.349895341e+00  9.0330736e+00         -inf  1.00779e+05  9.03307e+00  9.03312e+00
3.363294922e+00  1.1299223e+01         -inf  1.00779e+05  1.12992e+01  1.12993e+01
3.376748102e+00  1.1366490e+01         -inf  1.00779e+05  1.13665e+01  1.13665e+01
3.390255094e+00  1.1323524e+01         -inf  1.00779e+05  1.13235e+01  1.13236e+01
3.403816115e+00  1.0631231e+01         -inf  1.00779e+05  1.06312e+01  1.06313e+01
3.417431379e+00  8.8173690e+00         -inf  1.00779e+05  8.81737e+00  8.81743e+00
3.431101105e+00  9.1728547e+00         -inf  1.00779e+05  9.17285e+00  9.17292e+00
3.444825509e+00  8.9946654e+00         -inf  1.00779e+05  8.99467e+00  8.99474e+00
3.458604811e+00  8.1148234e+00         -inf  1.00779e+05  8.11482e+00  8.11490e+00
3.472439231e+00  9.0728273e+00         -inf  1.00779e+05  9.07283e+00  9.07291e+00
3.486328987e+00  8.7219993e+00         -inf  1.00779e+05  8.72200e+00  8.72208e+00
3.500274303e+00  7.5496248e+00         -inf  1.00779e+05  7.54962e+00  7.54971e+00
3.514275401e+00  5.9775224e+00         -inf  1.00779e+05  5.97752e+00  5.97761e+00
3.528332502e+00  6.9957952e+00         -inf  1.00779e+05  6.99580e+00  6.99589e+00
3.542445832e+00  9.8161795e+00         -inf  1.00779e+05  9.81618e+00  9.81630e+00
3.556615616e+00  7.5308031e+00         -inf  1.00779e+05  7.53080e+00  7.53092e+00
3.570842078e+00  9.8368593e+00         -inf  1.00779e+05  9.83686e+00  9.83699e+00
3.585125446e+00  9.4630070e+00         -inf  1.00779e+05  9.46301e+00  9.46314e+00
3.599465948e+00  7.8085805e+00         -inf  1.00779e+05  7.80858e+00  7.80872e+00
3.613863812e+00  7.4854055e+00         -inf  1.00779e+05  7.48541e+00  7.48555e+00
3.628319267e+00  6.6529577e+00         -inf  1.00779e+05  6.65296e+00  6.65311e+00
3.642832544e+00  6.7551453e+00         -inf  1.00779e+05  6.75515e+00  6.75531e+00
3.657403874e+00  5.2562985e+00         -inf  1.00779e+05  5.25630e+00  5.25647e+00
3.672033490e+00  5.5382414e+00         -inf  1.00779e+05  5.53824e+00  5.53842e+00
3.686721624e+00  5.6992924e+00         -inf  1.00779e+05  5.69929e+00  5.69949e+00
3.701468510e+00  5.1228491e+00         -inf  1.00779e+05  5.12285e+00  5.12305e+00
3.716274384e+00  5.6194530e+00         -inf  1.00779e+05  5.61945e+00  5.61967e+00
3.731139482e+00  6.0493394e+00         -inf  1.00779e+05  6.04934e+00  6.04957e+00
3.746064040e+00  5.7065024e+00         -inf  1.00779e+05  5.70650e+00  5.70675e+00
3.761048296e+00  5.4820659e+00         -inf  1.00779e+05  5.48207e+00  5.48233e+00
3.776092489e+00  5.7622700e+00         -inf  1.00779e+05  5.76227e+00  5.76255e+00
3.791196859e+00  6.4581334e+00         -inf  1.00779e+05  6.45813e+00  6.45844e+00
3.806361647e+00  6.8150496e+00         -inf  1.00779e+05  6.81505e+00  6.81538e+00
3.821587093e+00  6.5740506e+00         -inf  1.00779e+05  6.57405e+00  6.57440e+00
3.836873442e+00  7.4705635e+00         -inf  1.00779e+05  7.47056e+00  7.47094e+00
3.852220935e+00  8.5507743e+00         -inf  1.00779e+05  8.55077e+00  8.55119e+00
3.867629819e+00  1.1397860e+01         -inf  1.00779e+05  1.13979e+01  1.13984e+01
3.883100338e+00  1.3523583e+01         -inf  1.00779e+05  1.35236e+01  1.35242e+01
3.898632740e+00  1.2074984e+01         -inf  1.00779e+05  1.20750e+01  1.20755e+01
3.914227271e+00  1.2977917e+01         -inf  1.00779e+05  1.29779e+01  1.29786e+01
3.929884180e+00  1.2340562e+01         -inf  1.00779e+05  1.23406e+01  1.23412e+01
3.945603716e+00  1.1250137e+01         -inf  1.00779e+05  1.12501e+01  1.12508e+01
3.961386131e+00  1.0759028e+01         -inf  1.00779e+05  1.07590e+01  1.07598e+01
3.977231676e+00  1.1268693e+01         -inf  1.00779e+05  1.12687e+01  1.12695e+01
3.993140603e+00  1.1679478e+01         -inf  1.00779e+05  1.16795e+01  1.16804e+01
4.009113165e+00  1.2556263e+01         -inf  1.00779e+05  1.25563e+01  1.25573e+01
4.025149618e+00  1.3615301e+01         -inf  1.00779e+05  1.36153e+01  1.36164e+01
4.041250216e+00  1.4677338e+01         -inf  1.00779e+05  1.46773e+01  1.46786e+01
4.057415217e+00  1.4916019e+01         -inf  1.00779e+05  1.49160e+01  1.49174e+01
4.073644878e+00  1.5592148e+01         -inf  1.00779e+05  1.55921e+01  1.55937e+01
4.089939457e+00  1.5981649e+01         -inf  1.00779e+05  1.59816e+01  1.59834e+01
4.106299215e+00  1.6071688e+01         -inf  1.00779e+05  1.60717e+01  1.60736e+01
4.122724412e+00  1.6258546e+01         -inf  1.00779e+05  1.62585e+01  1.62606e+01
4.139215310e+00  1.6502202e+01         -inf  1.00779e+05  1.65022e+01  1.65043e+01
4.155772171e+00  1.6696453e+01         -inf  1.00779e+05  1.66965e+01  1.66988e+01
4.172395260e+00  1.7865986e+01         -inf  1.00779e+05  1.78660e+01  1.78684e+01
4.189084841e+00  2.2827881e+01         -inf  1.00779e+05  2.28279e+01  2.28288e+01
4.205841180e+00  3.2038794e+01         -inf  1.00779e+05  3.20388e+01  3.20389e+01
4.222664545e+00  4.0020071e+01         -inf  1.00779e+05  4.00201e+01  4.00202e+01
4.239555203e+00  4.3211062e+01         -inf  1.00779e+05  4.32111e+01  4.32112e+01
4.256513424e+00  4.1262327e+01         -inf  1.00779e+05  4.12623e+01  4.12625e+01
4.273539477e+00  4.2946536e+01         -inf  1.00779e+05  4.29465e+01  4.29467e+01
4.290633635e+00  4.1653411e+01         -inf  1.00779e+05  4.16534e+01  4.16536e+01
4.307796170e+00  3.8916931e+01         -inf  1.00779e+05  3.89169e+01  3.89171e+01
4.325027355e+00  3.5466835e+01         -inf  1.00779e+05  3.54668e+01  3.54670e+01
4.342327464e+00  3.2946152e+01         -inf  1.00779e+05  3.29462e+01  3.29463e+01
4.359696774e+00  3.1841370e+01         -inf  1.00779e+05  3.18414e+01  3.18415e+01
4.377135561e+00  2.9571641e+01         -inf  1.00779e+05  2.95716e+01  2.95720e+01
4.394644103e+00  2.9617634e+01         -inf  1.00779e+05  2.96176e+01  2.96179e+01
4.412222680e+00  2.8793541e+01         -inf  1.00779e+05  2.87935e+01  2.87939e+01
4.429871570e+00  2.6591688e+01         -inf  1.00779e+05  2.65917e+01  2.65927e+01
4.447591057e+00  2.3264121e+01         -inf  1.00779e+05  2.32641e+01  2.32667e+01
4.465381421e+00  2.3101766e+01         -inf  1.00779e+05  2.31018e+01  2.31045e+01
4.483242946e+00  2.3267551e+01         -inf  1.00779e+05  2.32676e+01  2.32706e+01
4.501175918e+00  2.1313048e+01         -inf  1.00779e+05  2.13130e+01  2.13175e+01
4.519180622e+00  2.2773915e+01         -inf  1.00779e+05  2.27739e+01  2.27778e+01
4.537257344e+00  2.1466089e+01         -inf  1.00779e+05  2.14661e+01  2.14709e+01
4.555406374e+00  1.9508085e+01         -inf  1.00779e+05  1.95081e+01  1.95141e+01
4.573627999e+00  1.7308221e+01         -inf  1.00779e+05  1.73082e+01  1.73148e+01
4.591922511e+00  1.4234899e+01         -inf  1.00779e+05  1.42349e+01  1.42412e+01
4.610290201e+00  1.2445183e+01         -inf  1.00779e+05  1.24452e+01  1.24509e+01
4.628731362e+00  1.0911084e+01         -inf  1.00779e+05  1.09111e+01  1.09166e+01
4.647246288e+00  9.6561840e+00         -inf  1.00779e+05  9.65618e+00  9.66165e+00
4.665835273e+00  8.5390243e+00         -inf  1.00779e+05  8.53902e+00  8.54456e+00
4.684498614e+00  9.7272290e+00         -inf  1.00779e+05  9.72723e+00  9.73292e+00
4.703236608e+00  2.1194701e+01         -inf  1.00779e+05  2.11947e+01  2.12003e+01
4.722049555e+00  2.2964435e+01         -inf  1.00779e+05  2.29644e+01  2.29701e+01
4.740937753e+00  1.9963475e+01         -inf  1.00779e+05  1.99635e+01  1.99697e+01
4.759901504e+00  2.1182736e+01         -inf  1.00779e+05  2.11827e+01  2.11891e+01
4.778941110e+00  1.9928176e+01         -inf  1.00779e+05  1.99282e+01  1.99355e+01
4.798056874e+00  1.7859417e+01         -inf  1.00779e+05  1.78594e+01  1.78678e+01
4.817249102e+00  1.8773171e+01         -inf  1.00779e+05  1.87732e+01  1.87827e+01
4.836518098e+00  1.6598091e+01         -inf  1.00779e+05  1.65981e+01  1.66087e+01
4.855864171e+00  1.5379671e+01         -inf  1.00779e+05  1.53797e+01  1.53910e+01
4.875287627e+00  1.3115420e+01         -inf  1.00779e+05  1.31154e+01  1.31268e+01
4.894788778e+00  1.0650315e+01         -inf  1.00779e+05  1.06503e+01  1.06612e+01
4.914367933e+00  9.8444364e+00         -inf  1.00779e+05  9.84444e+00  9.85494e+00
4.934025405e+00  7.8549906e+00         -inf  1.00779e+05  7.85499e+00  7.86530e+00
4.953761506e+00  7.6315100e+00         -inf  1.00779e+05  7.63151e+00  7.64231e+00
4.973576552e+00  6.5626298e+00         -inf  1.00779e+05  6.56263e+00  6.57379e+00
4.993470859e+00  5.8695043e+00         -inf  1.00779e+05  5.86950e+00  5.88107e+00
5.013444742e+00  4.6926044e+00         -inf  1.00779e+05  4.69260e+00  4.70460e+00
5.033498521e+00  4.6259657e+00         -inf  1.00779e+05  4.62597e+00  4.63853e+00
5.053632515e+00  4.6888350e+00         -inf  1.00779e+05  4.68883e+00  4.70201e+00
5.073847045e+00  5.0583803e+00         -inf  1.00779e+05  5.05838e+00  5.07226e+00
5.094142433e+00  5.5964262e+00         -inf  1.00779e+05  5.59643e+00  5.61110e+00
5.114519003e+00  5.7334387e+00         -inf  1.00779e+05  5.73344e+00  5.74879e+00
5.134977079e+00  5.2894399e+00         -inf  1.00779e+05  5.28944e+00  5.30536e+00
5.155516987e+00  6.1890455e+00         -inf  1.00779e+05  6.18905e+00  6.20592e+00
5.176139055e+00  1.1161125e+01         -inf  1.00779e+05  1.11611e+01  1.11809e+01
5.196843612e+00  8.7068589e+00         -inf  1.00779e+05  8.70686e+00  8.72660e+00
5.217630986e+00  9.8989376e+00         -inf  1.00779e+05  9.89894e+00  9.92063e+00
5.238501510e+00  8.9201132e+00         -inf  1.00779e+05  8.92011e+00  8.94248e+00
5.259455516e+00  7.9545020e+00         -inf  1.00779e+05  7.95450e+00  7.97705e+00
5.280493338e+00  7.0170565e+00         -inf  1.00779e+05  7.01706e+00  7.03980e+00
5.301615311e+00  6.7708779e+00         -inf  1.00779e+05  6.77088e+00  6.79441e+00
5.322821773e+00  7.5604747e+00         -inf  1.00779e+05  7.56047e+00  7.58540e+00
5.344113060e+00  6.9565011e+00         -inf  1.00779e+05  6.95650e+00  6.98254e+00
5.365489512e+00  7.0747237e+00         -inf  1.00779e+05  7.07472e+00  7.10218e+00
5.386951470e+00  7.1042986e+00         -inf  1.00779e+05  7.10430e+00  7.13322e+00
5.408499276e+00  7.1917522e+00         -inf  1.00779e+05  7.19175e+00  7.22224e+00
5.430133273e+00  7.3152981e+00         -inf  1.00779e+05  7.31530e+00  7.34741e+00
5.451853806e+00  7.4725714e+00         -inf  1.00779e+05  7.47257e+00  7.50648e+00
5.473661221e+00  7.7381579e+00         -inf  1.00779e+05  7.73816e+00  7.77404e+00
5.495555866e+00  8.0908056e+00         -inf  1.00779e+05  8.09081e+00  8.12888e+00
5.517538090e+00  8.3756716e+00         -inf  1.00779e+05  8.37567e+00  8.41603e+00
5.539608242e+00  8.3829028e+00         -inf  1.00779e+05  8.38290e+00  8.42581e+00
5.561766675e+00  8.1922586e+00         -inf  1.00779e+05  8.19226e+00  8.23793e+00
5.584013742e+00  8.4664317e+00         -inf  1.00779e+05  8.46643e+00  8.51498e+00
5.606349797e+00  8.6924507e+00         -inf  1.00779e+05  8.69245e+00  8.74407e+00
5.628775196e+00  8.7074422e+00         -inf  1.00779e+05  8.70744e+00  8.76236e+00
5.651290297e+00  8.6971616e+00         -inf  1.00779e+05  8.69716e+00  8.75559e+00
5.673895458e+00  8.7948071e+00         -inf  1.00779e+05  8.79481e+00  8.85705e+00
5.696591040e+00  8.8666001e+00         -inf  1.00779e+05  8.86660e+00  8.93284e+00
5.719377404e+00  9.4039432e+00         -inf  1.00779e+05  9.40394e+00  9.47437e+00
5.742254913e+00  1.1714353e+01         -inf  1.00779e+05  1.17144e+01  1.17890e+01
5.765223933e+00  1.1901766e+01         -inf  1.00779e+05  1.19018e+01  1.19813e+01
5.788284829e+00  1.0878436e+01         -inf  1.00779e+05  1.08784e+01  1.09636e+01
5.811437968e+00  1.1157243e+01         -inf  1.00779e+05  1.11572e+01  1.12480e+01
5.834683720e+00  1.1629845e+01         -inf  1.00779e+05  1.16298e+01  1.17261e+01
5.858022455e+00  1.1230144e+01         -inf  1.00779e+05  1.12301e+01  1.13321e+01
5.881454545e+00  1.0676654e+01         -inf  1.00779e+05  1.06767e+01  1.07842e+01
5.904980363e+00  1.0217332e+01         -inf  1.00779e+05  1.02173e+01  1.03305e+01
5.928600284e+00  1.0009822e+01         -inf  1.00779e+05  1.00098e+01  1.01286e+01
5.952314685e+00  9.9877786e+00         -inf  1.00779e+05  9.98778e+00  1.01121e+01
5.976123944e+00  9.9834557e+00         -inf  1.00779e+05  9.98346e+00  1.01129e+01
6.000028440e+00  1.0077505e+01         -inf  1.00779e+05  1.00775e+01  1.02120e+01
6.024028554e+00  1.0120091e+01         -inf  1.00779e+05  1.01201e+01  1.02594e+01
6.048124668e+00  1.0220883e+01         -inf  1.00779e+05  1.02209e+01  1.03645e+01
6.072317167e+00  1.0305021e+01         -inf  1.00779e+05  1.03050e+01  1.04529e+01
6.096606435e+00  1.0373147e+01         -inf  1.00779e+05  1.03731e+01  1.05252e+01
6.120992861e+00  1.0486999e+01         -inf  1.00779e+05  1.04870e+01  1.06430e+01
6.145476832e+00  1.0504438e+01         -inf  1.00779e+05  1.05044e+01  1.06642e+01
6.170058740e+00  1.0597556e+01         -inf  1.00779e+05  1.05976e+01  1.07609e+01
6.194738975e+00  1.0624836e+01         -inf  1.00779e+05  1.06248e+01  1.07925e+01
6.219517931e+00  1.0683178e+01         -inf  1.00779e+05  1.06832e+01  1.08557e+01
6.244396002e+00  1.0672492e+01         -inf  1.00779e+05  1.06725e+01  1.08510e+01
6.269373586e+00  1.0592131e+01         -inf  1.00779e+05  1.05921e+01  1.07778e+01
6.294451081e+00  1.0783386e+01         -inf  1.00779e+05  1.07834e+01  1.09769e+01
6.319628885e+00  1.0660854e+01         -inf  1.00779e+05  1.06609e+01  1.08635e+01
6.344907401e+00  1.0894954e+01         -inf  1.00779e+05  1.08950e+01  1.11068e+01
6.370287030e+00  1.0868923e+01         -inf  1.00779e+05  1.08689e+01  1.10906e+01
6.395768178e+00  1.1083484e+01         -inf  1.00779e+05  1.10835e+01  1.13147e+01
6.421351251e+00  1.1198828e+01         -inf  1.00779e+05  1.11988e+01  1.14396e+01
6.447036656e+00  1.1271215e+01         -inf  1.00779e+05  1.12712e+01  1.15211e+01
6.472824803e+00  1.1347612e+01         -inf  1.00779e+05  1.13476e+01  1.16058e+01
6.498716102e+00  1.2052730e+01         -inf  1.00779e+05  1.20527e+01  1.23183e+01
6.524710966e+00  1.1044274e+01         -inf  1.00779e+05  1.10443e+01  1.13185e+01
6.550809810e+00  1.0452771e+01         -inf  1.00779e+05  1.04528e+01  1.07346e+01
6.577013049e+00  1.0336678e+01         -inf  1.00779e+05  1.03367e+01  1.06253e+01
6.603321102e+00  1.0227153e+01         -inf  1.00779e+05  1.02272e+01  1.05218e+01
6.629734386e+00  1.0101737e+01         -inf  1.00779e+05  1.01017e+01  1.04020e+01
6.656253324e+00  1.0104669e+01         -inf  1.00779e+05  1.01047e+01  1.04104e+01
6.682878337e+00  9.8918780e+00         -inf  1.00779e+05  9.89188e+00  1.02028e+01
6.709609850e+00  9.7690167e+00         -inf  1.00779e+05  9.76902e+00  1.00846e+01
6.736448290e+00  9.7536831e+00         -inf  1.00779e+05  9.75368e+00  1.00739e+01
6.763394083e+00  9.4189029e+00         -inf  1.00779e+05  9.41890e+00  9.74344e+00
6.790447659e+00  9.7718453e+00         -inf  1.00779e+05  9.77185e+00  1.00999e+01
6.817609450e+00  9.2741182e+00         -inf  1.00779e+05  9.27412e+00  9.60559e+00
6.844879888e+00  9.1370040e+00         -inf  1.00779e+05  9.13700e+00  9.47198e+00
6.872259407e+00  8.9783699e+00         -inf  1.00779e+05  8.97837e+00  9.31733e+00
6.899748445e+00  8.9912363e+00         -inf  1.00779e+05  8.99124e+00  9.33448e+00
6.927347438e+00  8.6077116e+00         -inf  1.00779e+05  8.60771e+00  8.95415e+00
6.955056828e+00  8.2995124e+00         -inf  1.00779e+05  8.29951e+00  8.64896e+00
6.982877056e+00  8.2838247e+00         -inf  1.00779e+05  8.28382e+00  8.63727e+00
7.010808564e+00  8.0872362e+00         -inf  1.00779e+05  8.08724e+00  8.44415e+00
7.038851798e+00  7.7368135e+00         -inf  1.00779e+05  7.73681e+00  8.09659e+00
7.067007205e+00  7.5905273e+00         -inf  1.00779e+05  7.59053e+00  7.95479e+00
7.095275234e+00  7.4565282e+00         -inf  1.00779e+05  7.45653e+00  7.82541e+00
7.123656335e+00  7.2231256e+00         -inf  1.00779e+05  7.22313e+00  7.59744e+00
7.152150960e+00  7.1935505e+00         -inf  1.00779e+05  7.19355e+00  7.57390e+00
7.180759564e+00  7.0832429e+00         -inf  1.00779e+05  7.08324e+00  7.47073e+00
7.209482602e+00  7.3695676e+00         -inf  1.00779e+05  7.36957e+00  7.76625e+00
7.238320533e+00  7.7855307e+00         -inf  1.00779e+05  7.78553e+00  8.19643e+00
7.267273815e+00  8.5026244e+00         -inf  1.00779e+05  8.50262e+00  8.93080e+00
7.296342910e+00  8.4111723e+00         -inf  1.00779e+05  8.41117e+00  8.85351e+00
7.325528282e+00  9.8380163e+00         -inf  1.00779e+05  9.83802e+00  1.03096e+01
7.354830395e+00  1.1335400e+01         -inf  1.00779e+05  1.13354e+01  1.18344e+01
7.384249717e+00  1.2693355e+01         -inf  1.00779e+05  1.26934e+01  1.32022e+01
7.413786715e+00  1.1950126e+01         -inf  1.00779e+05  1.19501e+01  1.24563e+01
7.443441862e+00  1.3406574e+01         -inf  1.00779e+05  1.34066e+01  1.39150e+01
7.473215630e+00  1.3000081e+01         -inf  1.00779e+05  1.30001e+01  1.35229e+01
7.503108492e+00  1.3656584e+01         -inf  1.00779e+05  1.36566e+01  1.41753e+01
7.533120926e+00  1.2904707e+01         -inf  1.00779e+05  1.29047e+01  1.34423e+01
7.563253410e+00  1.1277186e+01         -inf  1.00779e+05  1.12772e+01  1.18473e+01
7.593506424e+00  1.1336371e+01         -inf  1.00779e+05  1.13364e+01  1.19488e+01
7.623880449e+00  1.3357361e+01         -inf  1.00779e+05  1.33574e+01  1.40244e+01
7.654375971e+00  1.8848063e+01         -inf  1.00779e+05  1.88481e+01  1.94171e+01
7.684993475e+00  1.9821492e+01         -inf  1.00779e+05  1.98215e+01  2.04546e+01
7.715733449e+00  1.8732534e+01         -inf  1.00779e+05  1.87325e+01  1.94290e+01
7.746596383e+00  1.7434506e+01         -inf  1.00779e+05  1.74345e+01  1.81592e+01
7.777582768e+00  1.5460150e+01         -inf  1.00779e+05  1.54602e+01  1.61909e+01
7.808693099e+00  1.6805240e+01         -inf  1.00779e+05  1.68052e+01  1.75764e+01
7.839927872e+00  1.7626321e+01         -inf  1.00779e+05  1.76263e+01  1.84271e+01
7.871287583e+00  1.7401405e+01         -inf  1.00779e+05  1.74014e+01  1.82108e+01
7.902772733e+00  1.5995212e+01         -inf  1.00779e+05  1.59952e+01  1.68405e+01
7.934383824e+00  1.4791715e+01         -inf  1.00779e+05  1.47917e+01  1.56539e+01
7.966121360e+00  1.2673090e+01         -inf  1.00779e+05  1.26731e+01  1.35439e+01
7.997985845e+00  1.0789036e+01         -inf  1.00779e+05  1.07890e+01  1.16548e+01
8.029977788e+00  1.0655449e+01         -inf  1.00779e+05  1.06554e+01  1.15503e+01
8.062097700e+00  9.0097590e+00         -inf  1.00779e+05  9.00976e+00  9.89853e+00
8.094346090e+00  7.8299941e+00         -inf  1.00779e+05  7.82999e+00  8.72609e+00
8.126723475e+00  6.6073351e+00         -inf  1.00779e+05  6.60734e+00  7.50305e+00
8.159230369e+00  5.7940521e+00         -inf  1.00779e+05  5.79405e+00  6.69893e+00
8.191867290e+00  6.3740891e+00         -inf  1.00779e+05  6.37409e+00  7.31289e+00
8.224634759e+00  4.9358503e+00         -inf  1.00779e+05  4.93585e+00  5.87593e+00
8.257533298e+00  4.9771458e+00         -inf  1.00779e+05  4.97715e+00  5.94290e+00
8.290563432e+00  4.1295915e+00         -inf  1.00779e+05  4.12959e+00  5.10622e+00
8.323725685e+00  4.9799715e+00         -inf  1.00779e+05  4.97997e+00  5.99053e+00
8.357020588e+00  5.3390054e+00         -inf  1.00779e+05  5.33901e+00  6.37701e+00
8.390448670e+00  6.4981095e+00         -inf  1.00779e+05  6.49811e+00  7.57677e+00
8.424010465e+00  7.1548632e+00         -inf  1.00779e+05  7.15486e+00  8.26554e+00
8.457706507e+00  8.3014698e+00         -inf  1.00779e+05  8.30147e+00  9.45147e+00
8.491537333e+00  8.2828125e+00         -inf  1.00779e+05  8.28281e+00  9.45713e+00
8.525503482e+00  8.1997651e+00         -inf  1.00779e+05  8.19977e+00  9.39355e+00
8.559605496e+00  6.6013555e+00         -inf  1.00779e+05  6.60136e+00  7.80318e+00
8.593843918e+00  8.1496166e+00         -inf  1.00779e+05  8.14962e+00  9.39664e+00
8.628219294e+00  8.8875266e+00         -inf  1.00779e+05  8.88753e+00  1.01789e+01
8.662732171e+00  8.9253104e+00         -inf  1.00779e+05  8.92531e+00  1.02519e+01
8.697383100e+00  9.0249548e+00         -inf  1.00779e+05  9.02495e+00  1.03791e+01
8.732172632e+00  8.3311416e+00         -inf  1.00779e+05  8.33114e+00  9.70391e+00
8.767101323e+00  7.6096468e+00         -inf  1.00779e+05  7.60965e+00  9.00022e+00
8.802169728e+00  8.1638676e+00         -inf  1.00779e+05  8.16387e+00  9.57473e+00
8.837378407e+00  8.2565515e+00         -inf  1.00779e+05  8.25655e+00  9.69162e+00
8.872727920e+00  7.8217825e+00         -inf  1.00779e+05  7.82178e+00  9.28726e+00
8.908218832e+00  7.9203372e+00         -inf  1.00779e+05  7.92034e+00  9.41884e+00
8.943851707e+00  8.1474260e+00         -inf  1.00779e+05  8.14743e+00  9.68119e+00
8.979627114e+00  7.4800501e+00         -inf  1.00779e+05  7.48005e+00  9.05434e+00
9.015545623e+00  6.5445867e+00         -inf  1.00779e+05  6.54459e+00  8.16207e+00
9.051607805e+00  6.8856086e+00         -inf  1.00779e+05  6.88561e+00  8.54206e+00
9.087814236e+00  7.1982487e+00         -inf  1.00779e+05  7.19825e+00  8.89304e+00
9.124165493e+00  7.3773866e+00         -inf  1.00779e+05  7.37739e+00  9.11350e+00
9.160662155e+00  8.0237784e+00         -inf  1.00779e+05  8.02378e+00  9.80790e+00
9.197304804e+00  9.2681615e+00         -inf  1.00779e+05  9.26816e+00  1.11105e+01
9.234094023e+00  8.5401871e+00         -inf  1.00779e+05  8.54019e+00  1.04587e+01
9.271030399e+00  8.5002368e+00         -inf  1.00779e+05  8.50024e+00  1.04856e+01
9.308114521e+00  8.7374403e+00         -inf  1.00779e+05  8.73744e+00  1.07615e+01
9.345346979e+00  9.6538352e+00         -inf  1.00779e+05  9.65384e+00  1.17073e+01
9.382728367e+00  1.8671310e+01         -inf  1.00779e+05  1.86713e+01  2.06307e+01
9.420259280e+00  2.7355549e+01         -inf  1.00779e+05  2.73555e+01  2.90645e+01
9.457940318e+00  3.0136305e+01         -inf  1.00779e+05  3.01363e+01  3.16541e+01
9.495772079e+00  3.1808645e+01         -inf  1.00779e+05  3.18086e+01  3.31839e+01
9.533755167e+00  3.0627412e+01         -inf  1.00779e+05  3.06274e+01  3.21434e+01
9.571890188e+00  2.4061430e+01         -inf  1.00779e+05  2.40614e+01  2.60304e+01
9.610177749e+00  3.0301204e+01         -inf  1.00779e+05  3.03012e+01  3.18709e+01
9.648618460e+00  3.1278509e+01         -inf  1.00779e+05  3.12785e+01  3.29678e+01
9.687212933e+00  2.9488020e+01         -inf  1.00779e+05  2.94880e+01  3.13485e+01
9.725961785e+00  2.8538600e+01         -inf  1.00779e+05  2.85386e+01  3.04381e+01
9.764865632e+00  2.8569700e+01         -inf  1.00779e+05  2.85697e+01  3.05387e+01
9.803925095e+00  2.7510606e+01         -inf  1.00779e+05  2.75106e+01  2.96234e+01
9.843140795e+00  2.5882891e+01         -inf  1.00779e+05  2.58829e+01  2.81396e+01
9.882513358e+00  2.3164457e+01         -inf  1.00779e+05  2.31645e+01  2.56073e+01
9.922043412e+00  2.0320768e+01         -inf  1.00779e+05  2.03208e+01  2.29085e+01
9.961731585e+00  1.7142498e+01         -inf  1.00779e+05  1.71425e+01  1.98602e+01
1.000157851e+01  1.3536037e+01         -inf  1.00779e+05  1.35360e+01  1.63690e+01
1.004158483e+01  9.4708400e+00         -inf  1.00779e+05  9.47084e+00  1.24038e+01
1.008175117e+01  7.3509141e+00         -inf  1.00779e+05  7.35091e+00  1.03635e+01
1.012207817e+01  5.0437114e+00         -inf  1.00779e+05  5.04371e+00  8.13735e+00
1.016256648e+01  3.7452776e+00         -inf  1.00779e+05  3.74528e+00  6.92672e+00
1.020321675e+01  3.0192676e+00         -inf  1.00779e+05  3.01927e+00  6.29686e+00
1.024402962e+01  2.6931248e+00         -inf  1.00779e+05  2.69312e+00  6.05930e+00
1.028500573e+01  2.5348168e+00         -inf  1.00779e+05  2.53482e+00  5.98542e+00
1.032614576e+01  2.3634325e+00         -inf  1.00779e+05  2.36343e+00  5.88061e+00
1.036745034e+01  1.5995046e+00         -inf  1.00779e+05  1.59950e+00  5.13694e+00
1.040892014e+01  8.7551643e-01         -inf  1.00779e+05  8.75516e-01  4.45476e+00
1.045055582e+01  1.5478413e+00         -inf  1.00779e+05  1.54784e+00  5.24078e+00
1.049235805e+01  1.4500136e+00         -inf  1.00779e+05  1.45001e+00  5.22447e+00
1.053432748e+01  1.4097441e+00         -inf  1.00779e+05  1.40974e+00  5.26556e+00
1.057646479e+01  1.2913406e+00         -inf  1.00779e+05  1.29134e+00  5.22103e+00
1.061877065e+01  1.0950564e+00         -inf  1.00779e+05  1.09506e+00  5.09208e+00
1.066124573e+01  8.5371436e-01         -inf  1.00779e+05  8.53714e-01  4.91515e+00
1.070389071e+01  6.1177562e-01         -inf  1.00779e+05  6.11776e-01  4.73827e+00
1.074670627e+01  4.9013187e-01         -inf  1.00779e+05  4.90132e-01  4.68654e+00
1.078969310e+01  1.5364007e-01         -inf  1.00779e+05  1.53640e-01  4.42011e+00
1.083285187e+01 -6.7252635e-02         -inf  1.00779e+05 -6.72526e-02  4.27513e+00
1.087618328e+01 -2.2147859e-01         -inf  1.00779e+05 -2.21479e-01  4.20091e+00
1.091968801e+01 -3.6622408e-01         -inf  1.00779e+05 -3.66224e-01  4.13836e+00
1.096336676e+01 -4.7934559e-01         -inf  1.00779e+05 -4.79346e-01  4.10964e+00
1.100722023e+01 -5.3636109e-01         -inf  1.00779e+05 -5.36361e-01  4.13936e+00
1.105124911e+01 -6.7646115e-01         -inf  1.00779e+05 -6.76461e-01  4.08602e+00
1.109545411e+01 -7.7008362e-01         -inf  1.00779e+05 -7.70084e-01  4.08123e+00
1.113983593e+01 -8.8255602e-01         -inf  1.00779e+05 -8.82556e-01  4.05835e+00
1.118439527e+01 -9.8476763e-01         -inf  1.00779e+05 -9.84768e-01  4.04707e+00
1.122913285e+01 -1.0758780e+00         -inf  1.00779e+05 -1.07588e+00  4.04861e+00
1.127404938e+01 -1.1897347e+00         -inf  1.00779e+05 -1.18973e+00  4.02826e+00
1.131914558e+01 -1.3028173e+00         -inf  1.00779e+05 -1.30282e+00  4.01007e+00
1.136442216e+01 -1.4005317e+00         -inf  1.00779e+05 -1.40053e+00  4.00894e+00
1.140987985e+01 -1.4970212e+00         -inf  1.00779e+05 -1.49702e+00  4.01040e+00
1.145551937e+01 -1.5826958e+00         -inf  1.00779e+05 -1.58270e+00  4.02411e+00
1.150134145e+01 -1.6858053e+00         -inf  1.00779e+05 -1.68581e+00  4.02144e+00
1.154734681e+01 -1.7655250e+00         -inf  1.00779e+05 -1.76553e+00  4.04457e+00
1.159353620e+01 -1.8657017e+00         -inf  1.00779e+05 -1.86570e+00  4.04804e+00
1.163991035e+01 -2.0000043e+00         -inf  1.00779e+05 -2.00000e+00  4.01675e+00
1.168646999e+01 -2.0895606e+00         -inf  1.00779e+05 -2.08956e+00  4.03350e+00
1.173321587e+01 -2.1700890e+00         -inf  1.00779e+05 -2.17009e+00  4.06089e+00
1.178014873e+01 -2.2902144e+00         -inf  1.00779e+05 -2.29021e+00  4.04913e+00
1.182726932e+01 -2.3881711e+00         -inf  1.00779e+05 -2.38817e+00  4.06157e+00
1.187457840e+01 -2.5019355e+00         -inf  1.00779e+05 -2.50194e+00  4.05904e+00
1.192207672e+01 -2.6024812e+00         -inf  1.00779e+05 -2.60248e+00  4.07137e+00
1.196976502e+01 -2.6971028e+00         -inf  1.00779e+05 -2.69710e+00  4.09148e+00
1.201764408e+01 -2.7716784e+00         -inf  1.00779e+05 -2.77168e+00  4.13367e+00
1.206571466e+01 -2.6028279e+00         -inf  1.00779e+05 -2.60283e+00  4.43817e+00
1.211397752e+01 -2.9051630e+00         -inf  1.00779e+05 -2.90516e+00  4.24125e+00
1.216243343e+01 -2.8779614e+00         -inf  1.00779e+05 -2.87796e+00  4.39656e+00
1.221108316e+01 -2.8465407e+00         -inf  1.00779e+05 -2.84654e+00  4.56326e+00
1.225992749e+01 -2.7389202e+00         -inf  1.00779e+05 -2.73892e+00  4.81310e+00
1.230896720e+01 -2.6576898e+00         -inf  1.00779e+05 -2.65769e+00  5.04225e+00
1.235820307e+01 -2.5735814e+00         -inf  1.00779e+05 -2.57358e+00  5.27734e+00
1.240763589e+01 -2.4726328e+00         -inf  1.00779e+05 -2.47263e+00  5.52686e+00
1.245726643e+01 -2.5106395e+00         -inf  1.00779e+05 -2.51064e+00  5.62998e+00
1.250709549e+01 -2.4726175e+00         -inf  1.00779e+05 -2.47262e+00  5.79338e+00
1.255712388e+01 -2.6696920e+00         -inf  1.00779e+05 -2.66969e+00  5.70890e+00
1.260735237e+01 -1.3125041e+00         -inf  1.00779e+05 -1.31250e+00  7.55018e+00
1.265778178e+01 -2.0304879e+00         -inf  1.00779e+05 -2.03049e+00  6.89747e+00
1.270841291e+01 -2.9166419e+00         -inf  1.00779e+05 -2.91664e+00  5.82725e+00
1.275924656e+01 -2.5335161e+00         -inf  1.00779e+05 -2.53352e+00  6.38204e+00
1.281028355e+01 -2.4584515e+00         -inf  1.00779e+05 -2.45845e+00  6.62394e+00
1.286152468e+01 -2.2125566e+00         -inf  1.00779e+05 -2.21256e+00  7.03085e+00
1.291297078e+01 -2.1896404e+00         -inf  1.00779e+05 -2.18964e+00  7.22492e+00
1.296462266e+01 -1.1276498e+00         -inf  1.00779e+05 -1.12765e+00  8.53877e+00
1.301648115e+01 -1.5838666e+00         -inf  1.00779e+05 -1.58387e+00  8.34427e+00
1.306854708e+01 -7.9857365e-01         -inf  1.00779e+05 -7.98574e-01  9.42273e+00
1.312082127e+01 -1.1568053e+00         -inf  1.00779e+05 -1.15681e+00  9.48586e+00
1.317330455e+01 -5.2693526e-01         -inf  1.00779e+05 -5.26935e-01  1.06299e+01
1.322599777e+01  3.5461350e-01         -inf  1.00779e+05  3.54614e-01  1.21193e+01
1.327890176e+01  2.4040876e-01         -inf  1.00779e+05  2.40409e-01  1.24614e+01
1.333201737e+01  2.3024937e+00         -inf  1.00779e+05  2.30249e+00  1.48736e+01
1.338534544e+01  1.4225522e+00         -inf  1.00779e+05  1.42255e+00  1.43188e+01
1.343888682e+01  4.0029759e+00         -inf  1.00779e+05  4.00298e+00  1.70136e+01
1.349264237e+01  6.7242397e+00         -inf  1.00779e+05  6.72424e+00  1.90111e+01
1.354661294e+01  4.7126923e+00         -inf  1.00779e+05  4.71269e+00  1.78124e+01
1.360079939e+01  6.3128094e+00         -inf  1.00779e+05  6.31281e+00  1.92759e+01
1.365520258e+01  5.7303563e+00         -inf  1.00779e+05  5.73036e+00  1.88039e+01
1.370982339e+01  6.6790897e+00         -inf  1.00779e+05  6.67909e+00  2.01270e+01
1.376466269e+01  4.1075046e+00         -inf  1.00779e+05  4.10750e+00  1.81810e+01
1.381972134e+01  6.7130395e+00         -inf  1.00779e+05  6.71304e+00  2.06823e+01
1.387500022e+01  1.9757538e+01         -inf  1.00779e+05  1.97575e+01  2.78170e+01
1.393050023e+01  9.0046772e+00         -inf  1.00779e+05  9.00468e+00  2.16716e+01
1.398622223e+01  7.5539197e+00         -inf  1.00779e+05  7.55392e+00  2.08204e+01
1.404216712e+01  9.6551642e+00         -inf  1.00779e+05  9.65516e+00  2.19460e+01
1.409833578e+01  1.0484072e+01         -inf  1.00779e+05  1.04841e+01  2.24823e+01
1.415472913e+01  1.2353014e+01         -inf  1.00779e+05  1.23530e+01  2.29226e+01
1.421134804e+01  1.5264322e+01         -inf  1.00779e+05  1.52643e+01  2.46373e+01
1.426819344e+01  1.7337009e+01         -inf  1.00779e+05  1.73370e+01  2.56240e+01
1.432526621e+01  1.9209483e+01         -inf  1.00779e+05  1.92095e+01  2.67725e+01
1.438256727e+01  2.2444051e+01         -inf  1.00779e+05  2.24441e+01  2.90307e+01
1.444009754e+01  2.4150958e+01         -inf  1.00779e+05  2.41510e+01  3.04942e+01
1.449785793e+01  2.4255712e+01         -inf  1.00779e+05  2.42557e+01  3.04679e+01
1.455584937e+01  2.6279301e+01         -inf  1.00779e+05  2.62793e+01  3.24138e+01
1.461407276e+01  2.7665462e+01         -inf  1.00779e+05  2.76655e+01  3.38249e+01
1.467252905e+01  2.7684274e+01         -inf  1.00779e+05  2.76843e+01  3.39363e+01
1.473121917e+01  2.7832884e+01         -inf  1.00779e+05  2.78329e+01  3.41748e+01
1.479014405e+01  2.8915618e+01         -inf  1.00779e+05  2.89156e+01  3.53430e+01
1.484930462e+01  2.8510869e+01         -inf  1.00779e+05  2.85109e+01  3.50474e+01
1.490870184e+01  2.8323413e+01         -inf  1.00779e+05  2.83234e+01  3.49557e+01
1.496833665e+01  3.9451307e+01         -inf  1.00779e+05  3.94513e+01  4.63940e+01
1.502821000e+01  2.9226468e+01         -inf  1.00779e+05  2.92265e+01  3.60554e+01
1.508832284e+01  2.9912831e+01         -inf  1.00779e+05  2.99128e+01  3.68918e+01
1.514867613e+01  2.7733786e+01         -inf  1.00779e+05  2.77338e+01  3.48292e+01
1.520927083e+01  2.6331761e+01         -inf  1.00779e+05  2.63318e+01  3.35453e+01
1.527010791e+01  2.6822428e+01         -inf  1.00779e+05  2.68224e+01  3.41713e+01
1.533118835e+01  2.6860872e+01         -inf  1.00779e+05  2.68609e+01  3.43324e+01
1.539251310e+01  2.7930407e+01         -inf  1.00779e+05  2.79304e+01  3.55408e+01
1.545408315e+01  2.4506807e+01         -inf  1.00779e+05  2.45068e+01  3.24730e+01
1.551589948e+01  2.3785160e+01         -inf  1.00779e+05  2.37852e+01  3.19125e+01
1.557796308e+01  2.1545253e+01         -inf  1.00779e+05  2.15453e+01  3.02140e+01
1.564027493e+01  1.8765807e+01         -inf  1.00779e+05  1.87658e+01  2.82835e+01
1.570283603e+01  1.8234809e+01         -inf  1.00779e+05  1.82348e+01  2.82271e+01
1.576564738e+01  1.5733118e+01         -inf  1.00779e+05  1.57331e+01  2.68031e+01
1.582870997e+01  1.2515601e+01         -inf  1.00779e+05  1.25156e+01  2.53093e+01
1.589202481e+01  1.0251270e+01         -inf  1.00779e+05  1.02513e+01  2.43002e+01
1.595559291e+01  5.3100233e+00         -inf  1.00779e+05  5.31002e+00  2.21387e+01
1.601941528e+01  4.5975205e+00         -inf  1.00779e+05  4.59752e+00  2.20892e+01
1.608349294e+01 -1.6891942e+00         -inf  1.00779e+05 -1.68919e+00  1.93147e+01
1.614782691e+01  7.8351954e-01         -inf  1.00779e+05  7.83520e-01  2.06798e+01
1.621241822e+01  1.0901072e+01         -inf  1.00779e+05  1.09011e+01  2.58714e+01
1.627726789e+01 -3.2026591e+00         -inf  1.00779e+05 -3.20266e+00  1.89672e+01
1.634237696e+01 -5.8881605e+00         -inf  1.00779e+05 -5.88816e+00  1.78196e+01
1.640774647e+01 -3.3416729e+00         -inf  1.00779e+05 -3.34167e+00  1.91137e+01
1.647337746e+01 -4.3602742e+00         -inf  1.00779e+05 -4.36027e+00  1.88382e+01
1.653927097e+01 -5.8890280e+00         -inf  1.00779e+05 -5.88903e+00  1.79730e+01
1.660542805e+01 -6.7885206e+00         -inf  1.00779e+05 -6.78852e+00  1.74697e+01
1.667184976e+01 -8.6636824e+00         -inf  1.00779e+05 -8.66368e+00  1.66620e+01
1.673853716e+01 -4.4939124e+00         -inf  1.00779e+05 -4.49391e+00  1.92878e+01
1.680549131e+01 -1.0278669e+01         -inf  1.00779e+05 -1.02787e+01  1.58769e+01
1.687271328e+01 -1.1236935e+01         -inf  1.00779e+05 -1.12369e+01  1.50933e+01
1.694020413e+01 -8.2734937e+00         -inf  1.00779e+05 -8.27349e+00  1.73843e+01
1.700796495e+01 -9.9610152e+00         -inf  1.00779e+05 -9.96102e+00  1.53059e+01
1.707599681e+01 -1.4033194e+01         -inf  1.00779e+05 -1.40332e+01  1.26472e+01
1.714430079e+01 -1.4573842e+01         -inf  1.00779e+05 -1.45738e+01  1.22409e+01
1.721287800e+01 -1.4590386e+01         -inf  1.00779e+05 -1.45904e+01  1.20632e+01
1.728172951e+01 -1.4269921e+01         -inf  1.00779e+05 -1.42699e+01  1.21360e+01
1.735085643e+01 -1.4922067e+01         -inf  1.00779e+05 -1.49221e+01  1.16944e+01
1.742025985e+01 -1.5449749e+01         -inf  1.00779e+05 -1.54497e+01  1.05685e+01
1.748994089e+01 -1.6008132e+01         -inf  1.00779e+05 -1.60081e+01  1.04690e+01
1.755990065e+01 -1.6350014e+01         -inf  1.00779e+05 -1.63500e+01  9.98685e+00
1.763014026e+01 -1.7522825e+01         -inf  1.00779e+05 -1.75228e+01  8.80460e+00
1.770066082e+01 -1.7971144e+01         -inf  1.00779e+05 -1.79711e+01  8.49105e+00
1.777146346e+01 -1.8386653e+01         -inf  1.00779e+05 -1.83867e+01  8.21832e+00
1.784254932e+01 -1.9215086e+01         -inf  1.00779e+05 -1.92151e+01  7.41980e+00
1.791391951e+01 -2.0022265e+01         -inf  1.00779e+05 -2.00223e+01  6.84580e+00
1.798557519e+01 -2.0467481e+01         -inf  1.00779e+05 -2.04675e+01  6.58016e+00
1.805751749e+01 -2.0928812e+01         -inf  1.00779e+05 -2.09288e+01  6.32692e+00
1.812974756e+01 -2.1330511e+01         -inf  1.00779e+05 -2.13305e+01  6.18872e+00
1.820226655e+01 -2.1698021e+01         -inf  1.00779e+05 -2.16980e+01  6.08660e+00
1.827507562e+01 -2.1773606e+01         -inf  1.00779e+05 -2.17736e+01  6.49226e+00
1.834817592e+01 -2.1170414e+01         -inf  1.00779e+05 -2.11704e+01  9.06460e+00
1.842156862e+01 -2.2585152e+01         -inf  1.00779e+05 -2.25852e+01  6.09170e+00
1.849525490e+01 -2.2899517e+01         -inf  1.00779e+05 -2.28995e+01  6.02301e+00
1.856923592e+01 -2.3060926e+01         -inf  1.00779e+05 -2.30609e+01  6.22652e+00
1.864351286e+01 -2.3332188e+01         -inf  1.00779e+05 -2.33322e+01  6.26581e+00
1.871808691e+01 -2.3610698e+01         -inf  1.00779e+05 -2.36107e+01  6.29826e+00
1.879295926e+01 -2.3913369e+01         -inf  1.00779e+05 -2.39134e+01  6.30521e+00
1.886813110e+01 -2.4273681e+01         -inf  1.00779e+05 -2.42737e+01  6.19323e+00
1.894360362e+01 -2.4474598e+01         -inf  1.00779e+05 -2.44746e+01  6.36517e+00
1.901937804e+01 -2.4822473e+01         -inf  1.00779e+05 -2.48225e+01  6.27941e+00
1.909545555e+01 -2.5151725e+01         -inf  1.00779e+05 -2.51517e+01  6.23493e+00
1.917183737e+01 -2.5422337e+01         -inf  1.00779e+05 -2.54223e+01  6.28806e+00
1.924852472e+01 -2.5758867e+01         -inf  1.00779e+05 -2.57589e+01  6.22855e+00
1.932551882e+01 -2.6041399e+01         -inf  1.00779e+05 -2.60414e+01  6.27465e+00
1.940282089e+01 -2.6351861e+01         -inf  1.00779e+05 -2.63519e+01  6.26920e+00
1.948043218e+01 -2.6655921e+01         -inf  1.00779e+05 -2.66559e+01  6.27852e+00
1.955835391e+01 -2.6952531e+01         -inf  1.00779e+05 -2.69525e+01  6.30899e+00
1.963658732e+01 -2.7249574e+01         -inf  1.00779e+05 -2.72496e+01  6.34617e+00
1.971513367e+01 -2.7556112e+01         -inf  1.00779e+05 -2.75561e+01  6.36061e+00
1.979399421e+01 -2.7864529e+01         -inf  1.00779e+05 -2.78645e+01  6.37670e+00
1.987317018e+01 -2.8170515e+01         -inf  1.00779e+05 -2.81705e+01  6.40409e+00
1.995266286e+01 -2.8478644e+01         -inf  1.00779e+05 -2.84786e+01  6.43181e+00
