# WARNING | GENERATOR | Too many electrons per pixel (up to 9.04e+13) detected in the 1.54-19.95 um spectral range. Reduce exposure time per frame to less than 0.000 seconds.
# ------------------------------------------------------------------------
# Radiance spectrum
# NASA-GSFC Planetary Spectrum Generator (PSG) (Villanueva et al. 2018, 2022)
# Synthesized on Wed Sep 30 15:57:16 2026
# Doppler velocities [km/s] (vobs,vrot+vorb,vwidth,vrfl,vstr): 47.10000,-0.00000,0.03000,0.00000,-0.00000
# ------------------------------------------------------------------------
# Spectra synthesized with the Planetary and Universal Model of Atmospheric Scattering (PUMAS, Villanueva et al. 2018, 2022)
# Single scattering radiative transfer method
# Radiative transfer took 8.382 seconds
# ------------------------------------------------------------------------
# Spectral unit: Wavelength [um]
# Radiance unit: Contrast [transit atmospheric thickness, km]
# Wave/freq Total Noise Stellar Proxima-Centauri-b Transit
2.000000000e-01  4.2327797e+01         -inf  1.00779e+05  4.23278e+01  4.23278e+01
2.008000000e-01  4.2149811e+01         -inf  1.00779e+05  4.21498e+01  4.21498e+01
2.016032000e-01  4.2075466e+01         -inf  1.00779e+05  4.20755e+01  4.20755e+01
2.024096128e-01  4.2034202e+01         -inf  1.00779e+05  4.20342e+01  4.20342e+01
2.032192513e-01  4.1991441e+01         -inf  1.00779e+05  4.19914e+01  4.19914e+01
2.040321283e-01  4.1973141e+01         -inf  1.00779e+05  4.19731e+01  4.19731e+01
2.048482568e-01  4.1965134e+01         -inf  1.00779e+05  4.19651e+01  4.19651e+01
2.056676498e-01  4.1994169e+01         -inf  1.00779e+05  4.19942e+01  4.19942e+01
2.064903204e-01  4.2047399e+01         -inf  1.00779e+05  4.20474e+01  4.20474e+01
2.073162817e-01  4.2100453e+01         -inf  1.00779e+05  4.21005e+01  4.21005e+01
2.081455468e-01  4.2166880e+01         -inf  1.00779e+05  4.21669e+01  4.21669e+01
2.089781290e-01  4.2229523e+01         -inf  1.00779e+05  4.22295e+01  4.22295e+01
2.098140415e-01  4.2328501e+01         -inf  1.00779e+05  4.23285e+01  4.23285e+01
2.106532977e-01  4.2464252e+01         -inf  1.00779e+05  4.24643e+01  4.24643e+01
2.114959109e-01  4.2586893e+01         -inf  1.00779e+05  4.25869e+01  4.25869e+01
2.123418945e-01  4.2837181e+01         -inf  1.00779e+05  4.28372e+01  4.28372e+01
2.131912621e-01  4.3134611e+01         -inf  1.00779e+05  4.31346e+01  4.31346e+01
2.140440271e-01  4.3204634e+01         -inf  1.00779e+05  4.32046e+01  4.32046e+01
2.149002032e-01  4.3387077e+01         -inf  1.00779e+05  4.33871e+01  4.33871e+01
2.157598041e-01  4.3575408e+01         -inf  1.00779e+05  4.35754e+01  4.35754e+01
2.166228433e-01  4.3748166e+01         -inf  1.00779e+05  4.37482e+01  4.37482e+01
2.174893346e-01  4.3954870e+01         -inf  1.00779e+05  4.39549e+01  4.39549e+01
2.183592920e-01  4.4120933e+01         -inf  1.00779e+05  4.41209e+01  4.41209e+01
2.192327292e-01  4.4302383e+01         -inf  1.00779e+05  4.43024e+01  4.43024e+01
2.201096601e-01  4.4478903e+01         -inf  1.00779e+05  4.44789e+01  4.44789e+01
2.209900987e-01  4.4657529e+01         -inf  1.00779e+05  4.46575e+01  4.46575e+01
2.218740591e-01  4.4832720e+01         -inf  1.00779e+05  4.48327e+01  4.48327e+01
2.227615553e-01  4.4999552e+01         -inf  1.00779e+05  4.49996e+01  4.49996e+01
2.236526016e-01  4.5166379e+01         -inf  1.00779e+05  4.51664e+01  4.51664e+01
2.245472120e-01  4.5336280e+01         -inf  1.00779e+05  4.53363e+01  4.53363e+01
2.254454008e-01  4.5484720e+01         -inf  1.00779e+05  4.54847e+01  4.54847e+01
2.263471824e-01  4.5652239e+01         -inf  1.00779e+05  4.56522e+01  4.56522e+01
2.272525711e-01  4.5802870e+01         -inf  1.00779e+05  4.58029e+01  4.58029e+01
2.281615814e-01  4.5955168e+01         -inf  1.00779e+05  4.59552e+01  4.59552e+01
2.290742278e-01  4.6108782e+01         -inf  1.00779e+05  4.61088e+01  4.61088e+01
2.299905247e-01  4.6240762e+01         -inf  1.00779e+05  4.62408e+01  4.62408e+01
2.309104868e-01  4.6395776e+01         -inf  1.00779e+05  4.63958e+01  4.63958e+01
2.318341287e-01  4.6525640e+01         -inf  1.00779e+05  4.65256e+01  4.65256e+01
2.327614652e-01  4.6669482e+01         -inf  1.00779e+05  4.66695e+01  4.66695e+01
2.336925111e-01  4.6789054e+01         -inf  1.00779e+05  4.67891e+01  4.67891e+01
2.346272811e-01  4.6928317e+01         -inf  1.00779e+05  4.69283e+01  4.69283e+01
2.355657903e-01  4.7038302e+01         -inf  1.00779e+05  4.70383e+01  4.70383e+01
2.365080534e-01  4.7159977e+01         -inf  1.00779e+05  4.71600e+01  4.71600e+01
2.374540856e-01  4.7279716e+01         -inf  1.00779e+05  4.72797e+01  4.72797e+01
2.384039020e-01  4.7384772e+01         -inf  1.00779e+05  4.73848e+01  4.73848e+01
2.393575176e-01  4.7486309e+01         -inf  1.00779e+05  4.74863e+01  4.74863e+01
2.403149477e-01  4.7596021e+01         -inf  1.00779e+05  4.75960e+01  4.75960e+01
2.412762074e-01  4.7679358e+01         -inf  1.00779e+05  4.76794e+01  4.76794e+01
2.422413123e-01  4.7768496e+01         -inf  1.00779e+05  4.77685e+01  4.77685e+01
2.432102775e-01  4.7862116e+01         -inf  1.00779e+05  4.78621e+01  4.78621e+01
2.441831186e-01  4.7930506e+01         -inf  1.00779e+05  4.79305e+01  4.79305e+01
2.451598511e-01  4.8007070e+01         -inf  1.00779e+05  4.80071e+01  4.80071e+01
2.461404905e-01  4.8066932e+01         -inf  1.00779e+05  4.80669e+01  4.80669e+01
2.471250525e-01  4.8117213e+01         -inf  1.00779e+05  4.81172e+01  4.81172e+01
2.481135527e-01  4.8159933e+01         -inf  1.00779e+05  4.81599e+01  4.81599e+01
2.491060069e-01  4.8227089e+01         -inf  1.00779e+05  4.82271e+01  4.82271e+01
2.501024309e-01  4.8252580e+01         -inf  1.00779e+05  4.82526e+01  4.82526e+01
2.511028406e-01  4.8244845e+01         -inf  1.00779e+05  4.82448e+01  4.82448e+01
2.521072520e-01  4.8316132e+01         -inf  1.00779e+05  4.83161e+01  4.83161e+01
2.531156810e-01  4.8291696e+01         -inf  1.00779e+05  4.82917e+01  4.82917e+01
2.541281437e-01  4.8299519e+01         -inf  1.00779e+05  4.82995e+01  4.82995e+01
2.551446563e-01  4.8319736e+01         -inf  1.00779e+05  4.83197e+01  4.83197e+01
2.561652349e-01  4.8281675e+01         -inf  1.00779e+05  4.82817e+01  4.82817e+01
2.571898959e-01  4.8235264e+01         -inf  1.00779e+05  4.82353e+01  4.82353e+01
2.582186555e-01  4.8245812e+01         -inf  1.00779e+05  4.82458e+01  4.82458e+01
2.592515301e-01  4.8199928e+01         -inf  1.00779e+05  4.81999e+01  4.81999e+01
2.602885362e-01  4.8137078e+01         -inf  1.00779e+05  4.81371e+01  4.81371e+01
2.613296904e-01  4.8087062e+01         -inf  1.00779e+05  4.80871e+01  4.80871e+01
2.623750091e-01  4.8034320e+01         -inf  1.00779e+05  4.80343e+01  4.80343e+01
2.634245092e-01  4.7905277e+01         -inf  1.00779e+05  4.79053e+01  4.79053e+01
2.644782072e-01  4.7897454e+01         -inf  1.00779e+05  4.78975e+01  4.78975e+01
2.655361200e-01  4.7768144e+01         -inf  1.00779e+05  4.77681e+01  4.77681e+01
2.665982645e-01  4.7659491e+01         -inf  1.00779e+05  4.76595e+01  4.76595e+01
2.676646576e-01  4.7564373e+01         -inf  1.00779e+05  4.75644e+01  4.75644e+01
2.687353162e-01  4.7386618e+01         -inf  1.00779e+05  4.73866e+01  4.73866e+01
2.698102574e-01  4.7332552e+01         -inf  1.00779e+05  4.73326e+01  4.73326e+01
2.708894985e-01  4.7131756e+01         -inf  1.00779e+05  4.71318e+01  4.71318e+01
2.719730565e-01  4.7019927e+01         -inf  1.00779e+05  4.70199e+01  4.70199e+01
2.730609487e-01  4.6862027e+01         -inf  1.00779e+05  4.68620e+01  4.68620e+01
2.741531925e-01  4.6629477e+01         -inf  1.00779e+05  4.66295e+01  4.66295e+01
2.752498053e-01  4.6504891e+01         -inf  1.00779e+05  4.65049e+01  4.65049e+01
2.763508045e-01  4.6301872e+01         -inf  1.00779e+05  4.63019e+01  4.63019e+01
2.774562077e-01  4.6108167e+01         -inf  1.00779e+05  4.61082e+01  4.61082e+01
2.785660325e-01  4.5893001e+01         -inf  1.00779e+05  4.58930e+01  4.58930e+01
2.796802967e-01  4.5690051e+01         -inf  1.00779e+05  4.56901e+01  4.56901e+01
2.807990178e-01  4.5421053e+01         -inf  1.00779e+05  4.54211e+01  4.54211e+01
2.819222139e-01  4.5157585e+01         -inf  1.00779e+05  4.51576e+01  4.51576e+01
2.830499028e-01  4.4955931e+01         -inf  1.00779e+05  4.49559e+01  4.49559e+01
2.841821024e-01  4.4653835e+01         -inf  1.00779e+05  4.46538e+01  4.46538e+01
2.853188308e-01  4.4359552e+01         -inf  1.00779e+05  4.43596e+01  4.43596e+01
2.864601061e-01  4.4096129e+01         -inf  1.00779e+05  4.40961e+01  4.40961e+01
2.876059465e-01  4.3753795e+01         -inf  1.00779e+05  4.37538e+01  4.37538e+01
2.887563703e-01  4.3390683e+01         -inf  1.00779e+05  4.33907e+01  4.33907e+01
2.899113958e-01  4.3034413e+01         -inf  1.00779e+05  4.30344e+01  4.30344e+01
2.910710414e-01  4.2688241e+01         -inf  1.00779e+05  4.26882e+01  4.26882e+01
2.922353256e-01  4.2240696e+01         -inf  1.00779e+05  4.22407e+01  4.22407e+01
2.934042669e-01  4.1821101e+01         -inf  1.00779e+05  4.18211e+01  4.18211e+01
2.945778839e-01  4.1368394e+01         -inf  1.00779e+05  4.13684e+01  4.13684e+01
2.957561955e-01  4.0826864e+01         -inf  1.00779e+05  4.08269e+01  4.08269e+01
2.969392202e-01  4.0321813e+01         -inf  1.00779e+05  4.03218e+01  4.03218e+01
2.981269771e-01  3.9789702e+01         -inf  1.00779e+05  3.97897e+01  3.97897e+01
2.993194850e-01  3.9270222e+01         -inf  1.00779e+05  3.92702e+01  3.92702e+01
3.005167630e-01  3.8722004e+01         -inf  1.00779e+05  3.87220e+01  3.87220e+01
3.017188300e-01  3.8123384e+01         -inf  1.00779e+05  3.81234e+01  3.81234e+01
3.029257054e-01  3.7554380e+01         -inf  1.00779e+05  3.75544e+01  3.75544e+01
3.041374082e-01  3.7072761e+01         -inf  1.00779e+05  3.70728e+01  3.70728e+01
3.053539578e-01  3.6379589e+01         -inf  1.00779e+05  3.63796e+01  3.63796e+01
3.065753736e-01  3.5963229e+01         -inf  1.00779e+05  3.59632e+01  3.59632e+01
3.078016751e-01  3.5259283e+01         -inf  1.00779e+05  3.52593e+01  3.52593e+01
3.090328818e-01  3.4851130e+01         -inf  1.00779e+05  3.48511e+01  3.48511e+01
3.102690134e-01  3.4168294e+01         -inf  1.00779e+05  3.41683e+01  3.41683e+01
3.115100894e-01  3.3787031e+01         -inf  1.00779e+05  3.37870e+01  3.37870e+01
3.127561298e-01  3.3102938e+01         -inf  1.00779e+05  3.31029e+01  3.31029e+01
3.140071543e-01  3.2814303e+01         -inf  1.00779e+05  3.28143e+01  3.28143e+01
3.152631829e-01  3.2235936e+01         -inf  1.00779e+05  3.22359e+01  3.22359e+01
3.165242356e-01  3.1706074e+01         -inf  1.00779e+05  3.17061e+01  3.17061e+01
3.177903326e-01  3.1552474e+01         -inf  1.00779e+05  3.15525e+01  3.15525e+01
3.190614939e-01  3.0812622e+01         -inf  1.00779e+05  3.08126e+01  3.08126e+01
3.203377399e-01  3.0800548e+01         -inf  1.00779e+05  3.08005e+01  3.08005e+01
3.216190908e-01  3.0135798e+01         -inf  1.00779e+05  3.01358e+01  3.01358e+01
3.229055672e-01  3.0205344e+01         -inf  1.00779e+05  3.02053e+01  3.02053e+01
3.241971895e-01  2.9427962e+01         -inf  1.00779e+05  2.94280e+01  2.94280e+01
3.254939782e-01  2.9723976e+01         -inf  1.00779e+05  2.97240e+01  2.97240e+01
3.267959541e-01  2.8996083e+01         -inf  1.00779e+05  2.89961e+01  2.89961e+01
3.281031380e-01  2.9234462e+01         -inf  1.00779e+05  2.92345e+01  2.92345e+01
3.294155505e-01  2.8570082e+01         -inf  1.00779e+05  2.85701e+01  2.85701e+01
3.307332127e-01  2.8775239e+01         -inf  1.00779e+05  2.87752e+01  2.87752e+01
3.320561456e-01  2.8405387e+01         -inf  1.00779e+05  2.84054e+01  2.84054e+01
3.333843702e-01  2.8324801e+01         -inf  1.00779e+05  2.83248e+01  2.83248e+01
3.347179076e-01  2.8145640e+01         -inf  1.00779e+05  2.81456e+01  2.81456e+01
3.360567793e-01  2.7935790e+01         -inf  1.00779e+05  2.79358e+01  2.79358e+01
3.374010064e-01  2.8012236e+01         -inf  1.00779e+05  2.80122e+01  2.80122e+01
3.387506104e-01  2.7720730e+01         -inf  1.00779e+05  2.77207e+01  2.77207e+01
3.401056128e-01  2.7684225e+01         -inf  1.00779e+05  2.76842e+01  2.76842e+01
3.414660353e-01  2.7517656e+01         -inf  1.00779e+05  2.75177e+01  2.75177e+01
3.428318994e-01  2.7407871e+01         -inf  1.00779e+05  2.74079e+01  2.74079e+01
3.442032270e-01  2.7398612e+01         -inf  1.00779e+05  2.73986e+01  2.73986e+01
3.455800399e-01  2.7230184e+01         -inf  1.00779e+05  2.72302e+01  2.72302e+01
3.469623601e-01  2.7139531e+01         -inf  1.00779e+05  2.71395e+01  2.71395e+01
3.483502095e-01  2.7040499e+01         -inf  1.00779e+05  2.70405e+01  2.70405e+01
3.497436104e-01  2.6940583e+01         -inf  1.00779e+05  2.69406e+01  2.69406e+01
3.511425848e-01  2.6871885e+01         -inf  1.00779e+05  2.68719e+01  2.68719e+01
3.525471552e-01  2.6775847e+01         -inf  1.00779e+05  2.67758e+01  2.67758e+01
3.539573438e-01  2.6673106e+01         -inf  1.00779e+05  2.66731e+01  2.66731e+01
3.553731732e-01  2.6586413e+01         -inf  1.00779e+05  2.65864e+01  2.65864e+01
3.567946659e-01  2.6495663e+01         -inf  1.00779e+05  2.64957e+01  2.64957e+01
3.582218445e-01  2.6406587e+01         -inf  1.00779e+05  2.64066e+01  2.64066e+01
3.596547319e-01  2.6322273e+01         -inf  1.00779e+05  2.63223e+01  2.63223e+01
3.610933508e-01  2.6230990e+01         -inf  1.00779e+05  2.62310e+01  2.62310e+01
3.625377242e-01  2.6141645e+01         -inf  1.00779e+05  2.61416e+01  2.61416e+01
3.639878751e-01  2.6053711e+01         -inf  1.00779e+05  2.60537e+01  2.60537e+01
3.654438266e-01  2.5965864e+01         -inf  1.00779e+05  2.59659e+01  2.59659e+01
3.669056019e-01  2.5877487e+01         -inf  1.00779e+05  2.58775e+01  2.58775e+01
3.683732243e-01  2.5789990e+01         -inf  1.00779e+05  2.57900e+01  2.57900e+01
3.698467172e-01  2.5702051e+01         -inf  1.00779e+05  2.57021e+01  2.57021e+01
3.713261041e-01  2.5613935e+01         -inf  1.00779e+05  2.56139e+01  2.56139e+01
3.728114085e-01  2.5526170e+01         -inf  1.00779e+05  2.55262e+01  2.55262e+01
3.743026542e-01  2.5438580e+01         -inf  1.00779e+05  2.54386e+01  2.54386e+01
3.757998648e-01  2.5350813e+01         -inf  1.00779e+05  2.53508e+01  2.53508e+01
3.773030642e-01  2.5263221e+01         -inf  1.00779e+05  2.52632e+01  2.52632e+01
3.788122765e-01  2.5175628e+01         -inf  1.00779e+05  2.51756e+01  2.51756e+01
3.803275256e-01  2.5088122e+01         -inf  1.00779e+05  2.50881e+01  2.50881e+01
3.818488357e-01  2.5000438e+01         -inf  1.00779e+05  2.50004e+01  2.50004e+01
3.833762310e-01  2.4913106e+01         -inf  1.00779e+05  2.49131e+01  2.49131e+01
3.849097360e-01  2.4825685e+01         -inf  1.00779e+05  2.48257e+01  2.48257e+01
3.864493749e-01  2.4738350e+01         -inf  1.00779e+05  2.47384e+01  2.47384e+01
3.879951724e-01  2.4651015e+01         -inf  1.00779e+05  2.46510e+01  2.46510e+01
3.895471531e-01  2.4563678e+01         -inf  1.00779e+05  2.45637e+01  2.45637e+01
3.911053417e-01  2.4476517e+01         -inf  1.00779e+05  2.44765e+01  2.44765e+01
3.926697631e-01  2.4389442e+01         -inf  1.00779e+05  2.43894e+01  2.43894e+01
3.942404421e-01  2.4302632e+01         -inf  1.00779e+05  2.43026e+01  2.43026e+01
3.958174039e-01  2.4215731e+01         -inf  1.00779e+05  2.42157e+01  2.42157e+01
3.974006735e-01  2.4128565e+01         -inf  1.00779e+05  2.41286e+01  2.41286e+01
3.989902762e-01  2.4041398e+01         -inf  1.00779e+05  2.40414e+01  2.40414e+01
4.005862373e-01  2.3954583e+01         -inf  1.00779e+05  2.39546e+01  2.39546e+01
4.021885823e-01  2.3868031e+01         -inf  1.00779e+05  2.38680e+01  2.38680e+01
4.037973366e-01  2.3781036e+01         -inf  1.00779e+05  2.37810e+01  2.37810e+01
4.054125259e-01  2.3693953e+01         -inf  1.00779e+05  2.36940e+01  2.36940e+01
4.070341760e-01  2.3607927e+01         -inf  1.00779e+05  2.36079e+01  2.36079e+01
4.086623127e-01  2.3522694e+01         -inf  1.00779e+05  2.35227e+01  2.35227e+01
4.102969620e-01  2.3436401e+01         -inf  1.00779e+05  2.34364e+01  2.34364e+01
4.119381498e-01  2.3348959e+01         -inf  1.00779e+05  2.33490e+01  2.33490e+01
4.135859024e-01  2.3261605e+01         -inf  1.00779e+05  2.32616e+01  2.32616e+01
4.152402460e-01  2.3176015e+01         -inf  1.00779e+05  2.31760e+01  2.31760e+01
4.169012070e-01  2.3091041e+01         -inf  1.00779e+05  2.30910e+01  2.30910e+01
4.185688119e-01  2.3004654e+01         -inf  1.00779e+05  2.30047e+01  2.30047e+01
4.202430871e-01  2.2917913e+01         -inf  1.00779e+05  2.29179e+01  2.29179e+01
4.219240595e-01  2.2833553e+01         -inf  1.00779e+05  2.28336e+01  2.28336e+01
4.236117557e-01  2.2751575e+01         -inf  1.00779e+05  2.27516e+01  2.27516e+01
4.253062027e-01  2.2668625e+01         -inf  1.00779e+05  2.26686e+01  2.26686e+01
4.270074275e-01  2.2581527e+01         -inf  1.00779e+05  2.25815e+01  2.25815e+01
4.287154572e-01  2.2492662e+01         -inf  1.00779e+05  2.24927e+01  2.24927e+01
4.304303191e-01  2.2406885e+01         -inf  1.00779e+05  2.24069e+01  2.24069e+01
4.321520403e-01  2.2325254e+01         -inf  1.00779e+05  2.23253e+01  2.23253e+01
4.338806485e-01  2.2241417e+01         -inf  1.00779e+05  2.22414e+01  2.22414e+01
4.356161711e-01  2.2154136e+01         -inf  1.00779e+05  2.21541e+01  2.21541e+01
4.373586358e-01  2.2070296e+01         -inf  1.00779e+05  2.20703e+01  2.20703e+01
4.391080703e-01  2.1993780e+01         -inf  1.00779e+05  2.19938e+01  2.19938e+01
4.408645026e-01  2.1919116e+01         -inf  1.00779e+05  2.19191e+01  2.19191e+01
4.426279606e-01  2.1840745e+01         -inf  1.00779e+05  2.18407e+01  2.18407e+01
4.443984725e-01  2.1753106e+01         -inf  1.00779e+05  2.17531e+01  2.17531e+01
4.461760664e-01  2.1660170e+01         -inf  1.00779e+05  2.16602e+01  2.16602e+01
4.479607706e-01  2.1575706e+01         -inf  1.00779e+05  2.15757e+01  2.15757e+01
4.497526137e-01  2.1501038e+01         -inf  1.00779e+05  2.15010e+01  2.15010e+01
4.515516242e-01  2.1420190e+01         -inf  1.00779e+05  2.14202e+01  2.14202e+01
4.533578307e-01  2.1331663e+01         -inf  1.00779e+05  2.13317e+01  2.13317e+01
4.551712620e-01  2.1250460e+01         -inf  1.00779e+05  2.12505e+01  2.12505e+01
4.569919470e-01  2.1183732e+01         -inf  1.00779e+05  2.11837e+01  2.11837e+01
4.588199148e-01  2.1123623e+01         -inf  1.00779e+05  2.11236e+01  2.11236e+01
4.606551945e-01  2.1061484e+01         -inf  1.00779e+05  2.10615e+01  2.10615e+01
4.624978152e-01  2.0980189e+01         -inf  1.00779e+05  2.09802e+01  2.09802e+01
4.643478065e-01  2.0878945e+01         -inf  1.00779e+05  2.08789e+01  2.08789e+01
4.662051977e-01  2.0783702e+01         -inf  1.00779e+05  2.07837e+01  2.07837e+01
4.680700185e-01  2.0710967e+01         -inf  1.00779e+05  2.07110e+01  2.07110e+01
4.699422986e-01  2.0642821e+01         -inf  1.00779e+05  2.06428e+01  2.06428e+01
4.718220678e-01  2.0560197e+01         -inf  1.00779e+05  2.05602e+01  2.05602e+01
4.737093561e-01  2.0478014e+01         -inf  1.00779e+05  2.04780e+01  2.04780e+01
4.756041935e-01  2.0415162e+01         -inf  1.00779e+05  2.04152e+01  2.04152e+01
4.775066103e-01  2.0374113e+01         -inf  1.00779e+05  2.03741e+01  2.03741e+01
4.794166367e-01  2.0342157e+01         -inf  1.00779e+05  2.03422e+01  2.03422e+01
4.813343033e-01  2.0302168e+01         -inf  1.00779e+05  2.03022e+01  2.03022e+01
4.832596405e-01  2.0226249e+01         -inf  1.00779e+05  2.02262e+01  2.02262e+01
4.851926790e-01  2.0117843e+01         -inf  1.00779e+05  2.01178e+01  2.01178e+01
4.871334497e-01  2.0015702e+01         -inf  1.00779e+05  2.00157e+01  2.00157e+01
4.890819835e-01  1.9945519e+01         -inf  1.00779e+05  1.99455e+01  1.99455e+01
4.910383115e-01  1.9888223e+01         -inf  1.00779e+05  1.98882e+01  1.98882e+01
4.930024647e-01  1.9816626e+01         -inf  1.00779e+05  1.98166e+01  1.98166e+01
4.949744746e-01  1.9741937e+01         -inf  1.00779e+05  1.97419e+01  1.97419e+01
4.969543725e-01  1.9689937e+01         -inf  1.00779e+05  1.96899e+01  1.96899e+01
4.989421900e-01  1.9669632e+01         -inf  1.00779e+05  1.96696e+01  1.96696e+01
5.009379587e-01  1.9670779e+01         -inf  1.00779e+05  1.96708e+01  1.96708e+01
5.029417106e-01  1.9674929e+01         -inf  1.00779e+05  1.96749e+01  1.96749e+01
5.049534774e-01  1.9649326e+01         -inf  1.00779e+05  1.96493e+01  1.96493e+01
5.069732913e-01  1.9572781e+01         -inf  1.00779e+05  1.95728e+01  1.95728e+01
5.090011845e-01  1.9464894e+01         -inf  1.00779e+05  1.94649e+01  1.94649e+01
5.110371892e-01  1.9369542e+01         -inf  1.00779e+05  1.93695e+01  1.93695e+01
5.130813380e-01  1.9308356e+01         -inf  1.00779e+05  1.93084e+01  1.93084e+01
5.151336633e-01  1.9264564e+01         -inf  1.00779e+05  1.92646e+01  1.92646e+01
5.171941980e-01  1.9216534e+01         -inf  1.00779e+05  1.92165e+01  1.92165e+01
5.192629748e-01  1.9167090e+01         -inf  1.00779e+05  1.91671e+01  1.91671e+01
5.213400267e-01  1.9131861e+01         -inf  1.00779e+05  1.91319e+01  1.91319e+01
5.234253868e-01  1.9122502e+01         -inf  1.00779e+05  1.91225e+01  1.91225e+01
5.255190883e-01  1.9135128e+01         -inf  1.00779e+05  1.91351e+01  1.91351e+01
5.276211647e-01  1.9156848e+01         -inf  1.00779e+05  1.91568e+01  1.91568e+01
5.297316493e-01  1.9171858e+01         -inf  1.00779e+05  1.91719e+01  1.91719e+01
5.318505759e-01  1.9162587e+01         -inf  1.00779e+05  1.91626e+01  1.91626e+01
5.339779782e-01  1.9115968e+01         -inf  1.00779e+05  1.91160e+01  1.91160e+01
5.361138902e-01  1.9038623e+01         -inf  1.00779e+05  1.90386e+01  1.90386e+01
5.382583457e-01  1.8968076e+01         -inf  1.00779e+05  1.89681e+01  1.89681e+01
5.404113791e-01  1.8932492e+01         -inf  1.00779e+05  1.89325e+01  1.89325e+01
5.425730246e-01  1.8920573e+01         -inf  1.00779e+05  1.89206e+01  1.89206e+01
5.447433167e-01  1.8905297e+01         -inf  1.00779e+05  1.89053e+01  1.89053e+01
5.469222900e-01  1.8873422e+01         -inf  1.00779e+05  1.88734e+01  1.88734e+01
5.491099791e-01  1.8831746e+01         -inf  1.00779e+05  1.88317e+01  1.88317e+01
5.513064191e-01  1.8791130e+01         -inf  1.00779e+05  1.87911e+01  1.87911e+01
5.535116447e-01  1.8758106e+01         -inf  1.00779e+05  1.87581e+01  1.87581e+01
5.557256913e-01  1.8741329e+01         -inf  1.00779e+05  1.87413e+01  1.87413e+01
5.579485941e-01  1.8751131e+01         -inf  1.00779e+05  1.87511e+01  1.87511e+01
5.601803884e-01  1.8785390e+01         -inf  1.00779e+05  1.87854e+01  1.87854e+01
5.624211100e-01  1.8821857e+01         -inf  1.00779e+05  1.88219e+01  1.88219e+01
5.646707944e-01  1.8839693e+01         -inf  1.00779e+05  1.88397e+01  1.88397e+01
5.669294776e-01  1.8839781e+01         -inf  1.00779e+05  1.88398e+01  1.88398e+01
5.691971955e-01  1.8835631e+01         -inf  1.00779e+05  1.88356e+01  1.88356e+01
5.714739843e-01  1.8831040e+01         -inf  1.00779e+05  1.88310e+01  1.88310e+01
5.737598803e-01  1.8801549e+01         -inf  1.00779e+05  1.88015e+01  1.88015e+01
5.760549198e-01  1.8726672e+01         -inf  1.00779e+05  1.87267e+01  1.87267e+01
5.783591395e-01  1.8617004e+01         -inf  1.00779e+05  1.86170e+01  1.86170e+01
5.806725760e-01  1.8495237e+01         -inf  1.00779e+05  1.84952e+01  1.84952e+01
5.829952663e-01  1.8380444e+01         -inf  1.00779e+05  1.83804e+01  1.83804e+01
5.853272474e-01  1.8283134e+01         -inf  1.00779e+05  1.82831e+01  1.82831e+01
5.876685564e-01  1.8207191e+01         -inf  1.00779e+05  1.82072e+01  1.82072e+01
5.900192306e-01  1.8157475e+01         -inf  1.00779e+05  1.81575e+01  1.81575e+01
5.923793075e-01  1.8147585e+01         -inf  1.00779e+05  1.81476e+01  1.81476e+01
5.947488247e-01  1.8182377e+01         -inf  1.00779e+05  1.81824e+01  1.81824e+01
5.971278200e-01  1.8232800e+01         -inf  1.00779e+05  1.82328e+01  1.82328e+01
5.995163313e-01  1.8264236e+01         -inf  1.00779e+05  1.82642e+01  1.82642e+01
6.019143966e-01  1.8244015e+01         -inf  1.00779e+05  1.82440e+01  1.82440e+01
6.043220542e-01  1.8161890e+01         -inf  1.00779e+05  1.81619e+01  1.81619e+01
6.067393425e-01  1.8026604e+01         -inf  1.00779e+05  1.80266e+01  1.80266e+01
6.091662998e-01  1.7855196e+01         -inf  1.00779e+05  1.78552e+01  1.78552e+01
6.116029650e-01  1.7672214e+01         -inf  1.00779e+05  1.76722e+01  1.76722e+01
6.140493769e-01  1.7494615e+01         -inf  1.00779e+05  1.74946e+01  1.74946e+01
6.165055744e-01  1.7328757e+01         -inf  1.00779e+05  1.73288e+01  1.73288e+01
6.189715967e-01  1.7176938e+01         -inf  1.00779e+05  1.71769e+01  1.71769e+01
6.214474831e-01  1.7038451e+01         -inf  1.00779e+05  1.70385e+01  1.70385e+01
6.239332730e-01  1.6905261e+01         -inf  1.00779e+05  1.69053e+01  1.69053e+01
6.264290061e-01  1.6768182e+01         -inf  1.00779e+05  1.67682e+01  1.67682e+01
6.289347221e-01  1.6646204e+01         -inf  1.00779e+05  1.66462e+01  1.66462e+01
6.314504610e-01  1.6478558e+01         -inf  1.00779e+05  1.64786e+01  1.64786e+01
6.339762629e-01  1.6321595e+01         -inf  1.00779e+05  1.63216e+01  1.63216e+01
6.365121679e-01  1.6158093e+01         -inf  1.00779e+05  1.61581e+01  1.61581e+01
6.390582166e-01  1.5990257e+01         -inf  1.00779e+05  1.59903e+01  1.59903e+01
6.416144494e-01  1.5820916e+01         -inf  1.00779e+05  1.58209e+01  1.58209e+01
6.441809072e-01  1.5664644e+01         -inf  1.00779e+05  1.56646e+01  1.56646e+01
6.467576309e-01  1.5514553e+01         -inf  1.00779e+05  1.55146e+01  1.55146e+01
6.493446614e-01  1.5368698e+01         -inf  1.00779e+05  1.53687e+01  1.53687e+01
6.519420400e-01  1.5229290e+01         -inf  1.00779e+05  1.52293e+01  1.52293e+01
6.545498082e-01  1.5085285e+01         -inf  1.00779e+05  1.50853e+01  1.50853e+01
6.571680074e-01  1.4939774e+01         -inf  1.00779e+05  1.49398e+01  1.49398e+01
6.597966795e-01  1.4797794e+01         -inf  1.00779e+05  1.47978e+01  1.47978e+01
6.624358662e-01  1.4659522e+01         -inf  1.00779e+05  1.46595e+01  1.46595e+01
6.650856096e-01  1.4514356e+01         -inf  1.00779e+05  1.45144e+01  1.45144e+01
6.677459521e-01  1.4361145e+01         -inf  1.00779e+05  1.43611e+01  1.43611e+01
6.704169359e-01  1.4208992e+01         -inf  1.00779e+05  1.42090e+01  1.42090e+01
6.730986036e-01  1.4061341e+01         -inf  1.00779e+05  1.40613e+01  1.40613e+01
6.757909981e-01  1.3920402e+01         -inf  1.00779e+05  1.39204e+01  1.39204e+01
6.784941620e-01  1.3783260e+01         -inf  1.00779e+05  1.37833e+01  1.37833e+01
6.812081387e-01  1.3658222e+01         -inf  1.00779e+05  1.36582e+01  1.36582e+01
6.839329712e-01  1.3546790e+01         -inf  1.00779e+05  1.35468e+01  1.35468e+01
6.866687031e-01  1.3643553e+01         -inf  1.00779e+05  1.36436e+01  1.36436e+01
6.894153779e-01  1.3561901e+01         -inf  1.00779e+05  1.35619e+01  1.35619e+01
6.921730395e-01  1.3222999e+01         -inf  1.00779e+05  1.32230e+01  1.32230e+01
6.949417316e-01  1.3023184e+01         -inf  1.00779e+05  1.30232e+01  1.30232e+01
6.977214985e-01  1.2891149e+01         -inf  1.00779e+05  1.28911e+01  1.28911e+01
7.005123845e-01  1.2768834e+01         -inf  1.00779e+05  1.27688e+01  1.27688e+01
7.033144341e-01  1.2658624e+01         -inf  1.00779e+05  1.26586e+01  1.26586e+01
7.061276918e-01  1.2557427e+01         -inf  1.00779e+05  1.25574e+01  1.25574e+01
7.089522026e-01  1.2461266e+01         -inf  1.00779e+05  1.24613e+01  1.24613e+01
7.117880114e-01  1.2371026e+01         -inf  1.00779e+05  1.23710e+01  1.23710e+01
7.146351634e-01  1.2293247e+01         -inf  1.00779e+05  1.22932e+01  1.22932e+01
7.174937041e-01  1.2203447e+01         -inf  1.00779e+05  1.22034e+01  1.22034e+01
7.203636789e-01  1.2082090e+01         -inf  1.00779e+05  1.20821e+01  1.20821e+01
7.232451336e-01  1.1964356e+01         -inf  1.00779e+05  1.19644e+01  1.19644e+01
7.261381142e-01  1.1863678e+01         -inf  1.00779e+05  1.18637e+01  1.18637e+01
7.290426666e-01  1.1757077e+01         -inf  1.00779e+05  1.17571e+01  1.17571e+01
7.319588373e-01  1.1657458e+01         -inf  1.00779e+05  1.16575e+01  1.16575e+01
7.348866726e-01  1.1574101e+01         -inf  1.00779e+05  1.15741e+01  1.15741e+01
7.378262193e-01  1.1498081e+01         -inf  1.00779e+05  1.14981e+01  1.14981e+01
7.407775242e-01  1.1427893e+01         -inf  1.00779e+05  1.14279e+01  1.14279e+01
7.437406343e-01  1.1372026e+01         -inf  1.00779e+05  1.13720e+01  1.13720e+01
7.467155968e-01  1.1321020e+01         -inf  1.00779e+05  1.13210e+01  1.13210e+01
7.497024592e-01  1.1236156e+01         -inf  1.00779e+05  1.12362e+01  1.12362e+01
7.527012690e-01  1.1109301e+01         -inf  1.00779e+05  1.11093e+01  1.11093e+01
7.557120741e-01  1.0989162e+01         -inf  1.00779e+05  1.09892e+01  1.09892e+01
7.587349224e-01  1.1283981e+01         -inf  1.00779e+05  1.12840e+01  1.12840e+01
7.617698621e-01  1.2670820e+01         -inf  1.00779e+05  1.26708e+01  1.26708e+01
7.648169416e-01  1.1724372e+01         -inf  1.00779e+05  1.17244e+01  1.17244e+01
7.678762093e-01  1.0820398e+01         -inf  1.00779e+05  1.08204e+01  1.08204e+01
7.709477142e-01  1.0598230e+01         -inf  1.00779e+05  1.05982e+01  1.05982e+01
7.740315050e-01  1.0552523e+01         -inf  1.00779e+05  1.05525e+01  1.05525e+01
7.771276310e-01  1.0524232e+01         -inf  1.00779e+05  1.05242e+01  1.05242e+01
7.802361416e-01  1.0469329e+01         -inf  1.00779e+05  1.04693e+01  1.04693e+01
7.833570861e-01  1.0368363e+01         -inf  1.00779e+05  1.03684e+01  1.03684e+01
7.864905145e-01  1.0253427e+01         -inf  1.00779e+05  1.02534e+01  1.02534e+01
7.896364765e-01  1.0158382e+01         -inf  1.00779e+05  1.01584e+01  1.01584e+01
7.927950224e-01  1.0069524e+01         -inf  1.00779e+05  1.00695e+01  1.00695e+01
7.959662025e-01  9.9862359e+00         -inf  1.00779e+05  9.98624e+00  9.98624e+00
7.991500673e-01  9.9128493e+00         -inf  1.00779e+05  9.91285e+00  9.91285e+00
8.023466676e-01  9.8437060e+00         -inf  1.00779e+05  9.84371e+00  9.84371e+00
8.055560543e-01  9.7836692e+00         -inf  1.00779e+05  9.78367e+00  9.78367e+00
8.087782785e-01  9.7429960e+00         -inf  1.00779e+05  9.74300e+00  9.74300e+00
8.120133916e-01  9.7120488e+00         -inf  1.00779e+05  9.71205e+00  9.71205e+00
8.152614452e-01  9.6794214e+00         -inf  1.00779e+05  9.67942e+00  9.67942e+00
8.185224910e-01  9.6200021e+00         -inf  1.00779e+05  9.62000e+00  9.62000e+00
8.217965809e-01  9.5203496e+00         -inf  1.00779e+05  9.52035e+00  9.52035e+00
8.250837672e-01  9.4076088e+00         -inf  1.00779e+05  9.40761e+00  9.40761e+00
8.283841023e-01  9.3111365e+00         -inf  1.00779e+05  9.31114e+00  9.31114e+00
8.316976387e-01  9.2296954e+00         -inf  1.00779e+05  9.22970e+00  9.22970e+00
8.350244293e-01  9.1591300e+00         -inf  1.00779e+05  9.15913e+00  9.15913e+00
8.383645270e-01  9.0983795e+00         -inf  1.00779e+05  9.09838e+00  9.09838e+00
8.417179851e-01  9.0425805e+00         -inf  1.00779e+05  9.04258e+00  9.04258e+00
8.450848570e-01  8.9935901e+00         -inf  1.00779e+05  8.99359e+00  8.99359e+00
8.484651965e-01  8.9576872e+00         -inf  1.00779e+05  8.95769e+00  8.95769e+00
8.518590573e-01  8.9408853e+00         -inf  1.00779e+05  8.94089e+00  8.94089e+00
8.552664935e-01  8.8928669e+00         -inf  1.00779e+05  8.89287e+00  8.89287e+00
8.586875595e-01  8.8134369e+00         -inf  1.00779e+05  8.81344e+00  8.81344e+00
8.621223097e-01  8.7270638e+00         -inf  1.00779e+05  8.72706e+00  8.72706e+00
8.655707989e-01  8.6397256e+00         -inf  1.00779e+05  8.63973e+00  8.63973e+00
8.690330821e-01  8.5730627e+00         -inf  1.00779e+05  8.57306e+00  8.57306e+00
8.725092145e-01  8.5010663e+00         -inf  1.00779e+05  8.50107e+00  8.50107e+00
8.759992513e-01  8.4392484e+00         -inf  1.00779e+05  8.43925e+00  8.43925e+00
8.795032483e-01  8.3909345e+00         -inf  1.00779e+05  8.39093e+00  8.39093e+00
8.830212613e-01  8.3697445e+00         -inf  1.00779e+05  8.36974e+00  8.36974e+00
8.865533464e-01  8.3278773e+00         -inf  1.00779e+05  8.32788e+00  8.32788e+00
8.900995597e-01  8.2723989e+00         -inf  1.00779e+05  8.27240e+00  8.27240e+00
8.936599580e-01  8.2132674e+00         -inf  1.00779e+05  8.21327e+00  8.21327e+00
8.972345978e-01  8.1786691e+00         -inf  1.00779e+05  8.17867e+00  8.17867e+00
9.008235362e-01  8.1255774e+00         -inf  1.00779e+05  8.12558e+00  8.12558e+00
9.044268304e-01  8.0493396e+00         -inf  1.00779e+05  8.04934e+00  8.04934e+00
9.080445377e-01  7.9802119e+00         -inf  1.00779e+05  7.98021e+00  7.98021e+00
9.116767158e-01  7.9198484e+00         -inf  1.00779e+05  7.91985e+00  7.91985e+00
9.153234227e-01  7.8634113e+00         -inf  1.00779e+05  7.86341e+00  7.86341e+00
9.189847164e-01  7.8085127e+00         -inf  1.00779e+05  7.80851e+00  7.80851e+00
9.226606552e-01  7.7599818e+00         -inf  1.00779e+05  7.75998e+00  7.75998e+00
9.263512979e-01  7.7155015e+00         -inf  1.00779e+05  7.71550e+00  7.71550e+00
9.300567031e-01  7.6907095e+00         -inf  1.00779e+05  7.69071e+00  7.69071e+00
9.337769299e-01  7.7141305e+00         -inf  1.00779e+05  7.71413e+00  7.71413e+00
9.375120376e-01  7.7095666e+00         -inf  1.00779e+05  7.70957e+00  7.70957e+00
9.412620857e-01  7.6618222e+00         -inf  1.00779e+05  7.66182e+00  7.66182e+00
9.450271341e-01  7.6221794e+00         -inf  1.00779e+05  7.62218e+00  7.62218e+00
9.488072426e-01  7.5423535e+00         -inf  1.00779e+05  7.54235e+00  7.54235e+00
9.526024716e-01  7.4542741e+00         -inf  1.00779e+05  7.45427e+00  7.45427e+00
9.564128815e-01  7.3760648e+00         -inf  1.00779e+05  7.37606e+00  7.37606e+00
9.602385330e-01  7.3165006e+00         -inf  1.00779e+05  7.31650e+00  7.31650e+00
9.640794871e-01  7.2684614e+00         -inf  1.00779e+05  7.26846e+00  7.26846e+00
9.679358051e-01  7.2185201e+00         -inf  1.00779e+05  7.21852e+00  7.21852e+00
9.718075483e-01  7.1743014e+00         -inf  1.00779e+05  7.17430e+00  7.17430e+00
9.756947785e-01  7.1290299e+00         -inf  1.00779e+05  7.12903e+00  7.12903e+00
9.795975576e-01  7.0845275e+00         -inf  1.00779e+05  7.08453e+00  7.08453e+00
9.835159478e-01  7.0408387e+00         -inf  1.00779e+05  7.04084e+00  7.04084e+00
9.874500116e-01  7.0071276e+00         -inf  1.00779e+05  7.00713e+00  7.00713e+00
9.913998117e-01  6.9927621e+00         -inf  1.00779e+05  6.99276e+00  6.99276e+00
9.953654109e-01  6.9430840e+00         -inf  1.00779e+05  6.94308e+00  6.94308e+00
9.993468726e-01  6.8884873e+00         -inf  1.00779e+05  6.88849e+00  6.88849e+00
1.003344260e+00  6.8437887e+00         -inf  1.00779e+05  6.84379e+00  6.84379e+00
1.007357637e+00  6.8030970e+00         -inf  1.00779e+05  6.80310e+00  6.80310e+00
1.011387068e+00  6.7644575e+00         -inf  1.00779e+05  6.76446e+00  6.76446e+00
1.015432616e+00  6.7250215e+00         -inf  1.00779e+05  6.72502e+00  6.72502e+00
1.019494346e+00  6.6849572e+00         -inf  1.00779e+05  6.68496e+00  6.68496e+00
1.023572324e+00  6.6459011e+00         -inf  1.00779e+05  6.64590e+00  6.64590e+00
1.027666613e+00  6.6080302e+00         -inf  1.00779e+05  6.60803e+00  6.60803e+00
1.031777280e+00  6.5702564e+00         -inf  1.00779e+05  6.57026e+00  6.57026e+00
1.035904389e+00  6.5485917e+00         -inf  1.00779e+05  6.54859e+00  6.54859e+00
1.040048006e+00  6.5293773e+00         -inf  1.00779e+05  6.52938e+00  6.52938e+00
1.044208198e+00  6.4686111e+00         -inf  1.00779e+05  6.46861e+00  6.46861e+00
1.048385031e+00  6.4746355e+00         -inf  1.00779e+05  6.47464e+00  6.47464e+00
1.052578571e+00  6.4837031e+00         -inf  1.00779e+05  6.48370e+00  6.48370e+00
1.056788885e+00  6.3697862e+00         -inf  1.00779e+05  6.36979e+00  6.36979e+00
1.061016041e+00  6.3323206e+00         -inf  1.00779e+05  6.33232e+00  6.33232e+00
1.065260105e+00  6.3167593e+00         -inf  1.00779e+05  6.31676e+00  6.31676e+00
1.069521146e+00  6.2687835e+00         -inf  1.00779e+05  6.26878e+00  6.26878e+00
1.073799230e+00  6.2317862e+00         -inf  1.00779e+05  6.23179e+00  6.23179e+00
1.078094427e+00  6.1991945e+00         -inf  1.00779e+05  6.19919e+00  6.19919e+00
1.082406805e+00  6.1674607e+00         -inf  1.00779e+05  6.16746e+00  6.16746e+00
1.086736432e+00  6.1373635e+00         -inf  1.00779e+05  6.13736e+00  6.13736e+00
1.091083378e+00  6.1100264e+00         -inf  1.00779e+05  6.11003e+00  6.11003e+00
1.095447711e+00  6.0840251e+00         -inf  1.00779e+05  6.08403e+00  6.08403e+00
1.099829502e+00  6.0570859e+00         -inf  1.00779e+05  6.05709e+00  6.05709e+00
1.104228820e+00  6.0300847e+00         -inf  1.00779e+05  6.03008e+00  6.03008e+00
1.108645735e+00  6.0127620e+00         -inf  1.00779e+05  6.01276e+00  6.01276e+00
1.113080318e+00  6.0312967e+00         -inf  1.00779e+05  6.03130e+00  6.03130e+00
1.117532640e+00  6.0925094e+00         -inf  1.00779e+05  6.09251e+00  6.09251e+00
1.122002770e+00  6.2389433e+00         -inf  1.00779e+05  6.23894e+00  6.23894e+00
1.126490781e+00  6.3738556e+00         -inf  1.00779e+05  6.37386e+00  6.37386e+00
1.130996744e+00  6.3397518e+00         -inf  1.00779e+05  6.33975e+00  6.33975e+00
1.135520731e+00  6.3177324e+00         -inf  1.00779e+05  6.31773e+00  6.31773e+00
1.140062814e+00  6.1397168e+00         -inf  1.00779e+05  6.13972e+00  6.13972e+00
1.144623065e+00  6.0980299e+00         -inf  1.00779e+05  6.09803e+00  6.09803e+00
1.149201558e+00  6.1045590e+00         -inf  1.00779e+05  6.10456e+00  6.10456e+00
1.153798364e+00  6.1680889e+00         -inf  1.00779e+05  6.16809e+00  6.16809e+00
1.158413557e+00  6.0266608e+00         -inf  1.00779e+05  6.02666e+00  6.02666e+00
1.163047212e+00  6.1162901e+00         -inf  1.00779e+05  6.11629e+00  6.11629e+00
1.167699401e+00  5.9522918e+00         -inf  1.00779e+05  5.95229e+00  5.95229e+00
1.172370198e+00  5.8391087e+00         -inf  1.00779e+05  5.83911e+00  5.83911e+00
1.177059679e+00  5.7434328e+00         -inf  1.00779e+05  5.74343e+00  5.74343e+00
1.181767918e+00  5.6879854e+00         -inf  1.00779e+05  5.68799e+00  5.68799e+00
1.186494989e+00  5.6483660e+00         -inf  1.00779e+05  5.64837e+00  5.64837e+00
1.191240969e+00  5.6070210e+00         -inf  1.00779e+05  5.60702e+00  5.60702e+00
1.196005933e+00  5.5480156e+00         -inf  1.00779e+05  5.54802e+00  5.54802e+00
1.200789957e+00  5.7078747e+00         -inf  1.00779e+05  5.70787e+00  5.70787e+00
1.205593117e+00  6.7800973e+00         -inf  1.00779e+05  6.78010e+00  6.78010e+00
1.210415489e+00  6.0181676e+00         -inf  1.00779e+05  6.01817e+00  6.01817e+00
1.215257151e+00  5.5750985e+00         -inf  1.00779e+05  5.57510e+00  5.57510e+00
1.220118180e+00  6.4604369e+00         -inf  1.00779e+05  6.46044e+00  6.46044e+00
1.224998652e+00  5.8525655e+00         -inf  1.00779e+05  5.85257e+00  5.85257e+00
1.229898647e+00  5.4325781e+00         -inf  1.00779e+05  5.43258e+00  5.43258e+00
1.234818242e+00  5.3928510e+00         -inf  1.00779e+05  5.39285e+00  5.39285e+00
1.239757515e+00  5.3385597e+00         -inf  1.00779e+05  5.33856e+00  5.33856e+00
1.244716545e+00  5.2984426e+00         -inf  1.00779e+05  5.29844e+00  5.29844e+00
1.249695411e+00  5.2938239e+00         -inf  1.00779e+05  5.29382e+00  5.29382e+00
1.254694192e+00  5.3155725e+00         -inf  1.00779e+05  5.31557e+00  5.31557e+00
1.259712969e+00  5.4132455e+00         -inf  1.00779e+05  5.41325e+00  5.41325e+00
1.264751821e+00  5.6877908e+00         -inf  1.00779e+05  5.68779e+00  5.68779e+00
1.269810828e+00  5.9054811e+00         -inf  1.00779e+05  5.90548e+00  5.90548e+00
1.274890072e+00  5.3702621e+00         -inf  1.00779e+05  5.37026e+00  5.37026e+00
1.279989632e+00  5.2203313e+00         -inf  1.00779e+05  5.22033e+00  5.22033e+00
1.285109591e+00  5.1639769e+00         -inf  1.00779e+05  5.16398e+00  5.16398e+00
1.290250029e+00  5.2500700e+00         -inf  1.00779e+05  5.25007e+00  5.25007e+00
1.295411029e+00  5.2247731e+00         -inf  1.00779e+05  5.22477e+00  5.22477e+00
1.300592673e+00  5.1021981e+00         -inf  1.00779e+05  5.10220e+00  5.10220e+00
1.305795044e+00  5.0876248e+00         -inf  1.00779e+05  5.08762e+00  5.08762e+00
1.311018224e+00  5.1700734e+00         -inf  1.00779e+05  5.17007e+00  5.17007e+00
1.316262297e+00  5.5544214e+00         -inf  1.00779e+05  5.55442e+00  5.55442e+00
1.321527346e+00  5.4316580e+00         -inf  1.00779e+05  5.43166e+00  5.43166e+00
1.326813455e+00  5.1946007e+00         -inf  1.00779e+05  5.19460e+00  5.19460e+00
1.332120709e+00  5.6161075e+00         -inf  1.00779e+05  5.61611e+00  5.61611e+00
1.337449192e+00  5.4620150e+00         -inf  1.00779e+05  5.46202e+00  5.46202e+00
1.342798989e+00  5.6815355e+00         -inf  1.00779e+05  5.68154e+00  5.68154e+00
1.348170185e+00  5.8306417e+00         -inf  1.00779e+05  5.83064e+00  5.83064e+00
1.353562866e+00  6.5252460e+00         -inf  1.00779e+05  6.52525e+00  6.52525e+00
1.358977117e+00  7.2602883e+00         -inf  1.00779e+05  7.26029e+00  7.26029e+00
1.364413026e+00  7.5686055e+00         -inf  1.00779e+05  7.56861e+00  7.56861e+00
1.369870678e+00  7.5395496e+00         -inf  1.00779e+05  7.53955e+00  7.53955e+00
1.375350160e+00  7.4382201e+00         -inf  1.00779e+05  7.43822e+00  7.43822e+00
1.380851561e+00  7.4095087e+00         -inf  1.00779e+05  7.40951e+00  7.40951e+00
1.386374967e+00  7.3700324e+00         -inf  1.00779e+05  7.37003e+00  7.37003e+00
1.391920467e+00  7.3157576e+00         -inf  1.00779e+05  7.31576e+00  7.31576e+00
1.397488149e+00  7.2416156e+00         -inf  1.00779e+05  7.24162e+00  7.24162e+00
1.403078102e+00  7.0115505e+00         -inf  1.00779e+05  7.01155e+00  7.01155e+00
1.408690414e+00  6.5457608e+00         -inf  1.00779e+05  6.54576e+00  6.54576e+00
1.414325176e+00  5.8655976e+00         -inf  1.00779e+05  5.86560e+00  5.86560e+00
1.419982476e+00  5.4369490e+00         -inf  1.00779e+05  5.43695e+00  5.43695e+00
1.425662406e+00  5.2964872e+00         -inf  1.00779e+05  5.29649e+00  5.29649e+00
1.431365056e+00  1.0250156e+01         -inf  1.00779e+05  1.02502e+01  1.02502e+01
1.437090516e+00  1.0196046e+01         -inf  1.00779e+05  1.01960e+01  1.01960e+01
1.442838878e+00  7.7871616e+00         -inf  1.00779e+05  7.78716e+00  7.78716e+00
1.448610234e+00  5.9110195e+00         -inf  1.00779e+05  5.91102e+00  5.91102e+00
1.454404675e+00  5.1674720e+00         -inf  1.00779e+05  5.16747e+00  5.16747e+00
1.460222293e+00  5.0282166e+00         -inf  1.00779e+05  5.02822e+00  5.02822e+00
1.466063182e+00  5.0148643e+00         -inf  1.00779e+05  5.01486e+00  5.01486e+00
1.471927435e+00  5.5719310e+00         -inf  1.00779e+05  5.57193e+00  5.57193e+00
1.477815145e+00  5.3911079e+00         -inf  1.00779e+05  5.39111e+00  5.39111e+00
1.483726405e+00  4.9199372e+00         -inf  1.00779e+05  4.91994e+00  4.91994e+00
1.489661311e+00  4.7383173e+00         -inf  1.00779e+05  4.73832e+00  4.73832e+00
1.495619956e+00  4.8336452e+00         -inf  1.00779e+05  4.83365e+00  4.83365e+00
1.501602436e+00  4.7132396e+00         -inf  1.00779e+05  4.71324e+00  4.71324e+00
1.507608846e+00  4.6147951e+00         -inf  1.00779e+05  4.61480e+00  4.61480e+00
1.513639281e+00  4.6120696e+00         -inf  1.00779e+05  4.61207e+00  4.61207e+00
1.519693838e+00  4.6323781e+00         -inf  1.00779e+05  4.63238e+00  4.63238e+00
1.525772614e+00  4.7614924e+00         -inf  1.00779e+05  4.76149e+00  4.76149e+00
1.531875704e+00  5.3622989e+00         -inf  1.00779e+05  5.36230e+00  5.36230e+00
1.538003207e+00  5.7203497e+00         -inf  1.00779e+05  5.72035e+00  5.72035e+00
1.544155220e+00  5.1665872e+00         -inf  1.00779e+05  5.16659e+00  5.16659e+00
1.550331841e+00  4.5564268e+00         -inf  1.00779e+05  4.55643e+00  4.55643e+00
1.556533168e+00  4.5342952e+00         -inf  1.00779e+05  4.53430e+00  4.53430e+00
1.562759301e+00  4.5480467e+00         -inf  1.00779e+05  4.54805e+00  4.54805e+00
1.569010338e+00  6.7991163e+00         -inf  1.00779e+05  6.79912e+00  6.79912e+00
1.575286379e+00  8.5718511e+00         -inf  1.00779e+05  8.57185e+00  8.57185e+00
1.581587525e+00  6.9068514e+00         -inf  1.00779e+05  6.90685e+00  6.90685e+00
1.587913875e+00  4.7424320e+00         -inf  1.00779e+05  4.74243e+00  4.74243e+00
1.594265530e+00  4.6677651e+00         -inf  1.00779e+05  4.66777e+00  4.66777e+00
1.600642593e+00  8.1810571e+00         -inf  1.00779e+05  8.18106e+00  8.18106e+00
1.607045163e+00  8.3883874e+00         -inf  1.00779e+05  8.38839e+00  8.38839e+00
1.613473344e+00  6.5899395e+00         -inf  1.00779e+05  6.58994e+00  6.58994e+00
1.619927237e+00  4.9169730e+00         -inf  1.00779e+05  4.91697e+00  4.91697e+00
1.626406946e+00  4.8485198e+00         -inf  1.00779e+05  4.84852e+00  4.84852e+00
1.632912574e+00  5.2134916e+00         -inf  1.00779e+05  5.21349e+00  5.21349e+00
1.639444224e+00  5.7250654e+00         -inf  1.00779e+05  5.72507e+00  5.72507e+00
1.646002001e+00  5.9132313e+00         -inf  1.00779e+05  5.91323e+00  5.91323e+00
1.652586009e+00  5.7194561e+00         -inf  1.00779e+05  5.71946e+00  5.71946e+00
1.659196353e+00  4.9757540e+00         -inf  1.00779e+05  4.97575e+00  4.97575e+00
1.665833138e+00  6.5311820e+00         -inf  1.00779e+05  6.53118e+00  6.53118e+00
1.672496471e+00  4.9477483e+00         -inf  1.00779e+05  4.94775e+00  4.94775e+00
1.679186457e+00  5.0021756e+00         -inf  1.00779e+05  5.00218e+00  5.00218e+00
1.685903203e+00  5.0314374e+00         -inf  1.00779e+05  5.03144e+00  5.03144e+00
1.692646815e+00  5.1470148e+00         -inf  1.00779e+05  5.14701e+00  5.14701e+00
1.699417403e+00  5.2772780e+00         -inf  1.00779e+05  5.27728e+00  5.27728e+00
1.706215072e+00  6.1041520e+00         -inf  1.00779e+05  6.10415e+00  6.10415e+00
1.713039933e+00  5.3063970e+00         -inf  1.00779e+05  5.30640e+00  5.30640e+00
1.719892092e+00  5.1787535e+00         -inf  1.00779e+05  5.17875e+00  5.17875e+00
1.726771661e+00  5.8064088e+00         -inf  1.00779e+05  5.80641e+00  5.80641e+00
1.733678747e+00  5.1476696e+00         -inf  1.00779e+05  5.14767e+00  5.14767e+00
1.740613462e+00  4.8781806e+00         -inf  1.00779e+05  4.87818e+00  4.87818e+00
1.747575916e+00  4.7076029e+00         -inf  1.00779e+05  4.70760e+00  4.70760e+00
1.754566220e+00  4.6504919e+00         -inf  1.00779e+05  4.65049e+00  4.65049e+00
1.761584485e+00  4.6751185e+00         -inf  1.00779e+05  4.67512e+00  4.67512e+00
1.768630823e+00  5.0109710e+00         -inf  1.00779e+05  5.01097e+00  5.01097e+00
1.775705346e+00  5.2866127e+00         -inf  1.00779e+05  5.28661e+00  5.28661e+00
1.782808167e+00  4.9509250e+00         -inf  1.00779e+05  4.95092e+00  4.95092e+00
1.789939400e+00  5.6295559e+00         -inf  1.00779e+05  5.62956e+00  5.62956e+00
1.797099158e+00  4.9900531e+00         -inf  1.00779e+05  4.99005e+00  4.99005e+00
1.804287554e+00  5.1091971e+00         -inf  1.00779e+05  5.10920e+00  5.10920e+00
1.811504704e+00  5.3408867e+00         -inf  1.00779e+05  5.34089e+00  5.34089e+00
1.818750723e+00  5.7764780e+00         -inf  1.00779e+05  5.77648e+00  5.77648e+00
1.826025726e+00  6.3431755e+00         -inf  1.00779e+05  6.34318e+00  6.34318e+00
1.833329829e+00  6.7883507e+00         -inf  1.00779e+05  6.78835e+00  6.78835e+00
1.840663148e+00  7.1148946e+00         -inf  1.00779e+05  7.11489e+00  7.11489e+00
1.848025801e+00  7.2745736e+00         -inf  1.00779e+05  7.27457e+00  7.27457e+00
1.855417904e+00  7.3104416e+00         -inf  1.00779e+05  7.31044e+00  7.31044e+00
1.862839576e+00  7.2638176e+00         -inf  1.00779e+05  7.26382e+00  7.26382e+00
1.870290934e+00  7.2192012e+00         -inf  1.00779e+05  7.21920e+00  7.21920e+00
1.877772098e+00  7.8471461e+00         -inf  1.00779e+05  7.84715e+00  7.84715e+00
1.885283186e+00  7.7672256e+00         -inf  1.00779e+05  7.76723e+00  7.76723e+00
1.892824319e+00  7.0425813e+00         -inf  1.00779e+05  7.04258e+00  7.04258e+00
1.900395616e+00  6.9379357e+00         -inf  1.00779e+05  6.93794e+00  6.93794e+00
1.907997199e+00  6.8466813e+00         -inf  1.00779e+05  6.84668e+00  6.84668e+00
1.915629188e+00  6.6138599e+00         -inf  1.00779e+05  6.61386e+00  6.61386e+00
1.923291704e+00  6.1133352e+00         -inf  1.00779e+05  6.11334e+00  6.11334e+00
1.930984871e+00  5.4423374e+00         -inf  1.00779e+05  5.44234e+00  5.44234e+00
1.938708811e+00  5.4345601e+00         -inf  1.00779e+05  5.43456e+00  5.43456e+00
1.946463646e+00  9.3094564e+00         -inf  1.00779e+05  9.30946e+00  9.30946e+00
1.954249500e+00  1.6000946e+01         -inf  1.00779e+05  1.60009e+01  1.60009e+01
1.962066498e+00  1.5640881e+01         -inf  1.00779e+05  1.56409e+01  1.56409e+01
1.969914764e+00  1.3306246e+01         -inf  1.00779e+05  1.33062e+01  1.33062e+01
1.977794423e+00  7.6013053e+00         -inf  1.00779e+05  7.60131e+00  7.60131e+00
1.985705601e+00  5.7549079e+00         -inf  1.00779e+05  5.75491e+00  5.75491e+00
1.993648424e+00  7.5348706e+00         -inf  1.00779e+05  7.53487e+00  7.53487e+00
2.001623017e+00  1.8543892e+01         -inf  1.00779e+05  1.85439e+01  1.85439e+01
2.009629509e+00  1.9512216e+01         -inf  1.00779e+05  1.95122e+01  1.95122e+01
2.017668027e+00  1.7404091e+01         -inf  1.00779e+05  1.74041e+01  1.74041e+01
2.025738699e+00  1.0926307e+01         -inf  1.00779e+05  1.09263e+01  1.09263e+01
2.033841654e+00  9.4415639e+00         -inf  1.00779e+05  9.44156e+00  9.44156e+00
2.041977021e+00  1.0155287e+01         -inf  1.00779e+05  1.01553e+01  1.01553e+01
2.050144929e+00  1.3505875e+01         -inf  1.00779e+05  1.35059e+01  1.35059e+01
2.058345509e+00  1.4777032e+01         -inf  1.00779e+05  1.47770e+01  1.47770e+01
2.066578891e+00  1.4162338e+01         -inf  1.00779e+05  1.41623e+01  1.41623e+01
2.074845206e+00  1.0774780e+01         -inf  1.00779e+05  1.07748e+01  1.07748e+01
2.083144587e+00  9.0516887e+00         -inf  1.00779e+05  9.05169e+00  9.05169e+00
2.091477165e+00  7.5646252e+00         -inf  1.00779e+05  7.56463e+00  7.56463e+00
2.099843074e+00  6.3787478e+00         -inf  1.00779e+05  6.37875e+00  6.37875e+00
2.108242446e+00  6.6441938e+00         -inf  1.00779e+05  6.64419e+00  6.64419e+00
2.116675416e+00  6.1565260e+00         -inf  1.00779e+05  6.15653e+00  6.15653e+00
2.125142118e+00  5.6360412e+00         -inf  1.00779e+05  5.63604e+00  5.63604e+00
2.133642686e+00  5.2466811e+00         -inf  1.00779e+05  5.24668e+00  5.24668e+00
2.142177257e+00  5.4797019e+00         -inf  1.00779e+05  5.47970e+00  5.47970e+00
2.150745966e+00  6.3767219e+00         -inf  1.00779e+05  6.37672e+00  6.37672e+00
2.159348950e+00  6.4942481e+00         -inf  1.00779e+05  6.49425e+00  6.49425e+00
2.167986346e+00  6.2963942e+00         -inf  1.00779e+05  6.29639e+00  6.29639e+00
2.176658291e+00  5.8639431e+00         -inf  1.00779e+05  5.86394e+00  5.86394e+00
2.185364924e+00  5.1608800e+00         -inf  1.00779e+05  5.16088e+00  5.16088e+00
2.194106384e+00  5.3398780e+00         -inf  1.00779e+05  5.33988e+00  5.33988e+00
2.202882810e+00  8.0020311e+00         -inf  1.00779e+05  8.00203e+00  8.00203e+00
2.211694341e+00  4.9831867e+00         -inf  1.00779e+05  4.98319e+00  4.98319e+00
2.220541118e+00  5.6906485e+00         -inf  1.00779e+05  5.69065e+00  5.69065e+00
2.229423283e+00  6.2582116e+00         -inf  1.00779e+05  6.25821e+00  6.25821e+00
2.238340976e+00  6.6701133e+00         -inf  1.00779e+05  6.67011e+00  6.67011e+00
2.247294340e+00  7.2282943e+00         -inf  1.00779e+05  7.22829e+00  7.22829e+00
2.256283517e+00  7.9390321e+00         -inf  1.00779e+05  7.93903e+00  7.93903e+00
2.265308651e+00  8.1590881e+00         -inf  1.00779e+05  8.15909e+00  8.15909e+00
2.274369886e+00  8.6330487e+00         -inf  1.00779e+05  8.63305e+00  8.63305e+00
2.283467365e+00  8.5183911e+00         -inf  1.00779e+05  8.51839e+00  8.51839e+00
2.292601235e+00  9.3989432e+00         -inf  1.00779e+05  9.39894e+00  9.39894e+00
2.301771640e+00  1.0521933e+01         -inf  1.00779e+05  1.05219e+01  1.05219e+01
2.310978726e+00  6.8966255e+00         -inf  1.00779e+05  6.89663e+00  6.89663e+00
2.320222641e+00  9.8852628e+00         -inf  1.00779e+05  9.88526e+00  9.88526e+00
2.329503532e+00  8.5036575e+00         -inf  1.00779e+05  8.50366e+00  8.50366e+00
2.338821546e+00  9.7788945e+00         -inf  1.00779e+05  9.77889e+00  9.77889e+00
2.348176832e+00  1.0423886e+01         -inf  1.00779e+05  1.04239e+01  1.04239e+01
2.357569539e+00  8.8213781e+00         -inf  1.00779e+05  8.82138e+00  8.82138e+00
2.366999817e+00  9.0896250e+00         -inf  1.00779e+05  9.08962e+00  9.08962e+00
2.376467817e+00  9.3570295e+00         -inf  1.00779e+05  9.35703e+00  9.35703e+00
2.385973688e+00  7.5617329e+00         -inf  1.00779e+05  7.56173e+00  7.56173e+00
2.395517583e+00  7.6528269e+00         -inf  1.00779e+05  7.65283e+00  7.65283e+00
2.405099653e+00  6.4229099e+00         -inf  1.00779e+05  6.42291e+00  6.42291e+00
2.414720052e+00  5.5685866e+00         -inf  1.00779e+05  5.56859e+00  5.56859e+00
2.424378932e+00  6.4632943e+00         -inf  1.00779e+05  6.46329e+00  6.46329e+00
2.434076448e+00  5.5264448e+00         -inf  1.00779e+05  5.52644e+00  5.52644e+00
2.443812753e+00  5.1585175e+00         -inf  1.00779e+05  5.15852e+00  5.15852e+00
2.453588004e+00  5.0194389e+00         -inf  1.00779e+05  5.01944e+00  5.01944e+00
2.463402356e+00  4.8597753e+00         -inf  1.00779e+05  4.85978e+00  4.85978e+00
2.473255966e+00  4.8490153e+00         -inf  1.00779e+05  4.84902e+00  4.84902e+00
2.483148990e+00  5.5143852e+00         -inf  1.00779e+05  5.51439e+00  5.51439e+00
2.493081586e+00  5.4395767e+00         -inf  1.00779e+05  5.43958e+00  5.43958e+00
2.503053912e+00  5.5282851e+00         -inf  1.00779e+05  5.52829e+00  5.52829e+00
2.513066128e+00  5.7300641e+00         -inf  1.00779e+05  5.73006e+00  5.73006e+00
2.523118392e+00  6.0615270e+00         -inf  1.00779e+05  6.06153e+00  6.06153e+00
2.533210866e+00  6.5489719e+00         -inf  1.00779e+05  6.54897e+00  6.54897e+00
2.543343709e+00  6.8978549e+00         -inf  1.00779e+05  6.89785e+00  6.89786e+00
2.553517084e+00  7.7128478e+00         -inf  1.00779e+05  7.71285e+00  7.71285e+00
2.563731152e+00  8.7267097e+00         -inf  1.00779e+05  8.72671e+00  8.72671e+00
2.573986077e+00  9.1898141e+00         -inf  1.00779e+05  9.18981e+00  9.18981e+00
2.584282021e+00  9.7551973e+00         -inf  1.00779e+05  9.75520e+00  9.75520e+00
2.594619149e+00  1.0328312e+01         -inf  1.00779e+05  1.03283e+01  1.03283e+01
2.604997626e+00  1.0273673e+01         -inf  1.00779e+05  1.02737e+01  1.02737e+01
2.615417616e+00  1.0336976e+01         -inf  1.00779e+05  1.03370e+01  1.03370e+01
2.625879287e+00  9.8649254e+00         -inf  1.00779e+05  9.86493e+00  9.86493e+00
2.636382804e+00  9.5902026e+00         -inf  1.00779e+05  9.59020e+00  9.59020e+00
2.646928335e+00  9.5667705e+00         -inf  1.00779e+05  9.56677e+00  9.56677e+00
2.657516049e+00  1.0402224e+01         -inf  1.00779e+05  1.04022e+01  1.04022e+01
2.668146113e+00  1.9224479e+01         -inf  1.00779e+05  1.92245e+01  1.92245e+01
2.678818697e+00  3.0090139e+01         -inf  1.00779e+05  3.00901e+01  3.00901e+01
2.689533972e+00  2.9604179e+01         -inf  1.00779e+05  2.96042e+01  2.96042e+01
2.700292108e+00  3.0306179e+01         -inf  1.00779e+05  3.03062e+01  3.03062e+01
2.711093276e+00  2.6632890e+01         -inf  1.00779e+05  2.66329e+01  2.66329e+01
2.721937650e+00  2.0641318e+01         -inf  1.00779e+05  2.06413e+01  2.06413e+01
2.732825400e+00  1.8951032e+01         -inf  1.00779e+05  1.89510e+01  1.89510e+01
2.743756702e+00  2.2914647e+01         -inf  1.00779e+05  2.29146e+01  2.29146e+01
2.754731729e+00  2.8887998e+01         -inf  1.00779e+05  2.88880e+01  2.88880e+01
2.765750655e+00  2.8204097e+01         -inf  1.00779e+05  2.82041e+01  2.82041e+01
2.776813658e+00  2.9465780e+01         -inf  1.00779e+05  2.94658e+01  2.94658e+01
2.787920913e+00  2.6759091e+01         -inf  1.00779e+05  2.67591e+01  2.67591e+01
2.799072596e+00  2.2698273e+01         -inf  1.00779e+05  2.26983e+01  2.26983e+01
2.810268887e+00  2.0350364e+01         -inf  1.00779e+05  2.03504e+01  2.03504e+01
2.821509962e+00  1.8206569e+01         -inf  1.00779e+05  1.82066e+01  1.82066e+01
2.832796002e+00  1.5134667e+01         -inf  1.00779e+05  1.51347e+01  1.51347e+01
2.844127186e+00  1.5641495e+01         -inf  1.00779e+05  1.56415e+01  1.56415e+01
2.855503695e+00  1.3868794e+01         -inf  1.00779e+05  1.38688e+01  1.38688e+01
2.866925710e+00  1.4115061e+01         -inf  1.00779e+05  1.41151e+01  1.41151e+01
2.878393413e+00  1.2309684e+01         -inf  1.00779e+05  1.23097e+01  1.23097e+01
2.889906986e+00  1.1338785e+01         -inf  1.00779e+05  1.13388e+01  1.13388e+01
2.901466614e+00  8.3358781e+00         -inf  1.00779e+05  8.33588e+00  8.33588e+00
2.913072481e+00  5.9400002e+00         -inf  1.00779e+05  5.94000e+00  5.94000e+00
2.924724770e+00  5.1205024e+00         -inf  1.00779e+05  5.12050e+00  5.12051e+00
2.936423670e+00  4.6200572e+00         -inf  1.00779e+05  4.62006e+00  4.62006e+00
2.948169364e+00  5.0760212e+00         -inf  1.00779e+05  5.07602e+00  5.07602e+00
2.959962042e+00  6.8589645e+00         -inf  1.00779e+05  6.85896e+00  6.85897e+00
2.971801890e+00  6.7242476e+00         -inf  1.00779e+05  6.72425e+00  6.72425e+00
2.983689097e+00  7.4492630e+00         -inf  1.00779e+05  7.44926e+00  7.44927e+00
2.995623854e+00  5.7325722e+00         -inf  1.00779e+05  5.73257e+00  5.73258e+00
3.007606349e+00  5.3673903e+00         -inf  1.00779e+05  5.36739e+00  5.36740e+00
3.019636775e+00  5.2762903e+00         -inf  1.00779e+05  5.27629e+00  5.27630e+00
3.031715322e+00  4.6313281e+00         -inf  1.00779e+05  4.63133e+00  4.63133e+00
3.043842183e+00  4.5291298e+00         -inf  1.00779e+05  4.52913e+00  4.52914e+00
3.056017552e+00  4.5638267e+00         -inf  1.00779e+05  4.56383e+00  4.56383e+00
3.068241622e+00  4.5857629e+00         -inf  1.00779e+05  4.58576e+00  4.58577e+00
3.080514588e+00  4.6140704e+00         -inf  1.00779e+05  4.61407e+00  4.61408e+00
3.092836647e+00  4.6470853e+00         -inf  1.00779e+05  4.64709e+00  4.64709e+00
3.105207993e+00  4.7276717e+00         -inf  1.00779e+05  4.72767e+00  4.72768e+00
3.117628825e+00  5.0139517e+00         -inf  1.00779e+05  5.01395e+00  5.01396e+00
3.130099341e+00  5.4210384e+00         -inf  1.00779e+05  5.42104e+00  5.42105e+00
3.142619738e+00  5.0617051e+00         -inf  1.00779e+05  5.06171e+00  5.06172e+00
3.155190217e+00  5.9545875e+00         -inf  1.00779e+05  5.95459e+00  5.95460e+00
3.167810978e+00  5.9060683e+00         -inf  1.00779e+05  5.90607e+00  5.90608e+00
3.180482222e+00  7.6563559e+00         -inf  1.00779e+05  7.65636e+00  7.65637e+00
3.193204151e+00  7.9349007e+00         -inf  1.00779e+05  7.93490e+00  7.93492e+00
3.205976967e+00  8.9780937e+00         -inf  1.00779e+05  8.97809e+00  8.97811e+00
3.218800875e+00  1.0348977e+01         -inf  1.00779e+05  1.03490e+01  1.03490e+01
3.231676079e+00  1.0005044e+01         -inf  1.00779e+05  1.00050e+01  1.00051e+01
3.244602783e+00  1.1653452e+01         -inf  1.00779e+05  1.16535e+01  1.16535e+01
3.257581194e+00  1.2347396e+01         -inf  1.00779e+05  1.23474e+01  1.23474e+01
3.270611519e+00  1.1802658e+01         -inf  1.00779e+05  1.18027e+01  1.18027e+01
3.283693965e+00  9.3194199e+00         -inf  1.00779e+05  9.31942e+00  9.31945e+00
3.296828741e+00  1.0102470e+01         -inf  1.00779e+05  1.01025e+01  1.01025e+01
3.310016056e+00  1.7674123e+01         -inf  1.00779e+05  1.76741e+01  1.76742e+01
3.323256120e+00  1.5610085e+01         -inf  1.00779e+05  1.56101e+01  1.56101e+01
3.336549144e+00  7.9601587e+00         -inf  1.00779e+05  7.96016e+00  7.96020e+00
3.349895341e+00  8.9129867e+00         -inf  1.00779e+05  8.91299e+00  8.91303e+00
3.363294922e+00  1.1118888e+01         -inf  1.00779e+05  1.11189e+01  1.11189e+01
3.376748102e+00  1.1211617e+01         -inf  1.00779e+05  1.12116e+01  1.12117e+01
3.390255094e+00  1.1157688e+01         -inf  1.00779e+05  1.11577e+01  1.11577e+01
3.403816115e+00  1.0481910e+01         -inf  1.00779e+05  1.04819e+01  1.04820e+01
3.417431379e+00  8.7289030e+00         -inf  1.00779e+05  8.72890e+00  8.72897e+00
3.431101105e+00  9.0690424e+00         -inf  1.00779e+05  9.06904e+00  9.06911e+00
3.444825509e+00  8.9068566e+00         -inf  1.00779e+05  8.90686e+00  8.90693e+00
3.458604811e+00  8.0402342e+00         -inf  1.00779e+05  8.04023e+00  8.04031e+00
3.472439231e+00  8.9770613e+00         -inf  1.00779e+05  8.97706e+00  8.97714e+00
3.486328987e+00  8.6340991e+00         -inf  1.00779e+05  8.63410e+00  8.63418e+00
3.500274303e+00  7.4886602e+00         -inf  1.00779e+05  7.48866e+00  7.48874e+00
3.514275401e+00  5.9468097e+00         -inf  1.00779e+05  5.94681e+00  5.94689e+00
3.528332502e+00  6.9473871e+00         -inf  1.00779e+05  6.94739e+00  6.94748e+00
3.542445832e+00  9.7141479e+00         -inf  1.00779e+05  9.71415e+00  9.71426e+00
3.556615616e+00  7.4730326e+00         -inf  1.00779e+05  7.47303e+00  7.47314e+00
3.570842078e+00  9.2089705e+00         -inf  1.00779e+05  9.20897e+00  9.20909e+00
3.585125446e+00  8.7813064e+00         -inf  1.00779e+05  8.78131e+00  8.78143e+00
3.599465948e+00  7.2020800e+00         -inf  1.00779e+05  7.20208e+00  7.20221e+00
3.613863812e+00  6.9457324e+00         -inf  1.00779e+05  6.94573e+00  6.94587e+00
3.628319267e+00  6.3759659e+00         -inf  1.00779e+05  6.37597e+00  6.37611e+00
3.642832544e+00  6.6342703e+00         -inf  1.00779e+05  6.63427e+00  6.63443e+00
3.657403874e+00  5.1202391e+00         -inf  1.00779e+05  5.12024e+00  5.12040e+00
3.672033490e+00  5.4869068e+00         -inf  1.00779e+05  5.48691e+00  5.48708e+00
3.686721624e+00  5.6401737e+00         -inf  1.00779e+05  5.64017e+00  5.64036e+00
3.701468510e+00  5.0784850e+00         -inf  1.00779e+05  5.07848e+00  5.07868e+00
3.716274384e+00  5.5704124e+00         -inf  1.00779e+05  5.57041e+00  5.57062e+00
3.731139482e+00  6.0045317e+00         -inf  1.00779e+05  6.00453e+00  6.00476e+00
3.746064040e+00  5.6794855e+00         -inf  1.00779e+05  5.67949e+00  5.67972e+00
3.761048296e+00  5.4691257e+00         -inf  1.00779e+05  5.46913e+00  5.46938e+00
3.776092489e+00  5.7569134e+00         -inf  1.00779e+05  5.75691e+00  5.75718e+00
3.791196859e+00  6.4539812e+00         -inf  1.00779e+05  6.45398e+00  6.45427e+00
3.806361647e+00  6.8324738e+00         -inf  1.00779e+05  6.83247e+00  6.83278e+00
3.821587093e+00  6.6018531e+00         -inf  1.00779e+05  6.60185e+00  6.60218e+00
3.836873442e+00  7.4896772e+00         -inf  1.00779e+05  7.48968e+00  7.49003e+00
3.852220935e+00  8.5322294e+00         -inf  1.00779e+05  8.53223e+00  8.53263e+00
3.867629819e+00  1.1272882e+01         -inf  1.00779e+05  1.12729e+01  1.12734e+01
3.883100338e+00  1.3340144e+01         -inf  1.00779e+05  1.33401e+01  1.33407e+01
3.898632740e+00  1.1952319e+01         -inf  1.00779e+05  1.19523e+01  1.19529e+01
3.914227271e+00  1.2834943e+01         -inf  1.00779e+05  1.28349e+01  1.28356e+01
3.929884180e+00  1.2244950e+01         -inf  1.00779e+05  1.22449e+01  1.22456e+01
3.945603716e+00  1.1227000e+01         -inf  1.00779e+05  1.12270e+01  1.12277e+01
3.961386131e+00  1.0794857e+01         -inf  1.00779e+05  1.07949e+01  1.07956e+01
3.977231676e+00  1.1325029e+01         -inf  1.00779e+05  1.13250e+01  1.13258e+01
3.993140603e+00  1.1745977e+01         -inf  1.00779e+05  1.17460e+01  1.17468e+01
4.009113165e+00  1.2611618e+01         -inf  1.00779e+05  1.26116e+01  1.26126e+01
4.025149618e+00  1.3631676e+01         -inf  1.00779e+05  1.36317e+01  1.36328e+01
4.041250216e+00  1.4648209e+01         -inf  1.00779e+05  1.46482e+01  1.46495e+01
4.057415217e+00  1.4911896e+01         -inf  1.00779e+05  1.49119e+01  1.49133e+01
4.073644878e+00  1.5574775e+01         -inf  1.00779e+05  1.55748e+01  1.55763e+01
4.089939457e+00  1.5972759e+01         -inf  1.00779e+05  1.59728e+01  1.59744e+01
4.106299215e+00  1.6099459e+01         -inf  1.00779e+05  1.60995e+01  1.61013e+01
4.122724412e+00  1.6302307e+01         -inf  1.00779e+05  1.63023e+01  1.63043e+01
4.139215310e+00  1.6546141e+01         -inf  1.00779e+05  1.65461e+01  1.65482e+01
4.155772171e+00  1.6744014e+01         -inf  1.00779e+05  1.67440e+01  1.67463e+01
4.172395260e+00  1.7895967e+01         -inf  1.00779e+05  1.78960e+01  1.78984e+01
4.189084841e+00  2.2914293e+01         -inf  1.00779e+05  2.29143e+01  2.29152e+01
4.205841180e+00  3.2260687e+01         -inf  1.00779e+05  3.22607e+01  3.22608e+01
4.222664545e+00  4.0130478e+01         -inf  1.00779e+05  4.01305e+01  4.01306e+01
4.239555203e+00  4.3225819e+01         -inf  1.00779e+05  4.32258e+01  4.32259e+01
4.256513424e+00  4.1243251e+01         -inf  1.00779e+05  4.12433e+01  4.12434e+01
4.273539477e+00  4.2854661e+01         -inf  1.00779e+05  4.28547e+01  4.28548e+01
4.290633635e+00  4.1580686e+01         -inf  1.00779e+05  4.15807e+01  4.15808e+01
4.307796170e+00  3.8888523e+01         -inf  1.00779e+05  3.88885e+01  3.88886e+01
4.325027355e+00  3.5465525e+01         -inf  1.00779e+05  3.54655e+01  3.54656e+01
4.342327464e+00  3.2987216e+01         -inf  1.00779e+05  3.29872e+01  3.29873e+01
4.359696774e+00  3.1876182e+01         -inf  1.00779e+05  3.18762e+01  3.18763e+01
4.377135561e+00  2.9632740e+01         -inf  1.00779e+05  2.96327e+01  2.96331e+01
4.394644103e+00  2.9668155e+01         -inf  1.00779e+05  2.96682e+01  2.96684e+01
4.412222680e+00  2.8854386e+01         -inf  1.00779e+05  2.88544e+01  2.88548e+01
4.429871570e+00  2.6658297e+01         -inf  1.00779e+05  2.66583e+01  2.66593e+01
4.447591057e+00  2.3258071e+01         -inf  1.00779e+05  2.32581e+01  2.32606e+01
4.465381421e+00  2.2647173e+01         -inf  1.00779e+05  2.26472e+01  2.26499e+01
4.483242946e+00  2.2583095e+01         -inf  1.00779e+05  2.25831e+01  2.25861e+01
4.501175918e+00  2.0721005e+01         -inf  1.00779e+05  2.07210e+01  2.07254e+01
4.519180622e+00  2.2062410e+01         -inf  1.00779e+05  2.20624e+01  2.20662e+01
4.537257344e+00  2.0846343e+01         -inf  1.00779e+05  2.08463e+01  2.08511e+01
4.555406374e+00  1.8993422e+01         -inf  1.00779e+05  1.89934e+01  1.89993e+01
4.573627999e+00  1.6883678e+01         -inf  1.00779e+05  1.68837e+01  1.68902e+01
4.591922511e+00  1.3901117e+01         -inf  1.00779e+05  1.39011e+01  1.39072e+01
4.610290201e+00  1.2179125e+01         -inf  1.00779e+05  1.21791e+01  1.21847e+01
4.628731362e+00  1.0733826e+01         -inf  1.00779e+05  1.07338e+01  1.07392e+01
4.647246288e+00  9.4983584e+00         -inf  1.00779e+05  9.49836e+00  9.50364e+00
4.665835273e+00  8.4028599e+00         -inf  1.00779e+05  8.40286e+00  8.40820e+00
4.684498614e+00  8.7123222e+00         -inf  1.00779e+05  8.71232e+00  8.71782e+00
4.703236608e+00  1.6679056e+01         -inf  1.00779e+05  1.66791e+01  1.66849e+01
4.722049555e+00  1.8107789e+01         -inf  1.00779e+05  1.81078e+01  1.81137e+01
4.740937753e+00  1.5682482e+01         -inf  1.00779e+05  1.56825e+01  1.56888e+01
4.759901504e+00  1.6260056e+01         -inf  1.00779e+05  1.62601e+01  1.62666e+01
4.778941110e+00  1.5765646e+01         -inf  1.00779e+05  1.57656e+01  1.57731e+01
4.798056874e+00  1.4719063e+01         -inf  1.00779e+05  1.47191e+01  1.47275e+01
4.817249102e+00  1.7618358e+01         -inf  1.00779e+05  1.76184e+01  1.76277e+01
4.836518098e+00  1.5067006e+01         -inf  1.00779e+05  1.50670e+01  1.50774e+01
4.855864171e+00  1.4780352e+01         -inf  1.00779e+05  1.47804e+01  1.47915e+01
4.875287627e+00  1.2619246e+01         -inf  1.00779e+05  1.26192e+01  1.26304e+01
4.894788778e+00  1.0095461e+01         -inf  1.00779e+05  1.00955e+01  1.01060e+01
4.914367933e+00  9.3687791e+00         -inf  1.00779e+05  9.36878e+00  9.37896e+00
4.934025405e+00  7.4285192e+00         -inf  1.00779e+05  7.42852e+00  7.43847e+00
4.953761506e+00  7.3419052e+00         -inf  1.00779e+05  7.34191e+00  7.35233e+00
4.973576552e+00  6.3769230e+00         -inf  1.00779e+05  6.37692e+00  6.38768e+00
4.993470859e+00  5.7516509e+00         -inf  1.00779e+05  5.75165e+00  5.76280e+00
5.013444742e+00  4.6316876e+00         -inf  1.00779e+05  4.63169e+00  4.64324e+00
5.033498521e+00  4.6193196e+00         -inf  1.00779e+05  4.61932e+00  4.63142e+00
5.053632515e+00  4.7261322e+00         -inf  1.00779e+05  4.72613e+00  4.73883e+00
5.073847045e+00  5.1184925e+00         -inf  1.00779e+05  5.11849e+00  5.13188e+00
5.094142433e+00  5.6706857e+00         -inf  1.00779e+05  5.67069e+00  5.68485e+00
5.114519003e+00  5.8197192e+00         -inf  1.00779e+05  5.81972e+00  5.83455e+00
5.134977079e+00  5.3976714e+00         -inf  1.00779e+05  5.39767e+00  5.41305e+00
5.155516987e+00  6.2904957e+00         -inf  1.00779e+05  6.29050e+00  6.30682e+00
5.176139055e+00  1.1212105e+01         -inf  1.00779e+05  1.12121e+01  1.12314e+01
5.196843612e+00  8.7718241e+00         -inf  1.00779e+05  8.77182e+00  8.79101e+00
5.217630986e+00  9.9387373e+00         -inf  1.00779e+05  9.93874e+00  9.95989e+00
5.238501510e+00  8.9662210e+00         -inf  1.00779e+05  8.96622e+00  8.98802e+00
5.259455516e+00  8.0161677e+00         -inf  1.00779e+05  8.01617e+00  8.03812e+00
5.280493338e+00  7.0938854e+00         -inf  1.00779e+05  7.09389e+00  7.11602e+00
5.301615311e+00  6.8417698e+00         -inf  1.00779e+05  6.84177e+00  6.86468e+00
5.322821773e+00  7.5701256e+00         -inf  1.00779e+05  7.57013e+00  7.59444e+00
5.344113060e+00  6.9824293e+00         -inf  1.00779e+05  6.98243e+00  7.00787e+00
5.365489512e+00  7.0656644e+00         -inf  1.00779e+05  7.06566e+00  7.09255e+00
5.386951470e+00  7.0529316e+00         -inf  1.00779e+05  7.05293e+00  7.08131e+00
5.408499276e+00  7.0739839e+00         -inf  1.00779e+05  7.07398e+00  7.10394e+00
5.430133273e+00  7.1489180e+00         -inf  1.00779e+05  7.14892e+00  7.18052e+00
5.451853806e+00  7.2731975e+00         -inf  1.00779e+05  7.27320e+00  7.30664e+00
5.473661221e+00  7.4537490e+00         -inf  1.00779e+05  7.45375e+00  7.48923e+00
5.495555866e+00  7.6858159e+00         -inf  1.00779e+05  7.68582e+00  7.72356e+00
5.517538090e+00  7.8913075e+00         -inf  1.00779e+05  7.89131e+00  7.93143e+00
5.539608242e+00  7.9749099e+00         -inf  1.00779e+05  7.97491e+00  8.01766e+00
5.561766675e+00  7.9771287e+00         -inf  1.00779e+05  7.97713e+00  8.02272e+00
5.584013742e+00  8.1649424e+00         -inf  1.00779e+05  8.16494e+00  8.21351e+00
5.606349797e+00  8.3295063e+00         -inf  1.00779e+05  8.32951e+00  8.38125e+00
5.628775196e+00  8.4139863e+00         -inf  1.00779e+05  8.41399e+00  8.46912e+00
5.651290297e+00  8.4919057e+00         -inf  1.00779e+05  8.49191e+00  8.55065e+00
5.673895458e+00  8.6138490e+00         -inf  1.00779e+05  8.61385e+00  8.67651e+00
5.696591040e+00  8.7167805e+00         -inf  1.00779e+05  8.71678e+00  8.78354e+00
5.719377404e+00  9.0557837e+00         -inf  1.00779e+05  9.05578e+00  9.12685e+00
5.742254913e+00  1.0119411e+01         -inf  1.00779e+05  1.01194e+01  1.01951e+01
5.765223933e+00  1.0342166e+01         -inf  1.00779e+05  1.03422e+01  1.04229e+01
5.788284829e+00  9.8605430e+00         -inf  1.00779e+05  9.86054e+00  9.94680e+00
5.811437968e+00  1.0069540e+01         -inf  1.00779e+05  1.00695e+01  1.01615e+01
5.834683720e+00  1.0402047e+01         -inf  1.00779e+05  1.04020e+01  1.04996e+01
5.858022455e+00  1.0221902e+01         -inf  1.00779e+05  1.02219e+01  1.03250e+01
5.881454545e+00  9.9698860e+00         -inf  1.00779e+05  9.96989e+00  1.00785e+01
5.904980363e+00  9.7817440e+00         -inf  1.00779e+05  9.78174e+00  9.89587e+00
5.928600284e+00  9.7164846e+00         -inf  1.00779e+05  9.71648e+00  9.83610e+00
5.952314685e+00  9.7367693e+00         -inf  1.00779e+05  9.73677e+00  9.86192e+00
5.976123944e+00  9.7215218e+00         -inf  1.00779e+05  9.72152e+00  9.85175e+00
6.000028440e+00  9.7675994e+00         -inf  1.00779e+05  9.76760e+00  9.90277e+00
6.024028554e+00  9.7432820e+00         -inf  1.00779e+05  9.74328e+00  9.88323e+00
6.048124668e+00  9.7677123e+00         -inf  1.00779e+05  9.76771e+00  9.91197e+00
6.072317167e+00  9.7631209e+00         -inf  1.00779e+05  9.76312e+00  9.91161e+00
6.096606435e+00  9.7327218e+00         -inf  1.00779e+05  9.73272e+00  9.88535e+00
6.120992861e+00  9.7470192e+00         -inf  1.00779e+05  9.74702e+00  9.90348e+00
6.145476832e+00  9.6614710e+00         -inf  1.00779e+05  9.66147e+00  9.82160e+00
6.170058740e+00  9.6690743e+00         -inf  1.00779e+05  9.66907e+00  9.83265e+00
6.194738975e+00  9.6207987e+00         -inf  1.00779e+05  9.62080e+00  9.78853e+00
6.219517931e+00  9.6265539e+00         -inf  1.00779e+05  9.62655e+00  9.79905e+00
6.244396002e+00  9.5816601e+00         -inf  1.00779e+05  9.58166e+00  9.76015e+00
6.269373586e+00  9.4821251e+00         -inf  1.00779e+05  9.48213e+00  9.66784e+00
6.294451081e+00  9.6922537e+00         -inf  1.00779e+05  9.69225e+00  9.88588e+00
6.319628885e+00  9.5535757e+00         -inf  1.00779e+05  9.55358e+00  9.75644e+00
6.344907401e+00  9.7832295e+00         -inf  1.00779e+05  9.78323e+00  9.99543e+00
6.370287030e+00  9.6632615e+00         -inf  1.00779e+05  9.66326e+00  9.88526e+00
6.395768178e+00  9.7875551e+00         -inf  1.00779e+05  9.78756e+00  1.00192e+01
6.421351251e+00  9.8338728e+00         -inf  1.00779e+05  9.83387e+00  1.00751e+01
6.447036656e+00  9.9701303e+00         -inf  1.00779e+05  9.97013e+00  1.02205e+01
6.472824803e+00  1.0206873e+01         -inf  1.00779e+05  1.02069e+01  1.04657e+01
6.498716102e+00  1.1131920e+01         -inf  1.00779e+05  1.11319e+01  1.13982e+01
6.524710966e+00  1.0176195e+01         -inf  1.00779e+05  1.01762e+01  1.04512e+01
6.550809810e+00  9.6351480e+00         -inf  1.00779e+05  9.63515e+00  9.91798e+00
6.577013049e+00  9.5703338e+00         -inf  1.00779e+05  9.57033e+00  9.85998e+00
6.603321102e+00  9.5005330e+00         -inf  1.00779e+05  9.50053e+00  9.79622e+00
6.629734386e+00  9.4139762e+00         -inf  1.00779e+05  9.41398e+00  9.71541e+00
6.656253324e+00  9.4643899e+00         -inf  1.00779e+05  9.46439e+00  9.77120e+00
6.682878337e+00  9.2925114e+00         -inf  1.00779e+05  9.29251e+00  9.60453e+00
6.709609850e+00  9.2166086e+00         -inf  1.00779e+05  9.21661e+00  9.53335e+00
6.736448290e+00  9.2546277e+00         -inf  1.00779e+05  9.25463e+00  9.57597e+00
6.763394083e+00  8.9696365e+00         -inf  1.00779e+05  8.96964e+00  9.29522e+00
6.790447659e+00  9.3784728e+00         -inf  1.00779e+05  9.37847e+00  9.70736e+00
6.817609450e+00  8.9290874e+00         -inf  1.00779e+05  8.92909e+00  9.26135e+00
6.844879888e+00  8.8398479e+00         -inf  1.00779e+05  8.83985e+00  9.17549e+00
6.872259407e+00  8.7256747e+00         -inf  1.00779e+05  8.72567e+00  9.06513e+00
6.899748445e+00  8.7773620e+00         -inf  1.00779e+05  8.77736e+00  9.12084e+00
6.927347438e+00  8.4352357e+00         -inf  1.00779e+05  8.43524e+00  8.78169e+00
6.955056828e+00  8.1663210e+00         -inf  1.00779e+05  8.16632e+00  8.51547e+00
6.982877056e+00  8.1733060e+00         -inf  1.00779e+05  8.17331e+00  8.52597e+00
7.010808564e+00  7.9982677e+00         -inf  1.00779e+05  7.99827e+00  8.35390e+00
7.038851798e+00  7.6647745e+00         -inf  1.00779e+05  7.66477e+00  8.02270e+00
7.067007205e+00  7.5342225e+00         -inf  1.00779e+05  7.53422e+00  7.89606e+00
7.095275234e+00  7.4224508e+00         -inf  1.00779e+05  7.42245e+00  7.78823e+00
7.123656335e+00  7.2093903e+00         -inf  1.00779e+05  7.20939e+00  7.57996e+00
7.152150960e+00  7.1901126e+00         -inf  1.00779e+05  7.19011e+00  7.56602e+00
7.180759564e+00  7.0903641e+00         -inf  1.00779e+05  7.09036e+00  7.47272e+00
7.209482602e+00  7.3810137e+00         -inf  1.00779e+05  7.38101e+00  7.77186e+00
7.238320533e+00  7.7934227e+00         -inf  1.00779e+05  7.79342e+00  8.19777e+00
7.267273815e+00  8.4935802e+00         -inf  1.00779e+05  8.49358e+00  8.91462e+00
7.296342910e+00  8.4043829e+00         -inf  1.00779e+05  8.40438e+00  8.83901e+00
7.325528282e+00  9.7782701e+00         -inf  1.00779e+05  9.77827e+00  1.02418e+01
7.354830395e+00  1.1239601e+01         -inf  1.00779e+05  1.12396e+01  1.17304e+01
7.384249717e+00  1.2550894e+01         -inf  1.00779e+05  1.25509e+01  1.30516e+01
7.413786715e+00  1.1833647e+01         -inf  1.00779e+05  1.18336e+01  1.23309e+01
7.443441862e+00  1.3229406e+01         -inf  1.00779e+05  1.32294e+01  1.37289e+01
7.473215630e+00  1.2846545e+01         -inf  1.00779e+05  1.28465e+01  1.33598e+01
7.503108492e+00  1.3468021e+01         -inf  1.00779e+05  1.34680e+01  1.39770e+01
7.533120926e+00  1.2756809e+01         -inf  1.00779e+05  1.27568e+01  1.32839e+01
7.563253410e+00  1.1187678e+01         -inf  1.00779e+05  1.11877e+01  1.17463e+01
7.593506424e+00  1.1218406e+01         -inf  1.00779e+05  1.12184e+01  1.18190e+01
7.623880449e+00  1.3147617e+01         -inf  1.00779e+05  1.31476e+01  1.38039e+01
7.654375971e+00  1.8361980e+01         -inf  1.00779e+05  1.83620e+01  1.89234e+01
7.684993475e+00  1.9329830e+01         -inf  1.00779e+05  1.93298e+01  1.99565e+01
7.715733449e+00  1.8273439e+01         -inf  1.00779e+05  1.82734e+01  1.89622e+01
7.746596383e+00  1.7042177e+01         -inf  1.00779e+05  1.70422e+01  1.77573e+01
7.777582768e+00  1.5157038e+01         -inf  1.00779e+05  1.51570e+01  1.58764e+01
7.808693099e+00  1.6441641e+01         -inf  1.00779e+05  1.64416e+01  1.72023e+01
7.839927872e+00  1.7226362e+01         -inf  1.00779e+05  1.72264e+01  1.80172e+01
7.871287583e+00  1.7021395e+01         -inf  1.00779e+05  1.70214e+01  1.78208e+01
7.902772733e+00  1.5684246e+01         -inf  1.00779e+05  1.56842e+01  1.65182e+01
7.934383824e+00  1.4539872e+01         -inf  1.00779e+05  1.45399e+01  1.53894e+01
7.966121360e+00  1.2493252e+01         -inf  1.00779e+05  1.24933e+01  1.33495e+01
7.997985845e+00  1.0671152e+01         -inf  1.00779e+05  1.06712e+01  1.15212e+01
8.029977788e+00  1.0564346e+01         -inf  1.00779e+05  1.05643e+01  1.14428e+01
8.062097700e+00  8.9478387e+00         -inf  1.00779e+05  8.94784e+00  9.81895e+00
8.094346090e+00  7.7874619e+00         -inf  1.00779e+05  7.78746e+00  8.66514e+00
8.126723475e+00  6.5862484e+00         -inf  1.00779e+05  6.58625e+00  7.46246e+00
8.159230369e+00  5.7853422e+00         -inf  1.00779e+05  5.78534e+00  6.66993e+00
8.191867290e+00  6.3541919e+00         -inf  1.00779e+05  6.35419e+00  7.27233e+00
8.224634759e+00  4.9233940e+00         -inf  1.00779e+05  4.92339e+00  5.84205e+00
8.257533298e+00  4.9506289e+00         -inf  1.00779e+05  4.95063e+00  5.89445e+00
8.290563432e+00  4.0766197e+00         -inf  1.00779e+05  4.07662e+00  5.03077e+00
8.323725685e+00  4.8916514e+00         -inf  1.00779e+05  4.89165e+00  5.87937e+00
8.357020588e+00  5.2060644e+00         -inf  1.00779e+05  5.20606e+00  6.22092e+00
8.390448670e+00  6.3148946e+00         -inf  1.00779e+05  6.31489e+00  7.37040e+00
8.424010465e+00  6.9065697e+00         -inf  1.00779e+05  6.90657e+00  7.99403e+00
8.457706507e+00  8.0189758e+00         -inf  1.00779e+05  8.01898e+00  9.14595e+00
8.491537333e+00  7.8926693e+00         -inf  1.00779e+05  7.89267e+00  9.04373e+00
8.525503482e+00  7.7135033e+00         -inf  1.00779e+05  7.71350e+00  8.88376e+00
8.559605496e+00  5.8899660e+00         -inf  1.00779e+05  5.88997e+00  7.06744e+00
8.593843918e+00  7.4862935e+00         -inf  1.00779e+05  7.48629e+00  8.70964e+00
8.628219294e+00  8.1349797e+00         -inf  1.00779e+05  8.13498e+00  9.40319e+00
8.662732171e+00  8.1686675e+00         -inf  1.00779e+05  8.16867e+00  9.47216e+00
8.697383100e+00  7.9842908e+00         -inf  1.00779e+05  7.98429e+00  9.31573e+00
8.732172632e+00  7.1379736e+00         -inf  1.00779e+05  7.13797e+00  8.48756e+00
8.767101323e+00  6.2448977e+00         -inf  1.00779e+05  6.24490e+00  7.61175e+00
8.802169728e+00  6.1082357e+00         -inf  1.00779e+05  6.10824e+00  7.49682e+00
8.837378407e+00  5.9924085e+00         -inf  1.00779e+05  5.99241e+00  7.40706e+00
8.872727920e+00  5.7116584e+00         -inf  1.00779e+05  5.71166e+00  7.15704e+00
8.908218832e+00  5.7072850e+00         -inf  1.00779e+05  5.70729e+00  7.18612e+00
8.943851707e+00  5.7270645e+00         -inf  1.00779e+05  5.72706e+00  7.24086e+00
8.979627114e+00  5.2325748e+00         -inf  1.00779e+05  5.23257e+00  6.78412e+00
9.015545623e+00  4.5967342e+00         -inf  1.00779e+05  4.59673e+00  6.18761e+00
9.051607805e+00  4.7211454e+00         -inf  1.00779e+05  4.72115e+00  6.35053e+00
9.087814236e+00  4.8829316e+00         -inf  1.00779e+05  4.88293e+00  6.55095e+00
9.124165493e+00  5.0719952e+00         -inf  1.00779e+05  5.07200e+00  6.78163e+00
9.160662155e+00  5.5406661e+00         -inf  1.00779e+05  5.54067e+00  7.29923e+00
9.197304804e+00  6.4295553e+00         -inf  1.00779e+05  6.42956e+00  8.24924e+00
9.234094023e+00  6.2285452e+00         -inf  1.00779e+05  6.22855e+00  8.12246e+00
9.271030399e+00  6.3448157e+00         -inf  1.00779e+05  6.34482e+00  8.30568e+00
9.308114521e+00  6.4825226e+00         -inf  1.00779e+05  6.48252e+00  8.48442e+00
9.345346979e+00  6.9180229e+00         -inf  1.00779e+05  6.91802e+00  8.95061e+00
9.382728367e+00  1.3568666e+01         -inf  1.00779e+05  1.35687e+01  1.55692e+01
9.420259280e+00  2.2275003e+01         -inf  1.00779e+05  2.22750e+01  2.41636e+01
9.457940318e+00  2.5229305e+01         -inf  1.00779e+05  2.52293e+01  2.69953e+01
9.495772079e+00  2.6963922e+01         -inf  1.00779e+05  2.69639e+01  2.86436e+01
9.533755167e+00  2.5686036e+01         -inf  1.00779e+05  2.56860e+01  2.74725e+01
9.571890188e+00  1.8478879e+01         -inf  1.00779e+05  1.84789e+01  2.05719e+01
9.610177749e+00  2.4984158e+01         -inf  1.00779e+05  2.49842e+01  2.68580e+01
9.648618460e+00  2.5970072e+01         -inf  1.00779e+05  2.59701e+01  2.79569e+01
9.687212933e+00  2.4139125e+01         -inf  1.00779e+05  2.41391e+01  2.62208e+01
9.725961785e+00  2.3383671e+01         -inf  1.00779e+05  2.33837e+01  2.55046e+01
9.764865632e+00  2.3308238e+01         -inf  1.00779e+05  2.33082e+01  2.55036e+01
9.803925095e+00  2.2209261e+01         -inf  1.00779e+05  2.22093e+01  2.45245e+01
9.843140795e+00  2.0413348e+01         -inf  1.00779e+05  2.04133e+01  2.28387e+01
9.882513358e+00  1.7629913e+01         -inf  1.00779e+05  1.76299e+01  2.01895e+01
9.922043412e+00  1.4746761e+01         -inf  1.00779e+05  1.47468e+01  1.74072e+01
9.961731585e+00  1.1828192e+01         -inf  1.00779e+05  1.18282e+01  1.45797e+01
1.000157851e+01  8.8635378e+00         -inf  1.00779e+05  8.86354e+00  1.16956e+01
1.004158483e+01  5.8755081e+00         -inf  1.00779e+05  5.87551e+00  8.77951e+00
1.008175117e+01  4.4131143e+00         -inf  1.00779e+05  4.41311e+00  7.38446e+00
1.012207817e+01  3.1120971e+00         -inf  1.00779e+05  3.11210e+00  6.15552e+00
1.016256648e+01  2.6058665e+00         -inf  1.00779e+05  2.60587e+00  5.73240e+00
1.020321675e+01  2.4668289e+00         -inf  1.00779e+05  2.46683e+00  5.68668e+00
1.024402962e+01  2.4420838e+00         -inf  1.00779e+05  2.44208e+00  5.74887e+00
1.028500573e+01  2.4559596e+00         -inf  1.00779e+05  2.45596e+00  5.84585e+00
1.032614576e+01  2.3594148e+00         -inf  1.00779e+05  2.35941e+00  5.81445e+00
1.036745034e+01  1.6135467e+00         -inf  1.00779e+05  1.61355e+00  5.08639e+00
1.040892014e+01  9.3502851e-01         -inf  1.00779e+05  9.35029e-01  4.44795e+00
1.045055582e+01  1.6233733e+00         -inf  1.00779e+05  1.62337e+00  5.24990e+00
1.049235805e+01  1.5304315e+00         -inf  1.00779e+05  1.53043e+00  5.23758e+00
1.053432748e+01  1.4905135e+00         -inf  1.00779e+05  1.49051e+00  5.27807e+00
1.057646479e+01  1.3756869e+00         -inf  1.00779e+05  1.37569e+00  5.23596e+00
1.061877065e+01  1.1814726e+00         -inf  1.00779e+05  1.18147e+00  5.10773e+00
1.066124573e+01  9.4067109e-01         -inf  1.00779e+05  9.40671e-01  4.92991e+00
1.070389071e+01  6.9205416e-01         -inf  1.00779e+05  6.92054e-01  4.74488e+00
1.074670627e+01  5.3123248e-01         -inf  1.00779e+05  5.31232e-01  4.65250e+00
1.078969310e+01  2.2945973e-01         -inf  1.00779e+05  2.29460e-01  4.41947e+00
1.083285187e+01  2.1110339e-02         -inf  1.00779e+05  2.11103e-02  4.28579e+00
1.087618328e+01 -1.2976121e-01         -inf  1.00779e+05 -1.29761e-01  4.21371e+00
1.091968801e+01 -2.7278512e-01         -inf  1.00779e+05 -2.72785e-01  4.15166e+00
1.096336676e+01 -3.8462593e-01         -inf  1.00779e+05 -3.84626e-01  4.12299e+00
1.100722023e+01 -4.5377094e-01         -inf  1.00779e+05 -4.53771e-01  4.13935e+00
1.105124911e+01 -5.7886888e-01         -inf  1.00779e+05 -5.78869e-01  4.09981e+00
1.109545411e+01 -6.7098692e-01         -inf  1.00779e+05 -6.70987e-01  4.09529e+00
1.113983593e+01 -7.8215913e-01         -inf  1.00779e+05 -7.82159e-01  4.07245e+00
1.118439527e+01 -8.8622178e-01         -inf  1.00779e+05 -8.86222e-01  4.05805e+00
1.122913285e+01 -9.7939167e-01         -inf  1.00779e+05 -9.79392e-01  4.05626e+00
1.127404938e+01 -1.0893199e+00         -inf  1.00779e+05 -1.08932e+00  4.03855e+00
1.131914558e+01 -1.1967652e+00         -inf  1.00779e+05 -1.19677e+00  4.02473e+00
1.136442216e+01 -1.2928617e+00         -inf  1.00779e+05 -1.29286e+00  4.02393e+00
1.140987985e+01 -1.3877606e+00         -inf  1.00779e+05 -1.38776e+00  4.02568e+00
1.145551937e+01 -1.4765441e+00         -inf  1.00779e+05 -1.47654e+00  4.03496e+00
1.150134145e+01 -1.5774527e+00         -inf  1.00779e+05 -1.57745e+00  4.03317e+00
1.154734681e+01 -1.6556391e+00         -inf  1.00779e+05 -1.65564e+00  4.05651e+00
1.159353620e+01 -1.7498937e+00         -inf  1.00779e+05 -1.74989e+00  4.06460e+00
1.163991035e+01 -1.8827414e+00         -inf  1.00779e+05 -1.88274e+00  4.03340e+00
1.168646999e+01 -1.9734975e+00         -inf  1.00779e+05 -1.97350e+00  4.04759e+00
1.173321587e+01 -2.0580680e+00         -inf  1.00779e+05 -2.05807e+00  4.06955e+00
1.178014873e+01 -2.1717588e+00         -inf  1.00779e+05 -2.17176e+00  4.06289e+00
1.182726932e+01 -2.2685985e+00         -inf  1.00779e+05 -2.26860e+00  4.07507e+00
1.187457840e+01 -2.3791210e+00         -inf  1.00779e+05 -2.37912e+00  4.07441e+00
1.192207672e+01 -2.4815743e+00         -inf  1.00779e+05 -2.48157e+00  4.08346e+00
1.196976502e+01 -2.5771938e+00         -inf  1.00779e+05 -2.57719e+00  4.10116e+00
1.201764408e+01 -2.6596768e+00         -inf  1.00779e+05 -2.65968e+00  4.13408e+00
1.206571466e+01 -2.4888155e+00         -inf  1.00779e+05 -2.48882e+00  4.43956e+00
1.211397752e+01 -2.7944359e+00         -inf  1.00779e+05 -2.79444e+00  4.23773e+00
1.216243343e+01 -2.7836642e+00         -inf  1.00779e+05 -2.78366e+00  4.37550e+00
1.221108316e+01 -2.7461812e+00         -inf  1.00779e+05 -2.74618e+00  4.54712e+00
1.225992749e+01 -2.6642558e+00         -inf  1.00779e+05 -2.66426e+00  4.77047e+00
1.230896720e+01 -2.5908074e+00         -inf  1.00779e+05 -2.59081e+00  4.99112e+00
1.235820307e+01 -2.5216810e+00         -inf  1.00779e+05 -2.52168e+00  5.21064e+00
1.240763589e+01 -2.4638691e+00         -inf  1.00779e+05 -2.46387e+00  5.41668e+00
1.245726643e+01 -2.4931115e+00         -inf  1.00779e+05 -2.49311e+00  5.52752e+00
1.250709549e+01 -2.5439738e+00         -inf  1.00779e+05 -2.54397e+00  5.60159e+00
1.255712388e+01 -2.7342823e+00         -inf  1.00779e+05 -2.73428e+00  5.52193e+00
1.260735237e+01 -1.4335848e+00         -inf  1.00779e+05 -1.43358e+00  7.31539e+00
1.265778178e+01 -2.1699519e+00         -inf  1.00779e+05 -2.16995e+00  6.64376e+00
1.270841291e+01 -3.1755848e+00         -inf  1.00779e+05 -3.17558e+00  5.44314e+00
1.275924656e+01 -2.9418908e+00         -inf  1.00779e+05 -2.94189e+00  5.85089e+00
1.281028355e+01 -2.8700909e+00         -inf  1.00779e+05 -2.87009e+00  6.08996e+00
1.286152468e+01 -2.7834869e+00         -inf  1.00779e+05 -2.78349e+00  6.33909e+00
1.291297078e+01 -2.7464064e+00         -inf  1.00779e+05 -2.74641e+00  6.54924e+00
1.296462266e+01 -2.0722422e+00         -inf  1.00779e+05 -2.07224e+00  7.48132e+00
1.301648115e+01 -2.2530583e+00         -inf  1.00779e+05 -2.25306e+00  7.56631e+00
1.306854708e+01 -1.9175133e+00         -inf  1.00779e+05 -1.91751e+00  8.21207e+00
1.312082127e+01 -1.9423926e+00         -inf  1.00779e+05 -1.94239e+00  8.61294e+00
1.317330455e+01 -1.4341874e+00         -inf  1.00779e+05 -1.43419e+00  9.65360e+00
1.322599777e+01 -7.4961234e-01         -inf  1.00779e+05 -7.49612e-01  1.09605e+01
1.327890176e+01 -4.8672645e-01         -inf  1.00779e+05 -4.86726e-01  1.16758e+01
1.333201737e+01  8.4518762e-01         -inf  1.00779e+05  8.45188e-01  1.33912e+01
1.338534544e+01  8.9012572e-01         -inf  1.00779e+05  8.90126e-01  1.37261e+01
1.343888682e+01  2.5240264e+00         -inf  1.00779e+05  2.52403e+00  1.55211e+01
1.349264237e+01  6.5456367e+00         -inf  1.00779e+05  6.54564e+00  1.87973e+01
1.354661294e+01  4.2640512e+00         -inf  1.00779e+05  4.26405e+00  1.73145e+01
1.360079939e+01  5.2573328e+00         -inf  1.00779e+05  5.25733e+00  1.81948e+01
1.365520258e+01  5.1986674e+00         -inf  1.00779e+05  5.19867e+00  1.82236e+01
1.370982339e+01  5.1365651e+00         -inf  1.00779e+05  5.13657e+00  1.85924e+01
1.376466269e+01  3.3592835e+00         -inf  1.00779e+05  3.35928e+00  1.73880e+01
1.381972134e+01  4.7821832e+00         -inf  1.00779e+05  4.78218e+00  1.88052e+01
1.387500022e+01  1.9716188e+01         -inf  1.00779e+05  1.97162e+01  2.78123e+01
1.393050023e+01  7.9022275e+00         -inf  1.00779e+05  7.90223e+00  2.05795e+01
1.398622223e+01  6.6148225e+00         -inf  1.00779e+05  6.61482e+00  1.98724e+01
1.404216712e+01  8.8163780e+00         -inf  1.00779e+05  8.81638e+00  2.10969e+01
1.409833578e+01  9.5945779e+00         -inf  1.00779e+05  9.59458e+00  2.15891e+01
1.415472913e+01  1.2206533e+01         -inf  1.00779e+05  1.22065e+01  2.27300e+01
1.421134804e+01  1.5304077e+01         -inf  1.00779e+05  1.53041e+01  2.46261e+01
1.426819344e+01  1.7481732e+01         -inf  1.00779e+05  1.74817e+01  2.57134e+01
1.432526621e+01  1.9317442e+01         -inf  1.00779e+05  1.93174e+01  2.68178e+01
1.438256727e+01  2.2610721e+01         -inf  1.00779e+05  2.26107e+01  2.91660e+01
1.444009754e+01  2.4228614e+01         -inf  1.00779e+05  2.42286e+01  3.05845e+01
1.449785793e+01  2.4370582e+01         -inf  1.00779e+05  2.43706e+01  3.05639e+01
1.455584937e+01  2.6300563e+01         -inf  1.00779e+05  2.63006e+01  3.25079e+01
1.461407276e+01  2.7628608e+01         -inf  1.00779e+05  2.76286e+01  3.39446e+01
1.467252905e+01  2.7643737e+01         -inf  1.00779e+05  2.76437e+01  3.40558e+01
1.473121917e+01  2.7758956e+01         -inf  1.00779e+05  2.77590e+01  3.42828e+01
1.479014405e+01  2.8800665e+01         -inf  1.00779e+05  2.88007e+01  3.54907e+01
1.484930462e+01  2.8386419e+01         -inf  1.00779e+05  2.83864e+01  3.51616e+01
1.490870184e+01  2.8171712e+01         -inf  1.00779e+05  2.81717e+01  3.50439e+01
1.496833665e+01  3.8881960e+01         -inf  1.00779e+05  3.88820e+01  4.59234e+01
1.502821000e+01  2.9041974e+01         -inf  1.00779e+05  2.90420e+01  3.61678e+01
1.508832284e+01  2.9654611e+01         -inf  1.00779e+05  2.96546e+01  3.69213e+01
1.514867613e+01  2.7640714e+01         -inf  1.00779e+05  2.76407e+01  3.49764e+01
1.520927083e+01  2.6298456e+01         -inf  1.00779e+05  2.62985e+01  3.36766e+01
1.527010791e+01  2.6762573e+01         -inf  1.00779e+05  2.67626e+01  3.43054e+01
1.533118835e+01  2.6789714e+01         -inf  1.00779e+05  2.67897e+01  3.44741e+01
1.539251310e+01  2.7741070e+01         -inf  1.00779e+05  2.77411e+01  3.55719e+01
1.545408315e+01  2.4514949e+01         -inf  1.00779e+05  2.45149e+01  3.25640e+01
1.551589948e+01  2.3866599e+01         -inf  1.00779e+05  2.38666e+01  3.20483e+01
1.557796308e+01  2.1690224e+01         -inf  1.00779e+05  2.16902e+01  3.03458e+01
1.564027493e+01  1.8976248e+01         -inf  1.00779e+05  1.89762e+01  2.84171e+01
1.570283603e+01  1.8445395e+01         -inf  1.00779e+05  1.84454e+01  2.83831e+01
1.576564738e+01  1.5966560e+01         -inf  1.00779e+05  1.59666e+01  2.69568e+01
1.582870997e+01  1.2730694e+01         -inf  1.00779e+05  1.27307e+01  2.54372e+01
1.589202481e+01  1.0460535e+01         -inf  1.00779e+05  1.04605e+01  2.44226e+01
1.595559291e+01  5.4896458e+00         -inf  1.00779e+05  5.48965e+00  2.22231e+01
1.601941528e+01  4.7706866e+00         -inf  1.00779e+05  4.77069e+00  2.21717e+01
1.608349294e+01 -1.5462896e+00         -inf  1.00779e+05 -1.54629e+00  1.93495e+01
1.614782691e+01  9.1231917e-01         -inf  1.00779e+05  9.12319e-01  2.07307e+01
1.621241822e+01  1.1058229e+01         -inf  1.00779e+05  1.10582e+01  2.60395e+01
1.627726789e+01 -3.0487806e+00         -inf  1.00779e+05 -3.04878e+00  1.90162e+01
1.634237696e+01 -5.7594795e+00         -inf  1.00779e+05 -5.75948e+00  1.78318e+01
1.640774647e+01 -3.1971333e+00         -inf  1.00779e+05 -3.19713e+00  1.91500e+01
1.647337746e+01 -4.2094861e+00         -inf  1.00779e+05 -4.20949e+00  1.88773e+01
1.653927097e+01 -5.7738637e+00         -inf  1.00779e+05 -5.77386e+00  1.79722e+01
1.660542805e+01 -6.6833621e+00         -inf  1.00779e+05 -6.68336e+00  1.74566e+01
1.667184976e+01 -8.5677131e+00         -inf  1.00779e+05 -8.56771e+00  1.66358e+01
1.673853716e+01 -4.3331931e+00         -inf  1.00779e+05 -4.33319e+00  1.93615e+01
1.680549131e+01 -1.0182907e+01         -inf  1.00779e+05 -1.01829e+01  1.58502e+01
1.687271328e+01 -1.1161212e+01         -inf  1.00779e+05 -1.11612e+01  1.50434e+01
1.694020413e+01 -8.5505991e+00         -inf  1.00779e+05 -8.55060e+00  1.70049e+01
1.700796495e+01 -1.0108424e+01         -inf  1.00779e+05 -1.01084e+01  1.50394e+01
1.707599681e+01 -1.3970819e+01         -inf  1.00779e+05 -1.39708e+01  1.25502e+01
1.714430079e+01 -1.4481688e+01         -inf  1.00779e+05 -1.44817e+01  1.21699e+01
1.721287800e+01 -1.4535920e+01         -inf  1.00779e+05 -1.45359e+01  1.19461e+01
1.728172951e+01 -1.4236778e+01         -inf  1.00779e+05 -1.42368e+01  1.19871e+01
1.735085643e+01 -1.4861829e+01         -inf  1.00779e+05 -1.48618e+01  1.15635e+01
1.742025985e+01 -1.5345268e+01         -inf  1.00779e+05 -1.53453e+01  1.04657e+01
1.748994089e+01 -1.5892691e+01         -inf  1.00779e+05 -1.58927e+01  1.03760e+01
1.755990065e+01 -1.6218453e+01         -inf  1.00779e+05 -1.62185e+01  9.90180e+00
1.763014026e+01 -1.7339355e+01         -inf  1.00779e+05 -1.73394e+01  8.76261e+00
1.770066082e+01 -1.7773924e+01         -inf  1.00779e+05 -1.77739e+01  8.45989e+00
1.777146346e+01 -1.8178467e+01         -inf  1.00779e+05 -1.81785e+01  8.19532e+00
1.784254932e+01 -1.8965828e+01         -inf  1.00779e+05 -1.89658e+01  7.43417e+00
1.791391951e+01 -1.9736220e+01         -inf  1.00779e+05 -1.97362e+01  6.89720e+00
1.798557519e+01 -2.0164690e+01         -inf  1.00779e+05 -2.01647e+01  6.64739e+00
1.805751749e+01 -2.0610094e+01         -inf  1.00779e+05 -2.06101e+01  6.40963e+00
1.812974756e+01 -2.0995850e+01         -inf  1.00779e+05 -2.09959e+01  6.28801e+00
1.820226655e+01 -2.1361193e+01         -inf  1.00779e+05 -2.13612e+01  6.18958e+00
1.827507562e+01 -2.1466340e+01         -inf  1.00779e+05 -2.14663e+01  6.56890e+00
1.834817592e+01 -2.0945380e+01         -inf  1.00779e+05 -2.09454e+01  9.08158e+00
1.842156862e+01 -2.2248500e+01         -inf  1.00779e+05 -2.22485e+01  6.19696e+00
1.849525490e+01 -2.2553477e+01         -inf  1.00779e+05 -2.25535e+01  6.13748e+00
1.856923592e+01 -2.2727518e+01         -inf  1.00779e+05 -2.27275e+01  6.32976e+00
1.864351286e+01 -2.3000847e+01         -inf  1.00779e+05 -2.30008e+01  6.36772e+00
1.871808691e+01 -2.3280151e+01         -inf  1.00779e+05 -2.32802e+01  6.40014e+00
1.879295926e+01 -2.3585488e+01         -inf  1.00779e+05 -2.35855e+01  6.40517e+00
1.886813110e+01 -2.3938228e+01         -inf  1.00779e+05 -2.39382e+01  6.30085e+00
1.894360362e+01 -2.4151156e+01         -inf  1.00779e+05 -2.41512e+01  6.46219e+00
1.901937804e+01 -2.4493160e+01         -inf  1.00779e+05 -2.44932e+01  6.38262e+00
1.909545555e+01 -2.4820216e+01         -inf  1.00779e+05 -2.48202e+01  6.34093e+00
1.917183737e+01 -2.5094468e+01         -inf  1.00779e+05 -2.50945e+01  6.39138e+00
1.924852472e+01 -2.5426623e+01         -inf  1.00779e+05 -2.54266e+01  6.33694e+00
1.932551882e+01 -2.5713384e+01         -inf  1.00779e+05 -2.57134e+01  6.38013e+00
1.940282089e+01 -2.6023612e+01         -inf  1.00779e+05 -2.60236e+01  6.37611e+00
1.948043218e+01 -2.6328672e+01         -inf  1.00779e+05 -2.63287e+01  6.38575e+00
1.955835391e+01 -2.6628480e+01         -inf  1.00779e+05 -2.66285e+01  6.41443e+00
1.963658732e+01 -2.6929667e+01         -inf  1.00779e+05 -2.69297e+01  6.44905e+00
1.971513367e+01 -2.7237895e+01         -inf  1.00779e+05 -2.72379e+01  6.46366e+00
1.979399421e+01 -2.7548431e+01         -inf  1.00779e+05 -2.75484e+01  6.47952e+00
1.987317018e+01 -2.7857745e+01         -inf  1.00779e+05 -2.78577e+01  6.50556e+00
1.995266286e+01 -2.8169349e+01         -inf  1.00779e+05 -2.81693e+01  6.53183e+00
