# WARNING | GENERATOR | Too many electrons per pixel (up to 9.04e+13) detected in the 1.54-19.95 um spectral range. Reduce exposure time per frame to less than 0.000 seconds.
# ------------------------------------------------------------------------
# Radiance spectrum
# NASA-GSFC Planetary Spectrum Generator (PSG) (Villanueva et al. 2018, 2022)
# Synthesized on Wed Sep 30 15:56:57 2026
# Doppler velocities [km/s] (vobs,vrot+vorb,vwidth,vrfl,vstr): 47.10000,-0.00000,0.03000,0.00000,-0.00000
# ------------------------------------------------------------------------
# Spectra synthesized with the Planetary and Universal Model of Atmospheric Scattering (PUMAS, Villanueva et al. 2018, 2022)
# Single scattering radiative transfer method
# Radiative transfer took 9.512 seconds
# ------------------------------------------------------------------------
# Spectral unit: Wavelength [um]
# Radiance unit: Contrast [transit atmospheric thickness, km]
# Wave/freq Total Noise Stellar Proxima-Centauri-b Transit
2.000000000e-01  5.5364592e+01         -inf  1.00779e+05  5.53646e+01  5.53646e+01
2.008000000e-01  5.5020652e+01         -inf  1.00779e+05  5.50207e+01  5.50207e+01
2.016032000e-01  5.4878662e+01         -inf  1.00779e+05  5.48787e+01  5.48787e+01
2.024096128e-01  5.4883492e+01         -inf  1.00779e+05  5.48835e+01  5.48835e+01
2.032192513e-01  5.4869705e+01         -inf  1.00779e+05  5.48697e+01  5.48697e+01
2.040321283e-01  5.4830980e+01         -inf  1.00779e+05  5.48310e+01  5.48310e+01
2.048482568e-01  5.4832473e+01         -inf  1.00779e+05  5.48325e+01  5.48325e+01
2.056676498e-01  5.4885951e+01         -inf  1.00779e+05  5.48860e+01  5.48860e+01
2.064903204e-01  5.4970600e+01         -inf  1.00779e+05  5.49706e+01  5.49706e+01
2.073162817e-01  5.5052526e+01         -inf  1.00779e+05  5.50525e+01  5.50525e+01
2.081455468e-01  5.5146745e+01         -inf  1.00779e+05  5.51467e+01  5.51467e+01
2.089781290e-01  5.5225157e+01         -inf  1.00779e+05  5.52252e+01  5.52252e+01
2.098140415e-01  5.5342641e+01         -inf  1.00779e+05  5.53426e+01  5.53426e+01
2.106532977e-01  5.5443616e+01         -inf  1.00779e+05  5.54436e+01  5.54436e+01
2.114959109e-01  5.5510698e+01         -inf  1.00779e+05  5.55107e+01  5.55107e+01
2.123418945e-01  5.5709656e+01         -inf  1.00779e+05  5.57097e+01  5.57097e+01
2.131912621e-01  5.5951629e+01         -inf  1.00779e+05  5.59516e+01  5.59516e+01
2.140440271e-01  5.5961901e+01         -inf  1.00779e+05  5.59619e+01  5.59619e+01
2.149002032e-01  5.6170328e+01         -inf  1.00779e+05  5.61703e+01  5.61703e+01
2.157598041e-01  5.6379625e+01         -inf  1.00779e+05  5.63796e+01  5.63796e+01
2.166228433e-01  5.6573465e+01         -inf  1.00779e+05  5.65735e+01  5.65735e+01
2.174893346e-01  5.6783453e+01         -inf  1.00779e+05  5.67835e+01  5.67835e+01
2.183592920e-01  5.6967976e+01         -inf  1.00779e+05  5.69680e+01  5.69680e+01
2.192327292e-01  5.7156707e+01         -inf  1.00779e+05  5.71567e+01  5.71567e+01
2.201096601e-01  5.7346662e+01         -inf  1.00779e+05  5.73467e+01  5.73467e+01
2.209900987e-01  5.7524937e+01         -inf  1.00779e+05  5.75249e+01  5.75249e+01
2.218740591e-01  5.7707421e+01         -inf  1.00779e+05  5.77074e+01  5.77074e+01
2.227615553e-01  5.7882878e+01         -inf  1.00779e+05  5.78829e+01  5.78829e+01
2.236526016e-01  5.8049378e+01         -inf  1.00779e+05  5.80494e+01  5.80494e+01
2.245472120e-01  5.8224035e+01         -inf  1.00779e+05  5.82240e+01  5.82240e+01
2.254454008e-01  5.8372973e+01         -inf  1.00779e+05  5.83730e+01  5.83730e+01
2.263471824e-01  5.8541918e+01         -inf  1.00779e+05  5.85419e+01  5.85419e+01
2.272525711e-01  5.8693131e+01         -inf  1.00779e+05  5.86931e+01  5.86931e+01
2.281615814e-01  5.8849869e+01         -inf  1.00779e+05  5.88499e+01  5.88499e+01
2.290742278e-01  5.9011254e+01         -inf  1.00779e+05  5.90113e+01  5.90113e+01
2.299905247e-01  5.9149819e+01         -inf  1.00779e+05  5.91498e+01  5.91498e+01
2.309104868e-01  5.9312250e+01         -inf  1.00779e+05  5.93123e+01  5.93123e+01
2.318341287e-01  5.9448001e+01         -inf  1.00779e+05  5.94480e+01  5.94480e+01
2.327614652e-01  5.9606125e+01         -inf  1.00779e+05  5.96061e+01  5.96061e+01
2.336925111e-01  5.9735727e+01         -inf  1.00779e+05  5.97357e+01  5.97357e+01
2.346272811e-01  5.9884982e+01         -inf  1.00779e+05  5.98850e+01  5.98850e+01
2.355657903e-01  6.0009753e+01         -inf  1.00779e+05  6.00098e+01  6.00098e+01
2.365080534e-01  6.0141191e+01         -inf  1.00779e+05  6.01412e+01  6.01412e+01
2.374540856e-01  6.0277451e+01         -inf  1.00779e+05  6.02775e+01  6.02775e+01
2.384039020e-01  6.0396248e+01         -inf  1.00779e+05  6.03962e+01  6.03962e+01
2.393575176e-01  6.0508200e+01         -inf  1.00779e+05  6.05082e+01  6.05082e+01
2.403149477e-01  6.0634890e+01         -inf  1.00779e+05  6.06349e+01  6.06349e+01
2.412762074e-01  6.0730871e+01         -inf  1.00779e+05  6.07309e+01  6.07309e+01
2.422413123e-01  6.0837465e+01         -inf  1.00779e+05  6.08375e+01  6.08375e+01
2.432102775e-01  6.0971079e+01         -inf  1.00779e+05  6.09711e+01  6.09711e+01
2.441831186e-01  6.1053194e+01         -inf  1.00779e+05  6.10532e+01  6.10532e+01
2.451598511e-01  6.1147940e+01         -inf  1.00779e+05  6.11479e+01  6.11479e+01
2.461404905e-01  6.1212595e+01         -inf  1.00779e+05  6.12126e+01  6.12126e+01
2.471250525e-01  6.1296461e+01         -inf  1.00779e+05  6.12965e+01  6.12965e+01
2.481135527e-01  6.1314795e+01         -inf  1.00779e+05  6.13148e+01  6.13148e+01
2.491060069e-01  6.1438487e+01         -inf  1.00779e+05  6.14385e+01  6.14385e+01
2.501024309e-01  6.1444890e+01         -inf  1.00779e+05  6.14449e+01  6.14449e+01
2.511028406e-01  6.1424012e+01         -inf  1.00779e+05  6.14240e+01  6.14240e+01
2.521072520e-01  6.1551035e+01         -inf  1.00779e+05  6.15510e+01  6.15510e+01
2.531156810e-01  6.1503665e+01         -inf  1.00779e+05  6.15037e+01  6.15037e+01
2.541281437e-01  6.1506648e+01         -inf  1.00779e+05  6.15066e+01  6.15066e+01
2.551446563e-01  6.1541561e+01         -inf  1.00779e+05  6.15416e+01  6.15416e+01
2.561652349e-01  6.1519192e+01         -inf  1.00779e+05  6.15192e+01  6.15192e+01
2.571898959e-01  6.1448575e+01         -inf  1.00779e+05  6.14486e+01  6.14486e+01
2.582186555e-01  6.1463488e+01         -inf  1.00779e+05  6.14635e+01  6.14635e+01
2.592515301e-01  6.1424100e+01         -inf  1.00779e+05  6.14241e+01  6.14241e+01
2.602885362e-01  6.1354798e+01         -inf  1.00779e+05  6.13548e+01  6.13548e+01
2.613296904e-01  6.1294531e+01         -inf  1.00779e+05  6.12945e+01  6.12945e+01
2.623750091e-01  6.1231456e+01         -inf  1.00779e+05  6.12315e+01  6.12315e+01
2.634245092e-01  6.1095830e+01         -inf  1.00779e+05  6.10958e+01  6.10958e+01
2.644782072e-01  6.1089338e+01         -inf  1.00779e+05  6.10893e+01  6.10893e+01
2.655361200e-01  6.0941777e+01         -inf  1.00779e+05  6.09418e+01  6.09418e+01
2.665982645e-01  6.0824920e+01         -inf  1.00779e+05  6.08249e+01  6.08249e+01
2.676646576e-01  6.0719202e+01         -inf  1.00779e+05  6.07192e+01  6.07192e+01
2.687353162e-01  6.0533117e+01         -inf  1.00779e+05  6.05331e+01  6.05331e+01
2.698102574e-01  6.0470913e+01         -inf  1.00779e+05  6.04709e+01  6.04709e+01
2.708894985e-01  6.0256130e+01         -inf  1.00779e+05  6.02561e+01  6.02561e+01
2.719730565e-01  6.0137418e+01         -inf  1.00779e+05  6.01374e+01  6.01374e+01
2.730609487e-01  5.9975007e+01         -inf  1.00779e+05  5.99750e+01  5.99750e+01
2.741531925e-01  5.9733621e+01         -inf  1.00779e+05  5.97336e+01  5.97336e+01
2.752498053e-01  5.9602352e+01         -inf  1.00779e+05  5.96024e+01  5.96024e+01
2.763508045e-01  5.9400703e+01         -inf  1.00779e+05  5.94007e+01  5.94007e+01
2.774562077e-01  5.9205367e+01         -inf  1.00779e+05  5.92054e+01  5.92054e+01
2.785660325e-01  5.8993527e+01         -inf  1.00779e+05  5.89935e+01  5.89935e+01
2.796802967e-01  5.8796248e+01         -inf  1.00779e+05  5.87962e+01  5.87962e+01
2.807990178e-01  5.8538495e+01         -inf  1.00779e+05  5.85385e+01  5.85385e+01
2.819222139e-01  5.8287402e+01         -inf  1.00779e+05  5.82874e+01  5.82874e+01
2.830499028e-01  5.8097124e+01         -inf  1.00779e+05  5.80971e+01  5.80971e+01
2.841821024e-01  5.7812661e+01         -inf  1.00779e+05  5.78127e+01  5.78127e+01
2.853188308e-01  5.7542317e+01         -inf  1.00779e+05  5.75423e+01  5.75423e+01
2.864601061e-01  5.7296365e+01         -inf  1.00779e+05  5.72964e+01  5.72964e+01
2.876059465e-01  5.6980441e+01         -inf  1.00779e+05  5.69804e+01  5.69804e+01
2.887563703e-01  5.6636058e+01         -inf  1.00779e+05  5.66361e+01  5.66361e+01
2.899113958e-01  5.6316415e+01         -inf  1.00779e+05  5.63164e+01  5.63164e+01
2.910710414e-01  5.5999390e+01         -inf  1.00779e+05  5.59994e+01  5.59994e+01
2.922353256e-01  5.5588842e+01         -inf  1.00779e+05  5.55888e+01  5.55888e+01
2.934042669e-01  5.5206542e+01         -inf  1.00779e+05  5.52065e+01  5.52065e+01
2.945778839e-01  5.4789797e+01         -inf  1.00779e+05  5.47898e+01  5.47898e+01
2.957561955e-01  5.4280025e+01         -inf  1.00779e+05  5.42800e+01  5.42800e+01
2.969392202e-01  5.3795771e+01         -inf  1.00779e+05  5.37958e+01  5.37958e+01
2.981269771e-01  5.3265369e+01         -inf  1.00779e+05  5.32654e+01  5.32654e+01
2.993194850e-01  5.2739404e+01         -inf  1.00779e+05  5.27394e+01  5.27394e+01
3.005167630e-01  5.2166047e+01         -inf  1.00779e+05  5.21660e+01  5.21660e+01
3.017188300e-01  5.1516557e+01         -inf  1.00779e+05  5.15166e+01  5.15166e+01
3.029257054e-01  5.0874910e+01         -inf  1.00779e+05  5.08749e+01  5.08749e+01
3.041374082e-01  5.0312725e+01         -inf  1.00779e+05  5.03127e+01  5.03127e+01
3.053539578e-01  4.9458636e+01         -inf  1.00779e+05  4.94586e+01  4.94586e+01
3.065753736e-01  4.8930256e+01         -inf  1.00779e+05  4.89303e+01  4.89303e+01
3.078016751e-01  4.7968832e+01         -inf  1.00779e+05  4.79688e+01  4.79688e+01
3.090328818e-01  4.7398926e+01         -inf  1.00779e+05  4.73989e+01  4.73989e+01
3.102690134e-01  4.6354451e+01         -inf  1.00779e+05  4.63545e+01  4.63545e+01
3.115100894e-01  4.5760046e+01         -inf  1.00779e+05  4.57600e+01  4.57600e+01
3.127561298e-01  4.4559641e+01         -inf  1.00779e+05  4.45596e+01  4.45596e+01
3.140071543e-01  4.4064025e+01         -inf  1.00779e+05  4.40640e+01  4.40640e+01
3.152631829e-01  4.2905007e+01         -inf  1.00779e+05  4.29050e+01  4.29050e+01
3.165242356e-01  4.1727395e+01         -inf  1.00779e+05  4.17274e+01  4.17274e+01
3.177903326e-01  4.1459466e+01         -inf  1.00779e+05  4.14595e+01  4.14595e+01
3.190614939e-01  3.9413167e+01         -inf  1.00779e+05  3.94132e+01  3.94132e+01
3.203377399e-01  3.9570367e+01         -inf  1.00779e+05  3.95704e+01  3.95704e+01
3.216190908e-01  3.7318153e+01         -inf  1.00779e+05  3.73182e+01  3.73182e+01
3.229055672e-01  3.7870538e+01         -inf  1.00779e+05  3.78705e+01  3.78705e+01
3.241971895e-01  3.4449383e+01         -inf  1.00779e+05  3.44494e+01  3.44494e+01
3.254939782e-01  3.6367085e+01         -inf  1.00779e+05  3.63671e+01  3.63671e+01
3.267959541e-01  3.2593941e+01         -inf  1.00779e+05  3.25939e+01  3.25939e+01
3.281031380e-01  3.4567153e+01         -inf  1.00779e+05  3.45672e+01  3.45672e+01
3.294155505e-01  3.0436627e+01         -inf  1.00779e+05  3.04366e+01  3.04366e+01
3.307332127e-01  3.2611298e+01         -inf  1.00779e+05  3.26113e+01  3.26113e+01
3.320561456e-01  3.0353422e+01         -inf  1.00779e+05  3.03534e+01  3.03534e+01
3.333843702e-01  3.0325834e+01         -inf  1.00779e+05  3.03258e+01  3.03258e+01
3.347179076e-01  2.9432193e+01         -inf  1.00779e+05  2.94322e+01  2.94322e+01
3.360567793e-01  2.8171739e+01         -inf  1.00779e+05  2.81717e+01  2.81717e+01
3.374010064e-01  2.9634679e+01         -inf  1.00779e+05  2.96347e+01  2.96347e+01
3.387506104e-01  2.7603101e+01         -inf  1.00779e+05  2.76031e+01  2.76031e+01
3.401056128e-01  2.8040980e+01         -inf  1.00779e+05  2.80410e+01  2.80410e+01
3.414660353e-01  2.7153729e+01         -inf  1.00779e+05  2.71537e+01  2.71537e+01
3.428318994e-01  2.6840225e+01         -inf  1.00779e+05  2.68402e+01  2.68402e+01
3.442032270e-01  2.7568712e+01         -inf  1.00779e+05  2.75687e+01  2.75687e+01
3.455800399e-01  2.6656879e+01         -inf  1.00779e+05  2.66569e+01  2.66569e+01
3.469623601e-01  2.6545228e+01         -inf  1.00779e+05  2.65452e+01  2.65452e+01
3.483502095e-01  2.6345556e+01         -inf  1.00779e+05  2.63456e+01  2.63456e+01
3.497436104e-01  2.6135824e+01         -inf  1.00779e+05  2.61358e+01  2.61358e+01
3.511425848e-01  2.6256478e+01         -inf  1.00779e+05  2.62565e+01  2.62565e+01
3.525471552e-01  2.6088903e+01         -inf  1.00779e+05  2.60889e+01  2.60889e+01
3.539573438e-01  2.5849086e+01         -inf  1.00779e+05  2.58491e+01  2.58491e+01
3.553731732e-01  2.5779317e+01         -inf  1.00779e+05  2.57793e+01  2.57793e+01
3.567946659e-01  2.5667387e+01         -inf  1.00779e+05  2.56674e+01  2.56674e+01
3.582218445e-01  2.5573184e+01         -inf  1.00779e+05  2.55732e+01  2.55732e+01
3.596547319e-01  2.5528816e+01         -inf  1.00779e+05  2.55288e+01  2.55288e+01
3.610933508e-01  2.5411059e+01         -inf  1.00779e+05  2.54111e+01  2.54111e+01
3.625377242e-01  2.5308384e+01         -inf  1.00779e+05  2.53084e+01  2.53084e+01
3.639878751e-01  2.5220616e+01         -inf  1.00779e+05  2.52206e+01  2.52206e+01
3.654438266e-01  2.5135139e+01         -inf  1.00779e+05  2.51351e+01  2.51351e+01
3.669056019e-01  2.5045339e+01         -inf  1.00779e+05  2.50453e+01  2.50453e+01
3.683732243e-01  2.4963477e+01         -inf  1.00779e+05  2.49635e+01  2.49635e+01
3.698467172e-01  2.4876232e+01         -inf  1.00779e+05  2.48762e+01  2.48762e+01
3.713261041e-01  2.4787575e+01         -inf  1.00779e+05  2.47876e+01  2.47876e+01
3.728114085e-01  2.4701828e+01         -inf  1.00779e+05  2.47018e+01  2.47018e+01
3.743026542e-01  2.4618021e+01         -inf  1.00779e+05  2.46180e+01  2.46180e+01
3.757998648e-01  2.4531743e+01         -inf  1.00779e+05  2.45317e+01  2.45317e+01
3.773030642e-01  2.4447580e+01         -inf  1.00779e+05  2.44476e+01  2.44476e+01
3.788122765e-01  2.4365181e+01         -inf  1.00779e+05  2.43652e+01  2.43652e+01
3.803275256e-01  2.4283046e+01         -inf  1.00779e+05  2.42830e+01  2.42830e+01
3.818488357e-01  2.4194116e+01         -inf  1.00779e+05  2.41941e+01  2.41941e+01
3.833762310e-01  2.4107744e+01         -inf  1.00779e+05  2.41077e+01  2.41077e+01
3.849097360e-01  2.4021812e+01         -inf  1.00779e+05  2.40218e+01  2.40218e+01
3.864493749e-01  2.3937202e+01         -inf  1.00779e+05  2.39372e+01  2.39372e+01
3.879951724e-01  2.3852238e+01         -inf  1.00779e+05  2.38522e+01  2.38522e+01
3.895471531e-01  2.3767008e+01         -inf  1.00779e+05  2.37670e+01  2.37670e+01
3.911053417e-01  2.3683100e+01         -inf  1.00779e+05  2.36831e+01  2.36831e+01
3.926697631e-01  2.3600162e+01         -inf  1.00779e+05  2.36002e+01  2.36002e+01
3.942404421e-01  2.3518635e+01         -inf  1.00779e+05  2.35186e+01  2.35186e+01
3.958174039e-01  2.3436224e+01         -inf  1.00779e+05  2.34362e+01  2.34362e+01
3.974006735e-01  2.3351430e+01         -inf  1.00779e+05  2.33514e+01  2.33514e+01
3.989902762e-01  2.3266017e+01         -inf  1.00779e+05  2.32660e+01  2.32660e+01
4.005862373e-01  2.3183692e+01         -inf  1.00779e+05  2.31837e+01  2.31837e+01
4.021885823e-01  2.3103041e+01         -inf  1.00779e+05  2.31030e+01  2.31030e+01
4.037973366e-01  2.3017890e+01         -inf  1.00779e+05  2.30179e+01  2.30179e+01
4.054125259e-01  2.2932120e+01         -inf  1.00779e+05  2.29321e+01  2.29321e+01
4.070341760e-01  2.2856055e+01         -inf  1.00779e+05  2.28561e+01  2.28561e+01
4.086623127e-01  2.2785902e+01         -inf  1.00779e+05  2.27859e+01  2.27859e+01
4.102969620e-01  2.2706394e+01         -inf  1.00779e+05  2.27064e+01  2.27064e+01
4.119381498e-01  2.2616031e+01         -inf  1.00779e+05  2.26160e+01  2.26160e+01
4.135859024e-01  2.2526196e+01         -inf  1.00779e+05  2.25262e+01  2.25262e+01
4.152402460e-01  2.2451803e+01         -inf  1.00779e+05  2.24518e+01  2.24518e+01
4.169012070e-01  2.2383323e+01         -inf  1.00779e+05  2.23833e+01  2.23833e+01
4.185688119e-01  2.2301162e+01         -inf  1.00779e+05  2.23012e+01  2.23012e+01
4.202430871e-01  2.2215824e+01         -inf  1.00779e+05  2.22158e+01  2.22158e+01
4.219240595e-01  2.2151488e+01         -inf  1.00779e+05  2.21515e+01  2.21515e+01
4.236117557e-01  2.2106656e+01         -inf  1.00779e+05  2.21067e+01  2.21067e+01
4.253062027e-01  2.2053528e+01         -inf  1.00779e+05  2.20535e+01  2.20535e+01
4.270074275e-01  2.1964126e+01         -inf  1.00779e+05  2.19641e+01  2.19641e+01
4.287154572e-01  2.1859103e+01         -inf  1.00779e+05  2.18591e+01  2.18591e+01
4.304303191e-01  2.1780289e+01         -inf  1.00779e+05  2.17803e+01  2.17803e+01
4.321520403e-01  2.1737308e+01         -inf  1.00779e+05  2.17373e+01  2.17373e+01
4.338806485e-01  2.1674204e+01         -inf  1.00779e+05  2.16742e+01  2.16742e+01
4.356161711e-01  2.1581796e+01         -inf  1.00779e+05  2.15818e+01  2.15818e+01
4.373586358e-01  2.1518955e+01         -inf  1.00779e+05  2.15190e+01  2.15190e+01
4.391080703e-01  2.1516660e+01         -inf  1.00779e+05  2.15167e+01  2.15167e+01
4.408645026e-01  2.1529723e+01         -inf  1.00779e+05  2.15297e+01  2.15297e+01
4.426279606e-01  2.1510570e+01         -inf  1.00779e+05  2.15106e+01  2.15106e+01
4.443984725e-01  2.1414983e+01         -inf  1.00779e+05  2.14150e+01  2.14150e+01
4.461760664e-01  2.1276410e+01         -inf  1.00779e+05  2.12764e+01  2.12764e+01
4.479607706e-01  2.1204916e+01         -inf  1.00779e+05  2.12049e+01  2.12049e+01
4.497526137e-01  2.1212065e+01         -inf  1.00779e+05  2.12121e+01  2.12121e+01
4.515516242e-01  2.1168904e+01         -inf  1.00779e+05  2.11689e+01  2.11689e+01
4.533578307e-01  2.1064397e+01         -inf  1.00779e+05  2.10644e+01  2.10644e+01
4.551712620e-01  2.1018674e+01         -inf  1.00779e+05  2.10187e+01  2.10187e+01
4.569919470e-01  2.1088670e+01         -inf  1.00779e+05  2.10887e+01  2.10887e+01
4.588199148e-01  2.1207387e+01         -inf  1.00779e+05  2.12074e+01  2.12074e+01
4.606551945e-01  2.1306861e+01         -inf  1.00779e+05  2.13069e+01  2.13069e+01
4.624978152e-01  2.1256992e+01         -inf  1.00779e+05  2.12570e+01  2.12570e+01
4.643478065e-01  2.1053893e+01         -inf  1.00779e+05  2.10539e+01  2.10539e+01
4.662051977e-01  2.0897747e+01         -inf  1.00779e+05  2.08977e+01  2.08977e+01
4.680700185e-01  2.0914959e+01         -inf  1.00779e+05  2.09150e+01  2.09150e+01
4.699422986e-01  2.0968097e+01         -inf  1.00779e+05  2.09681e+01  2.09681e+01
4.718220678e-01  2.0914076e+01         -inf  1.00779e+05  2.09141e+01  2.09141e+01
4.737093561e-01  2.0867470e+01         -inf  1.00779e+05  2.08675e+01  2.08675e+01
4.756041935e-01  2.0975158e+01         -inf  1.00779e+05  2.09752e+01  2.09752e+01
4.775066103e-01  2.1232454e+01         -inf  1.00779e+05  2.12325e+01  2.12325e+01
4.794166367e-01  2.1502009e+01         -inf  1.00779e+05  2.15020e+01  2.15020e+01
4.813343033e-01  2.1711272e+01         -inf  1.00779e+05  2.17113e+01  2.17113e+01
4.832596405e-01  2.1682323e+01         -inf  1.00779e+05  2.16823e+01  2.16823e+01
4.851926790e-01  2.1435725e+01         -inf  1.00779e+05  2.14357e+01  2.14357e+01
4.871334497e-01  2.1234661e+01         -inf  1.00779e+05  2.12347e+01  2.12347e+01
4.890819835e-01  2.1254962e+01         -inf  1.00779e+05  2.12550e+01  2.12550e+01
4.910383115e-01  2.1362467e+01         -inf  1.00779e+05  2.13625e+01  2.13625e+01
4.930024647e-01  2.1370057e+01         -inf  1.00779e+05  2.13701e+01  2.13701e+01
4.949744746e-01  2.1356906e+01         -inf  1.00779e+05  2.13569e+01  2.13569e+01
4.969543725e-01  2.1492918e+01         -inf  1.00779e+05  2.14929e+01  2.14929e+01
4.989421900e-01  2.1829537e+01         -inf  1.00779e+05  2.18295e+01  2.18295e+01
5.009379587e-01  2.2287307e+01         -inf  1.00779e+05  2.22873e+01  2.22873e+01
5.029417106e-01  2.2743810e+01         -inf  1.00779e+05  2.27438e+01  2.27438e+01
5.049534774e-01  2.3008625e+01         -inf  1.00779e+05  2.30086e+01  2.30086e+01
5.069732913e-01  2.2970946e+01         -inf  1.00779e+05  2.29709e+01  2.29709e+01
5.090011845e-01  2.2750604e+01         -inf  1.00779e+05  2.27506e+01  2.27506e+01
5.110371892e-01  2.2603588e+01         -inf  1.00779e+05  2.26036e+01  2.26036e+01
5.130813380e-01  2.2656271e+01         -inf  1.00779e+05  2.26563e+01  2.26563e+01
5.151336633e-01  2.2807345e+01         -inf  1.00779e+05  2.28073e+01  2.28073e+01
5.171941980e-01  2.2930090e+01         -inf  1.00779e+05  2.29301e+01  2.29301e+01
5.192629748e-01  2.3042068e+01         -inf  1.00779e+05  2.30421e+01  2.30421e+01
5.213400267e-01  2.3228869e+01         -inf  1.00779e+05  2.32289e+01  2.32289e+01
5.234253868e-01  2.3548105e+01         -inf  1.00779e+05  2.35481e+01  2.35481e+01
5.255190883e-01  2.3969846e+01         -inf  1.00779e+05  2.39698e+01  2.39698e+01
5.276211647e-01  2.4419702e+01         -inf  1.00779e+05  2.44197e+01  2.44197e+01
5.297316493e-01  2.4818186e+01         -inf  1.00779e+05  2.48182e+01  2.48182e+01
5.318505759e-01  2.5087769e+01         -inf  1.00779e+05  2.50878e+01  2.50878e+01
5.339779782e-01  2.5175981e+01         -inf  1.00779e+05  2.51760e+01  2.51760e+01
5.361138902e-01  2.5118555e+01         -inf  1.00779e+05  2.51186e+01  2.51186e+01
5.382583457e-01  2.5094209e+01         -inf  1.00779e+05  2.50942e+01  2.50942e+01
5.404113791e-01  2.5228554e+01         -inf  1.00779e+05  2.52286e+01  2.52286e+01
5.425730246e-01  2.5463543e+01         -inf  1.00779e+05  2.54635e+01  2.54635e+01
5.447433167e-01  2.5677089e+01         -inf  1.00779e+05  2.56771e+01  2.56771e+01
5.469222900e-01  2.5815040e+01         -inf  1.00779e+05  2.58150e+01  2.58150e+01
5.491099791e-01  2.5908357e+01         -inf  1.00779e+05  2.59084e+01  2.59084e+01
5.513064191e-01  2.6003790e+01         -inf  1.00779e+05  2.60038e+01  2.60038e+01
5.535116447e-01  2.6128239e+01         -inf  1.00779e+05  2.61282e+01  2.61282e+01
5.557256913e-01  2.6313982e+01         -inf  1.00779e+05  2.63140e+01  2.63140e+01
5.579485941e-01  2.6597437e+01         -inf  1.00779e+05  2.65974e+01  2.65974e+01
5.601803884e-01  2.6962718e+01         -inf  1.00779e+05  2.69627e+01  2.69627e+01
5.624211100e-01  2.7321894e+01         -inf  1.00779e+05  2.73219e+01  2.73219e+01
5.646707944e-01  2.7603101e+01         -inf  1.00779e+05  2.76031e+01  2.76031e+01
5.669294776e-01  2.7816225e+01         -inf  1.00779e+05  2.78162e+01  2.78162e+01
5.691971955e-01  2.8013118e+01         -inf  1.00779e+05  2.80131e+01  2.80131e+01
5.714739843e-01  2.8207624e+01         -inf  1.00779e+05  2.82076e+01  2.82076e+01
5.737598803e-01  2.8319952e+01         -inf  1.00779e+05  2.83200e+01  2.83200e+01
5.760549198e-01  2.8282568e+01         -inf  1.00779e+05  2.82826e+01  2.82826e+01
5.783591395e-01  2.8128623e+01         -inf  1.00779e+05  2.81286e+01  2.81286e+01
5.806725760e-01  2.7897875e+01         -inf  1.00779e+05  2.78979e+01  2.78979e+01
5.829952663e-01  2.7681403e+01         -inf  1.00779e+05  2.76814e+01  2.76814e+01
5.853272474e-01  2.7541023e+01         -inf  1.00779e+05  2.75410e+01  2.75410e+01
5.876685564e-01  2.7479033e+01         -inf  1.00779e+05  2.74790e+01  2.74790e+01
5.900192306e-01  2.7507603e+01         -inf  1.00779e+05  2.75076e+01  2.75076e+01
5.923793075e-01  2.7667207e+01         -inf  1.00779e+05  2.76672e+01  2.76672e+01
5.947488247e-01  2.7964799e+01         -inf  1.00779e+05  2.79648e+01  2.79648e+01
5.971278200e-01  2.8300026e+01         -inf  1.00779e+05  2.83000e+01  2.83000e+01
5.995163313e-01  2.8565674e+01         -inf  1.00779e+05  2.85657e+01  2.85657e+01
6.019143966e-01  2.8672617e+01         -inf  1.00779e+05  2.86726e+01  2.86726e+01
6.043220542e-01  2.8597325e+01         -inf  1.00779e+05  2.85973e+01  2.85973e+01
6.067393425e-01  2.8364918e+01         -inf  1.00779e+05  2.83649e+01  2.83649e+01
6.091662998e-01  2.8020877e+01         -inf  1.00779e+05  2.80209e+01  2.80209e+01
6.116029650e-01  2.7633787e+01         -inf  1.00779e+05  2.76338e+01  2.76338e+01
6.140493769e-01  2.7255228e+01         -inf  1.00779e+05  2.72552e+01  2.72552e+01
6.165055744e-01  2.6908483e+01         -inf  1.00779e+05  2.69085e+01  2.69085e+01
6.189715967e-01  2.6605110e+01         -inf  1.00779e+05  2.66051e+01  2.66051e+01
6.214474831e-01  2.6347938e+01         -inf  1.00779e+05  2.63479e+01  2.63479e+01
6.239332730e-01  2.6115186e+01         -inf  1.00779e+05  2.61152e+01  2.61152e+01
6.264290061e-01  2.5873341e+01         -inf  1.00779e+05  2.58733e+01  2.58733e+01
6.289347221e-01  2.5867696e+01         -inf  1.00779e+05  2.58677e+01  2.58677e+01
6.314504610e-01  2.5358575e+01         -inf  1.00779e+05  2.53586e+01  2.53586e+01
6.339762629e-01  2.4923516e+01         -inf  1.00779e+05  2.49235e+01  2.49235e+01
6.365121679e-01  2.4492132e+01         -inf  1.00779e+05  2.44921e+01  2.44921e+01
6.390582166e-01  2.4048103e+01         -inf  1.00779e+05  2.40481e+01  2.40481e+01
6.416144494e-01  2.3599103e+01         -inf  1.00779e+05  2.35991e+01  2.35991e+01
6.441809072e-01  2.3203722e+01         -inf  1.00779e+05  2.32037e+01  2.32037e+01
6.467576309e-01  2.2834171e+01         -inf  1.00779e+05  2.28342e+01  2.28342e+01
6.493446614e-01  2.2479425e+01         -inf  1.00779e+05  2.24794e+01  2.24794e+01
6.519420400e-01  2.2147252e+01         -inf  1.00779e+05  2.21473e+01  2.21473e+01
6.545498082e-01  2.1790704e+01         -inf  1.00779e+05  2.17907e+01  2.17907e+01
6.571680074e-01  2.1422044e+01         -inf  1.00779e+05  2.14220e+01  2.14220e+01
6.597966795e-01  2.1064132e+01         -inf  1.00779e+05  2.10641e+01  2.10641e+01
6.624358662e-01  2.0717410e+01         -inf  1.00779e+05  2.07174e+01  2.07174e+01
6.650856096e-01  2.0334124e+01         -inf  1.00779e+05  2.03341e+01  2.03341e+01
6.677459521e-01  1.9906763e+01         -inf  1.00779e+05  1.99068e+01  1.99068e+01
6.704169359e-01  1.9478490e+01         -inf  1.00779e+05  1.94785e+01  1.94785e+01
6.730986036e-01  1.9064581e+01         -inf  1.00779e+05  1.90646e+01  1.90646e+01
6.757909981e-01  1.8677136e+01         -inf  1.00779e+05  1.86771e+01  1.86771e+01
6.784941620e-01  1.8304150e+01         -inf  1.00779e+05  1.83041e+01  1.83041e+01
6.812081387e-01  1.7987925e+01         -inf  1.00779e+05  1.79879e+01  1.79879e+01
6.839329712e-01  1.7739067e+01         -inf  1.00779e+05  1.77391e+01  1.77391e+01
6.866687031e-01  1.8783713e+01         -inf  1.00779e+05  1.87837e+01  1.87837e+01
6.894153779e-01  1.9041713e+01         -inf  1.00779e+05  1.90417e+01  1.90417e+01
6.921730395e-01  1.7409832e+01         -inf  1.00779e+05  1.74098e+01  1.74098e+01
6.949417316e-01  1.6341117e+01         -inf  1.00779e+05  1.63411e+01  1.63411e+01
6.977214985e-01  1.5912875e+01         -inf  1.00779e+05  1.59129e+01  1.59129e+01
7.005123845e-01  1.5579395e+01         -inf  1.00779e+05  1.55794e+01  1.55794e+01
7.033144341e-01  1.5311893e+01         -inf  1.00779e+05  1.53119e+01  1.53119e+01
7.061276918e-01  1.5094649e+01         -inf  1.00779e+05  1.50946e+01  1.50946e+01
7.089522026e-01  1.4902667e+01         -inf  1.00779e+05  1.49027e+01  1.49027e+01
7.117880114e-01  1.4742044e+01         -inf  1.00779e+05  1.47420e+01  1.47420e+01
7.146351634e-01  1.4649803e+01         -inf  1.00779e+05  1.46498e+01  1.46498e+01
7.174937041e-01  1.4482636e+01         -inf  1.00779e+05  1.44826e+01  1.44826e+01
7.203636789e-01  1.4133974e+01         -inf  1.00779e+05  1.41340e+01  1.41340e+01
7.232451336e-01  1.3806942e+01         -inf  1.00779e+05  1.38069e+01  1.38069e+01
7.261381142e-01  1.3571533e+01         -inf  1.00779e+05  1.35715e+01  1.35715e+01
7.290426666e-01  1.3309958e+01         -inf  1.00779e+05  1.33100e+01  1.33100e+01
7.319588373e-01  1.3091852e+01         -inf  1.00779e+05  1.30919e+01  1.30919e+01
7.348866726e-01  1.2964856e+01         -inf  1.00779e+05  1.29649e+01  1.29649e+01
7.378262193e-01  1.2877893e+01         -inf  1.00779e+05  1.28779e+01  1.28779e+01
7.407775242e-01  1.2824954e+01         -inf  1.00779e+05  1.28250e+01  1.28250e+01
7.437406343e-01  1.2855445e+01         -inf  1.00779e+05  1.28554e+01  1.28554e+01
7.467155968e-01  1.2919253e+01         -inf  1.00779e+05  1.29193e+01  1.29193e+01
7.497024592e-01  1.2792873e+01         -inf  1.00779e+05  1.27929e+01  1.27929e+01
7.527012690e-01  1.2428653e+01         -inf  1.00779e+05  1.24287e+01  1.24287e+01
7.557120741e-01  1.2115059e+01         -inf  1.00779e+05  1.21151e+01  1.21151e+01
7.587349224e-01  1.3967588e+01         -inf  1.00779e+05  1.39676e+01  1.39676e+01
7.617698621e-01  2.0664624e+01         -inf  1.00779e+05  2.06646e+01  2.06646e+01
7.648169416e-01  1.7536565e+01         -inf  1.00779e+05  1.75366e+01  1.75366e+01
7.678762093e-01  1.2913862e+01         -inf  1.00779e+05  1.29139e+01  1.29139e+01
7.709477142e-01  1.1504534e+01         -inf  1.00779e+05  1.15045e+01  1.15045e+01
7.740315050e-01  1.1451584e+01         -inf  1.00779e+05  1.14516e+01  1.14516e+01
7.771276310e-01  1.1589747e+01         -inf  1.00779e+05  1.15897e+01  1.15897e+01
7.802361416e-01  1.1588775e+01         -inf  1.00779e+05  1.15888e+01  1.15888e+01
7.833570861e-01  1.1304489e+01         -inf  1.00779e+05  1.13045e+01  1.13045e+01
7.864905145e-01  1.0960519e+01         -inf  1.00779e+05  1.09605e+01  1.09605e+01
7.896364765e-01  1.0717404e+01         -inf  1.00779e+05  1.07174e+01  1.07174e+01
7.927950224e-01  1.0515744e+01         -inf  1.00779e+05  1.05157e+01  1.05157e+01
7.959662025e-01  1.0342370e+01         -inf  1.00779e+05  1.03424e+01  1.03424e+01
7.991500673e-01  1.0226195e+01         -inf  1.00779e+05  1.02262e+01  1.02262e+01
8.023466676e-01  1.0135571e+01         -inf  1.00779e+05  1.01356e+01  1.01356e+01
8.055560543e-01  1.0097906e+01         -inf  1.00779e+05  1.00979e+01  1.00979e+01
8.087782785e-01  1.0173412e+01         -inf  1.00779e+05  1.01734e+01  1.01734e+01
8.120133916e-01  1.0302054e+01         -inf  1.00779e+05  1.03021e+01  1.03021e+01
8.152614452e-01  1.0408148e+01         -inf  1.00779e+05  1.04081e+01  1.04081e+01
8.185224910e-01  1.0350239e+01         -inf  1.00779e+05  1.03502e+01  1.03502e+01
8.217965809e-01  1.0066518e+01         -inf  1.00779e+05  1.00665e+01  1.00665e+01
8.250837672e-01  9.7033835e+00         -inf  1.00779e+05  9.70338e+00  9.70338e+00
8.283841023e-01  9.4323678e+00         -inf  1.00779e+05  9.43237e+00  9.43237e+00
8.316976387e-01  9.2541013e+00         -inf  1.00779e+05  9.25410e+00  9.25410e+00
8.350244293e-01  9.1379956e+00         -inf  1.00779e+05  9.13800e+00  9.13800e+00
8.383645270e-01  9.0723813e+00         -inf  1.00779e+05  9.07238e+00  9.07238e+00
8.417179851e-01  9.0337375e+00         -inf  1.00779e+05  9.03374e+00  9.03374e+00
8.450848570e-01  9.0381590e+00         -inf  1.00779e+05  9.03816e+00  9.03816e+00
8.484651965e-01  9.1179223e+00         -inf  1.00779e+05  9.11792e+00  9.11792e+00
8.518590573e-01  9.3049467e+00         -inf  1.00779e+05  9.30495e+00  9.30495e+00
8.552664935e-01  9.3014096e+00         -inf  1.00779e+05  9.30141e+00  9.30141e+00
8.586875595e-01  9.0944886e+00         -inf  1.00779e+05  9.09449e+00  9.09449e+00
8.621223097e-01  8.8486596e+00         -inf  1.00779e+05  8.84866e+00  8.84866e+00
8.655707989e-01  8.6072874e+00         -inf  1.00779e+05  8.60729e+00  8.60729e+00
8.690330821e-01  8.4504358e+00         -inf  1.00779e+05  8.45044e+00  8.45044e+00
8.725092145e-01  8.3289828e+00         -inf  1.00779e+05  8.32898e+00  8.32898e+00
8.759992513e-01  8.2533488e+00         -inf  1.00779e+05  8.25335e+00  8.25335e+00
8.795032483e-01  8.2182290e+00         -inf  1.00779e+05  8.21823e+00  8.21823e+00
8.830212613e-01  8.2341130e+00         -inf  1.00779e+05  8.23411e+00  8.23411e+00
8.865533464e-01  8.2322557e+00         -inf  1.00779e+05  8.23226e+00  8.23226e+00
8.900995597e-01  8.2133205e+00         -inf  1.00779e+05  8.21332e+00  8.21332e+00
8.936599580e-01  8.1554532e+00         -inf  1.00779e+05  8.15545e+00  8.15545e+00
8.972345978e-01  8.2040784e+00         -inf  1.00779e+05  8.20408e+00  8.20408e+00
9.008235362e-01  8.1499255e+00         -inf  1.00779e+05  8.14993e+00  8.14993e+00
9.044268304e-01  7.9979273e+00         -inf  1.00779e+05  7.99793e+00  7.99793e+00
9.080445377e-01  7.8665246e+00         -inf  1.00779e+05  7.86652e+00  7.86652e+00
9.116767158e-01  7.7779720e+00         -inf  1.00779e+05  7.77797e+00  7.77797e+00
9.153234227e-01  7.7233733e+00         -inf  1.00779e+05  7.72337e+00  7.72337e+00
9.189847164e-01  7.6847834e+00         -inf  1.00779e+05  7.68478e+00  7.68478e+00
9.226606552e-01  7.6495367e+00         -inf  1.00779e+05  7.64954e+00  7.64954e+00
9.263512979e-01  7.5851102e+00         -inf  1.00779e+05  7.58511e+00  7.58511e+00
9.300567031e-01  7.5254772e+00         -inf  1.00779e+05  7.52548e+00  7.52548e+00
9.337769299e-01  7.4955720e+00         -inf  1.00779e+05  7.49557e+00  7.49557e+00
9.375120376e-01  7.4984201e+00         -inf  1.00779e+05  7.49842e+00  7.49842e+00
9.412620857e-01  7.5393993e+00         -inf  1.00779e+05  7.53940e+00  7.53940e+00
9.450271341e-01  7.5522688e+00         -inf  1.00779e+05  7.55227e+00  7.55227e+00
9.488072426e-01  7.3858300e+00         -inf  1.00779e+05  7.38583e+00  7.38583e+00
9.526024716e-01  7.2229340e+00         -inf  1.00779e+05  7.22293e+00  7.22293e+00
9.564128815e-01  7.1388131e+00         -inf  1.00779e+05  7.13881e+00  7.13881e+00
9.602385330e-01  7.0629441e+00         -inf  1.00779e+05  7.06294e+00  7.06294e+00
9.640794871e-01  7.0097106e+00         -inf  1.00779e+05  7.00971e+00  7.00971e+00
9.679358051e-01  6.9546898e+00         -inf  1.00779e+05  6.95469e+00  6.95469e+00
9.718075483e-01  6.9020127e+00         -inf  1.00779e+05  6.90201e+00  6.90201e+00
9.756947785e-01  6.8529708e+00         -inf  1.00779e+05  6.85297e+00  6.85297e+00
9.795975576e-01  6.8108108e+00         -inf  1.00779e+05  6.81081e+00  6.81081e+00
9.835159478e-01  6.7757185e+00         -inf  1.00779e+05  6.77572e+00  6.77572e+00
9.874500116e-01  6.7761785e+00         -inf  1.00779e+05  6.77618e+00  6.77618e+00
9.913998117e-01  6.8840289e+00         -inf  1.00779e+05  6.88403e+00  6.88403e+00
9.953654109e-01  6.7912345e+00         -inf  1.00779e+05  6.79123e+00  6.79123e+00
9.993468726e-01  6.6629478e+00         -inf  1.00779e+05  6.66295e+00  6.66295e+00
1.003344260e+00  6.5966450e+00         -inf  1.00779e+05  6.59665e+00  6.59665e+00
1.007357637e+00  6.5486713e+00         -inf  1.00779e+05  6.54867e+00  6.54867e+00
1.011387068e+00  6.5082432e+00         -inf  1.00779e+05  6.50824e+00  6.50824e+00
1.015432616e+00  6.4692745e+00         -inf  1.00779e+05  6.46927e+00  6.46927e+00
1.019494346e+00  6.4298368e+00         -inf  1.00779e+05  6.42984e+00  6.42984e+00
1.023572324e+00  6.3916019e+00         -inf  1.00779e+05  6.39160e+00  6.39160e+00
1.027666613e+00  6.3553396e+00         -inf  1.00779e+05  6.35534e+00  6.35534e+00
1.031777280e+00  6.3192983e+00         -inf  1.00779e+05  6.31930e+00  6.31930e+00
1.035904389e+00  6.2990747e+00         -inf  1.00779e+05  6.29907e+00  6.29907e+00
1.040048006e+00  6.2842299e+00         -inf  1.00779e+05  6.28423e+00  6.28423e+00
1.044208198e+00  6.9682593e+00         -inf  1.00779e+05  6.96826e+00  6.96826e+00
1.048385031e+00  7.2364675e+00         -inf  1.00779e+05  7.23647e+00  7.23647e+00
1.052578571e+00  7.5371968e+00         -inf  1.00779e+05  7.53720e+00  7.53720e+00
1.056788885e+00  7.8492068e+00         -inf  1.00779e+05  7.84921e+00  7.84921e+00
1.061016041e+00  8.2495282e+00         -inf  1.00779e+05  8.24953e+00  8.24953e+00
1.065260105e+00  8.5326029e+00         -inf  1.00779e+05  8.53260e+00  8.53260e+00
1.069521146e+00  8.1666588e+00         -inf  1.00779e+05  8.16666e+00  8.16666e+00
1.073799230e+00  7.5153142e+00         -inf  1.00779e+05  7.51531e+00  7.51531e+00
1.078094427e+00  6.9614037e+00         -inf  1.00779e+05  6.96140e+00  6.96140e+00
1.082406805e+00  6.5672044e+00         -inf  1.00779e+05  6.56720e+00  6.56720e+00
1.086736432e+00  6.3062671e+00         -inf  1.00779e+05  6.30627e+00  6.30627e+00
1.091083378e+00  6.1382217e+00         -inf  1.00779e+05  6.13822e+00  6.13822e+00
1.095447711e+00  6.0251657e+00         -inf  1.00779e+05  6.02517e+00  6.02517e+00
1.099829502e+00  5.8299074e+00         -inf  1.00779e+05  5.82991e+00  5.82991e+00
1.104228820e+00  5.8030999e+00         -inf  1.00779e+05  5.80310e+00  5.80310e+00
1.108645735e+00  5.7854139e+00         -inf  1.00779e+05  5.78541e+00  5.78541e+00
1.113080318e+00  5.7983046e+00         -inf  1.00779e+05  5.79830e+00  5.79830e+00
1.117532640e+00  5.8396395e+00         -inf  1.00779e+05  5.83964e+00  5.83964e+00
1.122002770e+00  5.9499384e+00         -inf  1.00779e+05  5.94994e+00  5.94994e+00
1.126490781e+00  6.0632081e+00         -inf  1.00779e+05  6.06321e+00  6.06321e+00
1.130996744e+00  6.0321726e+00         -inf  1.00779e+05  6.03217e+00  6.03217e+00
1.135520731e+00  6.0236705e+00         -inf  1.00779e+05  6.02367e+00  6.02367e+00
1.140062814e+00  5.8551046e+00         -inf  1.00779e+05  5.85510e+00  5.85510e+00
1.144623065e+00  5.8187863e+00         -inf  1.00779e+05  5.81879e+00  5.81879e+00
1.149201558e+00  5.8421345e+00         -inf  1.00779e+05  5.84213e+00  5.84213e+00
1.153798364e+00  5.9368711e+00         -inf  1.00779e+05  5.93687e+00  5.93687e+00
1.158413557e+00  5.8136636e+00         -inf  1.00779e+05  5.81366e+00  5.81366e+00
1.163047212e+00  5.9153193e+00         -inf  1.00779e+05  5.91532e+00  5.91532e+00
1.167699401e+00  5.7520325e+00         -inf  1.00779e+05  5.75203e+00  5.75203e+00
1.172370198e+00  5.6385274e+00         -inf  1.00779e+05  5.63853e+00  5.63853e+00
1.177059679e+00  5.5420877e+00         -inf  1.00779e+05  5.54209e+00  5.54209e+00
1.181767918e+00  5.4863024e+00         -inf  1.00779e+05  5.48630e+00  5.48630e+00
1.186494989e+00  5.4473807e+00         -inf  1.00779e+05  5.44738e+00  5.44738e+00
1.191240969e+00  5.4079190e+00         -inf  1.00779e+05  5.40792e+00  5.40792e+00
1.196005933e+00  5.4102283e+00         -inf  1.00779e+05  5.41023e+00  5.41023e+00
1.200789957e+00  5.5902369e+00         -inf  1.00779e+05  5.59024e+00  5.59024e+00
1.205593117e+00  6.6441407e+00         -inf  1.00779e+05  6.64414e+00  6.64414e+00
1.210415489e+00  5.9782671e+00         -inf  1.00779e+05  5.97827e+00  5.97827e+00
1.215257151e+00  5.6514980e+00         -inf  1.00779e+05  5.65150e+00  5.65150e+00
1.220118180e+00  6.5734146e+00         -inf  1.00779e+05  6.57341e+00  6.57341e+00
1.224998652e+00  6.1889587e+00         -inf  1.00779e+05  6.18896e+00  6.18896e+00
1.229898647e+00  6.0925625e+00         -inf  1.00779e+05  6.09256e+00  6.09256e+00
1.234818242e+00  6.4051106e+00         -inf  1.00779e+05  6.40511e+00  6.40511e+00
1.239757515e+00  6.7864665e+00         -inf  1.00779e+05  6.78647e+00  6.78647e+00
1.244716545e+00  7.2998979e+00         -inf  1.00779e+05  7.29990e+00  7.29990e+00
1.249695411e+00  8.0378862e+00         -inf  1.00779e+05  8.03789e+00  8.03789e+00
1.254694192e+00  9.0508929e+00         -inf  1.00779e+05  9.05089e+00  9.05089e+00
1.259712969e+00  1.0653485e+01         -inf  1.00779e+05  1.06535e+01  1.06535e+01
1.264751821e+00  1.2565735e+01         -inf  1.00779e+05  1.25657e+01  1.25657e+01
1.269810828e+00  1.3626675e+01         -inf  1.00779e+05  1.36267e+01  1.36267e+01
1.274890072e+00  1.0339806e+01         -inf  1.00779e+05  1.03398e+01  1.03398e+01
1.279989632e+00  8.3805960e+00         -inf  1.00779e+05  8.38060e+00  8.38060e+00
1.285109591e+00  6.9229243e+00         -inf  1.00779e+05  6.92292e+00  6.92292e+00
1.290250029e+00  6.1984160e+00         -inf  1.00779e+05  6.19842e+00  6.19842e+00
1.295411029e+00  5.6833670e+00         -inf  1.00779e+05  5.68337e+00  5.68337e+00
1.300592673e+00  5.3064767e+00         -inf  1.00779e+05  5.30648e+00  5.30648e+00
1.305795044e+00  5.1224785e+00         -inf  1.00779e+05  5.12248e+00  5.12248e+00
1.311018224e+00  5.1067638e+00         -inf  1.00779e+05  5.10676e+00  5.10676e+00
1.316262297e+00  5.4211024e+00         -inf  1.00779e+05  5.42110e+00  5.42110e+00
1.321527346e+00  5.2602984e+00         -inf  1.00779e+05  5.26030e+00  5.26030e+00
1.326813455e+00  5.0117585e+00         -inf  1.00779e+05  5.01176e+00  5.01176e+00
1.332120709e+00  5.4340911e+00         -inf  1.00779e+05  5.43409e+00  5.43409e+00
1.337449192e+00  5.2553435e+00         -inf  1.00779e+05  5.25534e+00  5.25534e+00
1.342798989e+00  5.4452483e+00         -inf  1.00779e+05  5.44525e+00  5.44525e+00
1.348170185e+00  5.5036087e+00         -inf  1.00779e+05  5.50361e+00  5.50361e+00
1.353562866e+00  6.0699672e+00         -inf  1.00779e+05  6.06997e+00  6.06997e+00
1.358977117e+00  6.7875103e+00         -inf  1.00779e+05  6.78751e+00  6.78751e+00
1.364413026e+00  7.1059517e+00         -inf  1.00779e+05  7.10595e+00  7.10595e+00
1.369870678e+00  7.0749035e+00         -inf  1.00779e+05  7.07490e+00  7.07490e+00
1.375350160e+00  6.9735048e+00         -inf  1.00779e+05  6.97350e+00  6.97350e+00
1.380851561e+00  6.9462066e+00         -inf  1.00779e+05  6.94621e+00  6.94621e+00
1.386374967e+00  6.9061348e+00         -inf  1.00779e+05  6.90613e+00  6.90613e+00
1.391920467e+00  6.8475748e+00         -inf  1.00779e+05  6.84757e+00  6.84757e+00
1.397488149e+00  6.7700216e+00         -inf  1.00779e+05  6.77002e+00  6.77002e+00
1.403078102e+00  6.5369233e+00         -inf  1.00779e+05  6.53692e+00  6.53692e+00
1.408690414e+00  6.0961101e+00         -inf  1.00779e+05  6.09611e+00  6.09611e+00
1.414325176e+00  5.4890098e+00         -inf  1.00779e+05  5.48901e+00  5.48901e+00
1.419982476e+00  5.1433162e+00         -inf  1.00779e+05  5.14332e+00  5.14332e+00
1.425662406e+00  5.0316233e+00         -inf  1.00779e+05  5.03162e+00  5.03162e+00
1.431365056e+00  9.9085168e+00         -inf  1.00779e+05  9.90852e+00  9.90852e+00
1.437090516e+00  9.8643960e+00         -inf  1.00779e+05  9.86440e+00  9.86440e+00
1.442838878e+00  7.4986501e+00         -inf  1.00779e+05  7.49865e+00  7.49865e+00
1.448610234e+00  5.6327411e+00         -inf  1.00779e+05  5.63274e+00  5.63274e+00
1.454404675e+00  4.9023285e+00         -inf  1.00779e+05  4.90233e+00  4.90233e+00
1.460222293e+00  4.7773140e+00         -inf  1.00779e+05  4.77731e+00  4.77731e+00
1.466063182e+00  4.7612269e+00         -inf  1.00779e+05  4.76123e+00  4.76123e+00
1.471927435e+00  5.3147142e+00         -inf  1.00779e+05  5.31471e+00  5.31471e+00
1.477815145e+00  5.1546863e+00         -inf  1.00779e+05  5.15469e+00  5.15469e+00
1.483726405e+00  4.7250617e+00         -inf  1.00779e+05  4.72506e+00  4.72506e+00
1.489661311e+00  4.5675855e+00         -inf  1.00779e+05  4.56759e+00  4.56759e+00
1.495619956e+00  4.6681987e+00         -inf  1.00779e+05  4.66820e+00  4.66820e+00
1.501602436e+00  4.5579400e+00         -inf  1.00779e+05  4.55794e+00  4.55794e+00
1.507608846e+00  4.4658026e+00         -inf  1.00779e+05  4.46580e+00  4.46580e+00
1.513639281e+00  4.4658292e+00         -inf  1.00779e+05  4.46583e+00  4.46583e+00
1.519693838e+00  4.4888636e+00         -inf  1.00779e+05  4.48886e+00  4.48886e+00
1.525772614e+00  4.6120873e+00         -inf  1.00779e+05  4.61209e+00  4.61209e+00
1.531875704e+00  5.1910614e+00         -inf  1.00779e+05  5.19106e+00  5.19106e+00
1.538003207e+00  5.5339831e+00         -inf  1.00779e+05  5.53398e+00  5.53398e+00
1.544155220e+00  5.0026799e+00         -inf  1.00779e+05  5.00268e+00  5.00268e+00
1.550331841e+00  4.4137602e+00         -inf  1.00779e+05  4.41376e+00  4.41376e+00
1.556533168e+00  4.3925749e+00         -inf  1.00779e+05  4.39257e+00  4.39257e+00
1.562759301e+00  4.4067869e+00         -inf  1.00779e+05  4.40679e+00  4.40679e+00
1.569010338e+00  6.5934604e+00         -inf  1.00779e+05  6.59346e+00  6.59346e+00
1.575286379e+00  8.3012835e+00         -inf  1.00779e+05  8.30128e+00  8.30128e+00
1.581587525e+00  6.6928834e+00         -inf  1.00779e+05  6.69288e+00  6.69288e+00
1.587913875e+00  4.5969466e+00         -inf  1.00779e+05  4.59695e+00  4.59695e+00
1.594265530e+00  4.5231718e+00         -inf  1.00779e+05  4.52317e+00  4.52317e+00
1.600642593e+00  7.9286044e+00         -inf  1.00779e+05  7.92860e+00  7.92860e+00
1.607045163e+00  8.1217478e+00         -inf  1.00779e+05  8.12175e+00  8.12175e+00
1.613473344e+00  6.3894345e+00         -inf  1.00779e+05  6.38943e+00  6.38943e+00
1.619927237e+00  4.7689873e+00         -inf  1.00779e+05  4.76899e+00  4.76899e+00
1.626406946e+00  4.7100098e+00         -inf  1.00779e+05  4.71001e+00  4.71001e+00
1.632912574e+00  5.0773342e+00         -inf  1.00779e+05  5.07733e+00  5.07733e+00
1.639444224e+00  5.5757002e+00         -inf  1.00779e+05  5.57570e+00  5.57570e+00
1.646002001e+00  5.7583319e+00         -inf  1.00779e+05  5.75833e+00  5.75833e+00
1.652586009e+00  5.5766911e+00         -inf  1.00779e+05  5.57669e+00  5.57669e+00
1.659196353e+00  4.8410604e+00         -inf  1.00779e+05  4.84106e+00  4.84106e+00
1.665833138e+00  6.4318007e+00         -inf  1.00779e+05  6.43180e+00  6.43180e+00
1.672496471e+00  4.8169565e+00         -inf  1.00779e+05  4.81696e+00  4.81696e+00
1.679186457e+00  4.8762604e+00         -inf  1.00779e+05  4.87626e+00  4.87626e+00
1.685903203e+00  4.9077793e+00         -inf  1.00779e+05  4.90778e+00  4.90778e+00
1.692646815e+00  5.0228102e+00         -inf  1.00779e+05  5.02281e+00  5.02281e+00
1.699417403e+00  5.1523326e+00         -inf  1.00779e+05  5.15233e+00  5.15233e+00
1.706215072e+00  5.9865215e+00         -inf  1.00779e+05  5.98652e+00  5.98652e+00
1.713039933e+00  5.1802931e+00         -inf  1.00779e+05  5.18029e+00  5.18029e+00
1.719892092e+00  5.0516119e+00         -inf  1.00779e+05  5.05161e+00  5.05161e+00
1.726771661e+00  5.6924092e+00         -inf  1.00779e+05  5.69241e+00  5.69241e+00
1.733678747e+00  5.0258187e+00         -inf  1.00779e+05  5.02582e+00  5.02582e+00
1.740613462e+00  4.7511392e+00         -inf  1.00779e+05  4.75114e+00  4.75114e+00
1.747575916e+00  4.5768239e+00         -inf  1.00779e+05  4.57682e+00  4.57682e+00
1.754566220e+00  4.5235169e+00         -inf  1.00779e+05  4.52352e+00  4.52352e+00
1.761584485e+00  4.5415160e+00         -inf  1.00779e+05  4.54152e+00  4.54152e+00
1.768630823e+00  4.8747119e+00         -inf  1.00779e+05  4.87471e+00  4.87471e+00
1.775705346e+00  5.1455194e+00         -inf  1.00779e+05  5.14552e+00  5.14552e+00
1.782808167e+00  4.7945426e+00         -inf  1.00779e+05  4.79454e+00  4.79454e+00
1.789939400e+00  5.4653153e+00         -inf  1.00779e+05  5.46532e+00  5.46532e+00
1.797099158e+00  4.7874193e+00         -inf  1.00779e+05  4.78742e+00  4.78742e+00
1.804287554e+00  4.8631379e+00         -inf  1.00779e+05  4.86314e+00  4.86314e+00
1.811504704e+00  5.0394364e+00         -inf  1.00779e+05  5.03944e+00  5.03944e+00
1.818750723e+00  5.3489030e+00         -inf  1.00779e+05  5.34890e+00  5.34890e+00
1.826025726e+00  5.8432315e+00         -inf  1.00779e+05  5.84323e+00  5.84323e+00
1.833329829e+00  6.2985793e+00         -inf  1.00779e+05  6.29858e+00  6.29858e+00
1.840663148e+00  6.6407172e+00         -inf  1.00779e+05  6.64072e+00  6.64072e+00
1.848025801e+00  6.8003813e+00         -inf  1.00779e+05  6.80038e+00  6.80038e+00
1.855417904e+00  6.8348631e+00         -inf  1.00779e+05  6.83486e+00  6.83486e+00
1.862839576e+00  6.7876695e+00         -inf  1.00779e+05  6.78767e+00  6.78767e+00
1.870290934e+00  6.7440495e+00         -inf  1.00779e+05  6.74405e+00  6.74405e+00
1.877772098e+00  7.3869622e+00         -inf  1.00779e+05  7.38696e+00  7.38696e+00
1.885283186e+00  7.3224093e+00         -inf  1.00779e+05  7.32241e+00  7.32241e+00
1.892824319e+00  6.5769619e+00         -inf  1.00779e+05  6.57696e+00  6.57696e+00
1.900395616e+00  6.4585172e+00         -inf  1.00779e+05  6.45852e+00  6.45852e+00
1.907997199e+00  6.3592410e+00         -inf  1.00779e+05  6.35924e+00  6.35924e+00
1.915629188e+00  6.1116985e+00         -inf  1.00779e+05  6.11170e+00  6.11170e+00
1.923291704e+00  5.6015796e+00         -inf  1.00779e+05  5.60158e+00  5.60158e+00
1.930984871e+00  4.9995918e+00         -inf  1.00779e+05  4.99959e+00  4.99959e+00
1.938708811e+00  5.1220537e+00         -inf  1.00779e+05  5.12205e+00  5.12205e+00
1.946463646e+00  9.0598243e+00         -inf  1.00779e+05  9.05982e+00  9.05982e+00
1.954249500e+00  1.5601657e+01         -inf  1.00779e+05  1.56017e+01  1.56017e+01
1.962066498e+00  1.5212858e+01         -inf  1.00779e+05  1.52129e+01  1.52129e+01
1.969914764e+00  1.2964237e+01         -inf  1.00779e+05  1.29642e+01  1.29642e+01
1.977794423e+00  7.3831056e+00         -inf  1.00779e+05  7.38311e+00  7.38311e+00
1.985705601e+00  5.5777086e+00         -inf  1.00779e+05  5.57771e+00  5.57771e+00
1.993648424e+00  7.3221616e+00         -inf  1.00779e+05  7.32216e+00  7.32216e+00
2.001623017e+00  1.8115706e+01         -inf  1.00779e+05  1.81157e+01  1.81157e+01
2.009629509e+00  1.9033237e+01         -inf  1.00779e+05  1.90332e+01  1.90332e+01
2.017668027e+00  1.6987843e+01         -inf  1.00779e+05  1.69878e+01  1.69878e+01
2.025738699e+00  1.0671432e+01         -inf  1.00779e+05  1.06714e+01  1.06714e+01
2.033841654e+00  9.2338515e+00         -inf  1.00779e+05  9.23385e+00  9.23385e+00
2.041977021e+00  9.9093126e+00         -inf  1.00779e+05  9.90931e+00  9.90931e+00
2.050144929e+00  1.3169180e+01         -inf  1.00779e+05  1.31692e+01  1.31692e+01
2.058345509e+00  1.4365298e+01         -inf  1.00779e+05  1.43653e+01  1.43653e+01
2.066578891e+00  1.3776898e+01         -inf  1.00779e+05  1.37769e+01  1.37769e+01
2.074845206e+00  1.0497443e+01         -inf  1.00779e+05  1.04974e+01  1.04974e+01
2.083144587e+00  8.7842097e+00         -inf  1.00779e+05  8.78421e+00  8.78421e+00
2.091477165e+00  7.3074784e+00         -inf  1.00779e+05  7.30748e+00  7.30748e+00
2.099843074e+00  6.0942522e+00         -inf  1.00779e+05  6.09425e+00  6.09425e+00
2.108242446e+00  6.3672118e+00         -inf  1.00779e+05  6.36721e+00  6.36721e+00
2.116675416e+00  5.8132655e+00         -inf  1.00779e+05  5.81327e+00  5.81327e+00
2.125142118e+00  5.2377622e+00         -inf  1.00779e+05  5.23776e+00  5.23776e+00
2.133642686e+00  4.7832604e+00         -inf  1.00779e+05  4.78326e+00  4.78326e+00
2.142177257e+00  5.1430419e+00         -inf  1.00779e+05  5.14304e+00  5.14304e+00
2.150745966e+00  5.9543797e+00         -inf  1.00779e+05  5.95438e+00  5.95438e+00
2.159348950e+00  6.0008450e+00         -inf  1.00779e+05  6.00084e+00  6.00084e+00
2.167986346e+00  5.8431519e+00         -inf  1.00779e+05  5.84315e+00  5.84315e+00
2.176658291e+00  5.4837188e+00         -inf  1.00779e+05  5.48372e+00  5.48372e+00
2.185364924e+00  4.8022233e+00         -inf  1.00779e+05  4.80222e+00  4.80222e+00
2.194106384e+00  5.0379941e+00         -inf  1.00779e+05  5.03799e+00  5.03799e+00
2.202882810e+00  7.8428122e+00         -inf  1.00779e+05  7.84281e+00  7.84281e+00
2.211694341e+00  4.7886405e+00         -inf  1.00779e+05  4.78864e+00  4.78864e+00
2.220541118e+00  5.5354784e+00         -inf  1.00779e+05  5.53548e+00  5.53548e+00
2.229423283e+00  6.1366646e+00         -inf  1.00779e+05  6.13666e+00  6.13666e+00
2.238340976e+00  6.5609324e+00         -inf  1.00779e+05  6.56093e+00  6.56093e+00
2.247294340e+00  7.1337445e+00         -inf  1.00779e+05  7.13374e+00  7.13374e+00
2.256283517e+00  7.8522494e+00         -inf  1.00779e+05  7.85225e+00  7.85225e+00
2.265308651e+00  8.0732635e+00         -inf  1.00779e+05  8.07326e+00  8.07326e+00
2.274369886e+00  8.5562332e+00         -inf  1.00779e+05  8.55623e+00  8.55623e+00
2.283467365e+00  8.4431042e+00         -inf  1.00779e+05  8.44310e+00  8.44310e+00
2.292601235e+00  9.3480986e+00         -inf  1.00779e+05  9.34810e+00  9.34810e+00
2.301771640e+00  1.0503897e+01         -inf  1.00779e+05  1.05039e+01  1.05039e+01
2.310978726e+00  6.8083162e+00         -inf  1.00779e+05  6.80832e+00  6.80832e+00
2.320222641e+00  9.8545815e+00         -inf  1.00779e+05  9.85458e+00  9.85458e+00
2.329503532e+00  8.4321556e+00         -inf  1.00779e+05  8.43216e+00  8.43216e+00
2.338821546e+00  9.7317665e+00         -inf  1.00779e+05  9.73177e+00  9.73177e+00
2.348176832e+00  1.0409563e+01         -inf  1.00779e+05  1.04096e+01  1.04096e+01
2.357569539e+00  8.7600319e+00         -inf  1.00779e+05  8.76003e+00  8.76003e+00
2.366999817e+00  9.0416961e+00         -inf  1.00779e+05  9.04170e+00  9.04170e+00
2.376467817e+00  9.3164420e+00         -inf  1.00779e+05  9.31644e+00  9.31644e+00
2.385973688e+00  7.4572991e+00         -inf  1.00779e+05  7.45730e+00  7.45730e+00
2.395517583e+00  7.5505263e+00         -inf  1.00779e+05  7.55053e+00  7.55053e+00
2.405099653e+00  6.3067094e+00         -inf  1.00779e+05  6.30671e+00  6.30671e+00
2.414720052e+00  5.4480442e+00         -inf  1.00779e+05  5.44804e+00  5.44804e+00
2.424378932e+00  6.3489788e+00         -inf  1.00779e+05  6.34898e+00  6.34898e+00
2.434076448e+00  5.3848170e+00         -inf  1.00779e+05  5.38482e+00  5.38482e+00
2.443812753e+00  4.9945127e+00         -inf  1.00779e+05  4.99451e+00  4.99451e+00
2.453588004e+00  4.8269820e+00         -inf  1.00779e+05  4.82698e+00  4.82698e+00
2.463402356e+00  4.6412093e+00         -inf  1.00779e+05  4.64121e+00  4.64121e+00
2.473255966e+00  4.6820383e+00         -inf  1.00779e+05  4.68204e+00  4.68204e+00
2.483148990e+00  7.0726389e+00         -inf  1.00779e+05  7.07264e+00  7.07264e+00
2.493081586e+00  6.4155141e+00         -inf  1.00779e+05  6.41551e+00  6.41551e+00
2.503053912e+00  5.8839468e+00         -inf  1.00779e+05  5.88395e+00  5.88395e+00
2.513066128e+00  5.5152257e+00         -inf  1.00779e+05  5.51523e+00  5.51523e+00
2.523118392e+00  5.6411904e+00         -inf  1.00779e+05  5.64119e+00  5.64119e+00
2.533210866e+00  6.0794334e+00         -inf  1.00779e+05  6.07943e+00  6.07943e+00
2.543343709e+00  6.4315351e+00         -inf  1.00779e+05  6.43154e+00  6.43154e+00
2.553517084e+00  7.2506730e+00         -inf  1.00779e+05  7.25067e+00  7.25067e+00
2.563731152e+00  8.2790493e+00         -inf  1.00779e+05  8.27905e+00  8.27905e+00
2.573986077e+00  8.7098983e+00         -inf  1.00779e+05  8.70990e+00  8.70990e+00
2.584282021e+00  9.3231619e+00         -inf  1.00779e+05  9.32316e+00  9.32316e+00
2.594619149e+00  1.0056261e+01         -inf  1.00779e+05  1.00563e+01  1.00563e+01
2.604997626e+00  9.9316815e+00         -inf  1.00779e+05  9.93168e+00  9.93168e+00
2.615417616e+00  9.9487460e+00         -inf  1.00779e+05  9.94875e+00  9.94875e+00
2.625879287e+00  9.4073426e+00         -inf  1.00779e+05  9.40734e+00  9.40734e+00
2.636382804e+00  9.1000586e+00         -inf  1.00779e+05  9.10006e+00  9.10006e+00
2.646928335e+00  9.0839644e+00         -inf  1.00779e+05  9.08396e+00  9.08397e+00
2.657516049e+00  9.9969331e+00         -inf  1.00779e+05  9.99693e+00  9.99693e+00
2.668146113e+00  1.8870596e+01         -inf  1.00779e+05  1.88706e+01  1.88706e+01
2.678818697e+00  2.9534363e+01         -inf  1.00779e+05  2.95344e+01  2.95344e+01
2.689533972e+00  2.9013097e+01         -inf  1.00779e+05  2.90131e+01  2.90131e+01
2.700292108e+00  2.9724152e+01         -inf  1.00779e+05  2.97242e+01  2.97242e+01
2.711093276e+00  2.6082376e+01         -inf  1.00779e+05  2.60824e+01  2.60824e+01
2.721937650e+00  2.0215124e+01         -inf  1.00779e+05  2.02151e+01  2.02151e+01
2.732825400e+00  1.8528966e+01         -inf  1.00779e+05  1.85290e+01  1.85290e+01
2.743756702e+00  2.2433358e+01         -inf  1.00779e+05  2.24334e+01  2.24334e+01
2.754731729e+00  2.8296940e+01         -inf  1.00779e+05  2.82969e+01  2.82969e+01
2.765750655e+00  2.7614740e+01         -inf  1.00779e+05  2.76147e+01  2.76147e+01
2.776813658e+00  2.8882885e+01         -inf  1.00779e+05  2.88829e+01  2.88829e+01
2.787920913e+00  2.6222610e+01         -inf  1.00779e+05  2.62226e+01  2.62226e+01
2.799072596e+00  2.2236560e+01         -inf  1.00779e+05  2.22366e+01  2.22366e+01
2.810268887e+00  1.9924857e+01         -inf  1.00779e+05  1.99249e+01  1.99249e+01
2.821509962e+00  1.7791696e+01         -inf  1.00779e+05  1.77917e+01  1.77917e+01
2.832796002e+00  1.4748844e+01         -inf  1.00779e+05  1.47488e+01  1.47488e+01
2.844127186e+00  1.5232997e+01         -inf  1.00779e+05  1.52330e+01  1.52330e+01
2.855503695e+00  1.3643726e+01         -inf  1.00779e+05  1.36437e+01  1.36437e+01
2.866925710e+00  1.4059658e+01         -inf  1.00779e+05  1.40597e+01  1.40597e+01
2.878393413e+00  1.2228987e+01         -inf  1.00779e+05  1.22290e+01  1.22290e+01
2.889906986e+00  1.1306431e+01         -inf  1.00779e+05  1.13064e+01  1.13064e+01
2.901466614e+00  8.2376475e+00         -inf  1.00779e+05  8.23765e+00  8.23765e+00
2.913072481e+00  5.7532240e+00         -inf  1.00779e+05  5.75322e+00  5.75323e+00
2.924724770e+00  4.8959722e+00         -inf  1.00779e+05  4.89597e+00  4.89598e+00
2.936423670e+00  4.3962353e+00         -inf  1.00779e+05  4.39624e+00  4.39624e+00
2.948169364e+00  4.8786548e+00         -inf  1.00779e+05  4.87865e+00  4.87866e+00
2.959962042e+00  6.7033001e+00         -inf  1.00779e+05  6.70330e+00  6.70330e+00
2.971801890e+00  6.5239765e+00         -inf  1.00779e+05  6.52398e+00  6.52398e+00
2.983689097e+00  7.2526674e+00         -inf  1.00779e+05  7.25267e+00  7.25267e+00
2.995623854e+00  5.5517090e+00         -inf  1.00779e+05  5.55171e+00  5.55171e+00
3.007606349e+00  5.1646440e+00         -inf  1.00779e+05  5.16464e+00  5.16465e+00
3.019636775e+00  5.0654273e+00         -inf  1.00779e+05  5.06543e+00  5.06543e+00
3.031715322e+00  4.4183733e+00         -inf  1.00779e+05  4.41837e+00  4.41838e+00
3.043842183e+00  4.2955968e+00         -inf  1.00779e+05  4.29560e+00  4.29560e+00
3.056017552e+00  4.3322152e+00         -inf  1.00779e+05  4.33222e+00  4.33222e+00
3.068241622e+00  4.3211971e+00         -inf  1.00779e+05  4.32120e+00  4.32120e+00
3.080514588e+00  4.3296654e+00         -inf  1.00779e+05  4.32967e+00  4.32967e+00
3.092836647e+00  4.3526200e+00         -inf  1.00779e+05  4.35262e+00  4.35263e+00
3.105207993e+00  4.4297853e+00         -inf  1.00779e+05  4.42979e+00  4.42980e+00
3.117628825e+00  4.8029826e+00         -inf  1.00779e+05  4.80298e+00  4.80299e+00
3.130099341e+00  6.4495708e+00         -inf  1.00779e+05  6.44957e+00  6.44958e+00
3.142619738e+00  5.6006472e+00         -inf  1.00779e+05  5.60065e+00  5.60066e+00
3.155190217e+00  6.3263086e+00         -inf  1.00779e+05  6.32631e+00  6.32632e+00
3.167810978e+00  5.9356528e+00         -inf  1.00779e+05  5.93565e+00  5.93567e+00
3.180482222e+00  7.6029939e+00         -inf  1.00779e+05  7.60299e+00  7.60301e+00
3.193204151e+00  7.8883600e+00         -inf  1.00779e+05  7.88836e+00  7.88838e+00
3.205976967e+00  8.9719912e+00         -inf  1.00779e+05  8.97199e+00  8.97201e+00
3.218800875e+00  1.0364626e+01         -inf  1.00779e+05  1.03646e+01  1.03646e+01
3.231676079e+00  1.0191953e+01         -inf  1.00779e+05  1.01920e+01  1.01920e+01
3.244602783e+00  1.1722222e+01         -inf  1.00779e+05  1.17222e+01  1.17223e+01
3.257581194e+00  1.2458229e+01         -inf  1.00779e+05  1.24582e+01  1.24583e+01
3.270611519e+00  1.6009396e+01         -inf  1.00779e+05  1.60094e+01  1.60094e+01
3.283693965e+00  1.3817252e+01         -inf  1.00779e+05  1.38173e+01  1.38173e+01
3.296828741e+00  1.3436118e+01         -inf  1.00779e+05  1.34361e+01  1.34362e+01
3.310016056e+00  1.8679926e+01         -inf  1.00779e+05  1.86799e+01  1.86800e+01
3.323256120e+00  1.6349630e+01         -inf  1.00779e+05  1.63496e+01  1.63497e+01
3.336549144e+00  8.3571462e+00         -inf  1.00779e+05  8.35715e+00  8.35719e+00
3.349895341e+00  8.9618874e+00         -inf  1.00779e+05  8.96189e+00  8.96193e+00
3.363294922e+00  1.1166181e+01         -inf  1.00779e+05  1.11662e+01  1.11662e+01
3.376748102e+00  1.1200565e+01         -inf  1.00779e+05  1.12006e+01  1.12006e+01
3.390255094e+00  1.1163874e+01         -inf  1.00779e+05  1.11639e+01  1.11639e+01
3.403816115e+00  1.0478018e+01         -inf  1.00779e+05  1.04780e+01  1.04781e+01
3.417431379e+00  8.6674648e+00         -inf  1.00779e+05  8.66746e+00  8.66753e+00
3.431101105e+00  9.0227024e+00         -inf  1.00779e+05  9.02270e+00  9.02277e+00
3.444825509e+00  8.8364174e+00         -inf  1.00779e+05  8.83642e+00  8.83649e+00
3.458604811e+00  7.9767548e+00         -inf  1.00779e+05  7.97675e+00  7.97683e+00
3.472439231e+00  8.9247952e+00         -inf  1.00779e+05  8.92480e+00  8.92488e+00
3.486328987e+00  8.5679278e+00         -inf  1.00779e+05  8.56793e+00  8.56801e+00
3.500274303e+00  7.4008593e+00         -inf  1.00779e+05  7.40086e+00  7.40095e+00
3.514275401e+00  5.8501137e+00         -inf  1.00779e+05  5.85011e+00  5.85020e+00
3.528332502e+00  6.8515727e+00         -inf  1.00779e+05  6.85157e+00  6.85167e+00
3.542445832e+00  9.6299663e+00         -inf  1.00779e+05  9.62997e+00  9.63008e+00
3.556615616e+00  7.3719890e+00         -inf  1.00779e+05  7.37199e+00  7.37210e+00
3.570842078e+00  1.0464075e+01         -inf  1.00779e+05  1.04641e+01  1.04642e+01
3.585125446e+00  1.0139241e+01         -inf  1.00779e+05  1.01392e+01  1.01394e+01
3.599465948e+00  8.4719421e+00         -inf  1.00779e+05  8.47194e+00  8.47208e+00
3.613863812e+00  8.0679812e+00         -inf  1.00779e+05  8.06798e+00  8.06812e+00
3.628319267e+00  6.9197735e+00         -inf  1.00779e+05  6.91977e+00  6.91993e+00
3.642832544e+00  6.7610201e+00         -inf  1.00779e+05  6.76102e+00  6.76118e+00
3.657403874e+00  5.3505314e+00         -inf  1.00779e+05  5.35053e+00  5.35070e+00
3.672033490e+00  5.4650621e+00         -inf  1.00779e+05  5.46506e+00  5.46524e+00
3.686721624e+00  5.6328038e+00         -inf  1.00779e+05  5.63280e+00  5.63300e+00
3.701468510e+00  5.0534967e+00         -inf  1.00779e+05  5.05350e+00  5.05370e+00
3.716274384e+00  5.4864641e+00         -inf  1.00779e+05  5.48646e+00  5.48668e+00
3.731139482e+00  5.8918614e+00         -inf  1.00779e+05  5.89186e+00  5.89210e+00
3.746064040e+00  5.5161557e+00         -inf  1.00779e+05  5.51616e+00  5.51640e+00
3.761048296e+00  5.2614789e+00         -inf  1.00779e+05  5.26148e+00  5.26174e+00
3.776092489e+00  5.5062664e+00         -inf  1.00779e+05  5.50627e+00  5.50655e+00
3.791196859e+00  6.1679910e+00         -inf  1.00779e+05  6.16799e+00  6.16829e+00
3.806361647e+00  6.4750562e+00         -inf  1.00779e+05  6.47506e+00  6.47538e+00
3.821587093e+00  6.1747804e+00         -inf  1.00779e+05  6.17478e+00  6.17512e+00
3.836873442e+00  7.0438657e+00         -inf  1.00779e+05  7.04387e+00  7.04424e+00
3.852220935e+00  8.1440481e+00         -inf  1.00779e+05  8.14405e+00  8.14446e+00
3.867629819e+00  1.1048686e+01         -inf  1.00779e+05  1.10487e+01  1.10492e+01
3.883100338e+00  1.3162946e+01         -inf  1.00779e+05  1.31629e+01  1.31635e+01
3.898632740e+00  1.1634274e+01         -inf  1.00779e+05  1.16343e+01  1.16348e+01
3.914227271e+00  1.2532056e+01         -inf  1.00779e+05  1.25321e+01  1.25327e+01
3.929884180e+00  1.1825184e+01         -inf  1.00779e+05  1.18252e+01  1.18258e+01
3.945603716e+00  1.0600300e+01         -inf  1.00779e+05  1.06003e+01  1.06010e+01
3.961386131e+00  9.9724571e+00         -inf  1.00779e+05  9.97246e+00  9.97315e+00
3.977231676e+00  1.0413585e+01         -inf  1.00779e+05  1.04136e+01  1.04143e+01
3.993140603e+00  1.0762550e+01         -inf  1.00779e+05  1.07625e+01  1.07634e+01
4.009113165e+00  1.1631513e+01         -inf  1.00779e+05  1.16315e+01  1.16324e+01
4.025149618e+00  1.2724737e+01         -inf  1.00779e+05  1.27247e+01  1.27258e+01
4.041250216e+00  1.3828547e+01         -inf  1.00779e+05  1.38285e+01  1.38297e+01
4.057415217e+00  1.4002503e+01         -inf  1.00779e+05  1.40025e+01  1.40038e+01
4.073644878e+00  1.4679879e+01         -inf  1.00779e+05  1.46799e+01  1.46813e+01
4.089939457e+00  1.5049291e+01         -inf  1.00779e+05  1.50493e+01  1.50509e+01
4.106299215e+00  1.5079622e+01         -inf  1.00779e+05  1.50796e+01  1.50814e+01
4.122724412e+00  1.5240887e+01         -inf  1.00779e+05  1.52409e+01  1.52428e+01
4.139215310e+00  1.5478922e+01         -inf  1.00779e+05  1.54789e+01  1.54810e+01
4.155772171e+00  1.5666385e+01         -inf  1.00779e+05  1.56664e+01  1.56686e+01
4.172395260e+00  1.7028603e+01         -inf  1.00779e+05  1.70286e+01  1.70311e+01
4.189084841e+00  2.2287930e+01         -inf  1.00779e+05  2.22879e+01  2.22889e+01
4.205841180e+00  3.1499127e+01         -inf  1.00779e+05  3.14991e+01  3.14992e+01
4.222664545e+00  3.9351357e+01         -inf  1.00779e+05  3.93514e+01  3.93515e+01
4.239555203e+00  4.2555978e+01         -inf  1.00779e+05  4.25560e+01  4.25561e+01
4.256513424e+00  4.0677052e+01         -inf  1.00779e+05  4.06771e+01  4.06772e+01
4.273539477e+00  4.2367428e+01         -inf  1.00779e+05  4.23674e+01  4.23676e+01
4.290633635e+00  4.1062559e+01         -inf  1.00779e+05  4.10626e+01  4.10627e+01
4.307796170e+00  3.8360319e+01         -inf  1.00779e+05  3.83603e+01  3.83605e+01
4.325027355e+00  3.4996937e+01         -inf  1.00779e+05  3.49969e+01  3.49971e+01
4.342327464e+00  3.2500120e+01         -inf  1.00779e+05  3.25001e+01  3.25003e+01
4.359696774e+00  3.1317444e+01         -inf  1.00779e+05  3.13174e+01  3.13176e+01
4.377135561e+00  2.9023103e+01         -inf  1.00779e+05  2.90231e+01  2.90235e+01
4.394644103e+00  2.9025198e+01         -inf  1.00779e+05  2.90252e+01  2.90255e+01
4.412222680e+00  2.8212223e+01         -inf  1.00779e+05  2.82122e+01  2.82126e+01
4.429871570e+00  2.6062453e+01         -inf  1.00779e+05  2.60625e+01  2.60635e+01
4.447591057e+00  2.2807287e+01         -inf  1.00779e+05  2.28073e+01  2.28100e+01
4.465381421e+00  2.2824850e+01         -inf  1.00779e+05  2.28249e+01  2.28277e+01
4.483242946e+00  2.3055059e+01         -inf  1.00779e+05  2.30551e+01  2.30582e+01
4.501175918e+00  2.1075469e+01         -inf  1.00779e+05  2.10755e+01  2.10800e+01
4.519180622e+00  2.2601391e+01         -inf  1.00779e+05  2.26014e+01  2.26054e+01
4.537257344e+00  2.1289051e+01         -inf  1.00779e+05  2.12891e+01  2.12940e+01
4.555406374e+00  1.9325752e+01         -inf  1.00779e+05  1.93258e+01  1.93318e+01
4.573627999e+00  1.7131202e+01         -inf  1.00779e+05  1.71312e+01  1.71377e+01
4.591922511e+00  1.4039762e+01         -inf  1.00779e+05  1.40398e+01  1.40459e+01
4.610290201e+00  1.2204219e+01         -inf  1.00779e+05  1.22042e+01  1.22098e+01
4.628731362e+00  1.0572357e+01         -inf  1.00779e+05  1.05724e+01  1.05777e+01
4.647246288e+00  9.3152533e+00         -inf  1.00779e+05  9.31525e+00  9.32060e+00
4.665835273e+00  8.2108684e+00         -inf  1.00779e+05  8.21087e+00  8.21630e+00
4.684498614e+00  1.0462434e+01         -inf  1.00779e+05  1.04624e+01  1.04680e+01
4.703236608e+00  2.4661626e+01         -inf  1.00779e+05  2.46616e+01  2.46668e+01
4.722049555e+00  2.6490144e+01         -inf  1.00779e+05  2.64901e+01  2.64953e+01
4.740937753e+00  2.3132703e+01         -inf  1.00779e+05  2.31327e+01  2.31385e+01
4.759901504e+00  2.5164260e+01         -inf  1.00779e+05  2.51643e+01  2.51702e+01
4.778941110e+00  2.3445833e+01         -inf  1.00779e+05  2.34458e+01  2.34526e+01
4.798056874e+00  2.0802654e+01         -inf  1.00779e+05  2.08027e+01  2.08107e+01
4.817249102e+00  2.0179951e+01         -inf  1.00779e+05  2.01800e+01  2.01893e+01
4.836518098e+00  1.8373289e+01         -inf  1.00779e+05  1.83733e+01  1.83837e+01
4.855864171e+00  1.6064808e+01         -inf  1.00779e+05  1.60648e+01  1.60761e+01
4.875287627e+00  1.3641311e+01         -inf  1.00779e+05  1.36413e+01  1.36527e+01
4.894788778e+00  1.1251121e+01         -inf  1.00779e+05  1.12511e+01  1.12619e+01
4.914367933e+00  1.0367065e+01         -inf  1.00779e+05  1.03671e+01  1.03775e+01
4.934025405e+00  8.3138430e+00         -inf  1.00779e+05  8.31384e+00  8.32407e+00
4.953761506e+00  7.8406999e+00         -inf  1.00779e+05  7.84070e+00  7.85141e+00
4.973576552e+00  6.6584712e+00         -inf  1.00779e+05  6.65847e+00  6.66955e+00
4.993470859e+00  5.8822240e+00         -inf  1.00779e+05  5.88222e+00  5.89371e+00
5.013444742e+00  4.7347631e+00         -inf  1.00779e+05  4.73476e+00  4.74670e+00
5.033498521e+00  4.5819753e+00         -inf  1.00779e+05  4.58198e+00  4.59447e+00
5.053632515e+00  4.5706692e+00         -inf  1.00779e+05  4.57067e+00  4.58377e+00
5.073847045e+00  4.8933155e+00         -inf  1.00779e+05  4.89332e+00  4.90712e+00
5.094142433e+00  5.3927550e+00         -inf  1.00779e+05  5.39276e+00  5.40734e+00
5.114519003e+00  5.5066891e+00         -inf  1.00779e+05  5.50669e+00  5.52194e+00
5.134977079e+00  5.0461108e+00         -inf  1.00779e+05  5.04611e+00  5.06192e+00
5.155516987e+00  5.9250469e+00         -inf  1.00779e+05  5.92505e+00  5.94179e+00
5.176139055e+00  1.0832373e+01         -inf  1.00779e+05  1.08324e+01  1.08520e+01
5.196843612e+00  8.4163162e+00         -inf  1.00779e+05  8.41632e+00  8.43590e+00
5.217630986e+00  9.6101568e+00         -inf  1.00779e+05  9.61016e+00  9.63167e+00
5.238501510e+00  8.6468402e+00         -inf  1.00779e+05  8.64684e+00  8.66900e+00
5.259455516e+00  7.6868270e+00         -inf  1.00779e+05  7.68683e+00  7.70912e+00
5.280493338e+00  6.7425070e+00         -inf  1.00779e+05  6.74251e+00  6.76497e+00
5.301615311e+00  6.4906892e+00         -inf  1.00779e+05  6.49069e+00  6.51389e+00
5.322821773e+00  7.2924413e+00         -inf  1.00779e+05  7.29244e+00  7.31698e+00
5.344113060e+00  6.7124708e+00         -inf  1.00779e+05  6.71247e+00  6.73803e+00
5.365489512e+00  6.8825475e+00         -inf  1.00779e+05  6.88255e+00  6.90944e+00
5.386951470e+00  6.9774271e+00         -inf  1.00779e+05  6.97743e+00  7.00569e+00
5.408499276e+00  7.2590909e+00         -inf  1.00779e+05  7.25909e+00  7.28895e+00
5.430133273e+00  7.4649680e+00         -inf  1.00779e+05  7.46497e+00  7.49637e+00
5.451853806e+00  7.6662164e+00         -inf  1.00779e+05  7.66622e+00  7.69931e+00
5.473661221e+00  8.0540683e+00         -inf  1.00779e+05  8.05407e+00  8.08899e+00
5.495555866e+00  8.5365306e+00         -inf  1.00779e+05  8.53653e+00  8.57347e+00
5.517538090e+00  8.8799981e+00         -inf  1.00779e+05  8.88000e+00  8.91904e+00
5.539608242e+00  8.8057724e+00         -inf  1.00779e+05  8.80577e+00  8.84718e+00
5.561766675e+00  8.4094336e+00         -inf  1.00779e+05  8.40943e+00  8.45341e+00
5.584013742e+00  8.8264335e+00         -inf  1.00779e+05  8.82643e+00  8.87306e+00
5.606349797e+00  9.1806694e+00         -inf  1.00779e+05  9.18067e+00  9.23014e+00
5.628775196e+00  9.1496275e+00         -inf  1.00779e+05  9.14963e+00  9.20219e+00
5.651290297e+00  9.0478136e+00         -inf  1.00779e+05  9.04781e+00  9.10369e+00
5.673895458e+00  9.1436082e+00         -inf  1.00779e+05  9.14361e+00  9.20308e+00
5.696591040e+00  9.2123401e+00         -inf  1.00779e+05  9.21234e+00  9.27559e+00
5.719377404e+00  1.0069640e+01         -inf  1.00779e+05  1.00696e+01  1.01368e+01
5.742254913e+00  1.3628011e+01         -inf  1.00779e+05  1.36280e+01  1.36988e+01
5.765223933e+00  1.3634433e+01         -inf  1.00779e+05  1.36344e+01  1.37098e+01
5.788284829e+00  1.2295132e+01         -inf  1.00779e+05  1.22951e+01  1.23762e+01
5.811437968e+00  1.2654913e+01         -inf  1.00779e+05  1.26549e+01  1.27413e+01
5.834683720e+00  1.3204830e+01         -inf  1.00779e+05  1.32048e+01  1.32963e+01
5.858022455e+00  1.2743123e+01         -inf  1.00779e+05  1.27431e+01  1.28404e+01
5.881454545e+00  1.2085883e+01         -inf  1.00779e+05  1.20859e+01  1.21890e+01
5.904980363e+00  1.1567699e+01         -inf  1.00779e+05  1.15677e+01  1.16767e+01
5.928600284e+00  1.1379722e+01         -inf  1.00779e+05  1.13797e+01  1.14945e+01
5.952314685e+00  1.1483075e+01         -inf  1.00779e+05  1.14831e+01  1.16037e+01
5.976123944e+00  1.1704133e+01         -inf  1.00779e+05  1.17041e+01  1.18302e+01
6.000028440e+00  1.2077656e+01         -inf  1.00779e+05  1.20777e+01  1.22090e+01
6.024028554e+00  1.2454960e+01         -inf  1.00779e+05  1.24550e+01  1.25915e+01
6.048124668e+00  1.2857881e+01         -inf  1.00779e+05  1.28579e+01  1.29993e+01
6.072317167e+00  1.3255572e+01         -inf  1.00779e+05  1.32556e+01  1.34019e+01
6.096606435e+00  1.3629536e+01         -inf  1.00779e+05  1.36295e+01  1.37807e+01
6.120992861e+00  1.3983792e+01         -inf  1.00779e+05  1.39838e+01  1.41396e+01
6.145476832e+00  1.4254594e+01         -inf  1.00779e+05  1.42546e+01  1.44151e+01
6.170058740e+00  1.4505019e+01         -inf  1.00779e+05  1.45050e+01  1.46702e+01
6.194738975e+00  1.4674301e+01         -inf  1.00779e+05  1.46743e+01  1.48445e+01
6.219517931e+00  1.4815823e+01         -inf  1.00779e+05  1.48158e+01  1.49915e+01
6.244396002e+00  1.4867248e+01         -inf  1.00779e+05  1.48672e+01  1.50489e+01
6.269373586e+00  1.4850574e+01         -inf  1.00779e+05  1.48506e+01  1.50389e+01
6.294451081e+00  1.4945404e+01         -inf  1.00779e+05  1.49454e+01  1.51408e+01
6.319628885e+00  1.4905597e+01         -inf  1.00779e+05  1.49056e+01  1.51089e+01
6.344907401e+00  1.5077453e+01         -inf  1.00779e+05  1.50775e+01  1.52887e+01
6.370287030e+00  1.5238858e+01         -inf  1.00779e+05  1.52389e+01  1.54582e+01
6.395768178e+00  1.5533884e+01         -inf  1.00779e+05  1.55339e+01  1.57608e+01
6.421351251e+00  1.5758974e+01         -inf  1.00779e+05  1.57590e+01  1.59933e+01
6.447036656e+00  1.5705202e+01         -inf  1.00779e+05  1.57052e+01  1.59479e+01
6.472824803e+00  1.5474526e+01         -inf  1.00779e+05  1.54745e+01  1.57263e+01
6.498716102e+00  1.5529348e+01         -inf  1.00779e+05  1.55293e+01  1.57891e+01
6.524710966e+00  1.4696193e+01         -inf  1.00779e+05  1.46962e+01  1.49656e+01
6.550809810e+00  1.4165800e+01         -inf  1.00779e+05  1.41658e+01  1.44435e+01
6.577013049e+00  1.3944523e+01         -inf  1.00779e+05  1.39445e+01  1.42297e+01
6.603321102e+00  1.3746049e+01         -inf  1.00779e+05  1.37460e+01  1.40383e+01
6.629734386e+00  1.3537005e+01         -inf  1.00779e+05  1.35370e+01  1.38362e+01
6.656253324e+00  1.3380427e+01         -inf  1.00779e+05  1.33804e+01  1.36863e+01
6.682878337e+00  1.3083346e+01         -inf  1.00779e+05  1.30833e+01  1.33958e+01
6.709609850e+00  1.2820181e+01         -inf  1.00779e+05  1.28202e+01  1.31386e+01
6.736448290e+00  1.2591458e+01         -inf  1.00779e+05  1.25915e+01  1.29155e+01
6.763394083e+00  1.2148025e+01         -inf  1.00779e+05  1.21480e+01  1.24772e+01
6.790447659e+00  1.2136636e+01         -inf  1.00779e+05  1.21366e+01  1.24698e+01
6.817609450e+00  1.1550258e+01         -inf  1.00779e+05  1.15503e+01  1.18873e+01
6.844879888e+00  1.1185458e+01         -inf  1.00779e+05  1.11855e+01  1.15258e+01
6.872259407e+00  1.0815940e+01         -inf  1.00779e+05  1.08159e+01  1.11598e+01
6.899748445e+00  1.0572754e+01         -inf  1.00779e+05  1.05728e+01  1.09201e+01
6.927347438e+00  1.0020096e+01         -inf  1.00779e+05  1.00201e+01  1.03699e+01
6.955056828e+00  9.5256734e+00         -inf  1.00779e+05  9.52567e+00  9.87748e+00
6.982877056e+00  9.3059886e+00         -inf  1.00779e+05  9.30599e+00  9.66103e+00
7.010808564e+00  8.9566624e+00         -inf  1.00779e+05  8.95666e+00  9.31450e+00
7.038851798e+00  8.4990556e+00         -inf  1.00779e+05  8.49906e+00  8.85917e+00
7.067007205e+00  8.2177930e+00         -inf  1.00779e+05  8.21779e+00  8.58184e+00
7.095275234e+00  7.9459855e+00         -inf  1.00779e+05  7.94599e+00  8.31427e+00
7.123656335e+00  7.6121729e+00         -inf  1.00779e+05  7.61217e+00  7.98542e+00
7.152150960e+00  7.4809159e+00         -inf  1.00779e+05  7.48092e+00  7.85995e+00
7.180759564e+00  7.3132421e+00         -inf  1.00779e+05  7.31324e+00  7.69932e+00
7.209482602e+00  7.5200857e+00         -inf  1.00779e+05  7.52009e+00  7.91535e+00
7.238320533e+00  7.8646609e+00         -inf  1.00779e+05  7.86466e+00  8.27416e+00
7.267273815e+00  8.5163146e+00         -inf  1.00779e+05  8.51631e+00  8.94292e+00
7.296342910e+00  8.4022814e+00         -inf  1.00779e+05  8.40228e+00  8.84316e+00
7.325528282e+00  9.7641156e+00         -inf  1.00779e+05  9.76412e+00  1.02342e+01
7.354830395e+00  1.1203351e+01         -inf  1.00779e+05  1.12034e+01  1.17012e+01
7.384249717e+00  1.2530458e+01         -inf  1.00779e+05  1.25305e+01  1.30390e+01
7.413786715e+00  1.1778730e+01         -inf  1.00779e+05  1.17787e+01  1.22847e+01
7.443441862e+00  1.3218485e+01         -inf  1.00779e+05  1.32185e+01  1.37273e+01
7.473215630e+00  1.2789677e+01         -inf  1.00779e+05  1.27897e+01  1.33128e+01
7.503108492e+00  1.3444678e+01         -inf  1.00779e+05  1.34447e+01  1.39643e+01
7.533120926e+00  1.2677224e+01         -inf  1.00779e+05  1.26772e+01  1.32151e+01
7.563253410e+00  1.1062098e+01         -inf  1.00779e+05  1.10621e+01  1.16316e+01
7.593506424e+00  1.1139953e+01         -inf  1.00779e+05  1.11400e+01  1.17512e+01
7.623880449e+00  1.3153923e+01         -inf  1.00779e+05  1.31539e+01  1.38198e+01
7.654375971e+00  1.8718666e+01         -inf  1.00779e+05  1.87187e+01  1.92914e+01
7.684993475e+00  1.9644669e+01         -inf  1.00779e+05  1.96447e+01  2.02829e+01
7.715733449e+00  1.8506808e+01         -inf  1.00779e+05  1.85068e+01  1.92067e+01
7.746596383e+00  1.7164234e+01         -inf  1.00779e+05  1.71642e+01  1.78909e+01
7.777582768e+00  1.5205877e+01         -inf  1.00779e+05  1.52059e+01  1.59367e+01
7.808693099e+00  1.6539079e+01         -inf  1.00779e+05  1.65391e+01  1.73114e+01
7.839927872e+00  1.7359783e+01         -inf  1.00779e+05  1.73598e+01  1.81630e+01
7.871287583e+00  1.7146982e+01         -inf  1.00779e+05  1.71470e+01  1.79590e+01
7.902772733e+00  1.5749603e+01         -inf  1.00779e+05  1.57496e+01  1.65960e+01
7.934383824e+00  1.4560590e+01         -inf  1.00779e+05  1.45606e+01  1.54229e+01
7.966121360e+00  1.2456832e+01         -inf  1.00779e+05  1.24568e+01  1.33262e+01
7.997985845e+00  1.0593302e+01         -inf  1.00779e+05  1.05933e+01  1.14572e+01
8.029977788e+00  1.0449761e+01         -inf  1.00779e+05  1.04498e+01  1.13425e+01
8.062097700e+00  8.8286846e+00         -inf  1.00779e+05  8.82868e+00  9.71488e+00
8.094346090e+00  7.6777335e+00         -inf  1.00779e+05  7.67773e+00  8.57124e+00
8.126723475e+00  6.4786529e+00         -inf  1.00779e+05  6.47865e+00  7.37189e+00
8.159230369e+00  5.6853341e+00         -inf  1.00779e+05  5.68533e+00  6.58790e+00
8.191867290e+00  6.2578779e+00         -inf  1.00779e+05  6.25788e+00  7.19408e+00
8.224634759e+00  4.8685566e+00         -inf  1.00779e+05  4.86856e+00  5.80638e+00
8.257533298e+00  4.9278708e+00         -inf  1.00779e+05  4.92787e+00  5.89121e+00
8.290563432e+00  4.1527461e+00         -inf  1.00779e+05  4.15275e+00  5.12708e+00
8.323725685e+00  5.0201773e+00         -inf  1.00779e+05  5.02018e+00  6.02816e+00
8.357020588e+00  5.4220262e+00         -inf  1.00779e+05  5.42203e+00  6.45716e+00
8.390448670e+00  6.6124007e+00         -inf  1.00779e+05  6.61240e+00  7.68771e+00
8.424010465e+00  7.3408893e+00         -inf  1.00779e+05  7.34089e+00  8.44784e+00
8.457706507e+00  8.4742751e+00         -inf  1.00779e+05  8.47428e+00  9.62018e+00
8.491537333e+00  8.6122991e+00         -inf  1.00779e+05  8.61230e+00  9.78190e+00
8.525503482e+00  8.6575429e+00         -inf  1.00779e+05  8.65754e+00  9.84609e+00
8.559605496e+00  7.3686660e+00         -inf  1.00779e+05  7.36867e+00  8.56480e+00
8.593843918e+00  8.8085238e+00         -inf  1.00779e+05  8.80852e+00  1.00487e+01
8.628219294e+00  9.6370964e+00         -inf  1.00779e+05  9.63710e+00  1.09206e+01
8.662732171e+00  9.6358422e+00         -inf  1.00779e+05  9.63584e+00  1.09537e+01
8.697383100e+00  1.0088178e+01         -inf  1.00779e+05  1.00882e+01  1.14315e+01
8.732172632e+00  9.5768819e+00         -inf  1.00779e+05  9.57688e+00  1.09383e+01
8.767101323e+00  9.0118650e+00         -inf  1.00779e+05  9.01187e+00  1.03908e+01
8.802169728e+00  1.0235016e+01         -inf  1.00779e+05  1.02350e+01  1.16315e+01
8.837378407e+00  1.0423582e+01         -inf  1.00779e+05  1.04236e+01  1.18418e+01
8.872727920e+00  9.8723003e+00         -inf  1.00779e+05  9.87230e+00  1.13213e+01
8.908218832e+00  1.0106480e+01         -inf  1.00779e+05  1.01065e+01  1.15881e+01
8.943851707e+00  1.0530852e+01         -inf  1.00779e+05  1.05309e+01  1.20471e+01
8.979627114e+00  9.7864786e+00         -inf  1.00779e+05  9.78648e+00  1.13447e+01
9.015545623e+00  8.5938334e+00         -inf  1.00779e+05  8.59383e+00  1.01977e+01
9.051607805e+00  9.1769344e+00         -inf  1.00779e+05  9.17693e+00  1.08188e+01
9.087814236e+00  9.5835780e+00         -inf  1.00779e+05  9.58358e+00  1.12625e+01
9.124165493e+00  9.6789969e+00         -inf  1.00779e+05  9.67900e+00  1.13979e+01
9.160662155e+00  1.0495671e+01         -inf  1.00779e+05  1.04957e+01  1.22603e+01
9.197304804e+00  1.2039219e+01         -inf  1.00779e+05  1.20392e+01  1.38570e+01
9.234094023e+00  1.0956995e+01         -inf  1.00779e+05  1.09570e+01  1.28525e+01
9.271030399e+00  1.0792111e+01         -inf  1.00779e+05  1.07921e+01  1.27534e+01
9.308114521e+00  1.1126381e+01         -inf  1.00779e+05  1.11264e+01  1.31223e+01
9.345346979e+00  1.2578411e+01         -inf  1.00779e+05  1.25784e+01  1.46010e+01
9.382728367e+00  2.2889567e+01         -inf  1.00779e+05  2.28896e+01  2.47682e+01
9.420259280e+00  3.0851728e+01         -inf  1.00779e+05  3.08517e+01  3.23976e+01
9.457940318e+00  3.3407540e+01         -inf  1.00779e+05  3.34075e+01  3.47500e+01
9.495772079e+00  3.5005542e+01         -inf  1.00779e+05  3.50055e+01  3.61906e+01
9.533755167e+00  3.3892704e+01         -inf  1.00779e+05  3.38927e+01  3.52283e+01
9.571890188e+00  2.8136515e+01         -inf  1.00779e+05  2.81365e+01  2.99840e+01
9.610177749e+00  3.3991918e+01         -inf  1.00779e+05  3.39919e+01  3.53629e+01
9.648618460e+00  3.4882017e+01         -inf  1.00779e+05  3.48820e+01  3.63464e+01
9.687212933e+00  3.3108847e+01         -inf  1.00779e+05  3.31088e+01  3.47880e+01
9.725961785e+00  3.1986043e+01         -inf  1.00779e+05  3.19860e+01  3.37148e+01
9.764865632e+00  3.2184360e+01         -inf  1.00779e+05  3.21844e+01  3.39689e+01
9.803925095e+00  3.1109433e+01         -inf  1.00779e+05  3.11094e+01  3.30414e+01
9.843140795e+00  2.9638869e+01         -inf  1.00779e+05  2.96389e+01  3.17332e+01
9.882513358e+00  2.7163520e+01         -inf  1.00779e+05  2.71635e+01  2.94653e+01
9.922043412e+00  2.4695416e+01         -inf  1.00779e+05  2.46954e+01  2.71700e+01
9.961731585e+00  2.1788385e+01         -inf  1.00779e+05  2.17884e+01  2.44164e+01
1.000157851e+01  1.8009892e+01         -inf  1.00779e+05  1.80099e+01  2.07773e+01
1.004158483e+01  1.3349276e+01         -inf  1.00779e+05  1.33493e+01  1.62414e+01
1.008175117e+01  1.0770408e+01         -inf  1.00779e+05  1.07704e+01  1.37540e+01
1.012207817e+01  7.5849312e+00         -inf  1.00779e+05  7.58493e+00  1.06600e+01
1.016256648e+01  5.4332647e+00         -inf  1.00779e+05  5.43326e+00  8.60131e+00
1.020321675e+01  3.9520182e+00         -inf  1.00779e+05  3.95202e+00  7.21913e+00
1.024402962e+01  3.1604206e+00         -inf  1.00779e+05  3.16042e+00  6.51729e+00
1.028500573e+01  2.7060721e+00         -inf  1.00779e+05  2.70607e+00  6.14808e+00
1.032614576e+01  2.3771184e+00         -inf  1.00779e+05  2.37712e+00  5.88612e+00
1.036745034e+01  1.5730815e+00         -inf  1.00779e+05  1.57308e+00  5.10338e+00
1.040892014e+01  8.0443735e-01         -inf  1.00779e+05  8.04437e-01  4.37722e+00
1.045055582e+01  1.4401340e+00         -inf  1.00779e+05  1.44013e+00  5.12572e+00
1.049235805e+01  1.3342282e+00         -inf  1.00779e+05  1.33423e+00  5.10110e+00
1.053432748e+01  1.2925523e+00         -inf  1.00779e+05  1.29255e+00  5.14056e+00
1.057646479e+01  1.1713380e+00         -inf  1.00779e+05  1.17134e+00  5.09315e+00
1.061877065e+01  9.7546834e-01         -inf  1.00779e+05  9.75468e-01  4.96467e+00
1.066124573e+01  7.3709213e-01         -inf  1.00779e+05  7.37092e-01  4.79083e+00
1.070389071e+01  5.0250685e-01         -inf  1.00779e+05  5.02507e-01  4.62143e+00
1.074670627e+01  4.0657860e-01         -inf  1.00779e+05  4.06579e-01  4.59539e+00
1.078969310e+01  5.2598576e-02         -inf  1.00779e+05  5.25986e-02  4.31166e+00
1.083285187e+01 -1.7323283e-01         -inf  1.00779e+05 -1.73233e-01  4.16177e+00
1.087618328e+01 -3.2734681e-01         -inf  1.00779e+05 -3.27347e-01  4.08762e+00
1.091968801e+01 -4.7135756e-01         -inf  1.00779e+05 -4.71358e-01  4.02573e+00
1.096336676e+01 -5.8395750e-01         -inf  1.00779e+05 -5.83957e-01  3.99743e+00
1.100722023e+01 -6.3271850e-01         -inf  1.00779e+05 -6.32719e-01  4.03526e+00
1.105124911e+01 -7.8057267e-01         -inf  1.00779e+05 -7.80573e-01  3.97409e+00
1.109545411e+01 -8.7409361e-01         -inf  1.00779e+05 -8.74094e-01  3.96928e+00
1.113983593e+01 -9.8623516e-01         -inf  1.00779e+05 -9.86235e-01  3.94662e+00
1.118439527e+01 -1.0862100e+00         -inf  1.00779e+05 -1.08621e+00  3.93746e+00
1.122913285e+01 -1.1752231e+00         -inf  1.00779e+05 -1.17522e+00  3.94096e+00
1.127404938e+01 -1.2906858e+00         -inf  1.00779e+05 -1.29069e+00  3.91889e+00
1.131914558e+01 -1.4058381e+00         -inf  1.00779e+05 -1.40584e+00  3.89852e+00
1.136442216e+01 -1.5036758e+00         -inf  1.00779e+05 -1.50368e+00  3.89713e+00
1.140987985e+01 -1.6003022e+00         -inf  1.00779e+05 -1.60030e+00  3.89831e+00
1.145551937e+01 -1.6833362e+00         -inf  1.00779e+05 -1.68334e+00  3.91452e+00
1.150134145e+01 -1.7869823e+00         -inf  1.00779e+05 -1.78698e+00  3.91117e+00
1.154734681e+01 -1.8671831e+00         -inf  1.00779e+05 -1.86718e+00  3.93365e+00
1.159353620e+01 -1.9698691e+00         -inf  1.00779e+05 -1.96987e+00  3.93447e+00
1.163991035e+01 -2.1034616e+00         -inf  1.00779e+05 -2.10346e+00  3.90377e+00
1.168646999e+01 -2.1909375e+00         -inf  1.00779e+05 -2.19094e+00  3.92244e+00
1.173321587e+01 -2.2680709e+00         -inf  1.00779e+05 -2.26807e+00  3.95303e+00
1.178014873e+01 -2.3900896e+00         -inf  1.00779e+05 -2.39009e+00  3.93924e+00
1.182726932e+01 -2.4861534e+00         -inf  1.00779e+05 -2.48615e+00  3.95340e+00
1.187457840e+01 -2.6001396e+00         -inf  1.00779e+05 -2.60014e+00  3.95048e+00
1.192207672e+01 -2.6935776e+00         -inf  1.00779e+05 -2.69358e+00  3.96973e+00
1.196976502e+01 -2.7865033e+00         -inf  1.00779e+05 -2.78650e+00  3.99134e+00
1.201764408e+01 -2.8455104e+00         -inf  1.00779e+05 -2.84551e+00  4.04883e+00
1.206571466e+01 -2.6786827e+00         -inf  1.00779e+05 -2.67868e+00  4.35074e+00
1.211397752e+01 -2.9683039e+00         -inf  1.00779e+05 -2.96830e+00  4.16656e+00
1.216243343e+01 -2.9088931e+00         -inf  1.00779e+05 -2.90889e+00  4.35352e+00
1.221108316e+01 -2.8895677e+00         -inf  1.00779e+05 -2.88957e+00  4.50765e+00
1.225992749e+01 -2.7422651e+00         -inf  1.00779e+05 -2.74227e+00  4.79622e+00
1.230896720e+01 -2.6499807e+00         -inf  1.00779e+05 -2.64998e+00  5.03552e+00
1.235820307e+01 -2.5447116e+00         -inf  1.00779e+05 -2.54471e+00  5.29069e+00
1.240763589e+01 -2.3815142e+00         -inf  1.00779e+05 -2.38151e+00  5.60099e+00
1.245726643e+01 -2.4373592e+00         -inf  1.00779e+05 -2.43736e+00  5.68569e+00
1.250709549e+01 -2.2718416e+00         -inf  1.00779e+05 -2.27184e+00  5.97483e+00
1.255712388e+01 -2.4904266e+00         -inf  1.00779e+05 -2.49043e+00  5.86900e+00
1.260735237e+01 -1.0789584e+00         -inf  1.00779e+05 -1.07896e+00  7.75521e+00
1.265778178e+01 -1.7605600e+00         -inf  1.00779e+05 -1.76056e+00  7.13833e+00
1.270841291e+01 -2.5009000e+00         -inf  1.00779e+05 -2.50090e+00  6.22036e+00
1.275924656e+01 -1.9454459e+00         -inf  1.00779e+05 -1.94545e+00  6.94227e+00
1.281028355e+01 -1.9028184e+00         -inf  1.00779e+05 -1.90282e+00  7.14914e+00
1.286152468e+01 -1.4443609e+00         -inf  1.00779e+05 -1.44436e+00  7.76441e+00
1.291297078e+01 -1.5262825e+00         -inf  1.00779e+05 -1.52628e+00  7.84944e+00
1.296462266e+01  3.5957085e-02         -inf  1.00779e+05  3.59571e-02  9.65351e+00
1.301648115e+01 -8.0317835e-01         -inf  1.00779e+05 -8.03178e-01  9.07079e+00
1.306854708e+01  4.7319840e-01         -inf  1.00779e+05  4.73198e-01  1.06171e+01
1.312082127e+01 -2.2389831e-01         -inf  1.00779e+05 -2.23898e-01  1.03397e+01
1.317330455e+01  4.7002290e-01         -inf  1.00779e+05  4.70023e-01  1.15330e+01
1.322599777e+01  1.6243192e+00         -inf  1.00779e+05  1.62432e+00  1.32877e+01
1.327890176e+01  1.0149404e+00         -inf  1.00779e+05  1.01494e+00  1.31595e+01
1.333201737e+01  3.8079999e+00         -inf  1.00779e+05  3.80800e+00  1.62756e+01
1.338534544e+01  2.0036470e+00         -inf  1.00779e+05  2.00365e+00  1.48632e+01
1.343888682e+01  5.4562299e+00         -inf  1.00779e+05  5.45623e+00  1.83896e+01
1.349264237e+01  6.9222800e+00         -inf  1.00779e+05  6.92228e+00  1.92444e+01
1.354661294e+01  5.1313381e+00         -inf  1.00779e+05  5.13134e+00  1.82505e+01
1.360079939e+01  7.4375581e+00         -inf  1.00779e+05  7.43756e+00  2.03956e+01
1.365520258e+01  6.2718157e+00         -inf  1.00779e+05  6.27182e+00  1.93746e+01
1.370982339e+01  8.1732196e+00         -inf  1.00779e+05  8.17322e+00  2.15669e+01
1.376466269e+01  4.9118369e+00         -inf  1.00779e+05  4.91184e+00  1.89821e+01
1.381972134e+01  8.4767649e+00         -inf  1.00779e+05  8.47676e+00  2.23315e+01
1.387500022e+01  1.9393555e+01         -inf  1.00779e+05  1.93936e+01  2.76502e+01
1.393050023e+01  1.0114351e+01         -inf  1.00779e+05  1.01144e+01  2.27915e+01
1.398622223e+01  8.5289388e+00         -inf  1.00779e+05  8.52894e+00  2.18207e+01
1.404216712e+01  1.0500575e+01         -inf  1.00779e+05  1.05006e+01  2.28485e+01
1.409833578e+01  1.1326534e+01         -inf  1.00779e+05  1.13265e+01  2.33824e+01
1.415472913e+01  1.2411475e+01         -inf  1.00779e+05  1.24115e+01  2.31134e+01
1.421134804e+01  1.5070447e+01         -inf  1.00779e+05  1.50704e+01  2.46007e+01
1.426819344e+01  1.6949595e+01         -inf  1.00779e+05  1.69496e+01  2.54237e+01
1.432526621e+01  1.8808555e+01         -inf  1.00779e+05  1.88086e+01  2.65868e+01
1.438256727e+01  2.1798194e+01         -inf  1.00779e+05  2.17982e+01  2.86514e+01
1.444009754e+01  2.3495768e+01         -inf  1.00779e+05  2.34958e+01  3.01345e+01
1.449785793e+01  2.3556316e+01         -inf  1.00779e+05  2.35563e+01  3.00797e+01
1.455584937e+01  2.5436795e+01         -inf  1.00779e+05  2.54368e+01  3.19076e+01
1.461407276e+01  2.6756925e+01         -inf  1.00779e+05  2.67569e+01  3.32752e+01
1.467252905e+01  2.6733332e+01         -inf  1.00779e+05  2.67333e+01  3.33479e+01
1.473121917e+01  2.6902163e+01         -inf  1.00779e+05  2.69022e+01  3.36190e+01
1.479014405e+01  2.7877324e+01         -inf  1.00779e+05  2.78773e+01  3.46956e+01
1.484930462e+01  2.7553939e+01         -inf  1.00779e+05  2.75539e+01  3.44814e+01
1.490870184e+01  2.7315940e+01         -inf  1.00779e+05  2.73159e+01  3.43622e+01
1.496833665e+01  3.8718408e+01         -inf  1.00779e+05  3.87184e+01  4.59770e+01
1.502821000e+01  2.8143982e+01         -inf  1.00779e+05  2.81440e+01  3.54023e+01
1.508832284e+01  2.8894749e+01         -inf  1.00779e+05  2.88947e+01  3.62813e+01
1.514867613e+01  2.6659566e+01         -inf  1.00779e+05  2.66596e+01  3.41724e+01
1.520927083e+01  2.5279027e+01         -inf  1.00779e+05  2.52790e+01  3.29156e+01
1.527010791e+01  2.5768785e+01         -inf  1.00779e+05  2.57688e+01  3.35321e+01
1.533118835e+01  2.5801565e+01         -inf  1.00779e+05  2.58016e+01  3.36974e+01
1.539251310e+01  2.6928938e+01         -inf  1.00779e+05  2.69289e+01  3.49665e+01
1.545408315e+01  2.3527529e+01         -inf  1.00779e+05  2.35275e+01  3.18932e+01
1.551589948e+01  2.2810156e+01         -inf  1.00779e+05  2.28102e+01  3.13351e+01
1.557796308e+01  2.0625836e+01         -inf  1.00779e+05  2.06258e+01  2.96645e+01
1.564027493e+01  1.7951964e+01         -inf  1.00779e+05  1.79520e+01  2.77941e+01
1.570283603e+01  1.7417583e+01         -inf  1.00779e+05  1.74176e+01  2.77378e+01
1.576564738e+01  1.4997321e+01         -inf  1.00779e+05  1.49973e+01  2.63581e+01
1.582870997e+01  1.1846064e+01         -inf  1.00779e+05  1.18461e+01  2.48999e+01
1.589202481e+01  9.6160655e+00         -inf  1.00779e+05  9.61607e+00  2.39073e+01
1.595559291e+01  4.7524315e+00         -inf  1.00779e+05  4.75243e+00  2.17858e+01
1.601941528e+01  4.0291447e+00         -inf  1.00779e+05  4.02914e+00  2.17240e+01
1.608349294e+01 -2.1464900e+00         -inf  1.00779e+05 -2.14649e+00  1.89937e+01
1.614782691e+01  2.6095865e-01         -inf  1.00779e+05  2.60959e-01  2.03344e+01
1.621241822e+01  1.0296299e+01         -inf  1.00779e+05  1.02963e+01  2.55235e+01
1.627726789e+01 -3.6536403e+00         -inf  1.00779e+05 -3.65364e+00  1.86524e+01
1.634237696e+01 -6.2990500e+00         -inf  1.00779e+05 -6.29905e+00  1.75120e+01
1.640774647e+01 -3.8161208e+00         -inf  1.00779e+05 -3.81612e+00  1.87775e+01
1.647337746e+01 -4.8086730e+00         -inf  1.00779e+05 -4.80867e+00  1.85094e+01
1.653927097e+01 -6.3120713e+00         -inf  1.00779e+05 -6.31207e+00  1.76556e+01
1.660542805e+01 -7.1886538e+00         -inf  1.00779e+05 -7.18865e+00  1.71597e+01
1.667184976e+01 -9.0094667e+00         -inf  1.00779e+05 -9.00947e+00  1.63752e+01
1.673853716e+01 -4.8894717e+00         -inf  1.00779e+05 -4.88947e+00  1.90024e+01
1.680549131e+01 -1.0564651e+01         -inf  1.00779e+05 -1.05647e+01  1.56166e+01
1.687271328e+01 -1.1509385e+01         -inf  1.00779e+05 -1.15094e+01  1.48311e+01
1.694020413e+01 -8.4718121e+00         -inf  1.00779e+05 -8.47181e+00  1.72021e+01
1.700796495e+01 -1.0178926e+01         -inf  1.00779e+05 -1.01789e+01  1.50992e+01
1.707599681e+01 -1.4206367e+01         -inf  1.00779e+05 -1.42064e+01  1.24142e+01
1.714430079e+01 -1.4747491e+01         -inf  1.00779e+05 -1.47475e+01  1.20052e+01
1.721287800e+01 -1.4762060e+01         -inf  1.00779e+05 -1.47621e+01  1.18243e+01
1.728172951e+01 -1.4434019e+01         -inf  1.00779e+05 -1.44340e+01  1.19012e+01
1.735085643e+01 -1.5073039e+01         -inf  1.00779e+05 -1.50730e+01  1.14656e+01
1.742025985e+01 -1.5606239e+01         -inf  1.00779e+05 -1.56062e+01  1.03325e+01
1.748994089e+01 -1.6155757e+01         -inf  1.00779e+05 -1.61558e+01  1.02370e+01
1.755990065e+01 -1.6497254e+01         -inf  1.00779e+05 -1.64973e+01  9.75316e+00
1.763014026e+01 -1.7661961e+01         -inf  1.00779e+05 -1.76620e+01  8.57491e+00
1.770066082e+01 -1.8111435e+01         -inf  1.00779e+05 -1.81114e+01  8.25871e+00
1.777146346e+01 -1.8527711e+01         -inf  1.00779e+05 -1.85277e+01  7.98369e+00
1.784254932e+01 -1.9370703e+01         -inf  1.00779e+05 -1.93707e+01  7.17005e+00
1.791391951e+01 -2.0185952e+01         -inf  1.00779e+05 -2.01860e+01  6.58513e+00
1.798557519e+01 -2.0640618e+01         -inf  1.00779e+05 -2.06406e+01  6.30826e+00
1.805751749e+01 -2.1110672e+01         -inf  1.00779e+05 -2.11107e+01  6.04412e+00
1.812974756e+01 -2.1518285e+01         -inf  1.00779e+05 -2.15183e+01  5.89728e+00
1.820226655e+01 -2.1926639e+01         -inf  1.00779e+05 -2.19266e+01  5.72546e+00
1.827507562e+01 -2.1964927e+01         -inf  1.00779e+05 -2.19649e+01  6.15372e+00
1.834817592e+01 -2.1241655e+01         -inf  1.00779e+05 -2.12417e+01  8.83833e+00
1.842156862e+01 -2.2822799e+01         -inf  1.00779e+05 -2.28228e+01  5.69871e+00
1.849525490e+01 -2.3152295e+01         -inf  1.00779e+05 -2.31523e+01  5.61074e+00
1.856923592e+01 -2.3291155e+01         -inf  1.00779e+05 -2.32912e+01  5.83208e+00
1.864351286e+01 -2.3558418e+01         -inf  1.00779e+05 -2.35584e+01  5.87058e+00
1.871808691e+01 -2.3835327e+01         -inf  1.00779e+05 -2.38353e+01  5.89976e+00
1.879295926e+01 -2.4133130e+01         -inf  1.00779e+05 -2.41331e+01  5.90661e+00
1.886813110e+01 -2.4507217e+01         -inf  1.00779e+05 -2.45072e+01  5.77585e+00
1.894360362e+01 -2.4685428e+01         -inf  1.00779e+05 -2.46854e+01  5.96540e+00
1.901937804e+01 -2.5043997e+01         -inf  1.00779e+05 -2.50440e+01  5.86370e+00
1.909545555e+01 -2.5377808e+01         -inf  1.00779e+05 -2.53778e+01  5.80931e+00
1.917183737e+01 -2.5640775e+01         -inf  1.00779e+05 -2.56408e+01  5.86477e+00
1.924852472e+01 -2.5986350e+01         -inf  1.00779e+05 -2.59863e+01  5.79057e+00
1.932551882e+01 -2.6260704e+01         -inf  1.00779e+05 -2.62607e+01  5.83891e+00
1.940282089e+01 -2.6572158e+01         -inf  1.00779e+05 -2.65722e+01  5.82635e+00
1.948043218e+01 -2.6874626e+01         -inf  1.00779e+05 -2.68746e+01  5.83118e+00
1.955835391e+01 -2.7165091e+01         -inf  1.00779e+05 -2.71651e+01  5.86152e+00
1.963658732e+01 -2.7454048e+01         -inf  1.00779e+05 -2.74540e+01  5.90021e+00
1.971513367e+01 -2.7758119e+01         -inf  1.00779e+05 -2.77581e+01  5.90998e+00
1.979399421e+01 -2.8063068e+01         -inf  1.00779e+05 -2.80631e+01  5.92234e+00
1.987317018e+01 -2.8362796e+01         -inf  1.00779e+05 -2.83628e+01  5.94874e+00
1.995266286e+01 -2.8664238e+01         -inf  1.00779e+05 -2.86642e+01  5.97578e+00
