# WARNING | PUMAS | Some species, CS2, do not have optimized correlated-k tables for the defined moderate resolutions, and will be analyzed at sub-par resolutions. In particular, there will be issues at the line cores.
# WARNING | GENERATOR | Too many electrons per pixel (up to 9.04e+13) detected in the 1.54-19.95 um spectral range. Reduce exposure time per frame to less than 0.000 seconds.
# ------------------------------------------------------------------------
# Radiance spectrum
# NASA-GSFC Planetary Spectrum Generator (PSG) (Villanueva et al. 2018, 2022)
# Synthesized on Thu Oct  8 13:38:58 2026
# Doppler velocities [km/s] (vobs,vrot+vorb,vwidth,vrfl,vstr): 47.10000,-0.00000,0.03000,0.00000,-0.00000
# ------------------------------------------------------------------------
# Spectra synthesized with the Planetary and Universal Model of Atmospheric Scattering (PUMAS, Villanueva et al. 2018, 2022)
# Single scattering radiative transfer method
# Radiative transfer took 10.113 seconds
# ------------------------------------------------------------------------
# Spectral unit: Wavelength [um]
# Radiance unit: Contrast [transit atmospheric thickness, km]
# Wave/freq Total Noise Stellar Proxima-Centauri-b Transit
2.000000000e-01  5.4721478e+01         -inf  1.00779e+05  5.47215e+01  5.47215e+01
2.008000000e-01  5.4363189e+01         -inf  1.00779e+05  5.43632e+01  5.43632e+01
2.016032000e-01  5.4202304e+01         -inf  1.00779e+05  5.42023e+01  5.42023e+01
2.024096128e-01  5.4209330e+01         -inf  1.00779e+05  5.42093e+01  5.42093e+01
2.032192513e-01  5.4183159e+01         -inf  1.00779e+05  5.41832e+01  5.41832e+01
2.040321283e-01  5.4132662e+01         -inf  1.00779e+05  5.41327e+01  5.41327e+01
2.048482568e-01  5.4122212e+01         -inf  1.00779e+05  5.41222e+01  5.41222e+01
2.056676498e-01  5.4170338e+01         -inf  1.00779e+05  5.41703e+01  5.41703e+01
2.064903204e-01  5.4252098e+01         -inf  1.00779e+05  5.42521e+01  5.42521e+01
2.073162817e-01  5.4334648e+01         -inf  1.00779e+05  5.43346e+01  5.43346e+01
2.081455468e-01  5.4430458e+01         -inf  1.00779e+05  5.44305e+01  5.44305e+01
2.089781290e-01  5.4511074e+01         -inf  1.00779e+05  5.45111e+01  5.45111e+01
2.098140415e-01  5.4636211e+01         -inf  1.00779e+05  5.46362e+01  5.46362e+01
2.106532977e-01  5.4739041e+01         -inf  1.00779e+05  5.47390e+01  5.47390e+01
2.114959109e-01  5.4804198e+01         -inf  1.00779e+05  5.48042e+01  5.48042e+01
2.123418945e-01  5.5034350e+01         -inf  1.00779e+05  5.50343e+01  5.50343e+01
2.131912621e-01  5.5323236e+01         -inf  1.00779e+05  5.53232e+01  5.53232e+01
2.140440271e-01  5.5335880e+01         -inf  1.00779e+05  5.53359e+01  5.53359e+01
2.149002032e-01  5.5586910e+01         -inf  1.00779e+05  5.55869e+01  5.55869e+01
2.157598041e-01  5.5836965e+01         -inf  1.00779e+05  5.58370e+01  5.58370e+01
2.166228433e-01  5.6065764e+01         -inf  1.00779e+05  5.60658e+01  5.60658e+01
2.174893346e-01  5.6315274e+01         -inf  1.00779e+05  5.63153e+01  5.63153e+01
2.183592920e-01  5.6528254e+01         -inf  1.00779e+05  5.65283e+01  5.65283e+01
2.192327292e-01  5.6747197e+01         -inf  1.00779e+05  5.67472e+01  5.67472e+01
2.201096601e-01  5.6963762e+01         -inf  1.00779e+05  5.69638e+01  5.69638e+01
2.209900987e-01  5.7167416e+01         -inf  1.00779e+05  5.71674e+01  5.71674e+01
2.218740591e-01  5.7372030e+01         -inf  1.00779e+05  5.73720e+01  5.73720e+01
2.227615553e-01  5.7567245e+01         -inf  1.00779e+05  5.75672e+01  5.75672e+01
2.236526016e-01  5.7751220e+01         -inf  1.00779e+05  5.77512e+01  5.77512e+01
2.245472120e-01  5.7942474e+01         -inf  1.00779e+05  5.79425e+01  5.79425e+01
2.254454008e-01  5.8104584e+01         -inf  1.00779e+05  5.81046e+01  5.81046e+01
2.263471824e-01  5.8287051e+01         -inf  1.00779e+05  5.82871e+01  5.82871e+01
2.272525711e-01  5.8449328e+01         -inf  1.00779e+05  5.84493e+01  5.84493e+01
2.281615814e-01  5.8616340e+01         -inf  1.00779e+05  5.86163e+01  5.86163e+01
2.290742278e-01  5.8787384e+01         -inf  1.00779e+05  5.87874e+01  5.87874e+01
2.299905247e-01  5.8933414e+01         -inf  1.00779e+05  5.89334e+01  5.89334e+01
2.309104868e-01  5.9104011e+01         -inf  1.00779e+05  5.91040e+01  5.91040e+01
2.318341287e-01  5.9245997e+01         -inf  1.00779e+05  5.92460e+01  5.92460e+01
2.327614652e-01  5.9410532e+01         -inf  1.00779e+05  5.94105e+01  5.94105e+01
2.336925111e-01  5.9544964e+01         -inf  1.00779e+05  5.95450e+01  5.95450e+01
2.346272811e-01  5.9699576e+01         -inf  1.00779e+05  5.96996e+01  5.96996e+01
2.355657903e-01  5.9828211e+01         -inf  1.00779e+05  5.98282e+01  5.98282e+01
2.365080534e-01  5.9963688e+01         -inf  1.00779e+05  5.99637e+01  5.99637e+01
2.374540856e-01  6.0103550e+01         -inf  1.00779e+05  6.01035e+01  6.01035e+01
2.384039020e-01  6.0225421e+01         -inf  1.00779e+05  6.02254e+01  6.02254e+01
2.393575176e-01  6.0340008e+01         -inf  1.00779e+05  6.03400e+01  6.03400e+01
2.403149477e-01  6.0469596e+01         -inf  1.00779e+05  6.04696e+01  6.04696e+01
2.412762074e-01  6.0567510e+01         -inf  1.00779e+05  6.05675e+01  6.05675e+01
2.422413123e-01  6.0676300e+01         -inf  1.00779e+05  6.06763e+01  6.06763e+01
2.432102775e-01  6.0812549e+01         -inf  1.00779e+05  6.08125e+01  6.08125e+01
2.441831186e-01  6.0896070e+01         -inf  1.00779e+05  6.08961e+01  6.08961e+01
2.451598511e-01  6.0992397e+01         -inf  1.00779e+05  6.09924e+01  6.09924e+01
2.461404905e-01  6.1058106e+01         -inf  1.00779e+05  6.10581e+01  6.10581e+01
2.471250525e-01  6.1143466e+01         -inf  1.00779e+05  6.11435e+01  6.11435e+01
2.481135527e-01  6.1161713e+01         -inf  1.00779e+05  6.11617e+01  6.11617e+01
2.491060069e-01  6.1287688e+01         -inf  1.00779e+05  6.12877e+01  6.12877e+01
2.501024309e-01  6.1293829e+01         -inf  1.00779e+05  6.12938e+01  6.12938e+01
2.511028406e-01  6.1272512e+01         -inf  1.00779e+05  6.12725e+01  6.12725e+01
2.521072520e-01  6.1401730e+01         -inf  1.00779e+05  6.14017e+01  6.14017e+01
2.531156810e-01  6.1353394e+01         -inf  1.00779e+05  6.13534e+01  6.13534e+01
2.541281437e-01  6.1356377e+01         -inf  1.00779e+05  6.13564e+01  6.13564e+01
2.551446563e-01  6.1391818e+01         -inf  1.00779e+05  6.13918e+01  6.13918e+01
2.561652349e-01  6.1369185e+01         -inf  1.00779e+05  6.13692e+01  6.13692e+01
2.571898959e-01  6.1297426e+01         -inf  1.00779e+05  6.12974e+01  6.12974e+01
2.582186555e-01  6.1312514e+01         -inf  1.00779e+05  6.13125e+01  6.13125e+01
2.592515301e-01  6.1272599e+01         -inf  1.00779e+05  6.12726e+01  6.12726e+01
2.602885362e-01  6.1202331e+01         -inf  1.00779e+05  6.12023e+01  6.12023e+01
2.613296904e-01  6.1140922e+01         -inf  1.00779e+05  6.11409e+01  6.11409e+01
2.623750091e-01  6.1076880e+01         -inf  1.00779e+05  6.10769e+01  6.10769e+01
2.634245092e-01  6.0938882e+01         -inf  1.00779e+05  6.09389e+01  6.09389e+01
2.644782072e-01  6.0932478e+01         -inf  1.00779e+05  6.09325e+01  6.09325e+01
2.655361200e-01  6.0782019e+01         -inf  1.00779e+05  6.07820e+01  6.07820e+01
2.665982645e-01  6.0662877e+01         -inf  1.00779e+05  6.06629e+01  6.06629e+01
2.676646576e-01  6.0555139e+01         -inf  1.00779e+05  6.05551e+01  6.05551e+01
2.687353162e-01  6.0364926e+01         -inf  1.00779e+05  6.03649e+01  6.03649e+01
2.698102574e-01  6.0301316e+01         -inf  1.00779e+05  6.03013e+01  6.03013e+01
2.708894985e-01  6.0081000e+01         -inf  1.00779e+05  6.00810e+01  6.00810e+01
2.719730565e-01  5.9959301e+01         -inf  1.00779e+05  5.99593e+01  5.99593e+01
2.730609487e-01  5.9791973e+01         -inf  1.00779e+05  5.97920e+01  5.97920e+01
2.741531925e-01  5.9542683e+01         -inf  1.00779e+05  5.95427e+01  5.95427e+01
2.752498053e-01  5.9406846e+01         -inf  1.00779e+05  5.94068e+01  5.94068e+01
2.763508045e-01  5.9196943e+01         -inf  1.00779e+05  5.91969e+01  5.91969e+01
2.774562077e-01  5.8993001e+01         -inf  1.00779e+05  5.89930e+01  5.89930e+01
2.785660325e-01  5.8770535e+01         -inf  1.00779e+05  5.87705e+01  5.87705e+01
2.796802967e-01  5.8562103e+01         -inf  1.00779e+05  5.85621e+01  5.85621e+01
2.807990178e-01  5.8287490e+01         -inf  1.00779e+05  5.82875e+01  5.82875e+01
2.819222139e-01  5.8017781e+01         -inf  1.00779e+05  5.80178e+01  5.80178e+01
2.830499028e-01  5.7811520e+01         -inf  1.00779e+05  5.78115e+01  5.78115e+01
2.841821024e-01  5.7499921e+01         -inf  1.00779e+05  5.74999e+01  5.74999e+01
2.853188308e-01  5.7199369e+01         -inf  1.00779e+05  5.71994e+01  5.71994e+01
2.864601061e-01  5.6922943e+01         -inf  1.00779e+05  5.69229e+01  5.69229e+01
2.876059465e-01  5.6561877e+01         -inf  1.00779e+05  5.65619e+01  5.65619e+01
2.887563703e-01  5.6162690e+01         -inf  1.00779e+05  5.61627e+01  5.61627e+01
2.899113958e-01  5.5780686e+01         -inf  1.00779e+05  5.57807e+01  5.57807e+01
2.910710414e-01  5.5395148e+01         -inf  1.00779e+05  5.53951e+01  5.53951e+01
2.922353256e-01  5.4882526e+01         -inf  1.00779e+05  5.48825e+01  5.48825e+01
2.934042669e-01  5.4389359e+01         -inf  1.00779e+05  5.43894e+01  5.43894e+01
2.945778839e-01  5.3833975e+01         -inf  1.00779e+05  5.38340e+01  5.38340e+01
2.957561955e-01  5.3126328e+01         -inf  1.00779e+05  5.31263e+01  5.31263e+01
2.969392202e-01  5.2418868e+01         -inf  1.00779e+05  5.24189e+01  5.24189e+01
2.981269771e-01  5.1604413e+01         -inf  1.00779e+05  5.16044e+01  5.16044e+01
2.993194850e-01  5.0742057e+01         -inf  1.00779e+05  5.07421e+01  5.07421e+01
3.005167630e-01  4.9748120e+01         -inf  1.00779e+05  4.97481e+01  4.97481e+01
3.017188300e-01  4.8555478e+01         -inf  1.00779e+05  4.85555e+01  4.85555e+01
3.029257054e-01  4.7329739e+01         -inf  1.00779e+05  4.73297e+01  4.73297e+01
3.041374082e-01  4.6233816e+01         -inf  1.00779e+05  4.62338e+01  4.62338e+01
3.053539578e-01  4.4556563e+01         -inf  1.00779e+05  4.45566e+01  4.45566e+01
3.065753736e-01  4.3538728e+01         -inf  1.00779e+05  4.35387e+01  4.35387e+01
3.078016751e-01  4.1740505e+01         -inf  1.00779e+05  4.17405e+01  4.17405e+01
3.090328818e-01  4.0724696e+01         -inf  1.00779e+05  4.07247e+01  4.07247e+01
3.102690134e-01  3.8991894e+01         -inf  1.00779e+05  3.89919e+01  3.89919e+01
3.115100894e-01  3.8066424e+01         -inf  1.00779e+05  3.80664e+01  3.80664e+01
3.127561298e-01  3.6406095e+01         -inf  1.00779e+05  3.64061e+01  3.64061e+01
3.140071543e-01  3.5757769e+01         -inf  1.00779e+05  3.57578e+01  3.57578e+01
3.152631829e-01  3.4448238e+01         -inf  1.00779e+05  3.44482e+01  3.44482e+01
3.165242356e-01  3.3302843e+01         -inf  1.00779e+05  3.33028e+01  3.33028e+01
3.177903326e-01  3.3025054e+01         -inf  1.00779e+05  3.30251e+01  3.30251e+01
3.190614939e-01  3.1513699e+01         -inf  1.00779e+05  3.15137e+01  3.15137e+01
3.203377399e-01  3.1549566e+01         -inf  1.00779e+05  3.15496e+01  3.15496e+01
3.216190908e-01  3.0291194e+01         -inf  1.00779e+05  3.02912e+01  3.02912e+01
3.229055672e-01  3.0483606e+01         -inf  1.00779e+05  3.04836e+01  3.04836e+01
3.241971895e-01  2.9098700e+01         -inf  1.00779e+05  2.90987e+01  2.90987e+01
3.254939782e-01  2.9691360e+01         -inf  1.00779e+05  2.96914e+01  2.96914e+01
3.267959541e-01  2.8459522e+01         -inf  1.00779e+05  2.84595e+01  2.84595e+01
3.281031380e-01  2.8925467e+01         -inf  1.00779e+05  2.89255e+01  2.89255e+01
3.294155505e-01  2.7859254e+01         -inf  1.00779e+05  2.78593e+01  2.78593e+01
3.307332127e-01  2.8249329e+01         -inf  1.00779e+05  2.82493e+01  2.82493e+01
3.320561456e-01  2.7697804e+01         -inf  1.00779e+05  2.76978e+01  2.76978e+01
3.333843702e-01  2.7619679e+01         -inf  1.00779e+05  2.76197e+01  2.76197e+01
3.347179076e-01  2.7387501e+01         -inf  1.00779e+05  2.73875e+01  2.73875e+01
3.360567793e-01  2.7112458e+01         -inf  1.00779e+05  2.71125e+01  2.71125e+01
3.374010064e-01  2.7275775e+01         -inf  1.00779e+05  2.72758e+01  2.72758e+01
3.387506104e-01  2.6881057e+01         -inf  1.00779e+05  2.68811e+01  2.68811e+01
3.401056128e-01  2.6870915e+01         -inf  1.00779e+05  2.68709e+01  2.68709e+01
3.414660353e-01  2.6669578e+01         -inf  1.00779e+05  2.66696e+01  2.66696e+01
3.428318994e-01  2.6552812e+01         -inf  1.00779e+05  2.65528e+01  2.65528e+01
3.442032270e-01  2.6579887e+01         -inf  1.00779e+05  2.65799e+01  2.65799e+01
3.455800399e-01  2.6378806e+01         -inf  1.00779e+05  2.63788e+01  2.63788e+01
3.469623601e-01  2.6289111e+01         -inf  1.00779e+05  2.62891e+01  2.62891e+01
3.483502095e-01  2.6188214e+01         -inf  1.00779e+05  2.61882e+01  2.61882e+01
3.497436104e-01  2.6086433e+01         -inf  1.00779e+05  2.60864e+01  2.60864e+01
3.511425848e-01  2.6027163e+01         -inf  1.00779e+05  2.60272e+01  2.60272e+01
3.525471552e-01  2.5930849e+01         -inf  1.00779e+05  2.59308e+01  2.59308e+01
3.539573438e-01  2.5825712e+01         -inf  1.00779e+05  2.58257e+01  2.58257e+01
3.553731732e-01  2.5742272e+01         -inf  1.00779e+05  2.57423e+01  2.57423e+01
3.567946659e-01  2.5653803e+01         -inf  1.00779e+05  2.56538e+01  2.56538e+01
3.582218445e-01  2.5568244e+01         -inf  1.00779e+05  2.55682e+01  2.55682e+01
3.596547319e-01  2.5489829e+01         -inf  1.00779e+05  2.54898e+01  2.54898e+01
3.610933508e-01  2.5401357e+01         -inf  1.00779e+05  2.54014e+01  2.54014e+01
3.625377242e-01  2.5310854e+01         -inf  1.00779e+05  2.53109e+01  2.53109e+01
3.639878751e-01  2.5223174e+01         -inf  1.00779e+05  2.52232e+01  2.52232e+01
3.654438266e-01  2.5137256e+01         -inf  1.00779e+05  2.51373e+01  2.51373e+01
3.669056019e-01  2.5051249e+01         -inf  1.00779e+05  2.50512e+01  2.50512e+01
3.683732243e-01  2.4966211e+01         -inf  1.00779e+05  2.49662e+01  2.49662e+01
3.698467172e-01  2.4880555e+01         -inf  1.00779e+05  2.48806e+01  2.48806e+01
3.713261041e-01  2.4794809e+01         -inf  1.00779e+05  2.47948e+01  2.47948e+01
3.728114085e-01  2.4709327e+01         -inf  1.00779e+05  2.47093e+01  2.47093e+01
3.743026542e-01  2.4624197e+01         -inf  1.00779e+05  2.46242e+01  2.46242e+01
3.757998648e-01  2.4538977e+01         -inf  1.00779e+05  2.45390e+01  2.45390e+01
3.773030642e-01  2.4454373e+01         -inf  1.00779e+05  2.44544e+01  2.44544e+01
3.788122765e-01  2.4371533e+01         -inf  1.00779e+05  2.43715e+01  2.43715e+01
3.803275256e-01  2.4288781e+01         -inf  1.00779e+05  2.42888e+01  2.42888e+01
3.818488357e-01  2.4201351e+01         -inf  1.00779e+05  2.42014e+01  2.42014e+01
3.833762310e-01  2.4113655e+01         -inf  1.00779e+05  2.41137e+01  2.41137e+01
3.849097360e-01  2.4027635e+01         -inf  1.00779e+05  2.40276e+01  2.40276e+01
3.864493749e-01  2.3942319e+01         -inf  1.00779e+05  2.39423e+01  2.39423e+01
3.879951724e-01  2.3857267e+01         -inf  1.00779e+05  2.38573e+01  2.38573e+01
3.895471531e-01  2.3772125e+01         -inf  1.00779e+05  2.37721e+01  2.37721e+01
3.911053417e-01  2.3687159e+01         -inf  1.00779e+05  2.36872e+01  2.36872e+01
3.926697631e-01  2.3602280e+01         -inf  1.00779e+05  2.36023e+01  2.36023e+01
3.942404421e-01  2.3517664e+01         -inf  1.00779e+05  2.35177e+01  2.35177e+01
3.958174039e-01  2.3432960e+01         -inf  1.00779e+05  2.34330e+01  2.34330e+01
3.974006735e-01  2.3347989e+01         -inf  1.00779e+05  2.33480e+01  2.33480e+01
3.989902762e-01  2.3262929e+01         -inf  1.00779e+05  2.32629e+01  2.32629e+01
4.005862373e-01  2.3178221e+01         -inf  1.00779e+05  2.31782e+01  2.31782e+01
4.021885823e-01  2.3093776e+01         -inf  1.00779e+05  2.30938e+01  2.30938e+01
4.037973366e-01  2.3008889e+01         -inf  1.00779e+05  2.30089e+01  2.30089e+01
4.054125259e-01  2.2923913e+01         -inf  1.00779e+05  2.29239e+01  2.29239e+01
4.070341760e-01  2.2839995e+01         -inf  1.00779e+05  2.28400e+01  2.28400e+01
4.086623127e-01  2.2756781e+01         -inf  1.00779e+05  2.27568e+01  2.27568e+01
4.102969620e-01  2.2672508e+01         -inf  1.00779e+05  2.26725e+01  2.26725e+01
4.119381498e-01  2.2587086e+01         -inf  1.00779e+05  2.25871e+01  2.25871e+01
4.135859024e-01  2.2501752e+01         -inf  1.00779e+05  2.25018e+01  2.25018e+01
4.152402460e-01  2.2418093e+01         -inf  1.00779e+05  2.24181e+01  2.24181e+01
4.169012070e-01  2.2335138e+01         -inf  1.00779e+05  2.23351e+01  2.23351e+01
4.185688119e-01  2.2250683e+01         -inf  1.00779e+05  2.22507e+01  2.22507e+01
4.202430871e-01  2.2165962e+01         -inf  1.00779e+05  2.21660e+01  2.21660e+01
4.219240595e-01  2.2083446e+01         -inf  1.00779e+05  2.20834e+01  2.20834e+01
4.236117557e-01  2.2002958e+01         -inf  1.00779e+05  2.20030e+01  2.20030e+01
4.253062027e-01  2.1921588e+01         -inf  1.00779e+05  2.19216e+01  2.19216e+01
4.270074275e-01  2.1836421e+01         -inf  1.00779e+05  2.18364e+01  2.18364e+01
4.287154572e-01  2.1749664e+01         -inf  1.00779e+05  2.17497e+01  2.17497e+01
4.304303191e-01  2.1665642e+01         -inf  1.00779e+05  2.16656e+01  2.16656e+01
4.321520403e-01  2.1585415e+01         -inf  1.00779e+05  2.15854e+01  2.15854e+01
4.338806485e-01  2.1503068e+01         -inf  1.00779e+05  2.15031e+01  2.15031e+01
4.356161711e-01  2.1417719e+01         -inf  1.00779e+05  2.14177e+01  2.14177e+01
4.373586358e-01  2.1335458e+01         -inf  1.00779e+05  2.13355e+01  2.13355e+01
4.391080703e-01  2.1259552e+01         -inf  1.00779e+05  2.12596e+01  2.12596e+01
4.408645026e-01  2.1185498e+01         -inf  1.00779e+05  2.11855e+01  2.11855e+01
4.426279606e-01  2.1108265e+01         -inf  1.00779e+05  2.11083e+01  2.11083e+01
4.443984725e-01  2.1023352e+01         -inf  1.00779e+05  2.10234e+01  2.10234e+01
4.461760664e-01  2.0934731e+01         -inf  1.00779e+05  2.09347e+01  2.09347e+01
4.479607706e-01  2.0850699e+01         -inf  1.00779e+05  2.08507e+01  2.08507e+01
4.497526137e-01  2.0773992e+01         -inf  1.00779e+05  2.07740e+01  2.07740e+01
4.515516242e-01  2.0693136e+01         -inf  1.00779e+05  2.06931e+01  2.06931e+01
4.533578307e-01  2.0606364e+01         -inf  1.00779e+05  2.06064e+01  2.06064e+01
4.551712620e-01  2.0525858e+01         -inf  1.00779e+05  2.05259e+01  2.05259e+01
4.569919470e-01  2.0457446e+01         -inf  1.00779e+05  2.04574e+01  2.04574e+01
4.588199148e-01  2.0394417e+01         -inf  1.00779e+05  2.03944e+01  2.03944e+01
4.606551945e-01  2.0329534e+01         -inf  1.00779e+05  2.03295e+01  2.03295e+01
4.624978152e-01  2.0248760e+01         -inf  1.00779e+05  2.02488e+01  2.02488e+01
4.643478065e-01  2.0151919e+01         -inf  1.00779e+05  2.01519e+01  2.01519e+01
4.662051977e-01  2.0060549e+01         -inf  1.00779e+05  2.00605e+01  2.00605e+01
4.680700185e-01  1.9988247e+01         -inf  1.00779e+05  1.99882e+01  1.99882e+01
4.699422986e-01  1.9921682e+01         -inf  1.00779e+05  1.99217e+01  1.99217e+01
4.718220678e-01  1.9847790e+01         -inf  1.00779e+05  1.98478e+01  1.98478e+01
4.737093561e-01  1.9778310e+01         -inf  1.00779e+05  1.97783e+01  1.97783e+01
4.756041935e-01  1.9736993e+01         -inf  1.00779e+05  1.97370e+01  1.97370e+01
4.775066103e-01  1.9707241e+01         -inf  1.00779e+05  1.97072e+01  1.97072e+01
4.794166367e-01  1.9633081e+01         -inf  1.00779e+05  1.96331e+01  1.96331e+01
4.813343033e-01  1.9556272e+01         -inf  1.00779e+05  1.95563e+01  1.95563e+01
4.832596405e-01  1.9467807e+01         -inf  1.00779e+05  1.94678e+01  1.94678e+01
4.851926790e-01  1.9361860e+01         -inf  1.00779e+05  1.93619e+01  1.93619e+01
4.871334497e-01  1.9263328e+01         -inf  1.00779e+05  1.92633e+01  1.92633e+01
4.890819835e-01  1.9190046e+01         -inf  1.00779e+05  1.91900e+01  1.91900e+01
4.910383115e-01  1.9126917e+01         -inf  1.00779e+05  1.91269e+01  1.91269e+01
4.930024647e-01  1.9052574e+01         -inf  1.00779e+05  1.90526e+01  1.90526e+01
4.949744746e-01  1.8975757e+01         -inf  1.00779e+05  1.89758e+01  1.89758e+01
4.969543725e-01  1.8915805e+01         -inf  1.00779e+05  1.89158e+01  1.89158e+01
4.989421900e-01  1.8879162e+01         -inf  1.00779e+05  1.88792e+01  1.88792e+01
5.009379587e-01  1.8858412e+01         -inf  1.00779e+05  1.88584e+01  1.88584e+01
5.029417106e-01  1.8840223e+01         -inf  1.00779e+05  1.88402e+01  1.88402e+01
5.049534774e-01  1.8799341e+01         -inf  1.00779e+05  1.87993e+01  1.87993e+01
5.069732913e-01  1.8719520e+01         -inf  1.00779e+05  1.87195e+01  1.87195e+01
5.090011845e-01  1.8616210e+01         -inf  1.00779e+05  1.86162e+01  1.86162e+01
5.110371892e-01  1.8522523e+01         -inf  1.00779e+05  1.85225e+01  1.85225e+01
5.130813380e-01  1.8454265e+01         -inf  1.00779e+05  1.84543e+01  1.84543e+01
5.151336633e-01  1.8398988e+01         -inf  1.00779e+05  1.83990e+01  1.83990e+01
5.171941980e-01  1.8340355e+01         -inf  1.00779e+05  1.83404e+01  1.83404e+01
5.192629748e-01  1.8280661e+01         -inf  1.00779e+05  1.82807e+01  1.82807e+01
5.213400267e-01  1.8231564e+01         -inf  1.00779e+05  1.82316e+01  1.82316e+01
5.234253868e-01  1.8201893e+01         -inf  1.00779e+05  1.82019e+01  1.82019e+01
5.255190883e-01  1.8189265e+01         -inf  1.00779e+05  1.81893e+01  1.81893e+01
5.276211647e-01  1.8184673e+01         -inf  1.00779e+05  1.81847e+01  1.81847e+01
5.297316493e-01  1.8176196e+01         -inf  1.00779e+05  1.81762e+01  1.81762e+01
5.318505759e-01  1.8148821e+01         -inf  1.00779e+05  1.81488e+01  1.81488e+01
5.339779782e-01  1.8088243e+01         -inf  1.00779e+05  1.80882e+01  1.80882e+01
5.361138902e-01  1.7997374e+01         -inf  1.00779e+05  1.79974e+01  1.79974e+01
5.382583457e-01  1.7916041e+01         -inf  1.00779e+05  1.79160e+01  1.79160e+01
5.404113791e-01  1.7862967e+01         -inf  1.00779e+05  1.78630e+01  1.78630e+01
5.425730246e-01  1.7828173e+01         -inf  1.00779e+05  1.78282e+01  1.78282e+01
5.447433167e-01  1.7791171e+01         -inf  1.00779e+05  1.77912e+01  1.77912e+01
5.469222900e-01  1.7741981e+01         -inf  1.00779e+05  1.77420e+01  1.77420e+01
5.491099791e-01  1.7685638e+01         -inf  1.00779e+05  1.76856e+01  1.76856e+01
5.513064191e-01  1.7630177e+01         -inf  1.00779e+05  1.76302e+01  1.76302e+01
5.535116447e-01  1.7580545e+01         -inf  1.00779e+05  1.75805e+01  1.75805e+01
5.557256913e-01  1.7543365e+01         -inf  1.00779e+05  1.75434e+01  1.75434e+01
5.579485941e-01  1.7526320e+01         -inf  1.00779e+05  1.75263e+01  1.75263e+01
5.601803884e-01  1.7528263e+01         -inf  1.00779e+05  1.75283e+01  1.75283e+01
5.624211100e-01  1.7534003e+01         -inf  1.00779e+05  1.75340e+01  1.75340e+01
5.646707944e-01  1.7530559e+01         -inf  1.00779e+05  1.75306e+01  1.75306e+01
5.669294776e-01  1.7522169e+01         -inf  1.00779e+05  1.75222e+01  1.75222e+01
5.691971955e-01  1.7525084e+01         -inf  1.00779e+05  1.75251e+01  1.75251e+01
5.714739843e-01  1.7545926e+01         -inf  1.00779e+05  1.75459e+01  1.75459e+01
5.737598803e-01  1.7559615e+01         -inf  1.00779e+05  1.75596e+01  1.75596e+01
5.760549198e-01  1.7529411e+01         -inf  1.00779e+05  1.75294e+01  1.75294e+01
5.783591395e-01  1.7453283e+01         -inf  1.00779e+05  1.74533e+01  1.74533e+01
5.806725760e-01  1.7242824e+01         -inf  1.00779e+05  1.72428e+01  1.72428e+01
5.829952663e-01  1.7021317e+01         -inf  1.00779e+05  1.70213e+01  1.70213e+01
5.853272474e-01  1.6879029e+01         -inf  1.00779e+05  1.68790e+01  1.68790e+01
5.876685564e-01  1.6777103e+01         -inf  1.00779e+05  1.67771e+01  1.67771e+01
5.900192306e-01  1.6705824e+01         -inf  1.00779e+05  1.67058e+01  1.67058e+01
5.923793075e-01  1.6667932e+01         -inf  1.00779e+05  1.66679e+01  1.66679e+01
5.947488247e-01  1.6664046e+01         -inf  1.00779e+05  1.66640e+01  1.66640e+01
5.971278200e-01  1.6671730e+01         -inf  1.00779e+05  1.66717e+01  1.66717e+01
5.995163313e-01  1.6666431e+01         -inf  1.00779e+05  1.66664e+01  1.66664e+01
6.019143966e-01  1.6624211e+01         -inf  1.00779e+05  1.66242e+01  1.66242e+01
6.043220542e-01  1.6538180e+01         -inf  1.00779e+05  1.65382e+01  1.65382e+01
6.067393425e-01  1.6414077e+01         -inf  1.00779e+05  1.64141e+01  1.64141e+01
6.091662998e-01  1.6266742e+01         -inf  1.00779e+05  1.62667e+01  1.62667e+01
6.116029650e-01  1.6113661e+01         -inf  1.00779e+05  1.61137e+01  1.61137e+01
6.140493769e-01  1.5967997e+01         -inf  1.00779e+05  1.59680e+01  1.59680e+01
6.165055744e-01  1.5836110e+01         -inf  1.00779e+05  1.58361e+01  1.58361e+01
6.189715967e-01  1.5722771e+01         -inf  1.00779e+05  1.57228e+01  1.57228e+01
6.214474831e-01  1.5633813e+01         -inf  1.00779e+05  1.56338e+01  1.56338e+01
6.239332730e-01  1.5571886e+01         -inf  1.00779e+05  1.55719e+01  1.55719e+01
6.264290061e-01  1.5525065e+01         -inf  1.00779e+05  1.55251e+01  1.55251e+01
6.289347221e-01  1.6078680e+01         -inf  1.00779e+05  1.60787e+01  1.60787e+01
6.314504610e-01  1.5524977e+01         -inf  1.00779e+05  1.55250e+01  1.55250e+01
6.339762629e-01  1.5166034e+01         -inf  1.00779e+05  1.51660e+01  1.51660e+01
6.365121679e-01  1.4924136e+01         -inf  1.00779e+05  1.49241e+01  1.49241e+01
6.390582166e-01  1.4714920e+01         -inf  1.00779e+05  1.47149e+01  1.47149e+01
6.416144494e-01  1.4531143e+01         -inf  1.00779e+05  1.45311e+01  1.45311e+01
6.441809072e-01  1.4378817e+01         -inf  1.00779e+05  1.43788e+01  1.43788e+01
6.467576309e-01  1.4246014e+01         -inf  1.00779e+05  1.42460e+01  1.42460e+01
6.493446614e-01  1.4122487e+01         -inf  1.00779e+05  1.41225e+01  1.41225e+01
6.519420400e-01  1.4004171e+01         -inf  1.00779e+05  1.40042e+01  1.40042e+01
6.545498082e-01  1.3883731e+01         -inf  1.00779e+05  1.38837e+01  1.38837e+01
6.571680074e-01  1.3763025e+01         -inf  1.00779e+05  1.37630e+01  1.37630e+01
6.597966795e-01  1.3645055e+01         -inf  1.00779e+05  1.36451e+01  1.36451e+01
6.624358662e-01  1.3529735e+01         -inf  1.00779e+05  1.35297e+01  1.35297e+01
6.650856096e-01  1.3410701e+01         -inf  1.00779e+05  1.34107e+01  1.34107e+01
6.677459521e-01  1.3287334e+01         -inf  1.00779e+05  1.32873e+01  1.32873e+01
6.704169359e-01  1.3166352e+01         -inf  1.00779e+05  1.31664e+01  1.31664e+01
6.730986036e-01  1.3047753e+01         -inf  1.00779e+05  1.30478e+01  1.30478e+01
6.757909981e-01  1.2933836e+01         -inf  1.00779e+05  1.29338e+01  1.29338e+01
6.784941620e-01  1.2823010e+01         -inf  1.00779e+05  1.28230e+01  1.28230e+01
6.812081387e-01  1.2720402e+01         -inf  1.00779e+05  1.27204e+01  1.27204e+01
6.839329712e-01  1.2627425e+01         -inf  1.00779e+05  1.26274e+01  1.26274e+01
6.866687031e-01  1.4290282e+01         -inf  1.00779e+05  1.42903e+01  1.42903e+01
6.894153779e-01  1.4995964e+01         -inf  1.00779e+05  1.49960e+01  1.49960e+01
6.921730395e-01  1.3257023e+01         -inf  1.00779e+05  1.32570e+01  1.32570e+01
6.949417316e-01  1.2270444e+01         -inf  1.00779e+05  1.22704e+01  1.22704e+01
6.977214985e-01  1.2091902e+01         -inf  1.00779e+05  1.20919e+01  1.20919e+01
7.005123845e-01  1.1987779e+01         -inf  1.00779e+05  1.19878e+01  1.19878e+01
7.033144341e-01  1.1892582e+01         -inf  1.00779e+05  1.18926e+01  1.18926e+01
7.061276918e-01  1.1804456e+01         -inf  1.00779e+05  1.18045e+01  1.18045e+01
7.089522026e-01  1.1719333e+01         -inf  1.00779e+05  1.17193e+01  1.17193e+01
7.117880114e-01  1.1637746e+01         -inf  1.00779e+05  1.16377e+01  1.16377e+01
7.146351634e-01  1.1563229e+01         -inf  1.00779e+05  1.15632e+01  1.15632e+01
7.174937041e-01  1.1482081e+01         -inf  1.00779e+05  1.14821e+01  1.14821e+01
7.203636789e-01  1.1383960e+01         -inf  1.00779e+05  1.13840e+01  1.13840e+01
7.232451336e-01  1.1289019e+01         -inf  1.00779e+05  1.12890e+01  1.12890e+01
7.261381142e-01  1.1203714e+01         -inf  1.00779e+05  1.12037e+01  1.12037e+01
7.290426666e-01  1.1115843e+01         -inf  1.00779e+05  1.11158e+01  1.11158e+01
7.319588373e-01  1.1031595e+01         -inf  1.00779e+05  1.10316e+01  1.10316e+01
7.348866726e-01  1.0958132e+01         -inf  1.00779e+05  1.09581e+01  1.09581e+01
7.378262193e-01  1.0890061e+01         -inf  1.00779e+05  1.08901e+01  1.08901e+01
7.407775242e-01  1.0828089e+01         -inf  1.00779e+05  1.08281e+01  1.08281e+01
7.437406343e-01  1.0776637e+01         -inf  1.00779e+05  1.07766e+01  1.07766e+01
7.467155968e-01  1.0737384e+01         -inf  1.00779e+05  1.07374e+01  1.07374e+01
7.497024592e-01  1.0689025e+01         -inf  1.00779e+05  1.06890e+01  1.06890e+01
7.527012690e-01  1.0627759e+01         -inf  1.00779e+05  1.06278e+01  1.06278e+01
7.557120741e-01  1.0587533e+01         -inf  1.00779e+05  1.05875e+01  1.05875e+01
7.587349224e-01  1.2727207e+01         -inf  1.00779e+05  1.27272e+01  1.27272e+01
7.617698621e-01  1.9937132e+01         -inf  1.00779e+05  1.99371e+01  1.99371e+01
7.648169416e-01  1.6651504e+01         -inf  1.00779e+05  1.66515e+01  1.66515e+01
7.678762093e-01  1.1769718e+01         -inf  1.00779e+05  1.17697e+01  1.17697e+01
7.709477142e-01  1.0250332e+01         -inf  1.00779e+05  1.02503e+01  1.02503e+01
7.740315050e-01  1.0052990e+01         -inf  1.00779e+05  1.00530e+01  1.00530e+01
7.771276310e-01  9.9790741e+00         -inf  1.00779e+05  9.97907e+00  9.97907e+00
7.802361416e-01  9.9148829e+00         -inf  1.00779e+05  9.91488e+00  9.91488e+00
7.833570861e-01  9.8303547e+00         -inf  1.00779e+05  9.83035e+00  9.83035e+00
7.864905145e-01  9.7392823e+00         -inf  1.00779e+05  9.73928e+00  9.73928e+00
7.896364765e-01  9.6611182e+00         -inf  1.00779e+05  9.66112e+00  9.66112e+00
7.927950224e-01  9.5855174e+00         -inf  1.00779e+05  9.58552e+00  9.58552e+00
7.959662025e-01  9.5137179e+00         -inf  1.00779e+05  9.51372e+00  9.51372e+00
7.991500673e-01  9.4471347e+00         -inf  1.00779e+05  9.44713e+00  9.44713e+00
8.023466676e-01  9.3828498e+00         -inf  1.00779e+05  9.38285e+00  9.38285e+00
8.055560543e-01  9.3234277e+00         -inf  1.00779e+05  9.32343e+00  9.32343e+00
8.087782785e-01  9.2740858e+00         -inf  1.00779e+05  9.27409e+00  9.27409e+00
8.120133916e-01  9.2297839e+00         -inf  1.00779e+05  9.22978e+00  9.22978e+00
8.152614452e-01  9.1841552e+00         -inf  1.00779e+05  9.18416e+00  9.18416e+00
8.185224910e-01  9.1249966e+00         -inf  1.00779e+05  9.12500e+00  9.12500e+00
8.217965809e-01  9.0465598e+00         -inf  1.00779e+05  9.04656e+00  9.04656e+00
8.250837672e-01  8.9620203e+00         -inf  1.00779e+05  8.96202e+00  8.96202e+00
8.283841023e-01  8.8859692e+00         -inf  1.00779e+05  8.88597e+00  8.88597e+00
8.316976387e-01  8.8180442e+00         -inf  1.00779e+05  8.81804e+00  8.81804e+00
8.350244293e-01  8.7559375e+00         -inf  1.00779e+05  8.75594e+00  8.75594e+00
8.383645270e-01  8.6988355e+00         -inf  1.00779e+05  8.69884e+00  8.69884e+00
8.417179851e-01  8.6441385e+00         -inf  1.00779e+05  8.64414e+00  8.64414e+00
8.450848570e-01  8.5926336e+00         -inf  1.00779e+05  8.59263e+00  8.59263e+00
8.484651965e-01  8.5479467e+00         -inf  1.00779e+05  8.54795e+00  8.54795e+00
8.518590573e-01  8.5133502e+00         -inf  1.00779e+05  8.51335e+00  8.51335e+00
8.552664935e-01  8.4635776e+00         -inf  1.00779e+05  8.46358e+00  8.46358e+00
8.586875595e-01  8.3997429e+00         -inf  1.00779e+05  8.39974e+00  8.39974e+00
8.621223097e-01  8.3353947e+00         -inf  1.00779e+05  8.33539e+00  8.33539e+00
8.655707989e-01  8.2663850e+00         -inf  1.00779e+05  8.26638e+00  8.26638e+00
8.690330821e-01  8.2085447e+00         -inf  1.00779e+05  8.20854e+00  8.20854e+00
8.725092145e-01  8.1431332e+00         -inf  1.00779e+05  8.14313e+00  8.14313e+00
8.759992513e-01  8.0856632e+00         -inf  1.00779e+05  8.08566e+00  8.08566e+00
8.795032483e-01  8.0388414e+00         -inf  1.00779e+05  8.03884e+00  8.03884e+00
8.830212613e-01  8.0173850e+00         -inf  1.00779e+05  8.01738e+00  8.01738e+00
8.865533464e-01  7.9741181e+00         -inf  1.00779e+05  7.97412e+00  7.97412e+00
8.900995597e-01  7.9374755e+00         -inf  1.00779e+05  7.93748e+00  7.93748e+00
8.936599580e-01  7.8844614e+00         -inf  1.00779e+05  7.88446e+00  7.88446e+00
8.972345978e-01  7.8457574e+00         -inf  1.00779e+05  7.84576e+00  7.84576e+00
9.008235362e-01  7.7990666e+00         -inf  1.00779e+05  7.79907e+00  7.79907e+00
9.044268304e-01  7.7462282e+00         -inf  1.00779e+05  7.74623e+00  7.74623e+00
9.080445377e-01  7.7027915e+00         -inf  1.00779e+05  7.70279e+00  7.70279e+00
9.116767158e-01  7.6703752e+00         -inf  1.00779e+05  7.67038e+00  7.67038e+00
9.153234227e-01  7.6448843e+00         -inf  1.00779e+05  7.64488e+00  7.64488e+00
9.189847164e-01  7.6199416e+00         -inf  1.00779e+05  7.61994e+00  7.61994e+00
9.226606552e-01  7.5841196e+00         -inf  1.00779e+05  7.58412e+00  7.58412e+00
9.263512979e-01  7.5102813e+00         -inf  1.00779e+05  7.51028e+00  7.51028e+00
9.300567031e-01  7.4336649e+00         -inf  1.00779e+05  7.43366e+00  7.43366e+00
9.337769299e-01  7.3715980e+00         -inf  1.00779e+05  7.37160e+00  7.37160e+00
9.375120376e-01  7.3165802e+00         -inf  1.00779e+05  7.31658e+00  7.31658e+00
9.412620857e-01  7.2667012e+00         -inf  1.00779e+05  7.26670e+00  7.26670e+00
9.450271341e-01  7.2207403e+00         -inf  1.00779e+05  7.22074e+00  7.22074e+00
9.488072426e-01  7.1618558e+00         -inf  1.00779e+05  7.16186e+00  7.16186e+00
9.526024716e-01  7.0990255e+00         -inf  1.00779e+05  7.09903e+00  7.09903e+00
9.564128815e-01  7.0506309e+00         -inf  1.00779e+05  7.05063e+00  7.05063e+00
9.602385330e-01  7.0057831e+00         -inf  1.00779e+05  7.00578e+00  7.00578e+00
9.640794871e-01  6.9648448e+00         -inf  1.00779e+05  6.96484e+00  6.96484e+00
9.679358051e-01  6.9228359e+00         -inf  1.00779e+05  6.92284e+00  6.92284e+00
9.718075483e-01  6.8847012e+00         -inf  1.00779e+05  6.88470e+00  6.88470e+00
9.756947785e-01  6.8422583e+00         -inf  1.00779e+05  6.84226e+00  6.84226e+00
9.795975576e-01  6.8040170e+00         -inf  1.00779e+05  6.80402e+00  6.80402e+00
9.835159478e-01  6.7656694e+00         -inf  1.00779e+05  6.76567e+00  6.76567e+00
9.874500116e-01  6.7319038e+00         -inf  1.00779e+05  6.73190e+00  6.73190e+00
9.913998117e-01  6.7072938e+00         -inf  1.00779e+05  6.70729e+00  6.70729e+00
9.953654109e-01  6.6643544e+00         -inf  1.00779e+05  6.66435e+00  6.66435e+00
9.993468726e-01  6.6196366e+00         -inf  1.00779e+05  6.61964e+00  6.61964e+00
1.003344260e+00  6.5792974e+00         -inf  1.00779e+05  6.57930e+00  6.57930e+00
1.007357637e+00  6.5414438e+00         -inf  1.00779e+05  6.54144e+00  6.54144e+00
1.011387068e+00  6.5051381e+00         -inf  1.00779e+05  6.50514e+00  6.50514e+00
1.015432616e+00  6.4677795e+00         -inf  1.00779e+05  6.46778e+00  6.46778e+00
1.019494346e+00  6.4297041e+00         -inf  1.00779e+05  6.42970e+00  6.42970e+00
1.023572324e+00  6.3925839e+00         -inf  1.00779e+05  6.39258e+00  6.39258e+00
1.027666613e+00  6.3566312e+00         -inf  1.00779e+05  6.35663e+00  6.35663e+00
1.031777280e+00  6.3207315e+00         -inf  1.00779e+05  6.32073e+00  6.32073e+00
1.035904389e+00  6.2994197e+00         -inf  1.00779e+05  6.29942e+00  6.29942e+00
1.040048006e+00  6.2801162e+00         -inf  1.00779e+05  6.28012e+00  6.28012e+00
1.044208198e+00  6.9404568e+00         -inf  1.00779e+05  6.94046e+00  6.94046e+00
1.048385031e+00  7.1865348e+00         -inf  1.00779e+05  7.18653e+00  7.18653e+00
1.052578571e+00  7.5073890e+00         -inf  1.00779e+05  7.50739e+00  7.50739e+00
1.056788885e+00  7.8262374e+00         -inf  1.00779e+05  7.82624e+00  7.82624e+00
1.061016041e+00  8.2260825e+00         -inf  1.00779e+05  8.22608e+00  8.22608e+00
1.065260105e+00  8.5075222e+00         -inf  1.00779e+05  8.50752e+00  8.50752e+00
1.069521146e+00  8.1447428e+00         -inf  1.00779e+05  8.14474e+00  8.14474e+00
1.073799230e+00  7.4985970e+00         -inf  1.00779e+05  7.49860e+00  7.49860e+00
1.078094427e+00  6.9501695e+00         -inf  1.00779e+05  6.95017e+00  6.95017e+00
1.082406805e+00  6.5604016e+00         -inf  1.00779e+05  6.56040e+00  6.56040e+00
1.086736432e+00  6.3023569e+00         -inf  1.00779e+05  6.30236e+00  6.30236e+00
1.091083378e+00  6.1357622e+00         -inf  1.00779e+05  6.13576e+00  6.13576e+00
1.095447711e+00  6.0232459e+00         -inf  1.00779e+05  6.02325e+00  6.02325e+00
1.099829502e+00  5.8292085e+00         -inf  1.00779e+05  5.82921e+00  5.82921e+00
1.104228820e+00  5.8002864e+00         -inf  1.00779e+05  5.80029e+00  5.80029e+00
1.108645735e+00  5.7793357e+00         -inf  1.00779e+05  5.77934e+00  5.77934e+00
1.113080318e+00  5.7798843e+00         -inf  1.00779e+05  5.77988e+00  5.77988e+00
1.117532640e+00  5.7854581e+00         -inf  1.00779e+05  5.78546e+00  5.78546e+00
1.122002770e+00  5.8279787e+00         -inf  1.00779e+05  5.82798e+00  5.82798e+00
1.126490781e+00  5.8944928e+00         -inf  1.00779e+05  5.89449e+00  5.89449e+00
1.130996744e+00  5.8674378e+00         -inf  1.00779e+05  5.86744e+00  5.86744e+00
1.135520731e+00  5.8797179e+00         -inf  1.00779e+05  5.87972e+00  5.87972e+00
1.140062814e+00  5.7310197e+00         -inf  1.00779e+05  5.73102e+00  5.73102e+00
1.144623065e+00  5.7019380e+00         -inf  1.00779e+05  5.70194e+00  5.70194e+00
1.149201558e+00  5.7495021e+00         -inf  1.00779e+05  5.74950e+00  5.74950e+00
1.153798364e+00  5.8884147e+00         -inf  1.00779e+05  5.88841e+00  5.88841e+00
1.158413557e+00  5.7949072e+00         -inf  1.00779e+05  5.79491e+00  5.79491e+00
1.163047212e+00  5.9085157e+00         -inf  1.00779e+05  5.90852e+00  5.90852e+00
1.167699401e+00  5.7490775e+00         -inf  1.00779e+05  5.74908e+00  5.74908e+00
1.172370198e+00  5.6361297e+00         -inf  1.00779e+05  5.63613e+00  5.63613e+00
1.177059679e+00  5.5390086e+00         -inf  1.00779e+05  5.53901e+00  5.53901e+00
1.181767918e+00  5.4818254e+00         -inf  1.00779e+05  5.48183e+00  5.48183e+00
1.186494989e+00  5.4426293e+00         -inf  1.00779e+05  5.44263e+00  5.44263e+00
1.191240969e+00  5.4046364e+00         -inf  1.00779e+05  5.40464e+00  5.40464e+00
1.196005933e+00  5.4070342e+00         -inf  1.00779e+05  5.40703e+00  5.40703e+00
1.200789957e+00  5.5800621e+00         -inf  1.00779e+05  5.58006e+00  5.58006e+00
1.205593117e+00  6.5941769e+00         -inf  1.00779e+05  6.59418e+00  6.59418e+00
1.210415489e+00  5.9495757e+00         -inf  1.00779e+05  5.94958e+00  5.94958e+00
1.215257151e+00  5.6398192e+00         -inf  1.00779e+05  5.63982e+00  5.63982e+00
1.220118180e+00  6.5321108e+00         -inf  1.00779e+05  6.53211e+00  6.53211e+00
1.224998652e+00  6.1637539e+00         -inf  1.00779e+05  6.16375e+00  6.16375e+00
1.229898647e+00  6.0781507e+00         -inf  1.00779e+05  6.07815e+00  6.07815e+00
1.234818242e+00  6.3890983e+00         -inf  1.00779e+05  6.38910e+00  6.38910e+00
1.239757515e+00  6.7683232e+00         -inf  1.00779e+05  6.76832e+00  6.76832e+00
1.244716545e+00  7.2789786e+00         -inf  1.00779e+05  7.27898e+00  7.27898e+00
1.249695411e+00  8.0142364e+00         -inf  1.00779e+05  8.01424e+00  8.01424e+00
1.254694192e+00  9.0256903e+00         -inf  1.00779e+05  9.02569e+00  9.02569e+00
1.259712969e+00  1.0628289e+01         -inf  1.00779e+05  1.06283e+01  1.06283e+01
1.264751821e+00  1.2541872e+01         -inf  1.00779e+05  1.25419e+01  1.25419e+01
1.269810828e+00  1.3603523e+01         -inf  1.00779e+05  1.36035e+01  1.36035e+01
1.274890072e+00  1.0316907e+01         -inf  1.00779e+05  1.03169e+01  1.03169e+01
1.279989632e+00  8.3605557e+00         -inf  1.00779e+05  8.36056e+00  8.36056e+00
1.285109591e+00  6.9068956e+00         -inf  1.00779e+05  6.90690e+00  6.90690e+00
1.290250029e+00  6.1828809e+00         -inf  1.00779e+05  6.18288e+00  6.18288e+00
1.295411029e+00  5.6704230e+00         -inf  1.00779e+05  5.67042e+00  5.67042e+00
1.300592673e+00  5.3007166e+00         -inf  1.00779e+05  5.30072e+00  5.30072e+00
1.305795044e+00  5.1177534e+00         -inf  1.00779e+05  5.11775e+00  5.11775e+00
1.311018224e+00  5.0967475e+00         -inf  1.00779e+05  5.09675e+00  5.09675e+00
1.316262297e+00  5.3911345e+00         -inf  1.00779e+05  5.39113e+00  5.39113e+00
1.321527346e+00  5.2357183e+00         -inf  1.00779e+05  5.23572e+00  5.23572e+00
1.326813455e+00  4.9876021e+00         -inf  1.00779e+05  4.98760e+00  4.98760e+00
1.332120709e+00  5.3963105e+00         -inf  1.00779e+05  5.39631e+00  5.39631e+00
1.337449192e+00  5.1882034e+00         -inf  1.00779e+05  5.18820e+00  5.18820e+00
1.342798989e+00  5.3241905e+00         -inf  1.00779e+05  5.32419e+00  5.32419e+00
1.348170185e+00  5.2052274e+00         -inf  1.00779e+05  5.20523e+00  5.20523e+00
1.353562866e+00  5.3816583e+00         -inf  1.00779e+05  5.38166e+00  5.38166e+00
1.358977117e+00  5.7384605e+00         -inf  1.00779e+05  5.73846e+00  5.73846e+00
1.364413026e+00  5.9178584e+00         -inf  1.00779e+05  5.91786e+00  5.91786e+00
1.369870678e+00  5.8743918e+00         -inf  1.00779e+05  5.87439e+00  5.87439e+00
1.375350160e+00  5.8260234e+00         -inf  1.00779e+05  5.82602e+00  5.82602e+00
1.380851561e+00  5.8264393e+00         -inf  1.00779e+05  5.82644e+00  5.82644e+00
1.386374967e+00  5.8047278e+00         -inf  1.00779e+05  5.80473e+00  5.80473e+00
1.391920467e+00  5.7424419e+00         -inf  1.00779e+05  5.74244e+00  5.74244e+00
1.397488149e+00  5.6833670e+00         -inf  1.00779e+05  5.68337e+00  5.68337e+00
1.403078102e+00  5.5790800e+00         -inf  1.00779e+05  5.57908e+00  5.57908e+00
1.408690414e+00  5.3955584e+00         -inf  1.00779e+05  5.39556e+00  5.39556e+00
1.414325176e+00  5.0598940e+00         -inf  1.00779e+05  5.05989e+00  5.05989e+00
1.419982476e+00  4.9009658e+00         -inf  1.00779e+05  4.90097e+00  4.90097e+00
1.425662406e+00  4.8433876e+00         -inf  1.00779e+05  4.84339e+00  4.84339e+00
1.431365056e+00  9.7769493e+00         -inf  1.00779e+05  9.77695e+00  9.77695e+00
1.437090516e+00  9.7208908e+00         -inf  1.00779e+05  9.72089e+00  9.72089e+00
1.442838878e+00  7.2879301e+00         -inf  1.00779e+05  7.28793e+00  7.28793e+00
1.448610234e+00  5.4009822e+00         -inf  1.00779e+05  5.40098e+00  5.40098e+00
1.454404675e+00  4.7080542e+00         -inf  1.00779e+05  4.70805e+00  4.70805e+00
1.460222293e+00  4.6123793e+00         -inf  1.00779e+05  4.61238e+00  4.61238e+00
1.466063182e+00  4.5909912e+00         -inf  1.00779e+05  4.59099e+00  4.59099e+00
1.471927435e+00  5.1416793e+00         -inf  1.00779e+05  5.14168e+00  5.14168e+00
1.477815145e+00  5.0182798e+00         -inf  1.00779e+05  5.01828e+00  5.01828e+00
1.483726405e+00  4.6497663e+00         -inf  1.00779e+05  4.64977e+00  4.64977e+00
1.489661311e+00  4.5307467e+00         -inf  1.00779e+05  4.53075e+00  4.53075e+00
1.495619956e+00  4.6404572e+00         -inf  1.00779e+05  4.64046e+00  4.64046e+00
1.501602436e+00  4.5448345e+00         -inf  1.00779e+05  4.54483e+00  4.54483e+00
1.507608846e+00  4.4617851e+00         -inf  1.00779e+05  4.46179e+00  4.46179e+00
1.513639281e+00  4.4640859e+00         -inf  1.00779e+05  4.46409e+00  4.46409e+00
1.519693838e+00  4.4878637e+00         -inf  1.00779e+05  4.48786e+00  4.48786e+00
1.525772614e+00  4.5992031e+00         -inf  1.00779e+05  4.59920e+00  4.59920e+00
1.531875704e+00  5.1474838e+00         -inf  1.00779e+05  5.14748e+00  5.14748e+00
1.538003207e+00  5.4829579e+00         -inf  1.00779e+05  5.48296e+00  5.48296e+00
1.544155220e+00  4.9723384e+00         -inf  1.00779e+05  4.97234e+00  4.97234e+00
1.550331841e+00  4.4132027e+00         -inf  1.00779e+05  4.41320e+00  4.41320e+00
1.556533168e+00  4.3933714e+00         -inf  1.00779e+05  4.39337e+00  4.39337e+00
1.562759301e+00  4.4046896e+00         -inf  1.00779e+05  4.40469e+00  4.40469e+00
1.569010338e+00  6.5120649e+00         -inf  1.00779e+05  6.51206e+00  6.51206e+00
1.575286379e+00  8.1902638e+00         -inf  1.00779e+05  8.19026e+00  8.19026e+00
1.581587525e+00  6.6060398e+00         -inf  1.00779e+05  6.60604e+00  6.60604e+00
1.587913875e+00  4.5794255e+00         -inf  1.00779e+05  4.57943e+00  4.57943e+00
1.594265530e+00  4.5110396e+00         -inf  1.00779e+05  4.51104e+00  4.51104e+00
1.600642593e+00  7.8291738e+00         -inf  1.00779e+05  7.82917e+00  7.82917e+00
1.607045163e+00  8.0139799e+00         -inf  1.00779e+05  8.01398e+00  8.01398e+00
1.613473344e+00  6.3043120e+00         -inf  1.00779e+05  6.30431e+00  6.30431e+00
1.619927237e+00  4.7373351e+00         -inf  1.00779e+05  4.73734e+00  4.73734e+00
1.626406946e+00  4.6993911e+00         -inf  1.00779e+05  4.69939e+00  4.69939e+00
1.632912574e+00  5.0615840e+00         -inf  1.00779e+05  5.06158e+00  5.06158e+00
1.639444224e+00  5.5389202e+00         -inf  1.00779e+05  5.53892e+00  5.53892e+00
1.646002001e+00  5.7198896e+00         -inf  1.00779e+05  5.71989e+00  5.71989e+00
1.652586009e+00  5.5492543e+00         -inf  1.00779e+05  5.54925e+00  5.54925e+00
1.659196353e+00  4.8317250e+00         -inf  1.00779e+05  4.83172e+00  4.83172e+00
1.665833138e+00  6.4221491e+00         -inf  1.00779e+05  6.42215e+00  6.42215e+00
1.672496471e+00  4.8122224e+00         -inf  1.00779e+05  4.81222e+00  4.81222e+00
1.679186457e+00  4.8727652e+00         -inf  1.00779e+05  4.87277e+00  4.87277e+00
1.685903203e+00  4.9039478e+00         -inf  1.00779e+05  4.90395e+00  4.90395e+00
1.692646815e+00  5.0181736e+00         -inf  1.00779e+05  5.01817e+00  5.01817e+00
1.699417403e+00  5.1465724e+00         -inf  1.00779e+05  5.14657e+00  5.14657e+00
1.706215072e+00  5.9755333e+00         -inf  1.00779e+05  5.97553e+00  5.97553e+00
1.713039933e+00  5.1737454e+00         -inf  1.00779e+05  5.17375e+00  5.17375e+00
1.719892092e+00  5.0458073e+00         -inf  1.00779e+05  5.04581e+00  5.04581e+00
1.726771661e+00  5.6753157e+00         -inf  1.00779e+05  5.67532e+00  5.67532e+00
1.733678747e+00  5.0133512e+00         -inf  1.00779e+05  5.01335e+00  5.01335e+00
1.740613462e+00  4.7419542e+00         -inf  1.00779e+05  4.74195e+00  4.74195e+00
1.747575916e+00  4.5682845e+00         -inf  1.00779e+05  4.56828e+00  4.56828e+00
1.754566220e+00  4.5039072e+00         -inf  1.00779e+05  4.50391e+00  4.50391e+00
1.761584485e+00  4.5206056e+00         -inf  1.00779e+05  4.52061e+00  4.52061e+00
1.768630823e+00  4.8488826e+00         -inf  1.00779e+05  4.84888e+00  4.84888e+00
1.775705346e+00  5.1108960e+00         -inf  1.00779e+05  5.11090e+00  5.11090e+00
1.782808167e+00  4.7419630e+00         -inf  1.00779e+05  4.74196e+00  4.74196e+00
1.789939400e+00  5.3860646e+00         -inf  1.00779e+05  5.38606e+00  5.38606e+00
1.797099158e+00  4.6522175e+00         -inf  1.00779e+05  4.65222e+00  4.65222e+00
1.804287554e+00  4.6501557e+00         -inf  1.00779e+05  4.65016e+00  4.65016e+00
1.811504704e+00  4.6709153e+00         -inf  1.00779e+05  4.67092e+00  4.67092e+00
1.818750723e+00  4.6730479e+00         -inf  1.00779e+05  4.67305e+00  4.67305e+00
1.826025726e+00  4.7671644e+00         -inf  1.00779e+05  4.76716e+00  4.76716e+00
1.833329829e+00  4.9868677e+00         -inf  1.00779e+05  4.98687e+00  4.98687e+00
1.840663148e+00  5.2410449e+00         -inf  1.00779e+05  5.24104e+00  5.24104e+00
1.848025801e+00  5.3686606e+00         -inf  1.00779e+05  5.36866e+00  5.36866e+00
1.855417904e+00  5.3960097e+00         -inf  1.00779e+05  5.39601e+00  5.39601e+00
1.862839576e+00  5.3441959e+00         -inf  1.00779e+05  5.34420e+00  5.34420e+00
1.870290934e+00  5.3217219e+00         -inf  1.00779e+05  5.32172e+00  5.32172e+00
1.877772098e+00  6.2105627e+00         -inf  1.00779e+05  6.21056e+00  6.21056e+00
1.885283186e+00  6.1490415e+00         -inf  1.00779e+05  6.14904e+00  6.14904e+00
1.892824319e+00  5.2069263e+00         -inf  1.00779e+05  5.20693e+00  5.20693e+00
1.900395616e+00  5.0525940e+00         -inf  1.00779e+05  5.05259e+00  5.05259e+00
1.907997199e+00  4.9762760e+00         -inf  1.00779e+05  4.97628e+00  4.97628e+00
1.915629188e+00  4.8058159e+00         -inf  1.00779e+05  4.80582e+00  4.80582e+00
1.923291704e+00  4.5519934e+00         -inf  1.00779e+05  4.55199e+00  4.55199e+00
1.930984871e+00  4.3379656e+00         -inf  1.00779e+05  4.33797e+00  4.33797e+00
1.938708811e+00  4.7640408e+00         -inf  1.00779e+05  4.76404e+00  4.76404e+00
1.946463646e+00  8.9264710e+00         -inf  1.00779e+05  8.92647e+00  8.92647e+00
1.954249500e+00  1.5565084e+01         -inf  1.00779e+05  1.55651e+01  1.55651e+01
1.962066498e+00  1.5173985e+01         -inf  1.00779e+05  1.51740e+01  1.51740e+01
1.969914764e+00  1.2895657e+01         -inf  1.00779e+05  1.28957e+01  1.28957e+01
1.977794423e+00  7.2480462e+00         -inf  1.00779e+05  7.24805e+00  7.24805e+00
1.985705601e+00  5.4800381e+00         -inf  1.00779e+05  5.48004e+00  5.48004e+00
1.993648424e+00  7.2103646e+00         -inf  1.00779e+05  7.21036e+00  7.21036e+00
2.001623017e+00  1.8088861e+01         -inf  1.00779e+05  1.80889e+01  1.80889e+01
2.009629509e+00  1.9012576e+01         -inf  1.00779e+05  1.90126e+01  1.90126e+01
2.017668027e+00  1.6960198e+01         -inf  1.00779e+05  1.69602e+01  1.69602e+01
2.025738699e+00  1.0582847e+01         -inf  1.00779e+05  1.05828e+01  1.05828e+01
2.033841654e+00  9.0386895e+00         -inf  1.00779e+05  9.03869e+00  9.03869e+00
2.041977021e+00  9.7258424e+00         -inf  1.00779e+05  9.72584e+00  9.72584e+00
2.050144929e+00  1.3087522e+01         -inf  1.00779e+05  1.30875e+01  1.30875e+01
2.058345509e+00  1.4310958e+01         -inf  1.00779e+05  1.43110e+01  1.43110e+01
2.066578891e+00  1.3724939e+01         -inf  1.00779e+05  1.37249e+01  1.37249e+01
2.074845206e+00  1.0407088e+01         -inf  1.00779e+05  1.04071e+01  1.04071e+01
2.083144587e+00  8.6601895e+00         -inf  1.00779e+05  8.66019e+00  8.66019e+00
2.091477165e+00  7.1836777e+00         -inf  1.00779e+05  7.18368e+00  7.18368e+00
2.099843074e+00  5.9977131e+00         -inf  1.00779e+05  5.99771e+00  5.99771e+00
2.108242446e+00  6.3284015e+00         -inf  1.00779e+05  6.32840e+00  6.32840e+00
2.116675416e+00  5.7833259e+00         -inf  1.00779e+05  5.78333e+00  5.78333e+00
2.125142118e+00  5.2301439e+00         -inf  1.00779e+05  5.23014e+00  5.23014e+00
2.133642686e+00  4.7802695e+00         -inf  1.00779e+05  4.78027e+00  4.78027e+00
2.142177257e+00  4.9554554e+00         -inf  1.00779e+05  4.95546e+00  4.95546e+00
2.150745966e+00  5.8183881e+00         -inf  1.00779e+05  5.81839e+00  5.81839e+00
2.159348950e+00  5.9274930e+00         -inf  1.00779e+05  5.92749e+00  5.92749e+00
2.167986346e+00  5.8116022e+00         -inf  1.00779e+05  5.81160e+00  5.81160e+00
2.176658291e+00  5.4708806e+00         -inf  1.00779e+05  5.47088e+00  5.47088e+00
2.185364924e+00  4.7985599e+00         -inf  1.00779e+05  4.79856e+00  4.79856e+00
2.194106384e+00  5.0349945e+00         -inf  1.00779e+05  5.03499e+00  5.03499e+00
2.202882810e+00  7.8272368e+00         -inf  1.00779e+05  7.82724e+00  7.82724e+00
2.211694341e+00  4.7665539e+00         -inf  1.00779e+05  4.76655e+00  4.76655e+00
2.220541118e+00  5.5208353e+00         -inf  1.00779e+05  5.52084e+00  5.52084e+00
2.229423283e+00  6.1223856e+00         -inf  1.00779e+05  6.12239e+00  6.12239e+00
2.238340976e+00  6.5480343e+00         -inf  1.00779e+05  6.54803e+00  6.54803e+00
2.247294340e+00  7.1196889e+00         -inf  1.00779e+05  7.11969e+00  7.11969e+00
2.256283517e+00  7.8353562e+00         -inf  1.00779e+05  7.83536e+00  7.83536e+00
2.265308651e+00  8.0564416e+00         -inf  1.00779e+05  8.05644e+00  8.05644e+00
2.274369886e+00  8.5383160e+00         -inf  1.00779e+05  8.53832e+00  8.53832e+00
2.283467365e+00  8.4261507e+00         -inf  1.00779e+05  8.42615e+00  8.42615e+00
2.292601235e+00  9.3248426e+00         -inf  1.00779e+05  9.32484e+00  9.32484e+00
2.301771640e+00  1.0466058e+01         -inf  1.00779e+05  1.04661e+01  1.04661e+01
2.310978726e+00  6.7863957e+00         -inf  1.00779e+05  6.78640e+00  6.78640e+00
2.320222641e+00  9.8326536e+00         -inf  1.00779e+05  9.83265e+00  9.83265e+00
2.329503532e+00  8.4137339e+00         -inf  1.00779e+05  8.41373e+00  8.41373e+00
2.338821546e+00  9.7103687e+00         -inf  1.00779e+05  9.71037e+00  9.71037e+00
2.348176832e+00  1.0367833e+01         -inf  1.00779e+05  1.03678e+01  1.03678e+01
2.357569539e+00  8.7276916e+00         -inf  1.00779e+05  8.72769e+00  8.72769e+00
2.366999817e+00  9.0138406e+00         -inf  1.00779e+05  9.01384e+00  9.01384e+00
2.376467817e+00  9.2915058e+00         -inf  1.00779e+05  9.29151e+00  9.29151e+00
2.385973688e+00  7.4315155e+00         -inf  1.00779e+05  7.43152e+00  7.43152e+00
2.395517583e+00  7.5212669e+00         -inf  1.00779e+05  7.52127e+00  7.52127e+00
2.405099653e+00  6.2697301e+00         -inf  1.00779e+05  6.26973e+00  6.26973e+00
2.414720052e+00  5.3941516e+00         -inf  1.00779e+05  5.39415e+00  5.39415e+00
2.424378932e+00  6.2849022e+00         -inf  1.00779e+05  6.28490e+00  6.28490e+00
2.434076448e+00  5.3018756e+00         -inf  1.00779e+05  5.30188e+00  5.30188e+00
2.443812753e+00  4.8930905e+00         -inf  1.00779e+05  4.89309e+00  4.89309e+00
2.453588004e+00  4.6839497e+00         -inf  1.00779e+05  4.68395e+00  4.68395e+00
2.463402356e+00  4.4446971e+00         -inf  1.00779e+05  4.44470e+00  4.44470e+00
2.473255966e+00  4.3174969e+00         -inf  1.00779e+05  4.31750e+00  4.31750e+00
2.483148990e+00  4.5949201e+00         -inf  1.00779e+05  4.59492e+00  4.59492e+00
2.493081586e+00  4.4732535e+00         -inf  1.00779e+05  4.47325e+00  4.47325e+00
2.503053912e+00  4.4337152e+00         -inf  1.00779e+05  4.43372e+00  4.43372e+00
2.513066128e+00  4.4791471e+00         -inf  1.00779e+05  4.47915e+00  4.47915e+00
2.523118392e+00  4.5612494e+00         -inf  1.00779e+05  4.56125e+00  4.56125e+00
2.533210866e+00  4.8048424e+00         -inf  1.00779e+05  4.80484e+00  4.80484e+00
2.543343709e+00  5.0040513e+00         -inf  1.00779e+05  5.00405e+00  5.00405e+00
2.553517084e+00  5.8750552e+00         -inf  1.00779e+05  5.87506e+00  5.87506e+00
2.563731152e+00  7.1115684e+00         -inf  1.00779e+05  7.11157e+00  7.11157e+00
2.573986077e+00  7.5443788e+00         -inf  1.00779e+05  7.54438e+00  7.54438e+00
2.584282021e+00  8.2183879e+00         -inf  1.00779e+05  8.21839e+00  8.21839e+00
2.594619149e+00  8.9719243e+00         -inf  1.00779e+05  8.97192e+00  8.97192e+00
2.604997626e+00  8.8667791e+00         -inf  1.00779e+05  8.86678e+00  8.86678e+00
2.615417616e+00  8.9653803e+00         -inf  1.00779e+05  8.96538e+00  8.96538e+00
2.625879287e+00  8.3410632e+00         -inf  1.00779e+05  8.34106e+00  8.34106e+00
2.636382804e+00  7.9562341e+00         -inf  1.00779e+05  7.95623e+00  7.95623e+00
2.646928335e+00  7.9246239e+00         -inf  1.00779e+05  7.92462e+00  7.92462e+00
2.657516049e+00  9.1843314e+00         -inf  1.00779e+05  9.18433e+00  9.18433e+00
2.668146113e+00  1.8806669e+01         -inf  1.00779e+05  1.88067e+01  1.88067e+01
2.678818697e+00  2.9518407e+01         -inf  1.00779e+05  2.95184e+01  2.95184e+01
2.689533972e+00  2.8996700e+01         -inf  1.00779e+05  2.89967e+01  2.89967e+01
2.700292108e+00  2.9690390e+01         -inf  1.00779e+05  2.96904e+01  2.96904e+01
2.711093276e+00  2.6047184e+01         -inf  1.00779e+05  2.60472e+01  2.60472e+01
2.721937650e+00  2.0167189e+01         -inf  1.00779e+05  2.01672e+01  2.01672e+01
2.732825400e+00  1.8491880e+01         -inf  1.00779e+05  1.84919e+01  1.84919e+01
2.743756702e+00  2.2413237e+01         -inf  1.00779e+05  2.24132e+01  2.24132e+01
2.754731729e+00  2.8281069e+01         -inf  1.00779e+05  2.82811e+01  2.82811e+01
2.765750655e+00  2.7598692e+01         -inf  1.00779e+05  2.75987e+01  2.75987e+01
2.776813658e+00  2.8866487e+01         -inf  1.00779e+05  2.88665e+01  2.88665e+01
2.787920913e+00  2.6205323e+01         -inf  1.00779e+05  2.62053e+01  2.62053e+01
2.799072596e+00  2.2217763e+01         -inf  1.00779e+05  2.22178e+01  2.22178e+01
2.810268887e+00  1.9904199e+01         -inf  1.00779e+05  1.99042e+01  1.99042e+01
2.821509962e+00  1.7766351e+01         -inf  1.00779e+05  1.77664e+01  1.77664e+01
2.832796002e+00  1.4690089e+01         -inf  1.00779e+05  1.46901e+01  1.46901e+01
2.844127186e+00  1.5187322e+01         -inf  1.00779e+05  1.51873e+01  1.51873e+01
2.855503695e+00  1.3568348e+01         -inf  1.00779e+05  1.35683e+01  1.35684e+01
2.866925710e+00  1.4004255e+01         -inf  1.00779e+05  1.40043e+01  1.40043e+01
2.878393413e+00  1.2136799e+01         -inf  1.00779e+05  1.21368e+01  1.21368e+01
2.889906986e+00  1.1192748e+01         -inf  1.00779e+05  1.11927e+01  1.11928e+01
2.901466614e+00  8.0531927e+00         -inf  1.00779e+05  8.05319e+00  8.05320e+00
2.913072481e+00  5.4756025e+00         -inf  1.00779e+05  5.47560e+00  5.47561e+00
2.924724770e+00  4.6420204e+00         -inf  1.00779e+05  4.64202e+00  4.64202e+00
2.936423670e+00  4.1713351e+00         -inf  1.00779e+05  4.17134e+00  4.17134e+00
2.948169364e+00  4.7053429e+00         -inf  1.00779e+05  4.70534e+00  4.70535e+00
2.959962042e+00  6.5833007e+00         -inf  1.00779e+05  6.58330e+00  6.58330e+00
2.971801890e+00  6.3690828e+00         -inf  1.00779e+05  6.36908e+00  6.36909e+00
2.983689097e+00  7.1234522e+00         -inf  1.00779e+05  7.12345e+00  7.12346e+00
2.995623854e+00  5.4139660e+00         -inf  1.00779e+05  5.41397e+00  5.41397e+00
3.007606349e+00  4.9813763e+00         -inf  1.00779e+05  4.98138e+00  4.98138e+00
3.019636775e+00  4.8469479e+00         -inf  1.00779e+05  4.84695e+00  4.84695e+00
3.031715322e+00  4.1659517e+00         -inf  1.00779e+05  4.16595e+00  4.16596e+00
3.043842183e+00  4.0200105e+00         -inf  1.00779e+05  4.02001e+00  4.02002e+00
3.056017552e+00  4.0098149e+00         -inf  1.00779e+05  4.00981e+00  4.00982e+00
3.068241622e+00  3.9933979e+00         -inf  1.00779e+05  3.99340e+00  3.99341e+00
3.080514588e+00  3.9883971e+00         -inf  1.00779e+05  3.98840e+00  3.98841e+00
3.092836647e+00  4.0046360e+00         -inf  1.00779e+05  4.00464e+00  4.00464e+00
3.105207993e+00  4.0847966e+00         -inf  1.00779e+05  4.08480e+00  4.08481e+00
3.117628825e+00  4.3857505e+00         -inf  1.00779e+05  4.38575e+00  4.38576e+00
3.130099341e+00  4.6894513e+00         -inf  1.00779e+05  4.68945e+00  4.68946e+00
3.142619738e+00  4.4454726e+00         -inf  1.00779e+05  4.44547e+00  4.44548e+00
3.155190217e+00  5.4794756e+00         -inf  1.00779e+05  5.47948e+00  5.47949e+00
3.167810978e+00  5.4627079e+00         -inf  1.00779e+05  5.46271e+00  5.46272e+00
3.180482222e+00  7.3627431e+00         -inf  1.00779e+05  7.36274e+00  7.36276e+00
3.193204151e+00  7.6442900e+00         -inf  1.00779e+05  7.64429e+00  7.64431e+00
3.205976967e+00  8.7331087e+00         -inf  1.00779e+05  8.73311e+00  8.73313e+00
3.218800875e+00  1.0220955e+01         -inf  1.00779e+05  1.02210e+01  1.02210e+01
3.231676079e+00  9.7810795e+00         -inf  1.00779e+05  9.78108e+00  9.78111e+00
3.244602783e+00  1.1576106e+01         -inf  1.00779e+05  1.15761e+01  1.15761e+01
3.257581194e+00  1.2234262e+01         -inf  1.00779e+05  1.22343e+01  1.22343e+01
3.270611519e+00  1.0926276e+01         -inf  1.00779e+05  1.09263e+01  1.09263e+01
3.283693965e+00  8.1773304e+00         -inf  1.00779e+05  8.17733e+00  8.17736e+00
3.296828741e+00  9.3019059e+00         -inf  1.00779e+05  9.30191e+00  9.30194e+00
3.310016056e+00  1.8197795e+01         -inf  1.00779e+05  1.81978e+01  1.81978e+01
3.323256120e+00  1.5823688e+01         -inf  1.00779e+05  1.58237e+01  1.58237e+01
3.336549144e+00  7.7061746e+00         -inf  1.00779e+05  7.70617e+00  7.70621e+00
3.349895341e+00  8.7232874e+00         -inf  1.00779e+05  8.72329e+00  8.72333e+00
3.363294922e+00  1.1072298e+01         -inf  1.00779e+05  1.10723e+01  1.10723e+01
3.376748102e+00  1.1153182e+01         -inf  1.00779e+05  1.11532e+01  1.11532e+01
3.390255094e+00  1.1129663e+01         -inf  1.00779e+05  1.11297e+01  1.11297e+01
3.403816115e+00  1.0448135e+01         -inf  1.00779e+05  1.04481e+01  1.04482e+01
3.417431379e+00  8.6350445e+00         -inf  1.00779e+05  8.63504e+00  8.63511e+00
3.431101105e+00  8.9908675e+00         -inf  1.00779e+05  8.99087e+00  8.99094e+00
3.444825509e+00  8.8018225e+00         -inf  1.00779e+05  8.80182e+00  8.80190e+00
3.458604811e+00  7.9477097e+00         -inf  1.00779e+05  7.94771e+00  7.94779e+00
3.472439231e+00  8.8919871e+00         -inf  1.00779e+05  8.89199e+00  8.89207e+00
3.486328987e+00  8.5330308e+00         -inf  1.00779e+05  8.53303e+00  8.53312e+00
3.500274303e+00  7.3689457e+00         -inf  1.00779e+05  7.36895e+00  7.36903e+00
3.514275401e+00  5.8232267e+00         -inf  1.00779e+05  5.82323e+00  5.82332e+00
3.528332502e+00  6.8282636e+00         -inf  1.00779e+05  6.82826e+00  6.82836e+00
3.542445832e+00  9.6083030e+00         -inf  1.00779e+05  9.60830e+00  9.60842e+00
3.556615616e+00  7.3510258e+00         -inf  1.00779e+05  7.35103e+00  7.35114e+00
3.570842078e+00  9.0084969e+00         -inf  1.00779e+05  9.00850e+00  9.00862e+00
3.585125446e+00  8.5076113e+00         -inf  1.00779e+05  8.50761e+00  8.50774e+00
3.599465948e+00  6.9062652e+00         -inf  1.00779e+05  6.90627e+00  6.90640e+00
3.613863812e+00  6.6540015e+00         -inf  1.00779e+05  6.65400e+00  6.65415e+00
3.628319267e+00  6.1700156e+00         -inf  1.00779e+05  6.17002e+00  6.17017e+00
3.642832544e+00  6.4833177e+00         -inf  1.00779e+05  6.48332e+00  6.48348e+00
3.657403874e+00  4.9531109e+00         -inf  1.00779e+05  4.95311e+00  4.95328e+00
3.672033490e+00  5.3669476e+00         -inf  1.00779e+05  5.36695e+00  5.36713e+00
3.686721624e+00  5.5155098e+00         -inf  1.00779e+05  5.51551e+00  5.51570e+00
3.701468510e+00  4.9457133e+00         -inf  1.00779e+05  4.94571e+00  4.94592e+00
3.716274384e+00  5.4185391e+00         -inf  1.00779e+05  5.41854e+00  5.41876e+00
3.731139482e+00  5.8423608e+00         -inf  1.00779e+05  5.84236e+00  5.84259e+00
3.746064040e+00  5.4850911e+00         -inf  1.00779e+05  5.48509e+00  5.48534e+00
3.761048296e+00  5.2398984e+00         -inf  1.00779e+05  5.23990e+00  5.24016e+00
3.776092489e+00  5.4877392e+00         -inf  1.00779e+05  5.48774e+00  5.48802e+00
3.791196859e+00  6.1412648e+00         -inf  1.00779e+05  6.14126e+00  6.14157e+00
3.806361647e+00  6.4306742e+00         -inf  1.00779e+05  6.43067e+00  6.43100e+00
3.821587093e+00  6.1513985e+00         -inf  1.00779e+05  6.15140e+00  6.15174e+00
3.836873442e+00  7.0171436e+00         -inf  1.00779e+05  7.01714e+00  7.01751e+00
3.852220935e+00  8.1259271e+00         -inf  1.00779e+05  8.12593e+00  8.12634e+00
3.867629819e+00  1.1026674e+01         -inf  1.00779e+05  1.10267e+01  1.10272e+01
3.883100338e+00  1.3136258e+01         -inf  1.00779e+05  1.31363e+01  1.31368e+01
3.898632740e+00  1.1613059e+01         -inf  1.00779e+05  1.16131e+01  1.16136e+01
3.914227271e+00  1.2509784e+01         -inf  1.00779e+05  1.25098e+01  1.25104e+01
3.929884180e+00  1.1807683e+01         -inf  1.00779e+05  1.18077e+01  1.18083e+01
3.945603716e+00  1.0590487e+01         -inf  1.00779e+05  1.05905e+01  1.05912e+01
3.961386131e+00  9.9674176e+00         -inf  1.00779e+05  9.96742e+00  9.96811e+00
3.977231676e+00  1.0413055e+01         -inf  1.00779e+05  1.04131e+01  1.04138e+01
3.993140603e+00  1.0753267e+01         -inf  1.00779e+05  1.07533e+01  1.07541e+01
4.009113165e+00  1.1631514e+01         -inf  1.00779e+05  1.16315e+01  1.16324e+01
4.025149618e+00  1.2725798e+01         -inf  1.00779e+05  1.27258e+01  1.27269e+01
4.041250216e+00  1.3820682e+01         -inf  1.00779e+05  1.38207e+01  1.38219e+01
4.057415217e+00  1.3997996e+01         -inf  1.00779e+05  1.39980e+01  1.39993e+01
4.073644878e+00  1.4677051e+01         -inf  1.00779e+05  1.46771e+01  1.46785e+01
4.089939457e+00  1.5049202e+01         -inf  1.00779e+05  1.50492e+01  1.50508e+01
4.106299215e+00  1.5084127e+01         -inf  1.00779e+05  1.50841e+01  1.50859e+01
4.122724412e+00  1.5224454e+01         -inf  1.00779e+05  1.52245e+01  1.52264e+01
4.139215310e+00  1.5441729e+01         -inf  1.00779e+05  1.54417e+01  1.54438e+01
4.155772171e+00  1.5647575e+01         -inf  1.00779e+05  1.56476e+01  1.56498e+01
4.172395260e+00  1.7001075e+01         -inf  1.00779e+05  1.70011e+01  1.70036e+01
4.189084841e+00  2.2272098e+01         -inf  1.00779e+05  2.22721e+01  2.22731e+01
4.205841180e+00  3.1485289e+01         -inf  1.00779e+05  3.14853e+01  3.14854e+01
4.222664545e+00  3.9338506e+01         -inf  1.00779e+05  3.93385e+01  3.93386e+01
4.239555203e+00  4.2543398e+01         -inf  1.00779e+05  4.25434e+01  4.25435e+01
4.256513424e+00  4.0663500e+01         -inf  1.00779e+05  4.06635e+01  4.06636e+01
4.273539477e+00  4.2353528e+01         -inf  1.00779e+05  4.23535e+01  4.23537e+01
4.290633635e+00  4.1048304e+01         -inf  1.00779e+05  4.10483e+01  4.10484e+01
4.307796170e+00  3.8345530e+01         -inf  1.00779e+05  3.83455e+01  3.83457e+01
4.325027355e+00  3.4981259e+01         -inf  1.00779e+05  3.49813e+01  3.49814e+01
4.342327464e+00  3.2483731e+01         -inf  1.00779e+05  3.24837e+01  3.24839e+01
4.359696774e+00  3.1300875e+01         -inf  1.00779e+05  3.13009e+01  3.13010e+01
4.377135561e+00  2.9006692e+01         -inf  1.00779e+05  2.90067e+01  2.90071e+01
4.394644103e+00  2.9008880e+01         -inf  1.00779e+05  2.90089e+01  2.90092e+01
4.412222680e+00  2.8195544e+01         -inf  1.00779e+05  2.81955e+01  2.81960e+01
4.429871570e+00  2.6042298e+01         -inf  1.00779e+05  2.60423e+01  2.60434e+01
4.447591057e+00  2.2776523e+01         -inf  1.00779e+05  2.27765e+01  2.27793e+01
4.465381421e+00  2.2756965e+01         -inf  1.00779e+05  2.27570e+01  2.27599e+01
4.483242946e+00  2.2964950e+01         -inf  1.00779e+05  2.29650e+01  2.29681e+01
4.501175918e+00  2.0949856e+01         -inf  1.00779e+05  2.09499e+01  2.09544e+01
4.519180622e+00  2.2477564e+01         -inf  1.00779e+05  2.24776e+01  2.24815e+01
4.537257344e+00  2.1169174e+01         -inf  1.00779e+05  2.11692e+01  2.11741e+01
4.555406374e+00  1.9166553e+01         -inf  1.00779e+05  1.91666e+01  1.91726e+01
4.573627999e+00  1.6864993e+01         -inf  1.00779e+05  1.68650e+01  1.68715e+01
4.591922511e+00  1.3561781e+01         -inf  1.00779e+05  1.35618e+01  1.35679e+01
4.610290201e+00  1.1670245e+01         -inf  1.00779e+05  1.16702e+01  1.16758e+01
4.628731362e+00  1.0109781e+01         -inf  1.00779e+05  1.01098e+01  1.01151e+01
4.647246288e+00  8.8069658e+00         -inf  1.00779e+05  8.80697e+00  8.81231e+00
4.665835273e+00  7.6642523e+00         -inf  1.00779e+05  7.66425e+00  7.66969e+00
4.684498614e+00  7.5761258e+00         -inf  1.00779e+05  7.57613e+00  7.58174e+00
4.703236608e+00  1.3145636e+01         -inf  1.00779e+05  1.31456e+01  1.31517e+01
4.722049555e+00  1.4012328e+01         -inf  1.00779e+05  1.40123e+01  1.40185e+01
4.740937753e+00  1.2501360e+01         -inf  1.00779e+05  1.25014e+01  1.25079e+01
4.759901504e+00  1.2427997e+01         -inf  1.00779e+05  1.24280e+01  1.24348e+01
4.778941110e+00  1.2815599e+01         -inf  1.00779e+05  1.28156e+01  1.28233e+01
4.798056874e+00  1.2949004e+01         -inf  1.00779e+05  1.29490e+01  1.29574e+01
4.817249102e+00  1.6918634e+01         -inf  1.00779e+05  1.69186e+01  1.69279e+01
4.836518098e+00  1.4287190e+01         -inf  1.00779e+05  1.42872e+01  1.42974e+01
4.855864171e+00  1.4207377e+01         -inf  1.00779e+05  1.42074e+01  1.42184e+01
4.875287627e+00  1.2071673e+01         -inf  1.00779e+05  1.20717e+01  1.20827e+01
4.894788778e+00  9.4728200e+00         -inf  1.00779e+05  9.47282e+00  9.48339e+00
4.914367933e+00  8.7164741e+00         -inf  1.00779e+05  8.71647e+00  8.72675e+00
4.934025405e+00  6.7292124e+00         -inf  1.00779e+05  6.72921e+00  6.73939e+00
4.953761506e+00  6.6189246e+00         -inf  1.00779e+05  6.61892e+00  6.62958e+00
4.973576552e+00  5.7033256e+00         -inf  1.00779e+05  5.70333e+00  5.71435e+00
4.993470859e+00  5.0853565e+00         -inf  1.00779e+05  5.08536e+00  5.09680e+00
5.013444742e+00  4.0811543e+00         -inf  1.00779e+05  4.08115e+00  4.09304e+00
5.033498521e+00  4.0376497e+00         -inf  1.00779e+05  4.03765e+00  4.05008e+00
5.053632515e+00  4.1073878e+00         -inf  1.00779e+05  4.10739e+00  4.12041e+00
5.073847045e+00  4.4493453e+00         -inf  1.00779e+05  4.44935e+00  4.46303e+00
5.094142433e+00  4.9758215e+00         -inf  1.00779e+05  4.97582e+00  4.99025e+00
5.114519003e+00  5.0605608e+00         -inf  1.00779e+05  5.06056e+00  5.07564e+00
5.134977079e+00  4.5098118e+00         -inf  1.00779e+05  4.50981e+00  4.52544e+00
5.155516987e+00  5.4076469e+00         -inf  1.00779e+05  5.40765e+00  5.42414e+00
5.176139055e+00  1.0565413e+01         -inf  1.00779e+05  1.05654e+01  1.05845e+01
5.196843612e+00  8.0588719e+00         -inf  1.00779e+05  8.05887e+00  8.07794e+00
5.217630986e+00  9.3625506e+00         -inf  1.00779e+05  9.36255e+00  9.38338e+00
5.238501510e+00  8.3073725e+00         -inf  1.00779e+05  8.30737e+00  8.32881e+00
5.259455516e+00  7.1674097e+00         -inf  1.00779e+05  7.16741e+00  7.18899e+00
5.280493338e+00  5.9456758e+00         -inf  1.00779e+05  5.94568e+00  5.96742e+00
5.301615311e+00  5.4771125e+00         -inf  1.00779e+05  5.47711e+00  5.49950e+00
5.322821773e+00  6.2644211e+00         -inf  1.00779e+05  6.26442e+00  6.28802e+00
5.344113060e+00  5.3837209e+00         -inf  1.00779e+05  5.38372e+00  5.40808e+00
5.365489512e+00  5.4114477e+00         -inf  1.00779e+05  5.41145e+00  5.43690e+00
5.386951470e+00  5.2889083e+00         -inf  1.00779e+05  5.28891e+00  5.31547e+00
5.408499276e+00  5.5080736e+00         -inf  1.00779e+05  5.50807e+00  5.53593e+00
5.430133273e+00  5.5930048e+00         -inf  1.00779e+05  5.59300e+00  5.62211e+00
5.451853806e+00  5.7106812e+00         -inf  1.00779e+05  5.71068e+00  5.74110e+00
5.473661221e+00  5.8540230e+00         -inf  1.00779e+05  5.85402e+00  5.88581e+00
5.495555866e+00  6.0655995e+00         -inf  1.00779e+05  6.06560e+00  6.09887e+00
5.517538090e+00  6.2578723e+00         -inf  1.00779e+05  6.25787e+00  6.29267e+00
5.539608242e+00  6.3975794e+00         -inf  1.00779e+05  6.39758e+00  6.43400e+00
5.561766675e+00  6.5000147e+00         -inf  1.00779e+05  6.50001e+00  6.53814e+00
5.584013742e+00  6.7319587e+00         -inf  1.00779e+05  6.73196e+00  6.77189e+00
5.606349797e+00  6.9539334e+00         -inf  1.00779e+05  6.95393e+00  6.99577e+00
5.628775196e+00  7.1514701e+00         -inf  1.00779e+05  7.15147e+00  7.19535e+00
5.651290297e+00  7.3535957e+00         -inf  1.00779e+05  7.35360e+00  7.39964e+00
5.673895458e+00  7.5876564e+00         -inf  1.00779e+05  7.58766e+00  7.63603e+00
5.696591040e+00  7.8115241e+00         -inf  1.00779e+05  7.81152e+00  7.86235e+00
5.719377404e+00  8.2298175e+00         -inf  1.00779e+05  8.22982e+00  8.28326e+00
5.742254913e+00  8.9272065e+00         -inf  1.00779e+05  8.92721e+00  8.98342e+00
5.765223933e+00  9.2498357e+00         -inf  1.00779e+05  9.24984e+00  9.30910e+00
5.788284829e+00  9.1707389e+00         -inf  1.00779e+05  9.17074e+00  9.23332e+00
5.811437968e+00  9.4835709e+00         -inf  1.00779e+05  9.48357e+00  9.54971e+00
5.834683720e+00  9.8949430e+00         -inf  1.00779e+05  9.89494e+00  9.96484e+00
5.858022455e+00  1.0023568e+01         -inf  1.00779e+05  1.00236e+01  1.00975e+01
5.881454545e+00  1.0148019e+01         -inf  1.00779e+05  1.01480e+01  1.02262e+01
5.904980363e+00  1.0367669e+01         -inf  1.00779e+05  1.03677e+01  1.04505e+01
5.928600284e+00  1.0680017e+01         -inf  1.00779e+05  1.06800e+01  1.07678e+01
5.952314685e+00  1.1076730e+01         -inf  1.00779e+05  1.10767e+01  1.11699e+01
5.976123944e+00  1.1461998e+01         -inf  1.00779e+05  1.14620e+01  1.15606e+01
6.000028440e+00  1.1926525e+01         -inf  1.00779e+05  1.19265e+01  1.20309e+01
6.024028554e+00  1.2358424e+01         -inf  1.00779e+05  1.23584e+01  1.24689e+01
6.048124668e+00  1.2796525e+01         -inf  1.00779e+05  1.27965e+01  1.29130e+01
6.072317167e+00  1.3216272e+01         -inf  1.00779e+05  1.32163e+01  1.33389e+01
6.096606435e+00  1.3604826e+01         -inf  1.00779e+05  1.36048e+01  1.37337e+01
6.120992861e+00  1.3967276e+01         -inf  1.00779e+05  1.39673e+01  1.41022e+01
6.145476832e+00  1.4242752e+01         -inf  1.00779e+05  1.42428e+01  1.43836e+01
6.170058740e+00  1.4495928e+01         -inf  1.00779e+05  1.44959e+01  1.46426e+01
6.194738975e+00  1.4666822e+01         -inf  1.00779e+05  1.46668e+01  1.48191e+01
6.219517931e+00  1.4809231e+01         -inf  1.00779e+05  1.48092e+01  1.49673e+01
6.244396002e+00  1.4861613e+01         -inf  1.00779e+05  1.48616e+01  1.50253e+01
6.269373586e+00  1.4845828e+01         -inf  1.00779e+05  1.48458e+01  1.50155e+01
6.294451081e+00  1.4941604e+01         -inf  1.00779e+05  1.49416e+01  1.51175e+01
6.319628885e+00  1.4903087e+01         -inf  1.00779e+05  1.49031e+01  1.50859e+01
6.344907401e+00  1.5075878e+01         -inf  1.00779e+05  1.50759e+01  1.52663e+01
6.370287030e+00  1.5238054e+01         -inf  1.00779e+05  1.52381e+01  1.54371e+01
6.395768178e+00  1.5533186e+01         -inf  1.00779e+05  1.55332e+01  1.57407e+01
6.421351251e+00  1.5758215e+01         -inf  1.00779e+05  1.57582e+01  1.59736e+01
6.447036656e+00  1.5705415e+01         -inf  1.00779e+05  1.57054e+01  1.59281e+01
6.472824803e+00  1.5476400e+01         -inf  1.00779e+05  1.54764e+01  1.57053e+01
6.498716102e+00  1.5532198e+01         -inf  1.00779e+05  1.55322e+01  1.57658e+01
6.524710966e+00  1.4700352e+01         -inf  1.00779e+05  1.47004e+01  1.49383e+01
6.550809810e+00  1.4169044e+01         -inf  1.00779e+05  1.41690e+01  1.44116e+01
6.577013049e+00  1.3946103e+01         -inf  1.00779e+05  1.39461e+01  1.41938e+01
6.603321102e+00  1.3745198e+01         -inf  1.00779e+05  1.37452e+01  1.39983e+01
6.629734386e+00  1.3532636e+01         -inf  1.00779e+05  1.35326e+01  1.37914e+01
6.656253324e+00  1.3371362e+01         -inf  1.00779e+05  1.33714e+01  1.36358e+01
6.682878337e+00  1.3066624e+01         -inf  1.00779e+05  1.30666e+01  1.33364e+01
6.709609850e+00  1.2793426e+01         -inf  1.00779e+05  1.27934e+01  1.30683e+01
6.736448290e+00  1.2551365e+01         -inf  1.00779e+05  1.25514e+01  1.28310e+01
6.763394083e+00  1.2086749e+01         -inf  1.00779e+05  1.20867e+01  1.23707e+01
6.790447659e+00  1.2058322e+01         -inf  1.00779e+05  1.20583e+01  1.23467e+01
6.817609450e+00  1.1434257e+01         -inf  1.00779e+05  1.14343e+01  1.17262e+01
6.844879888e+00  1.1030211e+01         -inf  1.00779e+05  1.10302e+01  1.13257e+01
6.872259407e+00  1.0616725e+01         -inf  1.00779e+05  1.06167e+01  1.09161e+01
6.899748445e+00  1.0332093e+01         -inf  1.00779e+05  1.03321e+01  1.06362e+01
6.927347438e+00  9.7151796e+00         -inf  1.00779e+05  9.71518e+00  1.00225e+01
6.955056828e+00  9.1517987e+00         -inf  1.00779e+05  9.15180e+00  9.46261e+00
6.982877056e+00  8.8962032e+00         -inf  1.00779e+05  8.89620e+00  9.21263e+00
7.010808564e+00  8.4852496e+00         -inf  1.00779e+05  8.48525e+00  8.80686e+00
7.038851798e+00  7.9340152e+00         -inf  1.00779e+05  7.93402e+00  8.26047e+00
7.067007205e+00  7.6106238e+00         -inf  1.00779e+05  7.61062e+00  7.94353e+00
7.095275234e+00  7.3319071e+00         -inf  1.00779e+05  7.33191e+00  7.67182e+00
7.123656335e+00  6.9563026e+00         -inf  1.00779e+05  6.95630e+00  7.30361e+00
7.152150960e+00  6.8081030e+00         -inf  1.00779e+05  6.80810e+00  7.16387e+00
7.180759564e+00  6.6240045e+00         -inf  1.00779e+05  6.62400e+00  6.98924e+00
7.209482602e+00  6.9220935e+00         -inf  1.00779e+05  6.92209e+00  7.29892e+00
7.238320533e+00  7.5203543e+00         -inf  1.00779e+05  7.52035e+00  7.91389e+00
7.267273815e+00  8.4991339e+00         -inf  1.00779e+05  8.49913e+00  8.91206e+00
7.296342910e+00  8.4716714e+00         -inf  1.00779e+05  8.47167e+00  8.90091e+00
7.325528282e+00  9.7178500e+00         -inf  1.00779e+05  9.71785e+00  1.01790e+01
7.354830395e+00  1.1411402e+01         -inf  1.00779e+05  1.14114e+01  1.19025e+01
7.384249717e+00  1.2633174e+01         -inf  1.00779e+05  1.26332e+01  1.31367e+01
7.413786715e+00  1.1912567e+01         -inf  1.00779e+05  1.19126e+01  1.24137e+01
7.443441862e+00  1.3283192e+01         -inf  1.00779e+05  1.32832e+01  1.37885e+01
7.473215630e+00  1.2805296e+01         -inf  1.00779e+05  1.28053e+01  1.33252e+01
7.503108492e+00  1.3427035e+01         -inf  1.00779e+05  1.34270e+01  1.39442e+01
7.533120926e+00  1.2646602e+01         -inf  1.00779e+05  1.26466e+01  1.31821e+01
7.563253410e+00  1.1018281e+01         -inf  1.00779e+05  1.10183e+01  1.15852e+01
7.593506424e+00  1.1105723e+01         -inf  1.00779e+05  1.11057e+01  1.17147e+01
7.623880449e+00  1.3123012e+01         -inf  1.00779e+05  1.31230e+01  1.37874e+01
7.654375971e+00  1.8695788e+01         -inf  1.00779e+05  1.86958e+01  1.92684e+01
7.684993475e+00  1.9616420e+01         -inf  1.00779e+05  1.96164e+01  2.02554e+01
7.715733449e+00  1.8471809e+01         -inf  1.00779e+05  1.84718e+01  1.91720e+01
7.746596383e+00  1.7127578e+01         -inf  1.00779e+05  1.71276e+01  1.78540e+01
7.777582768e+00  1.5171973e+01         -inf  1.00779e+05  1.51720e+01  1.59022e+01
7.808693099e+00  1.6503185e+01         -inf  1.00779e+05  1.65032e+01  1.72751e+01
7.839927872e+00  1.7323026e+01         -inf  1.00779e+05  1.73230e+01  1.81262e+01
7.871287583e+00  1.7111968e+01         -inf  1.00779e+05  1.71120e+01  1.79240e+01
7.902772733e+00  1.5716680e+01         -inf  1.00779e+05  1.57167e+01  1.65628e+01
7.934383824e+00  1.4532405e+01         -inf  1.00779e+05  1.45324e+01  1.53943e+01
7.966121360e+00  1.2428686e+01         -inf  1.00779e+05  1.24287e+01  1.32972e+01
7.997985845e+00  1.0565122e+01         -inf  1.00779e+05  1.05651e+01  1.14280e+01
8.029977788e+00  1.0424833e+01         -inf  1.00779e+05  1.04248e+01  1.13164e+01
8.062097700e+00  8.7983256e+00         -inf  1.00779e+05  8.79833e+00  9.68340e+00
8.094346090e+00  7.6427341e+00         -inf  1.00779e+05  7.64273e+00  8.53534e+00
8.126723475e+00  6.4370490e+00         -inf  1.00779e+05  6.43705e+00  7.32952e+00
8.159230369e+00  5.6393021e+00         -inf  1.00779e+05  5.63930e+00  6.54127e+00
8.191867290e+00  6.2093952e+00         -inf  1.00779e+05  6.20940e+00  7.14505e+00
8.224634759e+00  4.7803315e+00         -inf  1.00779e+05  4.78033e+00  5.71781e+00
8.257533298e+00  4.8036045e+00         -inf  1.00779e+05  4.80360e+00  5.76668e+00
8.290563432e+00  3.9145107e+00         -inf  1.00779e+05  3.91451e+00  4.88880e+00
8.323725685e+00  4.7269585e+00         -inf  1.00779e+05  4.72696e+00  5.73501e+00
8.357020588e+00  5.0282591e+00         -inf  1.00779e+05  5.02826e+00  6.06376e+00
8.390448670e+00  6.1292526e+00         -inf  1.00779e+05  6.12925e+00  7.20530e+00
8.424010465e+00  6.6961504e+00         -inf  1.00779e+05  6.69615e+00  7.80440e+00
8.457706507e+00  7.8200904e+00         -inf  1.00779e+05  7.82009e+00  8.96777e+00
8.491537333e+00  7.6473260e+00         -inf  1.00779e+05  7.64733e+00  8.81994e+00
8.525503482e+00  7.4531484e+00         -inf  1.00779e+05  7.45315e+00  8.64591e+00
8.559605496e+00  5.5067391e+00         -inf  1.00779e+05  5.50674e+00  6.70848e+00
8.593843918e+00  7.1480728e+00         -inf  1.00779e+05  7.14807e+00  8.39543e+00
8.628219294e+00  7.7447103e+00         -inf  1.00779e+05  7.74471e+00  9.03701e+00
8.662732171e+00  7.7632636e+00         -inf  1.00779e+05  7.76326e+00  9.09148e+00
8.697383100e+00  7.4412256e+00         -inf  1.00779e+05  7.44123e+00  8.79830e+00
8.732172632e+00  6.4757656e+00         -inf  1.00779e+05  6.47577e+00  7.85229e+00
8.767101323e+00  5.4414800e+00         -inf  1.00779e+05  5.44148e+00  6.83656e+00
8.802169728e+00  4.8244025e+00         -inf  1.00779e+05  4.82440e+00  6.24253e+00
8.837378407e+00  4.4155272e+00         -inf  1.00779e+05  4.41553e+00  5.86119e+00
8.872727920e+00  4.0579448e+00         -inf  1.00779e+05  4.05794e+00  5.53543e+00
8.908218832e+00  3.9857615e+00         -inf  1.00779e+05  3.98576e+00  5.49785e+00
8.943851707e+00  3.9204176e+00         -inf  1.00779e+05  3.92042e+00  5.46834e+00
8.979627114e+00  3.6348472e+00         -inf  1.00779e+05  3.63485e+00  5.22055e+00
9.015545623e+00  3.2985164e+00         -inf  1.00779e+05  3.29852e+00  4.92316e+00
9.051607805e+00  3.3527359e+00         -inf  1.00779e+05  3.35274e+00  5.01636e+00
9.087814236e+00  3.4011993e+00         -inf  1.00779e+05  3.40120e+00  5.10428e+00
9.124165493e+00  3.5294147e+00         -inf  1.00779e+05  3.52941e+00  5.27448e+00
9.160662155e+00  3.9264169e+00         -inf  1.00779e+05  3.92642e+00  5.71961e+00
9.197304804e+00  4.6468044e+00         -inf  1.00779e+05  4.64680e+00  6.49851e+00
9.234094023e+00  4.8096395e+00         -inf  1.00779e+05  4.80964e+00  6.73004e+00
9.271030399e+00  5.0209090e+00         -inf  1.00779e+05  5.02091e+00  7.00489e+00
9.308114521e+00  5.1252232e+00         -inf  1.00779e+05  5.12522e+00  7.15192e+00
9.345346979e+00  5.1216552e+00         -inf  1.00779e+05  5.12166e+00  7.18063e+00
9.382728367e+00  8.6921966e+00         -inf  1.00779e+05  8.69220e+00  1.07399e+01
9.420259280e+00  1.6794223e+01         -inf  1.00779e+05  1.67942e+01  1.88008e+01
9.457940318e+00  2.0887616e+01         -inf  1.00779e+05  2.08876e+01  2.28583e+01
9.495772079e+00  2.3623498e+01         -inf  1.00779e+05  2.36235e+01  2.55870e+01
9.533755167e+00  2.1491427e+01         -inf  1.00779e+05  2.14914e+01  2.35356e+01
9.571890188e+00  1.2824990e+01         -inf  1.00779e+05  1.28250e+01  1.50555e+01
9.610177749e+00  2.1767639e+01         -inf  1.00779e+05  2.17676e+01  2.39098e+01
9.648618460e+00  2.1948845e+01         -inf  1.00779e+05  2.19488e+01  2.41630e+01
9.687212933e+00  1.8817098e+01         -inf  1.00779e+05  1.88171e+01  2.10922e+01
9.725961785e+00  1.7694266e+01         -inf  1.00779e+05  1.76943e+01  2.00155e+01
9.764865632e+00  1.7571843e+01         -inf  1.00779e+05  1.75718e+01  1.99552e+01
9.803925095e+00  1.5923218e+01         -inf  1.00779e+05  1.59232e+01  1.83947e+01
9.843140795e+00  1.3953553e+01         -inf  1.00779e+05  1.39536e+01  1.65081e+01
9.882513358e+00  1.1097958e+01         -inf  1.00779e+05  1.10980e+01  1.37504e+01
9.922043412e+00  8.7212313e+00         -inf  1.00779e+05  8.72123e+00  1.14553e+01
9.961731585e+00  6.6663841e+00         -inf  1.00779e+05  6.66638e+00  9.47808e+00
1.000157851e+01  4.8131987e+00         -inf  1.00779e+05  4.81320e+00  7.69810e+00
1.004158483e+01  3.1824563e+00         -inf  1.00779e+05  3.18246e+00  6.13705e+00
1.008175117e+01  2.4702791e+00         -inf  1.00779e+05  2.47028e+00  5.49245e+00
1.012207817e+01  1.8827861e+00         -inf  1.00779e+05  1.88279e+00  4.97651e+00
1.016256648e+01  1.8089193e+00         -inf  1.00779e+05  1.80892e+00  4.98323e+00
1.020321675e+01  1.9314488e+00         -inf  1.00779e+05  1.93145e+00  5.19486e+00
1.024402962e+01  2.0204026e+00         -inf  1.00779e+05  2.02040e+00  5.36783e+00
1.028500573e+01  2.0976762e+00         -inf  1.00779e+05  2.09768e+00  5.52616e+00
1.032614576e+01  2.0578165e+00         -inf  1.00779e+05  2.05782e+00  5.55284e+00
1.036745034e+01  1.3665496e+00         -inf  1.00779e+05  1.36655e+00  4.89005e+00
1.040892014e+01  6.9022286e-01         -inf  1.00779e+05  6.90223e-01  4.26025e+00
1.045055582e+01  1.3353963e+00         -inf  1.00779e+05  1.33540e+00  5.01158e+00
1.049235805e+01  1.2430247e+00         -inf  1.00779e+05  1.24302e+00  4.99926e+00
1.053432748e+01  1.2036815e+00         -inf  1.00779e+05  1.20368e+00  5.03998e+00
1.057646479e+01  1.0866187e+00         -inf  1.00779e+05  1.08662e+00  4.99680e+00
1.061877065e+01  8.9512024e-01         -inf  1.00779e+05  8.95120e-01  4.87391e+00
1.066124573e+01  6.6103912e-01         -inf  1.00779e+05  6.61039e-01  4.70625e+00
1.070389071e+01  4.3287404e-01         -inf  1.00779e+05  4.32874e-01  4.54538e+00
1.074670627e+01  3.4099384e-01         -inf  1.00779e+05  3.40994e-01  4.52525e+00
1.078969310e+01 -1.9951347e-03         -inf  1.00779e+05 -1.99513e-03  4.25386e+00
1.083285187e+01 -2.2188016e-01         -inf  1.00779e+05 -2.21880e-01  4.11069e+00
1.087618328e+01 -3.7082637e-01         -inf  1.00779e+05 -3.70826e-01  4.04212e+00
1.091968801e+01 -5.0955432e-01         -inf  1.00779e+05 -5.09554e-01  3.98579e+00
1.096336676e+01 -6.1987901e-01         -inf  1.00779e+05 -6.19879e-01  3.95989e+00
1.100722023e+01 -6.6870277e-01         -inf  1.00779e+05 -6.68703e-01  3.99772e+00
1.105124911e+01 -8.1462259e-01         -inf  1.00779e+05 -8.14623e-01  3.93849e+00
1.109545411e+01 -9.0778475e-01         -inf  1.00779e+05 -9.07785e-01  3.93404e+00
1.113983593e+01 -1.0181503e+00         -inf  1.00779e+05 -1.01815e+00  3.91323e+00
1.118439527e+01 -1.1166974e+00         -inf  1.00779e+05 -1.11670e+00  3.90558e+00
1.122913285e+01 -1.2056719e+00         -inf  1.00779e+05 -1.20567e+00  3.90914e+00
1.127404938e+01 -1.3199048e+00         -inf  1.00779e+05 -1.31990e+00  3.88832e+00
1.131914558e+01 -1.4350311e+00         -inf  1.00779e+05 -1.43503e+00  3.86794e+00
1.136442216e+01 -1.5335700e+00         -inf  1.00779e+05 -1.53357e+00  3.86580e+00
1.140987985e+01 -1.6312277e+00         -inf  1.00779e+05 -1.63123e+00  3.86589e+00
1.145551937e+01 -1.7154271e+00         -inf  1.00779e+05 -1.71543e+00  3.88089e+00
1.150134145e+01 -1.8197575e+00         -inf  1.00779e+05 -1.81976e+00  3.87681e+00
1.154734681e+01 -1.9035519e+00         -inf  1.00779e+05 -1.90355e+00  3.89546e+00
1.159353620e+01 -2.0096596e+00         -inf  1.00779e+05 -2.00966e+00  3.89264e+00
1.163991035e+01 -2.1407009e+00         -inf  1.00779e+05 -2.14070e+00  3.86467e+00
1.168646999e+01 -2.2322301e+00         -inf  1.00779e+05 -2.23223e+00  3.87915e+00
1.173321587e+01 -2.3132680e+00         -inf  1.00779e+05 -2.31327e+00  3.90572e+00
1.178014873e+01 -2.4385699e+00         -inf  1.00779e+05 -2.43857e+00  3.88852e+00
1.182726932e+01 -2.5418940e+00         -inf  1.00779e+05 -2.54189e+00  3.89523e+00
1.187457840e+01 -2.6591377e+00         -inf  1.00779e+05 -2.65914e+00  3.88894e+00
1.192207672e+01 -2.7672392e+00         -inf  1.00779e+05 -2.76724e+00  3.89342e+00
1.196976502e+01 -2.8645646e+00         -inf  1.00779e+05 -2.86456e+00  3.91045e+00
1.201764408e+01 -2.9542259e+00         -inf  1.00779e+05 -2.95423e+00  3.93707e+00
1.206571466e+01 -2.8257366e+00         -inf  1.00779e+05 -2.82574e+00  4.19748e+00
1.211397752e+01 -3.1150439e+00         -inf  1.00779e+05 -3.11504e+00  4.01562e+00
1.216243343e+01 -3.1272318e+00         -inf  1.00779e+05 -3.12723e+00  4.12977e+00
1.221108316e+01 -3.1008754e+00         -inf  1.00779e+05 -3.10088e+00  4.28857e+00
1.225992749e+01 -3.0358155e+00         -inf  1.00779e+05 -3.03582e+00  4.49230e+00
1.230896720e+01 -2.9764806e+00         -inf  1.00779e+05 -2.97648e+00  4.69521e+00
1.235820307e+01 -2.9216071e+00         -inf  1.00779e+05 -2.92161e+00  4.89663e+00
1.240763589e+01 -2.8876593e+00         -inf  1.00779e+05 -2.88766e+00  5.07571e+00
1.245726643e+01 -2.9199189e+00         -inf  1.00779e+05 -2.91992e+00  5.18212e+00
1.250709549e+01 -3.0124343e+00         -inf  1.00779e+05 -3.01243e+00  5.21624e+00
1.255712388e+01 -3.2091825e+00         -inf  1.00779e+05 -3.20918e+00  5.13465e+00
1.260735237e+01 -1.8671001e+00         -inf  1.00779e+05 -1.86710e+00  6.91450e+00
1.265778178e+01 -2.6435736e+00         -inf  1.00779e+05 -2.64357e+00  6.22531e+00
1.270841291e+01 -3.7592760e+00         -inf  1.00779e+05 -3.75928e+00  4.95720e+00
1.275924656e+01 -3.6034984e+00         -inf  1.00779e+05 -3.60350e+00  5.28125e+00
1.281028355e+01 -3.5462999e+00         -inf  1.00779e+05 -3.54630e+00  5.50146e+00
1.286152468e+01 -3.5344097e+00         -inf  1.00779e+05 -3.53441e+00  5.67279e+00
1.291297078e+01 -3.5180660e+00         -inf  1.00779e+05 -3.51807e+00  5.85785e+00
1.296462266e+01 -2.9493277e+00         -inf  1.00779e+05 -2.94933e+00  6.66459e+00
1.301648115e+01 -3.0186400e+00         -inf  1.00779e+05 -3.01864e+00  6.84297e+00
1.306854708e+01 -2.8364220e+00         -inf  1.00779e+05 -2.83642e+00  7.31789e+00
1.312082127e+01 -2.6370218e+00         -inf  1.00779e+05 -2.63702e+00  7.91349e+00
1.317330455e+01 -2.1122889e+00         -inf  1.00779e+05 -2.11229e+00  8.93363e+00
1.322599777e+01 -1.3540291e+00         -inf  1.00779e+05 -1.35403e+00  1.02739e+01
1.327890176e+01 -9.3480538e-01         -inf  1.00779e+05 -9.34805e-01  1.11270e+01
1.333201737e+01  1.4196698e-01         -inf  1.00779e+05  1.41967e-01  1.25925e+01
1.338534544e+01  5.4550032e-01         -inf  1.00779e+05  5.45500e-01  1.32802e+01
1.343888682e+01  1.8183364e+00         -inf  1.00779e+05  1.81834e+00  1.47726e+01
1.349264237e+01  6.0058621e+00         -inf  1.00779e+05  6.00586e+00  1.83796e+01
1.354661294e+01  3.7640065e+00         -inf  1.00779e+05  3.76401e+00  1.68802e+01
1.360079939e+01  4.5822996e+00         -inf  1.00779e+05  4.58230e+00  1.76255e+01
1.365520258e+01  4.6130693e+00         -inf  1.00779e+05  4.61307e+00  1.77439e+01
1.370982339e+01  4.2801924e+00         -inf  1.00779e+05  4.28019e+00  1.78616e+01
1.376466269e+01  2.7723376e+00         -inf  1.00779e+05  2.77234e+00  1.68614e+01
1.381972134e+01  3.7966770e+00         -inf  1.00779e+05  3.79668e+00  1.79726e+01
1.387500022e+01  1.8938186e+01         -inf  1.00779e+05  1.89382e+01  2.72510e+01
1.393050023e+01  7.1416534e+00         -inf  1.00779e+05  7.14165e+00  2.00719e+01
1.398622223e+01  5.7751935e+00         -inf  1.00779e+05  5.77519e+00  1.92828e+01
1.404216712e+01  7.9700998e+00         -inf  1.00779e+05  7.97010e+00  2.05583e+01
1.409833578e+01  8.6982638e+00         -inf  1.00779e+05  8.69826e+00  2.10448e+01
1.415472913e+01  1.1342769e+01         -inf  1.00779e+05  1.13428e+01  2.22040e+01
1.421134804e+01  1.4407356e+01         -inf  1.00779e+05  1.44074e+01  2.40554e+01
1.426819344e+01  1.6556607e+01         -inf  1.00779e+05  1.65566e+01  2.51021e+01
1.432526621e+01  1.8355839e+01         -inf  1.00779e+05  1.83558e+01  2.61867e+01
1.438256727e+01  2.1580326e+01         -inf  1.00779e+05  2.15803e+01  2.84534e+01
1.444009754e+01  2.3233254e+01         -inf  1.00779e+05  2.32333e+01  2.98849e+01
1.449785793e+01  2.3329680e+01         -inf  1.00779e+05  2.33297e+01  2.98604e+01
1.455584937e+01  2.5290769e+01         -inf  1.00779e+05  2.52908e+01  3.17647e+01
1.461407276e+01  2.6640963e+01         -inf  1.00779e+05  2.66410e+01  3.31607e+01
1.467252905e+01  2.6648679e+01         -inf  1.00779e+05  2.66487e+01  3.32644e+01
1.473121917e+01  2.6788204e+01         -inf  1.00779e+05  2.67882e+01  3.35064e+01
1.479014405e+01  2.7832165e+01         -inf  1.00779e+05  2.78322e+01  3.46508e+01
1.484930462e+01  2.7441404e+01         -inf  1.00779e+05  2.74414e+01  3.43700e+01
1.490870184e+01  2.7270195e+01         -inf  1.00779e+05  2.72702e+01  3.43166e+01
1.496833665e+01  3.8703845e+01         -inf  1.00779e+05  3.87038e+01  4.59619e+01
1.502821000e+01  2.8109029e+01         -inf  1.00779e+05  2.81090e+01  3.53675e+01
1.508832284e+01  2.8862166e+01         -inf  1.00779e+05  2.88622e+01  3.62493e+01
1.514867613e+01  2.6623500e+01         -inf  1.00779e+05  2.66235e+01  3.41369e+01
1.520927083e+01  2.5227459e+01         -inf  1.00779e+05  2.52275e+01  3.28648e+01
1.527010791e+01  2.5728556e+01         -inf  1.00779e+05  2.57286e+01  3.34928e+01
1.533118835e+01  2.5771302e+01         -inf  1.00779e+05  2.57713e+01  3.36681e+01
1.539251310e+01  2.6902177e+01         -inf  1.00779e+05  2.69022e+01  3.49408e+01
1.545408315e+01  2.3489336e+01         -inf  1.00779e+05  2.34893e+01  3.18602e+01
1.551589948e+01  2.2762870e+01         -inf  1.00779e+05  2.27629e+01  3.12940e+01
1.557796308e+01  2.0573773e+01         -inf  1.00779e+05  2.05738e+01  2.96269e+01
1.564027493e+01  1.7852590e+01         -inf  1.00779e+05  1.78526e+01  2.77253e+01
1.570283603e+01  1.7333189e+01         -inf  1.00779e+05  1.73332e+01  2.76933e+01
1.576564738e+01  1.4873543e+01         -inf  1.00779e+05  1.48735e+01  2.62988e+01
1.582870997e+01  1.1662182e+01         -inf  1.00779e+05  1.16622e+01  2.48254e+01
1.589202481e+01  9.4123358e+00         -inf  1.00779e+05  9.41234e+00  2.38369e+01
1.595559291e+01  4.5041740e+00         -inf  1.00779e+05  4.50417e+00  2.16951e+01
1.601941528e+01  3.8240048e+00         -inf  1.00779e+05  3.82400e+00  2.16562e+01
1.608349294e+01 -2.2864582e+00         -inf  1.00779e+05 -2.28646e+00  1.88977e+01
1.614782691e+01  7.7142869e-02         -inf  1.00779e+05  7.71429e-02  2.02771e+01
1.621241822e+01  1.0161943e+01         -inf  1.00779e+05  1.01619e+01  2.54960e+01
1.627726789e+01 -3.7627577e+00         -inf  1.00779e+05 -3.76276e+00  1.85991e+01
1.634237696e+01 -6.3460915e+00         -inf  1.00779e+05 -6.34609e+00  1.74557e+01
1.640774647e+01 -3.8783326e+00         -inf  1.00779e+05 -3.87833e+00  1.87374e+01
1.647337746e+01 -4.8097563e+00         -inf  1.00779e+05 -4.80976e+00  1.84795e+01
1.653927097e+01 -6.2952719e+00         -inf  1.00779e+05 -6.29527e+00  1.76217e+01
1.660542805e+01 -7.1152156e+00         -inf  1.00779e+05 -7.11522e+00  1.71280e+01
1.667184976e+01 -8.8696878e+00         -inf  1.00779e+05 -8.86969e+00  1.63420e+01
1.673853716e+01 -4.9177837e+00         -inf  1.00779e+05 -4.91778e+00  1.89762e+01
1.680549131e+01 -1.0358065e+01         -inf  1.00779e+05 -1.03581e+01  1.55802e+01
1.687271328e+01 -1.1270894e+01         -inf  1.00779e+05 -1.12709e+01  1.47931e+01
1.694020413e+01 -8.3128075e+00         -inf  1.00779e+05 -8.31281e+00  1.71523e+01
1.700796495e+01 -9.9040744e+00         -inf  1.00779e+05 -9.90407e+00  1.50478e+01
1.707599681e+01 -1.3905091e+01         -inf  1.00779e+05 -1.39051e+01  1.23498e+01
1.714430079e+01 -1.4450026e+01         -inf  1.00779e+05 -1.44500e+01  1.19382e+01
1.721287800e+01 -1.4496111e+01         -inf  1.00779e+05 -1.44961e+01  1.17536e+01
1.728172951e+01 -1.4238622e+01         -inf  1.00779e+05 -1.42386e+01  1.18273e+01
1.735085643e+01 -1.4859967e+01         -inf  1.00779e+05 -1.48600e+01  1.13848e+01
1.742025985e+01 -1.5502635e+01         -inf  1.00779e+05 -1.55026e+01  1.02246e+01
1.748994089e+01 -1.6032550e+01         -inf  1.00779e+05 -1.60325e+01  1.01219e+01
1.755990065e+01 -1.6441843e+01         -inf  1.00779e+05 -1.64418e+01  9.60435e+00
1.763014026e+01 -1.7657722e+01         -inf  1.00779e+05 -1.76577e+01  8.36836e+00
1.770066082e+01 -1.8154003e+01         -inf  1.00779e+05 -1.81540e+01  8.00592e+00
1.777146346e+01 -1.8611641e+01         -inf  1.00779e+05 -1.86116e+01  7.69037e+00
1.784254932e+01 -1.9578197e+01         -inf  1.00779e+05 -1.95782e+01  6.75980e+00
1.791391951e+01 -2.0445528e+01         -inf  1.00779e+05 -2.04455e+01  6.10214e+00
1.798557519e+01 -2.0973359e+01         -inf  1.00779e+05 -2.09734e+01  5.75106e+00
1.805751749e+01 -2.1492973e+01         -inf  1.00779e+05 -2.14930e+01  5.43362e+00
1.812974756e+01 -2.1947263e+01         -inf  1.00779e+05 -2.19473e+01  5.22760e+00
1.820226655e+01 -2.2356244e+01         -inf  1.00779e+05 -2.23562e+01  5.05921e+00
1.827507562e+01 -2.2239724e+01         -inf  1.00779e+05 -2.22397e+01  5.61234e+00
1.834817592e+01 -2.0952229e+01         -inf  1.00779e+05 -2.09522e+01  8.66016e+00
1.842156862e+01 -2.3254128e+01         -inf  1.00779e+05 -2.32541e+01  5.00526e+00
1.849525490e+01 -2.3623447e+01         -inf  1.00779e+05 -2.36234e+01  4.87551e+00
1.856923592e+01 -2.3679323e+01         -inf  1.00779e+05 -2.36793e+01  5.16299e+00
1.864351286e+01 -2.3959204e+01         -inf  1.00779e+05 -2.39592e+01  5.17874e+00
1.871808691e+01 -2.4193364e+01         -inf  1.00779e+05 -2.41934e+01  5.24108e+00
1.879295926e+01 -2.4512673e+01         -inf  1.00779e+05 -2.45127e+01  5.21628e+00
1.886813110e+01 -2.4913458e+01         -inf  1.00779e+05 -2.49135e+01  5.05689e+00
1.894360362e+01 -2.5036864e+01         -inf  1.00779e+05 -2.50369e+01  5.28395e+00
1.901937804e+01 -2.5440889e+01         -inf  1.00779e+05 -2.54409e+01  5.13308e+00
1.909545555e+01 -2.5812699e+01         -inf  1.00779e+05 -2.58127e+01  5.03401e+00
1.917183737e+01 -2.6072474e+01         -inf  1.00779e+05 -2.60725e+01  5.08155e+00
1.924852472e+01 -2.6467989e+01         -inf  1.00779e+05 -2.64680e+01  4.95169e+00
1.932551882e+01 -2.6733953e+01         -inf  1.00779e+05 -2.67340e+01  4.99614e+00
1.940282089e+01 -2.7049425e+01         -inf  1.00779e+05 -2.70494e+01  4.97021e+00
1.948043218e+01 -2.7335603e+01         -inf  1.00779e+05 -2.73356e+01  4.98120e+00
1.955835391e+01 -2.7604152e+01         -inf  1.00779e+05 -2.76042e+01  5.02179e+00
1.963658732e+01 -2.7869898e+01         -inf  1.00779e+05 -2.78699e+01  5.07084e+00
1.971513367e+01 -2.8177285e+01         -inf  1.00779e+05 -2.81773e+01  5.06510e+00
1.979399421e+01 -2.8487561e+01         -inf  1.00779e+05 -2.84876e+01  5.05945e+00
1.987317018e+01 -2.8754576e+01         -inf  1.00779e+05 -2.87546e+01  5.10523e+00
1.995266286e+01 -2.9094240e+01         -inf  1.00779e+05 -2.90942e+01  5.07969e+00
