# WARNING | PUMAS | Some species, CS2, do not have optimized correlated-k tables for the defined moderate resolutions, and will be analyzed at sub-par resolutions. In particular, there will be issues at the line cores.
# WARNING | GENERATOR | Too many electrons per pixel (up to 9.04e+13) detected in the 1.54-19.95 um spectral range. Reduce exposure time per frame to less than 0.000 seconds.
# ------------------------------------------------------------------------
# Radiance spectrum
# NASA-GSFC Planetary Spectrum Generator (PSG) (Villanueva et al. 2018, 2022)
# Synthesized on Wed Oct  7 08:23:39 2026
# Doppler velocities [km/s] (vobs,vrot+vorb,vwidth,vrfl,vstr): 47.10000,-0.00000,0.03000,0.00000,-0.00000
# ------------------------------------------------------------------------
# Spectra synthesized with the Planetary and Universal Model of Atmospheric Scattering (PUMAS, Villanueva et al. 2018, 2022)
# Single scattering radiative transfer method
# Radiative transfer took 9.880 seconds
# ------------------------------------------------------------------------
# Spectral unit: Wavelength [um]
# Radiance unit: Contrast [transit atmospheric thickness, km]
# Wave/freq Total Noise Stellar Proxima-Centauri-b Transit
2.000000000e-01  4.7532198e+01         -inf  1.00779e+05  4.75322e+01  4.75322e+01
2.008000000e-01  4.7266265e+01         -inf  1.00779e+05  4.72663e+01  4.72663e+01
2.016032000e-01  4.7160681e+01         -inf  1.00779e+05  4.71607e+01  4.71607e+01
2.024096128e-01  4.7161648e+01         -inf  1.00779e+05  4.71616e+01  4.71616e+01
2.032192513e-01  4.7133339e+01         -inf  1.00779e+05  4.71333e+01  4.71333e+01
2.040321283e-01  4.7140900e+01         -inf  1.00779e+05  4.71409e+01  4.71409e+01
2.048482568e-01  4.7166747e+01         -inf  1.00779e+05  4.71667e+01  4.71667e+01
2.056676498e-01  4.7259232e+01         -inf  1.00779e+05  4.72592e+01  4.72592e+01
2.064903204e-01  4.7386266e+01         -inf  1.00779e+05  4.73863e+01  4.73863e+01
2.073162817e-01  4.7512506e+01         -inf  1.00779e+05  4.75125e+01  4.75125e+01
2.081455468e-01  4.7652985e+01         -inf  1.00779e+05  4.76530e+01  4.76530e+01
2.089781290e-01  4.7783880e+01         -inf  1.00779e+05  4.77839e+01  4.77839e+01
2.098140415e-01  4.7963998e+01         -inf  1.00779e+05  4.79640e+01  4.79640e+01
2.106532977e-01  4.8175228e+01         -inf  1.00779e+05  4.81752e+01  4.81752e+01
2.114959109e-01  4.8353665e+01         -inf  1.00779e+05  4.83537e+01  4.83537e+01
2.123418945e-01  4.8706921e+01         -inf  1.00779e+05  4.87069e+01  4.87069e+01
2.131912621e-01  4.9101905e+01         -inf  1.00779e+05  4.91019e+01  4.91019e+01
2.140440271e-01  4.9191024e+01         -inf  1.00779e+05  4.91910e+01  4.91910e+01
2.149002032e-01  4.9440532e+01         -inf  1.00779e+05  4.94405e+01  4.94405e+01
2.157598041e-01  4.9685637e+01         -inf  1.00779e+05  4.96856e+01  4.96856e+01
2.166228433e-01  4.9902436e+01         -inf  1.00779e+05  4.99024e+01  4.99024e+01
2.174893346e-01  5.0147171e+01         -inf  1.00779e+05  5.01472e+01  5.01472e+01
2.183592920e-01  5.0339966e+01         -inf  1.00779e+05  5.03400e+01  5.03400e+01
2.192327292e-01  5.0543123e+01         -inf  1.00779e+05  5.05431e+01  5.05431e+01
2.201096601e-01  5.0735643e+01         -inf  1.00779e+05  5.07356e+01  5.07356e+01
2.209900987e-01  5.0923763e+01         -inf  1.00779e+05  5.09238e+01  5.09238e+01
2.218740591e-01  5.1104322e+01         -inf  1.00779e+05  5.11043e+01  5.11043e+01
2.227615553e-01  5.1273717e+01         -inf  1.00779e+05  5.12737e+01  5.12737e+01
2.236526016e-01  5.1438013e+01         -inf  1.00779e+05  5.14380e+01  5.14380e+01
2.245472120e-01  5.1603622e+01         -inf  1.00779e+05  5.16036e+01  5.16036e+01
2.254454008e-01  5.1746034e+01         -inf  1.00779e+05  5.17460e+01  5.17460e+01
2.263471824e-01  5.1904080e+01         -inf  1.00779e+05  5.19041e+01  5.19041e+01
2.272525711e-01  5.2045080e+01         -inf  1.00779e+05  5.20451e+01  5.20451e+01
2.281615814e-01  5.2186867e+01         -inf  1.00779e+05  5.21869e+01  5.21869e+01
2.290742278e-01  5.2329530e+01         -inf  1.00779e+05  5.23295e+01  5.23295e+01
2.299905247e-01  5.2451458e+01         -inf  1.00779e+05  5.24515e+01  5.24515e+01
2.309104868e-01  5.2593061e+01         -inf  1.00779e+05  5.25931e+01  5.25931e+01
2.318341287e-01  5.2711647e+01         -inf  1.00779e+05  5.27116e+01  5.27116e+01
2.327614652e-01  5.2843318e+01         -inf  1.00779e+05  5.28433e+01  5.28433e+01
2.336925111e-01  5.2952237e+01         -inf  1.00779e+05  5.29522e+01  5.29522e+01
2.346272811e-01  5.3077667e+01         -inf  1.00779e+05  5.30777e+01  5.30777e+01
2.355657903e-01  5.3178326e+01         -inf  1.00779e+05  5.31783e+01  5.31783e+01
2.365080534e-01  5.3287503e+01         -inf  1.00779e+05  5.32875e+01  5.32875e+01
2.374540856e-01  5.3396151e+01         -inf  1.00779e+05  5.33962e+01  5.33962e+01
2.384039020e-01  5.3491096e+01         -inf  1.00779e+05  5.34911e+01  5.34911e+01
2.393575176e-01  5.3582263e+01         -inf  1.00779e+05  5.35823e+01  5.35823e+01
2.403149477e-01  5.3681333e+01         -inf  1.00779e+05  5.36813e+01  5.36813e+01
2.412762074e-01  5.3756864e+01         -inf  1.00779e+05  5.37569e+01  5.37569e+01
2.422413123e-01  5.3838454e+01         -inf  1.00779e+05  5.38385e+01  5.38385e+01
2.432102775e-01  5.3930934e+01         -inf  1.00779e+05  5.39309e+01  5.39309e+01
2.441831186e-01  5.3993201e+01         -inf  1.00779e+05  5.39932e+01  5.39932e+01
2.451598511e-01  5.4063810e+01         -inf  1.00779e+05  5.40638e+01  5.40638e+01
2.461404905e-01  5.4116240e+01         -inf  1.00779e+05  5.41162e+01  5.41162e+01
2.471250525e-01  5.4169547e+01         -inf  1.00779e+05  5.41695e+01  5.41695e+01
2.481135527e-01  5.4198352e+01         -inf  1.00779e+05  5.41984e+01  5.41984e+01
2.491060069e-01  5.4273175e+01         -inf  1.00779e+05  5.42732e+01  5.42732e+01
2.501024309e-01  5.4288719e+01         -inf  1.00779e+05  5.42887e+01  5.42887e+01
2.511028406e-01  5.4279849e+01         -inf  1.00779e+05  5.42798e+01  5.42798e+01
2.521072520e-01  5.4357305e+01         -inf  1.00779e+05  5.43573e+01  5.43573e+01
2.531156810e-01  5.4330345e+01         -inf  1.00779e+05  5.43303e+01  5.43303e+01
2.541281437e-01  5.4337019e+01         -inf  1.00779e+05  5.43370e+01  5.43370e+01
2.551446563e-01  5.4359062e+01         -inf  1.00779e+05  5.43591e+01  5.43591e+01
2.561652349e-01  5.4333594e+01         -inf  1.00779e+05  5.43336e+01  5.43336e+01
2.571898959e-01  5.4288982e+01         -inf  1.00779e+05  5.42890e+01  5.42890e+01
2.582186555e-01  5.4299784e+01         -inf  1.00779e+05  5.42998e+01  5.42998e+01
2.592515301e-01  5.4265183e+01         -inf  1.00779e+05  5.42652e+01  5.42652e+01
2.602885362e-01  5.4212491e+01         -inf  1.00779e+05  5.42125e+01  5.42125e+01
2.613296904e-01  5.4168932e+01         -inf  1.00779e+05  5.41689e+01  5.41689e+01
2.623750091e-01  5.4123617e+01         -inf  1.00779e+05  5.41236e+01  5.41236e+01
2.634245092e-01  5.4015595e+01         -inf  1.00779e+05  5.40156e+01  5.40156e+01
2.644782072e-01  5.4010853e+01         -inf  1.00779e+05  5.40109e+01  5.40109e+01
2.655361200e-01  5.3899141e+01         -inf  1.00779e+05  5.38991e+01  5.38991e+01
2.665982645e-01  5.3807364e+01         -inf  1.00779e+05  5.38074e+01  5.38074e+01
2.676646576e-01  5.3726300e+01         -inf  1.00779e+05  5.37263e+01  5.37263e+01
2.687353162e-01  5.3576642e+01         -inf  1.00779e+05  5.35766e+01  5.35766e+01
2.698102574e-01  5.3530356e+01         -inf  1.00779e+05  5.35304e+01  5.35304e+01
2.708894985e-01  5.3359086e+01         -inf  1.00779e+05  5.33591e+01  5.33591e+01
2.719730565e-01  5.3264491e+01         -inf  1.00779e+05  5.32645e+01  5.32645e+01
2.730609487e-01  5.3131159e+01         -inf  1.00779e+05  5.31312e+01  5.31312e+01
2.741531925e-01  5.2933352e+01         -inf  1.00779e+05  5.29334e+01  5.29334e+01
2.752498053e-01  5.2827507e+01         -inf  1.00779e+05  5.28275e+01  5.28275e+01
2.763508045e-01  5.2656043e+01         -inf  1.00779e+05  5.26560e+01  5.26560e+01
2.774562077e-01  5.2491515e+01         -inf  1.00779e+05  5.24915e+01  5.24915e+01
2.785660325e-01  5.2308974e+01         -inf  1.00779e+05  5.23090e+01  5.23090e+01
2.796802967e-01  5.2136794e+01         -inf  1.00779e+05  5.21368e+01  5.21368e+01
2.807990178e-01  5.1907419e+01         -inf  1.00779e+05  5.19074e+01  5.19074e+01
2.819222139e-01  5.1681637e+01         -inf  1.00779e+05  5.16816e+01  5.16816e+01
2.830499028e-01  5.1508211e+01         -inf  1.00779e+05  5.15082e+01  5.15082e+01
2.841821024e-01  5.1245514e+01         -inf  1.00779e+05  5.12455e+01  5.12455e+01
2.853188308e-01  5.0987201e+01         -inf  1.00779e+05  5.09872e+01  5.09872e+01
2.864601061e-01  5.0752425e+01         -inf  1.00779e+05  5.07524e+01  5.07524e+01
2.876059465e-01  5.0441545e+01         -inf  1.00779e+05  5.04415e+01  5.04415e+01
2.887563703e-01  5.0102004e+01         -inf  1.00779e+05  5.01020e+01  5.01020e+01
2.899113958e-01  4.9759896e+01         -inf  1.00779e+05  4.97599e+01  4.97599e+01
2.910710414e-01  4.9414430e+01         -inf  1.00779e+05  4.94144e+01  4.94144e+01
2.922353256e-01  4.8944582e+01         -inf  1.00779e+05  4.89446e+01  4.89446e+01
2.934042669e-01  4.8476195e+01         -inf  1.00779e+05  4.84762e+01  4.84762e+01
2.945778839e-01  4.7933495e+01         -inf  1.00779e+05  4.79335e+01  4.79335e+01
2.957561955e-01  4.7223188e+01         -inf  1.00779e+05  4.72232e+01  4.72232e+01
2.969392202e-01  4.6496889e+01         -inf  1.00779e+05  4.64969e+01  4.64969e+01
2.981269771e-01  4.5664989e+01         -inf  1.00779e+05  4.56650e+01  4.56650e+01
2.993194850e-01  4.4785580e+01         -inf  1.00779e+05  4.47856e+01  4.47856e+01
3.005167630e-01  4.3805428e+01         -inf  1.00779e+05  4.38054e+01  4.38054e+01
3.017188300e-01  4.2674516e+01         -inf  1.00779e+05  4.26745e+01  4.26745e+01
3.029257054e-01  4.1573150e+01         -inf  1.00779e+05  4.15732e+01  4.15732e+01
3.041374082e-01  4.0634846e+01         -inf  1.00779e+05  4.06348e+01  4.06348e+01
3.053539578e-01  3.9277176e+01         -inf  1.00779e+05  3.92772e+01  3.92772e+01
3.065753736e-01  3.8492422e+01         -inf  1.00779e+05  3.84924e+01  3.84924e+01
3.078016751e-01  3.7173666e+01         -inf  1.00779e+05  3.71737e+01  3.71737e+01
3.090328818e-01  3.6452327e+01         -inf  1.00779e+05  3.64523e+01  3.64523e+01
3.102690134e-01  3.5282623e+01         -inf  1.00779e+05  3.52826e+01  3.52826e+01
3.115100894e-01  3.4662283e+01         -inf  1.00779e+05  3.46623e+01  3.46623e+01
3.127561298e-01  3.3612953e+01         -inf  1.00779e+05  3.36130e+01  3.36130e+01
3.140071543e-01  3.3188487e+01         -inf  1.00779e+05  3.31885e+01  3.31885e+01
3.152631829e-01  3.2391106e+01         -inf  1.00779e+05  3.23911e+01  3.23911e+01
3.165242356e-01  3.1704135e+01         -inf  1.00779e+05  3.17041e+01  3.17041e+01
3.177903326e-01  3.1509292e+01         -inf  1.00779e+05  3.15093e+01  3.15093e+01
3.190614939e-01  3.0642519e+01         -inf  1.00779e+05  3.06425e+01  3.06425e+01
3.203377399e-01  3.0619339e+01         -inf  1.00779e+05  3.06193e+01  3.06193e+01
3.216190908e-01  2.9908030e+01         -inf  1.00779e+05  2.99080e+01  2.99080e+01
3.229055672e-01  2.9965854e+01         -inf  1.00779e+05  2.99659e+01  2.99659e+01
3.241971895e-01  2.9201932e+01         -inf  1.00779e+05  2.92019e+01  2.92019e+01
3.254939782e-01  2.9464370e+01         -inf  1.00779e+05  2.94644e+01  2.94644e+01
3.267959541e-01  2.8787758e+01         -inf  1.00779e+05  2.87878e+01  2.87878e+01
3.281031380e-01  2.8981536e+01         -inf  1.00779e+05  2.89815e+01  2.89815e+01
3.294155505e-01  2.8396129e+01         -inf  1.00779e+05  2.83961e+01  2.83961e+01
3.307332127e-01  2.8548834e+01         -inf  1.00779e+05  2.85488e+01  2.85488e+01
3.320561456e-01  2.8226404e+01         -inf  1.00779e+05  2.82264e+01  2.82264e+01
3.333843702e-01  2.8142907e+01         -inf  1.00779e+05  2.81429e+01  2.81429e+01
3.347179076e-01  2.7982257e+01         -inf  1.00779e+05  2.79823e+01  2.79823e+01
3.360567793e-01  2.7800706e+01         -inf  1.00779e+05  2.78007e+01  2.78007e+01
3.374010064e-01  2.7837475e+01         -inf  1.00779e+05  2.78375e+01  2.78375e+01
3.387506104e-01  2.7596488e+01         -inf  1.00779e+05  2.75965e+01  2.75965e+01
3.401056128e-01  2.7546755e+01         -inf  1.00779e+05  2.75468e+01  2.75468e+01
3.414660353e-01  2.7402228e+01         -inf  1.00779e+05  2.74022e+01  2.74022e+01
3.428318994e-01  2.7299672e+01         -inf  1.00779e+05  2.72997e+01  2.72997e+01
3.442032270e-01  2.7268103e+01         -inf  1.00779e+05  2.72681e+01  2.72681e+01
3.455800399e-01  2.7124451e+01         -inf  1.00779e+05  2.71245e+01  2.71245e+01
3.469623601e-01  2.7035560e+01         -inf  1.00779e+05  2.70356e+01  2.70356e+01
3.483502095e-01  2.6941113e+01         -inf  1.00779e+05  2.69411e+01  2.69411e+01
3.497436104e-01  2.6846134e+01         -inf  1.00779e+05  2.68461e+01  2.68461e+01
3.511425848e-01  2.6772055e+01         -inf  1.00779e+05  2.67721e+01  2.67721e+01
3.525471552e-01  2.6679808e+01         -inf  1.00779e+05  2.66798e+01  2.66798e+01
3.539573438e-01  2.6583239e+01         -inf  1.00779e+05  2.65832e+01  2.65832e+01
3.553731732e-01  2.6497251e+01         -inf  1.00779e+05  2.64973e+01  2.64973e+01
3.567946659e-01  2.6408616e+01         -inf  1.00779e+05  2.64086e+01  2.64086e+01
3.582218445e-01  2.6321126e+01         -inf  1.00779e+05  2.63211e+01  2.63211e+01
3.596547319e-01  2.6236546e+01         -inf  1.00779e+05  2.62365e+01  2.62365e+01
3.610933508e-01  2.6147731e+01         -inf  1.00779e+05  2.61477e+01  2.61477e+01
3.625377242e-01  2.6059973e+01         -inf  1.00779e+05  2.60600e+01  2.60600e+01
3.639878751e-01  2.5973097e+01         -inf  1.00779e+05  2.59731e+01  2.59731e+01
3.654438266e-01  2.5886307e+01         -inf  1.00779e+05  2.58863e+01  2.58863e+01
3.669056019e-01  2.5799251e+01         -inf  1.00779e+05  2.57993e+01  2.57993e+01
3.683732243e-01  2.5712724e+01         -inf  1.00779e+05  2.57127e+01  2.57127e+01
3.698467172e-01  2.5625842e+01         -inf  1.00779e+05  2.56258e+01  2.56258e+01
3.713261041e-01  2.5538872e+01         -inf  1.00779e+05  2.55389e+01  2.55389e+01
3.728114085e-01  2.5452164e+01         -inf  1.00779e+05  2.54522e+01  2.54522e+01
3.743026542e-01  2.5365544e+01         -inf  1.00779e+05  2.53655e+01  2.53655e+01
3.757998648e-01  2.5278834e+01         -inf  1.00779e+05  2.52788e+01  2.52788e+01
3.773030642e-01  2.5192212e+01         -inf  1.00779e+05  2.51922e+01  2.51922e+01
3.788122765e-01  2.5105588e+01         -inf  1.00779e+05  2.51056e+01  2.51056e+01
3.803275256e-01  2.5019051e+01         -inf  1.00779e+05  2.50191e+01  2.50191e+01
3.818488357e-01  2.4932337e+01         -inf  1.00779e+05  2.49323e+01  2.49323e+01
3.833762310e-01  2.4845798e+01         -inf  1.00779e+05  2.48458e+01  2.48458e+01
3.849097360e-01  2.4759258e+01         -inf  1.00779e+05  2.47593e+01  2.47593e+01
3.864493749e-01  2.4672717e+01         -inf  1.00779e+05  2.46727e+01  2.46727e+01
3.879951724e-01  2.4586262e+01         -inf  1.00779e+05  2.45863e+01  2.45863e+01
3.895471531e-01  2.4499807e+01         -inf  1.00779e+05  2.44998e+01  2.44998e+01
3.911053417e-01  2.4413351e+01         -inf  1.00779e+05  2.44134e+01  2.44134e+01
3.926697631e-01  2.4326981e+01         -inf  1.00779e+05  2.43270e+01  2.43270e+01
3.942404421e-01  2.4240787e+01         -inf  1.00779e+05  2.42408e+01  2.42408e+01
3.958174039e-01  2.4154504e+01         -inf  1.00779e+05  2.41545e+01  2.41545e+01
3.974006735e-01  2.4068131e+01         -inf  1.00779e+05  2.40681e+01  2.40681e+01
3.989902762e-01  2.3981668e+01         -inf  1.00779e+05  2.39817e+01  2.39817e+01
4.005862373e-01  2.3895470e+01         -inf  1.00779e+05  2.38955e+01  2.38955e+01
4.021885823e-01  2.3809358e+01         -inf  1.00779e+05  2.38094e+01  2.38094e+01
4.037973366e-01  2.3723069e+01         -inf  1.00779e+05  2.37231e+01  2.37231e+01
4.054125259e-01  2.3636690e+01         -inf  1.00779e+05  2.36367e+01  2.36367e+01
4.070341760e-01  2.3550840e+01         -inf  1.00779e+05  2.35508e+01  2.35508e+01
4.086623127e-01  2.3465342e+01         -inf  1.00779e+05  2.34653e+01  2.34653e+01
4.102969620e-01  2.3379401e+01         -inf  1.00779e+05  2.33794e+01  2.33794e+01
4.119381498e-01  2.3292841e+01         -inf  1.00779e+05  2.32928e+01  2.32928e+01
4.135859024e-01  2.3206457e+01         -inf  1.00779e+05  2.32065e+01  2.32065e+01
4.152402460e-01  2.3120777e+01         -inf  1.00779e+05  2.31208e+01  2.31208e+01
4.169012070e-01  2.3035362e+01         -inf  1.00779e+05  2.30354e+01  2.30354e+01
4.185688119e-01  2.2949327e+01         -inf  1.00779e+05  2.29493e+01  2.29493e+01
4.202430871e-01  2.2863115e+01         -inf  1.00779e+05  2.28631e+01  2.28631e+01
4.219240595e-01  2.2777960e+01         -inf  1.00779e+05  2.27780e+01  2.27780e+01
4.236117557e-01  2.2693775e+01         -inf  1.00779e+05  2.26938e+01  2.26938e+01
4.253062027e-01  2.2609148e+01         -inf  1.00779e+05  2.26091e+01  2.26091e+01
4.270074275e-01  2.2522843e+01         -inf  1.00779e+05  2.25228e+01  2.25228e+01
4.287154572e-01  2.2435830e+01         -inf  1.00779e+05  2.24358e+01  2.24358e+01
4.304303191e-01  2.2349964e+01         -inf  1.00779e+05  2.23500e+01  2.23500e+01
4.321520403e-01  2.2265862e+01         -inf  1.00779e+05  2.22659e+01  2.22659e+01
4.338806485e-01  2.2180876e+01         -inf  1.00779e+05  2.21809e+01  2.21809e+01
4.356161711e-01  2.2094389e+01         -inf  1.00779e+05  2.20944e+01  2.20944e+01
4.373586358e-01  2.2009401e+01         -inf  1.00779e+05  2.20094e+01  2.20094e+01
4.391080703e-01  2.1927148e+01         -inf  1.00779e+05  2.19271e+01  2.19271e+01
4.408645026e-01  2.1845599e+01         -inf  1.00779e+05  2.18456e+01  2.18456e+01
4.426279606e-01  2.1762550e+01         -inf  1.00779e+05  2.17625e+01  2.17625e+01
4.443984725e-01  2.1675969e+01         -inf  1.00779e+05  2.16760e+01  2.16760e+01
4.461760664e-01  2.1587357e+01         -inf  1.00779e+05  2.15874e+01  2.15874e+01
4.479607706e-01  2.1502009e+01         -inf  1.00779e+05  2.15020e+01  2.15020e+01
4.497526137e-01  2.1420190e+01         -inf  1.00779e+05  2.14202e+01  2.14202e+01
4.515516242e-01  2.1336076e+01         -inf  1.00779e+05  2.13361e+01  2.13361e+01
4.533578307e-01  2.1249136e+01         -inf  1.00779e+05  2.12491e+01  2.12491e+01
4.551712620e-01  2.1164843e+01         -inf  1.00779e+05  2.11648e+01  2.11648e+01
4.569919470e-01  2.1085757e+01         -inf  1.00779e+05  2.10858e+01  2.10858e+01
4.588199148e-01  2.1008965e+01         -inf  1.00779e+05  2.10090e+01  2.10090e+01
4.606551945e-01  2.0931289e+01         -inf  1.00779e+05  2.09313e+01  2.09313e+01
4.624978152e-01  2.0846727e+01         -inf  1.00779e+05  2.08467e+01  2.08467e+01
4.643478065e-01  2.0755102e+01         -inf  1.00779e+05  2.07551e+01  2.07551e+01
4.662051977e-01  2.0665771e+01         -inf  1.00779e+05  2.06658e+01  2.06658e+01
4.680700185e-01  2.0584207e+01         -inf  1.00779e+05  2.05842e+01  2.05842e+01
4.699422986e-01  2.0504143e+01         -inf  1.00779e+05  2.05041e+01  2.05041e+01
4.718220678e-01  2.0419046e+01         -inf  1.00779e+05  2.04190e+01  2.04190e+01
4.737093561e-01  2.0334213e+01         -inf  1.00779e+05  2.03342e+01  2.03342e+01
4.756041935e-01  2.0255999e+01         -inf  1.00779e+05  2.02560e+01  2.02560e+01
4.775066103e-01  2.0184847e+01         -inf  1.00779e+05  2.01848e+01  2.01848e+01
4.794166367e-01  2.0116077e+01         -inf  1.00779e+05  2.01161e+01  2.01161e+01
4.813343033e-01  2.0044482e+01         -inf  1.00779e+05  2.00445e+01  2.00445e+01
4.832596405e-01  1.9961056e+01         -inf  1.00779e+05  1.99611e+01  1.99611e+01
4.851926790e-01  1.9866947e+01         -inf  1.00779e+05  1.98669e+01  1.98669e+01
4.871334497e-01  1.9775044e+01         -inf  1.00779e+05  1.97750e+01  1.97750e+01
4.890819835e-01  1.9693557e+01         -inf  1.00779e+05  1.96936e+01  1.96936e+01
4.910383115e-01  1.9616042e+01         -inf  1.00779e+05  1.96160e+01  1.96160e+01
4.930024647e-01  1.9533935e+01         -inf  1.00779e+05  1.95339e+01  1.95339e+01
4.949744746e-01  1.9450768e+01         -inf  1.00779e+05  1.94508e+01  1.94508e+01
4.969543725e-01  1.9374751e+01         -inf  1.00779e+05  1.93748e+01  1.93748e+01
4.989421900e-01  1.9308533e+01         -inf  1.00779e+05  1.93085e+01  1.93085e+01
5.009379587e-01  1.9248848e+01         -inf  1.00779e+05  1.92488e+01  1.92488e+01
5.029417106e-01  1.9189958e+01         -inf  1.00779e+05  1.91900e+01  1.91900e+01
5.049534774e-01  1.9121619e+01         -inf  1.00779e+05  1.91216e+01  1.91216e+01
5.069732913e-01  1.9037034e+01         -inf  1.00779e+05  1.90370e+01  1.90370e+01
5.090011845e-01  1.8942735e+01         -inf  1.00779e+05  1.89427e+01  1.89427e+01
5.110371892e-01  1.8852408e+01         -inf  1.00779e+05  1.88524e+01  1.88524e+01
5.130813380e-01  1.8772587e+01         -inf  1.00779e+05  1.87726e+01  1.87726e+01
5.151336633e-01  1.8698063e+01         -inf  1.00779e+05  1.86981e+01  1.86981e+01
5.171941980e-01  1.8622037e+01         -inf  1.00779e+05  1.86220e+01  1.86220e+01
5.192629748e-01  1.8545481e+01         -inf  1.00779e+05  1.85455e+01  1.85455e+01
5.213400267e-01  1.8473162e+01         -inf  1.00779e+05  1.84732e+01  1.84732e+01
5.234253868e-01  1.8408525e+01         -inf  1.00779e+05  1.84085e+01  1.84085e+01
5.255190883e-01  1.8350333e+01         -inf  1.00779e+05  1.83503e+01  1.83503e+01
5.276211647e-01  1.8294790e+01         -inf  1.00779e+05  1.82948e+01  1.82948e+01
5.297316493e-01  1.8237127e+01         -inf  1.00779e+05  1.82371e+01  1.82371e+01
5.318505759e-01  1.8171957e+01         -inf  1.00779e+05  1.81720e+01  1.81720e+01
5.339779782e-01  1.8095395e+01         -inf  1.00779e+05  1.80954e+01  1.80954e+01
5.361138902e-01  1.8009296e+01         -inf  1.00779e+05  1.80093e+01  1.80093e+01
5.382583457e-01  1.7925314e+01         -inf  1.00779e+05  1.79253e+01  1.79253e+01
5.404113791e-01  1.7851840e+01         -inf  1.00779e+05  1.78518e+01  1.78518e+01
5.425730246e-01  1.7785254e+01         -inf  1.00779e+05  1.77853e+01  1.77853e+01
5.447433167e-01  1.7717519e+01         -inf  1.00779e+05  1.77175e+01  1.77175e+01
5.469222900e-01  1.7644837e+01         -inf  1.00779e+05  1.76448e+01  1.76448e+01
5.491099791e-01  1.7569153e+01         -inf  1.00779e+05  1.75692e+01  1.75692e+01
5.513064191e-01  1.7493644e+01         -inf  1.00779e+05  1.74936e+01  1.74936e+01
5.535116447e-01  1.7420430e+01         -inf  1.00779e+05  1.74204e+01  1.74204e+01
5.557256913e-01  1.7351896e+01         -inf  1.00779e+05  1.73519e+01  1.73519e+01
5.579485941e-01  1.7291045e+01         -inf  1.00779e+05  1.72910e+01  1.72910e+01
5.601803884e-01  1.7237348e+01         -inf  1.00779e+05  1.72373e+01  1.72373e+01
5.624211100e-01  1.7184356e+01         -inf  1.00779e+05  1.71844e+01  1.71844e+01
5.646707944e-01  1.7125800e+01         -inf  1.00779e+05  1.71258e+01  1.71258e+01
5.669294776e-01  1.7062033e+01         -inf  1.00779e+05  1.70620e+01  1.70620e+01
5.691971955e-01  1.6997117e+01         -inf  1.00779e+05  1.69971e+01  1.69971e+01
5.714739843e-01  1.6932200e+01         -inf  1.00779e+05  1.69322e+01  1.69322e+01
5.737598803e-01  1.6860128e+01         -inf  1.00779e+05  1.68601e+01  1.68601e+01
5.760549198e-01  1.6774365e+01         -inf  1.00779e+05  1.67744e+01  1.67744e+01
5.783591395e-01  1.6680475e+01         -inf  1.00779e+05  1.66805e+01  1.66805e+01
5.806725760e-01  1.6579694e+01         -inf  1.00779e+05  1.65797e+01  1.65797e+01
5.829952663e-01  1.6478646e+01         -inf  1.00779e+05  1.64786e+01  1.64786e+01
5.853272474e-01  1.6385723e+01         -inf  1.00779e+05  1.63857e+01  1.63857e+01
5.876685564e-01  1.6299513e+01         -inf  1.00779e+05  1.62995e+01  1.62995e+01
5.900192306e-01  1.6220897e+01         -inf  1.00779e+05  1.62209e+01  1.62209e+01
5.923793075e-01  1.6153499e+01         -inf  1.00779e+05  1.61535e+01  1.61535e+01
5.947488247e-01  1.6098821e+01         -inf  1.00779e+05  1.60988e+01  1.60988e+01
5.971278200e-01  1.6048647e+01         -inf  1.00779e+05  1.60486e+01  1.60486e+01
5.995163313e-01  1.5993084e+01         -inf  1.00779e+05  1.59931e+01  1.59931e+01
6.019143966e-01  1.5922857e+01         -inf  1.00779e+05  1.59229e+01  1.59229e+01
6.043220542e-01  1.5834961e+01         -inf  1.00779e+05  1.58350e+01  1.58350e+01
6.067393425e-01  1.5732312e+01         -inf  1.00779e+05  1.57323e+01  1.57323e+01
6.091662998e-01  1.5620121e+01         -inf  1.00779e+05  1.56201e+01  1.56201e+01
6.116029650e-01  1.5505365e+01         -inf  1.00779e+05  1.55054e+01  1.55054e+01
6.140493769e-01  1.5392816e+01         -inf  1.00779e+05  1.53928e+01  1.53928e+01
6.165055744e-01  1.5284064e+01         -inf  1.00779e+05  1.52841e+01  1.52841e+01
6.189715967e-01  1.5179639e+01         -inf  1.00779e+05  1.51796e+01  1.51796e+01
6.214474831e-01  1.5079189e+01         -inf  1.00779e+05  1.50792e+01  1.50792e+01
6.239332730e-01  1.4980768e+01         -inf  1.00779e+05  1.49808e+01  1.49808e+01
6.264290061e-01  1.4881993e+01         -inf  1.00779e+05  1.48820e+01  1.48820e+01
6.289347221e-01  1.4973259e+01         -inf  1.00779e+05  1.49733e+01  1.49733e+01
6.314504610e-01  1.4728968e+01         -inf  1.00779e+05  1.47290e+01  1.47290e+01
6.339762629e-01  1.4578413e+01         -inf  1.00779e+05  1.45784e+01  1.45784e+01
6.365121679e-01  1.4470796e+01         -inf  1.00779e+05  1.44708e+01  1.44708e+01
6.390582166e-01  1.4364856e+01         -inf  1.00779e+05  1.43649e+01  1.43649e+01
6.416144494e-01  1.4259356e+01         -inf  1.00779e+05  1.42594e+01  1.42594e+01
6.441809072e-01  1.4157743e+01         -inf  1.00779e+05  1.41577e+01  1.41577e+01
6.467576309e-01  1.4058160e+01         -inf  1.00779e+05  1.40582e+01  1.40582e+01
6.493446614e-01  1.3960077e+01         -inf  1.00779e+05  1.39601e+01  1.39601e+01
6.519420400e-01  1.3863938e+01         -inf  1.00779e+05  1.38639e+01  1.38639e+01
6.545498082e-01  1.3767001e+01         -inf  1.00779e+05  1.37670e+01  1.37670e+01
6.571680074e-01  1.3670152e+01         -inf  1.00779e+05  1.36702e+01  1.36702e+01
6.597966795e-01  1.3574538e+01         -inf  1.00779e+05  1.35745e+01  1.35745e+01
6.624358662e-01  1.3480071e+01         -inf  1.00779e+05  1.34801e+01  1.34801e+01
6.650856096e-01  1.3384455e+01         -inf  1.00779e+05  1.33845e+01  1.33845e+01
6.677459521e-01  1.3287423e+01         -inf  1.00779e+05  1.32874e+01  1.32874e+01
6.704169359e-01  1.3191096e+01         -inf  1.00779e+05  1.31911e+01  1.31911e+01
6.730986036e-01  1.3096094e+01         -inf  1.00779e+05  1.30961e+01  1.30961e+01
6.757909981e-01  1.3002946e+01         -inf  1.00779e+05  1.30029e+01  1.30029e+01
6.784941620e-01  1.2910946e+01         -inf  1.00779e+05  1.29109e+01  1.29109e+01
6.812081387e-01  1.2821949e+01         -inf  1.00779e+05  1.28219e+01  1.28219e+01
6.839329712e-01  1.2736133e+01         -inf  1.00779e+05  1.27361e+01  1.27361e+01
6.866687031e-01  1.3369255e+01         -inf  1.00779e+05  1.33693e+01  1.33693e+01
6.894153779e-01  1.3483694e+01         -inf  1.00779e+05  1.34837e+01  1.34837e+01
6.921730395e-01  1.2762382e+01         -inf  1.00779e+05  1.27624e+01  1.27624e+01
6.949417316e-01  1.2393034e+01         -inf  1.00779e+05  1.23930e+01  1.23930e+01
6.977214985e-01  1.2291745e+01         -inf  1.00779e+05  1.22917e+01  1.22917e+01
7.005123845e-01  1.2205480e+01         -inf  1.00779e+05  1.22055e+01  1.22055e+01
7.033144341e-01  1.2122042e+01         -inf  1.00779e+05  1.21220e+01  1.21220e+01
7.061276918e-01  1.2040636e+01         -inf  1.00779e+05  1.20406e+01  1.20406e+01
7.089522026e-01  1.1960555e+01         -inf  1.00779e+05  1.19606e+01  1.19606e+01
7.117880114e-01  1.1882064e+01         -inf  1.00779e+05  1.18821e+01  1.18821e+01
7.146351634e-01  1.1806400e+01         -inf  1.00779e+05  1.18064e+01  1.18064e+01
7.174937041e-01  1.1729587e+01         -inf  1.00779e+05  1.17296e+01  1.17296e+01
7.203636789e-01  1.1647027e+01         -inf  1.00779e+05  1.16470e+01  1.16470e+01
7.232451336e-01  1.1564731e+01         -inf  1.00779e+05  1.15647e+01  1.15647e+01
7.261381142e-01  1.1486766e+01         -inf  1.00779e+05  1.14868e+01  1.14868e+01
7.290426666e-01  1.1406236e+01         -inf  1.00779e+05  1.14062e+01  1.14062e+01
7.319588373e-01  1.1326412e+01         -inf  1.00779e+05  1.13264e+01  1.13264e+01
7.348866726e-01  1.1250742e+01         -inf  1.00779e+05  1.12507e+01  1.12507e+01
7.378262193e-01  1.1177282e+01         -inf  1.00779e+05  1.11773e+01  1.11773e+01
7.407775242e-01  1.1105323e+01         -inf  1.00779e+05  1.11053e+01  1.11053e+01
7.437406343e-01  1.1036546e+01         -inf  1.00779e+05  1.10365e+01  1.10365e+01
7.467155968e-01  1.0969448e+01         -inf  1.00779e+05  1.09694e+01  1.09694e+01
7.497024592e-01  1.0896603e+01         -inf  1.00779e+05  1.08966e+01  1.08966e+01
7.527012690e-01  1.0816773e+01         -inf  1.00779e+05  1.08168e+01  1.08168e+01
7.557120741e-01  1.0739683e+01         -inf  1.00779e+05  1.07397e+01  1.07397e+01
7.587349224e-01  1.1715267e+01         -inf  1.00779e+05  1.17153e+01  1.17153e+01
7.617698621e-01  1.5500860e+01         -inf  1.00779e+05  1.55009e+01  1.55009e+01
7.648169416e-01  1.3345925e+01         -inf  1.00779e+05  1.33459e+01  1.33459e+01
7.678762093e-01  1.0999593e+01         -inf  1.00779e+05  1.09996e+01  1.09996e+01
7.709477142e-01  1.0406911e+01         -inf  1.00779e+05  1.04069e+01  1.04069e+01
7.740315050e-01  1.0319294e+01         -inf  1.00779e+05  1.03193e+01  1.03193e+01
7.771276310e-01  1.0256963e+01         -inf  1.00779e+05  1.02570e+01  1.02570e+01
7.802361416e-01  1.0192156e+01         -inf  1.00779e+05  1.01922e+01  1.01922e+01
7.833570861e-01  1.0121424e+01         -inf  1.00779e+05  1.01214e+01  1.01214e+01
7.864905145e-01  1.0044591e+01         -inf  1.00779e+05  1.00446e+01  1.00446e+01
7.896364765e-01  9.9743880e+00         -inf  1.00779e+05  9.97439e+00  9.97439e+00
7.927950224e-01  9.9042727e+00         -inf  1.00779e+05  9.90427e+00  9.90427e+00
7.959662025e-01  9.8361904e+00         -inf  1.00779e+05  9.83619e+00  9.83619e+00
7.991500673e-01  9.7701410e+00         -inf  1.00779e+05  9.77014e+00  9.77014e+00
8.023466676e-01  9.7049751e+00         -inf  1.00779e+05  9.70498e+00  9.70498e+00
8.055560543e-01  9.6415770e+00         -inf  1.00779e+05  9.64158e+00  9.64158e+00
8.087782785e-01  9.5821573e+00         -inf  1.00779e+05  9.58216e+00  9.58216e+00
8.120133916e-01  9.5251245e+00         -inf  1.00779e+05  9.52512e+00  9.52512e+00
8.152614452e-01  9.4694176e+00         -inf  1.00779e+05  9.46942e+00  9.46942e+00
8.185224910e-01  9.4098195e+00         -inf  1.00779e+05  9.40982e+00  9.40982e+00
8.217965809e-01  9.3412898e+00         -inf  1.00779e+05  9.34129e+00  9.34129e+00
8.250837672e-01  9.2705487e+00         -inf  1.00779e+05  9.27055e+00  9.27055e+00
8.283841023e-01  9.2032556e+00         -inf  1.00779e+05  9.20326e+00  9.20326e+00
8.316976387e-01  9.1384378e+00         -inf  1.00779e+05  9.13844e+00  9.13844e+00
8.350244293e-01  9.0759184e+00         -inf  1.00779e+05  9.07592e+00  9.07592e+00
8.383645270e-01  9.0164936e+00         -inf  1.00779e+05  9.01649e+00  9.01649e+00
8.417179851e-01  8.9583947e+00         -inf  1.00779e+05  8.95839e+00  8.95839e+00
8.450848570e-01  8.9010911e+00         -inf  1.00779e+05  8.90109e+00  8.90109e+00
8.484651965e-01  8.8465550e+00         -inf  1.00779e+05  8.84655e+00  8.84655e+00
8.518590573e-01  8.7962278e+00         -inf  1.00779e+05  8.79623e+00  8.79623e+00
8.552664935e-01  8.7412663e+00         -inf  1.00779e+05  8.74127e+00  8.74127e+00
8.586875595e-01  8.6837220e+00         -inf  1.00779e+05  8.68372e+00  8.68372e+00
8.621223097e-01  8.6252841e+00         -inf  1.00779e+05  8.62528e+00  8.62528e+00
8.655707989e-01  8.5639626e+00         -inf  1.00779e+05  8.56396e+00  8.56396e+00
8.690330821e-01  8.5120590e+00         -inf  1.00779e+05  8.51206e+00  8.51206e+00
8.725092145e-01  8.4483575e+00         -inf  1.00779e+05  8.44836e+00  8.44836e+00
8.759992513e-01  8.3893691e+00         -inf  1.00779e+05  8.38937e+00  8.38937e+00
8.795032483e-01  8.3395690e+00         -inf  1.00779e+05  8.33957e+00  8.33957e+00
8.830212613e-01  8.3139038e+00         -inf  1.00779e+05  8.31390e+00  8.31390e+00
8.865533464e-01  8.2660577e+00         -inf  1.00779e+05  8.26606e+00  8.26606e+00
8.900995597e-01  8.2079875e+00         -inf  1.00779e+05  8.20799e+00  8.20799e+00
8.936599580e-01  8.1495010e+00         -inf  1.00779e+05  8.14950e+00  8.14950e+00
8.972345978e-01  8.1019102e+00         -inf  1.00779e+05  8.10191e+00  8.10191e+00
9.008235362e-01  8.0501268e+00         -inf  1.00779e+05  8.05013e+00  8.05013e+00
9.044268304e-01  7.9888706e+00         -inf  1.00779e+05  7.98887e+00  7.98887e+00
9.080445377e-01  7.9332390e+00         -inf  1.00779e+05  7.93324e+00  7.93324e+00
9.116767158e-01  7.8817372e+00         -inf  1.00779e+05  7.88174e+00  7.88174e+00
9.153234227e-01  7.8301201e+00         -inf  1.00779e+05  7.83012e+00  7.83012e+00
9.189847164e-01  7.7776447e+00         -inf  1.00779e+05  7.77764e+00  7.77764e+00
9.226606552e-01  7.7292728e+00         -inf  1.00779e+05  7.72927e+00  7.72927e+00
9.263512979e-01  7.6832533e+00         -inf  1.00779e+05  7.68325e+00  7.68325e+00
9.300567031e-01  7.6561792e+00         -inf  1.00779e+05  7.65618e+00  7.65618e+00
9.337769299e-01  7.6767612e+00         -inf  1.00779e+05  7.67676e+00  7.67676e+00
9.375120376e-01  7.6647410e+00         -inf  1.00779e+05  7.66474e+00  7.66474e+00
9.412620857e-01  7.6025525e+00         -inf  1.00779e+05  7.60255e+00  7.60255e+00
9.450271341e-01  7.5538432e+00         -inf  1.00779e+05  7.55384e+00  7.55384e+00
9.488072426e-01  7.4898492e+00         -inf  1.00779e+05  7.48985e+00  7.48985e+00
9.526024716e-01  7.4160895e+00         -inf  1.00779e+05  7.41609e+00  7.41609e+00
9.564128815e-01  7.3425058e+00         -inf  1.00779e+05  7.34251e+00  7.34251e+00
9.602385330e-01  7.2874790e+00         -inf  1.00779e+05  7.28748e+00  7.28748e+00
9.640794871e-01  7.2413856e+00         -inf  1.00779e+05  7.24139e+00  7.24139e+00
9.679358051e-01  7.1934431e+00         -inf  1.00779e+05  7.19344e+00  7.19344e+00
9.718075483e-01  7.1516215e+00         -inf  1.00779e+05  7.15162e+00  7.15162e+00
9.756947785e-01  7.1074554e+00         -inf  1.00779e+05  7.10746e+00  7.10746e+00
9.795975576e-01  7.0636429e+00         -inf  1.00779e+05  7.06364e+00  7.06364e+00
9.835159478e-01  7.0195205e+00         -inf  1.00779e+05  7.01952e+00  7.01952e+00
9.874500116e-01  6.9807584e+00         -inf  1.00779e+05  6.98076e+00  6.98076e+00
9.913998117e-01  6.9463216e+00         -inf  1.00779e+05  6.94632e+00  6.94632e+00
9.953654109e-01  6.9043922e+00         -inf  1.00779e+05  6.90439e+00  6.90439e+00
9.993468726e-01  6.8627456e+00         -inf  1.00779e+05  6.86275e+00  6.86275e+00
1.003344260e+00  6.8221602e+00         -inf  1.00779e+05  6.82216e+00  6.82216e+00
1.007357637e+00  6.7831581e+00         -inf  1.00779e+05  6.78316e+00  6.78316e+00
1.011387068e+00  6.7453233e+00         -inf  1.00779e+05  6.74532e+00  6.74532e+00
1.015432616e+00  6.7062499e+00         -inf  1.00779e+05  6.70625e+00  6.70625e+00
1.019494346e+00  6.6664775e+00         -inf  1.00779e+05  6.66648e+00  6.66648e+00
1.023572324e+00  6.6276867e+00         -inf  1.00779e+05  6.62769e+00  6.62769e+00
1.027666613e+00  6.5899837e+00         -inf  1.00779e+05  6.58998e+00  6.58998e+00
1.031777280e+00  6.5523337e+00         -inf  1.00779e+05  6.55233e+00  6.55233e+00
1.035904389e+00  6.5307131e+00         -inf  1.00779e+05  6.53071e+00  6.53071e+00
1.040048006e+00  6.5110298e+00         -inf  1.00779e+05  6.51103e+00  6.51103e+00
1.044208198e+00  6.4564825e+00         -inf  1.00779e+05  6.45648e+00  6.45648e+00
1.048385031e+00  6.4630112e+00         -inf  1.00779e+05  6.46301e+00  6.46301e+00
1.052578571e+00  6.4808015e+00         -inf  1.00779e+05  6.48080e+00  6.48080e+00
1.056788885e+00  6.3764388e+00         -inf  1.00779e+05  6.37644e+00  6.37644e+00
1.061016041e+00  6.3505447e+00         -inf  1.00779e+05  6.35054e+00  6.35054e+00
1.065260105e+00  6.3537826e+00         -inf  1.00779e+05  6.35378e+00  6.35378e+00
1.069521146e+00  6.2952795e+00         -inf  1.00779e+05  6.29528e+00  6.29528e+00
1.073799230e+00  6.2381117e+00         -inf  1.00779e+05  6.23811e+00  6.23811e+00
1.078094427e+00  6.1952930e+00         -inf  1.00779e+05  6.19529e+00  6.19529e+00
1.082406805e+00  6.1585519e+00         -inf  1.00779e+05  6.15855e+00  6.15855e+00
1.086736432e+00  6.1257121e+00         -inf  1.00779e+05  6.12571e+00  6.12571e+00
1.091083378e+00  6.0968887e+00         -inf  1.00779e+05  6.09689e+00  6.09689e+00
1.095447711e+00  6.0700380e+00         -inf  1.00779e+05  6.07004e+00  6.07004e+00
1.099829502e+00  6.0413824e+00         -inf  1.00779e+05  6.04138e+00  6.04138e+00
1.104228820e+00  6.0142395e+00         -inf  1.00779e+05  6.01424e+00  6.01424e+00
1.108645735e+00  5.9968372e+00         -inf  1.00779e+05  5.99684e+00  5.99684e+00
1.113080318e+00  6.0147703e+00         -inf  1.00779e+05  6.01477e+00  6.01477e+00
1.117532640e+00  6.0730637e+00         -inf  1.00779e+05  6.07306e+00  6.07306e+00
1.122002770e+00  6.2147384e+00         -inf  1.00779e+05  6.21474e+00  6.21474e+00
1.126490781e+00  6.3481031e+00         -inf  1.00779e+05  6.34810e+00  6.34810e+00
1.130996744e+00  6.3143176e+00         -inf  1.00779e+05  6.31432e+00  6.31432e+00
1.135520731e+00  6.2951468e+00         -inf  1.00779e+05  6.29515e+00  6.29515e+00
1.140062814e+00  6.1158743e+00         -inf  1.00779e+05  6.11587e+00  6.11587e+00
1.144623065e+00  6.0747800e+00         -inf  1.00779e+05  6.07478e+00  6.07478e+00
1.149201558e+00  6.0855291e+00         -inf  1.00779e+05  6.08553e+00  6.08553e+00
1.153798364e+00  6.1576938e+00         -inf  1.00779e+05  6.15769e+00  6.15769e+00
1.158413557e+00  6.0179022e+00         -inf  1.00779e+05  6.01790e+00  6.01790e+00
1.163047212e+00  6.1124417e+00         -inf  1.00779e+05  6.11244e+00  6.11244e+00
1.167699401e+00  5.9455856e+00         -inf  1.00779e+05  5.94559e+00  5.94559e+00
1.172370198e+00  5.8303586e+00         -inf  1.00779e+05  5.83036e+00  5.83036e+00
1.177059679e+00  5.7328954e+00         -inf  1.00779e+05  5.73290e+00  5.73290e+00
1.181767918e+00  5.6765632e+00         -inf  1.00779e+05  5.67656e+00  5.67656e+00
1.186494989e+00  5.6365898e+00         -inf  1.00779e+05  5.63659e+00  5.63659e+00
1.191240969e+00  5.5951474e+00         -inf  1.00779e+05  5.59515e+00  5.59515e+00
1.196005933e+00  5.5361154e+00         -inf  1.00779e+05  5.53612e+00  5.53612e+00
1.200789957e+00  5.6955589e+00         -inf  1.00779e+05  5.69556e+00  5.69556e+00
1.205593117e+00  6.7635905e+00         -inf  1.00779e+05  6.76359e+00  6.76359e+00
1.210415489e+00  6.0054012e+00         -inf  1.00779e+05  6.00540e+00  6.00540e+00
1.215257151e+00  5.5650829e+00         -inf  1.00779e+05  5.56508e+00  5.56508e+00
1.220118180e+00  6.4476360e+00         -inf  1.00779e+05  6.44764e+00  6.44764e+00
1.224998652e+00  5.8450452e+00         -inf  1.00779e+05  5.84505e+00  5.84505e+00
1.229898647e+00  5.4331886e+00         -inf  1.00779e+05  5.43319e+00  5.43319e+00
1.234818242e+00  5.4026987e+00         -inf  1.00779e+05  5.40270e+00  5.40270e+00
1.239757515e+00  5.3655815e+00         -inf  1.00779e+05  5.36558e+00  5.36558e+00
1.244716545e+00  5.3656169e+00         -inf  1.00779e+05  5.36562e+00  5.36562e+00
1.249695411e+00  5.4677219e+00         -inf  1.00779e+05  5.46772e+00  5.46772e+00
1.254694192e+00  5.7321080e+00         -inf  1.00779e+05  5.73211e+00  5.73211e+00
1.259712969e+00  6.4016339e+00         -inf  1.00779e+05  6.40163e+00  6.40163e+00
1.264751821e+00  7.5469794e+00         -inf  1.00779e+05  7.54698e+00  7.54698e+00
1.269810828e+00  8.3270195e+00         -inf  1.00779e+05  8.32702e+00  8.32702e+00
1.274890072e+00  6.3920973e+00         -inf  1.00779e+05  6.39210e+00  6.39210e+00
1.279989632e+00  5.6478351e+00         -inf  1.00779e+05  5.64784e+00  5.64784e+00
1.285109591e+00  5.2916207e+00         -inf  1.00779e+05  5.29162e+00  5.29162e+00
1.290250029e+00  5.2874887e+00         -inf  1.00779e+05  5.28749e+00  5.28749e+00
1.295411029e+00  5.2295246e+00         -inf  1.00779e+05  5.22952e+00  5.22952e+00
1.300592673e+00  5.0988799e+00         -inf  1.00779e+05  5.09888e+00  5.09888e+00
1.305795044e+00  5.0794401e+00         -inf  1.00779e+05  5.07944e+00  5.07944e+00
1.311018224e+00  5.1604553e+00         -inf  1.00779e+05  5.16046e+00  5.16046e+00
1.316262297e+00  5.5435564e+00         -inf  1.00779e+05  5.54356e+00  5.54356e+00
1.321527346e+00  5.4235621e+00         -inf  1.00779e+05  5.42356e+00  5.42356e+00
1.326813455e+00  5.1846199e+00         -inf  1.00779e+05  5.18462e+00  5.18462e+00
1.332120709e+00  5.6159129e+00         -inf  1.00779e+05  5.61591e+00  5.61591e+00
1.337449192e+00  5.4499908e+00         -inf  1.00779e+05  5.44999e+00  5.44999e+00
1.342798989e+00  5.6671317e+00         -inf  1.00779e+05  5.66713e+00  5.66713e+00
1.348170185e+00  5.8014808e+00         -inf  1.00779e+05  5.80148e+00  5.80148e+00
1.353562866e+00  6.4854459e+00         -inf  1.00779e+05  6.48545e+00  6.48545e+00
1.358977117e+00  7.2333805e+00         -inf  1.00779e+05  7.23338e+00  7.23338e+00
1.364413026e+00  7.5480408e+00         -inf  1.00779e+05  7.54804e+00  7.54804e+00
1.369870678e+00  7.5174989e+00         -inf  1.00779e+05  7.51750e+00  7.51750e+00
1.375350160e+00  7.4154703e+00         -inf  1.00779e+05  7.41547e+00  7.41547e+00
1.380851561e+00  7.3872718e+00         -inf  1.00779e+05  7.38727e+00  7.38727e+00
1.386374967e+00  7.3473796e+00         -inf  1.00779e+05  7.34738e+00  7.34738e+00
1.391920467e+00  7.2914329e+00         -inf  1.00779e+05  7.29143e+00  7.29143e+00
1.397488149e+00  7.2156011e+00         -inf  1.00779e+05  7.21560e+00  7.21560e+00
1.403078102e+00  6.9809530e+00         -inf  1.00779e+05  6.98095e+00  6.98095e+00
1.408690414e+00  6.5096586e+00         -inf  1.00779e+05  6.50966e+00  6.50966e+00
1.414325176e+00  5.8293323e+00         -inf  1.00779e+05  5.82933e+00  5.82933e+00
1.419982476e+00  5.4096178e+00         -inf  1.00779e+05  5.40962e+00  5.40962e+00
1.425662406e+00  5.2724469e+00         -inf  1.00779e+05  5.27245e+00  5.27245e+00
1.431365056e+00  1.0226372e+01         -inf  1.00779e+05  1.02264e+01  1.02264e+01
1.437090516e+00  1.0173677e+01         -inf  1.00779e+05  1.01737e+01  1.01737e+01
1.442838878e+00  7.7652798e+00         -inf  1.00779e+05  7.76528e+00  7.76528e+00
1.448610234e+00  5.8850439e+00         -inf  1.00779e+05  5.88504e+00  5.88504e+00
1.454404675e+00  5.1407679e+00         -inf  1.00779e+05  5.14077e+00  5.14077e+00
1.460222293e+00  5.0031135e+00         -inf  1.00779e+05  5.00311e+00  5.00311e+00
1.466063182e+00  4.9890621e+00         -inf  1.00779e+05  4.98906e+00  4.98906e+00
1.471927435e+00  5.5472370e+00         -inf  1.00779e+05  5.54724e+00  5.54724e+00
1.477815145e+00  5.3692003e+00         -inf  1.00779e+05  5.36920e+00  5.36920e+00
1.483726405e+00  4.9039478e+00         -inf  1.00779e+05  4.90395e+00  4.90395e+00
1.489661311e+00  4.7259112e+00         -inf  1.00779e+05  4.72591e+00  4.72591e+00
1.495619956e+00  4.8223542e+00         -inf  1.00779e+05  4.82235e+00  4.82235e+00
1.501602436e+00  4.7034881e+00         -inf  1.00779e+05  4.70349e+00  4.70349e+00
1.507608846e+00  4.6059372e+00         -inf  1.00779e+05  4.60594e+00  4.60594e+00
1.513639281e+00  4.6039020e+00         -inf  1.00779e+05  4.60390e+00  4.60390e+00
1.519693838e+00  4.6251661e+00         -inf  1.00779e+05  4.62517e+00  4.62517e+00
1.525772614e+00  4.7532807e+00         -inf  1.00779e+05  4.75328e+00  4.75328e+00
1.531875704e+00  5.3511150e+00         -inf  1.00779e+05  5.35112e+00  5.35112e+00
1.538003207e+00  5.7064325e+00         -inf  1.00779e+05  5.70643e+00  5.70643e+00
1.544155220e+00  5.1560135e+00         -inf  1.00779e+05  5.15601e+00  5.15601e+00
1.550331841e+00  4.5483475e+00         -inf  1.00779e+05  4.54835e+00  4.54835e+00
1.556533168e+00  4.5262867e+00         -inf  1.00779e+05  4.52629e+00  4.52629e+00
1.562759301e+00  4.5399143e+00         -inf  1.00779e+05  4.53991e+00  4.53991e+00
1.569010338e+00  6.7859888e+00         -inf  1.00779e+05  6.78599e+00  6.78599e+00
1.575286379e+00  8.5498923e+00         -inf  1.00779e+05  8.54989e+00  8.54989e+00
1.581587525e+00  6.8913622e+00         -inf  1.00779e+05  6.89136e+00  6.89136e+00
1.587913875e+00  4.7339548e+00         -inf  1.00779e+05  4.73395e+00  4.73395e+00
1.594265530e+00  4.6594559e+00         -inf  1.00779e+05  4.65946e+00  4.65946e+00
1.600642593e+00  8.1630326e+00         -inf  1.00779e+05  8.16303e+00  8.16303e+00
1.607045163e+00  8.3666757e+00         -inf  1.00779e+05  8.36668e+00  8.36668e+00
1.613473344e+00  6.5768823e+00         -inf  1.00779e+05  6.57688e+00  6.57688e+00
1.619927237e+00  4.9104162e+00         -inf  1.00779e+05  4.91042e+00  4.91042e+00
1.626406946e+00  4.8459714e+00         -inf  1.00779e+05  4.84597e+00  4.84597e+00
1.632912574e+00  5.2163850e+00         -inf  1.00779e+05  5.21638e+00  5.21638e+00
1.639444224e+00  5.7288875e+00         -inf  1.00779e+05  5.72889e+00  5.72889e+00
1.646002001e+00  5.9175222e+00         -inf  1.00779e+05  5.91752e+00  5.91752e+00
1.652586009e+00  5.7277727e+00         -inf  1.00779e+05  5.72777e+00  5.72777e+00
1.659196353e+00  4.9775590e+00         -inf  1.00779e+05  4.97756e+00  4.97756e+00
1.665833138e+00  6.5761658e+00         -inf  1.00779e+05  6.57617e+00  6.57617e+00
1.672496471e+00  4.9505179e+00         -inf  1.00779e+05  4.95052e+00  4.95052e+00
1.679186457e+00  5.0085199e+00         -inf  1.00779e+05  5.00852e+00  5.00852e+00
1.685903203e+00  5.0387994e+00         -inf  1.00779e+05  5.03880e+00  5.03880e+00
1.692646815e+00  5.1561020e+00         -inf  1.00779e+05  5.15610e+00  5.15610e+00
1.699417403e+00  5.2885151e+00         -inf  1.00779e+05  5.28852e+00  5.28852e+00
1.706215072e+00  6.1350191e+00         -inf  1.00779e+05  6.13502e+00  6.13502e+00
1.713039933e+00  5.3193594e+00         -inf  1.00779e+05  5.31936e+00  5.31936e+00
1.719892092e+00  5.1891237e+00         -inf  1.00779e+05  5.18912e+00  5.18912e+00
1.726771661e+00  5.8291554e+00         -inf  1.00779e+05  5.82916e+00  5.82916e+00
1.733678747e+00  5.1555711e+00         -inf  1.00779e+05  5.15557e+00  5.15557e+00
1.740613462e+00  4.8813396e+00         -inf  1.00779e+05  4.88134e+00  4.88134e+00
1.747575916e+00  4.7073640e+00         -inf  1.00779e+05  4.70736e+00  4.70736e+00
1.754566220e+00  4.6475895e+00         -inf  1.00779e+05  4.64759e+00  4.64759e+00
1.761584485e+00  4.6727824e+00         -inf  1.00779e+05  4.67278e+00  4.67278e+00
1.768630823e+00  5.0156341e+00         -inf  1.00779e+05  5.01563e+00  5.01563e+00
1.775705346e+00  5.2962306e+00         -inf  1.00779e+05  5.29623e+00  5.29623e+00
1.782808167e+00  4.9507391e+00         -inf  1.00779e+05  4.95074e+00  4.95074e+00
1.789939400e+00  5.6413409e+00         -inf  1.00779e+05  5.64134e+00  5.64134e+00
1.797099158e+00  4.9786828e+00         -inf  1.00779e+05  4.97868e+00  4.97868e+00
1.804287554e+00  5.0903059e+00         -inf  1.00779e+05  5.09031e+00  5.09031e+00
1.811504704e+00  5.3089895e+00         -inf  1.00779e+05  5.30899e+00  5.30899e+00
1.818750723e+00  5.7305243e+00         -inf  1.00779e+05  5.73052e+00  5.73052e+00
1.826025726e+00  6.2982077e+00         -inf  1.00779e+05  6.29821e+00  6.29821e+00
1.833329829e+00  6.7542933e+00         -inf  1.00779e+05  6.75429e+00  6.75429e+00
1.840663148e+00  7.0883312e+00         -inf  1.00779e+05  7.08833e+00  7.08833e+00
1.848025801e+00  7.2496384e+00         -inf  1.00779e+05  7.24964e+00  7.24964e+00
1.855417904e+00  7.2855772e+00         -inf  1.00779e+05  7.28558e+00  7.28558e+00
1.862839576e+00  7.2380951e+00         -inf  1.00779e+05  7.23810e+00  7.23810e+00
1.870290934e+00  7.1921340e+00         -inf  1.00779e+05  7.19213e+00  7.19213e+00
1.877772098e+00  7.8194889e+00         -inf  1.00779e+05  7.81949e+00  7.81949e+00
1.885283186e+00  7.7360744e+00         -inf  1.00779e+05  7.73607e+00  7.73607e+00
1.892824319e+00  7.0096664e+00         -inf  1.00779e+05  7.00967e+00  7.00967e+00
1.900395616e+00  6.9057898e+00         -inf  1.00779e+05  6.90579e+00  6.90579e+00
1.907997199e+00  6.8133407e+00         -inf  1.00779e+05  6.81334e+00  6.81334e+00
1.915629188e+00  6.5748565e+00         -inf  1.00779e+05  6.57486e+00  6.57486e+00
1.923291704e+00  6.0628099e+00         -inf  1.00779e+05  6.06281e+00  6.06281e+00
1.930984871e+00  5.3903381e+00         -inf  1.00779e+05  5.39034e+00  5.39034e+00
1.938708811e+00  5.4015662e+00         -inf  1.00779e+05  5.40157e+00  5.40157e+00
1.946463646e+00  9.2991990e+00         -inf  1.00779e+05  9.29920e+00  9.29920e+00
1.954249500e+00  1.5996882e+01         -inf  1.00779e+05  1.59969e+01  1.59969e+01
1.962066498e+00  1.5629220e+01         -inf  1.00779e+05  1.56292e+01  1.56292e+01
1.969914764e+00  1.3301032e+01         -inf  1.00779e+05  1.33010e+01  1.33010e+01
1.977794423e+00  7.5873834e+00         -inf  1.00779e+05  7.58738e+00  7.58738e+00
1.985705601e+00  5.7439105e+00         -inf  1.00779e+05  5.74391e+00  5.74391e+00
1.993648424e+00  7.5243450e+00         -inf  1.00779e+05  7.52434e+00  7.52434e+00
2.001623017e+00  1.8553516e+01         -inf  1.00779e+05  1.85535e+01  1.85535e+01
2.009629509e+00  1.9514865e+01         -inf  1.00779e+05  1.95149e+01  1.95149e+01
2.017668027e+00  1.7399234e+01         -inf  1.00779e+05  1.73992e+01  1.73992e+01
2.025738699e+00  1.0922771e+01         -inf  1.00779e+05  1.09228e+01  1.09228e+01
2.033841654e+00  9.4158323e+00         -inf  1.00779e+05  9.41583e+00  9.41583e+00
2.041977021e+00  1.0124784e+01         -inf  1.00779e+05  1.01248e+01  1.01248e+01
2.050144929e+00  1.3494387e+01         -inf  1.00779e+05  1.34944e+01  1.34944e+01
2.058345509e+00  1.4763249e+01         -inf  1.00779e+05  1.47632e+01  1.47632e+01
2.066578891e+00  1.4151469e+01         -inf  1.00779e+05  1.41515e+01  1.41515e+01
2.074845206e+00  1.0764613e+01         -inf  1.00779e+05  1.07646e+01  1.07646e+01
2.083144587e+00  9.0355945e+00         -inf  1.00779e+05  9.03559e+00  9.03559e+00
2.091477165e+00  7.5471563e+00         -inf  1.00779e+05  7.54716e+00  7.54716e+00
2.099843074e+00  6.3566578e+00         -inf  1.00779e+05  6.35666e+00  6.35666e+00
2.108242446e+00  6.6428846e+00         -inf  1.00779e+05  6.64288e+00  6.64288e+00
2.116675416e+00  6.1416012e+00         -inf  1.00779e+05  6.14160e+00  6.14160e+00
2.125142118e+00  5.6109316e+00         -inf  1.00779e+05  5.61093e+00  5.61093e+00
2.133642686e+00  5.2050505e+00         -inf  1.00779e+05  5.20505e+00  5.20505e+00
2.142177257e+00  5.4060875e+00         -inf  1.00779e+05  5.40609e+00  5.40609e+00
2.150745966e+00  6.3194310e+00         -inf  1.00779e+05  6.31943e+00  6.31943e+00
2.159348950e+00  6.4478837e+00         -inf  1.00779e+05  6.44788e+00  6.44788e+00
2.167986346e+00  6.2681908e+00         -inf  1.00779e+05  6.26819e+00  6.26819e+00
2.176658291e+00  5.8459919e+00         -inf  1.00779e+05  5.84599e+00  5.84599e+00
2.185364924e+00  5.1359810e+00         -inf  1.00779e+05  5.13598e+00  5.13598e+00
2.194106384e+00  5.3275527e+00         -inf  1.00779e+05  5.32755e+00  5.32755e+00
2.202882810e+00  8.0709640e+00         -inf  1.00779e+05  8.07096e+00  8.07096e+00
2.211694341e+00  4.9746125e+00         -inf  1.00779e+05  4.97461e+00  4.97461e+00
2.220541118e+00  5.7041145e+00         -inf  1.00779e+05  5.70411e+00  5.70411e+00
2.229423283e+00  6.2905465e+00         -inf  1.00779e+05  6.29055e+00  6.29055e+00
2.238340976e+00  6.7112480e+00         -inf  1.00779e+05  6.71125e+00  6.71125e+00
2.247294340e+00  7.2832774e+00         -inf  1.00779e+05  7.28328e+00  7.28328e+00
2.256283517e+00  8.0032162e+00         -inf  1.00779e+05  8.00322e+00  8.00322e+00
2.265308651e+00  8.2302658e+00         -inf  1.00779e+05  8.23027e+00  8.23027e+00
2.274369886e+00  8.7185210e+00         -inf  1.00779e+05  8.71852e+00  8.71852e+00
2.283467365e+00  8.6063500e+00         -inf  1.00779e+05  8.60635e+00  8.60635e+00
2.292601235e+00  9.5120378e+00         -inf  1.00779e+05  9.51204e+00  9.51204e+00
2.301771640e+00  1.0668780e+01         -inf  1.00779e+05  1.06688e+01  1.06688e+01
2.310978726e+00  6.9471796e+00         -inf  1.00779e+05  6.94718e+00  6.94718e+00
2.320222641e+00  1.0018862e+01         -inf  1.00779e+05  1.00189e+01  1.00189e+01
2.329503532e+00  8.5958615e+00         -inf  1.00779e+05  8.59586e+00  8.59586e+00
2.338821546e+00  9.9010012e+00         -inf  1.00779e+05  9.90100e+00  9.90100e+00
2.348176832e+00  1.0559861e+01         -inf  1.00779e+05  1.05599e+01  1.05599e+01
2.357569539e+00  8.9141790e+00         -inf  1.00779e+05  8.91418e+00  8.91418e+00
2.366999817e+00  9.1961813e+00         -inf  1.00779e+05  9.19618e+00  9.19618e+00
2.376467817e+00  9.4743693e+00         -inf  1.00779e+05  9.47437e+00  9.47437e+00
2.385973688e+00  7.6170051e+00         -inf  1.00779e+05  7.61701e+00  7.61701e+00
2.395517583e+00  7.7086998e+00         -inf  1.00779e+05  7.70870e+00  7.70870e+00
2.405099653e+00  6.4537224e+00         -inf  1.00779e+05  6.45372e+00  6.45372e+00
2.414720052e+00  5.5826013e+00         -inf  1.00779e+05  5.58260e+00  5.58260e+00
2.424378932e+00  6.4985828e+00         -inf  1.00779e+05  6.49858e+00  6.49858e+00
2.434076448e+00  5.5375133e+00         -inf  1.00779e+05  5.53751e+00  5.53751e+00
2.443812753e+00  5.1596855e+00         -inf  1.00779e+05  5.15969e+00  5.15969e+00
2.453588004e+00  5.0124221e+00         -inf  1.00779e+05  5.01242e+00  5.01242e+00
2.463402356e+00  4.8428655e+00         -inf  1.00779e+05  4.84287e+00  4.84287e+00
2.473255966e+00  4.8041257e+00         -inf  1.00779e+05  4.80413e+00  4.80413e+00
2.483148990e+00  5.0770155e+00         -inf  1.00779e+05  5.07702e+00  5.07702e+00
2.493081586e+00  5.1245312e+00         -inf  1.00779e+05  5.12453e+00  5.12453e+00
2.503053912e+00  5.3303575e+00         -inf  1.00779e+05  5.33036e+00  5.33036e+00
2.513066128e+00  5.6375452e+00         -inf  1.00779e+05  5.63755e+00  5.63755e+00
2.523118392e+00  6.0011987e+00         -inf  1.00779e+05  6.00120e+00  6.00120e+00
2.533210866e+00  6.5086854e+00         -inf  1.00779e+05  6.50869e+00  6.50869e+00
2.543343709e+00  6.8678937e+00         -inf  1.00779e+05  6.86789e+00  6.86789e+00
2.553517084e+00  7.6988288e+00         -inf  1.00779e+05  7.69883e+00  7.69883e+00
2.563731152e+00  8.7397891e+00         -inf  1.00779e+05  8.73979e+00  8.73979e+00
2.573986077e+00  9.2021940e+00         -inf  1.00779e+05  9.20219e+00  9.20219e+00
2.584282021e+00  9.7785402e+00         -inf  1.00779e+05  9.77854e+00  9.77854e+00
2.594619149e+00  1.0349531e+01         -inf  1.00779e+05  1.03495e+01  1.03495e+01
2.604997626e+00  1.0294450e+01         -inf  1.00779e+05  1.02944e+01  1.02945e+01
2.615417616e+00  1.0366506e+01         -inf  1.00779e+05  1.03665e+01  1.03665e+01
2.625879287e+00  9.8785419e+00         -inf  1.00779e+05  9.87854e+00  9.87854e+00
2.636382804e+00  9.5918826e+00         -inf  1.00779e+05  9.59188e+00  9.59188e+00
2.646928335e+00  9.5680084e+00         -inf  1.00779e+05  9.56801e+00  9.56801e+00
2.657516049e+00  1.0422470e+01         -inf  1.00779e+05  1.04225e+01  1.04225e+01
2.668146113e+00  1.9196667e+01         -inf  1.00779e+05  1.91967e+01  1.91967e+01
2.678818697e+00  3.0052501e+01         -inf  1.00779e+05  3.00525e+01  3.00525e+01
2.689533972e+00  2.9594482e+01         -inf  1.00779e+05  2.95945e+01  2.95945e+01
2.700292108e+00  3.0284760e+01         -inf  1.00779e+05  3.02848e+01  3.02848e+01
2.711093276e+00  2.6574595e+01         -inf  1.00779e+05  2.65746e+01  2.65746e+01
2.721937650e+00  2.0607863e+01         -inf  1.00779e+05  2.06079e+01  2.06079e+01
2.732825400e+00  1.8929311e+01         -inf  1.00779e+05  1.89293e+01  1.89293e+01
2.743756702e+00  2.2890733e+01         -inf  1.00779e+05  2.28907e+01  2.28907e+01
2.754731729e+00  2.8860139e+01         -inf  1.00779e+05  2.88601e+01  2.88601e+01
2.765750655e+00  2.8209740e+01         -inf  1.00779e+05  2.82097e+01  2.82097e+01
2.776813658e+00  2.9458551e+01         -inf  1.00779e+05  2.94586e+01  2.94586e+01
2.787920913e+00  2.6726549e+01         -inf  1.00779e+05  2.67265e+01  2.67265e+01
2.799072596e+00  2.2656710e+01         -inf  1.00779e+05  2.26567e+01  2.26567e+01
2.810268887e+00  2.0314523e+01         -inf  1.00779e+05  2.03145e+01  2.03145e+01
2.821509962e+00  1.8176103e+01         -inf  1.00779e+05  1.81761e+01  1.81761e+01
2.832796002e+00  1.5108605e+01         -inf  1.00779e+05  1.51086e+01  1.51086e+01
2.844127186e+00  1.5621972e+01         -inf  1.00779e+05  1.56220e+01  1.56220e+01
2.855503695e+00  1.3923580e+01         -inf  1.00779e+05  1.39236e+01  1.39236e+01
2.866925710e+00  1.4262445e+01         -inf  1.00779e+05  1.42624e+01  1.42624e+01
2.878393413e+00  1.2415392e+01         -inf  1.00779e+05  1.24154e+01  1.24154e+01
2.889906986e+00  1.1441149e+01         -inf  1.00779e+05  1.14411e+01  1.14412e+01
2.901466614e+00  8.3811411e+00         -inf  1.00779e+05  8.38114e+00  8.38114e+00
2.913072481e+00  5.9340105e+00         -inf  1.00779e+05  5.93401e+00  5.93401e+00
2.924724770e+00  5.1039027e+00         -inf  1.00779e+05  5.10390e+00  5.10391e+00
2.936423670e+00  4.5954478e+00         -inf  1.00779e+05  4.59545e+00  4.59545e+00
2.948169364e+00  5.0663055e+00         -inf  1.00779e+05  5.06631e+00  5.06631e+00
2.959962042e+00  6.8820521e+00         -inf  1.00779e+05  6.88205e+00  6.88206e+00
2.971801890e+00  6.7224869e+00         -inf  1.00779e+05  6.72249e+00  6.72249e+00
2.983689097e+00  7.4548882e+00         -inf  1.00779e+05  7.45489e+00  7.45489e+00
2.995623854e+00  5.7299884e+00         -inf  1.00779e+05  5.72999e+00  5.72999e+00
3.007606349e+00  5.3484464e+00         -inf  1.00779e+05  5.34845e+00  5.34845e+00
3.019636775e+00  5.2517010e+00         -inf  1.00779e+05  5.25170e+00  5.25171e+00
3.031715322e+00  4.6006128e+00         -inf  1.00779e+05  4.60061e+00  4.60062e+00
3.043842183e+00  4.4952726e+00         -inf  1.00779e+05  4.49527e+00  4.49528e+00
3.056017552e+00  4.5245185e+00         -inf  1.00779e+05  4.52452e+00  4.52453e+00
3.068241622e+00  4.5476141e+00         -inf  1.00779e+05  4.54761e+00  4.54762e+00
3.080514588e+00  4.5755146e+00         -inf  1.00779e+05  4.57551e+00  4.57552e+00
3.092836647e+00  4.6088129e+00         -inf  1.00779e+05  4.60881e+00  4.60882e+00
3.105207993e+00  4.6909482e+00         -inf  1.00779e+05  4.69095e+00  4.69096e+00
3.117628825e+00  4.9649923e+00         -inf  1.00779e+05  4.96499e+00  4.96500e+00
3.130099341e+00  5.1273688e+00         -inf  1.00779e+05  5.12737e+00  5.12738e+00
3.142619738e+00  4.8803980e+00         -inf  1.00779e+05  4.88040e+00  4.88041e+00
3.155190217e+00  5.8388645e+00         -inf  1.00779e+05  5.83886e+00  5.83888e+00
3.167810978e+00  5.8607340e+00         -inf  1.00779e+05  5.86073e+00  5.86075e+00
3.180482222e+00  7.6969794e+00         -inf  1.00779e+05  7.69698e+00  7.69700e+00
3.193204151e+00  7.9789275e+00         -inf  1.00779e+05  7.97893e+00  7.97895e+00
3.205976967e+00  9.0333617e+00         -inf  1.00779e+05  9.03336e+00  9.03338e+00
3.218800875e+00  1.0473813e+01         -inf  1.00779e+05  1.04738e+01  1.04738e+01
3.231676079e+00  1.0044476e+01         -inf  1.00779e+05  1.00445e+01  1.00445e+01
3.244602783e+00  1.1807344e+01         -inf  1.00779e+05  1.18073e+01  1.18074e+01
3.257581194e+00  1.2483860e+01         -inf  1.00779e+05  1.24839e+01  1.24839e+01
3.270611519e+00  1.0555232e+01         -inf  1.00779e+05  1.05552e+01  1.05553e+01
3.283693965e+00  7.8956459e+00         -inf  1.00779e+05  7.89565e+00  7.89568e+00
3.296828741e+00  9.1652852e+00         -inf  1.00779e+05  9.16529e+00  9.16532e+00
3.310016056e+00  1.8180046e+01         -inf  1.00779e+05  1.81800e+01  1.81801e+01
3.323256120e+00  1.5900365e+01         -inf  1.00779e+05  1.59004e+01  1.59004e+01
3.336549144e+00  7.8985636e+00         -inf  1.00779e+05  7.89856e+00  7.89860e+00
3.349895341e+00  8.9393371e+00         -inf  1.00779e+05  8.93934e+00  8.93938e+00
3.363294922e+00  1.1266780e+01         -inf  1.00779e+05  1.12668e+01  1.12668e+01
3.376748102e+00  1.1353054e+01         -inf  1.00779e+05  1.13531e+01  1.13531e+01
3.390255094e+00  1.1314861e+01         -inf  1.00779e+05  1.13149e+01  1.13149e+01
3.403816115e+00  1.0624247e+01         -inf  1.00779e+05  1.06242e+01  1.06243e+01
3.417431379e+00  8.8090386e+00         -inf  1.00779e+05  8.80904e+00  8.80910e+00
3.431101105e+00  9.1641887e+00         -inf  1.00779e+05  9.16419e+00  9.16426e+00
3.444825509e+00  8.9843190e+00         -inf  1.00779e+05  8.98432e+00  8.98439e+00
3.458604811e+00  8.1063771e+00         -inf  1.00779e+05  8.10638e+00  8.10646e+00
3.472439231e+00  9.0635422e+00         -inf  1.00779e+05  9.06354e+00  9.06363e+00
3.486328987e+00  8.7119178e+00         -inf  1.00779e+05  8.71192e+00  8.71200e+00
3.500274303e+00  7.5400103e+00         -inf  1.00779e+05  7.54001e+00  7.54010e+00
3.514275401e+00  5.9694892e+00         -inf  1.00779e+05  5.96949e+00  5.96958e+00
3.528332502e+00  6.9904789e+00         -inf  1.00779e+05  6.99048e+00  6.99058e+00
3.542445832e+00  9.8118470e+00         -inf  1.00779e+05  9.81185e+00  9.81196e+00
3.556615616e+00  7.5209497e+00         -inf  1.00779e+05  7.52095e+00  7.52106e+00
3.570842078e+00  9.0667713e+00         -inf  1.00779e+05  9.06677e+00  9.06690e+00
3.585125446e+00  8.5560738e+00         -inf  1.00779e+05  8.55607e+00  8.55621e+00
3.599465948e+00  6.9486891e+00         -inf  1.00779e+05  6.94869e+00  6.94882e+00
3.613863812e+00  6.7115893e+00         -inf  1.00779e+05  6.71159e+00  6.71173e+00
3.628319267e+00  6.2773708e+00         -inf  1.00779e+05  6.27737e+00  6.27752e+00
3.642832544e+00  6.6296179e+00         -inf  1.00779e+05  6.62962e+00  6.62978e+00
3.657403874e+00  5.0667421e+00         -inf  1.00779e+05  5.06674e+00  5.06691e+00
3.672033490e+00  5.4967275e+00         -inf  1.00779e+05  5.49673e+00  5.49691e+00
3.686721624e+00  5.6485604e+00         -inf  1.00779e+05  5.64856e+00  5.64876e+00
3.701468510e+00  5.0766607e+00         -inf  1.00779e+05  5.07666e+00  5.07687e+00
3.716274384e+00  5.5922995e+00         -inf  1.00779e+05  5.59230e+00  5.59252e+00
3.731139482e+00  6.0319107e+00         -inf  1.00779e+05  6.03191e+00  6.03215e+00
3.746064040e+00  5.6976106e+00         -inf  1.00779e+05  5.69761e+00  5.69786e+00
3.761048296e+00  5.4781817e+00         -inf  1.00779e+05  5.47818e+00  5.47845e+00
3.776092489e+00  5.7612526e+00         -inf  1.00779e+05  5.76125e+00  5.76153e+00
3.791196859e+00  6.4593365e+00         -inf  1.00779e+05  6.45934e+00  6.45964e+00
3.806361647e+00  6.8191806e+00         -inf  1.00779e+05  6.81918e+00  6.81951e+00
3.821587093e+00  6.5765276e+00         -inf  1.00779e+05  6.57653e+00  6.57687e+00
3.836873442e+00  7.4721290e+00         -inf  1.00779e+05  7.47213e+00  7.47250e+00
3.852220935e+00  8.5422489e+00         -inf  1.00779e+05  8.54225e+00  8.54267e+00
3.867629819e+00  1.1355870e+01         -inf  1.00779e+05  1.13559e+01  1.13564e+01
3.883100338e+00  1.3464375e+01         -inf  1.00779e+05  1.34644e+01  1.34650e+01
3.898632740e+00  1.2029463e+01         -inf  1.00779e+05  1.20295e+01  1.20300e+01
3.914227271e+00  1.2927454e+01         -inf  1.00779e+05  1.29275e+01  1.29281e+01
3.929884180e+00  1.2301142e+01         -inf  1.00779e+05  1.23011e+01  1.23018e+01
3.945603716e+00  1.1226888e+01         -inf  1.00779e+05  1.12269e+01  1.12276e+01
3.961386131e+00  1.0748154e+01         -inf  1.00779e+05  1.07482e+01  1.07489e+01
3.977231676e+00  1.1271964e+01         -inf  1.00779e+05  1.12720e+01  1.12728e+01
3.993140603e+00  1.1677887e+01         -inf  1.00779e+05  1.16779e+01  1.16788e+01
4.009113165e+00  1.2557235e+01         -inf  1.00779e+05  1.25572e+01  1.25582e+01
4.025149618e+00  1.3604696e+01         -inf  1.00779e+05  1.36047e+01  1.36058e+01
4.041250216e+00  1.4651980e+01         -inf  1.00779e+05  1.46520e+01  1.46532e+01
4.057415217e+00  1.4895168e+01         -inf  1.00779e+05  1.48952e+01  1.48966e+01
4.073644878e+00  1.5570239e+01         -inf  1.00779e+05  1.55702e+01  1.55718e+01
4.089939457e+00  1.5962480e+01         -inf  1.00779e+05  1.59625e+01  1.59642e+01
4.106299215e+00  1.6061352e+01         -inf  1.00779e+05  1.60614e+01  1.60632e+01
4.122724412e+00  1.6244943e+01         -inf  1.00779e+05  1.62449e+01  1.62470e+01
4.139215310e+00  1.6481357e+01         -inf  1.00779e+05  1.64814e+01  1.64835e+01
4.155772171e+00  1.6683999e+01         -inf  1.00779e+05  1.66840e+01  1.66863e+01
4.172395260e+00  1.7854329e+01         -inf  1.00779e+05  1.78543e+01  1.78568e+01
4.189084841e+00  2.2827795e+01         -inf  1.00779e+05  2.28278e+01  2.28287e+01
4.205841180e+00  3.2040380e+01         -inf  1.00779e+05  3.20404e+01  3.20405e+01
4.222664545e+00  4.0022182e+01         -inf  1.00779e+05  4.00222e+01  4.00223e+01
4.239555203e+00  4.3213524e+01         -inf  1.00779e+05  4.32135e+01  4.32137e+01
4.256513424e+00  4.1264614e+01         -inf  1.00779e+05  4.12646e+01  4.12647e+01
4.273539477e+00  4.2949087e+01         -inf  1.00779e+05  4.29491e+01  4.29493e+01
4.290633635e+00  4.1655873e+01         -inf  1.00779e+05  4.16559e+01  4.16560e+01
4.307796170e+00  3.8919220e+01         -inf  1.00779e+05  3.89192e+01  3.89194e+01
4.325027355e+00  3.5469037e+01         -inf  1.00779e+05  3.54690e+01  3.54692e+01
4.342327464e+00  3.2948178e+01         -inf  1.00779e+05  3.29482e+01  3.29483e+01
4.359696774e+00  3.1843221e+01         -inf  1.00779e+05  3.18432e+01  3.18434e+01
4.377135561e+00  2.9573229e+01         -inf  1.00779e+05  2.95732e+01  2.95736e+01
4.394644103e+00  2.9619045e+01         -inf  1.00779e+05  2.96190e+01  2.96193e+01
4.412222680e+00  2.8794687e+01         -inf  1.00779e+05  2.87947e+01  2.87951e+01
4.429871570e+00  2.6591426e+01         -inf  1.00779e+05  2.65914e+01  2.65924e+01
4.447591057e+00  2.3240741e+01         -inf  1.00779e+05  2.32407e+01  2.32433e+01
4.465381421e+00  2.2971782e+01         -inf  1.00779e+05  2.29718e+01  2.29746e+01
4.483242946e+00  2.3095122e+01         -inf  1.00779e+05  2.30951e+01  2.30982e+01
4.501175918e+00  2.1141625e+01         -inf  1.00779e+05  2.11416e+01  2.11461e+01
4.519180622e+00  2.2584704e+01         -inf  1.00779e+05  2.25847e+01  2.25886e+01
4.537257344e+00  2.1287962e+01         -inf  1.00779e+05  2.12880e+01  2.12928e+01
4.555406374e+00  1.9331141e+01         -inf  1.00779e+05  1.93311e+01  1.93371e+01
4.573627999e+00  1.7102071e+01         -inf  1.00779e+05  1.71021e+01  1.71087e+01
4.591922511e+00  1.3948948e+01         -inf  1.00779e+05  1.39489e+01  1.39552e+01
4.610290201e+00  1.2148817e+01         -inf  1.00779e+05  1.21488e+01  1.21546e+01
4.628731362e+00  1.0665486e+01         -inf  1.00779e+05  1.06655e+01  1.06710e+01
4.647246288e+00  9.3899369e+00         -inf  1.00779e+05  9.38994e+00  9.39541e+00
4.665835273e+00  8.2613943e+00         -inf  1.00779e+05  8.26139e+00  8.26693e+00
4.684498614e+00  7.8413132e+00         -inf  1.00779e+05  7.84131e+00  7.84703e+00
4.703236608e+00  1.0523224e+01         -inf  1.00779e+05  1.05232e+01  1.05295e+01
4.722049555e+00  1.0507986e+01         -inf  1.00779e+05  1.05080e+01  1.05144e+01
4.740937753e+00  1.0039723e+01         -inf  1.00779e+05  1.00397e+01  1.00465e+01
4.759901504e+00  9.7835747e+00         -inf  1.00779e+05  9.78357e+00  9.79057e+00
4.778941110e+00  1.1102867e+01         -inf  1.00779e+05  1.11029e+01  1.11109e+01
4.798056874e+00  1.2214185e+01         -inf  1.00779e+05  1.22142e+01  1.22230e+01
4.817249102e+00  1.7087589e+01         -inf  1.00779e+05  1.70876e+01  1.70972e+01
4.836518098e+00  1.4343003e+01         -inf  1.00779e+05  1.43430e+01  1.43537e+01
4.855864171e+00  1.4518987e+01         -inf  1.00779e+05  1.45190e+01  1.45304e+01
4.875287627e+00  1.2382250e+01         -inf  1.00779e+05  1.23822e+01  1.23937e+01
4.894788778e+00  9.7952973e+00         -inf  1.00779e+05  9.79530e+00  9.80622e+00
4.914367933e+00  9.0836807e+00         -inf  1.00779e+05  9.08368e+00  9.09422e+00
4.934025405e+00  7.1328441e+00         -inf  1.00779e+05  7.13284e+00  7.14317e+00
4.953761506e+00  7.1001981e+00         -inf  1.00779e+05  7.10020e+00  7.11102e+00
4.973576552e+00  6.1861461e+00         -inf  1.00779e+05  6.18615e+00  6.19732e+00
4.993470859e+00  5.5906188e+00         -inf  1.00779e+05  5.59062e+00  5.60220e+00
5.013444742e+00  4.5327447e+00         -inf  1.00779e+05  4.53274e+00  4.54475e+00
5.033498521e+00  4.5427376e+00         -inf  1.00779e+05  4.54274e+00  4.55531e+00
5.053632515e+00  4.6677881e+00         -inf  1.00779e+05  4.66779e+00  4.68098e+00
5.073847045e+00  5.0694330e+00         -inf  1.00779e+05  5.06943e+00  5.08333e+00
5.094142433e+00  5.6284688e+00         -inf  1.00779e+05  5.62847e+00  5.64316e+00
5.114519003e+00  5.7764925e+00         -inf  1.00779e+05  5.77649e+00  5.79187e+00
5.134977079e+00  5.3478371e+00         -inf  1.00779e+05  5.34784e+00  5.36379e+00
5.155516987e+00  6.2463734e+00         -inf  1.00779e+05  6.24637e+00  6.26328e+00
5.176139055e+00  1.1186259e+01         -inf  1.00779e+05  1.11863e+01  1.12061e+01
5.196843612e+00  8.7389783e+00         -inf  1.00779e+05  8.73898e+00  8.75878e+00
5.217630986e+00  9.9171617e+00         -inf  1.00779e+05  9.91716e+00  9.93893e+00
5.238501510e+00  8.9453202e+00         -inf  1.00779e+05  8.94532e+00  8.96777e+00
5.259455516e+00  7.9898070e+00         -inf  1.00779e+05  7.98981e+00  8.01244e+00
5.280493338e+00  7.0597977e+00         -inf  1.00779e+05  7.05980e+00  7.08264e+00
5.301615311e+00  6.8031136e+00         -inf  1.00779e+05  6.80311e+00  6.82676e+00
5.322821773e+00  7.5664861e+00         -inf  1.00779e+05  7.56649e+00  7.59155e+00
5.344113060e+00  6.9314558e+00         -inf  1.00779e+05  6.93146e+00  6.95766e+00
5.365489512e+00  7.0023991e+00         -inf  1.00779e+05  7.00240e+00  7.03006e+00
5.386951470e+00  6.9641320e+00         -inf  1.00779e+05  6.96413e+00  6.99330e+00
5.408499276e+00  6.9661196e+00         -inf  1.00779e+05  6.96612e+00  6.99690e+00
5.430133273e+00  7.0211605e+00         -inf  1.00779e+05  7.02116e+00  7.05360e+00
5.451853806e+00  7.1287298e+00         -inf  1.00779e+05  7.12873e+00  7.16302e+00
5.473661221e+00  7.2665645e+00         -inf  1.00779e+05  7.26656e+00  7.30291e+00
5.495555866e+00  7.4271011e+00         -inf  1.00779e+05  7.42710e+00  7.46571e+00
5.517538090e+00  7.5774302e+00         -inf  1.00779e+05  7.57743e+00  7.61842e+00
5.539608242e+00  7.7134673e+00         -inf  1.00779e+05  7.71347e+00  7.75708e+00
5.561766675e+00  7.8370698e+00         -inf  1.00779e+05  7.83707e+00  7.88351e+00
5.584013742e+00  7.9882733e+00         -inf  1.00779e+05  7.98827e+00  8.03768e+00
5.606349797e+00  8.1348835e+00         -inf  1.00779e+05  8.13488e+00  8.18747e+00
5.628775196e+00  8.2669650e+00         -inf  1.00779e+05  8.26696e+00  8.32293e+00
5.651290297e+00  8.4009845e+00         -inf  1.00779e+05  8.40098e+00  8.46055e+00
5.673895458e+00  8.5486978e+00         -inf  1.00779e+05  8.54870e+00  8.61218e+00
5.696591040e+00  8.6794224e+00         -inf  1.00779e+05  8.67942e+00  8.74699e+00
5.719377404e+00  8.9363808e+00         -inf  1.00779e+05  8.93638e+00  9.00827e+00
5.742254913e+00  9.1653528e+00         -inf  1.00779e+05  9.16535e+00  9.24199e+00
5.765223933e+00  9.3336309e+00         -inf  1.00779e+05  9.33363e+00  9.41539e+00
5.788284829e+00  9.3383803e+00         -inf  1.00779e+05  9.33838e+00  9.42556e+00
5.811437968e+00  9.4874935e+00         -inf  1.00779e+05  9.48749e+00  9.58039e+00
5.834683720e+00  9.6606986e+00         -inf  1.00779e+05  9.66070e+00  9.75927e+00
5.858022455e+00  9.7059431e+00         -inf  1.00779e+05  9.70594e+00  9.81011e+00
5.881454545e+00  9.7298134e+00         -inf  1.00779e+05  9.72981e+00  9.83946e+00
5.904980363e+00  9.7750174e+00         -inf  1.00779e+05  9.77502e+00  9.89013e+00
5.928600284e+00  9.8387386e+00         -inf  1.00779e+05  9.83874e+00  9.95936e+00
5.952314685e+00  9.9400629e+00         -inf  1.00779e+05  9.94006e+00  1.00663e+01
5.976123944e+00  9.9893945e+00         -inf  1.00779e+05  9.98939e+00  1.01207e+01
6.000028440e+00  1.0101010e+01         -inf  1.00779e+05  1.01010e+01  1.02373e+01
6.024028554e+00  1.0149383e+01         -inf  1.00779e+05  1.01494e+01  1.02906e+01
6.048124668e+00  1.0251518e+01         -inf  1.00779e+05  1.02515e+01  1.03971e+01
6.072317167e+00  1.0334958e+01         -inf  1.00779e+05  1.03350e+01  1.04849e+01
6.096606435e+00  1.0402201e+01         -inf  1.00779e+05  1.04022e+01  1.05564e+01
6.120992861e+00  1.0514014e+01         -inf  1.00779e+05  1.05140e+01  1.06722e+01
6.145476832e+00  1.0530727e+01         -inf  1.00779e+05  1.05307e+01  1.06928e+01
6.170058740e+00  1.0622861e+01         -inf  1.00779e+05  1.06229e+01  1.07887e+01
6.194738975e+00  1.0649871e+01         -inf  1.00779e+05  1.06499e+01  1.08200e+01
6.219517931e+00  1.0707512e+01         -inf  1.00779e+05  1.07075e+01  1.08826e+01
6.244396002e+00  1.0696654e+01         -inf  1.00779e+05  1.06967e+01  1.08779e+01
6.269373586e+00  1.0616483e+01         -inf  1.00779e+05  1.06165e+01  1.08049e+01
6.294451081e+00  1.0806370e+01         -inf  1.00779e+05  1.08064e+01  1.10027e+01
6.319628885e+00  1.0684418e+01         -inf  1.00779e+05  1.06844e+01  1.08899e+01
6.344907401e+00  1.0916673e+01         -inf  1.00779e+05  1.09167e+01  1.11314e+01
6.370287030e+00  1.0890215e+01         -inf  1.00779e+05  1.08902e+01  1.11147e+01
6.395768178e+00  1.1102521e+01         -inf  1.00779e+05  1.11025e+01  1.13366e+01
6.421351251e+00  1.1216827e+01         -inf  1.00779e+05  1.12168e+01  1.14603e+01
6.447036656e+00  1.1288844e+01         -inf  1.00779e+05  1.12888e+01  1.15415e+01
6.472824803e+00  1.1365353e+01         -inf  1.00779e+05  1.13654e+01  1.16264e+01
6.498716102e+00  1.2067086e+01         -inf  1.00779e+05  1.20671e+01  1.23356e+01
6.524710966e+00  1.1065291e+01         -inf  1.00779e+05  1.10653e+01  1.13427e+01
6.550809810e+00  1.0478038e+01         -inf  1.00779e+05  1.04780e+01  1.07634e+01
6.577013049e+00  1.0362952e+01         -inf  1.00779e+05  1.03630e+01  1.06553e+01
6.603321102e+00  1.0254319e+01         -inf  1.00779e+05  1.02543e+01  1.05529e+01
6.629734386e+00  1.0130056e+01         -inf  1.00779e+05  1.01301e+01  1.04346e+01
6.656253324e+00  1.0133102e+01         -inf  1.00779e+05  1.01331e+01  1.04432e+01
6.682878337e+00  9.9220859e+00         -inf  1.00779e+05  9.92209e+00  1.02377e+01
6.709609850e+00  9.8003181e+00         -inf  1.00779e+05  9.80032e+00  1.01209e+01
6.736448290e+00  9.7854162e+00         -inf  1.00779e+05  9.78542e+00  1.01108e+01
6.763394083e+00  9.4531709e+00         -inf  1.00779e+05  9.45317e+00  9.78305e+00
6.790447659e+00  9.8039522e+00         -inf  1.00779e+05  9.80395e+00  1.01373e+01
6.817609450e+00  9.3101459e+00         -inf  1.00779e+05  9.31015e+00  9.64715e+00
6.844879888e+00  9.1741291e+00         -inf  1.00779e+05  9.17413e+00  9.51469e+00
6.872259407e+00  9.0164667e+00         -inf  1.00779e+05  9.01647e+00  9.36101e+00
6.899748445e+00  9.0294318e+00         -inf  1.00779e+05  9.02943e+00  9.37816e+00
6.927347438e+00  8.6477020e+00         -inf  1.00779e+05  8.64770e+00  8.99960e+00
6.955056828e+00  8.3409313e+00         -inf  1.00779e+05  8.34093e+00  8.69572e+00
6.982877056e+00  8.3228283e+00         -inf  1.00779e+05  8.32283e+00  8.68138e+00
7.010808564e+00  8.1191639e+00         -inf  1.00779e+05  8.11916e+00  8.48095e+00
7.038851798e+00  7.7540626e+00         -inf  1.00779e+05  7.75406e+00  8.11845e+00
7.067007205e+00  7.6049682e+00         -inf  1.00779e+05  7.60497e+00  7.97356e+00
7.095275234e+00  7.4820369e+00         -inf  1.00779e+05  7.48204e+00  7.85491e+00
7.123656335e+00  7.2538944e+00         -inf  1.00779e+05  7.25389e+00  7.63189e+00
7.152150960e+00  7.2246712e+00         -inf  1.00779e+05  7.22467e+00  7.60836e+00
7.180759564e+00  7.1174260e+00         -inf  1.00779e+05  7.11743e+00  7.50795e+00
7.209482602e+00  7.4555656e+00         -inf  1.00779e+05  7.45557e+00  7.85496e+00
7.238320533e+00  8.0640561e+00         -inf  1.00779e+05  8.06406e+00  8.47725e+00
7.267273815e+00  9.0930937e+00         -inf  1.00779e+05  9.09309e+00  9.52300e+00
7.296342910e+00  9.1322616e+00         -inf  1.00779e+05  9.13226e+00  9.57588e+00
7.325528282e+00  1.0081923e+01         -inf  1.00779e+05  1.00819e+01  1.05545e+01
7.354830395e+00  1.1800662e+01         -inf  1.00779e+05  1.18007e+01  1.23001e+01
7.384249717e+00  1.2947950e+01         -inf  1.00779e+05  1.29480e+01  1.34572e+01
7.413786715e+00  1.2274751e+01         -inf  1.00779e+05  1.22748e+01  1.27813e+01
7.443441862e+00  1.3579217e+01         -inf  1.00779e+05  1.35792e+01  1.40880e+01
7.473215630e+00  1.3097583e+01         -inf  1.00779e+05  1.30976e+01  1.36208e+01
7.503108492e+00  1.3697649e+01         -inf  1.00779e+05  1.36976e+01  1.42168e+01
7.533120926e+00  1.2924230e+01         -inf  1.00779e+05  1.29242e+01  1.34622e+01
7.563253410e+00  1.1284074e+01         -inf  1.00779e+05  1.12841e+01  1.18546e+01
7.593506424e+00  1.1314709e+01         -inf  1.00779e+05  1.13147e+01  1.19275e+01
7.623880449e+00  1.3298275e+01         -inf  1.00779e+05  1.32983e+01  1.39658e+01
7.654375971e+00  1.8811613e+01         -inf  1.00779e+05  1.88116e+01  1.93809e+01
7.684993475e+00  1.9759251e+01         -inf  1.00779e+05  1.97593e+01  2.03929e+01
7.715733449e+00  1.8637182e+01         -inf  1.00779e+05  1.86372e+01  1.93346e+01
7.746596383e+00  1.7331212e+01         -inf  1.00779e+05  1.73312e+01  1.80568e+01
7.777582768e+00  1.5383387e+01         -inf  1.00779e+05  1.53834e+01  1.61147e+01
7.808693099e+00  1.6708775e+01         -inf  1.00779e+05  1.67088e+01  1.74807e+01
7.839927872e+00  1.7522017e+01         -inf  1.00779e+05  1.75220e+01  1.83237e+01
7.871287583e+00  1.7307958e+01         -inf  1.00779e+05  1.73080e+01  1.81182e+01
7.902772733e+00  1.5914859e+01         -inf  1.00779e+05  1.59149e+01  1.67609e+01
7.934383824e+00  1.4739065e+01         -inf  1.00779e+05  1.47391e+01  1.56017e+01
7.966121360e+00  1.2629146e+01         -inf  1.00779e+05  1.26291e+01  1.35003e+01
7.997985845e+00  1.0765261e+01         -inf  1.00779e+05  1.07653e+01  1.16313e+01
8.029977788e+00  1.0645117e+01         -inf  1.00779e+05  1.06451e+01  1.15402e+01
8.062097700e+00  9.0028028e+00         -inf  1.00779e+05  9.00280e+00  9.89172e+00
8.094346090e+00  7.8266132e+00         -inf  1.00779e+05  7.82661e+00  8.72283e+00
8.126723475e+00  6.6047071e+00         -inf  1.00779e+05  6.60471e+00  7.50053e+00
8.159230369e+00  5.7888811e+00         -inf  1.00779e+05  5.78888e+00  6.69384e+00
8.191867290e+00  6.3640666e+00         -inf  1.00779e+05  6.36407e+00  7.30295e+00
8.224634759e+00  4.9112481e+00         -inf  1.00779e+05  4.91125e+00  5.85142e+00
8.257533298e+00  4.9337750e+00         -inf  1.00779e+05  4.93378e+00  5.89964e+00
8.290563432e+00  4.0304039e+00         -inf  1.00779e+05  4.03040e+00  5.00721e+00
8.323725685e+00  4.8483612e+00         -inf  1.00779e+05  4.84836e+00  5.85917e+00
8.357020588e+00  5.1496939e+00         -inf  1.00779e+05  5.14969e+00  6.18811e+00
8.390448670e+00  6.2562686e+00         -inf  1.00779e+05  6.25627e+00  7.33562e+00
8.424010465e+00  6.8235292e+00         -inf  1.00779e+05  6.82353e+00  7.93525e+00
8.457706507e+00  7.9594294e+00         -inf  1.00779e+05  7.95943e+00  9.11085e+00
8.491537333e+00  7.7632166e+00         -inf  1.00779e+05  7.76322e+00  8.93956e+00
8.525503482e+00  7.5424227e+00         -inf  1.00779e+05  7.54242e+00  8.73882e+00
8.559605496e+00  5.4968552e+00         -inf  1.00779e+05  5.49686e+00  6.70182e+00
8.593843918e+00  7.1974700e+00         -inf  1.00779e+05  7.19747e+00  8.44867e+00
8.628219294e+00  7.7850279e+00         -inf  1.00779e+05  7.78503e+00  9.08167e+00
8.662732171e+00  7.7817237e+00         -inf  1.00779e+05  7.78172e+00  9.11456e+00
8.697383100e+00  7.3716994e+00         -inf  1.00779e+05  7.37170e+00  8.73386e+00
8.732172632e+00  6.3356794e+00         -inf  1.00779e+05  6.33568e+00  7.71714e+00
8.767101323e+00  5.1967816e+00         -inf  1.00779e+05  5.19678e+00  6.59654e+00
8.802169728e+00  4.2923136e+00         -inf  1.00779e+05  4.29231e+00  5.71528e+00
8.837378407e+00  3.6698979e+00         -inf  1.00779e+05  3.66990e+00  5.12078e+00
8.872727920e+00  3.2798051e+00         -inf  1.00779e+05  3.27981e+00  4.76278e+00
8.908218832e+00  3.1626936e+00         -inf  1.00779e+05  3.16269e+00  4.68062e+00
8.943851707e+00  3.0478206e+00         -inf  1.00779e+05  3.04782e+00  4.60165e+00
8.979627114e+00  2.8983015e+00         -inf  1.00779e+05  2.89830e+00  4.48946e+00
9.015545623e+00  2.7461088e+00         -inf  1.00779e+05  2.74611e+00  4.37558e+00
9.051607805e+00  2.7479049e+00         -inf  1.00779e+05  2.74790e+00  4.41648e+00
9.087814236e+00  2.7379330e+00         -inf  1.00779e+05  2.73793e+00  4.44628e+00
9.124165493e+00  2.8530491e+00         -inf  1.00779e+05  2.85305e+00  4.60411e+00
9.160662155e+00  3.2488886e+00         -inf  1.00779e+05  3.24889e+00  5.05022e+00
9.197304804e+00  3.9097774e+00         -inf  1.00779e+05  3.90978e+00  5.77431e+00
9.234094023e+00  4.3410698e+00         -inf  1.00779e+05  4.34107e+00  6.27965e+00
9.271030399e+00  4.6328769e+00         -inf  1.00779e+05  4.63288e+00  6.63910e+00
9.308114521e+00  4.6326629e+00         -inf  1.00779e+05  4.63266e+00  6.68205e+00
9.345346979e+00  4.4282880e+00         -inf  1.00779e+05  4.42829e+00  6.50841e+00
9.382728367e+00  5.1044242e+00         -inf  1.00779e+05  5.10442e+00  7.18377e+00
9.420259280e+00  7.9888348e+00         -inf  1.00779e+05  7.98883e+00  1.00838e+01
9.457940318e+00  1.0200464e+01         -inf  1.00779e+05  1.02005e+01  1.23339e+01
9.495772079e+00  1.1709401e+01         -inf  1.00779e+05  1.17094e+01  1.38962e+01
9.533755167e+00  1.0387653e+01         -inf  1.00779e+05  1.03877e+01  1.26206e+01
9.571890188e+00  6.3998254e+00         -inf  1.00779e+05  6.39983e+00  8.71622e+00
9.610177749e+00  1.0554721e+01         -inf  1.00779e+05  1.05547e+01  1.28649e+01
9.648618460e+00  1.0277112e+01         -inf  1.00779e+05  1.02771e+01  1.26427e+01
9.687212933e+00  8.5368441e+00         -inf  1.00779e+05  8.53684e+00  1.09528e+01
9.725961785e+00  7.6187898e+00         -inf  1.00779e+05  7.61879e+00  1.00800e+01
9.764865632e+00  7.3200930e+00         -inf  1.00779e+05  7.32009e+00  9.83239e+00
9.803925095e+00  6.4125032e+00         -inf  1.00779e+05  6.41250e+00  8.98705e+00
9.843140795e+00  5.6947886e+00         -inf  1.00779e+05  5.69479e+00  8.33218e+00
9.882513358e+00  4.5700655e+00         -inf  1.00779e+05  4.57007e+00  7.27779e+00
9.922043412e+00  3.7686833e+00         -inf  1.00779e+05  3.76868e+00  6.54185e+00
9.961731585e+00  3.0634027e+00         -inf  1.00779e+05  3.06340e+00  5.90109e+00
1.000157851e+01  2.4028348e+00         -inf  1.00779e+05  2.40283e+00  5.30469e+00
1.004158483e+01  1.8120189e+00         -inf  1.00779e+05  1.81202e+00  4.77789e+00
1.008175117e+01  1.5986487e+00         -inf  1.00779e+05  1.59865e+00  4.63039e+00
1.012207817e+01  1.5025229e+00         -inf  1.00779e+05  1.50252e+00  4.60603e+00
1.016256648e+01  1.7210149e+00         -inf  1.00779e+05  1.72101e+00  4.90811e+00
1.020321675e+01  2.0195389e+00         -inf  1.00779e+05  2.01954e+00  5.30068e+00
1.024402962e+01  2.1830351e+00         -inf  1.00779e+05  2.18304e+00  5.55190e+00
1.028500573e+01  2.2983202e+00         -inf  1.00779e+05  2.29832e+00  5.75107e+00
1.032614576e+01  2.2605340e+00         -inf  1.00779e+05  2.26053e+00  5.77950e+00
1.036745034e+01  1.5381921e+00         -inf  1.00779e+05  1.53819e+00  5.07649e+00
1.040892014e+01  8.5222701e-01         -inf  1.00779e+05  8.52227e-01  4.43181e+00
1.045055582e+01  1.5466327e+00         -inf  1.00779e+05  1.54663e+00  5.24058e+00
1.049235805e+01  1.4553768e+00         -inf  1.00779e+05  1.45538e+00  5.23098e+00
1.053432748e+01  1.4158148e+00         -inf  1.00779e+05  1.41581e+00  5.27289e+00
1.057646479e+01  1.3001030e+00         -inf  1.00779e+05  1.30010e+00  5.23103e+00
1.061877065e+01  1.1046533e+00         -inf  1.00779e+05  1.10465e+00  5.10278e+00
1.066124573e+01  8.6263151e-01         -inf  1.00779e+05  8.62632e-01  4.92499e+00
1.070389071e+01  6.1737462e-01         -inf  1.00779e+05  6.17375e-01  4.74459e+00
1.074670627e+01  4.8072485e-01         -inf  1.00779e+05  4.80725e-01  4.67771e+00
1.078969310e+01  1.5616237e-01         -inf  1.00779e+05  1.56162e-01  4.42303e+00
1.083285187e+01 -6.0998139e-02         -inf  1.00779e+05 -6.09981e-02  4.28169e+00
1.087618328e+01 -2.1485675e-01         -inf  1.00779e+05 -2.14857e-01  4.20781e+00
1.091968801e+01 -3.5982444e-01         -inf  1.00779e+05 -3.59824e-01  4.14501e+00
1.096336676e+01 -4.7307811e-01         -inf  1.00779e+05 -4.73078e-01  4.11614e+00
1.100722023e+01 -5.3506011e-01         -inf  1.00779e+05 -5.35060e-01  4.14091e+00
1.105124911e+01 -6.7019469e-01         -inf  1.00779e+05 -6.70195e-01  4.09252e+00
1.109545411e+01 -7.6375122e-01         -inf  1.00779e+05 -7.63751e-01  4.08781e+00
1.113983593e+01 -8.7632618e-01         -inf  1.00779e+05 -8.76326e-01  4.06481e+00
1.118439527e+01 -9.7981064e-01         -inf  1.00779e+05 -9.79811e-01  4.05227e+00
1.122913285e+01 -1.0721482e+00         -inf  1.00779e+05 -1.07215e+00  4.05258e+00
1.127404938e+01 -1.1850113e+00         -inf  1.00779e+05 -1.18501e+00  4.03322e+00
1.131914558e+01 -1.2965954e+00         -inf  1.00779e+05 -1.29660e+00  4.01654e+00
1.136442216e+01 -1.3941607e+00         -inf  1.00779e+05 -1.39416e+00  4.01557e+00
1.140987985e+01 -1.4905027e+00         -inf  1.00779e+05 -1.49050e+00  4.01719e+00
1.145551937e+01 -1.5777488e+00         -inf  1.00779e+05 -1.57775e+00  4.02934e+00
1.150134145e+01 -1.6805132e+00         -inf  1.00779e+05 -1.68051e+00  4.02703e+00
1.154734681e+01 -1.7599346e+00         -inf  1.00779e+05 -1.75993e+00  4.05048e+00
1.159353620e+01 -1.8585170e+00         -inf  1.00779e+05 -1.85852e+00  4.05557e+00
1.163991035e+01 -1.9931105e+00         -inf  1.00779e+05 -1.99311e+00  4.02398e+00
1.168646999e+01 -2.0841242e+00         -inf  1.00779e+05 -2.08412e+00  4.03930e+00
1.173321587e+01 -2.1669610e+00         -inf  1.00779e+05 -2.16696e+00  4.06440e+00
1.178014873e+01 -2.2859374e+00         -inf  1.00779e+05 -2.28594e+00  4.05381e+00
1.182726932e+01 -2.3855445e+00         -inf  1.00779e+05 -2.38554e+00  4.06463e+00
1.187457840e+01 -2.4992516e+00         -inf  1.00779e+05 -2.49925e+00  4.06218e+00
1.192207672e+01 -2.6054860e+00         -inf  1.00779e+05 -2.60549e+00  4.06887e+00
1.196976502e+01 -2.7014584e+00         -inf  1.00779e+05 -2.70146e+00  4.08766e+00
1.201764408e+01 -2.7889321e+00         -inf  1.00779e+05 -2.78893e+00  4.11704e+00
1.206571466e+01 -2.6216237e+00         -inf  1.00779e+05 -2.62162e+00  4.42035e+00
1.211397752e+01 -2.9331753e+00         -inf  1.00779e+05 -2.93318e+00  4.21407e+00
1.216243343e+01 -2.9352359e+00         -inf  1.00779e+05 -2.93524e+00  4.34044e+00
1.221108316e+01 -2.8961588e+00         -inf  1.00779e+05 -2.89616e+00  4.51507e+00
1.225992749e+01 -2.8283843e+00         -inf  1.00779e+05 -2.82838e+00  4.72570e+00
1.230896720e+01 -2.7624342e+00         -inf  1.00779e+05 -2.76243e+00  4.94020e+00
1.235820307e+01 -2.7038936e+00         -inf  1.00779e+05 -2.70389e+00  5.15049e+00
1.240763589e+01 -2.6737084e+00         -inf  1.00779e+05 -2.67371e+00  5.33038e+00
1.245726643e+01 -2.7001359e+00         -inf  1.00779e+05 -2.70014e+00  5.44545e+00
1.250709549e+01 -2.8091012e+00         -inf  1.00779e+05 -2.80910e+00  5.46329e+00
1.255712388e+01 -3.0007642e+00         -inf  1.00779e+05 -3.00076e+00  5.38399e+00
1.260735237e+01 -1.7036993e+00         -inf  1.00779e+05 -1.70370e+00  7.17339e+00
1.265778178e+01 -2.4791576e+00         -inf  1.00779e+05 -2.47916e+00  6.46444e+00
1.270841291e+01 -3.5936021e+00         -inf  1.00779e+05 -3.59360e+00  5.15941e+00
1.275924656e+01 -3.4722246e+00         -inf  1.00779e+05 -3.47222e+00  5.45729e+00
1.281028355e+01 -3.4159743e+00         -inf  1.00779e+05 -3.41597e+00  5.68293e+00
1.286152468e+01 -3.4472252e+00         -inf  1.00779e+05 -3.44723e+00  5.81666e+00
1.291297078e+01 -3.4606960e+00         -inf  1.00779e+05 -3.46070e+00  5.97928e+00
1.296462266e+01 -2.9931364e+00         -inf  1.00779e+05 -2.99314e+00  6.70775e+00
1.301648115e+01 -3.0455403e+00         -inf  1.00779e+05 -3.04554e+00  6.92444e+00
1.306854708e+01 -2.9979364e+00         -inf  1.00779e+05 -2.99794e+00  7.28920e+00
1.312082127e+01 -2.7345655e+00         -inf  1.00779e+05 -2.73457e+00  7.97775e+00
1.317330455e+01 -2.2970656e+00         -inf  1.00779e+05 -2.29707e+00  8.95052e+00
1.322599777e+01 -1.6169894e+00         -inf  1.00779e+05 -1.61699e+00  1.02474e+01
1.327890176e+01 -1.0956984e+00         -inf  1.00779e+05 -1.09570e+00  1.12075e+01
1.333201737e+01 -2.1231787e-01         -inf  1.00779e+05 -2.12318e-01  1.24819e+01
1.338534544e+01  4.8697544e-01         -inf  1.00779e+05  4.86975e-01  1.34375e+01
1.343888682e+01  1.5509751e+00         -inf  1.00779e+05  1.55098e+00  1.46840e+01
1.349264237e+01  6.2772340e+00         -inf  1.00779e+05  6.27723e+00  1.85893e+01
1.354661294e+01  3.9384759e+00         -inf  1.00779e+05  3.93848e+00  1.70785e+01
1.360079939e+01  4.6569346e+00         -inf  1.00779e+05  4.65693e+00  1.77010e+01
1.365520258e+01  4.8386740e+00         -inf  1.00779e+05  4.83867e+00  1.79552e+01
1.370982339e+01  4.2064454e+00         -inf  1.00779e+05  4.20645e+00  1.78009e+01
1.376466269e+01  2.8808653e+00         -inf  1.00779e+05  2.88087e+00  1.70191e+01
1.381972134e+01  3.5618854e+00         -inf  1.00779e+05  3.56189e+00  1.77582e+01
1.387500022e+01  1.9584518e+01         -inf  1.00779e+05  1.95845e+01  2.76509e+01
1.393050023e+01  7.3183834e+00         -inf  1.00779e+05  7.31838e+00  2.00916e+01
1.398622223e+01  6.0449784e+00         -inf  1.00779e+05  6.04498e+00  1.94010e+01
1.404216712e+01  8.3276656e+00         -inf  1.00779e+05  8.32767e+00  2.06952e+01
1.409833578e+01  9.0814447e+00         -inf  1.00779e+05  9.08144e+00  2.11679e+01
1.415472913e+01  1.1928901e+01         -inf  1.00779e+05  1.19289e+01  2.25133e+01
1.421134804e+01  1.5033492e+01         -inf  1.00779e+05  1.50335e+01  2.44138e+01
1.426819344e+01  1.7219180e+01         -inf  1.00779e+05  1.72192e+01  2.55076e+01
1.432526621e+01  1.9058239e+01         -inf  1.00779e+05  1.90582e+01  2.66259e+01
1.438256727e+01  2.2380094e+01         -inf  1.00779e+05  2.23801e+01  2.89684e+01
1.444009754e+01  2.4074630e+01         -inf  1.00779e+05  2.40746e+01  3.04195e+01
1.449785793e+01  2.4191070e+01         -inf  1.00779e+05  2.41911e+01  3.04045e+01
1.455584937e+01  2.6242073e+01         -inf  1.00779e+05  2.62421e+01  3.23771e+01
1.461407276e+01  2.7639439e+01         -inf  1.00779e+05  2.76394e+01  3.37992e+01
1.467252905e+01  2.7667250e+01         -inf  1.00779e+05  2.76672e+01  3.39194e+01
1.473121917e+01  2.7810214e+01         -inf  1.00779e+05  2.78102e+01  3.41524e+01
1.479014405e+01  2.8909815e+01         -inf  1.00779e+05  2.89098e+01  3.53372e+01
1.484930462e+01  2.8489494e+01         -inf  1.00779e+05  2.84895e+01  3.50261e+01
1.490870184e+01  2.8317351e+01         -inf  1.00779e+05  2.83174e+01  3.49497e+01
1.496833665e+01  3.9453698e+01         -inf  1.00779e+05  3.94537e+01  4.63971e+01
1.502821000e+01  2.9223619e+01         -inf  1.00779e+05  2.92236e+01  3.60526e+01
1.508832284e+01  2.9910288e+01         -inf  1.00779e+05  2.99103e+01  3.68893e+01
1.514867613e+01  2.7730016e+01         -inf  1.00779e+05  2.77300e+01  3.48255e+01
1.520927083e+01  2.6324139e+01         -inf  1.00779e+05  2.63241e+01  3.35377e+01
1.527010791e+01  2.6817221e+01         -inf  1.00779e+05  2.68172e+01  3.41662e+01
1.533118835e+01  2.6858515e+01         -inf  1.00779e+05  2.68585e+01  3.43301e+01
1.539251310e+01  2.7929172e+01         -inf  1.00779e+05  2.79292e+01  3.55396e+01
1.545408315e+01  2.4502883e+01         -inf  1.00779e+05  2.45029e+01  3.24691e+01
1.551589948e+01  2.3779289e+01         -inf  1.00779e+05  2.37793e+01  3.19067e+01
1.557796308e+01  2.1540151e+01         -inf  1.00779e+05  2.15402e+01  3.02086e+01
1.564027493e+01  1.8750160e+01         -inf  1.00779e+05  1.87502e+01  2.82674e+01
1.570283603e+01  1.8227694e+01         -inf  1.00779e+05  1.82277e+01  2.82186e+01
1.576564738e+01  1.5721268e+01         -inf  1.00779e+05  1.57213e+01  2.67889e+01
1.582870997e+01  1.2498891e+01         -inf  1.00779e+05  1.24989e+01  2.52881e+01
1.589202481e+01  1.0238368e+01         -inf  1.00779e+05  1.02384e+01  2.42806e+01
1.595559291e+01  5.2901627e+00         -inf  1.00779e+05  5.29016e+00  2.21097e+01
1.601941528e+01  4.5875079e+00         -inf  1.00779e+05  4.58751e+00  2.20697e+01
1.608349294e+01 -1.7147439e+00         -inf  1.00779e+05 -1.71474e+00  1.92823e+01
1.614782691e+01  7.7727427e-01         -inf  1.00779e+05  7.77274e-01  2.06629e+01
1.621241822e+01  1.0905168e+01         -inf  1.00779e+05  1.09052e+01  2.58683e+01
1.627726789e+01 -3.2084611e+00         -inf  1.00779e+05 -3.20846e+00  1.89517e+01
1.634237696e+01 -5.9005297e+00         -inf  1.00779e+05 -5.90053e+00  1.78009e+01
1.640774647e+01 -3.3460686e+00         -inf  1.00779e+05 -3.34607e+00  1.91018e+01
1.647337746e+01 -4.3652478e+00         -inf  1.00779e+05 -4.36525e+00  1.88291e+01
1.653927097e+01 -5.9035125e+00         -inf  1.00779e+05 -5.90351e+00  1.79576e+01
1.660542805e+01 -6.8090232e+00         -inf  1.00779e+05 -6.80902e+00  1.74532e+01
1.667184976e+01 -8.6931631e+00         -inf  1.00779e+05 -8.69316e+00  1.66429e+01
1.673853716e+01 -4.4994443e+00         -inf  1.00779e+05 -4.49944e+00  1.92793e+01
1.680549131e+01 -1.0318108e+01         -inf  1.00779e+05 -1.03181e+01  1.58576e+01
1.687271328e+01 -1.1283104e+01         -inf  1.00779e+05 -1.12831e+01  1.50726e+01
1.694020413e+01 -8.4172089e+00         -inf  1.00779e+05 -8.41721e+00  1.72805e+01
1.700796495e+01 -1.0061894e+01         -inf  1.00779e+05 -1.00619e+01  1.52509e+01
1.707599681e+01 -1.4103137e+01         -inf  1.00779e+05 -1.41031e+01  1.26182e+01
1.714430079e+01 -1.4637282e+01         -inf  1.00779e+05 -1.46373e+01  1.22198e+01
1.721287800e+01 -1.4668677e+01         -inf  1.00779e+05 -1.46687e+01  1.20292e+01
1.728172951e+01 -1.4353884e+01         -inf  1.00779e+05 -1.43539e+01  1.20928e+01
1.735085643e+01 -1.5000976e+01         -inf  1.00779e+05 -1.50010e+01  1.16560e+01
1.742025985e+01 -1.5510203e+01         -inf  1.00779e+05 -1.55102e+01  1.05428e+01
1.748994089e+01 -1.6066000e+01         -inf  1.00779e+05 -1.60660e+01  1.04474e+01
1.755990065e+01 -1.6398779e+01         -inf  1.00779e+05 -1.63988e+01  9.97174e+00
1.763014026e+01 -1.7552760e+01         -inf  1.00779e+05 -1.75528e+01  8.80794e+00
1.770066082e+01 -1.7991848e+01         -inf  1.00779e+05 -1.79918e+01  8.50378e+00
1.777146346e+01 -1.8395557e+01         -inf  1.00779e+05 -1.83956e+01  8.24304e+00
1.784254932e+01 -1.9207688e+01         -inf  1.00779e+05 -1.92077e+01  7.46070e+00
1.791391951e+01 -1.9988422e+01         -inf  1.00779e+05 -1.99884e+01  6.91557e+00
1.798557519e+01 -2.0430656e+01         -inf  1.00779e+05 -2.04307e+01  6.65365e+00
1.805751749e+01 -2.0869845e+01         -inf  1.00779e+05 -2.08698e+01  6.42375e+00
1.812974756e+01 -2.1274098e+01         -inf  1.00779e+05 -2.12741e+01  6.28473e+00
1.820226655e+01 -2.1632315e+01         -inf  1.00779e+05 -2.16323e+01  6.19216e+00
1.827507562e+01 -2.1738555e+01         -inf  1.00779e+05 -2.17386e+01  6.57007e+00
1.834817592e+01 -2.1175328e+01         -inf  1.00779e+05 -2.11753e+01  9.11775e+00
1.842156862e+01 -2.2526811e+01         -inf  1.00779e+05 -2.25268e+01  6.19413e+00
1.849525490e+01 -2.2811621e+01         -inf  1.00779e+05 -2.28116e+01  6.15590e+00
1.856923592e+01 -2.2955996e+01         -inf  1.00779e+05 -2.29560e+01  6.37851e+00
1.864351286e+01 -2.3258269e+01         -inf  1.00779e+05 -2.32583e+01  6.38847e+00
1.871808691e+01 -2.3477119e+01         -inf  1.00779e+05 -2.34771e+01  6.48208e+00
1.879295926e+01 -2.3828003e+01         -inf  1.00779e+05 -2.38280e+01  6.44234e+00
1.886813110e+01 -2.4142501e+01         -inf  1.00779e+05 -2.41425e+01  6.37716e+00
1.894360362e+01 -2.4372941e+01         -inf  1.00779e+05 -2.43729e+01  6.52158e+00
1.901937804e+01 -2.4717965e+01         -inf  1.00779e+05 -2.47180e+01  6.43985e+00
1.909545555e+01 -2.5067396e+01         -inf  1.00779e+05 -2.50674e+01  6.37646e+00
1.917183737e+01 -2.5359872e+01         -inf  1.00779e+05 -2.53599e+01  6.40937e+00
1.924852472e+01 -2.5708864e+01         -inf  1.00779e+05 -2.57089e+01  6.33871e+00
1.932551882e+01 -2.6008288e+01         -inf  1.00779e+05 -2.60083e+01  6.36984e+00
1.940282089e+01 -2.6305343e+01         -inf  1.00779e+05 -2.63053e+01  6.37947e+00
1.948043218e+01 -2.6579972e+01         -inf  1.00779e+05 -2.65800e+01  6.42010e+00
1.955835391e+01 -2.6864367e+01         -inf  1.00779e+05 -2.68644e+01  6.46481e+00
1.963658732e+01 -2.7157657e+01         -inf  1.00779e+05 -2.71577e+01  6.50789e+00
1.971513367e+01 -2.7465364e+01         -inf  1.00779e+05 -2.74654e+01  6.52328e+00
1.979399421e+01 -2.7782732e+01         -inf  1.00779e+05 -2.77827e+01  6.53257e+00
1.987317018e+01 -2.8058889e+01         -inf  1.00779e+05 -2.80589e+01  6.59204e+00
1.995266286e+01 -2.8440085e+01         -inf  1.00779e+05 -2.84401e+01  6.54901e+00
