# WARNING | GENERATOR | Too many electrons per pixel (up to 9.04e+13) detected in the 1.54-19.95 um spectral range. Reduce exposure time per frame to less than 0.000 seconds.
# ------------------------------------------------------------------------
# Radiance spectrum
# NASA-GSFC Planetary Spectrum Generator (PSG) (Villanueva et al. 2018, 2022)
# Synthesized on Tue Jul 14 13:28:30 2026
# Doppler velocities [km/s] (vobs,vrot+vorb,vwidth,vrfl,vstr): 47.10000,-0.00000,0.03000,0.00000,-0.00000
# ------------------------------------------------------------------------
# Spectra synthesized with the Planetary and Universal Model of Atmospheric Scattering (PUMAS, Villanueva et al. 2018, 2022)
# Single scattering radiative transfer method
# Radiative transfer took 6.024 seconds
# ------------------------------------------------------------------------
# Spectral unit: Wavelength [um]
# Radiance unit: Contrast [transit atmospheric thickness, km]
# Wave/freq Total Noise Stellar Proxima-Centauri-b Transit
2.000000000e-01  5.7169787e+01         -inf  1.00779e+05  5.71698e+01  5.71698e+01
2.008000000e-01  5.6872818e+01         -inf  1.00779e+05  5.68728e+01  5.68728e+01
2.016032000e-01  5.6774235e+01         -inf  1.00779e+05  5.67742e+01  5.67742e+01
2.024096128e-01  5.6785208e+01         -inf  1.00779e+05  5.67852e+01  5.67852e+01
2.032192513e-01  5.6778888e+01         -inf  1.00779e+05  5.67789e+01  5.67789e+01
2.040321283e-01  5.6789861e+01         -inf  1.00779e+05  5.67899e+01  5.67899e+01
2.048482568e-01  5.6834368e+01         -inf  1.00779e+05  5.68344e+01  5.68344e+01
2.056676498e-01  5.6946908e+01         -inf  1.00779e+05  5.69469e+01  5.69469e+01
2.064903204e-01  5.7100703e+01         -inf  1.00779e+05  5.71007e+01  5.71007e+01
2.073162817e-01  5.7249842e+01         -inf  1.00779e+05  5.72498e+01  5.72498e+01
2.081455468e-01  5.7416797e+01         -inf  1.00779e+05  5.74168e+01  5.74168e+01
2.089781290e-01  5.7567772e+01         -inf  1.00779e+05  5.75678e+01  5.75678e+01
2.098140415e-01  5.7774918e+01         -inf  1.00779e+05  5.77749e+01  5.77749e+01
2.106532977e-01  5.8009355e+01         -inf  1.00779e+05  5.80094e+01  5.80094e+01
2.114959109e-01  5.8209378e+01         -inf  1.00779e+05  5.82094e+01  5.82094e+01
2.123418945e-01  5.8605282e+01         -inf  1.00779e+05  5.86053e+01  5.86053e+01
2.131912621e-01  5.9061450e+01         -inf  1.00779e+05  5.90615e+01  5.90615e+01
2.140440271e-01  5.9169827e+01         -inf  1.00779e+05  5.91698e+01  5.91698e+01
2.149002032e-01  5.9479415e+01         -inf  1.00779e+05  5.94794e+01  5.94794e+01
2.157598041e-01  5.9787498e+01         -inf  1.00779e+05  5.97875e+01  5.97875e+01
2.166228433e-01  6.0069594e+01         -inf  1.00779e+05  6.00696e+01  6.00696e+01
2.174893346e-01  6.0386685e+01         -inf  1.00779e+05  6.03867e+01  6.03867e+01
2.183592920e-01  6.0649717e+01         -inf  1.00779e+05  6.06497e+01  6.06497e+01
2.192327292e-01  6.0925898e+01         -inf  1.00779e+05  6.09259e+01  6.09259e+01
2.201096601e-01  6.1193909e+01         -inf  1.00779e+05  6.11939e+01  6.11939e+01
2.209900987e-01  6.1456031e+01         -inf  1.00779e+05  6.14560e+01  6.14560e+01
2.218740591e-01  6.1714284e+01         -inf  1.00779e+05  6.17143e+01  6.17143e+01
2.227615553e-01  6.1959456e+01         -inf  1.00779e+05  6.19595e+01  6.19595e+01
2.236526016e-01  6.2198567e+01         -inf  1.00779e+05  6.21986e+01  6.21986e+01
2.245472120e-01  6.2443107e+01         -inf  1.00779e+05  6.24431e+01  6.24431e+01
2.254454008e-01  6.2655099e+01         -inf  1.00779e+05  6.26551e+01  6.26551e+01
2.263471824e-01  6.2891203e+01         -inf  1.00779e+05  6.28912e+01  6.28912e+01
2.272525711e-01  6.3104057e+01         -inf  1.00779e+05  6.31041e+01  6.31041e+01
2.281615814e-01  6.3317957e+01         -inf  1.00779e+05  6.33180e+01  6.33180e+01
2.290742278e-01  6.3534744e+01         -inf  1.00779e+05  6.35347e+01  6.35347e+01
2.299905247e-01  6.3721971e+01         -inf  1.00779e+05  6.37220e+01  6.37220e+01
2.309104868e-01  6.3937254e+01         -inf  1.00779e+05  6.39373e+01  6.39373e+01
2.318341287e-01  6.4118595e+01         -inf  1.00779e+05  6.41186e+01  6.41186e+01
2.327614652e-01  6.4321939e+01         -inf  1.00779e+05  6.43219e+01  6.43219e+01
2.336925111e-01  6.4490731e+01         -inf  1.00779e+05  6.44907e+01  6.44907e+01
2.346272811e-01  6.4683542e+01         -inf  1.00779e+05  6.46835e+01  6.46835e+01
2.355657903e-01  6.4841803e+01         -inf  1.00779e+05  6.48418e+01  6.48418e+01
2.365080534e-01  6.5010932e+01         -inf  1.00779e+05  6.50109e+01  6.50109e+01
2.374540856e-01  6.5180845e+01         -inf  1.00779e+05  6.51808e+01  6.51808e+01
2.384039020e-01  6.5329801e+01         -inf  1.00779e+05  6.53298e+01  6.53298e+01
2.393575176e-01  6.5471915e+01         -inf  1.00779e+05  6.54719e+01  6.54719e+01
2.403149477e-01  6.5627614e+01         -inf  1.00779e+05  6.56276e+01  6.56276e+01
2.412762074e-01  6.5746578e+01         -inf  1.00779e+05  6.57466e+01  6.57466e+01
2.422413123e-01  6.5874920e+01         -inf  1.00779e+05  6.58749e+01  6.58749e+01
2.432102775e-01  6.6012727e+01         -inf  1.00779e+05  6.60127e+01  6.60127e+01
2.441831186e-01  6.6113450e+01         -inf  1.00779e+05  6.61134e+01  6.61134e+01
2.451598511e-01  6.6223376e+01         -inf  1.00779e+05  6.62234e+01  6.62234e+01
2.461404905e-01  6.6309632e+01         -inf  1.00779e+05  6.63096e+01  6.63096e+01
2.471250525e-01  6.6388963e+01         -inf  1.00779e+05  6.63890e+01  6.63890e+01
2.481135527e-01  6.6446466e+01         -inf  1.00779e+05  6.64465e+01  6.64465e+01
2.491060069e-01  6.6551127e+01         -inf  1.00779e+05  6.65511e+01  6.65511e+01
2.501024309e-01  6.6587504e+01         -inf  1.00779e+05  6.65875e+01  6.65875e+01
2.511028406e-01  6.6578475e+01         -inf  1.00779e+05  6.65785e+01  6.65785e+01
2.521072520e-01  6.6689708e+01         -inf  1.00779e+05  6.66897e+01  6.66897e+01
2.531156810e-01  6.6659556e+01         -inf  1.00779e+05  6.66596e+01  6.66596e+01
2.541281437e-01  6.6672791e+01         -inf  1.00779e+05  6.66728e+01  6.66728e+01
2.551446563e-01  6.6708116e+01         -inf  1.00779e+05  6.67081e+01  6.67081e+01
2.561652349e-01  6.6668321e+01         -inf  1.00779e+05  6.66683e+01  6.66683e+01
2.571898959e-01  6.6606612e+01         -inf  1.00779e+05  6.66066e+01  6.66066e+01
2.582186555e-01  6.6627211e+01         -inf  1.00779e+05  6.66272e+01  6.66272e+01
2.592515301e-01  6.6574005e+01         -inf  1.00779e+05  6.65740e+01  6.65740e+01
2.602885362e-01  6.6494589e+01         -inf  1.00779e+05  6.64946e+01  6.64946e+01
2.613296904e-01  6.6435246e+01         -inf  1.00779e+05  6.64352e+01  6.64352e+01
2.623750091e-01  6.6366610e+01         -inf  1.00779e+05  6.63666e+01  6.63666e+01
2.634245092e-01  6.6205844e+01         -inf  1.00779e+05  6.62058e+01  6.62058e+01
2.644782072e-01  6.6197429e+01         -inf  1.00779e+05  6.61974e+01  6.61974e+01
2.655361200e-01  6.6032801e+01         -inf  1.00779e+05  6.60328e+01  6.60328e+01
2.665982645e-01  6.5896748e+01         -inf  1.00779e+05  6.58967e+01  6.58967e+01
2.676646576e-01  6.5774105e+01         -inf  1.00779e+05  6.57741e+01  6.57741e+01
2.687353162e-01  6.5550729e+01         -inf  1.00779e+05  6.55507e+01  6.55507e+01
2.698102574e-01  6.5482348e+01         -inf  1.00779e+05  6.54823e+01  6.54823e+01
2.708894985e-01  6.5227049e+01         -inf  1.00779e+05  6.52270e+01  6.52270e+01
2.719730565e-01  6.5085456e+01         -inf  1.00779e+05  6.50855e+01  6.50855e+01
2.730609487e-01  6.4889061e+01         -inf  1.00779e+05  6.48891e+01  6.48891e+01
2.741531925e-01  6.4594108e+01         -inf  1.00779e+05  6.45941e+01  6.45941e+01
2.752498053e-01  6.4437069e+01         -inf  1.00779e+05  6.44371e+01  6.44371e+01
2.763508045e-01  6.4185763e+01         -inf  1.00779e+05  6.41858e+01  6.41858e+01
2.774562077e-01  6.3944269e+01         -inf  1.00779e+05  6.39443e+01  6.39443e+01
2.785660325e-01  6.3678037e+01         -inf  1.00779e+05  6.36780e+01  6.36780e+01
2.796802967e-01  6.3428369e+01         -inf  1.00779e+05  6.34284e+01  6.34284e+01
2.807990178e-01  6.3098444e+01         -inf  1.00779e+05  6.30984e+01  6.30984e+01
2.819222139e-01  6.2776134e+01         -inf  1.00779e+05  6.27761e+01  6.27761e+01
2.830499028e-01  6.2530729e+01         -inf  1.00779e+05  6.25307e+01  6.25307e+01
2.841821024e-01  6.2161990e+01         -inf  1.00779e+05  6.21620e+01  6.21620e+01
2.853188308e-01  6.1806301e+01         -inf  1.00779e+05  6.18063e+01  6.18063e+01
2.864601061e-01  6.1486734e+01         -inf  1.00779e+05  6.14867e+01  6.14867e+01
2.876059465e-01  6.1072494e+01         -inf  1.00779e+05  6.10725e+01  6.10725e+01
2.887563703e-01  6.0631205e+01         -inf  1.00779e+05  6.06312e+01  6.06312e+01
2.899113958e-01  6.0203486e+01         -inf  1.00779e+05  6.02035e+01  6.02035e+01
2.910710414e-01  5.9783461e+01         -inf  1.00779e+05  5.97835e+01  5.97835e+01
2.922353256e-01  5.9239854e+01         -inf  1.00779e+05  5.92399e+01  5.92399e+01
2.934042669e-01  5.8730078e+01         -inf  1.00779e+05  5.87301e+01  5.87301e+01
2.945778839e-01  5.8176817e+01         -inf  1.00779e+05  5.81768e+01  5.81768e+01
2.957561955e-01  5.7505451e+01         -inf  1.00779e+05  5.75055e+01  5.75055e+01
2.969392202e-01  5.6873169e+01         -inf  1.00779e+05  5.68732e+01  5.68732e+01
2.981269771e-01  5.6192627e+01         -inf  1.00779e+05  5.61926e+01  5.61926e+01
2.993194850e-01  5.5519741e+01         -inf  1.00779e+05  5.55197e+01  5.55197e+01
3.005167630e-01  5.4793660e+01         -inf  1.00779e+05  5.47937e+01  5.47937e+01
3.017188300e-01  5.3979764e+01         -inf  1.00779e+05  5.39798e+01  5.39798e+01
3.029257054e-01  5.3184035e+01         -inf  1.00779e+05  5.31840e+01  5.31840e+01
3.041374082e-01  5.2495468e+01         -inf  1.00779e+05  5.24955e+01  5.24955e+01
3.053539578e-01  5.1455057e+01         -inf  1.00779e+05  5.14551e+01  5.14551e+01
3.065753736e-01  5.0820873e+01         -inf  1.00779e+05  5.08209e+01  5.08209e+01
3.078016751e-01  4.9673246e+01         -inf  1.00779e+05  4.96732e+01  4.96732e+01
3.090328818e-01  4.8997580e+01         -inf  1.00779e+05  4.89976e+01  4.89976e+01
3.102690134e-01  4.7767265e+01         -inf  1.00779e+05  4.77673e+01  4.77673e+01
3.115100894e-01  4.7071270e+01         -inf  1.00779e+05  4.70713e+01  4.70713e+01
3.127561298e-01  4.5673343e+01         -inf  1.00779e+05  4.56733e+01  4.56733e+01
3.140071543e-01  4.5099543e+01         -inf  1.00779e+05  4.50995e+01  4.50995e+01
3.152631829e-01  4.3762063e+01         -inf  1.00779e+05  4.37621e+01  4.37621e+01
3.165242356e-01  4.2412257e+01         -inf  1.00779e+05  4.24123e+01  4.24123e+01
3.177903326e-01  4.2107316e+01         -inf  1.00779e+05  4.21073e+01  4.21073e+01
3.190614939e-01  3.9790142e+01         -inf  1.00779e+05  3.97901e+01  3.97901e+01
3.203377399e-01  3.9967223e+01         -inf  1.00779e+05  3.99672e+01  3.99672e+01
3.216190908e-01  3.7463694e+01         -inf  1.00779e+05  3.74637e+01  3.74637e+01
3.229055672e-01  3.8071002e+01         -inf  1.00779e+05  3.80710e+01  3.80710e+01
3.241971895e-01  3.4386577e+01         -inf  1.00779e+05  3.43866e+01  3.43866e+01
3.254939782e-01  3.6424852e+01         -inf  1.00779e+05  3.64249e+01  3.64249e+01
3.267959541e-01  3.2475871e+01         -inf  1.00779e+05  3.24759e+01  3.24759e+01
3.281031380e-01  3.4501882e+01         -inf  1.00779e+05  3.45019e+01  3.45019e+01
3.294155505e-01  3.0341523e+01         -inf  1.00779e+05  3.03415e+01  3.03415e+01
3.307332127e-01  3.2480805e+01         -inf  1.00779e+05  3.24808e+01  3.24808e+01
3.320561456e-01  3.0249327e+01         -inf  1.00779e+05  3.02493e+01  3.02493e+01
3.333843702e-01  3.0216714e+01         -inf  1.00779e+05  3.02167e+01  3.02167e+01
3.347179076e-01  2.9358056e+01         -inf  1.00779e+05  2.93581e+01  2.93581e+01
3.360567793e-01  2.8175883e+01         -inf  1.00779e+05  2.81759e+01  2.81759e+01
3.374010064e-01  2.9536302e+01         -inf  1.00779e+05  2.95363e+01  2.95363e+01
3.387506104e-01  2.7639254e+01         -inf  1.00779e+05  2.76393e+01  2.76393e+01
3.401056128e-01  2.8031722e+01         -inf  1.00779e+05  2.80317e+01  2.80317e+01
3.414660353e-01  2.7214752e+01         -inf  1.00779e+05  2.72148e+01  2.72148e+01
3.428318994e-01  2.6923475e+01         -inf  1.00779e+05  2.69235e+01  2.69235e+01
3.442032270e-01  2.7574355e+01         -inf  1.00779e+05  2.75744e+01  2.75744e+01
3.455800399e-01  2.6740836e+01         -inf  1.00779e+05  2.67408e+01  2.67408e+01
3.469623601e-01  2.6631568e+01         -inf  1.00779e+05  2.66316e+01  2.66316e+01
3.483502095e-01  2.6443893e+01         -inf  1.00779e+05  2.64439e+01  2.64439e+01
3.497436104e-01  2.6247659e+01         -inf  1.00779e+05  2.62477e+01  2.62477e+01
3.511425848e-01  2.6345556e+01         -inf  1.00779e+05  2.63456e+01  2.63456e+01
3.525471552e-01  2.6186715e+01         -inf  1.00779e+05  2.61867e+01  2.61867e+01
3.539573438e-01  2.5964188e+01         -inf  1.00779e+05  2.59642e+01  2.59642e+01
3.553731732e-01  2.5892569e+01         -inf  1.00779e+05  2.58926e+01  2.58926e+01
3.567946659e-01  2.5783728e+01         -inf  1.00779e+05  2.57837e+01  2.57837e+01
3.582218445e-01  2.5690673e+01         -inf  1.00779e+05  2.56907e+01  2.56907e+01
3.596547319e-01  2.5641719e+01         -inf  1.00779e+05  2.56417e+01  2.56417e+01
3.610933508e-01  2.5527846e+01         -inf  1.00779e+05  2.55278e+01  2.55278e+01
3.625377242e-01  2.5426760e+01         -inf  1.00779e+05  2.54268e+01  2.54268e+01
3.639878751e-01  2.5339081e+01         -inf  1.00779e+05  2.53391e+01  2.53391e+01
3.654438266e-01  2.5253518e+01         -inf  1.00779e+05  2.52535e+01  2.52535e+01
3.669056019e-01  2.5164249e+01         -inf  1.00779e+05  2.51642e+01  2.51642e+01
3.683732243e-01  2.5081947e+01         -inf  1.00779e+05  2.50819e+01  2.50819e+01
3.698467172e-01  2.4994881e+01         -inf  1.00779e+05  2.49949e+01  2.49949e+01
3.713261041e-01  2.4906667e+01         -inf  1.00779e+05  2.49067e+01  2.49067e+01
3.728114085e-01  2.4820921e+01         -inf  1.00779e+05  2.48209e+01  2.48209e+01
3.743026542e-01  2.4736939e+01         -inf  1.00779e+05  2.47369e+01  2.47369e+01
3.757998648e-01  2.4650750e+01         -inf  1.00779e+05  2.46508e+01  2.46508e+01
3.773030642e-01  2.4566589e+01         -inf  1.00779e+05  2.45666e+01  2.45666e+01
3.788122765e-01  2.4484104e+01         -inf  1.00779e+05  2.44841e+01  2.44841e+01
3.803275256e-01  2.4401794e+01         -inf  1.00779e+05  2.44018e+01  2.44018e+01
3.818488357e-01  2.4313130e+01         -inf  1.00779e+05  2.43131e+01  2.43131e+01
3.833762310e-01  2.4226583e+01         -inf  1.00779e+05  2.42266e+01  2.42266e+01
3.849097360e-01  2.4140652e+01         -inf  1.00779e+05  2.41407e+01  2.41407e+01
3.864493749e-01  2.4055955e+01         -inf  1.00779e+05  2.40560e+01  2.40560e+01
3.879951724e-01  2.3970905e+01         -inf  1.00779e+05  2.39709e+01  2.39709e+01
3.895471531e-01  2.3885765e+01         -inf  1.00779e+05  2.38858e+01  2.38858e+01
3.911053417e-01  2.3801594e+01         -inf  1.00779e+05  2.38016e+01  2.38016e+01
3.926697631e-01  2.3718393e+01         -inf  1.00779e+05  2.37184e+01  2.37184e+01
3.942404421e-01  2.3636337e+01         -inf  1.00779e+05  2.36363e+01  2.36363e+01
3.958174039e-01  2.3553575e+01         -inf  1.00779e+05  2.35536e+01  2.35536e+01
3.974006735e-01  2.3468695e+01         -inf  1.00779e+05  2.34687e+01  2.34687e+01
3.989902762e-01  2.3383371e+01         -inf  1.00779e+05  2.33834e+01  2.33834e+01
4.005862373e-01  2.3300694e+01         -inf  1.00779e+05  2.33007e+01  2.33007e+01
4.021885823e-01  2.3219428e+01         -inf  1.00779e+05  2.32194e+01  2.32194e+01
4.037973366e-01  2.3134190e+01         -inf  1.00779e+05  2.31342e+01  2.31342e+01
4.054125259e-01  2.3048509e+01         -inf  1.00779e+05  2.30485e+01  2.30485e+01
4.070341760e-01  2.2971211e+01         -inf  1.00779e+05  2.29712e+01  2.29712e+01
4.086623127e-01  2.2899029e+01         -inf  1.00779e+05  2.28990e+01  2.28990e+01
4.102969620e-01  2.2818728e+01         -inf  1.00779e+05  2.28187e+01  2.28187e+01
4.119381498e-01  2.2729073e+01         -inf  1.00779e+05  2.27291e+01  2.27291e+01
4.135859024e-01  2.2639945e+01         -inf  1.00779e+05  2.26399e+01  2.26399e+01
4.152402460e-01  2.2563966e+01         -inf  1.00779e+05  2.25640e+01  2.25640e+01
4.169012070e-01  2.2493192e+01         -inf  1.00779e+05  2.24932e+01  2.24932e+01
4.185688119e-01  2.2410591e+01         -inf  1.00779e+05  2.24106e+01  2.24106e+01
4.202430871e-01  2.2325254e+01         -inf  1.00779e+05  2.23253e+01  2.23253e+01
4.219240595e-01  2.2257920e+01         -inf  1.00779e+05  2.22579e+01  2.22579e+01
4.236117557e-01  2.2207263e+01         -inf  1.00779e+05  2.22073e+01  2.22073e+01
4.253062027e-01  2.2149459e+01         -inf  1.00779e+05  2.21495e+01  2.21495e+01
4.270074275e-01  2.2060588e+01         -inf  1.00779e+05  2.20606e+01  2.20606e+01
4.287154572e-01  2.1958478e+01         -inf  1.00779e+05  2.19585e+01  2.19585e+01
4.304303191e-01  2.1878607e+01         -inf  1.00779e+05  2.18786e+01  2.18786e+01
4.321520403e-01  2.1829448e+01         -inf  1.00779e+05  2.18294e+01  2.18294e+01
4.338806485e-01  2.1763079e+01         -inf  1.00779e+05  2.17631e+01  2.17631e+01
4.356161711e-01  2.1671644e+01         -inf  1.00779e+05  2.16716e+01  2.16716e+01
4.373586358e-01  2.1605538e+01         -inf  1.00779e+05  2.16055e+01  2.16055e+01
4.391080703e-01  2.1590975e+01         -inf  1.00779e+05  2.15910e+01  2.15910e+01
4.408645026e-01  2.1589651e+01         -inf  1.00779e+05  2.15897e+01  2.15897e+01
4.426279606e-01  2.1560790e+01         -inf  1.00779e+05  2.15608e+01  2.15608e+01
4.443984725e-01  2.1466528e+01         -inf  1.00779e+05  2.14665e+01  2.14665e+01
4.461760664e-01  2.1335900e+01         -inf  1.00779e+05  2.13359e+01  2.13359e+01
4.479607706e-01  2.1262023e+01         -inf  1.00779e+05  2.12620e+01  2.12620e+01
4.497526137e-01  2.1255138e+01         -inf  1.00779e+05  2.12551e+01  2.12551e+01
4.515516242e-01  2.1205445e+01         -inf  1.00779e+05  2.12054e+01  2.12054e+01
4.533578307e-01  2.1103499e+01         -inf  1.00779e+05  2.11035e+01  2.11035e+01
4.551712620e-01  2.1051686e+01         -inf  1.00779e+05  2.10517e+01  2.10517e+01
4.569919470e-01  2.1098644e+01         -inf  1.00779e+05  2.10986e+01  2.10986e+01
4.588199148e-01  2.1187439e+01         -inf  1.00779e+05  2.11874e+01  2.11874e+01
4.606551945e-01  2.1260169e+01         -inf  1.00779e+05  2.12602e+01  2.12602e+01
4.624978152e-01  2.1204739e+01         -inf  1.00779e+05  2.12047e+01  2.12047e+01
4.643478065e-01  2.1017880e+01         -inf  1.00779e+05  2.10179e+01  2.10179e+01
4.662051977e-01  2.0871619e+01         -inf  1.00779e+05  2.08716e+01  2.08716e+01
4.680700185e-01  2.0873737e+01         -inf  1.00779e+05  2.08737e+01  2.08737e+01
4.699422986e-01  2.0907103e+01         -inf  1.00779e+05  2.09071e+01  2.09071e+01
4.718220678e-01  2.0849110e+01         -inf  1.00779e+05  2.08491e+01  2.08491e+01
4.737093561e-01  2.0798178e+01         -inf  1.00779e+05  2.07982e+01  2.07982e+01
4.756041935e-01  2.0881770e+01         -inf  1.00779e+05  2.08818e+01  2.08818e+01
4.775066103e-01  2.1093701e+01         -inf  1.00779e+05  2.10937e+01  2.10937e+01
4.794166367e-01  2.1309950e+01         -inf  1.00779e+05  2.13100e+01  2.13100e+01
4.813343033e-01  2.1475707e+01         -inf  1.00779e+05  2.14757e+01  2.14757e+01
4.832596405e-01  2.1436519e+01         -inf  1.00779e+05  2.14365e+01  2.14365e+01
4.851926790e-01  2.1208888e+01         -inf  1.00779e+05  2.12089e+01  2.12089e+01
4.871334497e-01  2.1021587e+01         -inf  1.00779e+05  2.10216e+01  2.10216e+01
4.890819835e-01  2.1026707e+01         -inf  1.00779e+05  2.10267e+01  2.10267e+01
4.910383115e-01  2.1107735e+01         -inf  1.00779e+05  2.11077e+01  2.11077e+01
4.930024647e-01  2.1101910e+01         -inf  1.00779e+05  2.11019e+01  2.11019e+01
4.949744746e-01  2.1078078e+01         -inf  1.00779e+05  2.10781e+01  2.10781e+01
4.969543725e-01  2.1184350e+01         -inf  1.00779e+05  2.11844e+01  2.11844e+01
4.989421900e-01  2.1467499e+01         -inf  1.00779e+05  2.14675e+01  2.14675e+01
5.009379587e-01  2.1860426e+01         -inf  1.00779e+05  2.18604e+01  2.18604e+01
5.029417106e-01  2.2256243e+01         -inf  1.00779e+05  2.22562e+01  2.22562e+01
5.049534774e-01  2.2482955e+01         -inf  1.00779e+05  2.24830e+01  2.24830e+01
5.069732913e-01  2.2437684e+01         -inf  1.00779e+05  2.24377e+01  2.24377e+01
5.090011845e-01  2.2227826e+01         -inf  1.00779e+05  2.22278e+01  2.22278e+01
5.110371892e-01  2.2084240e+01         -inf  1.00779e+05  2.20842e+01  2.20842e+01
5.130813380e-01  2.2119982e+01         -inf  1.00779e+05  2.21200e+01  2.21200e+01
5.151336633e-01  2.2244505e+01         -inf  1.00779e+05  2.22445e+01  2.22445e+01
5.171941980e-01  2.2344052e+01         -inf  1.00779e+05  2.23441e+01  2.23441e+01
5.192629748e-01  2.2434242e+01         -inf  1.00779e+05  2.24342e+01  2.24342e+01
5.213400267e-01  2.2592910e+01         -inf  1.00779e+05  2.25929e+01  2.25929e+01
5.234253868e-01  2.2873880e+01         -inf  1.00779e+05  2.28739e+01  2.28739e+01
5.255190883e-01  2.3251811e+01         -inf  1.00779e+05  2.32518e+01  2.32518e+01
5.276211647e-01  2.3660072e+01         -inf  1.00779e+05  2.36601e+01  2.36601e+01
5.297316493e-01  2.4024282e+01         -inf  1.00779e+05  2.40243e+01  2.40243e+01
5.318505759e-01  2.4269548e+01         -inf  1.00779e+05  2.42695e+01  2.42695e+01
5.339779782e-01  2.4343302e+01         -inf  1.00779e+05  2.43433e+01  2.43433e+01
5.361138902e-01  2.4277753e+01         -inf  1.00779e+05  2.42778e+01  2.42778e+01
5.382583457e-01  2.4244228e+01         -inf  1.00779e+05  2.42442e+01  2.42442e+01
5.404113791e-01  2.4362005e+01         -inf  1.00779e+05  2.43620e+01  2.43620e+01
5.425730246e-01  2.4576911e+01         -inf  1.00779e+05  2.45769e+01  2.45769e+01
5.447433167e-01  2.4772490e+01         -inf  1.00779e+05  2.47725e+01  2.47725e+01
5.469222900e-01  2.4896169e+01         -inf  1.00779e+05  2.48962e+01  2.48962e+01
5.491099791e-01  2.4977238e+01         -inf  1.00779e+05  2.49772e+01  2.49772e+01
5.513064191e-01  2.5060688e+01         -inf  1.00779e+05  2.50607e+01  2.50607e+01
5.535116447e-01  2.5172717e+01         -inf  1.00779e+05  2.51727e+01  2.51727e+01
5.557256913e-01  2.5345344e+01         -inf  1.00779e+05  2.53453e+01  2.53453e+01
5.579485941e-01  2.5615258e+01         -inf  1.00779e+05  2.56153e+01  2.56153e+01
5.601803884e-01  2.5968598e+01         -inf  1.00779e+05  2.59686e+01  2.59686e+01
5.624211100e-01  2.6319362e+01         -inf  1.00779e+05  2.63194e+01  2.63194e+01
5.646707944e-01  2.6595144e+01         -inf  1.00779e+05  2.65951e+01  2.65951e+01
5.669294776e-01  2.6804862e+01         -inf  1.00779e+05  2.68049e+01  2.68049e+01
5.691971955e-01  2.7000991e+01         -inf  1.00779e+05  2.70010e+01  2.70010e+01
5.714739843e-01  2.7197909e+01         -inf  1.00779e+05  2.71979e+01  2.71979e+01
5.737598803e-01  2.7312547e+01         -inf  1.00779e+05  2.73125e+01  2.73125e+01
5.760549198e-01  2.7272600e+01         -inf  1.00779e+05  2.72726e+01  2.72726e+01
5.783591395e-01  2.7110695e+01         -inf  1.00779e+05  2.71107e+01  2.71107e+01
5.806725760e-01  2.6856364e+01         -inf  1.00779e+05  2.68564e+01  2.68564e+01
5.829952663e-01  2.6615517e+01         -inf  1.00779e+05  2.66155e+01  2.66155e+01
5.853272474e-01  2.6459768e+01         -inf  1.00779e+05  2.64598e+01  2.64598e+01
5.876685564e-01  2.6386479e+01         -inf  1.00779e+05  2.63865e+01  2.63865e+01
5.900192306e-01  2.6406411e+01         -inf  1.00779e+05  2.64064e+01  2.64064e+01
5.923793075e-01  2.6560220e+01         -inf  1.00779e+05  2.65602e+01  2.65602e+01
5.947488247e-01  2.6856452e+01         -inf  1.00779e+05  2.68565e+01  2.68565e+01
5.971278200e-01  2.7193764e+01         -inf  1.00779e+05  2.71938e+01  2.71938e+01
5.995163313e-01  2.7461838e+01         -inf  1.00779e+05  2.74618e+01  2.74618e+01
6.019143966e-01  2.7565978e+01         -inf  1.00779e+05  2.75660e+01  2.75660e+01
6.043220542e-01  2.7480444e+01         -inf  1.00779e+05  2.74804e+01  2.74804e+01
6.067393425e-01  2.7231595e+01         -inf  1.00779e+05  2.72316e+01  2.72316e+01
6.091662998e-01  2.6868622e+01         -inf  1.00779e+05  2.68686e+01  2.68686e+01
6.116029650e-01  2.6463913e+01         -inf  1.00779e+05  2.64639e+01  2.64639e+01
6.140493769e-01  2.6071087e+01         -inf  1.00779e+05  2.60711e+01  2.60711e+01
6.165055744e-01  2.5713518e+01         -inf  1.00779e+05  2.57135e+01  2.57135e+01
6.189715967e-01  2.5402591e+01         -inf  1.00779e+05  2.54026e+01  2.54026e+01
6.214474831e-01  2.5141226e+01         -inf  1.00779e+05  2.51412e+01  2.51412e+01
6.239332730e-01  2.4908254e+01         -inf  1.00779e+05  2.49083e+01  2.49083e+01
6.264290061e-01  2.4669453e+01         -inf  1.00779e+05  2.46695e+01  2.46695e+01
6.289347221e-01  2.4726088e+01         -inf  1.00779e+05  2.47261e+01  2.47261e+01
6.314504610e-01  2.4174178e+01         -inf  1.00779e+05  2.41742e+01  2.41742e+01
6.339762629e-01  2.3714246e+01         -inf  1.00779e+05  2.37142e+01  2.37142e+01
6.365121679e-01  2.3272635e+01         -inf  1.00779e+05  2.32726e+01  2.32726e+01
6.390582166e-01  2.2826053e+01         -inf  1.00779e+05  2.28261e+01  2.28261e+01
6.416144494e-01  2.2381116e+01         -inf  1.00779e+05  2.23811e+01  2.23811e+01
6.441809072e-01  2.1992809e+01         -inf  1.00779e+05  2.19928e+01  2.19928e+01
6.467576309e-01  2.1633163e+01         -inf  1.00779e+05  2.16332e+01  2.16332e+01
6.493446614e-01  2.1290267e+01         -inf  1.00779e+05  2.12903e+01  2.12903e+01
6.519420400e-01  2.0970127e+01         -inf  1.00779e+05  2.09701e+01  2.09701e+01
6.545498082e-01  2.0628962e+01         -inf  1.00779e+05  2.06290e+01  2.06290e+01
6.571680074e-01  2.0278421e+01         -inf  1.00779e+05  2.02784e+01  2.02784e+01
6.597966795e-01  1.9939427e+01         -inf  1.00779e+05  1.99394e+01  1.99394e+01
6.624358662e-01  1.9612157e+01         -inf  1.00779e+05  1.96122e+01  1.96122e+01
6.650856096e-01  1.9253263e+01         -inf  1.00779e+05  1.92533e+01  1.92533e+01
6.677459521e-01  1.8856734e+01         -inf  1.00779e+05  1.88567e+01  1.88567e+01
6.704169359e-01  1.8461683e+01         -inf  1.00779e+05  1.84617e+01  1.84617e+01
6.730986036e-01  1.8081443e+01         -inf  1.00779e+05  1.80814e+01  1.80814e+01
6.757909981e-01  1.7726527e+01         -inf  1.00779e+05  1.77265e+01  1.77265e+01
6.784941620e-01  1.7385898e+01         -inf  1.00779e+05  1.73859e+01  1.73859e+01
6.812081387e-01  1.7096566e+01         -inf  1.00779e+05  1.70966e+01  1.70966e+01
6.839329712e-01  1.6867194e+01         -inf  1.00779e+05  1.68672e+01  1.68672e+01
6.866687031e-01  1.8048151e+01         -inf  1.00779e+05  1.80482e+01  1.80482e+01
6.894153779e-01  1.8396604e+01         -inf  1.00779e+05  1.83966e+01  1.83966e+01
6.921730395e-01  1.6703086e+01         -inf  1.00779e+05  1.67031e+01  1.67031e+01
6.949417316e-01  1.5620651e+01         -inf  1.00779e+05  1.56207e+01  1.56207e+01
6.977214985e-01  1.5227876e+01         -inf  1.00779e+05  1.52279e+01  1.52279e+01
7.005123845e-01  1.4930056e+01         -inf  1.00779e+05  1.49301e+01  1.49301e+01
7.033144341e-01  1.4689386e+01         -inf  1.00779e+05  1.46894e+01  1.46894e+01
7.061276918e-01  1.4492178e+01         -inf  1.00779e+05  1.44922e+01  1.44922e+01
7.089522026e-01  1.4316525e+01         -inf  1.00779e+05  1.43165e+01  1.43165e+01
7.117880114e-01  1.4167551e+01         -inf  1.00779e+05  1.41676e+01  1.41676e+01
7.146351634e-01  1.4076097e+01         -inf  1.00779e+05  1.40761e+01  1.40761e+01
7.174937041e-01  1.3921728e+01         -inf  1.00779e+05  1.39217e+01  1.39217e+01
7.203636789e-01  1.3615541e+01         -inf  1.00779e+05  1.36155e+01  1.36155e+01
7.232451336e-01  1.3329046e+01         -inf  1.00779e+05  1.33290e+01  1.33290e+01
7.261381142e-01  1.3119513e+01         -inf  1.00779e+05  1.31195e+01  1.31195e+01
7.290426666e-01  1.2888763e+01         -inf  1.00779e+05  1.28888e+01  1.28888e+01
7.319588373e-01  1.2694418e+01         -inf  1.00779e+05  1.26944e+01  1.26944e+01
7.348866726e-01  1.2575987e+01         -inf  1.00779e+05  1.25760e+01  1.25760e+01
7.378262193e-01  1.2490875e+01         -inf  1.00779e+05  1.24909e+01  1.24909e+01
7.407775242e-01  1.2434575e+01         -inf  1.00779e+05  1.24346e+01  1.24346e+01
7.437406343e-01  1.2447832e+01         -inf  1.00779e+05  1.24478e+01  1.24478e+01
7.467155968e-01  1.2490521e+01         -inf  1.00779e+05  1.24905e+01  1.24905e+01
7.497024592e-01  1.2378009e+01         -inf  1.00779e+05  1.23780e+01  1.23780e+01
7.527012690e-01  1.2071484e+01         -inf  1.00779e+05  1.20715e+01  1.20715e+01
7.557120741e-01  1.1811439e+01         -inf  1.00779e+05  1.18114e+01  1.18114e+01
7.587349224e-01  1.3742966e+01         -inf  1.00779e+05  1.37430e+01  1.37430e+01
7.617698621e-01  2.0613602e+01         -inf  1.00779e+05  2.06136e+01  2.06136e+01
7.648169416e-01  1.7439329e+01         -inf  1.00779e+05  1.74393e+01  1.74393e+01
7.678762093e-01  1.2712447e+01         -inf  1.00779e+05  1.27124e+01  1.27124e+01
7.709477142e-01  1.1249328e+01         -inf  1.00779e+05  1.12493e+01  1.12493e+01
7.740315050e-01  1.1160132e+01         -inf  1.00779e+05  1.11601e+01  1.11601e+01
7.771276310e-01  1.1252864e+01         -inf  1.00779e+05  1.12529e+01  1.12529e+01
7.802361416e-01  1.1237306e+01         -inf  1.00779e+05  1.12373e+01  1.12373e+01
7.833570861e-01  1.0991018e+01         -inf  1.00779e+05  1.09910e+01  1.09910e+01
7.864905145e-01  1.0696363e+01         -inf  1.00779e+05  1.06964e+01  1.06964e+01
7.896364765e-01  1.0485243e+01         -inf  1.00779e+05  1.04852e+01  1.04852e+01
7.927950224e-01  1.0307889e+01         -inf  1.00779e+05  1.03079e+01  1.03079e+01
7.959662025e-01  1.0153961e+01         -inf  1.00779e+05  1.01540e+01  1.01540e+01
7.991500673e-01  1.0046536e+01         -inf  1.00779e+05  1.00465e+01  1.00465e+01
8.023466676e-01  9.9597991e+00         -inf  1.00779e+05  9.95980e+00  9.95980e+00
8.055560543e-01  9.9161208e+00         -inf  1.00779e+05  9.91612e+00  9.91612e+00
8.087782785e-01  9.9641316e+00         -inf  1.00779e+05  9.96413e+00  9.96413e+00
8.120133916e-01  1.0055289e+01         -inf  1.00779e+05  1.00553e+01  1.00553e+01
8.152614452e-01  1.0127879e+01         -inf  1.00779e+05  1.01279e+01  1.01279e+01
8.185224910e-01  1.0067049e+01         -inf  1.00779e+05  1.00670e+01  1.00670e+01
8.217965809e-01  9.8241654e+00         -inf  1.00779e+05  9.82417e+00  9.82417e+00
8.250837672e-01  9.5178738e+00         -inf  1.00779e+05  9.51787e+00  9.51787e+00
8.283841023e-01  9.2867308e+00         -inf  1.00779e+05  9.28673e+00  9.28673e+00
8.316976387e-01  9.1310098e+00         -inf  1.00779e+05  9.13101e+00  9.13101e+00
8.350244293e-01  9.0256019e+00         -inf  1.00779e+05  9.02560e+00  9.02560e+00
8.383645270e-01  8.9606939e+00         -inf  1.00779e+05  8.96069e+00  8.96069e+00
8.417179851e-01  8.9172741e+00         -inf  1.00779e+05  8.91727e+00  8.91727e+00
8.450848570e-01  8.9084309e+00         -inf  1.00779e+05  8.90843e+00  8.90843e+00
8.484651965e-01  8.9604286e+00         -inf  1.00779e+05  8.96043e+00  8.96043e+00
8.518590573e-01  9.0993522e+00         -inf  1.00779e+05  9.09935e+00  9.09935e+00
8.552664935e-01  9.0846730e+00         -inf  1.00779e+05  9.08467e+00  9.08467e+00
8.586875595e-01  8.9065739e+00         -inf  1.00779e+05  8.90657e+00  8.90657e+00
8.621223097e-01  8.6981192e+00         -inf  1.00779e+05  8.69812e+00  8.69812e+00
8.655707989e-01  8.4922845e+00         -inf  1.00779e+05  8.49228e+00  8.49228e+00
8.690330821e-01  8.3550724e+00         -inf  1.00779e+05  8.35507e+00  8.35507e+00
8.725092145e-01  8.2445224e+00         -inf  1.00779e+05  8.24452e+00  8.24452e+00
8.759992513e-01  8.1717088e+00         -inf  1.00779e+05  8.17171e+00  8.17171e+00
8.795032483e-01  8.1328739e+00         -inf  1.00779e+05  8.13287e+00  8.13287e+00
8.830212613e-01  8.1395690e+00         -inf  1.00779e+05  8.13957e+00  8.13957e+00
8.865533464e-01  8.1275143e+00         -inf  1.00779e+05  8.12751e+00  8.12751e+00
8.900995597e-01  8.1037763e+00         -inf  1.00779e+05  8.10378e+00  8.10378e+00
8.936599580e-01  8.0452270e+00         -inf  1.00779e+05  8.04523e+00  8.04523e+00
8.972345978e-01  8.0716893e+00         -inf  1.00779e+05  8.07169e+00  8.07169e+00
9.008235362e-01  8.0157045e+00         -inf  1.00779e+05  8.01570e+00  8.01570e+00
9.044268304e-01  7.8845940e+00         -inf  1.00779e+05  7.88459e+00  7.88459e+00
9.080445377e-01  7.7713384e+00         -inf  1.00779e+05  7.77134e+00  7.77134e+00
9.116767158e-01  7.6941766e+00         -inf  1.00779e+05  7.69418e+00  7.69418e+00
9.153234227e-01  7.6458926e+00         -inf  1.00779e+05  7.64589e+00  7.64589e+00
9.189847164e-01  7.6110171e+00         -inf  1.00779e+05  7.61102e+00  7.61102e+00
9.226606552e-01  7.5754338e+00         -inf  1.00779e+05  7.57543e+00  7.57543e+00
9.263512979e-01  7.5059473e+00         -inf  1.00779e+05  7.50595e+00  7.50595e+00
9.300567031e-01  7.4320727e+00         -inf  1.00779e+05  7.43207e+00  7.43207e+00
9.337769299e-01  7.3634869e+00         -inf  1.00779e+05  7.36349e+00  7.36349e+00
9.375120376e-01  7.3364291e+00         -inf  1.00779e+05  7.33643e+00  7.33643e+00
9.412620857e-01  7.3649021e+00         -inf  1.00779e+05  7.36490e+00  7.36490e+00
9.450271341e-01  7.3660697e+00         -inf  1.00779e+05  7.36607e+00  7.36607e+00
9.488072426e-01  7.2289400e+00         -inf  1.00779e+05  7.22894e+00  7.22894e+00
9.526024716e-01  7.0986363e+00         -inf  1.00779e+05  7.09864e+00  7.09864e+00
9.564128815e-01  7.0345406e+00         -inf  1.00779e+05  7.03454e+00  7.03454e+00
9.602385330e-01  6.9697100e+00         -inf  1.00779e+05  6.96971e+00  6.96971e+00
9.640794871e-01  6.9202883e+00         -inf  1.00779e+05  6.92029e+00  6.92029e+00
9.679358051e-01  6.8696631e+00         -inf  1.00779e+05  6.86966e+00  6.86966e+00
9.718075483e-01  6.8206564e+00         -inf  1.00779e+05  6.82066e+00  6.82066e+00
9.756947785e-01  6.7722420e+00         -inf  1.00779e+05  6.77224e+00  6.77224e+00
9.795975576e-01  6.7321161e+00         -inf  1.00779e+05  6.73212e+00  6.73212e+00
9.835159478e-01  6.6973419e+00         -inf  1.00779e+05  6.69734e+00  6.69734e+00
9.874500116e-01  6.6900438e+00         -inf  1.00779e+05  6.69004e+00  6.69004e+00
9.913998117e-01  6.7681640e+00         -inf  1.00779e+05  6.76816e+00  6.76816e+00
9.953654109e-01  6.6854437e+00         -inf  1.00779e+05  6.68544e+00  6.68544e+00
9.993468726e-01  6.5746531e+00         -inf  1.00779e+05  6.57465e+00  6.57465e+00
1.003344260e+00  6.5131884e+00         -inf  1.00779e+05  6.51319e+00  6.51319e+00
1.007357637e+00  6.4665941e+00         -inf  1.00779e+05  6.46659e+00  6.46659e+00
1.011387068e+00  6.4262805e+00         -inf  1.00779e+05  6.42628e+00  6.42628e+00
1.015432616e+00  6.3869309e+00         -inf  1.00779e+05  6.38693e+00  6.38693e+00
1.019494346e+00  6.3470769e+00         -inf  1.00779e+05  6.34708e+00  6.34708e+00
1.023572324e+00  6.3083549e+00         -inf  1.00779e+05  6.30835e+00  6.30835e+00
1.027666613e+00  6.2714198e+00         -inf  1.00779e+05  6.27142e+00  6.27142e+00
1.031777280e+00  6.2346880e+00         -inf  1.00779e+05  6.23469e+00  6.23469e+00
1.035904389e+00  6.2128186e+00         -inf  1.00779e+05  6.21282e+00  6.21282e+00
1.040048006e+00  6.1954877e+00         -inf  1.00779e+05  6.19549e+00  6.19549e+00
1.044208198e+00  6.8856212e+00         -inf  1.00779e+05  6.88562e+00  6.88562e+00
1.048385031e+00  7.1526652e+00         -inf  1.00779e+05  7.15267e+00  7.15267e+00
1.052578571e+00  7.4642160e+00         -inf  1.00779e+05  7.46422e+00  7.46422e+00
1.056788885e+00  7.7897177e+00         -inf  1.00779e+05  7.78972e+00  7.78972e+00
1.061016041e+00  8.2025926e+00         -inf  1.00779e+05  8.20259e+00  8.20259e+00
1.065260105e+00  8.4932750e+00         -inf  1.00779e+05  8.49327e+00  8.49327e+00
1.069521146e+00  8.1170073e+00         -inf  1.00779e+05  8.11701e+00  8.11701e+00
1.073799230e+00  7.4479852e+00         -inf  1.00779e+05  7.44799e+00  7.44799e+00
1.078094427e+00  6.8815255e+00         -inf  1.00779e+05  6.88153e+00  6.88153e+00
1.082406805e+00  6.4803415e+00         -inf  1.00779e+05  6.48034e+00  6.48034e+00
1.086736432e+00  6.2154638e+00         -inf  1.00779e+05  6.21546e+00  6.21546e+00
1.091083378e+00  6.0447531e+00         -inf  1.00779e+05  6.04475e+00  6.04475e+00
1.095447711e+00  5.9295544e+00         -inf  1.00779e+05  5.92955e+00  5.92955e+00
1.099829502e+00  5.7311171e+00         -inf  1.00779e+05  5.73112e+00  5.73112e+00
1.104228820e+00  5.7015487e+00         -inf  1.00779e+05  5.70155e+00  5.70155e+00
1.108645735e+00  5.6800138e+00         -inf  1.00779e+05  5.68001e+00  5.68001e+00
1.113080318e+00  5.6799076e+00         -inf  1.00779e+05  5.67991e+00  5.67991e+00
1.117532640e+00  5.6840040e+00         -inf  1.00779e+05  5.68400e+00  5.68400e+00
1.122002770e+00  5.7246053e+00         -inf  1.00779e+05  5.72461e+00  5.72461e+00
1.126490781e+00  5.7897934e+00         -inf  1.00779e+05  5.78979e+00  5.78979e+00
1.130996744e+00  5.7620390e+00         -inf  1.00779e+05  5.76204e+00  5.76204e+00
1.135520731e+00  5.7753721e+00         -inf  1.00779e+05  5.77537e+00  5.77537e+00
1.140062814e+00  5.6253444e+00         -inf  1.00779e+05  5.62534e+00  5.62534e+00
1.144623065e+00  5.5961029e+00         -inf  1.00779e+05  5.59610e+00  5.59610e+00
1.149201558e+00  5.6450569e+00         -inf  1.00779e+05  5.64506e+00  5.64506e+00
1.153798364e+00  5.7872896e+00         -inf  1.00779e+05  5.78729e+00  5.78729e+00
1.158413557e+00  5.6933647e+00         -inf  1.00779e+05  5.69336e+00  5.69336e+00
1.163047212e+00  5.8087976e+00         -inf  1.00779e+05  5.80880e+00  5.80880e+00
1.167699401e+00  5.6471007e+00         -inf  1.00779e+05  5.64710e+00  5.64710e+00
1.172370198e+00  5.5324878e+00         -inf  1.00779e+05  5.53249e+00  5.53249e+00
1.177059679e+00  5.4339142e+00         -inf  1.00779e+05  5.43391e+00  5.43391e+00
1.181767918e+00  5.3757832e+00         -inf  1.00779e+05  5.37578e+00  5.37578e+00
1.186494989e+00  5.3359230e+00         -inf  1.00779e+05  5.33592e+00  5.33592e+00
1.191240969e+00  5.2973543e+00         -inf  1.00779e+05  5.29735e+00  5.29735e+00
1.196005933e+00  5.3005485e+00         -inf  1.00779e+05  5.30055e+00  5.30055e+00
1.200789957e+00  5.4760123e+00         -inf  1.00779e+05  5.47601e+00  5.47601e+00
1.205593117e+00  6.4982556e+00         -inf  1.00779e+05  6.49826e+00  6.49826e+00
1.210415489e+00  5.8503536e+00         -inf  1.00779e+05  5.85035e+00  5.85035e+00
1.215257151e+00  5.5384512e+00         -inf  1.00779e+05  5.53845e+00  5.53845e+00
1.220118180e+00  6.4385064e+00         -inf  1.00779e+05  6.43851e+00  6.43851e+00
1.224998652e+00  6.0703830e+00         -inf  1.00779e+05  6.07038e+00  6.07038e+00
1.229898647e+00  5.9871319e+00         -inf  1.00779e+05  5.98713e+00  5.98713e+00
1.234818242e+00  6.3060459e+00         -inf  1.00779e+05  6.30605e+00  6.30605e+00
1.239757515e+00  6.6980584e+00         -inf  1.00779e+05  6.69806e+00  6.69806e+00
1.244716545e+00  7.2284093e+00         -inf  1.00779e+05  7.22841e+00  7.22841e+00
1.249695411e+00  7.9915505e+00         -inf  1.00779e+05  7.99155e+00  7.99155e+00
1.254694192e+00  9.0377168e+00         -inf  1.00779e+05  9.03772e+00  9.03772e+00
1.259712969e+00  1.0682041e+01         -inf  1.00779e+05  1.06820e+01  1.06820e+01
1.264751821e+00  1.2621415e+01         -inf  1.00779e+05  1.26214e+01  1.26214e+01
1.269810828e+00  1.3687737e+01         -inf  1.00779e+05  1.36877e+01  1.36877e+01
1.274890072e+00  1.0355013e+01         -inf  1.00779e+05  1.03550e+01  1.03550e+01
1.279989632e+00  8.3439114e+00         -inf  1.00779e+05  8.34391e+00  8.34391e+00
1.285109591e+00  6.8441248e+00         -inf  1.00779e+05  6.84412e+00  6.84412e+00
1.290250029e+00  6.0979768e+00         -inf  1.00779e+05  6.09798e+00  6.09798e+00
1.295411029e+00  5.5716568e+00         -inf  1.00779e+05  5.57166e+00  5.57166e+00
1.300592673e+00  5.1940698e+00         -inf  1.00779e+05  5.19407e+00  5.19407e+00
1.305795044e+00  5.0071484e+00         -inf  1.00779e+05  5.00715e+00  5.00715e+00
1.311018224e+00  4.9842662e+00         -inf  1.00779e+05  4.98427e+00  4.98427e+00
1.316262297e+00  5.2788264e+00         -inf  1.00779e+05  5.27883e+00  5.27883e+00
1.321527346e+00  5.1212131e+00         -inf  1.00779e+05  5.12121e+00  5.12121e+00
1.326813455e+00  4.8704469e+00         -inf  1.00779e+05  4.87045e+00  4.87045e+00
1.332120709e+00  5.2842149e+00         -inf  1.00779e+05  5.28421e+00  5.28421e+00
1.337449192e+00  5.0710518e+00         -inf  1.00779e+05  5.07105e+00  5.07105e+00
1.342798989e+00  5.2065546e+00         -inf  1.00779e+05  5.20655e+00  5.20655e+00
1.348170185e+00  5.0801745e+00         -inf  1.00779e+05  5.08017e+00  5.08017e+00
1.353562866e+00  5.2391337e+00         -inf  1.00779e+05  5.23913e+00  5.23913e+00
1.358977117e+00  5.5708428e+00         -inf  1.00779e+05  5.57084e+00  5.57084e+00
1.364413026e+00  5.7312498e+00         -inf  1.00779e+05  5.73125e+00  5.73125e+00
1.369870678e+00  5.6861982e+00         -inf  1.00779e+05  5.68620e+00  5.68620e+00
1.375350160e+00  5.6464549e+00         -inf  1.00779e+05  5.64645e+00  5.64645e+00
1.380851561e+00  5.6504540e+00         -inf  1.00779e+05  5.65045e+00  5.65045e+00
1.386374967e+00  5.6310423e+00         -inf  1.00779e+05  5.63104e+00  5.63104e+00
1.391920467e+00  5.5679673e+00         -inf  1.00779e+05  5.56797e+00  5.56797e+00
1.397488149e+00  5.5108904e+00         -inf  1.00779e+05  5.51089e+00  5.51089e+00
1.403078102e+00  5.4182799e+00         -inf  1.00779e+05  5.41828e+00  5.41828e+00
1.408690414e+00  5.2509636e+00         -inf  1.00779e+05  5.25096e+00  5.25096e+00
1.414325176e+00  4.9255827e+00         -inf  1.00779e+05  4.92558e+00  4.92558e+00
1.419982476e+00  4.7729162e+00         -inf  1.00779e+05  4.77292e+00  4.77292e+00
1.425662406e+00  4.7166907e+00         -inf  1.00779e+05  4.71669e+00  4.71669e+00
1.431365056e+00  9.7241624e+00         -inf  1.00779e+05  9.72416e+00  9.72416e+00
1.437090516e+00  9.6642129e+00         -inf  1.00779e+05  9.66421e+00  9.66421e+00
1.442838878e+00  7.2056676e+00         -inf  1.00779e+05  7.20567e+00  7.20567e+00
1.448610234e+00  5.2885947e+00         -inf  1.00779e+05  5.28859e+00  5.28859e+00
1.454404675e+00  4.5814520e+00         -inf  1.00779e+05  4.58145e+00  4.58145e+00
1.460222293e+00  4.4845452e+00         -inf  1.00779e+05  4.48455e+00  4.48455e+00
1.466063182e+00  4.4624134e+00         -inf  1.00779e+05  4.46241e+00  4.46241e+00
1.471927435e+00  5.0182975e+00         -inf  1.00779e+05  5.01830e+00  5.01830e+00
1.477815145e+00  4.8943648e+00         -inf  1.00779e+05  4.89436e+00  4.89436e+00
1.483726405e+00  4.5275256e+00         -inf  1.00779e+05  4.52753e+00  4.52753e+00
1.489661311e+00  4.4097514e+00         -inf  1.00779e+05  4.40975e+00  4.40975e+00
1.495619956e+00  4.5213223e+00         -inf  1.00779e+05  4.52132e+00  4.52132e+00
1.501602436e+00  4.4251757e+00         -inf  1.00779e+05  4.42518e+00  4.42518e+00
1.507608846e+00  4.3414611e+00         -inf  1.00779e+05  4.34146e+00  4.34146e+00
1.513639281e+00  4.3465318e+00         -inf  1.00779e+05  4.34653e+00  4.34653e+00
1.519693838e+00  4.3672393e+00         -inf  1.00779e+05  4.36724e+00  4.36724e+00
1.525772614e+00  4.4790853e+00         -inf  1.00779e+05  4.47909e+00  4.47909e+00
1.531875704e+00  5.0306853e+00         -inf  1.00779e+05  5.03069e+00  5.03069e+00
1.538003207e+00  5.3639535e+00         -inf  1.00779e+05  5.36395e+00  5.36395e+00
1.544155220e+00  4.8522009e+00         -inf  1.00779e+05  4.85220e+00  4.85220e+00
1.550331841e+00  4.2878513e+00         -inf  1.00779e+05  4.28785e+00  4.28785e+00
1.556533168e+00  4.2673648e+00         -inf  1.00779e+05  4.26736e+00  4.26736e+00
1.562759301e+00  4.2794355e+00         -inf  1.00779e+05  4.27944e+00  4.27944e+00
1.569010338e+00  6.4193005e+00         -inf  1.00779e+05  6.41930e+00  6.41930e+00
1.575286379e+00  8.1047846e+00         -inf  1.00779e+05  8.10478e+00  8.10478e+00
1.581587525e+00  6.5064562e+00         -inf  1.00779e+05  6.50646e+00  6.50646e+00
1.587913875e+00  4.4577852e+00         -inf  1.00779e+05  4.45779e+00  4.45779e+00
1.594265530e+00  4.3864778e+00         -inf  1.00779e+05  4.38648e+00  4.38648e+00
1.600642593e+00  7.7448661e+00         -inf  1.00779e+05  7.74487e+00  7.74487e+00
1.607045163e+00  7.9238196e+00         -inf  1.00779e+05  7.92382e+00  7.92382e+00
1.613473344e+00  6.2045557e+00         -inf  1.00779e+05  6.20456e+00  6.20456e+00
1.619927237e+00  4.6188657e+00         -inf  1.00779e+05  4.61887e+00  4.61887e+00
1.626406946e+00  4.5777530e+00         -inf  1.00779e+05  4.57775e+00  4.57775e+00
1.632912574e+00  4.9451026e+00         -inf  1.00779e+05  4.94510e+00  4.94510e+00
1.639444224e+00  5.4255971e+00         -inf  1.00779e+05  5.42560e+00  5.42560e+00
1.646002001e+00  5.6039508e+00         -inf  1.00779e+05  5.60395e+00  5.60395e+00
1.652586009e+00  5.4339319e+00         -inf  1.00779e+05  5.43393e+00  5.43393e+00
1.659196353e+00  4.7092134e+00         -inf  1.00779e+05  4.70921e+00  4.70921e+00
1.665833138e+00  6.3241640e+00         -inf  1.00779e+05  6.32416e+00  6.32416e+00
1.672496471e+00  4.6898962e+00         -inf  1.00779e+05  4.68990e+00  4.68990e+00
1.679186457e+00  4.7508561e+00         -inf  1.00779e+05  4.75086e+00  4.75086e+00
1.685903203e+00  4.7840922e+00         -inf  1.00779e+05  4.78409e+00  4.78409e+00
1.692646815e+00  4.8996916e+00         -inf  1.00779e+05  4.89969e+00  4.89969e+00
1.699417403e+00  5.0288626e+00         -inf  1.00779e+05  5.02886e+00  5.02886e+00
1.706215072e+00  5.8647305e+00         -inf  1.00779e+05  5.86473e+00  5.86473e+00
1.713039933e+00  5.0520012e+00         -inf  1.00779e+05  5.05200e+00  5.05200e+00
1.719892092e+00  4.9219990e+00         -inf  1.00779e+05  4.92200e+00  4.92200e+00
1.726771661e+00  5.5657996e+00         -inf  1.00779e+05  5.56580e+00  5.56580e+00
1.733678747e+00  4.8967716e+00         -inf  1.00779e+05  4.89677e+00  4.89677e+00
1.740613462e+00  4.6197063e+00         -inf  1.00779e+05  4.61971e+00  4.61971e+00
1.747575916e+00  4.4427504e+00         -inf  1.00779e+05  4.44275e+00  4.44275e+00
1.754566220e+00  4.3830265e+00         -inf  1.00779e+05  4.38303e+00  4.38303e+00
1.761584485e+00  4.3965217e+00         -inf  1.00779e+05  4.39652e+00  4.39652e+00
1.768630823e+00  4.7250086e+00         -inf  1.00779e+05  4.72501e+00  4.72501e+00
1.775705346e+00  4.9874340e+00         -inf  1.00779e+05  4.98743e+00  4.98743e+00
1.782808167e+00  4.6140518e+00         -inf  1.00779e+05  4.61405e+00  4.61405e+00
1.789939400e+00  5.2654126e+00         -inf  1.00779e+05  5.26541e+00  5.26541e+00
1.797099158e+00  4.5243841e+00         -inf  1.00779e+05  4.52438e+00  4.52438e+00
1.804287554e+00  4.5191897e+00         -inf  1.00779e+05  4.51919e+00  4.51919e+00
1.811504704e+00  4.5472414e+00         -inf  1.00779e+05  4.54724e+00  4.54724e+00
1.818750723e+00  4.5285963e+00         -inf  1.00779e+05  4.52860e+00  4.52860e+00
1.826025726e+00  4.5915222e+00         -inf  1.00779e+05  4.59152e+00  4.59152e+00
1.833329829e+00  4.7851186e+00         -inf  1.00779e+05  4.78512e+00  4.78512e+00
1.840663148e+00  5.0213679e+00         -inf  1.00779e+05  5.02137e+00  5.02137e+00
1.848025801e+00  5.1378922e+00         -inf  1.00779e+05  5.13789e+00  5.13789e+00
1.855417904e+00  5.1622338e+00         -inf  1.00779e+05  5.16223e+00  5.16223e+00
1.862839576e+00  5.1111614e+00         -inf  1.00779e+05  5.11116e+00  5.11116e+00
1.870290934e+00  5.0947301e+00         -inf  1.00779e+05  5.09473e+00  5.09473e+00
1.877772098e+00  6.0193177e+00         -inf  1.00779e+05  6.01932e+00  6.01932e+00
1.885283186e+00  5.9774797e+00         -inf  1.00779e+05  5.97748e+00  5.97748e+00
1.892824319e+00  5.0069538e+00         -inf  1.00779e+05  5.00695e+00  5.00695e+00
1.900395616e+00  4.8396534e+00         -inf  1.00779e+05  4.83965e+00  4.83965e+00
1.907997199e+00  4.7645629e+00         -inf  1.00779e+05  4.76456e+00  4.76456e+00
1.915629188e+00  4.6053267e+00         -inf  1.00779e+05  4.60533e+00  4.60533e+00
1.923291704e+00  4.3749825e+00         -inf  1.00779e+05  4.37498e+00  4.37498e+00
1.930984871e+00  4.1837632e+00         -inf  1.00779e+05  4.18376e+00  4.18376e+00
1.938708811e+00  4.6419084e+00         -inf  1.00779e+05  4.64191e+00  4.64191e+00
1.946463646e+00  8.9034787e+00         -inf  1.00779e+05  8.90348e+00  8.90348e+00
1.954249500e+00  1.5606339e+01         -inf  1.00779e+05  1.56063e+01  1.56063e+01
1.962066498e+00  1.5206585e+01         -inf  1.00779e+05  1.52066e+01  1.52066e+01
1.969914764e+00  1.2912714e+01         -inf  1.00779e+05  1.29127e+01  1.29127e+01
1.977794423e+00  7.1740095e+00         -inf  1.00779e+05  7.17401e+00  7.17401e+00
1.985705601e+00  5.3688022e+00         -inf  1.00779e+05  5.36880e+00  5.36880e+00
1.993648424e+00  7.1315420e+00         -inf  1.00779e+05  7.13154e+00  7.13154e+00
2.001623017e+00  1.8138401e+01         -inf  1.00779e+05  1.81384e+01  1.81384e+01
2.009629509e+00  1.9069614e+01         -inf  1.00779e+05  1.90696e+01  1.90696e+01
2.017668027e+00  1.7008775e+01         -inf  1.00779e+05  1.70088e+01  1.70088e+01
2.025738699e+00  1.0593986e+01         -inf  1.00779e+05  1.05940e+01  1.05940e+01
2.033841654e+00  9.0418730e+00         -inf  1.00779e+05  9.04187e+00  9.04187e+00
2.041977021e+00  9.7222171e+00         -inf  1.00779e+05  9.72222e+00  9.72222e+00
2.050144929e+00  1.3115183e+01         -inf  1.00779e+05  1.31152e+01  1.31152e+01
2.058345509e+00  1.4331457e+01         -inf  1.00779e+05  1.43315e+01  1.43315e+01
2.066578891e+00  1.3747207e+01         -inf  1.00779e+05  1.37472e+01  1.37472e+01
2.074845206e+00  1.0399484e+01         -inf  1.00779e+05  1.03995e+01  1.03995e+01
2.083144587e+00  8.6117004e+00         -inf  1.00779e+05  8.61170e+00  8.61170e+00
2.091477165e+00  7.1095518e+00         -inf  1.00779e+05  7.10955e+00  7.10955e+00
2.099843074e+00  5.8933161e+00         -inf  1.00779e+05  5.89332e+00  5.89332e+00
2.108242446e+00  6.2270355e+00         -inf  1.00779e+05  6.22704e+00  6.22704e+00
2.116675416e+00  5.6717855e+00         -inf  1.00779e+05  5.67179e+00  5.67179e+00
2.125142118e+00  5.1125064e+00         -inf  1.00779e+05  5.11251e+00  5.11251e+00
2.133642686e+00  4.6559694e+00         -inf  1.00779e+05  4.65597e+00  4.65597e+00
2.142177257e+00  4.9753823e+00         -inf  1.00779e+05  4.97538e+00  4.97538e+00
2.150745966e+00  5.7822996e+00         -inf  1.00779e+05  5.78230e+00  5.78230e+00
2.159348950e+00  5.8573961e+00         -inf  1.00779e+05  5.85740e+00  5.85740e+00
2.167986346e+00  5.7115021e+00         -inf  1.00779e+05  5.71150e+00  5.71150e+00
2.176658291e+00  5.3576448e+00         -inf  1.00779e+05  5.35764e+00  5.35764e+00
2.185364924e+00  4.6740301e+00         -inf  1.00779e+05  4.67403e+00  4.67403e+00
2.194106384e+00  4.9154421e+00         -inf  1.00779e+05  4.91544e+00  4.91544e+00
2.202882810e+00  7.7545511e+00         -inf  1.00779e+05  7.75455e+00  7.75455e+00
2.211694341e+00  4.6646237e+00         -inf  1.00779e+05  4.66462e+00  4.66462e+00
2.220541118e+00  5.4175367e+00         -inf  1.00779e+05  5.41754e+00  5.41754e+00
2.229423283e+00  6.0277844e+00         -inf  1.00779e+05  6.02778e+00  6.02778e+00
2.238340976e+00  6.4578006e+00         -inf  1.00779e+05  6.45780e+00  6.45780e+00
2.247294340e+00  7.0412014e+00         -inf  1.00779e+05  7.04120e+00  7.04120e+00
2.256283517e+00  7.7690387e+00         -inf  1.00779e+05  7.76904e+00  7.76904e+00
2.265308651e+00  7.9893482e+00         -inf  1.00779e+05  7.98935e+00  7.98935e+00
2.274369886e+00  8.4742432e+00         -inf  1.00779e+05  8.47424e+00  8.47424e+00
2.283467365e+00  8.3571684e+00         -inf  1.00779e+05  8.35717e+00  8.35717e+00
2.292601235e+00  9.2781534e+00         -inf  1.00779e+05  9.27815e+00  9.27815e+00
2.301771640e+00  1.0441833e+01         -inf  1.00779e+05  1.04418e+01  1.04418e+01
2.310978726e+00  6.6926710e+00         -inf  1.00779e+05  6.69267e+00  6.69267e+00
2.320222641e+00  9.7953405e+00         -inf  1.00779e+05  9.79534e+00  9.79534e+00
2.329503532e+00  8.3430357e+00         -inf  1.00779e+05  8.34304e+00  8.34304e+00
2.338821546e+00  9.6704023e+00         -inf  1.00779e+05  9.67040e+00  9.67040e+00
2.348176832e+00  1.0354394e+01         -inf  1.00779e+05  1.03544e+01  1.03544e+01
2.357569539e+00  8.6715356e+00         -inf  1.00779e+05  8.67154e+00  8.67154e+00
2.366999817e+00  8.9604284e+00         -inf  1.00779e+05  8.96043e+00  8.96043e+00
2.376467817e+00  9.2442858e+00         -inf  1.00779e+05  9.24429e+00  9.24429e+00
2.385973688e+00  7.3475740e+00         -inf  1.00779e+05  7.34757e+00  7.34757e+00
2.395517583e+00  7.4442966e+00         -inf  1.00779e+05  7.44430e+00  7.44430e+00
2.405099653e+00  6.1731668e+00         -inf  1.00779e+05  6.17317e+00  6.17317e+00
2.414720052e+00  5.2899482e+00         -inf  1.00779e+05  5.28995e+00  5.28995e+00
2.424378932e+00  6.1910374e+00         -inf  1.00779e+05  6.19104e+00  6.19104e+00
2.434076448e+00  5.1913443e+00         -inf  1.00779e+05  5.19134e+00  5.19134e+00
2.443812753e+00  4.7707479e+00         -inf  1.00779e+05  4.77075e+00  4.77075e+00
2.453588004e+00  4.5567893e+00         -inf  1.00779e+05  4.55679e+00  4.55679e+00
2.463402356e+00  4.3154789e+00         -inf  1.00779e+05  4.31548e+00  4.31548e+00
2.473255966e+00  4.2670193e+00         -inf  1.00779e+05  4.26702e+00  4.26702e+00
2.483148990e+00  6.1904003e+00         -inf  1.00779e+05  6.19040e+00  6.19040e+00
2.493081586e+00  5.5448477e+00         -inf  1.00779e+05  5.54485e+00  5.54485e+00
2.503053912e+00  4.9786469e+00         -inf  1.00779e+05  4.97865e+00  4.97865e+00
2.513066128e+00  4.5353300e+00         -inf  1.00779e+05  4.53533e+00  4.53533e+00
2.523118392e+00  4.4540237e+00         -inf  1.00779e+05  4.45402e+00  4.45402e+00
2.533210866e+00  4.6316872e+00         -inf  1.00779e+05  4.63169e+00  4.63169e+00
2.543343709e+00  4.7939402e+00         -inf  1.00779e+05  4.79394e+00  4.79394e+00
2.553517084e+00  5.6422338e+00         -inf  1.00779e+05  5.64223e+00  5.64223e+00
2.563731152e+00  6.9044798e+00         -inf  1.00779e+05  6.90448e+00  6.90448e+00
2.573986077e+00  7.3358355e+00         -inf  1.00779e+05  7.33584e+00  7.33584e+00
2.584282021e+00  8.0473309e+00         -inf  1.00779e+05  8.04733e+00  8.04733e+00
2.594619149e+00  8.9221367e+00         -inf  1.00779e+05  8.92214e+00  8.92214e+00
2.604997626e+00  8.7528764e+00         -inf  1.00779e+05  8.75288e+00  8.75288e+00
2.615417616e+00  8.8069799e+00         -inf  1.00779e+05  8.80698e+00  8.80698e+00
2.625879287e+00  8.1380109e+00         -inf  1.00779e+05  8.13801e+00  8.13801e+00
2.636382804e+00  7.7379479e+00         -inf  1.00779e+05  7.73795e+00  7.73795e+00
2.646928335e+00  7.7123952e+00         -inf  1.00779e+05  7.71240e+00  7.71240e+00
2.657516049e+00  9.0474422e+00         -inf  1.00779e+05  9.04744e+00  9.04744e+00
2.668146113e+00  1.8820796e+01         -inf  1.00779e+05  1.88208e+01  1.88208e+01
2.678818697e+00  2.9559486e+01         -inf  1.00779e+05  2.95595e+01  2.95595e+01
2.689533972e+00  2.9042366e+01         -inf  1.00779e+05  2.90424e+01  2.90424e+01
2.700292108e+00  2.9753858e+01         -inf  1.00779e+05  2.97539e+01  2.97539e+01
2.711093276e+00  2.6121977e+01         -inf  1.00779e+05  2.61220e+01  2.61220e+01
2.721937650e+00  2.0233662e+01         -inf  1.00779e+05  2.02337e+01  2.02337e+01
2.732825400e+00  1.8546626e+01         -inf  1.00779e+05  1.85466e+01  1.85466e+01
2.743756702e+00  2.2463627e+01         -inf  1.00779e+05  2.24636e+01  2.24636e+01
2.754731729e+00  2.8338820e+01         -inf  1.00779e+05  2.83388e+01  2.83388e+01
2.765750655e+00  2.7655743e+01         -inf  1.00779e+05  2.76557e+01  2.76557e+01
2.776813658e+00  2.8907834e+01         -inf  1.00779e+05  2.89078e+01  2.89078e+01
2.787920913e+00  2.6255066e+01         -inf  1.00779e+05  2.62551e+01  2.62551e+01
2.799072596e+00  2.2255799e+01         -inf  1.00779e+05  2.22558e+01  2.22558e+01
2.810268887e+00  1.9949045e+01         -inf  1.00779e+05  1.99490e+01  1.99490e+01
2.821509962e+00  1.7817128e+01         -inf  1.00779e+05  1.78171e+01  1.78171e+01
2.832796002e+00  1.4730552e+01         -inf  1.00779e+05  1.47306e+01  1.47306e+01
2.844127186e+00  1.5226368e+01         -inf  1.00779e+05  1.52264e+01  1.52264e+01
2.855503695e+00  1.3607668e+01         -inf  1.00779e+05  1.36077e+01  1.36077e+01
2.866925710e+00  1.4061333e+01         -inf  1.00779e+05  1.40613e+01  1.40613e+01
2.878393413e+00  1.2176922e+01         -inf  1.00779e+05  1.21769e+01  1.21769e+01
2.889906986e+00  1.1241097e+01         -inf  1.00779e+05  1.12411e+01  1.12411e+01
2.901466614e+00  8.0370356e+00         -inf  1.00779e+05  8.03704e+00  8.03705e+00
2.913072481e+00  5.4108809e+00         -inf  1.00779e+05  5.41088e+00  5.41089e+00
2.924724770e+00  4.5379645e+00         -inf  1.00779e+05  4.53796e+00  4.53798e+00
2.936423670e+00  4.0549256e+00         -inf  1.00779e+05  4.05493e+00  4.05494e+00
2.948169364e+00  4.5900748e+00         -inf  1.00779e+05  4.59007e+00  4.59009e+00
2.959962042e+00  6.4867580e+00         -inf  1.00779e+05  6.48676e+00  6.48677e+00
2.971801890e+00  6.2673873e+00         -inf  1.00779e+05  6.26739e+00  6.26740e+00
2.983689097e+00  7.0288178e+00         -inf  1.00779e+05  7.02882e+00  7.02884e+00
2.995623854e+00  5.3482651e+00         -inf  1.00779e+05  5.34827e+00  5.34828e+00
3.007606349e+00  4.8723825e+00         -inf  1.00779e+05  4.87238e+00  4.87240e+00
3.019636775e+00  4.7383844e+00         -inf  1.00779e+05  4.73838e+00  4.73841e+00
3.031715322e+00  4.0616146e+00         -inf  1.00779e+05  4.06161e+00  4.06164e+00
3.043842183e+00  3.9025542e+00         -inf  1.00779e+05  3.90255e+00  3.90258e+00
3.056017552e+00  3.9101722e+00         -inf  1.00779e+05  3.91017e+00  3.91020e+00
3.068241622e+00  3.8801864e+00         -inf  1.00779e+05  3.88019e+00  3.88021e+00
3.080514588e+00  3.8575548e+00         -inf  1.00779e+05  3.85755e+00  3.85759e+00
3.092836647e+00  3.8735534e+00         -inf  1.00779e+05  3.87355e+00  3.87359e+00
3.105207993e+00  3.9535459e+00         -inf  1.00779e+05  3.95355e+00  3.95358e+00
3.117628825e+00  4.3232024e+00         -inf  1.00779e+05  4.32320e+00  4.32324e+00
3.130099341e+00  5.7409062e+00         -inf  1.00779e+05  5.74091e+00  5.74095e+00
3.142619738e+00  5.0262265e+00         -inf  1.00779e+05  5.02623e+00  5.02627e+00
3.155190217e+00  5.8921987e+00         -inf  1.00779e+05  5.89220e+00  5.89225e+00
3.167810978e+00  5.5644133e+00         -inf  1.00779e+05  5.56441e+00  5.56446e+00
3.180482222e+00  7.3549681e+00         -inf  1.00779e+05  7.35497e+00  7.35502e+00
3.193204151e+00  7.6469676e+00         -inf  1.00779e+05  7.64697e+00  7.64702e+00
3.205976967e+00  8.7821234e+00         -inf  1.00779e+05  8.78212e+00  8.78218e+00
3.218800875e+00  1.0243284e+01         -inf  1.00779e+05  1.02433e+01  1.02433e+01
3.231676079e+00  1.0009154e+01         -inf  1.00779e+05  1.00092e+01  1.00092e+01
3.244602783e+00  1.1649871e+01         -inf  1.00779e+05  1.16499e+01  1.16499e+01
3.257581194e+00  1.2385531e+01         -inf  1.00779e+05  1.23855e+01  1.23856e+01
3.270611519e+00  1.5240604e+01         -inf  1.00779e+05  1.52406e+01  1.52407e+01
3.283693965e+00  1.2732950e+01         -inf  1.00779e+05  1.27330e+01  1.27330e+01
3.296828741e+00  1.2607444e+01         -inf  1.00779e+05  1.26074e+01  1.26075e+01
3.310016056e+00  1.8672117e+01         -inf  1.00779e+05  1.86721e+01  1.86722e+01
3.323256120e+00  1.6310005e+01         -inf  1.00779e+05  1.63100e+01  1.63101e+01
3.336549144e+00  8.1016757e+00         -inf  1.00779e+05  8.10168e+00  8.10180e+00
3.349895341e+00  8.8184833e+00         -inf  1.00779e+05  8.81848e+00  8.81861e+00
3.363294922e+00  1.1106432e+01         -inf  1.00779e+05  1.11064e+01  1.11066e+01
3.376748102e+00  1.1161496e+01         -inf  1.00779e+05  1.11615e+01  1.11616e+01
3.390255094e+00  1.1125154e+01         -inf  1.00779e+05  1.11252e+01  1.11253e+01
3.403816115e+00  1.0428942e+01         -inf  1.00779e+05  1.04289e+01  1.04291e+01
3.417431379e+00  8.5893366e+00         -inf  1.00779e+05  8.58934e+00  8.58951e+00
3.431101105e+00  8.9491871e+00         -inf  1.00779e+05  8.94919e+00  8.94937e+00
3.444825509e+00  8.7583099e+00         -inf  1.00779e+05  8.75831e+00  8.75851e+00
3.458604811e+00  7.8990341e+00         -inf  1.00779e+05  7.89903e+00  7.89925e+00
3.472439231e+00  8.8587680e+00         -inf  1.00779e+05  8.85877e+00  8.85900e+00
3.486328987e+00  8.4884952e+00         -inf  1.00779e+05  8.48850e+00  8.48874e+00
3.500274303e+00  7.2949705e+00         -inf  1.00779e+05  7.29497e+00  7.29523e+00
3.514275401e+00  5.7246686e+00         -inf  1.00779e+05  5.72467e+00  5.72494e+00
3.528332502e+00  6.7398310e+00         -inf  1.00779e+05  6.73983e+00  6.74012e+00
3.542445832e+00  9.5623063e+00         -inf  1.00779e+05  9.56231e+00  9.56262e+00
3.556615616e+00  7.2645412e+00         -inf  1.00779e+05  7.26454e+00  7.26487e+00
3.570842078e+00  1.0114357e+01         -inf  1.00779e+05  1.01144e+01  1.01147e+01
3.585125446e+00  9.7643773e+00         -inf  1.00779e+05  9.76438e+00  9.76475e+00
3.599465948e+00  8.0649105e+00         -inf  1.00779e+05  8.06491e+00  8.06530e+00
3.613863812e+00  7.6816157e+00         -inf  1.00779e+05  7.68162e+00  7.68203e+00
3.628319267e+00  6.6472888e+00         -inf  1.00779e+05  6.64729e+00  6.64773e+00
3.642832544e+00  6.5867257e+00         -inf  1.00779e+05  6.58673e+00  6.58720e+00
3.657403874e+00  5.1322607e+00         -inf  1.00779e+05  5.13226e+00  5.13276e+00
3.672033490e+00  5.3199794e+00         -inf  1.00779e+05  5.31998e+00  5.32051e+00
3.686721624e+00  5.4847663e+00         -inf  1.00779e+05  5.48477e+00  5.48533e+00
3.701468510e+00  4.9124388e+00         -inf  1.00779e+05  4.91244e+00  4.91304e+00
3.716274384e+00  5.4286183e+00         -inf  1.00779e+05  5.42862e+00  5.42925e+00
3.731139482e+00  5.8286077e+00         -inf  1.00779e+05  5.82861e+00  5.82928e+00
3.746064040e+00  5.4514562e+00         -inf  1.00779e+05  5.45146e+00  5.45217e+00
3.761048296e+00  5.1919099e+00         -inf  1.00779e+05  5.19191e+00  5.19266e+00
3.776092489e+00  5.4292317e+00         -inf  1.00779e+05  5.42923e+00  5.43003e+00
3.791196859e+00  6.0748538e+00         -inf  1.00779e+05  6.07485e+00  6.07570e+00
3.806361647e+00  6.3549033e+00         -inf  1.00779e+05  6.35490e+00  6.35580e+00
3.821587093e+00  6.0666473e+00         -inf  1.00779e+05  6.06665e+00  6.06760e+00
3.836873442e+00  6.9449878e+00         -inf  1.00779e+05  6.94499e+00  6.94599e+00
3.852220935e+00  8.0909579e+00         -inf  1.00779e+05  8.09096e+00  8.09203e+00
3.867629819e+00  1.1055822e+01         -inf  1.00779e+05  1.10558e+01  1.10570e+01
3.883100338e+00  1.3189375e+01         -inf  1.00779e+05  1.31894e+01  1.31906e+01
3.898632740e+00  1.1640368e+01         -inf  1.00779e+05  1.16404e+01  1.16416e+01
3.914227271e+00  1.2555915e+01         -inf  1.00779e+05  1.25559e+01  1.25573e+01
3.929884180e+00  1.1851114e+01         -inf  1.00779e+05  1.18511e+01  1.18525e+01
3.945603716e+00  1.0625969e+01         -inf  1.00779e+05  1.06260e+01  1.06275e+01
3.961386131e+00  1.0003187e+01         -inf  1.00779e+05  1.00032e+01  1.00048e+01
3.977231676e+00  1.0455678e+01         -inf  1.00779e+05  1.04557e+01  1.04574e+01
3.993140603e+00  1.0819632e+01         -inf  1.00779e+05  1.08196e+01  1.08215e+01
4.009113165e+00  1.1705807e+01         -inf  1.00779e+05  1.17058e+01  1.17078e+01
4.025149618e+00  1.2810596e+01         -inf  1.00779e+05  1.28106e+01  1.28127e+01
4.041250216e+00  1.3919269e+01         -inf  1.00779e+05  1.39193e+01  1.39215e+01
4.057415217e+00  1.4100443e+01         -inf  1.00779e+05  1.41004e+01  1.41028e+01
4.073644878e+00  1.4782688e+01         -inf  1.00779e+05  1.47827e+01  1.47852e+01
4.089939457e+00  1.5157324e+01         -inf  1.00779e+05  1.51573e+01  1.51599e+01
4.106299215e+00  1.5192594e+01         -inf  1.00779e+05  1.51926e+01  1.51954e+01
4.122724412e+00  1.5352441e+01         -inf  1.00779e+05  1.53524e+01  1.53554e+01
4.139215310e+00  1.5588262e+01         -inf  1.00779e+05  1.55883e+01  1.55913e+01
4.155772171e+00  1.5779544e+01         -inf  1.00779e+05  1.57795e+01  1.57828e+01
4.172395260e+00  1.7118707e+01         -inf  1.00779e+05  1.71187e+01  1.71217e+01
4.189084841e+00  2.2326114e+01         -inf  1.00779e+05  2.23261e+01  2.23272e+01
4.205841180e+00  3.1552268e+01         -inf  1.00779e+05  3.15523e+01  3.15524e+01
4.222664545e+00  3.9383060e+01         -inf  1.00779e+05  3.93831e+01  3.93832e+01
4.239555203e+00  4.2591279e+01         -inf  1.00779e+05  4.25913e+01  4.25914e+01
4.256513424e+00  4.0718080e+01         -inf  1.00779e+05  4.07181e+01  4.07182e+01
4.273539477e+00  4.2363931e+01         -inf  1.00779e+05  4.23639e+01  4.23640e+01
4.290633635e+00  4.1068478e+01         -inf  1.00779e+05  4.10685e+01  4.10686e+01
4.307796170e+00  3.8386046e+01         -inf  1.00779e+05  3.83860e+01  3.83862e+01
4.325027355e+00  3.4991842e+01         -inf  1.00779e+05  3.49918e+01  3.49920e+01
4.342327464e+00  3.2481800e+01         -inf  1.00779e+05  3.24818e+01  3.24820e+01
4.359696774e+00  3.1290299e+01         -inf  1.00779e+05  3.12903e+01  3.12905e+01
4.377135561e+00  2.9034258e+01         -inf  1.00779e+05  2.90343e+01  2.90347e+01
4.394644103e+00  2.9060872e+01         -inf  1.00779e+05  2.90609e+01  2.90612e+01
4.412222680e+00  2.8251853e+01         -inf  1.00779e+05  2.82519e+01  2.82523e+01
4.429871570e+00  2.6099989e+01         -inf  1.00779e+05  2.61000e+01  2.61012e+01
4.447591057e+00  2.2855802e+01         -inf  1.00779e+05  2.28558e+01  2.28588e+01
4.465381421e+00  2.2923211e+01         -inf  1.00779e+05  2.29232e+01  2.29264e+01
4.483242946e+00  2.3172563e+01         -inf  1.00779e+05  2.31726e+01  2.31761e+01
4.501175918e+00  2.1175964e+01         -inf  1.00779e+05  2.11760e+01  2.11815e+01
4.519180622e+00  2.2714921e+01         -inf  1.00779e+05  2.27149e+01  2.27195e+01
4.537257344e+00  2.1392825e+01         -inf  1.00779e+05  2.13928e+01  2.13987e+01
4.555406374e+00  1.9405445e+01         -inf  1.00779e+05  1.94054e+01  1.94132e+01
4.573627999e+00  1.7175281e+01         -inf  1.00779e+05  1.71753e+01  1.71847e+01
4.591922511e+00  1.4027714e+01         -inf  1.00779e+05  1.40277e+01  1.40383e+01
4.610290201e+00  1.2151731e+01         -inf  1.00779e+05  1.21517e+01  1.21627e+01
4.628731362e+00  1.0487652e+01         -inf  1.00779e+05  1.04877e+01  1.04989e+01
4.647246288e+00  9.1709263e+00         -inf  1.00779e+05  9.17093e+00  9.18265e+00
4.665835273e+00  7.9992701e+00         -inf  1.00779e+05  7.99927e+00  8.01148e+00
4.684498614e+00  9.8806939e+00         -inf  1.00779e+05  9.88069e+00  9.89331e+00
4.703236608e+00  2.3559028e+01         -inf  1.00779e+05  2.35590e+01  2.35706e+01
4.722049555e+00  2.5496156e+01         -inf  1.00779e+05  2.54962e+01  2.55078e+01
4.740937753e+00  2.2142605e+01         -inf  1.00779e+05  2.21426e+01  2.21555e+01
4.759901504e+00  2.3841762e+01         -inf  1.00779e+05  2.38418e+01  2.38551e+01
4.778941110e+00  2.2170516e+01         -inf  1.00779e+05  2.21705e+01  2.21848e+01
4.798056874e+00  1.9660160e+01         -inf  1.00779e+05  1.96602e+01  1.96759e+01
4.817249102e+00  1.9666173e+01         -inf  1.00779e+05  1.96662e+01  1.96811e+01
4.836518098e+00  1.7756798e+01         -inf  1.00779e+05  1.77568e+01  1.77743e+01
4.855864171e+00  1.5727965e+01         -inf  1.00779e+05  1.57280e+01  1.57462e+01
4.875287627e+00  1.3299023e+01         -inf  1.00779e+05  1.32990e+01  1.33188e+01
4.894788778e+00  1.0762048e+01         -inf  1.00779e+05  1.07620e+01  1.07829e+01
4.914367933e+00  9.8235300e+00         -inf  1.00779e+05  9.82353e+00  9.84512e+00
4.934025405e+00  7.6883227e+00         -inf  1.00779e+05  7.68832e+00  7.71073e+00
4.953761506e+00  7.2579164e+00         -inf  1.00779e+05  7.25792e+00  7.28132e+00
4.973576552e+00  6.0915664e+00         -inf  1.00779e+05  6.09157e+00  6.11599e+00
4.993470859e+00  5.3167115e+00         -inf  1.00779e+05  5.31671e+00  5.34218e+00
5.013444742e+00  4.2450723e+00         -inf  1.00779e+05  4.24507e+00  4.27163e+00
5.033498521e+00  4.0882695e+00         -inf  1.00779e+05  4.08827e+00  4.11597e+00
5.053632515e+00  4.0670058e+00         -inf  1.00779e+05  4.06701e+00  4.09591e+00
5.073847045e+00  4.3666308e+00         -inf  1.00779e+05  4.36663e+00  4.39680e+00
5.094142433e+00  4.8624997e+00         -inf  1.00779e+05  4.86250e+00  4.89399e+00
5.114519003e+00  4.9300844e+00         -inf  1.00779e+05  4.93008e+00  4.96290e+00
5.134977079e+00  4.3637962e+00         -inf  1.00779e+05  4.36380e+00  4.39795e+00
5.155516987e+00  5.2578636e+00         -inf  1.00779e+05  5.25786e+00  5.29349e+00
5.176139055e+00  1.0492151e+01         -inf  1.00779e+05  1.04922e+01  1.05286e+01
5.196843612e+00  7.9395219e+00         -inf  1.00779e+05  7.93952e+00  7.97816e+00
5.217630986e+00  9.2840861e+00         -inf  1.00779e+05  9.28409e+00  9.32449e+00
5.238501510e+00  8.2133012e+00         -inf  1.00779e+05  8.21330e+00  8.25559e+00
5.259455516e+00  7.0586817e+00         -inf  1.00779e+05  7.05868e+00  7.10273e+00
5.280493338e+00  5.8143239e+00         -inf  1.00779e+05  5.81432e+00  5.85994e+00
5.301615311e+00  5.3445138e+00         -inf  1.00779e+05  5.34451e+00  5.39183e+00
5.322821773e+00  6.1532327e+00         -inf  1.00779e+05  6.15323e+00  6.20246e+00
5.344113060e+00  5.3101963e+00         -inf  1.00779e+05  5.31020e+00  5.36140e+00
5.365489512e+00  5.3995622e+00         -inf  1.00779e+05  5.39956e+00  5.45284e+00
5.386951470e+00  5.3706349e+00         -inf  1.00779e+05  5.37063e+00  5.42605e+00
5.408499276e+00  5.7285468e+00         -inf  1.00779e+05  5.72855e+00  5.78625e+00
5.430133273e+00  5.9096545e+00         -inf  1.00779e+05  5.90965e+00  5.96967e+00
5.451853806e+00  6.0923087e+00         -inf  1.00779e+05  6.09231e+00  6.15472e+00
5.473661221e+00  6.4362468e+00         -inf  1.00779e+05  6.43625e+00  6.50113e+00
5.495555866e+00  6.9053462e+00         -inf  1.00779e+05  6.90535e+00  6.97280e+00
5.517538090e+00  7.2480264e+00         -inf  1.00779e+05  7.24803e+00  7.31813e+00
5.539608242e+00  7.2141892e+00         -inf  1.00779e+05  7.21419e+00  7.28713e+00
5.561766675e+00  6.8943051e+00         -inf  1.00779e+05  6.89431e+00  6.97024e+00
5.584013742e+00  7.3183364e+00         -inf  1.00779e+05  7.31834e+00  7.39728e+00
5.606349797e+00  7.6834914e+00         -inf  1.00779e+05  7.68349e+00  7.76556e+00
5.628775196e+00  7.7239257e+00         -inf  1.00779e+05  7.72393e+00  7.80933e+00
5.651290297e+00  7.7148129e+00         -inf  1.00779e+05  7.71481e+00  7.80367e+00
5.673895458e+00  7.8833665e+00         -inf  1.00779e+05  7.88337e+00  7.97583e+00
5.696591040e+00  8.0220355e+00         -inf  1.00779e+05  8.02204e+00  8.11825e+00
5.719377404e+00  8.8800014e+00         -inf  1.00779e+05  8.88000e+00  8.97997e+00
5.742254913e+00  1.2187876e+01         -inf  1.00779e+05  1.21879e+01  1.22909e+01
5.765223933e+00  1.2288959e+01         -inf  1.00779e+05  1.22890e+01  1.23961e+01
5.788284829e+00  1.1132312e+01         -inf  1.00779e+05  1.11323e+01  1.12446e+01
5.811437968e+00  1.1536592e+01         -inf  1.00779e+05  1.15366e+01  1.16534e+01
5.834683720e+00  1.2154679e+01         -inf  1.00779e+05  1.21547e+01  1.22760e+01
5.858022455e+00  1.1815469e+01         -inf  1.00779e+05  1.18155e+01  1.19422e+01
5.881454545e+00  1.1309495e+01         -inf  1.00779e+05  1.13095e+01  1.14419e+01
5.904980363e+00  1.0952803e+01         -inf  1.00779e+05  1.09528e+01  1.10910e+01
5.928600284e+00  1.0901941e+01         -inf  1.00779e+05  1.09019e+01  1.10460e+01
5.952314685e+00  1.1133126e+01         -inf  1.00779e+05  1.11331e+01  1.12832e+01
5.976123944e+00  1.1443630e+01         -inf  1.00779e+05  1.14436e+01  1.15997e+01
6.000028440e+00  1.1898266e+01         -inf  1.00779e+05  1.18983e+01  1.20605e+01
6.024028554e+00  1.2339163e+01         -inf  1.00779e+05  1.23392e+01  1.25077e+01
6.048124668e+00  1.2784236e+01         -inf  1.00779e+05  1.27842e+01  1.29589e+01
6.072317167e+00  1.3220886e+01         -inf  1.00779e+05  1.32209e+01  1.34018e+01
6.096606435e+00  1.3622045e+01         -inf  1.00779e+05  1.36220e+01  1.38092e+01
6.120992861e+00  1.3993828e+01         -inf  1.00779e+05  1.39938e+01  1.41871e+01
6.145476832e+00  1.4287951e+01         -inf  1.00779e+05  1.42880e+01  1.44874e+01
6.170058740e+00  1.4540973e+01         -inf  1.00779e+05  1.45410e+01  1.47467e+01
6.194738975e+00  1.4707519e+01         -inf  1.00779e+05  1.47075e+01  1.49198e+01
6.219517931e+00  1.4849479e+01         -inf  1.00779e+05  1.48495e+01  1.50685e+01
6.244396002e+00  1.4899266e+01         -inf  1.00779e+05  1.48993e+01  1.51255e+01
6.269373586e+00  1.4885779e+01         -inf  1.00779e+05  1.48858e+01  1.51196e+01
6.294451081e+00  1.4977802e+01         -inf  1.00779e+05  1.49778e+01  1.52192e+01
6.319628885e+00  1.4939408e+01         -inf  1.00779e+05  1.49394e+01  1.51890e+01
6.344907401e+00  1.5112398e+01         -inf  1.00779e+05  1.51124e+01  1.53698e+01
6.370287030e+00  1.5277243e+01         -inf  1.00779e+05  1.52772e+01  1.55422e+01
6.395768178e+00  1.5580781e+01         -inf  1.00779e+05  1.55808e+01  1.58525e+01
6.421351251e+00  1.5805436e+01         -inf  1.00779e+05  1.58054e+01  1.60844e+01
6.447036656e+00  1.5748395e+01         -inf  1.00779e+05  1.57484e+01  1.60370e+01
6.472824803e+00  1.5510141e+01         -inf  1.00779e+05  1.55101e+01  1.58102e+01
6.498716102e+00  1.5553317e+01         -inf  1.00779e+05  1.55533e+01  1.58639e+01
6.524710966e+00  1.4706718e+01         -inf  1.00779e+05  1.47067e+01  1.50308e+01
6.550809810e+00  1.4161830e+01         -inf  1.00779e+05  1.41618e+01  1.44976e+01
6.577013049e+00  1.3928721e+01         -inf  1.00779e+05  1.39287e+01  1.42753e+01
6.603321102e+00  1.3721195e+01         -inf  1.00779e+05  1.37212e+01  1.40787e+01
6.629734386e+00  1.3496981e+01         -inf  1.00779e+05  1.34970e+01  1.38656e+01
6.656253324e+00  1.3327315e+01         -inf  1.00779e+05  1.33273e+01  1.37072e+01
6.682878337e+00  1.3012418e+01         -inf  1.00779e+05  1.30124e+01  1.34039e+01
6.709609850e+00  1.2727694e+01         -inf  1.00779e+05  1.27277e+01  1.31307e+01
6.736448290e+00  1.2475798e+01         -inf  1.00779e+05  1.24758e+01  1.28903e+01
6.763394083e+00  1.1997287e+01         -inf  1.00779e+05  1.19973e+01  1.24236e+01
6.790447659e+00  1.1959411e+01         -inf  1.00779e+05  1.19594e+01  1.23966e+01
6.817609450e+00  1.1321085e+01         -inf  1.00779e+05  1.13211e+01  1.17702e+01
6.844879888e+00  1.0902951e+01         -inf  1.00779e+05  1.09030e+01  1.13636e+01
6.872259407e+00  1.0475981e+01         -inf  1.00779e+05  1.04760e+01  1.09483e+01
6.899748445e+00  1.0177152e+01         -inf  1.00779e+05  1.01772e+01  1.06614e+01
6.927347438e+00  9.5422807e+00         -inf  1.00779e+05  9.54228e+00  1.00385e+01
6.955056828e+00  8.9584258e+00         -inf  1.00779e+05  8.95843e+00  9.46659e+00
6.982877056e+00  8.6891889e+00         -inf  1.00779e+05  8.68919e+00  9.21024e+00
7.010808564e+00  8.2704546e+00         -inf  1.00779e+05  8.27045e+00  8.80450e+00
7.038851798e+00  7.7204827e+00         -inf  1.00779e+05  7.72048e+00  8.26764e+00
7.067007205e+00  7.3797219e+00         -inf  1.00779e+05  7.37972e+00  7.94086e+00
7.095275234e+00  7.0618956e+00         -inf  1.00779e+05  7.06190e+00  7.63753e+00
7.123656335e+00  6.6567027e+00         -inf  1.00779e+05  6.65670e+00  7.24735e+00
7.152150960e+00  6.4926171e+00         -inf  1.00779e+05  6.49262e+00  7.09891e+00
7.180759564e+00  6.2977235e+00         -inf  1.00779e+05  6.29772e+00  6.92060e+00
7.209482602e+00  6.5549081e+00         -inf  1.00779e+05  6.55491e+00  7.19534e+00
7.238320533e+00  7.0304191e+00         -inf  1.00779e+05  7.03042e+00  7.69119e+00
7.267273815e+00  7.8150356e+00         -inf  1.00779e+05  7.81504e+00  8.49632e+00
7.296342910e+00  7.6966925e+00         -inf  1.00779e+05  7.69669e+00  8.39750e+00
7.325528282e+00  9.3015318e+00         -inf  1.00779e+05  9.30153e+00  1.00233e+01
7.354830395e+00  1.0873828e+01         -inf  1.00779e+05  1.08738e+01  1.16090e+01
7.384249717e+00  1.2272513e+01         -inf  1.00779e+05  1.22725e+01  1.30024e+01
7.413786715e+00  1.1469068e+01         -inf  1.00779e+05  1.14691e+01  1.22156e+01
7.443441862e+00  1.2967450e+01         -inf  1.00779e+05  1.29674e+01  1.37051e+01
7.473215630e+00  1.2513832e+01         -inf  1.00779e+05  1.25138e+01  1.32811e+01
7.503108492e+00  1.3182031e+01         -inf  1.00779e+05  1.31820e+01  1.39429e+01
7.533120926e+00  1.2381065e+01         -inf  1.00779e+05  1.23811e+01  1.31851e+01
7.563253410e+00  1.0712288e+01         -inf  1.00779e+05  1.07123e+01  1.15814e+01
7.593506424e+00  1.0839960e+01         -inf  1.00779e+05  1.08400e+01  1.17538e+01
7.623880449e+00  1.2932944e+01         -inf  1.00779e+05  1.29329e+01  1.38661e+01
7.654375971e+00  1.8664871e+01         -inf  1.00779e+05  1.86649e+01  1.93948e+01
7.684993475e+00  1.9634131e+01         -inf  1.00779e+05  1.96341e+01  2.03845e+01
7.715733449e+00  1.8441679e+01         -inf  1.00779e+05  1.84417e+01  1.92948e+01
7.746596383e+00  1.7034682e+01         -inf  1.00779e+05  1.70347e+01  1.79653e+01
7.777582768e+00  1.4983575e+01         -inf  1.00779e+05  1.49836e+01  1.59865e+01
7.808693099e+00  1.6372106e+01         -inf  1.00779e+05  1.63721e+01  1.73799e+01
7.839927872e+00  1.7236918e+01         -inf  1.00779e+05  1.72369e+01  1.82409e+01
7.871287583e+00  1.7017876e+01         -inf  1.00779e+05  1.70179e+01  1.80353e+01
7.902772733e+00  1.5564626e+01         -inf  1.00779e+05  1.55646e+01  1.66600e+01
7.934383824e+00  1.4323474e+01         -inf  1.00779e+05  1.43235e+01  1.54757e+01
7.966121360e+00  1.2126156e+01         -inf  1.00779e+05  1.21262e+01  1.33542e+01
7.997985845e+00  1.0178658e+01         -inf  1.00779e+05  1.01787e+01  1.14460e+01
8.029977788e+00  1.0023928e+01         -inf  1.00779e+05  1.00239e+01  1.13324e+01
8.062097700e+00  8.3172179e+00         -inf  1.00779e+05  8.31722e+00  9.66580e+00
8.094346090e+00  7.1154358e+00         -inf  1.00779e+05  7.11544e+00  8.49562e+00
8.126723475e+00  5.8544074e+00         -inf  1.00779e+05  5.85441e+00  7.26638e+00
8.159230369e+00  5.0306790e+00         -inf  1.00779e+05  5.03068e+00  6.47404e+00
8.191867290e+00  5.6164514e+00         -inf  1.00779e+05  5.61645e+00  7.10032e+00
8.224634759e+00  4.1597287e+00         -inf  1.00779e+05  4.15973e+00  5.66990e+00
8.257533298e+00  4.2067086e+00         -inf  1.00779e+05  4.20671e+00  5.75503e+00
8.290563432e+00  3.3631326e+00         -inf  1.00779e+05  3.36313e+00  4.94143e+00
8.323725685e+00  4.2282449e+00         -inf  1.00779e+05  4.22824e+00  5.84870e+00
8.357020588e+00  4.5983469e+00         -inf  1.00779e+05  4.59835e+00  6.25697e+00
8.390448670e+00  5.7848985e+00         -inf  1.00779e+05  5.78490e+00  7.48705e+00
8.424010465e+00  6.4757137e+00         -inf  1.00779e+05  6.47571e+00  8.21712e+00
8.457706507e+00  7.6291274e+00         -inf  1.00779e+05  7.62913e+00  9.41035e+00
8.491537333e+00  7.6826747e+00         -inf  1.00779e+05  7.68267e+00  9.50390e+00
8.525503482e+00  7.6503213e+00         -inf  1.00779e+05  7.65032e+00  9.50965e+00
8.559605496e+00  6.1752434e+00         -inf  1.00779e+05  6.17524e+00  8.07371e+00
8.593843918e+00  7.6747930e+00         -inf  1.00779e+05  7.67479e+00  9.61691e+00
8.628219294e+00  8.4663297e+00         -inf  1.00779e+05  8.46633e+00  1.04547e+01
8.662732171e+00  8.4721926e+00         -inf  1.00779e+05  8.47219e+00  1.05079e+01
8.697383100e+00  8.7634395e+00         -inf  1.00779e+05  8.76344e+00  1.08435e+01
8.732172632e+00  8.1194949e+00         -inf  1.00779e+05  8.11949e+00  1.02433e+01
8.767101323e+00  7.4702017e+00         -inf  1.00779e+05  7.47020e+00  9.63583e+00
8.802169728e+00  8.3587714e+00         -inf  1.00779e+05  8.35877e+00  1.05589e+01
8.837378407e+00  8.4894194e+00         -inf  1.00779e+05  8.48942e+00  1.07262e+01
8.872727920e+00  7.9130565e+00         -inf  1.00779e+05  7.91306e+00  1.01966e+01
8.908218832e+00  8.1095678e+00         -inf  1.00779e+05  8.10957e+00  1.04417e+01
8.943851707e+00  8.4178665e+00         -inf  1.00779e+05  8.41787e+00  1.08008e+01
8.979627114e+00  7.6862245e+00         -inf  1.00779e+05  7.68622e+00  1.01314e+01
9.015545623e+00  6.6053952e+00         -inf  1.00779e+05  6.60540e+00  9.11783e+00
9.051607805e+00  7.1111639e+00         -inf  1.00779e+05  7.11116e+00  9.67827e+00
9.087814236e+00  7.4373251e+00         -inf  1.00779e+05  7.43733e+00  1.00575e+01
9.124165493e+00  7.5454085e+00         -inf  1.00779e+05  7.54541e+00  1.02213e+01
9.160662155e+00  8.2851131e+00         -inf  1.00779e+05  8.28511e+00  1.10197e+01
9.197304804e+00  9.7356468e+00         -inf  1.00779e+05  9.73565e+00  1.25307e+01
9.234094023e+00  8.7746569e+00         -inf  1.00779e+05  8.77466e+00  1.16570e+01
9.271030399e+00  8.6392785e+00         -inf  1.00779e+05  8.63928e+00  1.15954e+01
9.308114521e+00  9.0122263e+00         -inf  1.00779e+05  9.01223e+00  1.20201e+01
9.345346979e+00  1.0226445e+01         -inf  1.00779e+05  1.02264e+01  1.32788e+01
9.382728367e+00  2.0534350e+01         -inf  1.00779e+05  2.05344e+01  2.33805e+01
9.420259280e+00  2.9794894e+01         -inf  1.00779e+05  2.97949e+01  3.20960e+01
9.457940318e+00  3.2808167e+01         -inf  1.00779e+05  3.28082e+01  3.47572e+01
9.495772079e+00  3.4619273e+01         -inf  1.00779e+05  3.46193e+01  3.63139e+01
9.533755167e+00  3.3312497e+01         -inf  1.00779e+05  3.33125e+01  3.52507e+01
9.571890188e+00  2.6377472e+01         -inf  1.00779e+05  2.63775e+01  2.91460e+01
9.610177749e+00  3.3315044e+01         -inf  1.00779e+05  3.33150e+01  3.53226e+01
9.648618460e+00  3.4391730e+01         -inf  1.00779e+05  3.43917e+01  3.65350e+01
9.687212933e+00  3.2338281e+01         -inf  1.00779e+05  3.23383e+01  3.47859e+01
9.725961785e+00  3.1055561e+01         -inf  1.00779e+05  3.10556e+01  3.35663e+01
9.764865632e+00  3.1245468e+01         -inf  1.00779e+05  3.12455e+01  3.38415e+01
9.803925095e+00  2.9989062e+01         -inf  1.00779e+05  2.99891e+01  3.28134e+01
9.843140795e+00  2.8210256e+01         -inf  1.00779e+05  2.82103e+01  3.12813e+01
9.882513358e+00  2.5229264e+01         -inf  1.00779e+05  2.52293e+01  2.86300e+01
9.922043412e+00  2.2266380e+01         -inf  1.00779e+05  2.22664e+01  2.59346e+01
9.961731585e+00  1.8955279e+01         -inf  1.00779e+05  1.89553e+01  2.28610e+01
1.000157851e+01  1.4958410e+01         -inf  1.00779e+05  1.49584e+01  1.90773e+01
1.004158483e+01  1.0305344e+01         -inf  1.00779e+05  1.03053e+01  1.46150e+01
1.008175117e+01  7.9602268e+00         -inf  1.00779e+05  7.96023e+00  1.24051e+01
1.012207817e+01  4.9289144e+00         -inf  1.00779e+05  4.92891e+00  9.50045e+00
1.016256648e+01  3.0597532e+00         -inf  1.00779e+05  3.05975e+00  7.74919e+00
1.020321675e+01  1.8338321e+00         -inf  1.00779e+05  1.83383e+00  6.63977e+00
1.024402962e+01  1.1944621e+00         -inf  1.00779e+05  1.19446e+00  6.10725e+00
1.028500573e+01  8.6492542e-01         -inf  1.00779e+05  8.64925e-01  5.88086e+00
1.032614576e+01  9.3833419e-01         -inf  1.00779e+05  9.38334e-01  6.04977e+00
1.036745034e+01  6.0385818e-01         -inf  1.00779e+05  6.03858e-01  5.78949e+00
1.040892014e+01 -9.6321121e-01         -inf  1.00779e+05 -9.63211e-01  4.29865e+00
1.045055582e+01 -4.3921346e-01         -inf  1.00779e+05 -4.39213e-01  4.94145e+00
1.049235805e+01 -5.5856271e-01         -inf  1.00779e+05 -5.58563e-01  4.92569e+00
1.053432748e+01 -5.9265077e-01         -inf  1.00779e+05 -5.92651e-01  4.99596e+00
1.057646479e+01 -7.7313846e-01         -inf  1.00779e+05 -7.73138e-01  4.91653e+00
1.061877065e+01 -1.0102594e+00         -inf  1.00779e+05 -1.01026e+00  4.77800e+00
1.066124573e+01 -1.2666688e+00         -inf  1.00779e+05 -1.26667e+00  4.61933e+00
1.070389071e+01 -1.2864113e+00         -inf  1.00779e+05 -1.28641e+00  4.69983e+00
1.074670627e+01 -2.8949954e-01         -inf  1.00779e+05 -2.89500e-01  5.80468e+00
1.078969310e+01 -1.5729117e+00         -inf  1.00779e+05 -1.57291e+00  4.61965e+00
1.083285187e+01 -2.1785327e+00         -inf  1.00779e+05 -2.17853e+00  4.11763e+00
1.087618328e+01 -2.4458085e+00         -inf  1.00779e+05 -2.44581e+00  3.95893e+00
1.091968801e+01 -2.6479841e+00         -inf  1.00779e+05 -2.64798e+00  3.86784e+00
1.096336676e+01 -2.7906598e+00         -inf  1.00779e+05 -2.79066e+00  3.83859e+00
1.100722023e+01 -2.4990773e+00         -inf  1.00779e+05 -2.49908e+00  4.24785e+00
1.105124911e+01 -3.0485471e+00         -inf  1.00779e+05 -3.04855e+00  3.81246e+00
1.109545411e+01 -3.1759992e+00         -inf  1.00779e+05 -3.17600e+00  3.80316e+00
1.113983593e+01 -3.3179813e+00         -inf  1.00779e+05 -3.31798e+00  3.78062e+00
1.118439527e+01 -3.3532419e+00         -inf  1.00779e+05 -3.35324e+00  3.86689e+00
1.122913285e+01 -3.3634598e+00         -inf  1.00779e+05 -3.36346e+00  3.98009e+00
1.127404938e+01 -3.5672148e+00         -inf  1.00779e+05 -3.56721e+00  3.90038e+00
1.131914558e+01 -3.8569492e+00         -inf  1.00779e+05 -3.85695e+00  3.73488e+00
1.136442216e+01 -3.9883921e+00         -inf  1.00779e+05 -3.98839e+00  3.73069e+00
1.140987985e+01 -4.1165445e+00         -inf  1.00779e+05 -4.11654e+00  3.73138e+00
1.145551937e+01 -4.0741900e+00         -inf  1.00779e+05 -4.07419e+00  3.90528e+00
1.150134145e+01 -4.2290837e+00         -inf  1.00779e+05 -4.22908e+00  3.88239e+00
1.154734681e+01 -4.3377108e+00         -inf  1.00779e+05 -4.33771e+00  3.90792e+00
1.159353620e+01 -4.6176776e+00         -inf  1.00779e+05 -4.61768e+00  3.76172e+00
1.163991035e+01 -4.7841952e+00         -inf  1.00779e+05 -4.78420e+00  3.73078e+00
1.168646999e+01 -4.8276882e+00         -inf  1.00779e+05 -4.82769e+00  3.82635e+00
1.173321587e+01 -4.7503727e+00         -inf  1.00779e+05 -4.75037e+00  4.04560e+00
1.178014873e+01 -5.0803369e+00         -inf  1.00779e+05 -5.08034e+00  3.85502e+00
1.182726932e+01 -5.2334825e+00         -inf  1.00779e+05 -5.23348e+00  3.84472e+00
1.187457840e+01 -5.4550392e+00         -inf  1.00779e+05 -5.45504e+00  3.76658e+00
1.192207672e+01 -5.5877983e+00         -inf  1.00779e+05 -5.58780e+00  3.77974e+00
1.196976502e+01 -5.6288450e+00         -inf  1.00779e+05 -5.62884e+00  3.88761e+00
1.201764408e+01 -5.6743457e+00         -inf  1.00779e+05 -5.67435e+00  3.99244e+00
1.206571466e+01 -5.6455341e+00         -inf  1.00779e+05 -5.64553e+00  4.18251e+00
1.211397752e+01 -5.9734614e+00         -inf  1.00779e+05 -5.97346e+00  3.99880e+00
1.216243343e+01 -6.0125204e+00         -inf  1.00779e+05 -6.01252e+00  4.11728e+00
1.221108316e+01 -6.0168348e+00         -inf  1.00779e+05 -6.01683e+00  4.27701e+00
1.225992749e+01 -5.8561224e+00         -inf  1.00779e+05 -5.85612e+00  4.60654e+00
1.230896720e+01 -5.8377605e+00         -inf  1.00779e+05 -5.83776e+00  4.79583e+00
1.235820307e+01 -5.7834605e+00         -inf  1.00779e+05 -5.78346e+00  5.02354e+00
1.240763589e+01 -5.6711118e+00         -inf  1.00779e+05 -5.67111e+00  5.30808e+00
1.245726643e+01 -5.7690254e+00         -inf  1.00779e+05 -5.76903e+00  5.37992e+00
1.250709549e+01 -5.6936521e+00         -inf  1.00779e+05 -5.69365e+00  5.61470e+00
1.255712388e+01 -5.9367496e+00         -inf  1.00779e+05 -5.93675e+00  5.52915e+00
1.260735237e+01 -4.3770196e+00         -inf  1.00779e+05 -4.37702e+00  7.43662e+00
1.265778178e+01 -5.1583042e+00         -inf  1.00779e+05 -5.15830e+00  6.76483e+00
1.270841291e+01 -6.1831056e+00         -inf  1.00779e+05 -6.18311e+00  5.76469e+00
1.275924656e+01 -5.7349321e+00         -inf  1.00779e+05 -5.73493e+00  6.39687e+00
1.281028355e+01 -5.7057927e+00         -inf  1.00779e+05 -5.70579e+00  6.61521e+00
1.286152468e+01 -5.3559022e+00         -inf  1.00779e+05 -5.35590e+00  7.14721e+00
1.291297078e+01 -5.4176511e+00         -inf  1.00779e+05 -5.41765e+00  7.27576e+00
1.296462266e+01 -4.0002083e+00         -inf  1.00779e+05 -4.00021e+00  8.92249e+00
1.301648115e+01 -4.6779706e+00         -inf  1.00779e+05 -4.67797e+00  8.49345e+00
1.306854708e+01 -3.5425438e+00         -inf  1.00779e+05 -3.54254e+00  9.85785e+00
1.312082127e+01 -3.9705817e+00         -inf  1.00779e+05 -3.97058e+00  9.75732e+00
1.317330455e+01 -3.0831059e+00         -inf  1.00779e+05 -3.08311e+00  1.09720e+01
1.322599777e+01 -1.6492404e+00         -inf  1.00779e+05 -1.64924e+00  1.27334e+01
1.327890176e+01 -1.8206614e+00         -inf  1.00779e+05 -1.82066e+00  1.27896e+01
1.333201737e+01  1.0187563e+00         -inf  1.00779e+05  1.01876e+00  1.56743e+01
1.338534544e+01 -1.6425021e-01         -inf  1.00779e+05 -1.64250e-01  1.45951e+01
1.343888682e+01  3.3064903e+00         -inf  1.00779e+05  3.30649e+00  1.78652e+01
1.349264237e+01  6.0214822e+00         -inf  1.00779e+05  6.02148e+00  1.91327e+01
1.354661294e+01  3.9070869e+00         -inf  1.00779e+05  3.90709e+00  1.80641e+01
1.360079939e+01  6.0662802e+00         -inf  1.00779e+05  6.06628e+00  2.00241e+01
1.365520258e+01  5.0812504e+00         -inf  1.00779e+05  5.08125e+00  1.91538e+01
1.370982339e+01  6.6303799e+00         -inf  1.00779e+05  6.63038e+00  2.11085e+01
1.376466269e+01  3.4054644e+00         -inf  1.00779e+05  3.40546e+00  1.86741e+01
1.381972134e+01  6.8726670e+00         -inf  1.00779e+05  6.87267e+00  2.18551e+01
1.387500022e+01  1.9140580e+01         -inf  1.00779e+05  1.91406e+01  2.76269e+01
1.393050023e+01  9.2217658e+00         -inf  1.00779e+05  9.22177e+00  2.24935e+01
1.398622223e+01  7.5491173e+00         -inf  1.00779e+05  7.54912e+00  2.14942e+01
1.404216712e+01  9.7636663e+00         -inf  1.00779e+05  9.76367e+00  2.25882e+01
1.409833578e+01  1.0655886e+01         -inf  1.00779e+05  1.06559e+01  2.31368e+01
1.415472913e+01  1.1998306e+01         -inf  1.00779e+05  1.19983e+01  2.30346e+01
1.421134804e+01  1.4772780e+01         -inf  1.00779e+05  1.47728e+01  2.45819e+01
1.426819344e+01  1.6740248e+01         -inf  1.00779e+05  1.67402e+01  2.54329e+01
1.432526621e+01  1.8639127e+01         -inf  1.00779e+05  1.86391e+01  2.65976e+01
1.438256727e+01  2.1730832e+01         -inf  1.00779e+05  2.17308e+01  2.86858e+01
1.444009754e+01  2.3475729e+01         -inf  1.00779e+05  2.34757e+01  3.01876e+01
1.449785793e+01  2.3539579e+01         -inf  1.00779e+05  2.35396e+01  3.01125e+01
1.455584937e+01  2.5455989e+01         -inf  1.00779e+05  2.54560e+01  3.19559e+01
1.461407276e+01  2.6802449e+01         -inf  1.00779e+05  2.68024e+01  3.33351e+01
1.467252905e+01  2.6766785e+01         -inf  1.00779e+05  2.67668e+01  3.33977e+01
1.473121917e+01  2.6958974e+01         -inf  1.00779e+05  2.69590e+01  3.36859e+01
1.479014405e+01  2.7920276e+01         -inf  1.00779e+05  2.79203e+01  3.47446e+01
1.484930462e+01  2.7612126e+01         -inf  1.00779e+05  2.76121e+01  3.45485e+01
1.490870184e+01  2.7341108e+01         -inf  1.00779e+05  2.73411e+01  3.43764e+01
1.496833665e+01  3.8836840e+01         -inf  1.00779e+05  3.88368e+01  4.60126e+01
1.502821000e+01  2.8197455e+01         -inf  1.00779e+05  2.81975e+01  3.54493e+01
1.508832284e+01  2.8935218e+01         -inf  1.00779e+05  2.89352e+01  3.63281e+01
1.514867613e+01  2.6699826e+01         -inf  1.00779e+05  2.66998e+01  3.42205e+01
1.520927083e+01  2.5318355e+01         -inf  1.00779e+05  2.53184e+01  3.29570e+01
1.527010791e+01  2.5797407e+01         -inf  1.00779e+05  2.57974e+01  3.35761e+01
1.533118835e+01  2.5828449e+01         -inf  1.00779e+05  2.58284e+01  3.37373e+01
1.539251310e+01  2.6945395e+01         -inf  1.00779e+05  2.69454e+01  3.49852e+01
1.545408315e+01  2.3505421e+01         -inf  1.00779e+05  2.35054e+01  3.19163e+01
1.551589948e+01  2.2789911e+01         -inf  1.00779e+05  2.27899e+01  3.13709e+01
1.557796308e+01  2.0559748e+01         -inf  1.00779e+05  2.05597e+01  2.96975e+01
1.564027493e+01  1.7812269e+01         -inf  1.00779e+05  1.78123e+01  2.78235e+01
1.570283603e+01  1.7274541e+01         -inf  1.00779e+05  1.72745e+01  2.77741e+01
1.576564738e+01  1.4784106e+01         -inf  1.00779e+05  1.47841e+01  2.63908e+01
1.582870997e+01  1.1532829e+01         -inf  1.00779e+05  1.15328e+01  2.49268e+01
1.589202481e+01  9.2582553e+00         -inf  1.00779e+05  9.25826e+00  2.39342e+01
1.595559291e+01  4.2724937e+00         -inf  1.00779e+05  4.27249e+00  2.18119e+01
1.601941528e+01  3.4798391e+00         -inf  1.00779e+05  3.47984e+00  2.17475e+01
1.608349294e+01 -3.1937742e+00         -inf  1.00779e+05 -3.19377e+00  1.90174e+01
1.614782691e+01 -4.6508438e-01         -inf  1.00779e+05 -4.65084e-01  2.03611e+01
1.621241822e+01  9.9697031e+00         -inf  1.00779e+05  9.96970e+00  2.55367e+01
1.627726789e+01 -4.6631512e+00         -inf  1.00779e+05 -4.66315e+00  1.86855e+01
1.634237696e+01 -7.6340993e+00         -inf  1.00779e+05 -7.63410e+00  1.75432e+01
1.640774647e+01 -4.9429392e+00         -inf  1.00779e+05 -4.94294e+00  1.88157e+01
1.647337746e+01 -6.1475319e+00         -inf  1.00779e+05 -6.14753e+00  1.85479e+01
1.653927097e+01 -7.7749337e+00         -inf  1.00779e+05 -7.77493e+00  1.76951e+01
1.660542805e+01 -8.8560902e+00         -inf  1.00779e+05 -8.85609e+00  1.72004e+01
1.667184976e+01 -1.1001598e+01         -inf  1.00779e+05 -1.10016e+01  1.64135e+01
1.673853716e+01 -6.1460323e+00         -inf  1.00779e+05 -6.14603e+00  1.90311e+01
1.680549131e+01 -1.3014371e+01         -inf  1.00779e+05 -1.30144e+01  1.56496e+01
1.687271328e+01 -1.4236578e+01         -inf  1.00779e+05 -1.42366e+01  1.48624e+01
1.694020413e+01 -1.1394370e+01         -inf  1.00779e+05 -1.13944e+01  1.72635e+01
1.700796495e+01 -1.3516541e+01         -inf  1.00779e+05 -1.35165e+01  1.51387e+01
1.707599681e+01 -1.8468497e+01         -inf  1.00779e+05 -1.84685e+01  1.24132e+01
1.714430079e+01 -1.9174629e+01         -inf  1.00779e+05 -1.91746e+01  1.19910e+01
1.721287800e+01 -1.9536470e+01         -inf  1.00779e+05 -1.95365e+01  1.18018e+01
1.728172951e+01 -1.9529252e+01         -inf  1.00779e+05 -1.95293e+01  1.18670e+01
1.735085643e+01 -2.0352841e+01         -inf  1.00779e+05 -2.03528e+01  1.14174e+01
1.742025985e+01 -2.1394550e+01         -inf  1.00779e+05 -2.13945e+01  1.02214e+01
1.748994089e+01 -2.1951156e+01         -inf  1.00779e+05 -2.19512e+01  1.01210e+01
1.755990065e+01 -2.2578151e+01         -inf  1.00779e+05 -2.25782e+01  9.58437e+00
1.763014026e+01 -2.4041241e+01         -inf  1.00779e+05 -2.40412e+01  8.32292e+00
1.770066082e+01 -2.4645855e+01         -inf  1.00779e+05 -2.46459e+01  7.95050e+00
1.777146346e+01 -2.5211435e+01         -inf  1.00779e+05 -2.52114e+01  7.62252e+00
1.784254932e+01 -2.6334709e+01         -inf  1.00779e+05 -2.63347e+01  6.66435e+00
1.791391951e+01 -2.7301190e+01         -inf  1.00779e+05 -2.73012e+01  5.98543e+00
1.798557519e+01 -2.7909413e+01         -inf  1.00779e+05 -2.79094e+01  5.62592e+00
1.805751749e+01 -2.8515108e+01         -inf  1.00779e+05 -2.85151e+01  5.28781e+00
1.812974756e+01 -2.9023062e+01         -inf  1.00779e+05 -2.90231e+01  5.08028e+00
1.820226655e+01 -2.9501448e+01         -inf  1.00779e+05 -2.95014e+01  4.89851e+00
1.827507562e+01 -2.9354952e+01         -inf  1.00779e+05 -2.93550e+01  5.49028e+00
1.834817592e+01 -2.7559928e+01         -inf  1.00779e+05 -2.75599e+01  8.66270e+00
1.842156862e+01 -3.0533998e+01         -inf  1.00779e+05 -3.05340e+01  4.84058e+00
1.849525490e+01 -3.0980998e+01         -inf  1.00779e+05 -3.09810e+01  4.68453e+00
1.856923592e+01 -3.1070086e+01         -inf  1.00779e+05 -3.10701e+01  4.96713e+00
1.864351286e+01 -3.1369918e+01         -inf  1.00779e+05 -3.13699e+01  5.00345e+00
1.871808691e+01 -3.1686644e+01         -inf  1.00779e+05 -3.16866e+01  5.02303e+00
1.879295926e+01 -3.2016706e+01         -inf  1.00779e+05 -3.20167e+01  5.03012e+00
1.886813110e+01 -3.2512300e+01         -inf  1.00779e+05 -3.25123e+01  4.82976e+00
1.894360362e+01 -3.2636662e+01         -inf  1.00779e+05 -3.26367e+01  5.08500e+00
1.901937804e+01 -3.3101953e+01         -inf  1.00779e+05 -3.31020e+01  4.92460e+00
1.909545555e+01 -3.3512987e+01         -inf  1.00779e+05 -3.35130e+01  4.83411e+00
1.917183737e+01 -3.3796089e+01         -inf  1.00779e+05 -3.37961e+01  4.89813e+00
1.924852472e+01 -3.4239775e+01         -inf  1.00779e+05 -3.42398e+01  4.76932e+00
1.932551882e+01 -3.4533795e+01         -inf  1.00779e+05 -3.45338e+01  4.82540e+00
1.940282089e+01 -3.4906957e+01         -inf  1.00779e+05 -3.49070e+01  4.78595e+00
1.948043218e+01 -3.5260104e+01         -inf  1.00779e+05 -3.52601e+01  4.77250e+00
1.955835391e+01 -3.5579473e+01         -inf  1.00779e+05 -3.55795e+01  4.80267e+00
1.963658732e+01 -3.5888837e+01         -inf  1.00779e+05 -3.58888e+01  4.84758e+00
1.971513367e+01 -3.6241800e+01         -inf  1.00779e+05 -3.62418e+01  4.83841e+00
1.979399421e+01 -3.6591559e+01         -inf  1.00779e+05 -3.65916e+01  4.83513e+00
1.987317018e+01 -3.6922574e+01         -inf  1.00779e+05 -3.69226e+01  4.85709e+00
1.995266286e+01 -3.7253213e+01         -inf  1.00779e+05 -3.72532e+01  4.88130e+00
