# WARNING | GENERATOR | Too many electrons per pixel (up to 9.04e+13) detected in the 1.54-19.95 um spectral range. Reduce exposure time per frame to less than 0.000 seconds.
# ------------------------------------------------------------------------
# Radiance spectrum
# NASA-GSFC Planetary Spectrum Generator (PSG) (Villanueva et al. 2018, 2022)
# Synthesized on Tue Jul 14 13:28:45 2026
# Doppler velocities [km/s] (vobs,vrot+vorb,vwidth,vrfl,vstr): 47.10000,-0.00000,0.03000,0.00000,-0.00000
# ------------------------------------------------------------------------
# Spectra synthesized with the Planetary and Universal Model of Atmospheric Scattering (PUMAS, Villanueva et al. 2018, 2022)
# Single scattering radiative transfer method
# Radiative transfer took 6.024 seconds
# ------------------------------------------------------------------------
# Spectral unit: Wavelength [um]
# Radiance unit: Contrast [transit atmospheric thickness, km]
# Wave/freq Total Noise Stellar Proxima-Centauri-b Transit
2.000000000e-01  4.4946081e+01         -inf  1.00779e+05  4.49461e+01  4.49461e+01
2.008000000e-01  4.4814779e+01         -inf  1.00779e+05  4.48148e+01  4.48148e+01
2.016032000e-01  4.4764473e+01         -inf  1.00779e+05  4.47645e+01  4.47645e+01
2.024096128e-01  4.4738705e+01         -inf  1.00779e+05  4.47387e+01  4.47387e+01
2.032192513e-01  4.4720499e+01         -inf  1.00779e+05  4.47205e+01  4.47205e+01
2.040321283e-01  4.4756998e+01         -inf  1.00779e+05  4.47570e+01  4.47570e+01
2.048482568e-01  4.4799300e+01         -inf  1.00779e+05  4.47993e+01  4.47993e+01
2.056676498e-01  4.4900614e+01         -inf  1.00779e+05  4.49006e+01  4.49006e+01
2.064903204e-01  4.5036928e+01         -inf  1.00779e+05  4.50369e+01  4.50369e+01
2.073162817e-01  4.5167698e+01         -inf  1.00779e+05  4.51677e+01  4.51677e+01
2.081455468e-01  4.5314823e+01         -inf  1.00779e+05  4.53148e+01  4.53148e+01
2.089781290e-01  4.5452711e+01         -inf  1.00779e+05  4.54527e+01  4.54527e+01
2.098140415e-01  4.5639049e+01         -inf  1.00779e+05  4.56390e+01  4.56390e+01
2.106532977e-01  4.5878844e+01         -inf  1.00779e+05  4.58788e+01  4.58788e+01
2.114959109e-01  4.6092691e+01         -inf  1.00779e+05  4.60927e+01  4.60927e+01
2.123418945e-01  4.6462423e+01         -inf  1.00779e+05  4.64624e+01  4.64624e+01
2.131912621e-01  4.6867038e+01         -inf  1.00779e+05  4.68670e+01  4.68670e+01
2.140440271e-01  4.6981156e+01         -inf  1.00779e+05  4.69812e+01  4.69812e+01
2.149002032e-01  4.7211847e+01         -inf  1.00779e+05  4.72118e+01  4.72118e+01
2.157598041e-01  4.7441211e+01         -inf  1.00779e+05  4.74412e+01  4.74412e+01
2.166228433e-01  4.7645513e+01         -inf  1.00779e+05  4.76455e+01  4.76455e+01
2.174893346e-01  4.7878554e+01         -inf  1.00779e+05  4.78786e+01  4.78786e+01
2.183592920e-01  4.8062713e+01         -inf  1.00779e+05  4.80627e+01  4.80627e+01
2.192327292e-01  4.8256975e+01         -inf  1.00779e+05  4.82570e+01  4.82570e+01
2.201096601e-01  4.8441036e+01         -inf  1.00779e+05  4.84410e+01  4.84410e+01
2.209900987e-01  4.8622894e+01         -inf  1.00779e+05  4.86229e+01  4.86229e+01
2.218740591e-01  4.8797539e+01         -inf  1.00779e+05  4.87975e+01  4.87975e+01
2.227615553e-01  4.8961194e+01         -inf  1.00779e+05  4.89612e+01  4.89612e+01
2.236526016e-01  4.9122295e+01         -inf  1.00779e+05  4.91223e+01  4.91223e+01
2.245472120e-01  4.9284008e+01         -inf  1.00779e+05  4.92840e+01  4.92840e+01
2.254454008e-01  4.9424361e+01         -inf  1.00779e+05  4.94244e+01  4.94244e+01
2.263471824e-01  4.9580354e+01         -inf  1.00779e+05  4.95804e+01  4.95804e+01
2.272525711e-01  4.9719822e+01         -inf  1.00779e+05  4.97198e+01  4.97198e+01
2.281615814e-01  4.9859639e+01         -inf  1.00779e+05  4.98596e+01  4.98596e+01
2.290742278e-01  4.9999540e+01         -inf  1.00779e+05  4.99995e+01  4.99995e+01
2.299905247e-01  5.0120018e+01         -inf  1.00779e+05  5.01200e+01  5.01200e+01
2.309104868e-01  5.0259826e+01         -inf  1.00779e+05  5.02598e+01  5.02598e+01
2.318341287e-01  5.0377224e+01         -inf  1.00779e+05  5.03772e+01  5.03772e+01
2.327614652e-01  5.0506657e+01         -inf  1.00779e+05  5.05067e+01  5.05067e+01
2.336925111e-01  5.0614561e+01         -inf  1.00779e+05  5.06146e+01  5.06146e+01
2.346272811e-01  5.0739333e+01         -inf  1.00779e+05  5.07393e+01  5.07393e+01
2.355657903e-01  5.0838622e+01         -inf  1.00779e+05  5.08386e+01  5.08386e+01
2.365080534e-01  5.0947925e+01         -inf  1.00779e+05  5.09479e+01  5.09479e+01
2.374540856e-01  5.1055558e+01         -inf  1.00779e+05  5.10556e+01  5.10556e+01
2.384039020e-01  5.1150185e+01         -inf  1.00779e+05  5.11502e+01  5.11502e+01
2.393575176e-01  5.1241824e+01         -inf  1.00779e+05  5.12418e+01  5.12418e+01
2.403149477e-01  5.1340578e+01         -inf  1.00779e+05  5.13406e+01  5.13406e+01
2.412762074e-01  5.1416312e+01         -inf  1.00779e+05  5.14163e+01  5.14163e+01
2.422413123e-01  5.1496877e+01         -inf  1.00779e+05  5.14969e+01  5.14969e+01
2.432102775e-01  5.1579813e+01         -inf  1.00779e+05  5.15798e+01  5.15798e+01
2.441831186e-01  5.1642630e+01         -inf  1.00779e+05  5.16426e+01  5.16426e+01
2.451598511e-01  5.1712122e+01         -inf  1.00779e+05  5.17121e+01  5.17121e+01
2.461404905e-01  5.1767558e+01         -inf  1.00779e+05  5.17676e+01  5.17676e+01
2.471250525e-01  5.1812890e+01         -inf  1.00779e+05  5.18129e+01  5.18129e+01
2.481135527e-01  5.1854883e+01         -inf  1.00779e+05  5.18549e+01  5.18549e+01
2.491060069e-01  5.1913392e+01         -inf  1.00779e+05  5.19134e+01  5.19134e+01
2.501024309e-01  5.1939923e+01         -inf  1.00779e+05  5.19399e+01  5.19399e+01
2.511028406e-01  5.1935707e+01         -inf  1.00779e+05  5.19357e+01  5.19357e+01
2.521072520e-01  5.1998256e+01         -inf  1.00779e+05  5.19983e+01  5.19983e+01
2.531156810e-01  5.1980247e+01         -inf  1.00779e+05  5.19802e+01  5.19802e+01
2.541281437e-01  5.1989383e+01         -inf  1.00779e+05  5.19894e+01  5.19894e+01
2.551446563e-01  5.2008622e+01         -inf  1.00779e+05  5.20086e+01  5.20086e+01
2.561652349e-01  5.1976030e+01         -inf  1.00779e+05  5.19760e+01  5.19760e+01
2.571898959e-01  5.1937991e+01         -inf  1.00779e+05  5.19380e+01  5.19380e+01
2.582186555e-01  5.1949148e+01         -inf  1.00779e+05  5.19491e+01  5.19491e+01
2.592515301e-01  5.1909878e+01         -inf  1.00779e+05  5.19099e+01  5.19099e+01
2.602885362e-01  5.1856377e+01         -inf  1.00779e+05  5.18564e+01  5.18564e+01
2.613296904e-01  5.1814823e+01         -inf  1.00779e+05  5.18148e+01  5.18148e+01
2.623750091e-01  5.1770281e+01         -inf  1.00779e+05  5.17703e+01  5.17703e+01
2.634245092e-01  5.1659059e+01         -inf  1.00779e+05  5.16591e+01  5.16591e+01
2.644782072e-01  5.1653524e+01         -inf  1.00779e+05  5.16535e+01  5.16535e+01
2.655361200e-01  5.1543002e+01         -inf  1.00779e+05  5.15430e+01  5.15430e+01
2.665982645e-01  5.1450313e+01         -inf  1.00779e+05  5.14503e+01  5.14503e+01
2.676646576e-01  5.1369484e+01         -inf  1.00779e+05  5.13695e+01  5.13695e+01
2.687353162e-01  5.1217399e+01         -inf  1.00779e+05  5.12174e+01  5.12174e+01
2.698102574e-01  5.1172590e+01         -inf  1.00779e+05  5.11726e+01  5.11726e+01
2.708894985e-01  5.1001698e+01         -inf  1.00779e+05  5.10017e+01  5.10017e+01
2.719730565e-01  5.0907420e+01         -inf  1.00779e+05  5.09074e+01  5.09074e+01
2.730609487e-01  5.0774040e+01         -inf  1.00779e+05  5.07740e+01  5.07740e+01
2.741531925e-01  5.0577480e+01         -inf  1.00779e+05  5.05775e+01  5.05775e+01
2.752498053e-01  5.0473355e+01         -inf  1.00779e+05  5.04734e+01  5.04734e+01
2.763508045e-01  5.0302796e+01         -inf  1.00779e+05  5.03028e+01  5.03028e+01
2.774562077e-01  5.0140405e+01         -inf  1.00779e+05  5.01404e+01  5.01404e+01
2.785660325e-01  4.9960259e+01         -inf  1.00779e+05  4.99603e+01  4.99603e+01
2.796802967e-01  4.9790566e+01         -inf  1.00779e+05  4.97906e+01  4.97906e+01
2.807990178e-01  4.9564975e+01         -inf  1.00779e+05  4.95650e+01  4.95650e+01
2.819222139e-01  4.9343683e+01         -inf  1.00779e+05  4.93437e+01  4.93437e+01
2.830499028e-01  4.9174413e+01         -inf  1.00779e+05  4.91744e+01  4.91744e+01
2.841821024e-01  4.8918654e+01         -inf  1.00779e+05  4.89187e+01  4.89187e+01
2.853188308e-01  4.8667632e+01         -inf  1.00779e+05  4.86676e+01  4.86676e+01
2.864601061e-01  4.8441212e+01         -inf  1.00779e+05  4.84412e+01  4.84412e+01
2.876059465e-01  4.8142528e+01         -inf  1.00779e+05  4.81425e+01  4.81425e+01
2.887563703e-01  4.7820097e+01         -inf  1.00779e+05  4.78201e+01  4.78201e+01
2.899113958e-01  4.7497474e+01         -inf  1.00779e+05  4.74975e+01  4.74975e+01
2.910710414e-01  4.7177296e+01         -inf  1.00779e+05  4.71773e+01  4.71773e+01
2.922353256e-01  4.6750808e+01         -inf  1.00779e+05  4.67508e+01  4.67508e+01
2.934042669e-01  4.6338801e+01         -inf  1.00779e+05  4.63388e+01  4.63388e+01
2.945778839e-01  4.5879108e+01         -inf  1.00779e+05  4.58791e+01  4.58791e+01
2.957561955e-01  4.5307084e+01         -inf  1.00779e+05  4.53071e+01  4.53071e+01
2.969392202e-01  4.4752688e+01         -inf  1.00779e+05  4.47527e+01  4.47527e+01
2.981269771e-01  4.4145560e+01         -inf  1.00779e+05  4.41456e+01  4.41456e+01
2.993194850e-01  4.3530723e+01         -inf  1.00779e+05  4.35307e+01  4.35307e+01
3.005167630e-01  4.2858030e+01         -inf  1.00779e+05  4.28580e+01  4.28580e+01
3.017188300e-01  4.2095966e+01         -inf  1.00779e+05  4.20960e+01  4.20960e+01
3.029257054e-01  4.1348332e+01         -inf  1.00779e+05  4.13483e+01  4.13483e+01
3.041374082e-01  4.0701551e+01         -inf  1.00779e+05  4.07016e+01  4.07016e+01
3.053539578e-01  3.9740150e+01         -inf  1.00779e+05  3.97401e+01  3.97401e+01
3.065753736e-01  3.9158963e+01         -inf  1.00779e+05  3.91590e+01  3.91590e+01
3.078016751e-01  3.8147506e+01         -inf  1.00779e+05  3.81475e+01  3.81475e+01
3.090328818e-01  3.7563976e+01         -inf  1.00779e+05  3.75640e+01  3.75640e+01
3.102690134e-01  3.6565481e+01         -inf  1.00779e+05  3.65655e+01  3.65655e+01
3.115100894e-01  3.6017301e+01         -inf  1.00779e+05  3.60173e+01  3.60173e+01
3.127561298e-01  3.5013989e+01         -inf  1.00779e+05  3.50140e+01  3.50140e+01
3.140071543e-01  3.4607935e+01         -inf  1.00779e+05  3.46079e+01  3.46079e+01
3.152631829e-01  3.3771086e+01         -inf  1.00779e+05  3.37711e+01  3.37711e+01
3.165242356e-01  3.3013688e+01         -inf  1.00779e+05  3.30137e+01  3.30137e+01
3.177903326e-01  3.2816681e+01         -inf  1.00779e+05  3.28167e+01  3.28167e+01
3.190614939e-01  3.1766614e+01         -inf  1.00779e+05  3.17666e+01  3.17666e+01
3.203377399e-01  3.1779304e+01         -inf  1.00779e+05  3.17793e+01  3.17793e+01
3.216190908e-01  3.0857395e+01         -inf  1.00779e+05  3.08574e+01  3.08574e+01
3.229055672e-01  3.0986158e+01         -inf  1.00779e+05  3.09862e+01  3.09862e+01
3.241971895e-01  2.9925306e+01         -inf  1.00779e+05  2.99253e+01  2.99253e+01
3.254939782e-01  3.0367173e+01         -inf  1.00779e+05  3.03672e+01  3.03672e+01
3.267959541e-01  2.9391378e+01         -inf  1.00779e+05  2.93914e+01  2.93914e+01
3.281031380e-01  2.9746983e+01         -inf  1.00779e+05  2.97470e+01  2.97470e+01
3.294155505e-01  2.8873275e+01         -inf  1.00779e+05  2.88733e+01  2.88733e+01
3.307332127e-01  2.9178482e+01         -inf  1.00779e+05  2.91785e+01  2.91785e+01
3.320561456e-01  2.8710087e+01         -inf  1.00779e+05  2.87101e+01  2.87101e+01
3.333843702e-01  2.8630739e+01         -inf  1.00779e+05  2.86307e+01  2.86307e+01
3.347179076e-01  2.8420993e+01         -inf  1.00779e+05  2.84210e+01  2.84210e+01
3.360567793e-01  2.8172268e+01         -inf  1.00779e+05  2.81723e+01  2.81723e+01
3.374010064e-01  2.8299144e+01         -inf  1.00779e+05  2.82991e+01  2.82991e+01
3.387506104e-01  2.7944960e+01         -inf  1.00779e+05  2.79450e+01  2.79450e+01
3.401056128e-01  2.7923445e+01         -inf  1.00779e+05  2.79234e+01  2.79234e+01
3.414660353e-01  2.7733780e+01         -inf  1.00779e+05  2.77338e+01  2.77338e+01
3.428318994e-01  2.7617739e+01         -inf  1.00779e+05  2.76177e+01  2.76177e+01
3.442032270e-01  2.7630436e+01         -inf  1.00779e+05  2.76304e+01  2.76304e+01
3.455800399e-01  2.7439616e+01         -inf  1.00779e+05  2.74396e+01  2.74396e+01
3.469623601e-01  2.7348173e+01         -inf  1.00779e+05  2.73482e+01  2.73482e+01
3.483502095e-01  2.7246234e+01         -inf  1.00779e+05  2.72462e+01  2.72462e+01
3.497436104e-01  2.7143235e+01         -inf  1.00779e+05  2.71432e+01  2.71432e+01
3.511425848e-01  2.7079389e+01         -inf  1.00779e+05  2.70794e+01  2.70794e+01
3.525471552e-01  2.6981238e+01         -inf  1.00779e+05  2.69812e+01  2.69812e+01
3.539573438e-01  2.6874707e+01         -inf  1.00779e+05  2.68747e+01  2.68747e+01
3.553731732e-01  2.6788282e+01         -inf  1.00779e+05  2.67883e+01  2.67883e+01
3.567946659e-01  2.6696829e+01         -inf  1.00779e+05  2.66968e+01  2.66968e+01
3.582218445e-01  2.6607403e+01         -inf  1.00779e+05  2.66074e+01  2.66074e+01
3.596547319e-01  2.6523709e+01         -inf  1.00779e+05  2.65237e+01  2.65237e+01
3.610933508e-01  2.6431546e+01         -inf  1.00779e+05  2.64315e+01  2.64315e+01
3.625377242e-01  2.6341764e+01         -inf  1.00779e+05  2.63418e+01  2.63418e+01
3.639878751e-01  2.6253568e+01         -inf  1.00779e+05  2.62536e+01  2.62536e+01
3.654438266e-01  2.6165459e+01         -inf  1.00779e+05  2.61655e+01  2.61655e+01
3.669056019e-01  2.6076819e+01         -inf  1.00779e+05  2.60768e+01  2.60768e+01
3.683732243e-01  2.5989149e+01         -inf  1.00779e+05  2.59891e+01  2.59891e+01
3.698467172e-01  2.5900860e+01         -inf  1.00779e+05  2.59009e+01  2.59009e+01
3.713261041e-01  2.5812482e+01         -inf  1.00779e+05  2.58125e+01  2.58125e+01
3.728114085e-01  2.5724367e+01         -inf  1.00779e+05  2.57244e+01  2.57244e+01
3.743026542e-01  2.5636515e+01         -inf  1.00779e+05  2.56365e+01  2.56365e+01
3.757998648e-01  2.5548398e+01         -inf  1.00779e+05  2.55484e+01  2.55484e+01
3.773030642e-01  2.5460456e+01         -inf  1.00779e+05  2.54605e+01  2.54605e+01
3.788122765e-01  2.5372601e+01         -inf  1.00779e+05  2.53726e+01  2.53726e+01
3.803275256e-01  2.5284744e+01         -inf  1.00779e+05  2.52847e+01  2.52847e+01
3.818488357e-01  2.5196622e+01         -inf  1.00779e+05  2.51966e+01  2.51966e+01
3.833762310e-01  2.5108940e+01         -inf  1.00779e+05  2.51089e+01  2.51089e+01
3.849097360e-01  2.5021080e+01         -inf  1.00779e+05  2.50211e+01  2.50211e+01
3.864493749e-01  2.4933396e+01         -inf  1.00779e+05  2.49334e+01  2.49334e+01
3.879951724e-01  2.4845622e+01         -inf  1.00779e+05  2.48456e+01  2.48456e+01
3.895471531e-01  2.4757846e+01         -inf  1.00779e+05  2.47578e+01  2.47578e+01
3.911053417e-01  2.4670158e+01         -inf  1.00779e+05  2.46702e+01  2.46702e+01
3.926697631e-01  2.4582734e+01         -inf  1.00779e+05  2.45827e+01  2.45827e+01
3.942404421e-01  2.4495396e+01         -inf  1.00779e+05  2.44954e+01  2.44954e+01
3.958174039e-01  2.4408057e+01         -inf  1.00779e+05  2.44081e+01  2.44081e+01
3.974006735e-01  2.4320453e+01         -inf  1.00779e+05  2.43205e+01  2.43205e+01
3.989902762e-01  2.4232759e+01         -inf  1.00779e+05  2.42328e+01  2.42328e+01
4.005862373e-01  2.4145416e+01         -inf  1.00779e+05  2.41454e+01  2.41454e+01
4.021885823e-01  2.4058338e+01         -inf  1.00779e+05  2.40583e+01  2.40583e+01
4.037973366e-01  2.3970728e+01         -inf  1.00779e+05  2.39707e+01  2.39707e+01
4.054125259e-01  2.3883118e+01         -inf  1.00779e+05  2.38831e+01  2.38831e+01
4.070341760e-01  2.3796653e+01         -inf  1.00779e+05  2.37967e+01  2.37967e+01
4.086623127e-01  2.3710981e+01         -inf  1.00779e+05  2.37110e+01  2.37110e+01
4.102969620e-01  2.3624161e+01         -inf  1.00779e+05  2.36242e+01  2.36242e+01
4.119381498e-01  2.3536017e+01         -inf  1.00779e+05  2.35360e+01  2.35360e+01
4.135859024e-01  2.3447959e+01         -inf  1.00779e+05  2.34480e+01  2.34480e+01
4.152402460e-01  2.3361842e+01         -inf  1.00779e+05  2.33618e+01  2.33618e+01
4.169012070e-01  2.3276429e+01         -inf  1.00779e+05  2.32764e+01  2.32764e+01
4.185688119e-01  2.3189427e+01         -inf  1.00779e+05  2.31894e+01  2.31894e+01
4.202430871e-01  2.3101983e+01         -inf  1.00779e+05  2.31020e+01  2.31020e+01
4.219240595e-01  2.3017184e+01         -inf  1.00779e+05  2.30172e+01  2.30172e+01
4.236117557e-01  2.2934855e+01         -inf  1.00779e+05  2.29349e+01  2.29349e+01
4.253062027e-01  2.2851555e+01         -inf  1.00779e+05  2.28516e+01  2.28516e+01
4.270074275e-01  2.2763664e+01         -inf  1.00779e+05  2.27637e+01  2.27637e+01
4.287154572e-01  2.2673920e+01         -inf  1.00779e+05  2.26739e+01  2.26739e+01
4.304303191e-01  2.2587439e+01         -inf  1.00779e+05  2.25874e+01  2.25874e+01
4.321520403e-01  2.2505458e+01         -inf  1.00779e+05  2.25055e+01  2.25055e+01
4.338806485e-01  2.2421005e+01         -inf  1.00779e+05  2.24210e+01  2.24210e+01
4.356161711e-01  2.2332844e+01         -inf  1.00779e+05  2.23328e+01  2.23328e+01
4.373586358e-01  2.2248477e+01         -inf  1.00779e+05  2.22485e+01  2.22485e+01
4.391080703e-01  2.2171786e+01         -inf  1.00779e+05  2.21718e+01  2.21718e+01
4.408645026e-01  2.2097125e+01         -inf  1.00779e+05  2.20971e+01  2.20971e+01
4.426279606e-01  2.2018403e+01         -inf  1.00779e+05  2.20184e+01  2.20184e+01
4.443984725e-01  2.1929795e+01         -inf  1.00779e+05  2.19298e+01  2.19298e+01
4.461760664e-01  2.1835626e+01         -inf  1.00779e+05  2.18356e+01  2.18356e+01
4.479607706e-01  2.1750458e+01         -inf  1.00779e+05  2.17505e+01  2.17505e+01
4.497526137e-01  2.1675527e+01         -inf  1.00779e+05  2.16755e+01  2.16755e+01
4.515516242e-01  2.1594064e+01         -inf  1.00779e+05  2.15941e+01  2.15941e+01
4.533578307e-01  2.1504480e+01         -inf  1.00779e+05  2.15045e+01  2.15045e+01
4.551712620e-01  2.1422662e+01         -inf  1.00779e+05  2.14227e+01  2.14227e+01
4.569919470e-01  2.1355935e+01         -inf  1.00779e+05  2.13559e+01  2.13559e+01
4.588199148e-01  2.1296005e+01         -inf  1.00779e+05  2.12960e+01  2.12960e+01
4.606551945e-01  2.1233867e+01         -inf  1.00779e+05  2.12339e+01  2.12339e+01
4.624978152e-01  2.1151692e+01         -inf  1.00779e+05  2.11517e+01  2.11517e+01
4.643478065e-01  2.1048862e+01         -inf  1.00779e+05  2.10489e+01  2.10489e+01
4.662051977e-01  2.0952297e+01         -inf  1.00779e+05  2.09523e+01  2.09523e+01
4.680700185e-01  2.0878945e+01         -inf  1.00779e+05  2.08789e+01  2.08789e+01
4.699422986e-01  2.0810448e+01         -inf  1.00779e+05  2.08104e+01  2.08104e+01
4.718220678e-01  2.0726855e+01         -inf  1.00779e+05  2.07269e+01  2.07269e+01
4.737093561e-01  2.0643703e+01         -inf  1.00779e+05  2.06437e+01  2.06437e+01
4.756041935e-01  2.0580500e+01         -inf  1.00779e+05  2.05805e+01  2.05805e+01
4.775066103e-01  2.0539453e+01         -inf  1.00779e+05  2.05395e+01  2.05395e+01
4.794166367e-01  2.0507674e+01         -inf  1.00779e+05  2.05077e+01  2.05077e+01
4.813343033e-01  2.0467509e+01         -inf  1.00779e+05  2.04675e+01  2.04675e+01
4.832596405e-01  2.0390533e+01         -inf  1.00779e+05  2.03905e+01  2.03905e+01
4.851926790e-01  2.0280275e+01         -inf  1.00779e+05  2.02803e+01  2.02803e+01
4.871334497e-01  2.0176637e+01         -inf  1.00779e+05  2.01766e+01  2.01766e+01
4.890819835e-01  2.0105484e+01         -inf  1.00779e+05  2.01055e+01  2.01055e+01
4.910383115e-01  2.0047395e+01         -inf  1.00779e+05  2.00474e+01  2.00474e+01
4.930024647e-01  1.9974652e+01         -inf  1.00779e+05  1.99747e+01  1.99747e+01
4.949744746e-01  1.9898817e+01         -inf  1.00779e+05  1.98988e+01  1.98988e+01
4.969543725e-01  1.9845936e+01         -inf  1.00779e+05  1.98459e+01  1.98459e+01
4.989421900e-01  1.9824924e+01         -inf  1.00779e+05  1.98249e+01  1.98249e+01
5.009379587e-01  1.9825542e+01         -inf  1.00779e+05  1.98255e+01  1.98255e+01
5.029417106e-01  1.9829074e+01         -inf  1.00779e+05  1.98291e+01  1.98291e+01
5.049534774e-01  1.9802500e+01         -inf  1.00779e+05  1.98025e+01  1.98025e+01
5.069732913e-01  1.9724192e+01         -inf  1.00779e+05  1.97242e+01  1.97242e+01
5.090011845e-01  1.9614276e+01         -inf  1.00779e+05  1.96143e+01  1.96143e+01
5.110371892e-01  1.9517160e+01         -inf  1.00779e+05  1.95172e+01  1.95172e+01
5.130813380e-01  1.9454476e+01         -inf  1.00779e+05  1.94545e+01  1.94545e+01
5.151336633e-01  1.9409183e+01         -inf  1.00779e+05  1.94092e+01  1.94092e+01
5.171941980e-01  1.9359565e+01         -inf  1.00779e+05  1.93596e+01  1.93596e+01
5.192629748e-01  1.9308445e+01         -inf  1.00779e+05  1.93084e+01  1.93084e+01
5.213400267e-01  1.9271539e+01         -inf  1.00779e+05  1.92715e+01  1.92715e+01
5.234253868e-01  1.9260414e+01         -inf  1.00779e+05  1.92604e+01  1.92604e+01
5.255190883e-01  1.9271274e+01         -inf  1.00779e+05  1.92713e+01  1.92713e+01
5.276211647e-01  1.9291316e+01         -inf  1.00779e+05  1.92913e+01  1.92913e+01
5.297316493e-01  1.9304472e+01         -inf  1.00779e+05  1.93045e+01  1.93045e+01
5.318505759e-01  1.9293170e+01         -inf  1.00779e+05  1.92932e+01  1.92932e+01
5.339779782e-01  1.9244345e+01         -inf  1.00779e+05  1.92443e+01  1.92443e+01
5.361138902e-01  1.9164618e+01         -inf  1.00779e+05  1.91646e+01  1.91646e+01
5.382583457e-01  1.9091688e+01         -inf  1.00779e+05  1.90917e+01  1.90917e+01
5.404113791e-01  1.9053810e+01         -inf  1.00779e+05  1.90538e+01  1.90538e+01
5.425730246e-01  1.9039506e+01         -inf  1.00779e+05  1.90395e+01  1.90395e+01
5.447433167e-01  1.9021759e+01         -inf  1.00779e+05  1.90218e+01  1.90218e+01
5.469222900e-01  1.8987500e+01         -inf  1.00779e+05  1.89875e+01  1.89875e+01
5.491099791e-01  1.8943265e+01         -inf  1.00779e+05  1.89433e+01  1.89433e+01
5.513064191e-01  1.8900000e+01         -inf  1.00779e+05  1.89000e+01  1.89000e+01
5.535116447e-01  1.8864416e+01         -inf  1.00779e+05  1.88644e+01  1.88644e+01
5.557256913e-01  1.8844903e+01         -inf  1.00779e+05  1.88449e+01  1.88449e+01
5.579485941e-01  1.8851966e+01         -inf  1.00779e+05  1.88520e+01  1.88520e+01
5.601803884e-01  1.8883488e+01         -inf  1.00779e+05  1.88835e+01  1.88835e+01
5.624211100e-01  1.8917306e+01         -inf  1.00779e+05  1.89173e+01  1.89173e+01
5.646707944e-01  1.8932492e+01         -inf  1.00779e+05  1.89325e+01  1.89325e+01
5.669294776e-01  1.8929667e+01         -inf  1.00779e+05  1.89297e+01  1.89297e+01
5.691971955e-01  1.8922780e+01         -inf  1.00779e+05  1.89228e+01  1.89228e+01
5.714739843e-01  1.8915275e+01         -inf  1.00779e+05  1.89153e+01  1.89153e+01
5.737598803e-01  1.8882693e+01         -inf  1.00779e+05  1.88827e+01  1.88827e+01
5.760549198e-01  1.8804551e+01         -inf  1.00779e+05  1.88046e+01  1.88046e+01
5.783591395e-01  1.8691617e+01         -inf  1.00779e+05  1.86916e+01  1.86916e+01
5.806725760e-01  1.8566761e+01         -inf  1.00779e+05  1.85668e+01  1.85668e+01
5.829952663e-01  1.8449056e+01         -inf  1.00779e+05  1.84491e+01  1.84491e+01
5.853272474e-01  1.8349008e+01         -inf  1.00779e+05  1.83490e+01  1.83490e+01
5.876685564e-01  1.8270329e+01         -inf  1.00779e+05  1.82703e+01  1.82703e+01
5.900192306e-01  1.8217611e+01         -inf  1.00779e+05  1.82176e+01  1.82176e+01
5.923793075e-01  1.8204454e+01         -inf  1.00779e+05  1.82045e+01  1.82045e+01
5.947488247e-01  1.8235626e+01         -inf  1.00779e+05  1.82356e+01  1.82356e+01
5.971278200e-01  1.8282515e+01         -inf  1.00779e+05  1.82825e+01  1.82825e+01
5.995163313e-01  1.8310420e+01         -inf  1.00779e+05  1.83104e+01  1.83104e+01
6.019143966e-01  1.8286931e+01         -inf  1.00779e+05  1.82869e+01  1.82869e+01
6.043220542e-01  1.8201805e+01         -inf  1.00779e+05  1.82018e+01  1.82018e+01
6.067393425e-01  1.8063958e+01         -inf  1.00779e+05  1.80640e+01  1.80640e+01
6.091662998e-01  1.7890697e+01         -inf  1.00779e+05  1.78907e+01  1.78907e+01
6.116029650e-01  1.7706568e+01         -inf  1.00779e+05  1.77066e+01  1.77066e+01
6.140493769e-01  1.7528263e+01         -inf  1.00779e+05  1.75283e+01  1.75283e+01
6.165055744e-01  1.7362053e+01         -inf  1.00779e+05  1.73621e+01  1.73621e+01
6.189715967e-01  1.7210057e+01         -inf  1.00779e+05  1.72101e+01  1.72101e+01
6.214474831e-01  1.7071218e+01         -inf  1.00779e+05  1.70712e+01  1.70712e+01
6.239332730e-01  1.6938029e+01         -inf  1.00779e+05  1.69380e+01  1.69380e+01
6.264290061e-01  1.6801216e+01         -inf  1.00779e+05  1.68012e+01  1.68012e+01
6.289347221e-01  1.6680563e+01         -inf  1.00779e+05  1.66806e+01  1.66806e+01
6.314504610e-01  1.6513978e+01         -inf  1.00779e+05  1.65140e+01  1.65140e+01
6.339762629e-01  1.6358783e+01         -inf  1.00779e+05  1.63588e+01  1.63588e+01
6.365121679e-01  1.6197842e+01         -inf  1.00779e+05  1.61978e+01  1.61978e+01
6.390582166e-01  1.6033276e+01         -inf  1.00779e+05  1.60333e+01  1.60333e+01
6.416144494e-01  1.5867735e+01         -inf  1.00779e+05  1.58677e+01  1.58677e+01
6.441809072e-01  1.5714998e+01         -inf  1.00779e+05  1.57150e+01  1.57150e+01
6.467576309e-01  1.5568441e+01         -inf  1.00779e+05  1.55684e+01  1.55684e+01
6.493446614e-01  1.5426298e+01         -inf  1.00779e+05  1.54263e+01  1.54263e+01
6.519420400e-01  1.5290425e+01         -inf  1.00779e+05  1.52904e+01  1.52904e+01
6.545498082e-01  1.5150573e+01         -inf  1.00779e+05  1.51506e+01  1.51506e+01
6.571680074e-01  1.5009570e+01         -inf  1.00779e+05  1.50096e+01  1.50096e+01
6.597966795e-01  1.4872274e+01         -inf  1.00779e+05  1.48723e+01  1.48723e+01
6.624358662e-01  1.4738598e+01         -inf  1.00779e+05  1.47386e+01  1.47386e+01
6.650856096e-01  1.4598735e+01         -inf  1.00779e+05  1.45987e+01  1.45987e+01
6.677459521e-01  1.4451711e+01         -inf  1.00779e+05  1.44517e+01  1.44517e+01
6.704169359e-01  1.4306010e+01         -inf  1.00779e+05  1.43060e+01  1.43060e+01
6.730986036e-01  1.4164812e+01         -inf  1.00779e+05  1.41648e+01  1.41648e+01
6.757909981e-01  1.4029972e+01         -inf  1.00779e+05  1.40300e+01  1.40300e+01
6.784941620e-01  1.3899018e+01         -inf  1.00779e+05  1.38990e+01  1.38990e+01
6.812081387e-01  1.3779284e+01         -inf  1.00779e+05  1.37793e+01  1.37793e+01
6.839329712e-01  1.3672272e+01         -inf  1.00779e+05  1.36723e+01  1.36723e+01
6.866687031e-01  1.3770624e+01         -inf  1.00779e+05  1.37706e+01  1.37706e+01
6.894153779e-01  1.3694541e+01         -inf  1.00779e+05  1.36945e+01  1.36945e+01
6.921730395e-01  1.3366162e+01         -inf  1.00779e+05  1.33662e+01  1.33662e+01
6.949417316e-01  1.3174659e+01         -inf  1.00779e+05  1.31747e+01  1.31747e+01
6.977214985e-01  1.3049785e+01         -inf  1.00779e+05  1.30498e+01  1.30498e+01
7.005123845e-01  1.2933924e+01         -inf  1.00779e+05  1.29339e+01  1.29339e+01
7.033144341e-01  1.2829196e+01         -inf  1.00779e+05  1.28292e+01  1.28292e+01
7.061276918e-01  1.2732863e+01         -inf  1.00779e+05  1.27329e+01  1.27329e+01
7.089522026e-01  1.2641036e+01         -inf  1.00779e+05  1.26410e+01  1.26410e+01
7.117880114e-01  1.2554687e+01         -inf  1.00779e+05  1.25547e+01  1.25547e+01
7.146351634e-01  1.2479562e+01         -inf  1.00779e+05  1.24796e+01  1.24796e+01
7.174937041e-01  1.2393211e+01         -inf  1.00779e+05  1.23932e+01  1.23932e+01
7.203636789e-01  1.2278487e+01         -inf  1.00779e+05  1.22785e+01  1.22785e+01
7.232451336e-01  1.2168092e+01         -inf  1.00779e+05  1.21681e+01  1.21681e+01
7.261381142e-01  1.2073075e+01         -inf  1.00779e+05  1.20731e+01  1.20731e+01
7.290426666e-01  1.1972930e+01         -inf  1.00779e+05  1.19729e+01  1.19729e+01
7.319588373e-01  1.1879324e+01         -inf  1.00779e+05  1.18793e+01  1.18793e+01
7.348866726e-01  1.1800036e+01         -inf  1.00779e+05  1.18000e+01  1.18000e+01
7.378262193e-01  1.1727377e+01         -inf  1.00779e+05  1.17274e+01  1.17274e+01
7.407775242e-01  1.1659933e+01         -inf  1.00779e+05  1.16599e+01  1.16599e+01
7.437406343e-01  1.1605305e+01         -inf  1.00779e+05  1.16053e+01  1.16053e+01
7.467155968e-01  1.1554919e+01         -inf  1.00779e+05  1.15549e+01  1.15549e+01
7.497024592e-01  1.1474479e+01         -inf  1.00779e+05  1.14745e+01  1.14745e+01
7.527012690e-01  1.1356910e+01         -inf  1.00779e+05  1.13569e+01  1.13569e+01
7.557120741e-01  1.1245350e+01         -inf  1.00779e+05  1.12454e+01  1.12454e+01
7.587349224e-01  1.1531318e+01         -inf  1.00779e+05  1.15313e+01  1.15313e+01
7.617698621e-01  1.2860129e+01         -inf  1.00779e+05  1.28601e+01  1.28601e+01
7.648169416e-01  1.1952953e+01         -inf  1.00779e+05  1.19530e+01  1.19530e+01
7.678762093e-01  1.1087819e+01         -inf  1.00779e+05  1.10878e+01  1.10878e+01
7.709477142e-01  1.0875120e+01         -inf  1.00779e+05  1.08751e+01  1.08751e+01
7.740315050e-01  1.0829769e+01         -inf  1.00779e+05  1.08298e+01  1.08298e+01
7.771276310e-01  1.0799976e+01         -inf  1.00779e+05  1.08000e+01  1.08000e+01
7.802361416e-01  1.0746844e+01         -inf  1.00779e+05  1.07468e+01  1.07468e+01
7.833570861e-01  1.0652955e+01         -inf  1.00779e+05  1.06530e+01  1.06530e+01
7.864905145e-01  1.0546953e+01         -inf  1.00779e+05  1.05470e+01  1.05470e+01
7.896364765e-01  1.0458543e+01         -inf  1.00779e+05  1.04585e+01  1.04585e+01
7.927950224e-01  1.0375613e+01         -inf  1.00779e+05  1.03756e+01  1.03756e+01
7.959662025e-01  1.0297810e+01         -inf  1.00779e+05  1.02978e+01  1.02978e+01
7.991500673e-01  1.0228583e+01         -inf  1.00779e+05  1.02286e+01  1.02286e+01
8.023466676e-01  1.0163333e+01         -inf  1.00779e+05  1.01633e+01  1.01633e+01
8.055560543e-01  1.0106040e+01         -inf  1.00779e+05  1.01060e+01  1.01060e+01
8.087782785e-01  1.0065634e+01         -inf  1.00779e+05  1.00656e+01  1.00656e+01
8.120133916e-01  1.0033627e+01         -inf  1.00779e+05  1.00336e+01  1.00336e+01
8.152614452e-01  9.9988795e+00         -inf  1.00779e+05  9.99888e+00  9.99888e+00
8.185224910e-01  9.9404357e+00         -inf  1.00779e+05  9.94044e+00  9.94044e+00
8.217965809e-01  9.8489227e+00         -inf  1.00779e+05  9.84892e+00  9.84892e+00
8.250837672e-01  9.7465328e+00         -inf  1.00779e+05  9.74653e+00  9.74653e+00
8.283841023e-01  9.6582003e+00         -inf  1.00779e+05  9.65820e+00  9.65820e+00
8.316976387e-01  9.5837489e+00         -inf  1.00779e+05  9.58375e+00  9.58375e+00
8.350244293e-01  9.5188465e+00         -inf  1.00779e+05  9.51885e+00  9.51885e+00
8.383645270e-01  9.4618131e+00         -inf  1.00779e+05  9.46181e+00  9.46181e+00
8.417179851e-01  9.4087584e+00         -inf  1.00779e+05  9.40876e+00  9.40876e+00
8.450848570e-01  9.3617161e+00         -inf  1.00779e+05  9.36172e+00  9.36172e+00
8.484651965e-01  9.3259921e+00         -inf  1.00779e+05  9.32599e+00  9.32599e+00
8.518590573e-01  9.3069805e+00         -inf  1.00779e+05  9.30698e+00  9.30698e+00
8.552664935e-01  9.2609102e+00         -inf  1.00779e+05  9.26091e+00  9.26091e+00
8.586875595e-01  9.1878692e+00         -inf  1.00779e+05  9.18787e+00  9.18787e+00
8.621223097e-01  9.1088141e+00         -inf  1.00779e+05  9.10881e+00  9.10881e+00
8.655707989e-01  9.0287854e+00         -inf  1.00779e+05  9.02879e+00  9.02879e+00
8.690330821e-01  8.9666187e+00         -inf  1.00779e+05  8.96662e+00  8.96662e+00
8.725092145e-01  8.8997646e+00         -inf  1.00779e+05  8.89976e+00  8.89976e+00
8.759992513e-01  8.8419122e+00         -inf  1.00779e+05  8.84191e+00  8.84191e+00
8.795032483e-01  8.7961659e+00         -inf  1.00779e+05  8.79617e+00  8.79617e+00
8.830212613e-01  8.7756670e+00         -inf  1.00779e+05  8.77567e+00  8.77567e+00
8.865533464e-01  8.7355004e+00         -inf  1.00779e+05  8.73550e+00  8.73550e+00
8.900995597e-01  8.6827139e+00         -inf  1.00779e+05  8.68271e+00  8.68271e+00
8.936599580e-01  8.6259031e+00         -inf  1.00779e+05  8.62590e+00  8.62590e+00
8.972345978e-01  8.5877961e+00         -inf  1.00779e+05  8.58780e+00  8.58780e+00
9.008235362e-01  8.5333016e+00         -inf  1.00779e+05  8.53330e+00  8.53330e+00
9.044268304e-01  8.4637634e+00         -inf  1.00779e+05  8.46376e+00  8.46376e+00
9.080445377e-01  8.3997960e+00         -inf  1.00779e+05  8.39980e+00  8.39980e+00
9.116767158e-01  8.3435930e+00         -inf  1.00779e+05  8.34359e+00  8.34359e+00
9.153234227e-01  8.2920415e+00         -inf  1.00779e+05  8.29204e+00  8.29204e+00
9.189847164e-01  8.2432931e+00         -inf  1.00779e+05  8.24329e+00  8.24329e+00
9.226606552e-01  8.1989930e+00         -inf  1.00779e+05  8.19899e+00  8.19899e+00
9.263512979e-01  8.1541884e+00         -inf  1.00779e+05  8.15419e+00  8.15419e+00
9.300567031e-01  8.1137084e+00         -inf  1.00779e+05  8.11371e+00  8.11371e+00
9.337769299e-01  8.0798702e+00         -inf  1.00779e+05  8.07987e+00  8.07987e+00
9.375120376e-01  8.0467748e+00         -inf  1.00779e+05  8.04677e+00  8.04677e+00
9.412620857e-01  8.0159522e+00         -inf  1.00779e+05  8.01595e+00  8.01595e+00
9.450271341e-01  7.9818481e+00         -inf  1.00779e+05  7.98185e+00  7.98185e+00
9.488072426e-01  7.9212547e+00         -inf  1.00779e+05  7.92125e+00  7.92125e+00
9.526024716e-01  7.8616158e+00         -inf  1.00779e+05  7.86162e+00  7.86162e+00
9.564128815e-01  7.8124220e+00         -inf  1.00779e+05  7.81242e+00  7.81242e+00
9.602385330e-01  7.7663323e+00         -inf  1.00779e+05  7.76633e+00  7.76633e+00
9.640794871e-01  7.7250538e+00         -inf  1.00779e+05  7.72505e+00  7.72505e+00
9.679358051e-01  7.6827934e+00         -inf  1.00779e+05  7.68279e+00  7.68279e+00
9.718075483e-01  7.6439379e+00         -inf  1.00779e+05  7.64394e+00  7.64394e+00
9.756947785e-01  7.6016591e+00         -inf  1.00779e+05  7.60166e+00  7.60166e+00
9.795975576e-01  7.5636081e+00         -inf  1.00779e+05  7.56361e+00  7.56361e+00
9.835159478e-01  7.5260167e+00         -inf  1.00779e+05  7.52602e+00  7.52602e+00
9.874500116e-01  7.4948997e+00         -inf  1.00779e+05  7.49490e+00  7.49490e+00
9.913998117e-01  7.4796066e+00         -inf  1.00779e+05  7.47961e+00  7.47961e+00
9.953654109e-01  7.4337445e+00         -inf  1.00779e+05  7.43374e+00  7.43374e+00
9.993468726e-01  7.3837425e+00         -inf  1.00779e+05  7.38374e+00  7.38374e+00
1.003344260e+00  7.3421167e+00         -inf  1.00779e+05  7.34212e+00  7.34212e+00
1.007357637e+00  7.3039933e+00         -inf  1.00779e+05  7.30399e+00  7.30399e+00
1.011387068e+00  7.2677892e+00         -inf  1.00779e+05  7.26779e+00  7.26779e+00
1.015432616e+00  7.2308418e+00         -inf  1.00779e+05  7.23084e+00  7.23084e+00
1.019494346e+00  7.1933016e+00         -inf  1.00779e+05  7.19330e+00  7.19330e+00
1.023572324e+00  7.1566723e+00         -inf  1.00779e+05  7.15667e+00  7.15667e+00
1.027666613e+00  7.1211750e+00         -inf  1.00779e+05  7.12117e+00  7.12117e+00
1.031777280e+00  7.0857748e+00         -inf  1.00779e+05  7.08577e+00  7.08577e+00
1.035904389e+00  7.0642090e+00         -inf  1.00779e+05  7.06421e+00  7.06421e+00
1.040048006e+00  7.0447927e+00         -inf  1.00779e+05  7.04479e+00  7.04479e+00
1.044208198e+00  6.9897634e+00         -inf  1.00779e+05  6.98976e+00  6.98976e+00
1.048385031e+00  6.9922137e+00         -inf  1.00779e+05  6.99221e+00  6.99221e+00
1.052578571e+00  6.9973796e+00         -inf  1.00779e+05  6.99738e+00  6.99738e+00
1.056788885e+00  6.8965813e+00         -inf  1.00779e+05  6.89658e+00  6.89658e+00
1.061016041e+00  6.8618964e+00         -inf  1.00779e+05  6.86190e+00  6.86190e+00
1.065260105e+00  6.8460532e+00         -inf  1.00779e+05  6.84605e+00  6.84605e+00
1.069521146e+00  6.8021682e+00         -inf  1.00779e+05  6.80217e+00  6.80217e+00
1.073799230e+00  6.7677394e+00         -inf  1.00779e+05  6.76774e+00  6.76774e+00
1.078094427e+00  6.7370965e+00         -inf  1.00779e+05  6.73710e+00  6.73710e+00
1.082406805e+00  6.7070992e+00         -inf  1.00779e+05  6.70710e+00  6.70710e+00
1.086736432e+00  6.6783579e+00         -inf  1.00779e+05  6.67836e+00  6.67836e+00
1.091083378e+00  6.6517485e+00         -inf  1.00779e+05  6.65175e+00  6.65175e+00
1.095447711e+00  6.6261828e+00         -inf  1.00779e+05  6.62618e+00  6.62618e+00
1.099829502e+00  6.5989628e+00         -inf  1.00779e+05  6.59896e+00  6.59896e+00
1.104228820e+00  6.5704422e+00         -inf  1.00779e+05  6.57044e+00  6.57044e+00
1.108645735e+00  6.5493436e+00         -inf  1.00779e+05  6.54934e+00  6.54934e+00
1.113080318e+00  6.5484147e+00         -inf  1.00779e+05  6.54841e+00  6.54841e+00
1.117532640e+00  6.5527495e+00         -inf  1.00779e+05  6.55275e+00  6.55275e+00
1.122002770e+00  6.5919211e+00         -inf  1.00779e+05  6.59192e+00  6.59192e+00
1.126490781e+00  6.6529870e+00         -inf  1.00779e+05  6.65299e+00  6.65299e+00
1.130996744e+00  6.6265101e+00         -inf  1.00779e+05  6.62651e+00  6.62651e+00
1.135520731e+00  6.6356041e+00         -inf  1.00779e+05  6.63560e+00  6.63560e+00
1.140062814e+00  6.4956813e+00         -inf  1.00779e+05  6.49568e+00  6.49568e+00
1.144623065e+00  6.4669037e+00         -inf  1.00779e+05  6.46690e+00  6.46690e+00
1.149201558e+00  6.5087298e+00         -inf  1.00779e+05  6.50873e+00  6.50873e+00
1.153798364e+00  6.6348256e+00         -inf  1.00779e+05  6.63483e+00  6.63483e+00
1.158413557e+00  6.5459820e+00         -inf  1.00779e+05  6.54598e+00  6.54598e+00
1.163047212e+00  6.6494219e+00         -inf  1.00779e+05  6.64942e+00  6.64942e+00
1.167699401e+00  6.5002106e+00         -inf  1.00779e+05  6.50021e+00  6.50021e+00
1.172370198e+00  6.3941320e+00         -inf  1.00779e+05  6.39413e+00  6.39413e+00
1.177059679e+00  6.3027550e+00         -inf  1.00779e+05  6.30275e+00  6.30275e+00
1.181767918e+00  6.2484005e+00         -inf  1.00779e+05  6.24840e+00  6.24840e+00
1.186494989e+00  6.2106954e+00         -inf  1.00779e+05  6.21070e+00  6.21070e+00
1.191240969e+00  6.1740694e+00         -inf  1.00779e+05  6.17407e+00  6.17407e+00
1.196005933e+00  6.1199262e+00         -inf  1.00779e+05  6.11993e+00  6.11993e+00
1.200789957e+00  6.2608126e+00         -inf  1.00779e+05  6.26081e+00  6.26081e+00
1.205593117e+00  7.2110014e+00         -inf  1.00779e+05  7.21100e+00  7.21100e+00
1.210415489e+00  6.5277761e+00         -inf  1.00779e+05  6.52778e+00  6.52778e+00
1.215257151e+00  6.1380182e+00         -inf  1.00779e+05  6.13802e+00  6.13802e+00
1.220118180e+00  6.9230570e+00         -inf  1.00779e+05  6.92306e+00  6.92306e+00
1.224998652e+00  6.3803579e+00         -inf  1.00779e+05  6.38036e+00  6.38036e+00
1.229898647e+00  6.0096302e+00         -inf  1.00779e+05  6.00963e+00  6.00963e+00
1.234818242e+00  5.9753652e+00         -inf  1.00779e+05  5.97537e+00  5.97537e+00
1.239757515e+00  5.9278558e+00         -inf  1.00779e+05  5.92786e+00  5.92786e+00
1.244716545e+00  5.8923341e+00         -inf  1.00779e+05  5.89233e+00  5.89233e+00
1.249695411e+00  5.8876539e+00         -inf  1.00779e+05  5.88765e+00  5.88765e+00
1.254694192e+00  5.9073125e+00         -inf  1.00779e+05  5.90731e+00  5.90731e+00
1.259712969e+00  5.9981289e+00         -inf  1.00779e+05  5.99813e+00  5.99813e+00
1.264751821e+00  6.2532486e+00         -inf  1.00779e+05  6.25325e+00  6.25325e+00
1.269810828e+00  6.4581103e+00         -inf  1.00779e+05  6.45811e+00  6.45811e+00
1.274890072e+00  5.9584229e+00         -inf  1.00779e+05  5.95842e+00  5.95842e+00
1.279989632e+00  5.8187597e+00         -inf  1.00779e+05  5.81876e+00  5.81876e+00
1.285109591e+00  5.7655603e+00         -inf  1.00779e+05  5.76556e+00  5.76556e+00
1.290250029e+00  5.8360298e+00         -inf  1.00779e+05  5.83603e+00  5.83603e+00
1.295411029e+00  5.8120711e+00         -inf  1.00779e+05  5.81207e+00  5.81207e+00
1.300592673e+00  5.7047603e+00         -inf  1.00779e+05  5.70476e+00  5.70476e+00
1.305795044e+00  5.6894364e+00         -inf  1.00779e+05  5.68944e+00  5.68944e+00
1.311018224e+00  5.7574295e+00         -inf  1.00779e+05  5.75743e+00  5.75743e+00
1.316262297e+00  6.0893864e+00         -inf  1.00779e+05  6.08939e+00  6.08939e+00
1.321527346e+00  5.9819740e+00         -inf  1.00779e+05  5.98197e+00  5.98197e+00
1.326813455e+00  5.7574029e+00         -inf  1.00779e+05  5.75740e+00  5.75740e+00
1.332120709e+00  6.1382659e+00         -inf  1.00779e+05  6.13827e+00  6.13827e+00
1.337449192e+00  5.9458245e+00         -inf  1.00779e+05  5.94582e+00  5.94582e+00
1.342798989e+00  6.0730194e+00         -inf  1.00779e+05  6.07302e+00  6.07302e+00
1.348170185e+00  5.9631473e+00         -inf  1.00779e+05  5.96315e+00  5.96315e+00
1.353562866e+00  6.1392568e+00         -inf  1.00779e+05  6.13926e+00  6.13926e+00
1.358977117e+00  6.4890199e+00         -inf  1.00779e+05  6.48902e+00  6.48902e+00
1.364413026e+00  6.6667517e+00         -inf  1.00779e+05  6.66675e+00  6.66675e+00
1.369870678e+00  6.6263155e+00         -inf  1.00779e+05  6.62632e+00  6.62632e+00
1.375350160e+00  6.5756527e+00         -inf  1.00779e+05  6.57565e+00  6.57565e+00
1.380851561e+00  6.5729369e+00         -inf  1.00779e+05  6.57294e+00  6.57294e+00
1.386374967e+00  6.5505998e+00         -inf  1.00779e+05  6.55060e+00  6.55060e+00
1.391920467e+00  6.4920807e+00         -inf  1.00779e+05  6.49208e+00  6.49208e+00
1.397488149e+00  6.4348793e+00         -inf  1.00779e+05  6.43488e+00  6.43488e+00
1.403078102e+00  6.3289943e+00         -inf  1.00779e+05  6.32899e+00  6.32899e+00
1.408690414e+00  6.1453346e+00         -inf  1.00779e+05  6.14533e+00  6.14533e+00
1.414325176e+00  5.8224668e+00         -inf  1.00779e+05  5.82247e+00  5.82247e+00
1.419982476e+00  5.6682642e+00         -inf  1.00779e+05  5.66826e+00  5.66826e+00
1.425662406e+00  5.6124269e+00         -inf  1.00779e+05  5.61243e+00  5.61243e+00
1.431365056e+00  1.0390113e+01         -inf  1.00779e+05  1.03901e+01  1.03901e+01
1.437090516e+00  1.0275176e+01         -inf  1.00779e+05  1.02752e+01  1.02752e+01
1.442838878e+00  7.9309040e+00         -inf  1.00779e+05  7.93090e+00  7.93090e+00
1.448610234e+00  6.1376732e+00         -inf  1.00779e+05  6.13767e+00  6.13767e+00
1.454404675e+00  5.4842585e+00         -inf  1.00779e+05  5.48426e+00  5.48426e+00
1.460222293e+00  5.3932934e+00         -inf  1.00779e+05  5.39329e+00  5.39329e+00
1.466063182e+00  5.3727661e+00         -inf  1.00779e+05  5.37277e+00  5.37277e+00
1.471927435e+00  5.8963773e+00         -inf  1.00779e+05  5.89638e+00  5.89638e+00
1.477815145e+00  5.7785837e+00         -inf  1.00779e+05  5.77858e+00  5.77858e+00
1.483726405e+00  5.4260218e+00         -inf  1.00779e+05  5.42602e+00  5.42602e+00
1.489661311e+00  5.3129358e+00         -inf  1.00779e+05  5.31294e+00  5.31294e+00
1.495619956e+00  5.4177667e+00         -inf  1.00779e+05  5.41777e+00  5.41777e+00
1.501602436e+00  5.3258097e+00         -inf  1.00779e+05  5.32581e+00  5.32581e+00
1.507608846e+00  5.2462299e+00         -inf  1.00779e+05  5.24623e+00  5.24623e+00
1.513639281e+00  5.2489286e+00         -inf  1.00779e+05  5.24893e+00  5.24893e+00
1.519693838e+00  5.2679875e+00         -inf  1.00779e+05  5.26799e+00  5.26799e+00
1.525772614e+00  5.3733766e+00         -inf  1.00779e+05  5.37338e+00  5.37338e+00
1.531875704e+00  5.8945636e+00         -inf  1.00779e+05  5.89456e+00  5.89456e+00
1.538003207e+00  6.2169678e+00         -inf  1.00779e+05  6.21697e+00  6.21697e+00
1.544155220e+00  5.7277993e+00         -inf  1.00779e+05  5.72780e+00  5.72780e+00
1.550331841e+00  5.1949900e+00         -inf  1.00779e+05  5.19499e+00  5.19499e+00
1.556533168e+00  5.1757540e+00         -inf  1.00779e+05  5.17575e+00  5.17575e+00
1.562759301e+00  5.1860445e+00         -inf  1.00779e+05  5.18604e+00  5.18604e+00
1.569010338e+00  7.1900111e+00         -inf  1.00779e+05  7.19001e+00  7.19001e+00
1.575286379e+00  8.8053983e+00         -inf  1.00779e+05  8.80540e+00  8.80540e+00
1.581587525e+00  7.2802435e+00         -inf  1.00779e+05  7.28024e+00  7.28024e+00
1.587913875e+00  5.3496374e+00         -inf  1.00779e+05  5.34964e+00  5.34964e+00
1.594265530e+00  5.2848254e+00         -inf  1.00779e+05  5.28483e+00  5.28483e+00
1.600642593e+00  8.4543359e+00         -inf  1.00779e+05  8.45434e+00  8.45434e+00
1.607045163e+00  8.6352861e+00         -inf  1.00779e+05  8.63529e+00  8.63529e+00
1.613473344e+00  6.9889761e+00         -inf  1.00779e+05  6.98898e+00  6.98898e+00
1.619927237e+00  5.4950528e+00         -inf  1.00779e+05  5.49505e+00  5.49505e+00
1.626406946e+00  5.4576707e+00         -inf  1.00779e+05  5.45767e+00  5.45767e+00
1.632912574e+00  5.7974906e+00         -inf  1.00779e+05  5.79749e+00  5.79749e+00
1.639444224e+00  6.2530805e+00         -inf  1.00779e+05  6.25308e+00  6.25308e+00
1.646002001e+00  6.4252366e+00         -inf  1.00779e+05  6.42524e+00  6.42524e+00
1.652586009e+00  6.2582558e+00         -inf  1.00779e+05  6.25826e+00  6.25826e+00
1.659196353e+00  5.5800532e+00         -inf  1.00779e+05  5.58005e+00  5.58005e+00
1.665833138e+00  7.0706045e+00         -inf  1.00779e+05  7.07060e+00  7.07060e+00
1.672496471e+00  5.5597920e+00         -inf  1.00779e+05  5.55979e+00  5.55979e+00
1.679186457e+00  5.6175497e+00         -inf  1.00779e+05  5.61755e+00  5.61755e+00
1.685903203e+00  5.6457382e+00         -inf  1.00779e+05  5.64574e+00  5.64574e+00
1.692646815e+00  5.7499799e+00         -inf  1.00779e+05  5.74998e+00  5.74998e+00
1.699417403e+00  5.8692603e+00         -inf  1.00779e+05  5.86926e+00  5.86926e+00
1.706215072e+00  6.6449988e+00         -inf  1.00779e+05  6.64500e+00  6.64500e+00
1.713039933e+00  5.8955545e+00         -inf  1.00779e+05  5.89555e+00  5.89555e+00
1.719892092e+00  5.7755225e+00         -inf  1.00779e+05  5.77552e+00  5.77552e+00
1.726771661e+00  6.3637262e+00         -inf  1.00779e+05  6.36373e+00  6.36373e+00
1.733678747e+00  5.7439548e+00         -inf  1.00779e+05  5.74395e+00  5.74395e+00
1.740613462e+00  5.4895672e+00         -inf  1.00779e+05  5.48957e+00  5.48957e+00
1.747575916e+00  5.3270572e+00         -inf  1.00779e+05  5.32706e+00  5.32706e+00
1.754566220e+00  5.2675273e+00         -inf  1.00779e+05  5.26753e+00  5.26753e+00
1.761584485e+00  5.2824541e+00         -inf  1.00779e+05  5.28245e+00  5.28245e+00
1.768630823e+00  5.5882816e+00         -inf  1.00779e+05  5.58828e+00  5.58828e+00
1.775705346e+00  5.8339153e+00         -inf  1.00779e+05  5.83392e+00  5.83392e+00
1.782808167e+00  5.4895318e+00         -inf  1.00779e+05  5.48953e+00  5.48953e+00
1.789939400e+00  6.0927483e+00         -inf  1.00779e+05  6.09275e+00  6.09275e+00
1.797099158e+00  5.4070254e+00         -inf  1.00779e+05  5.40703e+00  5.40703e+00
1.804287554e+00  5.4076182e+00         -inf  1.00779e+05  5.40762e+00  5.40762e+00
1.811504704e+00  5.4312067e+00         -inf  1.00779e+05  5.43121e+00  5.43121e+00
1.818750723e+00  5.4424347e+00         -inf  1.00779e+05  5.44243e+00  5.44243e+00
1.826025726e+00  5.5476352e+00         -inf  1.00779e+05  5.54764e+00  5.54764e+00
1.833329829e+00  5.7693293e+00         -inf  1.00779e+05  5.76933e+00  5.76933e+00
1.840663148e+00  6.0175926e+00         -inf  1.00779e+05  6.01759e+00  6.01759e+00
1.848025801e+00  6.1423444e+00         -inf  1.00779e+05  6.14234e+00  6.14234e+00
1.855417904e+00  6.1690620e+00         -inf  1.00779e+05  6.16906e+00  6.16906e+00
1.862839576e+00  6.1202093e+00         -inf  1.00779e+05  6.12021e+00  6.12021e+00
1.870290934e+00  6.0971718e+00         -inf  1.00779e+05  6.09717e+00  6.09717e+00
1.877772098e+00  6.9346274e+00         -inf  1.00779e+05  6.93463e+00  6.93463e+00
1.885283186e+00  6.8765187e+00         -inf  1.00779e+05  6.87652e+00  6.87652e+00
1.892824319e+00  5.9833365e+00         -inf  1.00779e+05  5.98334e+00  5.98334e+00
1.900395616e+00  5.8386221e+00         -inf  1.00779e+05  5.83862e+00  5.83862e+00
1.907997199e+00  5.7639943e+00         -inf  1.00779e+05  5.76399e+00  5.76399e+00
1.915629188e+00  5.5966073e+00         -inf  1.00779e+05  5.59661e+00  5.59661e+00
1.923291704e+00  5.3427271e+00         -inf  1.00779e+05  5.34273e+00  5.34273e+00
1.930984871e+00  5.1269026e+00         -inf  1.00779e+05  5.12690e+00  5.12690e+00
1.938708811e+00  5.5170662e+00         -inf  1.00779e+05  5.51707e+00  5.51707e+00
1.946463646e+00  9.4501411e+00         -inf  1.00779e+05  9.45014e+00  9.45014e+00
1.954249500e+00  1.6067639e+01         -inf  1.00779e+05  1.60676e+01  1.60676e+01
1.962066498e+00  1.5668884e+01         -inf  1.00779e+05  1.56689e+01  1.56689e+01
1.969914764e+00  1.3371818e+01         -inf  1.00779e+05  1.33718e+01  1.33718e+01
1.977794423e+00  7.8705754e+00         -inf  1.00779e+05  7.87058e+00  7.87058e+00
1.985705601e+00  6.1958769e+00         -inf  1.00779e+05  6.19588e+00  6.19588e+00
1.993648424e+00  7.8414147e+00         -inf  1.00779e+05  7.84141e+00  7.84141e+00
2.001623017e+00  1.8653384e+01         -inf  1.00779e+05  1.86534e+01  1.86534e+01
2.009629509e+00  1.9602269e+01         -inf  1.00779e+05  1.96023e+01  1.96023e+01
2.017668027e+00  1.7491082e+01         -inf  1.00779e+05  1.74911e+01  1.74911e+01
2.025738699e+00  1.1048038e+01         -inf  1.00779e+05  1.10480e+01  1.10480e+01
2.033841654e+00  9.5960396e+00         -inf  1.00779e+05  9.59604e+00  9.59604e+00
2.041977021e+00  1.0279243e+01         -inf  1.00779e+05  1.02792e+01  1.02792e+01
2.050144929e+00  1.3575333e+01         -inf  1.00779e+05  1.35753e+01  1.35753e+01
2.058345509e+00  1.4805923e+01         -inf  1.00779e+05  1.48059e+01  1.48059e+01
2.066578891e+00  1.4192292e+01         -inf  1.00779e+05  1.41923e+01  1.41923e+01
2.074845206e+00  1.0898106e+01         -inf  1.00779e+05  1.08981e+01  1.08981e+01
2.083144587e+00  9.2320830e+00         -inf  1.00779e+05  9.23208e+00  9.23208e+00
2.091477165e+00  7.8464119e+00         -inf  1.00779e+05  7.84641e+00  7.84641e+00
2.099843074e+00  6.7788058e+00         -inf  1.00779e+05  6.77881e+00  6.77881e+00
2.108242446e+00  7.1000605e+00         -inf  1.00779e+05  7.10006e+00  7.10006e+00
2.116675416e+00  6.6515627e+00         -inf  1.00779e+05  6.65156e+00  6.65156e+00
2.125142118e+00  6.1884367e+00         -inf  1.00779e+05  6.18844e+00  6.18844e+00
2.133642686e+00  5.8274478e+00         -inf  1.00779e+05  5.82745e+00  5.82745e+00
2.142177257e+00  6.0381532e+00         -inf  1.00779e+05  6.03815e+00  6.03815e+00
2.150745966e+00  6.8398522e+00         -inf  1.00779e+05  6.83985e+00  6.83985e+00
2.159348950e+00  6.9706565e+00         -inf  1.00779e+05  6.97066e+00  6.97066e+00
2.167986346e+00  6.7972852e+00         -inf  1.00779e+05  6.79729e+00  6.79729e+00
2.176658291e+00  6.4106043e+00         -inf  1.00779e+05  6.41060e+00  6.41060e+00
2.185364924e+00  5.7567128e+00         -inf  1.00779e+05  5.75671e+00  5.75671e+00
2.194106384e+00  5.9285812e+00         -inf  1.00779e+05  5.92858e+00  5.92858e+00
2.202882810e+00  8.4479683e+00         -inf  1.00779e+05  8.44797e+00  8.44797e+00
2.211694341e+00  5.5965718e+00         -inf  1.00779e+05  5.59657e+00  5.59657e+00
2.220541118e+00  6.2621661e+00         -inf  1.00779e+05  6.26217e+00  6.26217e+00
2.229423283e+00  6.7994524e+00         -inf  1.00779e+05  6.79945e+00  6.79945e+00
2.238340976e+00  7.1808736e+00         -inf  1.00779e+05  7.18087e+00  7.18087e+00
2.247294340e+00  7.7109906e+00         -inf  1.00779e+05  7.71099e+00  7.71099e+00
2.256283517e+00  8.3720792e+00         -inf  1.00779e+05  8.37208e+00  8.37208e+00
2.265308651e+00  8.5851784e+00         -inf  1.00779e+05  8.58518e+00  8.58518e+00
2.274369886e+00  9.0491242e+00         -inf  1.00779e+05  9.04912e+00  9.04912e+00
2.283467365e+00  8.9460142e+00         -inf  1.00779e+05  8.94601e+00  8.94601e+00
2.292601235e+00  9.7876480e+00         -inf  1.00779e+05  9.78765e+00  9.78765e+00
2.301771640e+00  1.0869639e+01         -inf  1.00779e+05  1.08696e+01  1.08696e+01
2.310978726e+00  7.4062801e+00         -inf  1.00779e+05  7.40628e+00  7.40628e+00
2.320222641e+00  1.0268192e+01         -inf  1.00779e+05  1.02682e+01  1.02682e+01
2.329503532e+00  8.9319536e+00         -inf  1.00779e+05  8.93195e+00  8.93195e+00
2.338821546e+00  1.0149186e+01         -inf  1.00779e+05  1.01492e+01  1.01492e+01
2.348176832e+00  1.0773631e+01         -inf  1.00779e+05  1.07736e+01  1.07736e+01
2.357569539e+00  9.2332324e+00         -inf  1.00779e+05  9.23323e+00  9.23323e+00
2.366999817e+00  9.5018690e+00         -inf  1.00779e+05  9.50187e+00  9.50187e+00
2.376467817e+00  9.7634209e+00         -inf  1.00779e+05  9.76342e+00  9.76342e+00
2.385973688e+00  8.0060109e+00         -inf  1.00779e+05  8.00601e+00  8.00601e+00
2.395517583e+00  8.0860964e+00         -inf  1.00779e+05  8.08610e+00  8.08610e+00
2.405099653e+00  6.9074438e+00         -inf  1.00779e+05  6.90744e+00  6.90744e+00
2.414720052e+00  6.0865817e+00         -inf  1.00779e+05  6.08658e+00  6.08658e+00
2.424378932e+00  6.9208188e+00         -inf  1.00779e+05  6.92082e+00  6.92082e+00
2.434076448e+00  6.0010216e+00         -inf  1.00779e+05  6.00102e+00  6.00102e+00
2.443812753e+00  5.6192216e+00         -inf  1.00779e+05  5.61922e+00  5.61922e+00
2.453588004e+00  5.4238980e+00         -inf  1.00779e+05  5.42390e+00  5.42390e+00
2.463402356e+00  5.2008914e+00         -inf  1.00779e+05  5.20089e+00  5.20089e+00
2.473255966e+00  5.0944200e+00         -inf  1.00779e+05  5.09442e+00  5.09442e+00
2.483148990e+00  5.5462722e+00         -inf  1.00779e+05  5.54627e+00  5.54627e+00
2.493081586e+00  5.3722790e+00         -inf  1.00779e+05  5.37228e+00  5.37228e+00
2.503053912e+00  5.2804716e+00         -inf  1.00779e+05  5.28047e+00  5.28047e+00
2.513066128e+00  5.2757379e+00         -inf  1.00779e+05  5.27574e+00  5.27574e+00
2.523118392e+00  5.3464161e+00         -inf  1.00779e+05  5.34642e+00  5.34642e+00
2.533210866e+00  5.5844941e+00         -inf  1.00779e+05  5.58449e+00  5.58449e+00
2.543343709e+00  5.7850593e+00         -inf  1.00779e+05  5.78506e+00  5.78506e+00
2.553517084e+00  6.6033851e+00         -inf  1.00779e+05  6.60339e+00  6.60339e+00
2.563731152e+00  7.7338447e+00         -inf  1.00779e+05  7.73384e+00  7.73385e+00
2.573986077e+00  8.0998220e+00         -inf  1.00779e+05  8.09982e+00  8.09982e+00
2.584282021e+00  8.6851360e+00         -inf  1.00779e+05  8.68514e+00  8.68514e+00
2.594619149e+00  9.3520766e+00         -inf  1.00779e+05  9.35208e+00  9.35208e+00
2.604997626e+00  9.2276603e+00         -inf  1.00779e+05  9.22766e+00  9.22766e+00
2.615417616e+00  9.3070675e+00         -inf  1.00779e+05  9.30707e+00  9.30707e+00
2.625879287e+00  8.7161760e+00         -inf  1.00779e+05  8.71618e+00  8.71618e+00
2.636382804e+00  8.3644454e+00         -inf  1.00779e+05  8.36445e+00  8.36445e+00
2.646928335e+00  8.3384176e+00         -inf  1.00779e+05  8.33842e+00  8.33842e+00
2.657516049e+00  9.5181371e+00         -inf  1.00779e+05  9.51814e+00  9.51814e+00
2.668146113e+00  1.9329103e+01         -inf  1.00779e+05  1.93291e+01  1.93291e+01
2.678818697e+00  3.0314552e+01         -inf  1.00779e+05  3.03146e+01  3.03146e+01
2.689533972e+00  2.9817942e+01         -inf  1.00779e+05  2.98179e+01  2.98179e+01
2.700292108e+00  3.0523445e+01         -inf  1.00779e+05  3.05234e+01  3.05234e+01
2.711093276e+00  2.6809535e+01         -inf  1.00779e+05  2.68095e+01  2.68095e+01
2.721937650e+00  2.0771607e+01         -inf  1.00779e+05  2.07716e+01  2.07716e+01
2.732825400e+00  1.9057338e+01         -inf  1.00779e+05  1.90573e+01  1.90573e+01
2.743756702e+00  2.3073656e+01         -inf  1.00779e+05  2.30737e+01  2.30737e+01
2.754731729e+00  2.9092881e+01         -inf  1.00779e+05  2.90929e+01  2.90929e+01
2.765750655e+00  2.8406180e+01         -inf  1.00779e+05  2.84062e+01  2.84062e+01
2.776813658e+00  2.9682104e+01         -inf  1.00779e+05  2.96821e+01  2.96821e+01
2.787920913e+00  2.6954869e+01         -inf  1.00779e+05  2.69549e+01  2.69549e+01
2.799072596e+00  2.2866465e+01         -inf  1.00779e+05  2.28665e+01  2.28665e+01
2.810268887e+00  2.0503344e+01         -inf  1.00779e+05  2.05033e+01  2.05033e+01
2.821509962e+00  1.8316860e+01         -inf  1.00779e+05  1.83169e+01  1.83169e+01
2.832796002e+00  1.5171417e+01         -inf  1.00779e+05  1.51714e+01  1.51714e+01
2.844127186e+00  1.5675680e+01         -inf  1.00779e+05  1.56757e+01  1.56757e+01
2.855503695e+00  1.3945402e+01         -inf  1.00779e+05  1.39454e+01  1.39454e+01
2.866925710e+00  1.4241765e+01         -inf  1.00779e+05  1.42418e+01  1.42418e+01
2.878393413e+00  1.2430058e+01         -inf  1.00779e+05  1.24301e+01  1.24301e+01
2.889906986e+00  1.1504436e+01         -inf  1.00779e+05  1.15044e+01  1.15044e+01
2.901466614e+00  8.5449118e+00         -inf  1.00779e+05  8.54491e+00  8.54492e+00
2.913072481e+00  6.1586382e+00         -inf  1.00779e+05  6.15864e+00  6.15865e+00
2.924724770e+00  5.3866455e+00         -inf  1.00779e+05  5.38665e+00  5.38666e+00
2.936423670e+00  4.9498592e+00         -inf  1.00779e+05  4.94986e+00  4.94987e+00
2.948169364e+00  5.4395277e+00         -inf  1.00779e+05  5.43953e+00  5.43954e+00
2.959962042e+00  7.1881298e+00         -inf  1.00779e+05  7.18813e+00  7.18814e+00
2.971801890e+00  7.0124456e+00         -inf  1.00779e+05  7.01245e+00  7.01246e+00
2.983689097e+00  7.7260184e+00         -inf  1.00779e+05  7.72602e+00  7.72604e+00
2.995623854e+00  6.1326827e+00         -inf  1.00779e+05  6.13268e+00  6.13270e+00
3.007606349e+00  5.7148885e+00         -inf  1.00779e+05  5.71489e+00  5.71491e+00
3.019636775e+00  5.5879063e+00         -inf  1.00779e+05  5.58791e+00  5.58793e+00
3.031715322e+00  4.9488845e+00         -inf  1.00779e+05  4.94888e+00  4.94891e+00
3.043842183e+00  4.8083220e+00         -inf  1.00779e+05  4.80832e+00  4.80835e+00
3.056017552e+00  4.8031879e+00         -inf  1.00779e+05  4.80319e+00  4.80321e+00
3.068241622e+00  4.7891606e+00         -inf  1.00779e+05  4.78916e+00  4.78919e+00
3.080514588e+00  4.7789824e+00         -inf  1.00779e+05  4.77898e+00  4.77901e+00
3.092836647e+00  4.7962618e+00         -inf  1.00779e+05  4.79626e+00  4.79629e+00
3.105207993e+00  4.8723052e+00         -inf  1.00779e+05  4.87231e+00  4.87234e+00
3.117628825e+00  5.1614439e+00         -inf  1.00779e+05  5.16144e+00  5.16148e+00
3.130099341e+00  5.5673693e+00         -inf  1.00779e+05  5.56737e+00  5.56741e+00
3.142619738e+00  5.2788006e+00         -inf  1.00779e+05  5.27880e+00  5.27884e+00
3.155190217e+00  6.2216097e+00         -inf  1.00779e+05  6.22161e+00  6.22166e+00
3.167810978e+00  6.1767705e+00         -inf  1.00779e+05  6.17677e+00  6.17682e+00
3.180482222e+00  7.9469825e+00         -inf  1.00779e+05  7.94698e+00  7.94704e+00
3.193204151e+00  8.2065595e+00         -inf  1.00779e+05  8.20656e+00  8.20662e+00
3.205976967e+00  9.2274237e+00         -inf  1.00779e+05  9.22742e+00  9.22748e+00
3.218800875e+00  1.0612577e+01         -inf  1.00779e+05  1.06126e+01  1.06126e+01
3.231676079e+00  1.0231607e+01         -inf  1.00779e+05  1.02316e+01  1.02317e+01
3.244602783e+00  1.1897902e+01         -inf  1.00779e+05  1.18979e+01  1.18980e+01
3.257581194e+00  1.2557879e+01         -inf  1.00779e+05  1.25579e+01  1.25580e+01
3.270611519e+00  1.1907879e+01         -inf  1.00779e+05  1.19079e+01  1.19080e+01
3.283693965e+00  9.3810785e+00         -inf  1.00779e+05  9.38108e+00  9.38117e+00
3.296828741e+00  1.0233702e+01         -inf  1.00779e+05  1.02337e+01  1.02338e+01
3.310016056e+00  1.8177976e+01         -inf  1.00779e+05  1.81780e+01  1.81781e+01
3.323256120e+00  1.5978932e+01         -inf  1.00779e+05  1.59789e+01  1.59790e+01
3.336549144e+00  8.3016945e+00         -inf  1.00779e+05  8.30169e+00  8.30181e+00
3.349895341e+00  9.2349627e+00         -inf  1.00779e+05  9.23496e+00  9.23509e+00
3.363294922e+00  1.1458793e+01         -inf  1.00779e+05  1.14588e+01  1.14589e+01
3.376748102e+00  1.1516594e+01         -inf  1.00779e+05  1.15166e+01  1.15167e+01
3.390255094e+00  1.1497933e+01         -inf  1.00779e+05  1.14979e+01  1.14981e+01
3.403816115e+00  1.0858075e+01         -inf  1.00779e+05  1.08581e+01  1.08582e+01
3.417431379e+00  9.1379092e+00         -inf  1.00779e+05  9.13791e+00  9.13808e+00
3.431101105e+00  9.4803717e+00         -inf  1.00779e+05  9.48037e+00  9.48056e+00
3.444825509e+00  9.2982024e+00         -inf  1.00779e+05  9.29820e+00  9.29840e+00
3.458604811e+00  8.4832432e+00         -inf  1.00779e+05  8.48324e+00  8.48346e+00
3.472439231e+00  9.3736896e+00         -inf  1.00779e+05  9.37369e+00  9.37392e+00
3.486328987e+00  9.0356170e+00         -inf  1.00779e+05  9.03562e+00  9.03586e+00
3.500274303e+00  7.9495300e+00         -inf  1.00779e+05  7.94953e+00  7.94979e+00
3.514275401e+00  6.4908613e+00         -inf  1.00779e+05  6.49086e+00  6.49113e+00
3.528332502e+00  7.4345594e+00         -inf  1.00779e+05  7.43456e+00  7.43485e+00
3.542445832e+00  1.0065855e+01         -inf  1.00779e+05  1.00659e+01  1.00662e+01
3.556615616e+00  7.9197494e+00         -inf  1.00779e+05  7.91975e+00  7.92008e+00
3.570842078e+00  9.5900321e+00         -inf  1.00779e+05  9.59003e+00  9.59038e+00
3.585125446e+00  9.1428414e+00         -inf  1.00779e+05  9.14284e+00  9.14321e+00
3.599465948e+00  7.6329738e+00         -inf  1.00779e+05  7.63297e+00  7.63337e+00
3.613863812e+00  7.3977422e+00         -inf  1.00779e+05  7.39774e+00  7.39816e+00
3.628319267e+00  6.8780297e+00         -inf  1.00779e+05  6.87803e+00  6.87847e+00
3.642832544e+00  7.1342992e+00         -inf  1.00779e+05  7.13430e+00  7.13477e+00
3.657403874e+00  5.7012525e+00         -inf  1.00779e+05  5.70125e+00  5.70175e+00
3.672033490e+00  6.0700386e+00         -inf  1.00779e+05  6.07004e+00  6.07057e+00
3.686721624e+00  6.2089560e+00         -inf  1.00779e+05  6.20896e+00  6.20952e+00
3.701468510e+00  5.6862829e+00         -inf  1.00779e+05  5.68628e+00  5.68688e+00
3.716274384e+00  6.2242613e+00         -inf  1.00779e+05  6.22426e+00  6.22489e+00
3.731139482e+00  6.6058281e+00         -inf  1.00779e+05  6.60583e+00  6.60650e+00
3.746064040e+00  6.2996373e+00         -inf  1.00779e+05  6.29964e+00  6.30035e+00
3.761048296e+00  6.0983381e+00         -inf  1.00779e+05  6.09834e+00  6.09909e+00
3.776092489e+00  6.3477732e+00         -inf  1.00779e+05  6.34777e+00  6.34857e+00
3.791196859e+00  6.9694381e+00         -inf  1.00779e+05  6.96944e+00  6.97028e+00
3.806361647e+00  7.2815311e+00         -inf  1.00779e+05  7.28153e+00  7.28243e+00
3.821587093e+00  7.0762886e+00         -inf  1.00779e+05  7.07629e+00  7.07724e+00
3.836873442e+00  7.8906439e+00         -inf  1.00779e+05  7.89064e+00  7.89165e+00
3.852220935e+00  8.8641125e+00         -inf  1.00779e+05  8.86411e+00  8.86519e+00
3.867629819e+00  1.1482261e+01         -inf  1.00779e+05  1.14823e+01  1.14834e+01
3.883100338e+00  1.3487100e+01         -inf  1.00779e+05  1.34871e+01  1.34883e+01
3.898632740e+00  1.2128463e+01         -inf  1.00779e+05  1.21285e+01  1.21297e+01
3.914227271e+00  1.2983669e+01         -inf  1.00779e+05  1.29837e+01  1.29850e+01
3.929884180e+00  1.2392575e+01         -inf  1.00779e+05  1.23926e+01  1.23940e+01
3.945603716e+00  1.1383665e+01         -inf  1.00779e+05  1.13837e+01  1.13852e+01
3.961386131e+00  1.0937144e+01         -inf  1.00779e+05  1.09371e+01  1.09388e+01
3.977231676e+00  1.1439158e+01         -inf  1.00779e+05  1.14392e+01  1.14409e+01
3.993140603e+00  1.1840621e+01         -inf  1.00779e+05  1.18406e+01  1.18425e+01
4.009113165e+00  1.2702086e+01         -inf  1.00779e+05  1.27021e+01  1.27041e+01
4.025149618e+00  1.3730448e+01         -inf  1.00779e+05  1.37304e+01  1.37325e+01
4.041250216e+00  1.4760691e+01         -inf  1.00779e+05  1.47607e+01  1.47629e+01
4.057415217e+00  1.5019062e+01         -inf  1.00779e+05  1.50191e+01  1.50214e+01
4.073644878e+00  1.5691332e+01         -inf  1.00779e+05  1.56913e+01  1.56938e+01
4.089939457e+00  1.6095880e+01         -inf  1.00779e+05  1.60959e+01  1.60985e+01
4.106299215e+00  1.6216318e+01         -inf  1.00779e+05  1.62163e+01  1.62190e+01
4.122724412e+00  1.6415027e+01         -inf  1.00779e+05  1.64150e+01  1.64179e+01
4.139215310e+00  1.6659753e+01         -inf  1.00779e+05  1.66598e+01  1.66627e+01
4.155772171e+00  1.6862776e+01         -inf  1.00779e+05  1.68628e+01  1.68659e+01
4.172395260e+00  1.8031972e+01         -inf  1.00779e+05  1.80320e+01  1.80348e+01
4.189084841e+00  2.3055482e+01         -inf  1.00779e+05  2.30555e+01  2.30565e+01
4.205841180e+00  3.2403950e+01         -inf  1.00779e+05  3.24040e+01  3.24041e+01
4.222664545e+00  4.0412459e+01         -inf  1.00779e+05  4.04125e+01  4.04125e+01
4.239555203e+00  4.3613578e+01         -inf  1.00779e+05  4.36136e+01  4.36137e+01
4.256513424e+00  4.1634910e+01         -inf  1.00779e+05  4.16349e+01  4.16350e+01
4.273539477e+00  4.3314662e+01         -inf  1.00779e+05  4.33147e+01  4.33148e+01
4.290633635e+00  4.2014293e+01         -inf  1.00779e+05  4.20143e+01  4.20144e+01
4.307796170e+00  3.9273451e+01         -inf  1.00779e+05  3.92735e+01  3.92736e+01
4.325027355e+00  3.5789791e+01         -inf  1.00779e+05  3.57898e+01  3.57899e+01
4.342327464e+00  3.3250014e+01         -inf  1.00779e+05  3.32500e+01  3.32502e+01
4.359696774e+00  3.2101835e+01         -inf  1.00779e+05  3.21018e+01  3.21020e+01
4.377135561e+00  2.9825484e+01         -inf  1.00779e+05  2.98255e+01  2.98259e+01
4.394644103e+00  2.9861958e+01         -inf  1.00779e+05  2.98620e+01  2.98623e+01
4.412222680e+00  2.9036304e+01         -inf  1.00779e+05  2.90363e+01  2.90367e+01
4.429871570e+00  2.6831584e+01         -inf  1.00779e+05  2.68316e+01  2.68326e+01
4.447591057e+00  2.3447640e+01         -inf  1.00779e+05  2.34476e+01  2.34504e+01
4.465381421e+00  2.2982270e+01         -inf  1.00779e+05  2.29823e+01  2.29852e+01
4.483242946e+00  2.2990556e+01         -inf  1.00779e+05  2.29906e+01  2.29939e+01
4.501175918e+00  2.1067153e+01         -inf  1.00779e+05  2.10672e+01  2.10725e+01
4.519180622e+00  2.2469279e+01         -inf  1.00779e+05  2.24693e+01  2.24736e+01
4.537257344e+00  2.1213940e+01         -inf  1.00779e+05  2.12139e+01  2.12196e+01
4.555406374e+00  1.9307418e+01         -inf  1.00779e+05  1.93074e+01  1.93150e+01
4.573627999e+00  1.7143377e+01         -inf  1.00779e+05  1.71434e+01  1.71527e+01
4.591922511e+00  1.4089272e+01         -inf  1.00779e+05  1.40893e+01  1.40999e+01
4.610290201e+00  1.2337636e+01         -inf  1.00779e+05  1.23376e+01  1.23487e+01
4.628731362e+00  1.0905848e+01         -inf  1.00779e+05  1.09058e+01  1.09172e+01
4.647246288e+00  9.7225507e+00         -inf  1.00779e+05  9.72255e+00  9.73433e+00
4.665835273e+00  8.6830985e+00         -inf  1.00779e+05  8.68310e+00  8.69535e+00
4.684498614e+00  8.9192928e+00         -inf  1.00779e+05  8.91929e+00  8.93204e+00
4.703236608e+00  1.6357655e+01         -inf  1.00779e+05  1.63577e+01  1.63705e+01
4.722049555e+00  1.7673089e+01         -inf  1.00779e+05  1.76731e+01  1.76863e+01
4.740937753e+00  1.5406271e+01         -inf  1.00779e+05  1.54063e+01  1.54205e+01
4.759901504e+00  1.5748709e+01         -inf  1.00779e+05  1.57487e+01  1.57634e+01
4.778941110e+00  1.5385341e+01         -inf  1.00779e+05  1.53853e+01  1.54009e+01
4.798056874e+00  1.4522552e+01         -inf  1.00779e+05  1.45226e+01  1.45389e+01
4.817249102e+00  1.7651531e+01         -inf  1.00779e+05  1.76515e+01  1.76665e+01
4.836518098e+00  1.5047452e+01         -inf  1.00779e+05  1.50475e+01  1.50651e+01
4.855864171e+00  1.4791210e+01         -inf  1.00779e+05  1.47912e+01  1.48094e+01
4.875287627e+00  1.2649735e+01         -inf  1.00779e+05  1.26497e+01  1.26695e+01
4.894788778e+00  1.0178497e+01         -inf  1.00779e+05  1.01785e+01  1.01994e+01
4.914367933e+00  9.4757178e+00         -inf  1.00779e+05  9.47572e+00  9.49736e+00
4.934025405e+00  7.5555496e+00         -inf  1.00779e+05  7.55555e+00  7.57801e+00
4.953761506e+00  7.4652386e+00         -inf  1.00779e+05  7.46524e+00  7.48868e+00
4.973576552e+00  6.5165013e+00         -inf  1.00779e+05  6.51650e+00  6.54095e+00
4.993470859e+00  5.8944364e+00         -inf  1.00779e+05  5.89444e+00  5.91992e+00
5.013444742e+00  4.8797867e+00         -inf  1.00779e+05  4.87979e+00  4.90635e+00
5.033498521e+00  4.8265069e+00         -inf  1.00779e+05  4.82651e+00  4.85422e+00
5.053632515e+00  4.8823557e+00         -inf  1.00779e+05  4.88236e+00  4.91127e+00
5.073847045e+00  5.1994902e+00         -inf  1.00779e+05  5.19949e+00  5.22967e+00
5.094142433e+00  5.6963330e+00         -inf  1.00779e+05  5.69633e+00  5.72783e+00
5.114519003e+00  5.7776319e+00         -inf  1.00779e+05  5.77763e+00  5.81044e+00
5.134977079e+00  5.2515958e+00         -inf  1.00779e+05  5.25160e+00  5.28575e+00
5.155516987e+00  6.1016807e+00         -inf  1.00779e+05  6.10168e+00  6.13730e+00
5.176139055e+00  1.1142667e+01         -inf  1.00779e+05  1.11427e+01  1.11790e+01
5.196843612e+00  8.6358688e+00         -inf  1.00779e+05  8.63587e+00  8.67446e+00
5.217630986e+00  9.8704776e+00         -inf  1.00779e+05  9.87048e+00  9.91082e+00
5.238501510e+00  8.8423091e+00         -inf  1.00779e+05  8.84231e+00  8.88455e+00
5.259455516e+00  7.7433499e+00         -inf  1.00779e+05  7.74335e+00  7.78739e+00
5.280493338e+00  6.5682594e+00         -inf  1.00779e+05  6.56826e+00  6.61388e+00
5.301615311e+00  6.1289449e+00         -inf  1.00779e+05  6.12894e+00  6.17628e+00
5.322821773e+00  6.8586533e+00         -inf  1.00779e+05  6.85865e+00  6.90790e+00
5.344113060e+00  6.0586012e+00         -inf  1.00779e+05  6.05860e+00  6.10984e+00
5.365489512e+00  6.0817425e+00         -inf  1.00779e+05  6.08174e+00  6.13507e+00
5.386951470e+00  5.9756746e+00         -inf  1.00779e+05  5.97567e+00  6.03116e+00
5.408499276e+00  5.9052600e+00         -inf  1.00779e+05  5.90526e+00  5.96296e+00
5.430133273e+00  5.9277206e+00         -inf  1.00779e+05  5.92772e+00  5.98772e+00
5.451853806e+00  6.0279601e+00         -inf  1.00779e+05  6.02796e+00  6.09037e+00
5.473661221e+00  6.1947007e+00         -inf  1.00779e+05  6.19470e+00  6.25961e+00
5.495555866e+00  6.4168140e+00         -inf  1.00779e+05  6.41681e+00  6.48432e+00
5.517538090e+00  6.6140743e+00         -inf  1.00779e+05  6.61407e+00  6.68428e+00
5.539608242e+00  6.6986448e+00         -inf  1.00779e+05  6.69864e+00  6.77167e+00
5.561766675e+00  6.7070366e+00         -inf  1.00779e+05  6.70704e+00  6.78300e+00
5.584013742e+00  6.8871936e+00         -inf  1.00779e+05  6.88719e+00  6.96618e+00
5.606349797e+00  7.0446799e+00         -inf  1.00779e+05  7.04468e+00  7.12681e+00
5.628775196e+00  7.1256169e+00         -inf  1.00779e+05  7.12562e+00  7.21102e+00
5.651290297e+00  7.2045217e+00         -inf  1.00779e+05  7.20452e+00  7.29333e+00
5.673895458e+00  7.3247663e+00         -inf  1.00779e+05  7.32477e+00  7.41711e+00
5.696591040e+00  7.4234458e+00         -inf  1.00779e+05  7.42345e+00  7.51945e+00
5.719377404e+00  7.7844922e+00         -inf  1.00779e+05  7.78449e+00  7.88428e+00
5.742254913e+00  8.7678068e+00         -inf  1.00779e+05  8.76781e+00  8.87138e+00
5.765223933e+00  8.9842374e+00         -inf  1.00779e+05  8.98424e+00  9.09192e+00
5.788284829e+00  8.5300891e+00         -inf  1.00779e+05  8.53009e+00  8.64223e+00
5.811437968e+00  8.7406909e+00         -inf  1.00779e+05  8.74069e+00  8.85732e+00
5.834683720e+00  9.0818754e+00         -inf  1.00779e+05  9.08188e+00  9.20308e+00
5.858022455e+00  8.9214055e+00         -inf  1.00779e+05  8.92141e+00  9.04744e+00
5.881454545e+00  8.6904617e+00         -inf  1.00779e+05  8.69046e+00  8.82147e+00
5.904980363e+00  8.5342379e+00         -inf  1.00779e+05  8.53424e+00  8.67033e+00
5.928600284e+00  8.4773845e+00         -inf  1.00779e+05  8.47738e+00  8.61867e+00
5.952314685e+00  8.5237706e+00         -inf  1.00779e+05  8.52377e+00  8.67039e+00
5.976123944e+00  8.5049985e+00         -inf  1.00779e+05  8.50500e+00  8.65696e+00
6.000028440e+00  8.5751508e+00         -inf  1.00779e+05  8.57515e+00  8.73257e+00
6.024028554e+00  8.5466774e+00         -inf  1.00779e+05  8.54668e+00  8.70962e+00
6.048124668e+00  8.5842743e+00         -inf  1.00779e+05  8.58427e+00  8.75279e+00
6.072317167e+00  8.5881956e+00         -inf  1.00779e+05  8.58820e+00  8.76239e+00
6.096606435e+00  8.5571612e+00         -inf  1.00779e+05  8.55716e+00  8.73716e+00
6.120992861e+00  8.5890977e+00         -inf  1.00779e+05  8.58910e+00  8.77500e+00
6.145476832e+00  8.5006892e+00         -inf  1.00779e+05  8.50069e+00  8.69261e+00
6.170058740e+00  8.5199053e+00         -inf  1.00779e+05  8.51991e+00  8.71798e+00
6.194738975e+00  8.4549425e+00         -inf  1.00779e+05  8.45494e+00  8.65946e+00
6.219517931e+00  8.4645433e+00         -inf  1.00779e+05  8.46454e+00  8.67579e+00
6.244396002e+00  8.4044842e+00         -inf  1.00779e+05  8.40448e+00  8.62286e+00
6.269373586e+00  8.2781514e+00         -inf  1.00779e+05  8.27815e+00  8.50409e+00
6.294451081e+00  8.5361915e+00         -inf  1.00779e+05  8.53619e+00  8.76996e+00
6.319628885e+00  8.3547179e+00         -inf  1.00779e+05  8.35472e+00  8.59685e+00
6.344907401e+00  8.6404328e+00         -inf  1.00779e+05  8.64043e+00  8.89110e+00
6.370287030e+00  8.4860970e+00         -inf  1.00779e+05  8.48610e+00  8.74571e+00
6.395768178e+00  8.6545586e+00         -inf  1.00779e+05  8.65456e+00  8.92329e+00
6.421351251e+00  8.7172107e+00         -inf  1.00779e+05  8.71721e+00  8.99527e+00
6.447036656e+00  8.8945432e+00         -inf  1.00779e+05  8.89454e+00  9.18203e+00
6.472824803e+00  9.1972079e+00         -inf  1.00779e+05  9.19721e+00  9.49409e+00
6.498716102e+00  1.0353974e+01         -inf  1.00779e+05  1.03540e+01  1.06599e+01
6.524710966e+00  9.1273699e+00         -inf  1.00779e+05  9.12737e+00  9.44298e+00
6.550809810e+00  8.4397603e+00         -inf  1.00779e+05  8.43976e+00  8.76522e+00
6.577013049e+00  8.3573858e+00         -inf  1.00779e+05  8.35739e+00  8.69259e+00
6.603321102e+00  8.2746233e+00         -inf  1.00779e+05  8.27462e+00  8.61965e+00
6.629734386e+00  8.1650811e+00         -inf  1.00779e+05  8.16508e+00  8.52012e+00
6.656253324e+00  8.2365069e+00         -inf  1.00779e+05  8.23651e+00  8.60172e+00
6.682878337e+00  8.0272428e+00         -inf  1.00779e+05  8.02724e+00  8.40297e+00
6.709609850e+00  7.9424335e+00         -inf  1.00779e+05  7.94243e+00  8.32885e+00
6.736448290e+00  8.0030985e+00         -inf  1.00779e+05  8.00310e+00  8.40046e+00
6.763394083e+00  7.6638923e+00         -inf  1.00779e+05  7.66389e+00  8.07258e+00
6.790447659e+00  8.1990643e+00         -inf  1.00779e+05  8.19906e+00  8.61906e+00
6.817609450e+00  7.6595003e+00         -inf  1.00779e+05  7.65950e+00  8.09141e+00
6.844879888e+00  7.5792144e+00         -inf  1.00779e+05  7.57921e+00  8.02322e+00
6.872259407e+00  7.4656720e+00         -inf  1.00779e+05  7.46567e+00  7.92226e+00
6.899748445e+00  7.5639530e+00         -inf  1.00779e+05  7.56395e+00  8.03369e+00
6.927347438e+00  7.1773317e+00         -inf  1.00779e+05  7.17733e+00  7.66006e+00
6.955056828e+00  6.8632675e+00         -inf  1.00779e+05  6.86327e+00  7.35925e+00
6.982877056e+00  6.9324604e+00         -inf  1.00779e+05  6.93246e+00  7.44268e+00
7.010808564e+00  6.7538929e+00         -inf  1.00779e+05  6.75389e+00  7.27828e+00
7.038851798e+00  6.3614121e+00         -inf  1.00779e+05  6.36141e+00  6.90000e+00
7.067007205e+00  6.2378972e+00         -inf  1.00779e+05  6.23790e+00  6.79153e+00
7.095275234e+00  6.1451910e+00         -inf  1.00779e+05  6.14519e+00  6.71425e+00
7.123656335e+00  5.9115181e+00         -inf  1.00779e+05  5.91152e+00  6.49649e+00
7.152150960e+00  5.9455852e+00         -inf  1.00779e+05  5.94559e+00  6.54700e+00
7.180759564e+00  5.8923820e+00         -inf  1.00779e+05  5.89238e+00  6.51101e+00
7.209482602e+00  6.3323287e+00         -inf  1.00779e+05  6.33233e+00  6.96906e+00
7.238320533e+00  6.9813764e+00         -inf  1.00779e+05  6.98138e+00  7.63896e+00
7.267273815e+00  7.8929365e+00         -inf  1.00779e+05  7.89294e+00  8.57158e+00
7.296342910e+00  7.8335251e+00         -inf  1.00779e+05  7.83353e+00  8.53190e+00
7.325528282e+00  9.5037936e+00         -inf  1.00779e+05  9.50379e+00  1.02233e+01
7.354830395e+00  1.1095496e+01         -inf  1.00779e+05  1.10955e+01  1.18279e+01
7.384249717e+00  1.2485606e+01         -inf  1.00779e+05  1.24856e+01  1.32115e+01
7.413786715e+00  1.1730365e+01         -inf  1.00779e+05  1.17304e+01  1.24731e+01
7.443441862e+00  1.3189450e+01         -inf  1.00779e+05  1.31894e+01  1.39223e+01
7.473215630e+00  1.2779528e+01         -inf  1.00779e+05  1.27795e+01  1.35422e+01
7.503108492e+00  1.3430027e+01         -inf  1.00779e+05  1.34300e+01  1.41858e+01
7.533120926e+00  1.2664154e+01         -inf  1.00779e+05  1.26642e+01  1.34641e+01
7.563253410e+00  1.1035157e+01         -inf  1.00779e+05  1.10352e+01  1.19016e+01
7.593506424e+00  1.1074802e+01         -inf  1.00779e+05  1.10748e+01  1.19864e+01
7.623880449e+00  1.3054769e+01         -inf  1.00779e+05  1.30548e+01  1.39847e+01
7.654375971e+00  1.8586391e+01         -inf  1.00779e+05  1.85864e+01  1.93079e+01
7.684993475e+00  1.9598779e+01         -inf  1.00779e+05  1.95988e+01  2.03363e+01
7.715733449e+00  1.8424956e+01         -inf  1.00779e+05  1.84250e+01  1.92671e+01
7.746596383e+00  1.7063500e+01         -inf  1.00779e+05  1.70635e+01  1.79854e+01
7.777582768e+00  1.5077077e+01         -inf  1.00779e+05  1.50771e+01  1.60744e+01
7.808693099e+00  1.6422889e+01         -inf  1.00779e+05  1.64229e+01  1.74228e+01
7.839927872e+00  1.7268654e+01         -inf  1.00779e+05  1.72687e+01  1.82623e+01
7.871287583e+00  1.7060798e+01         -inf  1.00779e+05  1.70608e+01  1.80678e+01
7.902772733e+00  1.5644237e+01         -inf  1.00779e+05  1.56442e+01  1.67313e+01
7.934383824e+00  1.4447796e+01         -inf  1.00779e+05  1.44478e+01  1.55932e+01
7.966121360e+00  1.2307469e+01         -inf  1.00779e+05  1.23075e+01  1.35318e+01
7.997985845e+00  1.0486876e+01         -inf  1.00779e+05  1.04869e+01  1.17516e+01
8.029977788e+00  1.0358714e+01         -inf  1.00779e+05  1.03587e+01  1.16646e+01
8.062097700e+00  8.7577910e+00         -inf  1.00779e+05  8.75779e+00  1.01052e+01
8.094346090e+00  7.6413782e+00         -inf  1.00779e+05  7.64138e+00  9.02074e+00
8.126723475e+00  6.4691528e+00         -inf  1.00779e+05  6.46915e+00  7.88076e+00
8.159230369e+00  5.6866850e+00         -inf  1.00779e+05  5.68668e+00  7.12979e+00
8.191867290e+00  6.2143885e+00         -inf  1.00779e+05  6.21439e+00  7.69809e+00
8.224634759e+00  4.8505399e+00         -inf  1.00779e+05  4.85054e+00  6.36058e+00
8.257533298e+00  4.8624221e+00         -inf  1.00779e+05  4.86242e+00  6.41076e+00
8.290563432e+00  4.0221772e+00         -inf  1.00779e+05  4.02218e+00  5.60065e+00
8.323725685e+00  4.7749623e+00         -inf  1.00779e+05  4.77496e+00  6.39583e+00
8.357020588e+00  5.0551277e+00         -inf  1.00779e+05  5.05513e+00  6.71459e+00
8.390448670e+00  6.0859044e+00         -inf  1.00779e+05  6.08590e+00  7.78943e+00
8.424010465e+00  6.6216933e+00         -inf  1.00779e+05  6.62169e+00  8.36508e+00
8.457706507e+00  7.6747978e+00         -inf  1.00779e+05  7.67480e+00  9.45845e+00
8.491537333e+00  7.5250364e+00         -inf  1.00779e+05  7.52504e+00  9.35004e+00
8.525503482e+00  7.3401671e+00         -inf  1.00779e+05  7.34017e+00  9.20485e+00
8.559605496e+00  5.5639741e+00         -inf  1.00779e+05  5.56397e+00  7.46983e+00
8.593843918e+00  7.0729553e+00         -inf  1.00779e+05  7.07296e+00  9.02392e+00
8.628219294e+00  7.6682153e+00         -inf  1.00779e+05  7.66822e+00  9.66695e+00
8.662732171e+00  7.6842619e+00         -inf  1.00779e+05  7.68426e+00  9.73185e+00
8.697383100e+00  7.4685219e+00         -inf  1.00779e+05  7.46852e+00  9.56491e+00
8.732172632e+00  6.6166862e+00         -inf  1.00779e+05  6.61669e+00  8.75920e+00
8.767101323e+00  5.7363112e+00         -inf  1.00779e+05  5.73631e+00  7.92301e+00
8.802169728e+00  5.4944254e+00         -inf  1.00779e+05  5.49443e+00  7.72393e+00
8.837378407e+00  5.3212154e+00         -inf  1.00779e+05  5.32122e+00  7.59529e+00
8.872727920e+00  5.0113847e+00         -inf  1.00779e+05  5.01138e+00  7.33357e+00
8.908218832e+00  5.0158184e+00         -inf  1.00779e+05  5.01582e+00  7.38901e+00
8.943851707e+00  4.9628505e+00         -inf  1.00779e+05  4.96285e+00  7.38799e+00
8.979627114e+00  4.5194910e+00         -inf  1.00779e+05  4.51949e+00  7.00134e+00
9.015545623e+00  3.9548393e+00         -inf  1.00779e+05  3.95484e+00  6.49530e+00
9.051607805e+00  4.0736047e+00         -inf  1.00779e+05  4.07360e+00  6.67065e+00
9.087814236e+00  4.1652792e+00         -inf  1.00779e+05  4.16528e+00  6.81859e+00
9.124165493e+00  4.3182767e+00         -inf  1.00779e+05  4.31828e+00  7.03023e+00
9.160662155e+00  4.6967568e+00         -inf  1.00779e+05  4.69676e+00  7.47171e+00
9.197304804e+00  5.4686920e+00         -inf  1.00779e+05  5.46869e+00  8.31321e+00
9.234094023e+00  5.2993565e+00         -inf  1.00779e+05  5.29936e+00  8.22281e+00
9.271030399e+00  5.3983842e+00         -inf  1.00779e+05  5.39838e+00  8.39466e+00
9.308114521e+00  5.5555184e+00         -inf  1.00779e+05  5.55552e+00  8.61210e+00
9.345346979e+00  5.8533749e+00         -inf  1.00779e+05  5.85337e+00  8.96405e+00
9.382728367e+00  1.1932692e+01         -inf  1.00779e+05  1.19327e+01  1.50096e+01
9.420259280e+00  2.1172333e+01         -inf  1.00779e+05  2.11723e+01  2.40315e+01
9.457940318e+00  2.4671591e+01         -inf  1.00779e+05  2.46716e+01  2.73101e+01
9.495772079e+00  2.6832523e+01         -inf  1.00779e+05  2.68325e+01  2.93335e+01
9.533755167e+00  2.5201999e+01         -inf  1.00779e+05  2.52020e+01  2.78864e+01
9.571890188e+00  1.6872155e+01         -inf  1.00779e+05  1.68722e+01  2.00681e+01
9.610177749e+00  2.4643355e+01         -inf  1.00779e+05  2.46434e+01  2.74782e+01
9.648618460e+00  2.5580313e+01         -inf  1.00779e+05  2.55803e+01  2.85643e+01
9.687212933e+00  2.3243254e+01         -inf  1.00779e+05  2.32433e+01  2.63637e+01
9.725961785e+00  2.2256013e+01         -inf  1.00779e+05  2.22560e+01  2.54322e+01
9.764865632e+00  2.2176338e+01         -inf  1.00779e+05  2.21763e+01  2.54580e+01
9.803925095e+00  2.0798550e+01         -inf  1.00779e+05  2.07985e+01  2.42649e+01
9.843140795e+00  1.8715747e+01         -inf  1.00779e+05  1.87157e+01  2.23546e+01
9.882513358e+00  1.5634658e+01         -inf  1.00779e+05  1.56347e+01  1.94909e+01
9.922043412e+00  1.2641799e+01         -inf  1.00779e+05  1.26418e+01  1.66615e+01
9.961731585e+00  9.7822329e+00         -inf  1.00779e+05  9.78223e+00  1.39481e+01
1.000157851e+01  6.9958849e+00         -inf  1.00779e+05  6.99588e+00  1.12903e+01
1.004158483e+01  4.3095067e+00         -inf  1.00779e+05  4.30951e+00  8.71753e+00
1.008175117e+01  3.2168777e+00         -inf  1.00779e+05  3.21688e+00  7.72647e+00
1.012207817e+01  1.8628068e+00         -inf  1.00779e+05  1.86281e+00  6.46820e+00
1.016256648e+01  1.4062872e+00         -inf  1.00779e+05  1.40629e+00  6.11416e+00
1.020321675e+01  1.2744998e+00         -inf  1.00779e+05  1.27450e+00  6.08940e+00
1.024402962e+01  1.2392351e+00         -inf  1.00779e+05  1.23924e+00  6.15674e+00
1.028500573e+01  1.2516926e+00         -inf  1.00779e+05  1.25169e+00  6.27013e+00
1.032614576e+01  1.3154576e+00         -inf  1.00779e+05  1.31546e+00  6.43033e+00
1.036745034e+01  9.1870575e-01         -inf  1.00779e+05  9.18706e-01  6.10751e+00
1.040892014e+01 -1.6200713e-01         -inf  1.00779e+05 -1.62007e-01  5.09959e+00
1.045055582e+01  3.5191842e-01         -inf  1.00779e+05  3.51918e-01  5.73221e+00
1.049235805e+01  2.4169950e-01         -inf  1.00779e+05  2.41700e-01  5.72576e+00
1.053432748e+01  1.8866503e-01         -inf  1.00779e+05  1.88665e-01  5.77731e+00
1.057646479e+01  2.9910353e-02         -inf  1.00779e+05  2.99104e-02  5.71938e+00
1.061877065e+01 -1.8859601e-01         -inf  1.00779e+05 -1.88596e-01  5.59923e+00
1.066124573e+01 -4.3605395e-01         -inf  1.00779e+05 -4.36054e-01  5.44948e+00
1.070389071e+01 -5.6174035e-01         -inf  1.00779e+05 -5.61740e-01  5.42488e+00
1.074670627e+01 -7.9525077e-02         -inf  1.00779e+05 -7.95251e-02  6.01923e+00
1.078969310e+01 -9.0100091e-01         -inf  1.00779e+05 -9.01001e-01  5.29221e+00
1.083285187e+01 -1.3320810e+00         -inf  1.00779e+05 -1.33208e+00  4.96353e+00
1.087618328e+01 -1.5557474e+00         -inf  1.00779e+05 -1.55575e+00  4.84822e+00
1.091968801e+01 -1.7397188e+00         -inf  1.00779e+05 -1.73972e+00  4.77526e+00
1.096336676e+01 -1.8790459e+00         -inf  1.00779e+05 -1.87905e+00  4.74933e+00
1.100722023e+01 -1.7613618e+00         -inf  1.00779e+05 -1.76136e+00  4.98607e+00
1.105124911e+01 -2.1337830e+00         -inf  1.00779e+05 -2.13378e+00  4.72631e+00
1.109545411e+01 -2.2598872e+00         -inf  1.00779e+05 -2.25989e+00  4.71834e+00
1.113983593e+01 -2.3996570e+00         -inf  1.00779e+05 -2.39966e+00  4.69799e+00
1.118439527e+01 -2.4774101e+00         -inf  1.00779e+05 -2.47741e+00  4.74208e+00
1.122913285e+01 -2.5378249e+00         -inf  1.00779e+05 -2.53782e+00  4.80542e+00
1.127404938e+01 -2.7071381e+00         -inf  1.00779e+05 -2.70714e+00  4.75978e+00
1.131914558e+01 -2.9351172e+00         -inf  1.00779e+05 -2.93512e+00  4.65568e+00
1.136442216e+01 -3.0656024e+00         -inf  1.00779e+05 -3.06560e+00  4.65243e+00
1.140987985e+01 -3.1939066e+00         -inf  1.00779e+05 -3.19391e+00  4.65295e+00
1.145551937e+01 -3.2243959e+00         -inf  1.00779e+05 -3.22440e+00  4.75448e+00
1.150134145e+01 -3.3669697e+00         -inf  1.00779e+05 -3.36697e+00  4.74379e+00
1.154734681e+01 -3.4805096e+00         -inf  1.00779e+05 -3.48051e+00  4.76443e+00
1.159353620e+01 -3.6984614e+00         -inf  1.00779e+05 -3.69846e+00  4.67983e+00
1.163991035e+01 -3.8618975e+00         -inf  1.00779e+05 -3.86190e+00  4.65193e+00
1.168646999e+01 -3.9416965e+00         -inf  1.00779e+05 -3.94170e+00  4.71145e+00
1.173321587e+01 -3.9485387e+00         -inf  1.00779e+05 -3.94854e+00  4.84708e+00
1.178014873e+01 -4.2040854e+00         -inf  1.00779e+05 -4.20409e+00  4.73037e+00
1.182726932e+01 -4.3516875e+00         -inf  1.00779e+05 -4.35169e+00  4.72555e+00
1.187457840e+01 -4.5432321e+00         -inf  1.00779e+05 -4.54323e+00  4.67724e+00
1.192207672e+01 -4.6847082e+00         -inf  1.00779e+05 -4.68471e+00  4.68175e+00
1.196976502e+01 -4.7656278e+00         -inf  1.00779e+05 -4.76563e+00  4.74999e+00
1.201764408e+01 -4.8565485e+00         -inf  1.00779e+05 -4.85655e+00  4.80977e+00
1.206571466e+01 -4.8215375e+00         -inf  1.00779e+05 -4.82154e+00  5.00595e+00
1.211397752e+01 -5.1393576e+00         -inf  1.00779e+05 -5.13936e+00  4.83234e+00
1.216243343e+01 -5.2133452e+00         -inf  1.00779e+05 -5.21335e+00  4.91633e+00
1.221108316e+01 -5.2261567e+00         -inf  1.00779e+05 -5.22616e+00  5.06767e+00
1.225992749e+01 -5.1648939e+00         -inf  1.00779e+05 -5.16489e+00  5.29892e+00
1.230896720e+01 -5.1677322e+00         -inf  1.00779e+05 -5.16773e+00  5.46747e+00
1.235820307e+01 -5.1567264e+00         -inf  1.00779e+05 -5.15673e+00  5.65266e+00
1.240763589e+01 -5.1465619e+00         -inf  1.00779e+05 -5.14656e+00  5.83680e+00
1.245726643e+01 -5.2290019e+00         -inf  1.00779e+05 -5.22900e+00  5.92425e+00
1.250709549e+01 -5.3308151e+00         -inf  1.00779e+05 -5.33082e+00  5.98531e+00
1.255712388e+01 -5.5540523e+00         -inf  1.00779e+05 -5.55405e+00  5.91977e+00
1.260735237e+01 -4.2707214e+00         -inf  1.00779e+05 -4.27072e+00  7.55646e+00
1.265778178e+01 -4.9599632e+00         -inf  1.00779e+05 -4.95996e+00  6.97946e+00
1.270841291e+01 -6.1383390e+00         -inf  1.00779e+05 -6.13834e+00  5.82572e+00
1.275924656e+01 -5.9833681e+00         -inf  1.00779e+05 -5.98337e+00  6.17370e+00
1.281028355e+01 -5.9627159e+00         -inf  1.00779e+05 -5.96272e+00  6.38720e+00
1.286152468e+01 -5.9407306e+00         -inf  1.00779e+05 -5.94073e+00  6.59947e+00
1.291297078e+01 -5.9516759e+00         -inf  1.00779e+05 -5.95168e+00  6.78648e+00
1.296462266e+01 -5.3618095e+00         -inf  1.00779e+05 -5.36181e+00  7.62241e+00
1.301648115e+01 -5.5225952e+00         -inf  1.00779e+05 -5.52260e+00  7.71334e+00
1.306854708e+01 -5.1878923e+00         -inf  1.00779e+05 -5.18789e+00  8.31137e+00
1.312082127e+01 -5.0867779e+00         -inf  1.00779e+05 -5.08678e+00  8.73070e+00
1.317330455e+01 -4.4561656e+00         -inf  1.00779e+05 -4.45617e+00  9.70117e+00
1.322599777e+01 -3.5012686e+00         -inf  1.00779e+05 -3.50127e+00  1.09831e+01
1.327890176e+01 -2.9523358e+00         -inf  1.00779e+05 -2.95234e+00  1.17153e+01
1.333201737e+01 -1.3697066e+00         -inf  1.00779e+05 -1.36971e+00  1.33780e+01
1.338534544e+01 -9.4396481e-01         -inf  1.00779e+05 -9.43965e-01  1.38074e+01
1.343888682e+01  9.5237394e-01         -inf  1.00779e+05  9.52374e-01  1.55585e+01
1.349264237e+01  5.9575715e+00         -inf  1.00779e+05  5.95757e+00  1.89615e+01
1.354661294e+01  3.3902789e+00         -inf  1.00779e+05  3.39028e+00  1.74631e+01
1.360079939e+01  4.4164643e+00         -inf  1.00779e+05  4.41646e+00  1.83224e+01
1.365520258e+01  4.3861390e+00         -inf  1.00779e+05  4.38614e+00  1.83607e+01
1.370982339e+01  4.2005295e+00         -inf  1.00779e+05  4.20053e+00  1.86913e+01
1.376466269e+01  2.2987727e+00         -inf  1.00779e+05  2.29877e+00  1.75041e+01
1.381972134e+01  3.8337742e+00         -inf  1.00779e+05  3.83377e+00  1.89123e+01
1.387500022e+01  1.9628806e+01         -inf  1.00779e+05  1.96288e+01  2.79943e+01
1.393050023e+01  7.5766060e+00         -inf  1.00779e+05  7.57661e+00  2.07730e+01
1.398622223e+01  6.1629377e+00         -inf  1.00779e+05  6.16294e+00  2.00127e+01
1.404216712e+01  8.5774088e+00         -inf  1.00779e+05  8.57741e+00  2.12644e+01
1.409833578e+01  9.4403105e+00         -inf  1.00779e+05  9.44031e+00  2.17736e+01
1.415472913e+01  1.2079361e+01         -inf  1.00779e+05  1.20794e+01  2.28868e+01
1.421134804e+01  1.5193593e+01         -inf  1.00779e+05  1.51936e+01  2.47704e+01
1.426819344e+01  1.7372373e+01         -inf  1.00779e+05  1.73724e+01  2.58433e+01
1.432526621e+01  1.9188052e+01         -inf  1.00779e+05  1.91881e+01  2.69502e+01
1.438256727e+01  2.2459684e+01         -inf  1.00779e+05  2.24597e+01  2.92895e+01
1.444009754e+01  2.4113000e+01         -inf  1.00779e+05  2.41130e+01  3.07327e+01
1.449785793e+01  2.4197868e+01         -inf  1.00779e+05  2.41979e+01  3.07055e+01
1.455584937e+01  2.6213739e+01         -inf  1.00779e+05  2.62137e+01  3.26755e+01
1.461407276e+01  2.7604302e+01         -inf  1.00779e+05  2.76043e+01  3.41140e+01
1.467252905e+01  2.7615700e+01         -inf  1.00779e+05  2.76157e+01  3.42252e+01
1.473121917e+01  2.7747409e+01         -inf  1.00779e+05  2.77474e+01  3.44568e+01
1.479014405e+01  2.8845314e+01         -inf  1.00779e+05  2.88453e+01  3.56565e+01
1.484930462e+01  2.8413323e+01         -inf  1.00779e+05  2.84133e+01  3.53348e+01
1.490870184e+01  2.8221541e+01         -inf  1.00779e+05  2.82215e+01  3.52460e+01
1.496833665e+01  3.9721928e+01         -inf  1.00779e+05  3.97219e+01  4.68007e+01
1.502821000e+01  2.9120092e+01         -inf  1.00779e+05  2.91201e+01  3.63679e+01
1.508832284e+01  2.9834559e+01         -inf  1.00779e+05  2.98346e+01  3.72065e+01
1.514867613e+01  2.7634251e+01         -inf  1.00779e+05  2.76343e+01  3.51379e+01
1.520927083e+01  2.6207292e+01         -inf  1.00779e+05  2.62073e+01  3.38302e+01
1.527010791e+01  2.6717053e+01         -inf  1.00779e+05  2.67171e+01  3.44731e+01
1.533118835e+01  2.6758689e+01         -inf  1.00779e+05  2.67587e+01  3.46438e+01
1.539251310e+01  2.7839067e+01         -inf  1.00779e+05  2.78391e+01  3.58470e+01
1.545408315e+01  2.4416514e+01         -inf  1.00779e+05  2.44165e+01  3.27560e+01
1.551589948e+01  2.3700997e+01         -inf  1.00779e+05  2.37010e+01  3.22056e+01
1.557796308e+01  2.1485486e+01         -inf  1.00779e+05  2.14855e+01  3.04953e+01
1.564027493e+01  1.8734584e+01         -inf  1.00779e+05  1.87346e+01  2.85474e+01
1.570283603e+01  1.8226370e+01         -inf  1.00779e+05  1.82264e+01  2.85150e+01
1.576564738e+01  1.5741666e+01         -inf  1.00779e+05  1.57417e+01  2.70835e+01
1.582870997e+01  1.2500500e+01         -inf  1.00779e+05  1.25005e+01  2.55713e+01
1.589202481e+01  1.0218324e+01         -inf  1.00779e+05  1.02183e+01  2.45586e+01
1.595559291e+01  5.1714402e+00         -inf  1.00779e+05  5.17144e+00  2.23655e+01
1.601941528e+01  4.3732524e+00         -inf  1.00779e+05  4.37325e+00  2.23155e+01
1.608349294e+01 -2.4559254e+00         -inf  1.00779e+05 -2.45593e+00  1.94857e+01
1.614782691e+01  3.7374100e-01         -inf  1.00779e+05  3.73741e-01  2.08924e+01
1.621241822e+01  1.0886609e+01         -inf  1.00779e+05  1.08866e+01  2.62071e+01
1.627726789e+01 -3.9092631e+00         -inf  1.00779e+05 -3.90926e+00  1.91726e+01
1.634237696e+01 -6.9496663e+00         -inf  1.00779e+05 -6.94967e+00  1.79873e+01
1.640774647e+01 -4.1938908e+00         -inf  1.00779e+05 -4.19389e+00  1.93046e+01
1.647337746e+01 -5.4276529e+00         -inf  1.00779e+05 -5.42765e+00  1.90317e+01
1.653927097e+01 -7.1090737e+00         -inf  1.00779e+05 -7.10907e+00  1.81296e+01
1.660542805e+01 -8.2390150e+00         -inf  1.00779e+05 -8.23902e+00  1.76117e+01
1.667184976e+01 -1.0447178e+01         -inf  1.00779e+05 -1.04472e+01  1.67949e+01
1.673853716e+01 -5.4208085e+00         -inf  1.00779e+05 -5.42081e+00  1.95233e+01
1.680549131e+01 -1.2530619e+01         -inf  1.00779e+05 -1.25306e+01  1.60018e+01
1.687271328e+01 -1.3805205e+01         -inf  1.00779e+05 -1.38052e+01  1.51811e+01
1.694020413e+01 -1.1303508e+01         -inf  1.00779e+05 -1.13035e+01  1.72666e+01
1.700796495e+01 -1.3370719e+01         -inf  1.00779e+05 -1.33707e+01  1.52286e+01
1.707599681e+01 -1.8198474e+01         -inf  1.00779e+05 -1.81985e+01  1.26562e+01
1.714430079e+01 -1.8873806e+01         -inf  1.00779e+05 -1.88738e+01  1.22706e+01
1.721287800e+01 -1.9280836e+01         -inf  1.00779e+05 -1.92808e+01  1.20505e+01
1.728172951e+01 -1.9286471e+01         -inf  1.00779e+05 -1.92865e+01  1.21091e+01
1.735085643e+01 -2.0088058e+01         -inf  1.00779e+05 -2.00881e+01  1.16834e+01
1.742025985e+01 -2.1046049e+01         -inf  1.00779e+05 -2.10460e+01  1.05781e+01
1.748994089e+01 -2.1594775e+01         -inf  1.00779e+05 -2.15948e+01  1.04853e+01
1.755990065e+01 -2.2174742e+01         -inf  1.00779e+05 -2.21747e+01  9.99897e+00
1.763014026e+01 -2.3547590e+01         -inf  1.00779e+05 -2.35476e+01  8.82738e+00
1.770066082e+01 -2.4114484e+01         -inf  1.00779e+05 -2.41145e+01  8.49229e+00
1.777146346e+01 -2.4648504e+01         -inf  1.00779e+05 -2.46485e+01  8.19534e+00
1.784254932e+01 -2.5669964e+01         -inf  1.00779e+05 -2.56700e+01  7.33739e+00
1.791391951e+01 -2.6573967e+01         -inf  1.00779e+05 -2.65740e+01  6.72005e+00
1.798557519e+01 -2.7141320e+01         -inf  1.00779e+05 -2.71413e+01  6.40092e+00
1.805751749e+01 -2.7709991e+01         -inf  1.00779e+05 -2.77100e+01  6.09959e+00
1.812974756e+01 -2.8188695e+01         -inf  1.00779e+05 -2.81887e+01  5.92112e+00
1.820226655e+01 -2.8551370e+01         -inf  1.00779e+05 -2.85514e+01  5.88033e+00
1.827507562e+01 -2.8498105e+01         -inf  1.00779e+05 -2.84981e+01  6.38962e+00
1.834817592e+01 -2.7154895e+01         -inf  1.00779e+05 -2.71549e+01  9.10572e+00
1.842156862e+01 -2.9535978e+01         -inf  1.00779e+05 -2.95360e+01  5.88464e+00
1.849525490e+01 -2.9944470e+01         -inf  1.00779e+05 -2.99445e+01  5.76847e+00
1.856923592e+01 -3.0085525e+01         -inf  1.00779e+05 -3.00855e+01  6.00069e+00
1.864351286e+01 -3.0389000e+01         -inf  1.00779e+05 -3.03890e+01  6.03524e+00
1.871808691e+01 -3.0704083e+01         -inf  1.00779e+05 -3.07041e+01  6.05837e+00
1.879295926e+01 -3.1036535e+01         -inf  1.00779e+05 -3.10365e+01  6.06518e+00
1.886813110e+01 -3.1485857e+01         -inf  1.00779e+05 -3.14859e+01  5.91334e+00
1.894360362e+01 -3.1662539e+01         -inf  1.00779e+05 -3.16625e+01  6.11815e+00
1.901937804e+01 -3.2089388e+01         -inf  1.00779e+05 -3.20894e+01  5.99858e+00
1.909545555e+01 -3.2477662e+01         -inf  1.00779e+05 -3.24777e+01  5.93322e+00
1.917183737e+01 -3.2771354e+01         -inf  1.00779e+05 -3.27714e+01  5.98883e+00
1.924852472e+01 -3.3180171e+01         -inf  1.00779e+05 -3.31802e+01  5.89746e+00
1.932551882e+01 -3.3483888e+01         -inf  1.00779e+05 -3.34839e+01  5.94631e+00
1.940282089e+01 -3.3842540e+01         -inf  1.00779e+05 -3.38425e+01  5.92402e+00
1.948043218e+01 -3.4187311e+01         -inf  1.00779e+05 -3.41873e+01  5.92159e+00
1.955835391e+01 -3.4510069e+01         -inf  1.00779e+05 -3.45101e+01  5.95108e+00
1.963658732e+01 -3.4826958e+01         -inf  1.00779e+05 -3.48270e+01  5.99130e+00
1.971513367e+01 -3.5172074e+01         -inf  1.00779e+05 -3.51721e+01  5.99304e+00
1.979399421e+01 -3.5515807e+01         -inf  1.00779e+05 -3.55158e+01  5.99885e+00
1.987317018e+01 -3.5848036e+01         -inf  1.00779e+05 -3.58480e+01  6.02271e+00
1.995266286e+01 -3.6180772e+01         -inf  1.00779e+05 -3.61808e+01  6.04802e+00
