# WARNING | GENERATOR | Too many electrons per pixel (up to 9.04e+13) detected in the 1.54-19.95 um spectral range. Reduce exposure time per frame to less than 0.000 seconds.
# ------------------------------------------------------------------------
# Radiance spectrum
# NASA-GSFC Planetary Spectrum Generator (PSG) (Villanueva et al. 2018, 2022)
# Synthesized on Tue Jul 14 13:28:52 2026
# Doppler velocities [km/s] (vobs,vrot+vorb,vwidth,vrfl,vstr): 47.10000,-0.00000,0.03000,0.00000,-0.00000
# ------------------------------------------------------------------------
# Spectra synthesized with the Planetary and Universal Model of Atmospheric Scattering (PUMAS, Villanueva et al. 2018, 2022)
# Single scattering radiative transfer method
# Radiative transfer took 5.942 seconds
# ------------------------------------------------------------------------
# Spectral unit: Wavelength [um]
# Radiance unit: Contrast [transit atmospheric thickness, km]
# Wave/freq Total Noise Stellar Proxima-Centauri-b Transit
2.000000000e-01  4.0723816e+01         -inf  1.00779e+05  4.07238e+01  4.07238e+01
2.008000000e-01  4.0624989e+01         -inf  1.00779e+05  4.06250e+01  4.06250e+01
2.016032000e-01  4.0553003e+01         -inf  1.00779e+05  4.05530e+01  4.05530e+01
2.024096128e-01  4.0487879e+01         -inf  1.00779e+05  4.04879e+01  4.04879e+01
2.032192513e-01  4.0426100e+01         -inf  1.00779e+05  4.04261e+01  4.04261e+01
2.040321283e-01  4.0383417e+01         -inf  1.00779e+05  4.03834e+01  4.03834e+01
2.048482568e-01  4.0343286e+01         -inf  1.00779e+05  4.03433e+01  4.03433e+01
2.056676498e-01  4.0324893e+01         -inf  1.00779e+05  4.03249e+01  4.03249e+01
2.064903204e-01  4.0321637e+01         -inf  1.00779e+05  4.03216e+01  4.03216e+01
2.073162817e-01  4.0319612e+01         -inf  1.00779e+05  4.03196e+01  4.03196e+01
2.081455468e-01  4.0327357e+01         -inf  1.00779e+05  4.03274e+01  4.03274e+01
2.089781290e-01  4.0335190e+01         -inf  1.00779e+05  4.03352e+01  4.03352e+01
2.098140415e-01  4.0367664e+01         -inf  1.00779e+05  4.03677e+01  4.03677e+01
2.106532977e-01  4.0431292e+01         -inf  1.00779e+05  4.04313e+01  4.04313e+01
2.114959109e-01  4.0491136e+01         -inf  1.00779e+05  4.04911e+01  4.04911e+01
2.123418945e-01  4.0640390e+01         -inf  1.00779e+05  4.06404e+01  4.06404e+01
2.131912621e-01  4.0829680e+01         -inf  1.00779e+05  4.08297e+01  4.08297e+01
2.140440271e-01  4.0862856e+01         -inf  1.00779e+05  4.08629e+01  4.08629e+01
2.149002032e-01  4.0971447e+01         -inf  1.00779e+05  4.09714e+01  4.09714e+01
2.157598041e-01  4.1089099e+01         -inf  1.00779e+05  4.10891e+01  4.10891e+01
2.166228433e-01  4.1198830e+01         -inf  1.00779e+05  4.11988e+01  4.11988e+01
2.174893346e-01  4.1338389e+01         -inf  1.00779e+05  4.13384e+01  4.13384e+01
2.183592920e-01  4.1449875e+01         -inf  1.00779e+05  4.14499e+01  4.14499e+01
2.192327292e-01  4.1576494e+01         -inf  1.00779e+05  4.15765e+01  4.15765e+01
2.201096601e-01  4.1701790e+01         -inf  1.00779e+05  4.17018e+01  4.17018e+01
2.209900987e-01  4.1831924e+01         -inf  1.00779e+05  4.18319e+01  4.18319e+01
2.218740591e-01  4.1961703e+01         -inf  1.00779e+05  4.19617e+01  4.19617e+01
2.227615553e-01  4.2086904e+01         -inf  1.00779e+05  4.20869e+01  4.20869e+01
2.236526016e-01  4.2214654e+01         -inf  1.00779e+05  4.22147e+01  4.22147e+01
2.245472120e-01  4.2347329e+01         -inf  1.00779e+05  4.23473e+01  4.23473e+01
2.254454008e-01  4.2463461e+01         -inf  1.00779e+05  4.24635e+01  4.24635e+01
2.263471824e-01  4.2598154e+01         -inf  1.00779e+05  4.25982e+01  4.25982e+01
2.272525711e-01  4.2719824e+01         -inf  1.00779e+05  4.27198e+01  4.27198e+01
2.281615814e-01  4.2844482e+01         -inf  1.00779e+05  4.28445e+01  4.28445e+01
2.290742278e-01  4.2971690e+01         -inf  1.00779e+05  4.29717e+01  4.29717e+01
2.299905247e-01  4.3081213e+01         -inf  1.00779e+05  4.30812e+01  4.30812e+01
2.309104868e-01  4.3212815e+01         -inf  1.00779e+05  4.32128e+01  4.32128e+01
2.318341287e-01  4.3322949e+01         -inf  1.00779e+05  4.33229e+01  4.33229e+01
2.327614652e-01  4.3447069e+01         -inf  1.00779e+05  4.34471e+01  4.34471e+01
2.336925111e-01  4.3549987e+01         -inf  1.00779e+05  4.35500e+01  4.35500e+01
2.346272811e-01  4.3672431e+01         -inf  1.00779e+05  4.36724e+01  4.36724e+01
2.355657903e-01  4.3768484e+01         -inf  1.00779e+05  4.37685e+01  4.37685e+01
2.365080534e-01  4.3876499e+01         -inf  1.00779e+05  4.38765e+01  4.38765e+01
2.374540856e-01  4.3983544e+01         -inf  1.00779e+05  4.39835e+01  4.39835e+01
2.384039020e-01  4.4077394e+01         -inf  1.00779e+05  4.40774e+01  4.40774e+01
2.393575176e-01  4.4168780e+01         -inf  1.00779e+05  4.41688e+01  4.41688e+01
2.403149477e-01  4.4268609e+01         -inf  1.00779e+05  4.42686e+01  4.42686e+01
2.412762074e-01  4.4343545e+01         -inf  1.00779e+05  4.43435e+01  4.43435e+01
2.422413123e-01  4.4424285e+01         -inf  1.00779e+05  4.44243e+01  4.44243e+01
2.432102775e-01  4.4506959e+01         -inf  1.00779e+05  4.45070e+01  4.45070e+01
2.441831186e-01  4.4568788e+01         -inf  1.00779e+05  4.45688e+01  4.45688e+01
2.451598511e-01  4.4638620e+01         -inf  1.00779e+05  4.46386e+01  4.46386e+01
2.461404905e-01  4.4693324e+01         -inf  1.00779e+05  4.46933e+01  4.46933e+01
2.471250525e-01  4.4735539e+01         -inf  1.00779e+05  4.47355e+01  4.47355e+01
2.481135527e-01  4.4777138e+01         -inf  1.00779e+05  4.47771e+01  4.47771e+01
2.491060069e-01  4.4833423e+01         -inf  1.00779e+05  4.48334e+01  4.48334e+01
2.501024309e-01  4.4857872e+01         -inf  1.00779e+05  4.48579e+01  4.48579e+01
2.511028406e-01  4.4846351e+01         -inf  1.00779e+05  4.48464e+01  4.48464e+01
2.521072520e-01  4.4908177e+01         -inf  1.00779e+05  4.49082e+01  4.49082e+01
2.531156810e-01  4.4881969e+01         -inf  1.00779e+05  4.48820e+01  4.48820e+01
2.541281437e-01  4.4885663e+01         -inf  1.00779e+05  4.48857e+01  4.48857e+01
2.551446563e-01  4.4900526e+01         -inf  1.00779e+05  4.49005e+01  4.49005e+01
2.561652349e-01  4.4855586e+01         -inf  1.00779e+05  4.48556e+01  4.48556e+01
2.571898959e-01  4.4806248e+01         -inf  1.00779e+05  4.48062e+01  4.48062e+01
2.582186555e-01  4.4812492e+01         -inf  1.00779e+05  4.48125e+01  4.48125e+01
2.592515301e-01  4.4760340e+01         -inf  1.00779e+05  4.47603e+01  4.47603e+01
2.602885362e-01  4.4692356e+01         -inf  1.00779e+05  4.46924e+01  4.46924e+01
2.613296904e-01  4.4638532e+01         -inf  1.00779e+05  4.46385e+01  4.46385e+01
2.623750091e-01  4.4581101e+01         -inf  1.00779e+05  4.45811e+01  4.45811e+01
2.634245092e-01  4.4446537e+01         -inf  1.00779e+05  4.44465e+01  4.44465e+01
2.644782072e-01  4.4433784e+01         -inf  1.00779e+05  4.44338e+01  4.44338e+01
2.655361200e-01  4.4300448e+01         -inf  1.00779e+05  4.43004e+01  4.43004e+01
2.665982645e-01  4.4187427e+01         -inf  1.00779e+05  4.41874e+01  4.41874e+01
2.676646576e-01  4.4088037e+01         -inf  1.00779e+05  4.40880e+01  4.40880e+01
2.687353162e-01  4.3906493e+01         -inf  1.00779e+05  4.39065e+01  4.39065e+01
2.698102574e-01  4.3848616e+01         -inf  1.00779e+05  4.38486e+01  4.38486e+01
2.708894985e-01  4.3645866e+01         -inf  1.00779e+05  4.36459e+01  4.36459e+01
2.719730565e-01  4.3530987e+01         -inf  1.00779e+05  4.35310e+01  4.35310e+01
2.730609487e-01  4.3371507e+01         -inf  1.00779e+05  4.33715e+01  4.33715e+01
2.741531925e-01  4.3139713e+01         -inf  1.00779e+05  4.31397e+01  4.31397e+01
2.752498053e-01  4.3014092e+01         -inf  1.00779e+05  4.30141e+01  4.30141e+01
2.763508045e-01  4.2812724e+01         -inf  1.00779e+05  4.28127e+01  4.28127e+01
2.774562077e-01  4.2621203e+01         -inf  1.00779e+05  4.26212e+01  4.26212e+01
2.785660325e-01  4.2409970e+01         -inf  1.00779e+05  4.24100e+01  4.24100e+01
2.796802967e-01  4.2211223e+01         -inf  1.00779e+05  4.22112e+01  4.22112e+01
2.807990178e-01  4.1950617e+01         -inf  1.00779e+05  4.19506e+01  4.19506e+01
2.819222139e-01  4.1696423e+01         -inf  1.00779e+05  4.16964e+01  4.16964e+01
2.830499028e-01  4.1501262e+01         -inf  1.00779e+05  4.15013e+01  4.15013e+01
2.841821024e-01  4.1212733e+01         -inf  1.00779e+05  4.12127e+01  4.12127e+01
2.853188308e-01  4.0932376e+01         -inf  1.00779e+05  4.09324e+01  4.09324e+01
2.864601061e-01  4.0681663e+01         -inf  1.00779e+05  4.06817e+01  4.06817e+01
2.876059465e-01  4.0358599e+01         -inf  1.00779e+05  4.03586e+01  4.03586e+01
2.887563703e-01  4.0017918e+01         -inf  1.00779e+05  4.00179e+01  4.00179e+01
2.899113958e-01  3.9684700e+01         -inf  1.00779e+05  3.96847e+01  3.96847e+01
2.910710414e-01  3.9362292e+01         -inf  1.00779e+05  3.93623e+01  3.93623e+01
2.922353256e-01  3.8950610e+01         -inf  1.00779e+05  3.89506e+01  3.89506e+01
2.934042669e-01  3.8567337e+01         -inf  1.00779e+05  3.85673e+01  3.85673e+01
2.945778839e-01  3.8158510e+01         -inf  1.00779e+05  3.81585e+01  3.81585e+01
2.957561955e-01  3.7677552e+01         -inf  1.00779e+05  3.76776e+01  3.76776e+01
2.969392202e-01  3.7234596e+01         -inf  1.00779e+05  3.72346e+01  3.72346e+01
2.981269771e-01  3.6775495e+01         -inf  1.00779e+05  3.67755e+01  3.67755e+01
2.993194850e-01  3.6333446e+01         -inf  1.00779e+05  3.63334e+01  3.63334e+01
3.005167630e-01  3.5874987e+01         -inf  1.00779e+05  3.58750e+01  3.58750e+01
3.017188300e-01  3.5384084e+01         -inf  1.00779e+05  3.53841e+01  3.53841e+01
3.029257054e-01  3.4924677e+01         -inf  1.00779e+05  3.49247e+01  3.49247e+01
3.041374082e-01  3.4539054e+01         -inf  1.00779e+05  3.45391e+01  3.45391e+01
3.053539578e-01  3.4002507e+01         -inf  1.00779e+05  3.40025e+01  3.40025e+01
3.065753736e-01  3.3677616e+01         -inf  1.00779e+05  3.36776e+01  3.36776e+01
3.078016751e-01  3.3153686e+01         -inf  1.00779e+05  3.31537e+01  3.31537e+01
3.090328818e-01  3.2845845e+01         -inf  1.00779e+05  3.28458e+01  3.28458e+01
3.102690134e-01  3.2358416e+01         -inf  1.00779e+05  3.23584e+01  3.23584e+01
3.115100894e-01  3.2079617e+01         -inf  1.00779e+05  3.20796e+01  3.20796e+01
3.127561298e-01  3.1613456e+01         -inf  1.00779e+05  3.16135e+01  3.16135e+01
3.140071543e-01  3.1402483e+01         -inf  1.00779e+05  3.14025e+01  3.14025e+01
3.152631829e-01  3.1019560e+01         -inf  1.00779e+05  3.10196e+01  3.10196e+01
3.165242356e-01  3.0675130e+01         -inf  1.00779e+05  3.06751e+01  3.06751e+01
3.177903326e-01  3.0550415e+01         -inf  1.00779e+05  3.05504e+01  3.05504e+01
3.190614939e-01  3.0101334e+01         -inf  1.00779e+05  3.01013e+01  3.01013e+01
3.203377399e-01  3.0055058e+01         -inf  1.00779e+05  3.00551e+01  3.00551e+01
3.216190908e-01  2.9661036e+01         -inf  1.00779e+05  2.96610e+01  2.96610e+01
3.229055672e-01  2.9655659e+01         -inf  1.00779e+05  2.96557e+01  2.96557e+01
3.241971895e-01  2.9215508e+01         -inf  1.00779e+05  2.92155e+01  2.92155e+01
3.254939782e-01  2.9321648e+01         -inf  1.00779e+05  2.93216e+01  2.93216e+01
3.267959541e-01  2.8913741e+01         -inf  1.00779e+05  2.89137e+01  2.89137e+01
3.281031380e-01  2.8987002e+01         -inf  1.00779e+05  2.89870e+01  2.89870e+01
3.294155505e-01  2.8617074e+01         -inf  1.00779e+05  2.86171e+01  2.86171e+01
3.307332127e-01  2.8670766e+01         -inf  1.00779e+05  2.86708e+01  2.86708e+01
3.320561456e-01  2.8446208e+01         -inf  1.00779e+05  2.84462e+01  2.84462e+01
3.333843702e-01  2.8361568e+01         -inf  1.00779e+05  2.83616e+01  2.83616e+01
3.347179076e-01  2.8229843e+01         -inf  1.00779e+05  2.82298e+01  2.82298e+01
3.360567793e-01  2.8083920e+01         -inf  1.00779e+05  2.80839e+01  2.80839e+01
3.374010064e-01  2.8073957e+01         -inf  1.00779e+05  2.80740e+01  2.80740e+01
3.387506104e-01  2.7888969e+01         -inf  1.00779e+05  2.78890e+01  2.78890e+01
3.401056128e-01  2.7825131e+01         -inf  1.00779e+05  2.78251e+01  2.78251e+01
3.414660353e-01  2.7699744e+01         -inf  1.00779e+05  2.76997e+01  2.76997e+01
3.428318994e-01  2.7601249e+01         -inf  1.00779e+05  2.76012e+01  2.76012e+01
3.442032270e-01  2.7550282e+01         -inf  1.00779e+05  2.75503e+01  2.75503e+01
3.455800399e-01  2.7424008e+01         -inf  1.00779e+05  2.74240e+01  2.74240e+01
3.469623601e-01  2.7334504e+01         -inf  1.00779e+05  2.73345e+01  2.73345e+01
3.483502095e-01  2.7241031e+01         -inf  1.00779e+05  2.72410e+01  2.72410e+01
3.497436104e-01  2.7147203e+01         -inf  1.00779e+05  2.71472e+01  2.71472e+01
3.511425848e-01  2.7068013e+01         -inf  1.00779e+05  2.70680e+01  2.70680e+01
3.525471552e-01  2.6976035e+01         -inf  1.00779e+05  2.69760e+01  2.69760e+01
3.539573438e-01  2.6880792e+01         -inf  1.00779e+05  2.68808e+01  2.68808e+01
3.553731732e-01  2.6793221e+01         -inf  1.00779e+05  2.67932e+01  2.67932e+01
3.567946659e-01  2.6703708e+01         -inf  1.00779e+05  2.67037e+01  2.67037e+01
3.582218445e-01  2.6614988e+01         -inf  1.00779e+05  2.66150e+01  2.66150e+01
3.596547319e-01  2.6528471e+01         -inf  1.00779e+05  2.65285e+01  2.65285e+01
3.610933508e-01  2.6438690e+01         -inf  1.00779e+05  2.64387e+01  2.64387e+01
3.625377242e-01  2.6349878e+01         -inf  1.00779e+05  2.63499e+01  2.63499e+01
3.639878751e-01  2.6261682e+01         -inf  1.00779e+05  2.62617e+01  2.62617e+01
3.654438266e-01  2.6173485e+01         -inf  1.00779e+05  2.61735e+01  2.61735e+01
3.669056019e-01  2.6085198e+01         -inf  1.00779e+05  2.60852e+01  2.60852e+01
3.683732243e-01  2.5997175e+01         -inf  1.00779e+05  2.59972e+01  2.59972e+01
3.698467172e-01  2.5909063e+01         -inf  1.00779e+05  2.59091e+01  2.59091e+01
3.713261041e-01  2.5820773e+01         -inf  1.00779e+05  2.58208e+01  2.58208e+01
3.728114085e-01  2.5732746e+01         -inf  1.00779e+05  2.57327e+01  2.57327e+01
3.743026542e-01  2.5644718e+01         -inf  1.00779e+05  2.56447e+01  2.56447e+01
3.757998648e-01  2.5556689e+01         -inf  1.00779e+05  2.55567e+01  2.55567e+01
3.773030642e-01  2.5468747e+01         -inf  1.00779e+05  2.54687e+01  2.54687e+01
3.788122765e-01  2.5380716e+01         -inf  1.00779e+05  2.53807e+01  2.53807e+01
3.803275256e-01  2.5292860e+01         -inf  1.00779e+05  2.52929e+01  2.52929e+01
3.818488357e-01  2.5204826e+01         -inf  1.00779e+05  2.52048e+01  2.52048e+01
3.833762310e-01  2.5117055e+01         -inf  1.00779e+05  2.51171e+01  2.51171e+01
3.849097360e-01  2.5029196e+01         -inf  1.00779e+05  2.50292e+01  2.50292e+01
3.864493749e-01  2.4941335e+01         -inf  1.00779e+05  2.49413e+01  2.49413e+01
3.879951724e-01  2.4853561e+01         -inf  1.00779e+05  2.48536e+01  2.48536e+01
3.895471531e-01  2.4765698e+01         -inf  1.00779e+05  2.47657e+01  2.47657e+01
3.911053417e-01  2.4678010e+01         -inf  1.00779e+05  2.46780e+01  2.46780e+01
3.926697631e-01  2.4590320e+01         -inf  1.00779e+05  2.45903e+01  2.45903e+01
3.942404421e-01  2.4502807e+01         -inf  1.00779e+05  2.45028e+01  2.45028e+01
3.958174039e-01  2.4415203e+01         -inf  1.00779e+05  2.44152e+01  2.44152e+01
3.974006735e-01  2.4327510e+01         -inf  1.00779e+05  2.43275e+01  2.43275e+01
3.989902762e-01  2.4239817e+01         -inf  1.00779e+05  2.42398e+01  2.42398e+01
4.005862373e-01  2.4152386e+01         -inf  1.00779e+05  2.41524e+01  2.41524e+01
4.021885823e-01  2.4064955e+01         -inf  1.00779e+05  2.40650e+01  2.40650e+01
4.037973366e-01  2.3977345e+01         -inf  1.00779e+05  2.39773e+01  2.39773e+01
4.054125259e-01  2.3889735e+01         -inf  1.00779e+05  2.38897e+01  2.38897e+01
4.070341760e-01  2.3802653e+01         -inf  1.00779e+05  2.38027e+01  2.38027e+01
4.086623127e-01  2.3715922e+01         -inf  1.00779e+05  2.37159e+01  2.37159e+01
4.102969620e-01  2.3628750e+01         -inf  1.00779e+05  2.36287e+01  2.36287e+01
4.119381498e-01  2.3540958e+01         -inf  1.00779e+05  2.35410e+01  2.35410e+01
4.135859024e-01  2.3453253e+01         -inf  1.00779e+05  2.34533e+01  2.34533e+01
4.152402460e-01  2.3366430e+01         -inf  1.00779e+05  2.33664e+01  2.33664e+01
4.169012070e-01  2.3279870e+01         -inf  1.00779e+05  2.32799e+01  2.32799e+01
4.185688119e-01  2.3192604e+01         -inf  1.00779e+05  2.31926e+01  2.31926e+01
4.202430871e-01  2.3105247e+01         -inf  1.00779e+05  2.31052e+01  2.31052e+01
4.219240595e-01  2.3019037e+01         -inf  1.00779e+05  2.30190e+01  2.30190e+01
4.236117557e-01  2.2933973e+01         -inf  1.00779e+05  2.29340e+01  2.29340e+01
4.253062027e-01  2.2848466e+01         -inf  1.00779e+05  2.28485e+01  2.28485e+01
4.270074275e-01  2.2760929e+01         -inf  1.00779e+05  2.27609e+01  2.27609e+01
4.287154572e-01  2.2672508e+01         -inf  1.00779e+05  2.26725e+01  2.26725e+01
4.304303191e-01  2.2585674e+01         -inf  1.00779e+05  2.25857e+01  2.25857e+01
4.321520403e-01  2.2500781e+01         -inf  1.00779e+05  2.25008e+01  2.25008e+01
4.338806485e-01  2.2414916e+01         -inf  1.00779e+05  2.24149e+01  2.24149e+01
4.356161711e-01  2.2327284e+01         -inf  1.00779e+05  2.23273e+01  2.23273e+01
4.373586358e-01  2.2241417e+01         -inf  1.00779e+05  2.22414e+01  2.22414e+01
4.391080703e-01  2.2159078e+01         -inf  1.00779e+05  2.21591e+01  2.21591e+01
4.408645026e-01  2.2077709e+01         -inf  1.00779e+05  2.20777e+01  2.20777e+01
4.426279606e-01  2.1994486e+01         -inf  1.00779e+05  2.19945e+01  2.19945e+01
4.443984725e-01  2.1906761e+01         -inf  1.00779e+05  2.19068e+01  2.19068e+01
4.461760664e-01  2.1816475e+01         -inf  1.00779e+05  2.18165e+01  2.18165e+01
4.479607706e-01  2.1730336e+01         -inf  1.00779e+05  2.17303e+01  2.17303e+01
4.497526137e-01  2.1648962e+01         -inf  1.00779e+05  2.16490e+01  2.16490e+01
4.515516242e-01  2.1564585e+01         -inf  1.00779e+05  2.15646e+01  2.15646e+01
4.533578307e-01  2.1476413e+01         -inf  1.00779e+05  2.14764e+01  2.14764e+01
4.551712620e-01  2.1391858e+01         -inf  1.00779e+05  2.13919e+01  2.13919e+01
4.569919470e-01  2.1314540e+01         -inf  1.00779e+05  2.13145e+01  2.13145e+01
4.588199148e-01  2.1240398e+01         -inf  1.00779e+05  2.12404e+01  2.12404e+01
4.606551945e-01  2.1165285e+01         -inf  1.00779e+05  2.11653e+01  2.11653e+01
4.624978152e-01  2.1080726e+01         -inf  1.00779e+05  2.10807e+01  2.10807e+01
4.643478065e-01  2.0986368e+01         -inf  1.00779e+05  2.09864e+01  2.09864e+01
4.662051977e-01  2.0895010e+01         -inf  1.00779e+05  2.08950e+01  2.08950e+01
4.680700185e-01  2.0814685e+01         -inf  1.00779e+05  2.08147e+01  2.08147e+01
4.699422986e-01  2.0736654e+01         -inf  1.00779e+05  2.07367e+01  2.07367e+01
4.718220678e-01  2.0651471e+01         -inf  1.00779e+05  2.06515e+01  2.06515e+01
4.737093561e-01  2.0566553e+01         -inf  1.00779e+05  2.05666e+01  2.05666e+01
4.756041935e-01  2.0491255e+01         -inf  1.00779e+05  2.04913e+01  2.04913e+01
4.775066103e-01  2.0426726e+01         -inf  1.00779e+05  2.04267e+01  2.04267e+01
4.794166367e-01  2.0366698e+01         -inf  1.00779e+05  2.03667e+01  2.03667e+01
4.813343033e-01  2.0302874e+01         -inf  1.00779e+05  2.03029e+01  2.03029e+01
4.832596405e-01  2.0221129e+01         -inf  1.00779e+05  2.02211e+01  2.02211e+01
4.851926790e-01  2.0123228e+01         -inf  1.00779e+05  2.01232e+01  2.01232e+01
4.871334497e-01  2.0028503e+01         -inf  1.00779e+05  2.00285e+01  2.00285e+01
4.890819835e-01  1.9949580e+01         -inf  1.00779e+05  1.99496e+01  1.99496e+01
4.910383115e-01  1.9877188e+01         -inf  1.00779e+05  1.98772e+01  1.98772e+01
4.930024647e-01  1.9797645e+01         -inf  1.00779e+05  1.97976e+01  1.97976e+01
4.949744746e-01  1.9716599e+01         -inf  1.00779e+05  1.97166e+01  1.97166e+01
4.969543725e-01  1.9646942e+01         -inf  1.00779e+05  1.96469e+01  1.96469e+01
4.989421900e-01  1.9593176e+01         -inf  1.00779e+05  1.95932e+01  1.95932e+01
5.009379587e-01  1.9550356e+01         -inf  1.00779e+05  1.95504e+01  1.95504e+01
5.029417106e-01  1.9509214e+01         -inf  1.00779e+05  1.95092e+01  1.95092e+01
5.049534774e-01  1.9453240e+01         -inf  1.00779e+05  1.94532e+01  1.94532e+01
5.069732913e-01  1.9371484e+01         -inf  1.00779e+05  1.93715e+01  1.93715e+01
5.090011845e-01  1.9273746e+01         -inf  1.00779e+05  1.92737e+01  1.92737e+01
5.110371892e-01  1.9182364e+01         -inf  1.00779e+05  1.91824e+01  1.91824e+01
5.130813380e-01  1.9108463e+01         -inf  1.00779e+05  1.91085e+01  1.91085e+01
5.151336633e-01  1.9043391e+01         -inf  1.00779e+05  1.90434e+01  1.90434e+01
5.171941980e-01  1.8976199e+01         -inf  1.00779e+05  1.89762e+01  1.89762e+01
5.192629748e-01  1.8908299e+01         -inf  1.00779e+05  1.89083e+01  1.89083e+01
5.213400267e-01  1.8847728e+01         -inf  1.00779e+05  1.88477e+01  1.88477e+01
5.234253868e-01  1.8800577e+01         -inf  1.00779e+05  1.88006e+01  1.88006e+01
5.255190883e-01  1.8764905e+01         -inf  1.00779e+05  1.87649e+01  1.87649e+01
5.276211647e-01  1.8734177e+01         -inf  1.00779e+05  1.87342e+01  1.87342e+01
5.297316493e-01  1.8700182e+01         -inf  1.00779e+05  1.87002e+01  1.87002e+01
5.318505759e-01  1.8653825e+01         -inf  1.00779e+05  1.86538e+01  1.86538e+01
5.339779782e-01  1.8588042e+01         -inf  1.00779e+05  1.85880e+01  1.85880e+01
5.361138902e-01  1.8506275e+01         -inf  1.00779e+05  1.85063e+01  1.85063e+01
5.382583457e-01  1.8428040e+01         -inf  1.00779e+05  1.84280e+01  1.84280e+01
5.404113791e-01  1.8368170e+01         -inf  1.00779e+05  1.83682e+01  1.83682e+01
5.425730246e-01  1.8320928e+01         -inf  1.00779e+05  1.83209e+01  1.83209e+01
5.447433167e-01  1.8271919e+01         -inf  1.00779e+05  1.82719e+01  1.82719e+01
5.469222900e-01  1.8214344e+01         -inf  1.00779e+05  1.82143e+01  1.82143e+01
5.491099791e-01  1.8151647e+01         -inf  1.00779e+05  1.81516e+01  1.81516e+01
5.513064191e-01  1.8089656e+01         -inf  1.00779e+05  1.80897e+01  1.80897e+01
5.535116447e-01  1.8031726e+01         -inf  1.00779e+05  1.80317e+01  1.80317e+01
5.557256913e-01  1.7982538e+01         -inf  1.00779e+05  1.79825e+01  1.79825e+01
5.579485941e-01  1.7947744e+01         -inf  1.00779e+05  1.79477e+01  1.79477e+01
5.601803884e-01  1.7926285e+01         -inf  1.00779e+05  1.79263e+01  1.79263e+01
5.624211100e-01  1.7906504e+01         -inf  1.00779e+05  1.79065e+01  1.79065e+01
5.646707944e-01  1.7876832e+01         -inf  1.00779e+05  1.78768e+01  1.78768e+01
5.669294776e-01  1.7837799e+01         -inf  1.00779e+05  1.78378e+01  1.78378e+01
5.691971955e-01  1.7796646e+01         -inf  1.00779e+05  1.77966e+01  1.77966e+01
5.714739843e-01  1.7755405e+01         -inf  1.00779e+05  1.77554e+01  1.77554e+01
5.737598803e-01  1.7700739e+01         -inf  1.00779e+05  1.77007e+01  1.77007e+01
5.760549198e-01  1.7621081e+01         -inf  1.00779e+05  1.76211e+01  1.76211e+01
5.783591395e-01  1.7522434e+01         -inf  1.00779e+05  1.75224e+01  1.75224e+01
5.806725760e-01  1.7417339e+01         -inf  1.00779e+05  1.74173e+01  1.74173e+01
5.829952663e-01  1.7316216e+01         -inf  1.00779e+05  1.73162e+01  1.73162e+01
5.853272474e-01  1.7224807e+01         -inf  1.00779e+05  1.72248e+01  1.72248e+01
5.876685564e-01  1.7145054e+01         -inf  1.00779e+05  1.71451e+01  1.71451e+01
5.900192306e-01  1.7079609e+01         -inf  1.00779e+05  1.70796e+01  1.70796e+01
5.923793075e-01  1.7036155e+01         -inf  1.00779e+05  1.70362e+01  1.70362e+01
5.947488247e-01  1.7017342e+01         -inf  1.00779e+05  1.70173e+01  1.70173e+01
5.971278200e-01  1.7007539e+01         -inf  1.00779e+05  1.70075e+01  1.70075e+01
5.995163313e-01  1.6987666e+01         -inf  1.00779e+05  1.69877e+01  1.69877e+01
6.019143966e-01  1.6939354e+01         -inf  1.00779e+05  1.69394e+01  1.69394e+01
6.043220542e-01  1.6856683e+01         -inf  1.00779e+05  1.68567e+01  1.68567e+01
6.067393425e-01  1.6744599e+01         -inf  1.00779e+05  1.67446e+01  1.67446e+01
6.091662998e-01  1.6612905e+01         -inf  1.00779e+05  1.66129e+01  1.66129e+01
6.116029650e-01  1.6475113e+01         -inf  1.00779e+05  1.64751e+01  1.64751e+01
6.140493769e-01  1.6340763e+01         -inf  1.00779e+05  1.63408e+01  1.63408e+01
6.165055744e-01  1.6213124e+01         -inf  1.00779e+05  1.62131e+01  1.62131e+01
6.189715967e-01  1.6093521e+01         -inf  1.00779e+05  1.60935e+01  1.60935e+01
6.214474831e-01  1.5981247e+01         -inf  1.00779e+05  1.59812e+01  1.59812e+01
6.239332730e-01  1.5872063e+01         -inf  1.00779e+05  1.58721e+01  1.58721e+01
6.264290061e-01  1.5761111e+01         -inf  1.00779e+05  1.57611e+01  1.57611e+01
6.289347221e-01  1.5648301e+01         -inf  1.00779e+05  1.56483e+01  1.56483e+01
6.314504610e-01  1.5529129e+01         -inf  1.00779e+05  1.55291e+01  1.55291e+01
6.339762629e-01  1.5410485e+01         -inf  1.00779e+05  1.54105e+01  1.54105e+01
6.365121679e-01  1.5286538e+01         -inf  1.00779e+05  1.52865e+01  1.52865e+01
6.390582166e-01  1.5160468e+01         -inf  1.00779e+05  1.51605e+01  1.51605e+01
6.416144494e-01  1.5033954e+01         -inf  1.00779e+05  1.50340e+01  1.50340e+01
6.441809072e-01  1.4914683e+01         -inf  1.00779e+05  1.49147e+01  1.49147e+01
6.467576309e-01  1.4798855e+01         -inf  1.00779e+05  1.47989e+01  1.47989e+01
6.493446614e-01  1.4685587e+01         -inf  1.00779e+05  1.46856e+01  1.46856e+01
6.519420400e-01  1.4575851e+01         -inf  1.00779e+05  1.45759e+01  1.45759e+01
6.545498082e-01  1.4464081e+01         -inf  1.00779e+05  1.44641e+01  1.44641e+01
6.571680074e-01  1.4351691e+01         -inf  1.00779e+05  1.43517e+01  1.43517e+01
6.597966795e-01  1.4241420e+01         -inf  1.00779e+05  1.42414e+01  1.42414e+01
6.624358662e-01  1.4133355e+01         -inf  1.00779e+05  1.41334e+01  1.41334e+01
6.650856096e-01  1.4021931e+01         -inf  1.00779e+05  1.40219e+01  1.40219e+01
6.677459521e-01  1.3906618e+01         -inf  1.00779e+05  1.39066e+01  1.39066e+01
6.704169359e-01  1.3792185e+01         -inf  1.00779e+05  1.37922e+01  1.37922e+01
6.730986036e-01  1.3680314e+01         -inf  1.00779e+05  1.36803e+01  1.36803e+01
6.757909981e-01  1.3572063e+01         -inf  1.00779e+05  1.35721e+01  1.35721e+01
6.784941620e-01  1.3466109e+01         -inf  1.00779e+05  1.34661e+01  1.34661e+01
6.812081387e-01  1.3366427e+01         -inf  1.00779e+05  1.33664e+01  1.33664e+01
6.839329712e-01  1.3273813e+01         -inf  1.00779e+05  1.32738e+01  1.32738e+01
6.866687031e-01  1.3220436e+01         -inf  1.00779e+05  1.32204e+01  1.32204e+01
6.894153779e-01  1.3126495e+01         -inf  1.00779e+05  1.31265e+01  1.31265e+01
6.921730395e-01  1.2978201e+01         -inf  1.00779e+05  1.29782e+01  1.29782e+01
6.949417316e-01  1.2865785e+01         -inf  1.00779e+05  1.28658e+01  1.28658e+01
6.977214985e-01  1.2764591e+01         -inf  1.00779e+05  1.27646e+01  1.27646e+01
7.005123845e-01  1.2667904e+01         -inf  1.00779e+05  1.26679e+01  1.26679e+01
7.033144341e-01  1.2577490e+01         -inf  1.00779e+05  1.25775e+01  1.25775e+01
7.061276918e-01  1.2491759e+01         -inf  1.00779e+05  1.24918e+01  1.24918e+01
7.089522026e-01  1.2408678e+01         -inf  1.00779e+05  1.24087e+01  1.24087e+01
7.117880114e-01  1.2328778e+01         -inf  1.00779e+05  1.23288e+01  1.23288e+01
7.146351634e-01  1.2255153e+01         -inf  1.00779e+05  1.22552e+01  1.22552e+01
7.174937041e-01  1.2175782e+01         -inf  1.00779e+05  1.21758e+01  1.21758e+01
7.203636789e-01  1.2080853e+01         -inf  1.00779e+05  1.20809e+01  1.20809e+01
7.232451336e-01  1.1988486e+01         -inf  1.00779e+05  1.19885e+01  1.19885e+01
7.261381142e-01  1.1904957e+01         -inf  1.00779e+05  1.19050e+01  1.19050e+01
7.290426666e-01  1.1818068e+01         -inf  1.00779e+05  1.18181e+01  1.18181e+01
7.319588373e-01  1.1734626e+01         -inf  1.00779e+05  1.17346e+01  1.17346e+01
7.348866726e-01  1.1659491e+01         -inf  1.00779e+05  1.16595e+01  1.16595e+01
7.378262193e-01  1.1588245e+01         -inf  1.00779e+05  1.15882e+01  1.15882e+01
7.407775242e-01  1.1520091e+01         -inf  1.00779e+05  1.15201e+01  1.15201e+01
7.437406343e-01  1.1459274e+01         -inf  1.00779e+05  1.14593e+01  1.14593e+01
7.467155968e-01  1.1401021e+01         -inf  1.00779e+05  1.14010e+01  1.14010e+01
7.497024592e-01  1.1326324e+01         -inf  1.00779e+05  1.13263e+01  1.13263e+01
7.527012690e-01  1.1231206e+01         -inf  1.00779e+05  1.12312e+01  1.12312e+01
7.557120741e-01  1.1139534e+01         -inf  1.00779e+05  1.11395e+01  1.11395e+01
7.587349224e-01  1.1171889e+01         -inf  1.00779e+05  1.11719e+01  1.11719e+01
7.617698621e-01  1.1568002e+01         -inf  1.00779e+05  1.15680e+01  1.15680e+01
7.648169416e-01  1.1219449e+01         -inf  1.00779e+05  1.12194e+01  1.12194e+01
7.678762093e-01  1.0883165e+01         -inf  1.00779e+05  1.08832e+01  1.08832e+01
7.709477142e-01  1.0786538e+01         -inf  1.00779e+05  1.07865e+01  1.07865e+01
7.740315050e-01  1.0734113e+01         -inf  1.00779e+05  1.07341e+01  1.07341e+01
7.771276310e-01  1.0689114e+01         -inf  1.00779e+05  1.06891e+01  1.06891e+01
7.802361416e-01  1.0631383e+01         -inf  1.00779e+05  1.06314e+01  1.06314e+01
7.833570861e-01  1.0552169e+01         -inf  1.00779e+05  1.05522e+01  1.05522e+01
7.864905145e-01  1.0464378e+01         -inf  1.00779e+05  1.04644e+01  1.04644e+01
7.896364765e-01  1.0387725e+01         -inf  1.00779e+05  1.03877e+01  1.03877e+01
7.927950224e-01  1.0313724e+01         -inf  1.00779e+05  1.03137e+01  1.03137e+01
7.959662025e-01  1.0243082e+01         -inf  1.00779e+05  1.02431e+01  1.02431e+01
7.991500673e-01  1.0177391e+01         -inf  1.00779e+05  1.01774e+01  1.01774e+01
8.023466676e-01  1.0113997e+01         -inf  1.00779e+05  1.01140e+01  1.01140e+01
8.055560543e-01  1.0055201e+01         -inf  1.00779e+05  1.00552e+01  1.00552e+01
8.087782785e-01  1.0005953e+01         -inf  1.00779e+05  1.00060e+01  1.00060e+01
8.120133916e-01  9.9616559e+00         -inf  1.00779e+05  9.96166e+00  9.96166e+00
8.152614452e-01  9.9162092e+00         -inf  1.00779e+05  9.91621e+00  9.91621e+00
8.185224910e-01  9.8577646e+00         -inf  1.00779e+05  9.85776e+00  9.85776e+00
8.217965809e-01  9.7809282e+00         -inf  1.00779e+05  9.78093e+00  9.78093e+00
8.250837672e-01  9.6980783e+00         -inf  1.00779e+05  9.69808e+00  9.69808e+00
8.283841023e-01  9.6233621e+00         -inf  1.00779e+05  9.62336e+00  9.62336e+00
8.316976387e-01  9.5565147e+00         -inf  1.00779e+05  9.55651e+00  9.55651e+00
8.350244293e-01  9.4951489e+00         -inf  1.00779e+05  9.49515e+00  9.49515e+00
8.383645270e-01  9.4386459e+00         -inf  1.00779e+05  9.43865e+00  9.43865e+00
8.417179851e-01  9.3845299e+00         -inf  1.00779e+05  9.38453e+00  9.38453e+00
8.450848570e-01  9.3335967e+00         -inf  1.00779e+05  9.33360e+00  9.33360e+00
8.484651965e-01  9.2892068e+00         -inf  1.00779e+05  9.28921e+00  9.28921e+00
8.518590573e-01  9.2547203e+00         -inf  1.00779e+05  9.25472e+00  9.25472e+00
8.552664935e-01  9.2053779e+00         -inf  1.00779e+05  9.20538e+00  9.20538e+00
8.586875595e-01  9.1421518e+00         -inf  1.00779e+05  9.14215e+00  9.14215e+00
8.621223097e-01  9.0755647e+00         -inf  1.00779e+05  9.07556e+00  9.07556e+00
8.655707989e-01  9.0073853e+00         -inf  1.00779e+05  9.00739e+00  9.00739e+00
8.690330821e-01  8.9521160e+00         -inf  1.00779e+05  8.95212e+00  8.95212e+00
8.725092145e-01  8.8892412e+00         -inf  1.00779e+05  8.88924e+00  8.88924e+00
8.759992513e-01  8.8326180e+00         -inf  1.00779e+05  8.83262e+00  8.83262e+00
8.795032483e-01  8.7858988e+00         -inf  1.00779e+05  8.78590e+00  8.78590e+00
8.830212613e-01  8.7617034e+00         -inf  1.00779e+05  8.76170e+00  8.76170e+00
8.865533464e-01  8.7185122e+00         -inf  1.00779e+05  8.71851e+00  8.71851e+00
8.900995597e-01  8.6647970e+00         -inf  1.00779e+05  8.66480e+00  8.66480e+00
8.936599580e-01  8.6086847e+00         -inf  1.00779e+05  8.60868e+00  8.60868e+00
8.972345978e-01  8.5648912e+00         -inf  1.00779e+05  8.56489e+00  8.56489e+00
9.008235362e-01  8.5113604e+00         -inf  1.00779e+05  8.51136e+00  8.51136e+00
9.044268304e-01  8.4488439e+00         -inf  1.00779e+05  8.44884e+00  8.44884e+00
9.080445377e-01  8.3910140e+00         -inf  1.00779e+05  8.39101e+00  8.39101e+00
9.116767158e-01  8.3386669e+00         -inf  1.00779e+05  8.33867e+00  8.33867e+00
9.153234227e-01  8.2890522e+00         -inf  1.00779e+05  8.28905e+00  8.28905e+00
9.189847164e-01  8.2411263e+00         -inf  1.00779e+05  8.24113e+00  8.24113e+00
9.226606552e-01  8.1967289e+00         -inf  1.00779e+05  8.19673e+00  8.19673e+00
9.263512979e-01  8.1513495e+00         -inf  1.00779e+05  8.15135e+00  8.15135e+00
9.300567031e-01  8.1104272e+00         -inf  1.00779e+05  8.11043e+00  8.11043e+00
9.337769299e-01  8.0768985e+00         -inf  1.00779e+05  8.07690e+00  8.07690e+00
9.375120376e-01  8.0411763e+00         -inf  1.00779e+05  8.04118e+00  8.04118e+00
9.412620857e-01  8.0034197e+00         -inf  1.00779e+05  8.00342e+00  8.00342e+00
9.450271341e-01  7.9650879e+00         -inf  1.00779e+05  7.96509e+00  7.96509e+00
9.488072426e-01  7.9112161e+00         -inf  1.00779e+05  7.91122e+00  7.91122e+00
9.526024716e-01  7.8573527e+00         -inf  1.00779e+05  7.85735e+00  7.85735e+00
9.564128815e-01  7.8094502e+00         -inf  1.00779e+05  7.80945e+00  7.80945e+00
9.602385330e-01  7.7649879e+00         -inf  1.00779e+05  7.76499e+00  7.76499e+00
9.640794871e-01  7.7242844e+00         -inf  1.00779e+05  7.72428e+00  7.72428e+00
9.679358051e-01  7.6826518e+00         -inf  1.00779e+05  7.68265e+00  7.68265e+00
9.718075483e-01  7.6445216e+00         -inf  1.00779e+05  7.64452e+00  7.64452e+00
9.756947785e-01  7.6027205e+00         -inf  1.00779e+05  7.60272e+00  7.60272e+00
9.795975576e-01  7.5646783e+00         -inf  1.00779e+05  7.56468e+00  7.56468e+00
9.835159478e-01  7.5266447e+00         -inf  1.00779e+05  7.52664e+00  7.52664e+00
9.874500116e-01  7.4930777e+00         -inf  1.00779e+05  7.49308e+00  7.49308e+00
9.913998117e-01  7.4687005e+00         -inf  1.00779e+05  7.46870e+00  7.46870e+00
9.953654109e-01  7.4262349e+00         -inf  1.00779e+05  7.42623e+00  7.42623e+00
9.993468726e-01  7.3818673e+00         -inf  1.00779e+05  7.38187e+00  7.38187e+00
1.003344260e+00  7.3420194e+00         -inf  1.00779e+05  7.34202e+00  7.34202e+00
1.007357637e+00  7.3045682e+00         -inf  1.00779e+05  7.30457e+00  7.30457e+00
1.011387068e+00  7.2686118e+00         -inf  1.00779e+05  7.26861e+00  7.26861e+00
1.015432616e+00  7.2317971e+00         -inf  1.00779e+05  7.23180e+00  7.23180e+00
1.019494346e+00  7.1943984e+00         -inf  1.00779e+05  7.19440e+00  7.19440e+00
1.023572324e+00  7.1578841e+00         -inf  1.00779e+05  7.15788e+00  7.15788e+00
1.027666613e+00  7.1224310e+00         -inf  1.00779e+05  7.12243e+00  7.12243e+00
1.031777280e+00  7.0870662e+00         -inf  1.00779e+05  7.08707e+00  7.08707e+00
1.035904389e+00  7.0655005e+00         -inf  1.00779e+05  7.06550e+00  7.06550e+00
1.040048006e+00  7.0458631e+00         -inf  1.00779e+05  7.04586e+00  7.04586e+00
1.044208198e+00  6.9897192e+00         -inf  1.00779e+05  6.98972e+00  6.98972e+00
1.048385031e+00  6.9908868e+00         -inf  1.00779e+05  6.99089e+00  6.99089e+00
1.052578571e+00  6.9977423e+00         -inf  1.00779e+05  6.99774e+00  6.99774e+00
1.056788885e+00  6.8974128e+00         -inf  1.00779e+05  6.89741e+00  6.89741e+00
1.061016041e+00  6.8626306e+00         -inf  1.00779e+05  6.86263e+00  6.86263e+00
1.065260105e+00  6.8454606e+00         -inf  1.00779e+05  6.84546e+00  6.84546e+00
1.069521146e+00  6.8020444e+00         -inf  1.00779e+05  6.80204e+00  6.80204e+00
1.073799230e+00  6.7685974e+00         -inf  1.00779e+05  6.76860e+00  6.76860e+00
1.078094427e+00  6.7382288e+00         -inf  1.00779e+05  6.73823e+00  6.73823e+00
1.082406805e+00  6.7082934e+00         -inf  1.00779e+05  6.70829e+00  6.70829e+00
1.086736432e+00  6.6795610e+00         -inf  1.00779e+05  6.67956e+00  6.67956e+00
1.091083378e+00  6.6528985e+00         -inf  1.00779e+05  6.65290e+00  6.65290e+00
1.095447711e+00  6.6272355e+00         -inf  1.00779e+05  6.62724e+00  6.62724e+00
1.099829502e+00  6.5999712e+00         -inf  1.00779e+05  6.59997e+00  6.59997e+00
1.104228820e+00  6.5714949e+00         -inf  1.00779e+05  6.57149e+00  6.57149e+00
1.108645735e+00  6.5502194e+00         -inf  1.00779e+05  6.55022e+00  6.55022e+00
1.113080318e+00  6.5485917e+00         -inf  1.00779e+05  6.54859e+00  6.54859e+00
1.117532640e+00  6.5521921e+00         -inf  1.00779e+05  6.55219e+00  6.55219e+00
1.122002770e+00  6.5898422e+00         -inf  1.00779e+05  6.58984e+00  6.58984e+00
1.126490781e+00  6.6483250e+00         -inf  1.00779e+05  6.64832e+00  6.64832e+00
1.130996744e+00  6.6218304e+00         -inf  1.00779e+05  6.62183e+00  6.62183e+00
1.135520731e+00  6.6296771e+00         -inf  1.00779e+05  6.62968e+00  6.62968e+00
1.140062814e+00  6.4933281e+00         -inf  1.00779e+05  6.49333e+00  6.49333e+00
1.144623065e+00  6.4647274e+00         -inf  1.00779e+05  6.46473e+00  6.46473e+00
1.149201558e+00  6.5042535e+00         -inf  1.00779e+05  6.50425e+00  6.50425e+00
1.153798364e+00  6.6251566e+00         -inf  1.00779e+05  6.62516e+00  6.62516e+00
1.158413557e+00  6.5381087e+00         -inf  1.00779e+05  6.53811e+00  6.53811e+00
1.163047212e+00  6.6373203e+00         -inf  1.00779e+05  6.63732e+00  6.63732e+00
1.167699401e+00  6.4921515e+00         -inf  1.00779e+05  6.49215e+00  6.49215e+00
1.172370198e+00  6.3887179e+00         -inf  1.00779e+05  6.38872e+00  6.38872e+00
1.177059679e+00  6.2995259e+00         -inf  1.00779e+05  6.29953e+00  6.29953e+00
1.181767918e+00  6.2461711e+00         -inf  1.00779e+05  6.24617e+00  6.24617e+00
1.186494989e+00  6.2089791e+00         -inf  1.00779e+05  6.20898e+00  6.20898e+00
1.191240969e+00  6.1727777e+00         -inf  1.00779e+05  6.17278e+00  6.17278e+00
1.196005933e+00  6.1196254e+00         -inf  1.00779e+05  6.11963e+00  6.11963e+00
1.200789957e+00  6.2608745e+00         -inf  1.00779e+05  6.26087e+00  6.26087e+00
1.205593117e+00  7.2115675e+00         -inf  1.00779e+05  7.21157e+00  7.21157e+00
1.210415489e+00  6.5284307e+00         -inf  1.00779e+05  6.52843e+00  6.52843e+00
1.215257151e+00  6.1386286e+00         -inf  1.00779e+05  6.13863e+00  6.13863e+00
1.220118180e+00  6.9238354e+00         -inf  1.00779e+05  6.92384e+00  6.92384e+00
1.224998652e+00  6.3810214e+00         -inf  1.00779e+05  6.38102e+00  6.38102e+00
1.229898647e+00  6.0098867e+00         -inf  1.00779e+05  6.00989e+00  6.00989e+00
1.234818242e+00  5.9751175e+00         -inf  1.00779e+05  5.97512e+00  5.97512e+00
1.239757515e+00  5.9265464e+00         -inf  1.00779e+05  5.92655e+00  5.92655e+00
1.244716545e+00  5.8878131e+00         -inf  1.00779e+05  5.88781e+00  5.88781e+00
1.249695411e+00  5.8727462e+00         -inf  1.00779e+05  5.87275e+00  5.87275e+00
1.254694192e+00  5.8617755e+00         -inf  1.00779e+05  5.86178e+00  5.86178e+00
1.259712969e+00  5.8552816e+00         -inf  1.00779e+05  5.85528e+00  5.85528e+00
1.264751821e+00  5.8782492e+00         -inf  1.00779e+05  5.87825e+00  5.87825e+00
1.269810828e+00  5.8834779e+00         -inf  1.00779e+05  5.88348e+00  5.88348e+00
1.274890072e+00  5.7973845e+00         -inf  1.00779e+05  5.79738e+00  5.79738e+00
1.279989632e+00  5.7672767e+00         -inf  1.00779e+05  5.76728e+00  5.76728e+00
1.285109591e+00  5.7528819e+00         -inf  1.00779e+05  5.75288e+00  5.75288e+00
1.290250029e+00  5.8326413e+00         -inf  1.00779e+05  5.83264e+00  5.83264e+00
1.295411029e+00  5.8116464e+00         -inf  1.00779e+05  5.81165e+00  5.81165e+00
1.300592673e+00  5.7048665e+00         -inf  1.00779e+05  5.70487e+00  5.70487e+00
1.305795044e+00  5.6896841e+00         -inf  1.00779e+05  5.68968e+00  5.68968e+00
1.311018224e+00  5.7569959e+00         -inf  1.00779e+05  5.75700e+00  5.75700e+00
1.316262297e+00  6.0873516e+00         -inf  1.00779e+05  6.08735e+00  6.08735e+00
1.321527346e+00  5.9763472e+00         -inf  1.00779e+05  5.97635e+00  5.97635e+00
1.326813455e+00  5.7536427e+00         -inf  1.00779e+05  5.75364e+00  5.75364e+00
1.332120709e+00  6.1207401e+00         -inf  1.00779e+05  6.12074e+00  6.12074e+00
1.337449192e+00  5.9394722e+00         -inf  1.00779e+05  5.93947e+00  5.93947e+00
1.342798989e+00  6.0631461e+00         -inf  1.00779e+05  6.06315e+00  6.06315e+00
1.348170185e+00  5.9547071e+00         -inf  1.00779e+05  5.95471e+00  5.95471e+00
1.353562866e+00  6.1291624e+00         -inf  1.00779e+05  6.12916e+00  6.12916e+00
1.358977117e+00  6.4764490e+00         -inf  1.00779e+05  6.47645e+00  6.47645e+00
1.364413026e+00  6.6561716e+00         -inf  1.00779e+05  6.65617e+00  6.65617e+00
1.369870678e+00  6.6179469e+00         -inf  1.00779e+05  6.61795e+00  6.61795e+00
1.375350160e+00  6.5648336e+00         -inf  1.00779e+05  6.56483e+00  6.56483e+00
1.380851561e+00  6.5600566e+00         -inf  1.00779e+05  6.56006e+00  6.56006e+00
1.386374967e+00  6.5369410e+00         -inf  1.00779e+05  6.53694e+00  6.53694e+00
1.391920467e+00  6.4794038e+00         -inf  1.00779e+05  6.47940e+00  6.47940e+00
1.397488149e+00  6.4223614e+00         -inf  1.00779e+05  6.42236e+00  6.42236e+00
1.403078102e+00  6.3146803e+00         -inf  1.00779e+05  6.31468e+00  6.31468e+00
1.408690414e+00  6.1308699e+00         -inf  1.00779e+05  6.13087e+00  6.13087e+00
1.414325176e+00  5.8140087e+00         -inf  1.00779e+05  5.81401e+00  5.81401e+00
1.419982476e+00  5.6624513e+00         -inf  1.00779e+05  5.66245e+00  5.66245e+00
1.425662406e+00  5.6079942e+00         -inf  1.00779e+05  5.60799e+00  5.60799e+00
1.431365056e+00  1.0386664e+01         -inf  1.00779e+05  1.03867e+01  1.03867e+01
1.437090516e+00  1.0273231e+01         -inf  1.00779e+05  1.02732e+01  1.02732e+01
1.442838878e+00  7.9305856e+00         -inf  1.00779e+05  7.93059e+00  7.93059e+00
1.448610234e+00  6.1372220e+00         -inf  1.00779e+05  6.13722e+00  6.13722e+00
1.454404675e+00  5.4837188e+00         -inf  1.00779e+05  5.48372e+00  5.48372e+00
1.460222293e+00  5.3928775e+00         -inf  1.00779e+05  5.39288e+00  5.39288e+00
1.466063182e+00  5.3726422e+00         -inf  1.00779e+05  5.37264e+00  5.37264e+00
1.471927435e+00  5.8958111e+00         -inf  1.00779e+05  5.89581e+00  5.89581e+00
1.477815145e+00  5.7780705e+00         -inf  1.00779e+05  5.77807e+00  5.77807e+00
1.483726405e+00  5.4256325e+00         -inf  1.00779e+05  5.42563e+00  5.42563e+00
1.489661311e+00  5.3125818e+00         -inf  1.00779e+05  5.31258e+00  5.31258e+00
1.495619956e+00  5.4173509e+00         -inf  1.00779e+05  5.41735e+00  5.41735e+00
1.501602436e+00  5.3254381e+00         -inf  1.00779e+05  5.32544e+00  5.32544e+00
1.507608846e+00  5.2458671e+00         -inf  1.00779e+05  5.24587e+00  5.24587e+00
1.513639281e+00  5.2476898e+00         -inf  1.00779e+05  5.24769e+00  5.24769e+00
1.519693838e+00  5.2658727e+00         -inf  1.00779e+05  5.26587e+00  5.26587e+00
1.525772614e+00  5.3723856e+00         -inf  1.00779e+05  5.37239e+00  5.37239e+00
1.531875704e+00  5.8947494e+00         -inf  1.00779e+05  5.89475e+00  5.89475e+00
1.538003207e+00  6.2173482e+00         -inf  1.00779e+05  6.21735e+00  6.21735e+00
1.544155220e+00  5.7281266e+00         -inf  1.00779e+05  5.72813e+00  5.72813e+00
1.550331841e+00  5.1952466e+00         -inf  1.00779e+05  5.19525e+00  5.19525e+00
1.556533168e+00  5.1760283e+00         -inf  1.00779e+05  5.17603e+00  5.17603e+00
1.562759301e+00  5.1862391e+00         -inf  1.00779e+05  5.18624e+00  5.18624e+00
1.569010338e+00  7.1902234e+00         -inf  1.00779e+05  7.19022e+00  7.19022e+00
1.575286379e+00  8.8053541e+00         -inf  1.00779e+05  8.80535e+00  8.80535e+00
1.581587525e+00  7.2804823e+00         -inf  1.00779e+05  7.28048e+00  7.28048e+00
1.587913875e+00  5.3496551e+00         -inf  1.00779e+05  5.34966e+00  5.34966e+00
1.594265530e+00  5.2849935e+00         -inf  1.00779e+05  5.28499e+00  5.28499e+00
1.600642593e+00  8.4544243e+00         -inf  1.00779e+05  8.45442e+00  8.45442e+00
1.607045163e+00  8.6351623e+00         -inf  1.00779e+05  8.63516e+00  8.63516e+00
1.613473344e+00  6.9889584e+00         -inf  1.00779e+05  6.98896e+00  6.98896e+00
1.619927237e+00  5.4933718e+00         -inf  1.00779e+05  5.49337e+00  5.49337e+00
1.626406946e+00  5.4512383e+00         -inf  1.00779e+05  5.45124e+00  5.45124e+00
1.632912574e+00  5.7825562e+00         -inf  1.00779e+05  5.78256e+00  5.78256e+00
1.639444224e+00  6.2346791e+00         -inf  1.00779e+05  6.23468e+00  6.23468e+00
1.646002001e+00  6.4043764e+00         -inf  1.00779e+05  6.40438e+00  6.40438e+00
1.652586009e+00  6.2347234e+00         -inf  1.00779e+05  6.23472e+00  6.23472e+00
1.659196353e+00  5.5673479e+00         -inf  1.00779e+05  5.56735e+00  5.56735e+00
1.665833138e+00  7.0029347e+00         -inf  1.00779e+05  7.00293e+00  7.00293e+00
1.672496471e+00  5.5463788e+00         -inf  1.00779e+05  5.54638e+00  5.54638e+00
1.679186457e+00  5.5997659e+00         -inf  1.00779e+05  5.59977e+00  5.59977e+00
1.685903203e+00  5.6267866e+00         -inf  1.00779e+05  5.62679e+00  5.62679e+00
1.692646815e+00  5.7286663e+00         -inf  1.00779e+05  5.72867e+00  5.72867e+00
1.699417403e+00  5.8453195e+00         -inf  1.00779e+05  5.84532e+00  5.84532e+00
1.706215072e+00  6.5942123e+00         -inf  1.00779e+05  6.59421e+00  6.59421e+00
1.713039933e+00  5.8680571e+00         -inf  1.00779e+05  5.86806e+00  5.86806e+00
1.719892092e+00  5.7512274e+00         -inf  1.00779e+05  5.75123e+00  5.75123e+00
1.726771661e+00  6.3216073e+00         -inf  1.00779e+05  6.32161e+00  6.32161e+00
1.733678747e+00  5.7226766e+00         -inf  1.00779e+05  5.72268e+00  5.72268e+00
1.740613462e+00  5.4754195e+00         -inf  1.00779e+05  5.47542e+00  5.47542e+00
1.747575916e+00  5.3174837e+00         -inf  1.00779e+05  5.31748e+00  5.31748e+00
1.754566220e+00  5.2588650e+00         -inf  1.00779e+05  5.25887e+00  5.25887e+00
1.761584485e+00  5.2734733e+00         -inf  1.00779e+05  5.27347e+00  5.27347e+00
1.768630823e+00  5.5692590e+00         -inf  1.00779e+05  5.56926e+00  5.56926e+00
1.775705346e+00  5.8068777e+00         -inf  1.00779e+05  5.80688e+00  5.80688e+00
1.782808167e+00  5.4729864e+00         -inf  1.00779e+05  5.47299e+00  5.47299e+00
1.789939400e+00  6.0576521e+00         -inf  1.00779e+05  6.05765e+00  6.05765e+00
1.797099158e+00  5.3945675e+00         -inf  1.00779e+05  5.39457e+00  5.39457e+00
1.804287554e+00  5.3953107e+00         -inf  1.00779e+05  5.39531e+00  5.39531e+00
1.811504704e+00  5.4186515e+00         -inf  1.00779e+05  5.41865e+00  5.41865e+00
1.818750723e+00  5.4342858e+00         -inf  1.00779e+05  5.43429e+00  5.43429e+00
1.826025726e+00  5.5443704e+00         -inf  1.00779e+05  5.54437e+00  5.54437e+00
1.833329829e+00  5.7675067e+00         -inf  1.00779e+05  5.76751e+00  5.76751e+00
1.840663148e+00  6.0155489e+00         -inf  1.00779e+05  6.01555e+00  6.01555e+00
1.848025801e+00  6.1417693e+00         -inf  1.00779e+05  6.14177e+00  6.14177e+00
1.855417904e+00  6.1690974e+00         -inf  1.00779e+05  6.16910e+00  6.16910e+00
1.862839576e+00  6.1208286e+00         -inf  1.00779e+05  6.12083e+00  6.12083e+00
1.870290934e+00  6.0984723e+00         -inf  1.00779e+05  6.09847e+00  6.09847e+00
1.877772098e+00  6.9359985e+00         -inf  1.00779e+05  6.93600e+00  6.93600e+00
1.885283186e+00  6.8766691e+00         -inf  1.00779e+05  6.87667e+00  6.87667e+00
1.892824319e+00  5.9837877e+00         -inf  1.00779e+05  5.98379e+00  5.98379e+00
1.900395616e+00  5.8396041e+00         -inf  1.00779e+05  5.83960e+00  5.83960e+00
1.907997199e+00  5.7649144e+00         -inf  1.00779e+05  5.76491e+00  5.76491e+00
1.915629188e+00  5.5970850e+00         -inf  1.00779e+05  5.59709e+00  5.59709e+00
1.923291704e+00  5.3425059e+00         -inf  1.00779e+05  5.34251e+00  5.34251e+00
1.930984871e+00  5.1266195e+00         -inf  1.00779e+05  5.12662e+00  5.12662e+00
1.938708811e+00  5.5167830e+00         -inf  1.00779e+05  5.51678e+00  5.51678e+00
1.946463646e+00  9.4503179e+00         -inf  1.00779e+05  9.45032e+00  9.45032e+00
1.954249500e+00  1.6060749e+01         -inf  1.00779e+05  1.60607e+01  1.60607e+01
1.962066498e+00  1.5664114e+01         -inf  1.00779e+05  1.56641e+01  1.56641e+01
1.969914764e+00  1.3367487e+01         -inf  1.00779e+05  1.33675e+01  1.33675e+01
1.977794423e+00  7.8700978e+00         -inf  1.00779e+05  7.87010e+00  7.87010e+00
1.985705601e+00  6.1922055e+00         -inf  1.00779e+05  6.19221e+00  6.19221e+00
1.993648424e+00  7.8404065e+00         -inf  1.00779e+05  7.84041e+00  7.84041e+00
2.001623017e+00  1.8641817e+01         -inf  1.00779e+05  1.86418e+01  1.86418e+01
2.009629509e+00  1.9591587e+01         -inf  1.00779e+05  1.95916e+01  1.95916e+01
2.017668027e+00  1.7484370e+01         -inf  1.00779e+05  1.74844e+01  1.74844e+01
2.025738699e+00  1.1046889e+01         -inf  1.00779e+05  1.10469e+01  1.10469e+01
2.033841654e+00  9.5916185e+00         -inf  1.00779e+05  9.59162e+00  9.59162e+00
2.041977021e+00  1.0274558e+01         -inf  1.00779e+05  1.02746e+01  1.02746e+01
2.050144929e+00  1.3570826e+01         -inf  1.00779e+05  1.35708e+01  1.35708e+01
2.058345509e+00  1.4800975e+01         -inf  1.00779e+05  1.48010e+01  1.48010e+01
2.066578891e+00  1.4188580e+01         -inf  1.00779e+05  1.41886e+01  1.41886e+01
2.074845206e+00  1.0898017e+01         -inf  1.00779e+05  1.08980e+01  1.08980e+01
2.083144587e+00  9.2330557e+00         -inf  1.00779e+05  9.23306e+00  9.23306e+00
2.091477165e+00  7.8474468e+00         -inf  1.00779e+05  7.84745e+00  7.84745e+00
2.099843074e+00  6.7795754e+00         -inf  1.00779e+05  6.77958e+00  6.77958e+00
2.108242446e+00  7.0646425e+00         -inf  1.00779e+05  7.06464e+00  7.06464e+00
2.116675416e+00  6.6270143e+00         -inf  1.00779e+05  6.62701e+00  6.62701e+00
2.125142118e+00  6.1724858e+00         -inf  1.00779e+05  6.17249e+00  6.17249e+00
2.133642686e+00  5.8275806e+00         -inf  1.00779e+05  5.82758e+00  5.82758e+00
2.142177257e+00  6.0256788e+00         -inf  1.00779e+05  6.02568e+00  6.02568e+00
2.150745966e+00  6.8274147e+00         -inf  1.00779e+05  6.82741e+00  6.82741e+00
2.159348950e+00  6.9526994e+00         -inf  1.00779e+05  6.95270e+00  6.95270e+00
2.167986346e+00  6.7747897e+00         -inf  1.00779e+05  6.77479e+00  6.77479e+00
2.176658291e+00  6.3871344e+00         -inf  1.00779e+05  6.38713e+00  6.38713e+00
2.185364924e+00  5.7477680e+00         -inf  1.00779e+05  5.74777e+00  5.74777e+00
2.194106384e+00  5.9114618e+00         -inf  1.00779e+05  5.91146e+00  5.91146e+00
2.202882810e+00  8.3404534e+00         -inf  1.00779e+05  8.34045e+00  8.34045e+00
2.211694341e+00  5.5816635e+00         -inf  1.00779e+05  5.58166e+00  5.58166e+00
2.220541118e+00  6.2269205e+00         -inf  1.00779e+05  6.22692e+00  6.22692e+00
2.229423283e+00  6.7448368e+00         -inf  1.00779e+05  6.74484e+00  6.74484e+00
2.238340976e+00  7.1175305e+00         -inf  1.00779e+05  7.11753e+00  7.11753e+00
2.247294340e+00  7.6308651e+00         -inf  1.00779e+05  7.63087e+00  7.63087e+00
2.256283517e+00  8.2740085e+00         -inf  1.00779e+05  8.27401e+00  8.27401e+00
2.265308651e+00  8.4788331e+00         -inf  1.00779e+05  8.47883e+00  8.47883e+00
2.274369886e+00  8.9246139e+00         -inf  1.00779e+05  8.92461e+00  8.92461e+00
2.283467365e+00  8.8209890e+00         -inf  1.00779e+05  8.82099e+00  8.82099e+00
2.292601235e+00  9.6315853e+00         -inf  1.00779e+05  9.63159e+00  9.63159e+00
2.301771640e+00  1.0666128e+01         -inf  1.00779e+05  1.06661e+01  1.06661e+01
2.310978726e+00  7.3259827e+00         -inf  1.00779e+05  7.32598e+00  7.32598e+00
2.320222641e+00  1.0087119e+01         -inf  1.00779e+05  1.00871e+01  1.00871e+01
2.329503532e+00  8.8027187e+00         -inf  1.00779e+05  8.80272e+00  8.80272e+00
2.338821546e+00  9.9813728e+00         -inf  1.00779e+05  9.98137e+00  9.98137e+00
2.348176832e+00  1.0582405e+01         -inf  1.00779e+05  1.05824e+01  1.05824e+01
2.357569539e+00  9.0983794e+00         -inf  1.00779e+05  9.09838e+00  9.09838e+00
2.366999817e+00  9.3519007e+00         -inf  1.00779e+05  9.35190e+00  9.35190e+00
2.376467817e+00  9.6012564e+00         -inf  1.00779e+05  9.60126e+00  9.60126e+00
2.385973688e+00  7.9208919e+00         -inf  1.00779e+05  7.92089e+00  7.92089e+00
2.395517583e+00  8.0010580e+00         -inf  1.00779e+05  8.00106e+00  8.00106e+00
2.405099653e+00  6.8550671e+00         -inf  1.00779e+05  6.85507e+00  6.85507e+00
2.414720052e+00  6.0536619e+00         -inf  1.00779e+05  6.05366e+00  6.05366e+00
2.424378932e+00  6.8592954e+00         -inf  1.00779e+05  6.85930e+00  6.85930e+00
2.434076448e+00  5.9683049e+00         -inf  1.00779e+05  5.96830e+00  5.96831e+00
2.443812753e+00  5.5965981e+00         -inf  1.00779e+05  5.59660e+00  5.59660e+00
2.453588004e+00  5.4069366e+00         -inf  1.00779e+05  5.40694e+00  5.40694e+00
2.463402356e+00  5.1890968e+00         -inf  1.00779e+05  5.18910e+00  5.18910e+00
2.473255966e+00  5.0782098e+00         -inf  1.00779e+05  5.07821e+00  5.07821e+00
2.483148990e+00  5.3647051e+00         -inf  1.00779e+05  5.36471e+00  5.36471e+00
2.493081586e+00  5.2480610e+00         -inf  1.00779e+05  5.24806e+00  5.24806e+00
2.503053912e+00  5.2090670e+00         -inf  1.00779e+05  5.20907e+00  5.20907e+00
2.513066128e+00  5.2510781e+00         -inf  1.00779e+05  5.25108e+00  5.25108e+00
2.523118392e+00  5.3351261e+00         -inf  1.00779e+05  5.33513e+00  5.33513e+00
2.533210866e+00  5.5761331e+00         -inf  1.00779e+05  5.57613e+00  5.57613e+00
2.543343709e+00  5.7811841e+00         -inf  1.00779e+05  5.78118e+00  5.78118e+00
2.553517084e+00  6.5929200e+00         -inf  1.00779e+05  6.59292e+00  6.59292e+00
2.563731152e+00  7.6947861e+00         -inf  1.00779e+05  7.69479e+00  7.69479e+00
2.573986077e+00  8.0682125e+00         -inf  1.00779e+05  8.06821e+00  8.06821e+00
2.584282021e+00  8.6409627e+00         -inf  1.00779e+05  8.64096e+00  8.64096e+00
2.594619149e+00  9.2792134e+00         -inf  1.00779e+05  9.27921e+00  9.27921e+00
2.604997626e+00  9.1725699e+00         -inf  1.00779e+05  9.17257e+00  9.17257e+00
2.615417616e+00  9.2557801e+00         -inf  1.00779e+05  9.25578e+00  9.25578e+00
2.625879287e+00  8.6963402e+00         -inf  1.00779e+05  8.69634e+00  8.69634e+00
2.636382804e+00  8.3614915e+00         -inf  1.00779e+05  8.36149e+00  8.36149e+00
2.646928335e+00  8.3330581e+00         -inf  1.00779e+05  8.33306e+00  8.33306e+00
2.657516049e+00  9.4888689e+00         -inf  1.00779e+05  9.48887e+00  9.48887e+00
2.668146113e+00  1.9312416e+01         -inf  1.00779e+05  1.93124e+01  1.93124e+01
2.678818697e+00  3.0270745e+01         -inf  1.00779e+05  3.02707e+01  3.02707e+01
2.689533972e+00  2.9786385e+01         -inf  1.00779e+05  2.97864e+01  2.97864e+01
2.700292108e+00  3.0487396e+01         -inf  1.00779e+05  3.04874e+01  3.04874e+01
2.711093276e+00  2.6780256e+01         -inf  1.00779e+05  2.67803e+01  2.67803e+01
2.721937650e+00  2.0755012e+01         -inf  1.00779e+05  2.07550e+01  2.07550e+01
2.732825400e+00  1.9045242e+01         -inf  1.00779e+05  1.90452e+01  1.90452e+01
2.743756702e+00  2.3051596e+01         -inf  1.00779e+05  2.30516e+01  2.30516e+01
2.754731729e+00  2.9065023e+01         -inf  1.00779e+05  2.90650e+01  2.90650e+01
2.765750655e+00  2.8384315e+01         -inf  1.00779e+05  2.83843e+01  2.83843e+01
2.776813658e+00  2.9648078e+01         -inf  1.00779e+05  2.96481e+01  2.96481e+01
2.787920913e+00  2.6917301e+01         -inf  1.00779e+05  2.69173e+01  2.69173e+01
2.799072596e+00  2.2841139e+01         -inf  1.00779e+05  2.28411e+01  2.28411e+01
2.810268887e+00  2.0487190e+01         -inf  1.00779e+05  2.04872e+01  2.04872e+01
2.821509962e+00  1.8308560e+01         -inf  1.00779e+05  1.83086e+01  1.83086e+01
2.832796002e+00  1.5168855e+01         -inf  1.00779e+05  1.51689e+01  1.51689e+01
2.844127186e+00  1.5672058e+01         -inf  1.00779e+05  1.56721e+01  1.56721e+01
2.855503695e+00  1.3853680e+01         -inf  1.00779e+05  1.38537e+01  1.38537e+01
2.866925710e+00  1.4004074e+01         -inf  1.00779e+05  1.40041e+01  1.40041e+01
2.878393413e+00  1.2241091e+01         -inf  1.00779e+05  1.22411e+01  1.22411e+01
2.889906986e+00  1.1320568e+01         -inf  1.00779e+05  1.13206e+01  1.13206e+01
2.901466614e+00  8.4432354e+00         -inf  1.00779e+05  8.44324e+00  8.44325e+00
2.913072481e+00  6.1170487e+00         -inf  1.00779e+05  6.11705e+00  6.11706e+00
2.924724770e+00  5.3639416e+00         -inf  1.00779e+05  5.36394e+00  5.36395e+00
2.936423670e+00  4.9422583e+00         -inf  1.00779e+05  4.94226e+00  4.94227e+00
2.948169364e+00  5.4195845e+00         -inf  1.00779e+05  5.41958e+00  5.41960e+00
2.959962042e+00  7.1228761e+00         -inf  1.00779e+05  7.12288e+00  7.12289e+00
2.971801890e+00  6.9849175e+00         -inf  1.00779e+05  6.98492e+00  6.98493e+00
2.983689097e+00  7.6869066e+00         -inf  1.00779e+05  7.68691e+00  7.68692e+00
2.995623854e+00  6.1022049e+00         -inf  1.00779e+05  6.10220e+00  6.10222e+00
3.007606349e+00  5.7071027e+00         -inf  1.00779e+05  5.70710e+00  5.70712e+00
3.019636775e+00  5.5851104e+00         -inf  1.00779e+05  5.58511e+00  5.58513e+00
3.031715322e+00  4.9453539e+00         -inf  1.00779e+05  4.94535e+00  4.94538e+00
3.043842183e+00  4.8058620e+00         -inf  1.00779e+05  4.80586e+00  4.80589e+00
3.056017552e+00  4.7990024e+00         -inf  1.00779e+05  4.79900e+00  4.79903e+00
3.068241622e+00  4.7859839e+00         -inf  1.00779e+05  4.78598e+00  4.78601e+00
3.080514588e+00  4.7776639e+00         -inf  1.00779e+05  4.77766e+00  4.77769e+00
3.092836647e+00  4.7945452e+00         -inf  1.00779e+05  4.79455e+00  4.79458e+00
3.105207993e+00  4.8702878e+00         -inf  1.00779e+05  4.87029e+00  4.87032e+00
3.117628825e+00  5.1535247e+00         -inf  1.00779e+05  5.15352e+00  5.15356e+00
3.130099341e+00  5.4489681e+00         -inf  1.00779e+05  5.44897e+00  5.44901e+00
3.142619738e+00  5.2045734e+00         -inf  1.00779e+05  5.20457e+00  5.20462e+00
3.155190217e+00  6.1442525e+00         -inf  1.00779e+05  6.14425e+00  6.14430e+00
3.167810978e+00  6.1258122e+00         -inf  1.00779e+05  6.12581e+00  6.12586e+00
3.180482222e+00  7.8381238e+00         -inf  1.00779e+05  7.83812e+00  7.83818e+00
3.193204151e+00  8.0964669e+00         -inf  1.00779e+05  8.09647e+00  8.09652e+00
3.205976967e+00  9.1013250e+00         -inf  1.00779e+05  9.10132e+00  9.10139e+00
3.218800875e+00  1.0415600e+01         -inf  1.00779e+05  1.04156e+01  1.04157e+01
3.231676079e+00  1.0070604e+01         -inf  1.00779e+05  1.00706e+01  1.00707e+01
3.244602783e+00  1.1655529e+01         -inf  1.00779e+05  1.16555e+01  1.16556e+01
3.257581194e+00  1.2314735e+01         -inf  1.00779e+05  1.23147e+01  1.23148e+01
3.270611519e+00  1.1104444e+01         -inf  1.00779e+05  1.11044e+01  1.11045e+01
3.283693965e+00  8.6960735e+00         -inf  1.00779e+05  8.69607e+00  8.69616e+00
3.296828741e+00  9.6905541e+00         -inf  1.00779e+05  9.69055e+00  9.69065e+00
3.310016056e+00  1.7376462e+01         -inf  1.00779e+05  1.73765e+01  1.73765e+01
3.323256120e+00  1.5453931e+01         -inf  1.00779e+05  1.54539e+01  1.54540e+01
3.336549144e+00  8.1880039e+00         -inf  1.00779e+05  8.18800e+00  8.18812e+00
3.349895341e+00  9.1238086e+00         -inf  1.00779e+05  9.12381e+00  9.12394e+00
3.363294922e+00  1.1235940e+01         -inf  1.00779e+05  1.12359e+01  1.12361e+01
3.376748102e+00  1.1311335e+01         -inf  1.00779e+05  1.13113e+01  1.13115e+01
3.390255094e+00  1.1278883e+01         -inf  1.00779e+05  1.12789e+01  1.12790e+01
3.403816115e+00  1.0660044e+01         -inf  1.00779e+05  1.06600e+01  1.06602e+01
3.417431379e+00  9.0203864e+00         -inf  1.00779e+05  9.02039e+00  9.02056e+00
3.431101105e+00  9.3408371e+00         -inf  1.00779e+05  9.34084e+00  9.34102e+00
3.444825509e+00  9.1805056e+00         -inf  1.00779e+05  9.18051e+00  9.18071e+00
3.458604811e+00  8.3838297e+00         -inf  1.00779e+05  8.38383e+00  8.38405e+00
3.472439231e+00  9.2460020e+00         -inf  1.00779e+05  9.24600e+00  9.24623e+00
3.486328987e+00  8.9201263e+00         -inf  1.00779e+05  8.92013e+00  8.92037e+00
3.500274303e+00  7.8662321e+00         -inf  1.00779e+05  7.86623e+00  7.86649e+00
3.514275401e+00  6.4474250e+00         -inf  1.00779e+05  6.44743e+00  6.44770e+00
3.528332502e+00  7.3657966e+00         -inf  1.00779e+05  7.36580e+00  7.36609e+00
3.542445832e+00  9.9248299e+00         -inf  1.00779e+05  9.92483e+00  9.92514e+00
3.556615616e+00  7.8391487e+00         -inf  1.00779e+05  7.83915e+00  7.83948e+00
3.570842078e+00  9.3184806e+00         -inf  1.00779e+05  9.31848e+00  9.31883e+00
3.585125446e+00  8.8905496e+00         -inf  1.00779e+05  8.89055e+00  8.89092e+00
3.599465948e+00  7.4401961e+00         -inf  1.00779e+05  7.44020e+00  7.44059e+00
3.613863812e+00  7.2231525e+00         -inf  1.00779e+05  7.22315e+00  7.22357e+00
3.628319267e+00  6.7751151e+00         -inf  1.00779e+05  6.77512e+00  6.77556e+00
3.642832544e+00  7.0567670e+00         -inf  1.00779e+05  7.05677e+00  7.05724e+00
3.657403874e+00  5.6519096e+00         -inf  1.00779e+05  5.65191e+00  5.65241e+00
3.672033490e+00  6.0253785e+00         -inf  1.00779e+05  6.02538e+00  6.02591e+00
3.686721624e+00  6.1602715e+00         -inf  1.00779e+05  6.16027e+00  6.16083e+00
3.701468510e+00  5.6564666e+00         -inf  1.00779e+05  5.65647e+00  5.65706e+00
3.716274384e+00  6.1870249e+00         -inf  1.00779e+05  6.18702e+00  6.18766e+00
3.731139482e+00  6.5621802e+00         -inf  1.00779e+05  6.56218e+00  6.56285e+00
3.746064040e+00  6.2684701e+00         -inf  1.00779e+05  6.26847e+00  6.26918e+00
3.761048296e+00  6.0764771e+00         -inf  1.00779e+05  6.07648e+00  6.07723e+00
3.776092489e+00  6.3264615e+00         -inf  1.00779e+05  6.32646e+00  6.32726e+00
3.791196859e+00  6.9395833e+00         -inf  1.00779e+05  6.93958e+00  6.94043e+00
3.806361647e+00  7.2656447e+00         -inf  1.00779e+05  7.26564e+00  7.26654e+00
3.821587093e+00  7.0664433e+00         -inf  1.00779e+05  7.06644e+00  7.06739e+00
3.836873442e+00  7.8679132e+00         -inf  1.00779e+05  7.86791e+00  7.86892e+00
3.852220935e+00  8.8094697e+00         -inf  1.00779e+05  8.80947e+00  8.81055e+00
3.867629819e+00  1.1326060e+01         -inf  1.00779e+05  1.13261e+01  1.13272e+01
3.883100338e+00  1.3264137e+01         -inf  1.00779e+05  1.32641e+01  1.32653e+01
3.898632740e+00  1.1961317e+01         -inf  1.00779e+05  1.19613e+01  1.19626e+01
3.914227271e+00  1.2795245e+01         -inf  1.00779e+05  1.27952e+01  1.27966e+01
3.929884180e+00  1.2248947e+01         -inf  1.00779e+05  1.22489e+01  1.22504e+01
3.945603716e+00  1.1304459e+01         -inf  1.00779e+05  1.13045e+01  1.13060e+01
3.961386131e+00  1.0907705e+01         -inf  1.00779e+05  1.09077e+01  1.09093e+01
3.977231676e+00  1.1425633e+01         -inf  1.00779e+05  1.14256e+01  1.14274e+01
3.993140603e+00  1.1838588e+01         -inf  1.00779e+05  1.18386e+01  1.18404e+01
4.009113165e+00  1.2687768e+01         -inf  1.00779e+05  1.26878e+01  1.26897e+01
4.025149618e+00  1.3681757e+01         -inf  1.00779e+05  1.36818e+01  1.36838e+01
4.041250216e+00  1.4671453e+01         -inf  1.00779e+05  1.46715e+01  1.46737e+01
4.057415217e+00  1.4955803e+01         -inf  1.00779e+05  1.49558e+01  1.49582e+01
4.073644878e+00  1.5617302e+01         -inf  1.00779e+05  1.56173e+01  1.56198e+01
4.089939457e+00  1.6031130e+01         -inf  1.00779e+05  1.60311e+01  1.60337e+01
4.106299215e+00  1.6188493e+01         -inf  1.00779e+05  1.61885e+01  1.61912e+01
4.122724412e+00  1.6410788e+01         -inf  1.00779e+05  1.64108e+01  1.64136e+01
4.139215310e+00  1.6663464e+01         -inf  1.00779e+05  1.66635e+01  1.66664e+01
4.155772171e+00  1.6867370e+01         -inf  1.00779e+05  1.68674e+01  1.68705e+01
4.172395260e+00  1.8037537e+01         -inf  1.00779e+05  1.80375e+01  1.80404e+01
4.189084841e+00  2.3053542e+01         -inf  1.00779e+05  2.30535e+01  2.30545e+01
4.205841180e+00  3.2379896e+01         -inf  1.00779e+05  3.23799e+01  3.23800e+01
4.222664545e+00  4.0329471e+01         -inf  1.00779e+05  4.03295e+01  4.03296e+01
4.239555203e+00  4.3457533e+01         -inf  1.00779e+05  4.34575e+01  4.34576e+01
4.256513424e+00  4.1495799e+01         -inf  1.00779e+05  4.14958e+01  4.14959e+01
4.273539477e+00  4.3136178e+01         -inf  1.00779e+05  4.31362e+01  4.31363e+01
4.290633635e+00  4.1860850e+01         -inf  1.00779e+05  4.18608e+01  4.18610e+01
4.307796170e+00  3.9157440e+01         -inf  1.00779e+05  3.91574e+01  3.91576e+01
4.325027355e+00  3.5685254e+01         -inf  1.00779e+05  3.56853e+01  3.56854e+01
4.342327464e+00  3.3167287e+01         -inf  1.00779e+05  3.31673e+01  3.31674e+01
4.359696774e+00  3.2047290e+01         -inf  1.00779e+05  3.20473e+01  3.20475e+01
4.377135561e+00  2.9786787e+01         -inf  1.00779e+05  2.97868e+01  2.97872e+01
4.394644103e+00  2.9832429e+01         -inf  1.00779e+05  2.98324e+01  2.98328e+01
4.412222680e+00  2.9011796e+01         -inf  1.00779e+05  2.90118e+01  2.90122e+01
4.429871570e+00  2.6805834e+01         -inf  1.00779e+05  2.68058e+01  2.68069e+01
4.447591057e+00  2.3360991e+01         -inf  1.00779e+05  2.33610e+01  2.33638e+01
4.465381421e+00  2.2484642e+01         -inf  1.00779e+05  2.24846e+01  2.24876e+01
4.483242946e+00  2.2244587e+01         -inf  1.00779e+05  2.22446e+01  2.22479e+01
4.501175918e+00  2.0420362e+01         -inf  1.00779e+05  2.04204e+01  2.04258e+01
4.519180622e+00  2.1689001e+01         -inf  1.00779e+05  2.16890e+01  2.16934e+01
4.537257344e+00  2.0525231e+01         -inf  1.00779e+05  2.05252e+01  2.05309e+01
4.555406374e+00  1.8744160e+01         -inf  1.00779e+05  1.87442e+01  1.87517e+01
4.573627999e+00  1.6713926e+01         -inf  1.00779e+05  1.67139e+01  1.67233e+01
4.591922511e+00  1.3825403e+01         -inf  1.00779e+05  1.38254e+01  1.38360e+01
4.610290201e+00  1.2159970e+01         -inf  1.00779e+05  1.21600e+01  1.21710e+01
4.628731362e+00  1.0794539e+01         -inf  1.00779e+05  1.07945e+01  1.08059e+01
4.647246288e+00  9.6413764e+00         -inf  1.00779e+05  9.64138e+00  9.65316e+00
4.665835273e+00  8.6294520e+00         -inf  1.00779e+05  8.62945e+00  8.64171e+00
4.684498614e+00  8.5776263e+00         -inf  1.00779e+05  8.57763e+00  8.59039e+00
4.703236608e+00  1.4231259e+01         -inf  1.00779e+05  1.42313e+01  1.42443e+01
4.722049555e+00  1.5287768e+01         -inf  1.00779e+05  1.52878e+01  1.53013e+01
4.740937753e+00  1.3374940e+01         -inf  1.00779e+05  1.33749e+01  1.33893e+01
4.759901504e+00  1.3637394e+01         -inf  1.00779e+05  1.36374e+01  1.36523e+01
4.778941110e+00  1.3704831e+01         -inf  1.00779e+05  1.37048e+01  1.37205e+01
4.798056874e+00  1.3418560e+01         -inf  1.00779e+05  1.34186e+01  1.34350e+01
4.817249102e+00  1.7341885e+01         -inf  1.00779e+05  1.73419e+01  1.73568e+01
4.836518098e+00  1.4618489e+01         -inf  1.00779e+05  1.46185e+01  1.46361e+01
4.855864171e+00  1.4640652e+01         -inf  1.00779e+05  1.46407e+01  1.46588e+01
4.875287627e+00  1.2528383e+01         -inf  1.00779e+05  1.25284e+01  1.25481e+01
4.894788778e+00  1.0044277e+01         -inf  1.00779e+05  1.00443e+01  1.00652e+01
4.914367933e+00  9.3584604e+00         -inf  1.00779e+05  9.35846e+00  9.38011e+00
4.934025405e+00  7.4461312e+00         -inf  1.00779e+05  7.44613e+00  7.46859e+00
4.953761506e+00  7.3860263e+00         -inf  1.00779e+05  7.38603e+00  7.40947e+00
4.973576552e+00  6.4595011e+00         -inf  1.00779e+05  6.45950e+00  6.48395e+00
4.993470859e+00  5.8515164e+00         -inf  1.00779e+05  5.85152e+00  5.87700e+00
5.013444742e+00  4.8508948e+00         -inf  1.00779e+05  4.85089e+00  4.87746e+00
5.033498521e+00  4.8078885e+00         -inf  1.00779e+05  4.80789e+00  4.83560e+00
5.053632515e+00  4.8721439e+00         -inf  1.00779e+05  4.87214e+00  4.90105e+00
5.073847045e+00  5.1932342e+00         -inf  1.00779e+05  5.19323e+00  5.22341e+00
5.094142433e+00  5.6935900e+00         -inf  1.00779e+05  5.69359e+00  5.72508e+00
5.114519003e+00  5.7759154e+00         -inf  1.00779e+05  5.77592e+00  5.80873e+00
5.134977079e+00  5.2501977e+00         -inf  1.00779e+05  5.25020e+00  5.28435e+00
5.155516987e+00  6.1014506e+00         -inf  1.00779e+05  6.10145e+00  6.13707e+00
5.176139055e+00  1.1140812e+01         -inf  1.00779e+05  1.11408e+01  1.11771e+01
5.196843612e+00  8.6360019e+00         -inf  1.00779e+05  8.63600e+00  8.67460e+00
5.217630986e+00  9.8704781e+00         -inf  1.00779e+05  9.87048e+00  9.91082e+00
5.238501510e+00  8.8422209e+00         -inf  1.00779e+05  8.84222e+00  8.88447e+00
5.259455516e+00  7.7413505e+00         -inf  1.00779e+05  7.74135e+00  7.78539e+00
5.280493338e+00  6.5576776e+00         -inf  1.00779e+05  6.55768e+00  6.60330e+00
5.301615311e+00  6.1090104e+00         -inf  1.00779e+05  6.10901e+00  6.15635e+00
5.322821773e+00  6.7918992e+00         -inf  1.00779e+05  6.79190e+00  6.84116e+00
5.344113060e+00  6.0289778e+00         -inf  1.00779e+05  6.02898e+00  6.08022e+00
5.365489512e+00  6.0469520e+00         -inf  1.00779e+05  6.04695e+00  6.10029e+00
5.386951470e+00  5.9372206e+00         -inf  1.00779e+05  5.93722e+00  5.99271e+00
5.408499276e+00  5.8561983e+00         -inf  1.00779e+05  5.85620e+00  5.91390e+00
5.430133273e+00  5.8687937e+00         -inf  1.00779e+05  5.86879e+00  5.92880e+00
5.451853806e+00  5.9620441e+00         -inf  1.00779e+05  5.96204e+00  6.02446e+00
5.473661221e+00  6.1087812e+00         -inf  1.00779e+05  6.10878e+00  6.17370e+00
5.495555866e+00  6.2977096e+00         -inf  1.00779e+05  6.29771e+00  6.36523e+00
5.517538090e+00  6.4686070e+00         -inf  1.00779e+05  6.46861e+00  6.53883e+00
5.539608242e+00  6.5764473e+00         -inf  1.00779e+05  6.57645e+00  6.64948e+00
5.561766675e+00  6.6386306e+00         -inf  1.00779e+05  6.63863e+00  6.71460e+00
5.584013742e+00  6.7985649e+00         -inf  1.00779e+05  6.79856e+00  6.87756e+00
5.606349797e+00  6.9430659e+00         -inf  1.00779e+05  6.94307e+00  7.02521e+00
5.628775196e+00  7.0425559e+00         -inf  1.00779e+05  7.04256e+00  7.12797e+00
5.651290297e+00  7.1428000e+00         -inf  1.00779e+05  7.14280e+00  7.23161e+00
5.673895458e+00  7.2687346e+00         -inf  1.00779e+05  7.26873e+00  7.36108e+00
5.696591040e+00  7.3760761e+00         -inf  1.00779e+05  7.37608e+00  7.47209e+00
5.719377404e+00  7.6810671e+00         -inf  1.00779e+05  7.68107e+00  7.78087e+00
5.742254913e+00  8.2767638e+00         -inf  1.00779e+05  8.27676e+00  8.38043e+00
5.765223933e+00  8.4719175e+00         -inf  1.00779e+05  8.47192e+00  8.57971e+00
5.788284829e+00  8.2290539e+00         -inf  1.00779e+05  8.22905e+00  8.34125e+00
5.811437968e+00  8.4091005e+00         -inf  1.00779e+05  8.40910e+00  8.52579e+00
5.834683720e+00  8.6719230e+00         -inf  1.00779e+05  8.67192e+00  8.79322e+00
5.858022455e+00  8.6036749e+00         -inf  1.00779e+05  8.60367e+00  8.72978e+00
5.881454545e+00  8.4886438e+00         -inf  1.00779e+05  8.48864e+00  8.61968e+00
5.904980363e+00  8.4234116e+00         -inf  1.00779e+05  8.42341e+00  8.55951e+00
5.928600284e+00  8.4122543e+00         -inf  1.00779e+05  8.41225e+00  8.55352e+00
5.952314685e+00  8.4704856e+00         -inf  1.00779e+05  8.47049e+00  8.61708e+00
5.976123944e+00  8.4552642e+00         -inf  1.00779e+05  8.45526e+00  8.60718e+00
6.000028440e+00  8.5151792e+00         -inf  1.00779e+05  8.51518e+00  8.67254e+00
6.024028554e+00  8.4762153e+00         -inf  1.00779e+05  8.47622e+00  8.63909e+00
6.048124668e+00  8.4990427e+00         -inf  1.00779e+05  8.49904e+00  8.66747e+00
6.072317167e+00  8.4848882e+00         -inf  1.00779e+05  8.48489e+00  8.65898e+00
6.096606435e+00  8.4356047e+00         -inf  1.00779e+05  8.43560e+00  8.61548e+00
6.120992861e+00  8.4451621e+00         -inf  1.00779e+05  8.44516e+00  8.63092e+00
6.145476832e+00  8.3329402e+00         -inf  1.00779e+05  8.33294e+00  8.52469e+00
6.170058740e+00  8.3356422e+00         -inf  1.00779e+05  8.33564e+00  8.53352e+00
6.194738975e+00  8.2595837e+00         -inf  1.00779e+05  8.25958e+00  8.46388e+00
6.219517931e+00  8.2592773e+00         -inf  1.00779e+05  8.25928e+00  8.47029e+00
6.244396002e+00  8.1948720e+00         -inf  1.00779e+05  8.19487e+00  8.41300e+00
6.269373586e+00  8.0695025e+00         -inf  1.00779e+05  8.06950e+00  8.29518e+00
6.294451081e+00  8.3236765e+00         -inf  1.00779e+05  8.32368e+00  8.55719e+00
6.319628885e+00  8.1488383e+00         -inf  1.00779e+05  8.14884e+00  8.39070e+00
6.344907401e+00  8.4260959e+00         -inf  1.00779e+05  8.42610e+00  8.67648e+00
6.370287030e+00  8.2628197e+00         -inf  1.00779e+05  8.26282e+00  8.52211e+00
6.395768178e+00  8.4072064e+00         -inf  1.00779e+05  8.40721e+00  8.67559e+00
6.421351251e+00  8.4583397e+00         -inf  1.00779e+05  8.45834e+00  8.73603e+00
6.447036656e+00  8.6433184e+00         -inf  1.00779e+05  8.64332e+00  8.93045e+00
6.472824803e+00  8.9661958e+00         -inf  1.00779e+05  8.96620e+00  9.26277e+00
6.498716102e+00  1.0115280e+01         -inf  1.00779e+05  1.01153e+01  1.04210e+01
6.524710966e+00  8.9447531e+00         -inf  1.00779e+05  8.94475e+00  9.26011e+00
6.550809810e+00  8.2935281e+00         -inf  1.00779e+05  8.29353e+00  8.61872e+00
6.577013049e+00  8.2208019e+00         -inf  1.00779e+05  8.22080e+00  8.55575e+00
6.603321102e+00  8.1435895e+00         -inf  1.00779e+05  8.14359e+00  8.48836e+00
6.629734386e+00  8.0422101e+00         -inf  1.00779e+05  8.04221e+00  8.39698e+00
6.656253324e+00  8.1143698e+00         -inf  1.00779e+05  8.11437e+00  8.47934e+00
6.682878337e+00  7.9158269e+00         -inf  1.00779e+05  7.91583e+00  8.29130e+00
6.709609850e+00  7.8377422e+00         -inf  1.00779e+05  7.83774e+00  8.22391e+00
6.736448290e+00  7.8998824e+00         -inf  1.00779e+05  7.89988e+00  8.29701e+00
6.763394083e+00  7.5782518e+00         -inf  1.00779e+05  7.57825e+00  7.98670e+00
6.790447659e+00  8.0984644e+00         -inf  1.00779e+05  8.09846e+00  8.51829e+00
6.817609450e+00  7.5813586e+00         -inf  1.00779e+05  7.58136e+00  8.01308e+00
6.844879888e+00  7.5046533e+00         -inf  1.00779e+05  7.50465e+00  7.94849e+00
6.872259407e+00  7.3978740e+00         -inf  1.00779e+05  7.39787e+00  7.85431e+00
6.899748445e+00  7.4941370e+00         -inf  1.00779e+05  7.49414e+00  7.96375e+00
6.927347438e+00  7.1216185e+00         -inf  1.00779e+05  7.12162e+00  7.60422e+00
6.955056828e+00  6.8180593e+00         -inf  1.00779e+05  6.81806e+00  7.31393e+00
6.982877056e+00  6.8837521e+00         -inf  1.00779e+05  6.88375e+00  7.39388e+00
7.010808564e+00  6.7087257e+00         -inf  1.00779e+05  6.70873e+00  7.23304e+00
7.038851798e+00  6.3250673e+00         -inf  1.00779e+05  6.32507e+00  6.86359e+00
7.067007205e+00  6.2024847e+00         -inf  1.00779e+05  6.20248e+00  6.75605e+00
7.095275234e+00  6.1120050e+00         -inf  1.00779e+05  6.11200e+00  6.68101e+00
7.123656335e+00  5.8854656e+00         -inf  1.00779e+05  5.88547e+00  6.47039e+00
7.152150960e+00  5.9184133e+00         -inf  1.00779e+05  5.91841e+00  6.51980e+00
7.180759564e+00  5.8720562e+00         -inf  1.00779e+05  5.87206e+00  6.49066e+00
7.209482602e+00  6.3087392e+00         -inf  1.00779e+05  6.30874e+00  6.94545e+00
7.238320533e+00  6.9511387e+00         -inf  1.00779e+05  6.95114e+00  7.60874e+00
7.267273815e+00  7.8423095e+00         -inf  1.00779e+05  7.84231e+00  8.52106e+00
7.296342910e+00  7.7767760e+00         -inf  1.00779e+05  7.77678e+00  8.47533e+00
7.325528282e+00  9.3969694e+00         -inf  1.00779e+05  9.39697e+00  1.01168e+01
7.354830395e+00  1.0950289e+01         -inf  1.00779e+05  1.09503e+01  1.16832e+01
7.384249717e+00  1.2279404e+01         -inf  1.00779e+05  1.22794e+01  1.30059e+01
7.413786715e+00  1.1549465e+01         -inf  1.00779e+05  1.15495e+01  1.22926e+01
7.443441862e+00  1.2932112e+01         -inf  1.00779e+05  1.29321e+01  1.36656e+01
7.473215630e+00  1.2551366e+01         -inf  1.00779e+05  1.25514e+01  1.33146e+01
7.503108492e+00  1.3156485e+01         -inf  1.00779e+05  1.31565e+01  1.39129e+01
7.533120926e+00  1.2439294e+01         -inf  1.00779e+05  1.24393e+01  1.32397e+01
7.563253410e+00  1.0882063e+01         -inf  1.00779e+05  1.08821e+01  1.17489e+01
7.593506424e+00  1.0917127e+01         -inf  1.00779e+05  1.09171e+01  1.18292e+01
7.623880449e+00  1.2802927e+01         -inf  1.00779e+05  1.28029e+01  1.37340e+01
7.654375971e+00  1.7952630e+01         -inf  1.00779e+05  1.79526e+01  1.86755e+01
7.684993475e+00  1.8977001e+01         -inf  1.00779e+05  1.89770e+01  1.97169e+01
7.715733449e+00  1.7876928e+01         -inf  1.00779e+05  1.78769e+01  1.87218e+01
7.746596383e+00  1.6608183e+01         -inf  1.00779e+05  1.66082e+01  1.75325e+01
7.777582768e+00  1.4711859e+01         -inf  1.00779e+05  1.47119e+01  1.57110e+01
7.808693099e+00  1.5999782e+01         -inf  1.00779e+05  1.59998e+01  1.70022e+01
7.839927872e+00  1.6808365e+01         -inf  1.00779e+05  1.68084e+01  1.78047e+01
7.871287583e+00  1.6613153e+01         -inf  1.00779e+05  1.66132e+01  1.76227e+01
7.902772733e+00  1.5271278e+01         -inf  1.00779e+05  1.52713e+01  1.63604e+01
7.934383824e+00  1.4130828e+01         -inf  1.00779e+05  1.41308e+01  1.52778e+01
7.966121360e+00  1.2078844e+01         -inf  1.00779e+05  1.20788e+01  1.33044e+01
7.997985845e+00  1.0324201e+01         -inf  1.00779e+05  1.03242e+01  1.15898e+01
8.029977788e+00  1.0220016e+01         -inf  1.00779e+05  1.02200e+01  1.15267e+01
8.062097700e+00  8.6527614e+00         -inf  1.00779e+05  8.65276e+00  1.00008e+01
8.094346090e+00  7.5551326e+00         -inf  1.00779e+05  7.55513e+00  8.93514e+00
8.126723475e+00  6.4083623e+00         -inf  1.00779e+05  6.40836e+00  7.82036e+00
8.159230369e+00  5.6440613e+00         -inf  1.00779e+05  5.64406e+00  7.08741e+00
8.191867290e+00  6.1640769e+00         -inf  1.00779e+05  6.16408e+00  7.64808e+00
8.224634759e+00  4.8168180e+00         -inf  1.00779e+05  4.81682e+00  6.32699e+00
8.257533298e+00  4.8259855e+00         -inf  1.00779e+05  4.82599e+00  6.37446e+00
8.290563432e+00  3.9890595e+00         -inf  1.00779e+05  3.98906e+00  5.56762e+00
8.323725685e+00  4.7213405e+00         -inf  1.00779e+05  4.72134e+00  6.34240e+00
8.357020588e+00  4.9825350e+00         -inf  1.00779e+05  4.98253e+00  6.64233e+00
8.390448670e+00  5.9836321e+00         -inf  1.00779e+05  5.98363e+00  7.68783e+00
8.424010465e+00  6.4949883e+00         -inf  1.00779e+05  6.49499e+00  8.23936e+00
8.457706507e+00  7.5118491e+00         -inf  1.00779e+05  7.51185e+00  9.29708e+00
8.491537333e+00  7.3388024e+00         -inf  1.00779e+05  7.33880e+00  9.16541e+00
8.525503482e+00  7.1244089e+00         -inf  1.00779e+05  7.12441e+00  8.99076e+00
8.559605496e+00  5.3196432e+00         -inf  1.00779e+05  5.31964e+00  7.22663e+00
8.593843918e+00  6.8127332e+00         -inf  1.00779e+05  6.81273e+00  8.76563e+00
8.628219294e+00  7.3812824e+00         -inf  1.00779e+05  7.38128e+00  9.38250e+00
8.662732171e+00  7.3893884e+00         -inf  1.00779e+05  7.38939e+00  9.43962e+00
8.697383100e+00  7.1009438e+00         -inf  1.00779e+05  7.10094e+00  9.20016e+00
8.732172632e+00  6.2161523e+00         -inf  1.00779e+05  6.21615e+00  8.36130e+00
8.767101323e+00  5.2795558e+00         -inf  1.00779e+05  5.27956e+00  7.46881e+00
8.802169728e+00  4.8109018e+00         -inf  1.00779e+05  4.81090e+00  7.04370e+00
8.837378407e+00  4.5271138e+00         -inf  1.00779e+05  4.52711e+00  6.80545e+00
8.872727920e+00  4.2701369e+00         -inf  1.00779e+05  4.27014e+00  6.59713e+00
8.908218832e+00  4.2612776e+00         -inf  1.00779e+05  4.26128e+00  6.63985e+00
8.943851707e+00  4.1553030e+00         -inf  1.00779e+05  4.15530e+00  6.58590e+00
8.979627114e+00  3.7931508e+00         -inf  1.00779e+05  3.79315e+00  6.27948e+00
9.015545623e+00  3.3371729e+00         -inf  1.00779e+05  3.33717e+00  5.88079e+00
9.051607805e+00  3.3873020e+00         -inf  1.00779e+05  3.38730e+00  5.98757e+00
9.087814236e+00  3.4255903e+00         -inf  1.00779e+05  3.42559e+00  6.08247e+00
9.124165493e+00  3.5513517e+00         -inf  1.00779e+05  3.55135e+00  6.26720e+00
9.160662155e+00  3.8717163e+00         -inf  1.00779e+05  3.87172e+00  6.65100e+00
9.197304804e+00  4.5265769e+00         -inf  1.00779e+05  4.52658e+00  7.37639e+00
9.234094023e+00  4.5717427e+00         -inf  1.00779e+05  4.57174e+00  7.49960e+00
9.271030399e+00  4.7341539e+00         -inf  1.00779e+05  4.73415e+00  7.73469e+00
9.308114521e+00  4.8053133e+00         -inf  1.00779e+05  4.80531e+00  7.86710e+00
9.345346979e+00  4.9328031e+00         -inf  1.00779e+05  4.93280e+00  8.04976e+00
9.382728367e+00  9.5572321e+00         -inf  1.00779e+05  9.55723e+00  1.26690e+01
9.420259280e+00  1.7961614e+01         -inf  1.00779e+05  1.79616e+01  2.09284e+01
9.457940318e+00  2.1402918e+01         -inf  1.00779e+05  2.14029e+01  2.41938e+01
9.495772079e+00  2.3528791e+01         -inf  1.00779e+05  2.35288e+01  2.62163e+01
9.533755167e+00  2.1915210e+01         -inf  1.00779e+05  2.19152e+01  2.47670e+01
9.571890188e+00  1.3939492e+01         -inf  1.00779e+05  1.39395e+01  1.72186e+01
9.610177749e+00  2.1216463e+01         -inf  1.00779e+05  2.12165e+01  2.42397e+01
9.648618460e+00  2.1852410e+01         -inf  1.00779e+05  2.18524e+01  2.50093e+01
9.687212933e+00  1.9665549e+01         -inf  1.00779e+05  1.96655e+01  2.29220e+01
9.725961785e+00  1.8992257e+01         -inf  1.00779e+05  1.89923e+01  2.23058e+01
9.764865632e+00  1.8859204e+01         -inf  1.00779e+05  1.88592e+01  2.22772e+01
9.803925095e+00  1.7500874e+01         -inf  1.00779e+05  1.75009e+01  2.10882e+01
9.843140795e+00  1.5492594e+01         -inf  1.00779e+05  1.54926e+01  1.92374e+01
9.882513358e+00  1.2631400e+01         -inf  1.00779e+05  1.26314e+01  1.65657e+01
9.922043412e+00  9.9235675e+00         -inf  1.00779e+05  9.92357e+00  1.40004e+01
9.961731585e+00  7.4188888e+00         -inf  1.00779e+05  7.41889e+00  1.16221e+01
1.000157851e+01  5.1058626e+00         -inf  1.00779e+05  5.10586e+00  9.42176e+00
1.004158483e+01  3.0010509e+00         -inf  1.00779e+05  3.00105e+00  7.41965e+00
1.008175117e+01  2.2211670e+00         -inf  1.00779e+05  2.22117e+00  6.73718e+00
1.012207817e+01  1.2779043e+00         -inf  1.00779e+05  1.27790e+00  5.88652e+00
1.016256648e+01  1.0826490e+00         -inf  1.00779e+05  1.08265e+00  5.79224e+00
1.020321675e+01  1.1205409e+00         -inf  1.00779e+05  1.12054e+00  5.93626e+00
1.024402962e+01  1.1610250e+00         -inf  1.00779e+05  1.16102e+00  6.07896e+00
1.028500573e+01  1.2093265e+00         -inf  1.00779e+05  1.20933e+00  6.22804e+00
1.032614576e+01  1.2373325e+00         -inf  1.00779e+05  1.23733e+00  6.35264e+00
1.036745034e+01  7.8513508e-01         -inf  1.00779e+05  7.85135e-01  5.97401e+00
1.040892014e+01 -1.8045980e-01         -inf  1.00779e+05 -1.80460e-01  5.08108e+00
1.045055582e+01  3.4920683e-01         -inf  1.00779e+05  3.49207e-01  5.72950e+00
1.049235805e+01  2.3845631e-01         -inf  1.00779e+05  2.38456e-01  5.72254e+00
1.053432748e+01  1.8120854e-01         -inf  1.00779e+05  1.81209e-01  5.76991e+00
1.057646479e+01  2.7635021e-02         -inf  1.00779e+05  2.76350e-02  5.71714e+00
1.061877065e+01 -1.8893998e-01         -inf  1.00779e+05 -1.88940e-01  5.59888e+00
1.066124573e+01 -4.3814860e-01         -inf  1.00779e+05 -4.38149e-01  5.44737e+00
1.070389071e+01 -5.9855079e-01         -inf  1.00779e+05 -5.98551e-01  5.38806e+00
1.074670627e+01 -2.6978800e-01         -inf  1.00779e+05 -2.69788e-01  5.82908e+00
1.078969310e+01 -9.6562487e-01         -inf  1.00779e+05 -9.65625e-01  5.22746e+00
1.083285187e+01 -1.3488581e+00         -inf  1.00779e+05 -1.34886e+00  4.94667e+00
1.087618328e+01 -1.5612588e+00         -inf  1.00779e+05 -1.56126e+00  4.84267e+00
1.091968801e+01 -1.7411299e+00         -inf  1.00779e+05 -1.74113e+00  4.77384e+00
1.096336676e+01 -1.8801756e+00         -inf  1.00779e+05 -1.88018e+00  4.74819e+00
1.100722023e+01 -1.8118441e+00         -inf  1.00779e+05 -1.81184e+00  4.93560e+00
1.105124911e+01 -2.1345639e+00         -inf  1.00779e+05 -2.13456e+00  4.72552e+00
1.109545411e+01 -2.2601336e+00         -inf  1.00779e+05 -2.26013e+00  4.71809e+00
1.113983593e+01 -2.3997974e+00         -inf  1.00779e+05 -2.39980e+00  4.69785e+00
1.118439527e+01 -2.4902662e+00         -inf  1.00779e+05 -2.49027e+00  4.72922e+00
1.122913285e+01 -2.5651473e+00         -inf  1.00779e+05 -2.56515e+00  4.77808e+00
1.127404938e+01 -2.7262603e+00         -inf  1.00779e+05 -2.72626e+00  4.74061e+00
1.131914558e+01 -2.9354695e+00         -inf  1.00779e+05 -2.93547e+00  4.65532e+00
1.136442216e+01 -3.0657076e+00         -inf  1.00779e+05 -3.06571e+00  4.65232e+00
1.140987985e+01 -3.1940824e+00         -inf  1.00779e+05 -3.19408e+00  4.65277e+00
1.145551937e+01 -3.2454590e+00         -inf  1.00779e+05 -3.24546e+00  4.73338e+00
1.150134145e+01 -3.3851610e+00         -inf  1.00779e+05 -3.38516e+00  4.72554e+00
1.154734681e+01 -3.4995167e+00         -inf  1.00779e+05 -3.49952e+00  4.74536e+00
1.159353620e+01 -3.6989198e+00         -inf  1.00779e+05 -3.69892e+00  4.67937e+00
1.163991035e+01 -3.8621444e+00         -inf  1.00779e+05 -3.86214e+00  4.65169e+00
1.168646999e+01 -3.9523480e+00         -inf  1.00779e+05 -3.95235e+00  4.70077e+00
1.173321587e+01 -3.9840671e+00         -inf  1.00779e+05 -3.98407e+00  4.81143e+00
1.178014873e+01 -4.2168931e+00         -inf  1.00779e+05 -4.21689e+00  4.71751e+00
1.182726932e+01 -4.3621289e+00         -inf  1.00779e+05 -4.36213e+00  4.71506e+00
1.187457840e+01 -4.5444474e+00         -inf  1.00779e+05 -4.54445e+00  4.67603e+00
1.192207672e+01 -4.6866487e+00         -inf  1.00779e+05 -4.68665e+00  4.67982e+00
1.196976502e+01 -4.7791577e+00         -inf  1.00779e+05 -4.77916e+00  4.73641e+00
1.201764408e+01 -4.8795088e+00         -inf  1.00779e+05 -4.87951e+00  4.78676e+00
1.206571466e+01 -4.8334110e+00         -inf  1.00779e+05 -4.83341e+00  4.99405e+00
1.211397752e+01 -5.1516626e+00         -inf  1.00779e+05 -5.15166e+00  4.82004e+00
1.216243343e+01 -5.2238957e+00         -inf  1.00779e+05 -5.22390e+00  4.90587e+00
1.221108316e+01 -5.2369610e+00         -inf  1.00779e+05 -5.23696e+00  5.05695e+00
1.225992749e+01 -5.1898785e+00         -inf  1.00779e+05 -5.18988e+00  5.27403e+00
1.230896720e+01 -5.1895362e+00         -inf  1.00779e+05 -5.18954e+00  5.44586e+00
1.235820307e+01 -5.1801522e+00         -inf  1.00779e+05 -5.18015e+00  5.62950e+00
1.240763589e+01 -5.1808144e+00         -inf  1.00779e+05 -5.18081e+00  5.80297e+00
1.245726643e+01 -5.2596591e+00         -inf  1.00779e+05 -5.25966e+00  5.89406e+00
1.250709549e+01 -5.3839080e+00         -inf  1.00779e+05 -5.38391e+00  5.93301e+00
1.255712388e+01 -5.6102944e+00         -inf  1.00779e+05 -5.61029e+00  5.86431e+00
1.260735237e+01 -4.3318170e+00         -inf  1.00779e+05 -4.33182e+00  7.49674e+00
1.265778178e+01 -5.0308659e+00         -inf  1.00779e+05 -5.03087e+00  6.91039e+00
1.270841291e+01 -6.2512545e+00         -inf  1.00779e+05 -6.25125e+00  5.71443e+00
1.275924656e+01 -6.1362235e+00         -inf  1.00779e+05 -6.13622e+00  6.02340e+00
1.281028355e+01 -6.1222727e+00         -inf  1.00779e+05 -6.12227e+00  6.23056e+00
1.286152468e+01 -6.1438485e+00         -inf  1.00779e+05 -6.14385e+00  6.40009e+00
1.291297078e+01 -6.1688538e+00         -inf  1.00779e+05 -6.16885e+00  6.57391e+00
1.296462266e+01 -5.6743840e+00         -inf  1.00779e+05 -5.67438e+00  7.31605e+00
1.301648115e+01 -5.7713194e+00         -inf  1.00779e+05 -5.77132e+00  7.47142e+00
1.306854708e+01 -5.5564027e+00         -inf  1.00779e+05 -5.55640e+00  7.95331e+00
1.312082127e+01 -5.3497109e+00         -inf  1.00779e+05 -5.34971e+00  8.47752e+00
1.317330455e+01 -4.7433223e+00         -inf  1.00779e+05 -4.74332e+00  9.42547e+00
1.322599777e+01 -3.8250564e+00         -inf  1.00779e+05 -3.82506e+00  1.06709e+01
1.327890176e+01 -3.1630019e+00         -inf  1.00779e+05 -3.16300e+00  1.15125e+01
1.333201737e+01 -1.7923530e+00         -inf  1.00779e+05 -1.79235e+00  1.29681e+01
1.338534544e+01 -1.0900255e+00         -inf  1.00779e+05 -1.09003e+00  1.36653e+01
1.343888682e+01  5.1932156e-01         -inf  1.00779e+05  5.19322e-01  1.51374e+01
1.349264237e+01  5.8807080e+00         -inf  1.00779e+05  5.88071e+00  1.88864e+01
1.354661294e+01  3.2575869e+00         -inf  1.00779e+05  3.25759e+00  1.73335e+01
1.360079939e+01  4.1159935e+00         -inf  1.00779e+05  4.11599e+00  1.80297e+01
1.365520258e+01  4.2308251e+00         -inf  1.00779e+05  4.23083e+00  1.82089e+01
1.370982339e+01  3.7370805e+00         -inf  1.00779e+05  3.73708e+00  1.82428e+01
1.376466269e+01  2.0877084e+00         -inf  1.00779e+05  2.08771e+00  1.72989e+01
1.381972134e+01  3.1981155e+00         -inf  1.00779e+05  3.19812e+00  1.83008e+01
1.387500022e+01  1.9558423e+01         -inf  1.00779e+05  1.95584e+01  2.79234e+01
1.393050023e+01  7.2221349e+00         -inf  1.00779e+05  7.22213e+00  2.04288e+01
1.398622223e+01  5.8981701e+00         -inf  1.00779e+05  5.89817e+00  1.97564e+01
1.404216712e+01  8.3221387e+00         -inf  1.00779e+05  8.32214e+00  2.10159e+01
1.409833578e+01  9.1562379e+00         -inf  1.00779e+05  9.15624e+00  2.14973e+01
1.415472913e+01  1.1997676e+01         -inf  1.00779e+05  1.19977e+01  2.28050e+01
1.421134804e+01  1.5139837e+01         -inf  1.00779e+05  1.51398e+01  2.47153e+01
1.426819344e+01  1.7340306e+01         -inf  1.00779e+05  1.73403e+01  2.58089e+01
1.432526621e+01  1.9146106e+01         -inf  1.00779e+05  1.91461e+01  2.69061e+01
1.438256727e+01  2.2433119e+01         -inf  1.00779e+05  2.24331e+01  2.92602e+01
1.444009754e+01  2.4073047e+01         -inf  1.00779e+05  2.40730e+01  3.06898e+01
1.449785793e+01  2.4161488e+01         -inf  1.00779e+05  2.41615e+01  3.06677e+01
1.455584937e+01  2.6178452e+01         -inf  1.00779e+05  2.61785e+01  3.26373e+01
1.461407276e+01  2.7566307e+01         -inf  1.00779e+05  2.75663e+01  3.40730e+01
1.467252905e+01  2.7579343e+01         -inf  1.00779e+05  2.75793e+01  3.41859e+01
1.473121917e+01  2.7707466e+01         -inf  1.00779e+05  2.77075e+01  3.44139e+01
1.479014405e+01  2.8805463e+01         -inf  1.00779e+05  2.88055e+01  3.56136e+01
1.484930462e+01  2.8366063e+01         -inf  1.00779e+05  2.83661e+01  3.52846e+01
1.490870184e+01  2.8172434e+01         -inf  1.00779e+05  2.81724e+01  3.51944e+01
1.496833665e+01  3.9434904e+01         -inf  1.00779e+05  3.94349e+01  4.64810e+01
1.502821000e+01  2.9048620e+01         -inf  1.00779e+05  2.90486e+01  3.62952e+01
1.508832284e+01  2.9735203e+01         -inf  1.00779e+05  2.97352e+01  3.71041e+01
1.514867613e+01  2.7598678e+01         -inf  1.00779e+05  2.75987e+01  3.50992e+01
1.520927083e+01  2.6179846e+01         -inf  1.00779e+05  2.61798e+01  3.38009e+01
1.527010791e+01  2.6683516e+01         -inf  1.00779e+05  2.66835e+01  3.44363e+01
1.533118835e+01  2.6723051e+01         -inf  1.00779e+05  2.67231e+01  3.46048e+01
1.539251310e+01  2.7756936e+01         -inf  1.00779e+05  2.77569e+01  3.57608e+01
1.545408315e+01  2.4377615e+01         -inf  1.00779e+05  2.43776e+01  3.27137e+01
1.551589948e+01  2.3671123e+01         -inf  1.00779e+05  2.36711e+01  3.21725e+01
1.557796308e+01  2.1463213e+01         -inf  1.00779e+05  2.14632e+01  3.04700e+01
1.564027493e+01  1.8717448e+01         -inf  1.00779e+05  1.87174e+01  2.85282e+01
1.570283603e+01  1.8210616e+01         -inf  1.00779e+05  1.82106e+01  2.84964e+01
1.576564738e+01  1.5727795e+01         -inf  1.00779e+05  1.57278e+01  2.70669e+01
1.582870997e+01  1.2488182e+01         -inf  1.00779e+05  1.24882e+01  2.55560e+01
1.589202481e+01  1.0209162e+01         -inf  1.00779e+05  1.02092e+01  2.45464e+01
1.595559291e+01  5.1659257e+00         -inf  1.00779e+05  5.16593e+00  2.23569e+01
1.601941528e+01  4.3671608e+00         -inf  1.00779e+05  4.36716e+00  2.23065e+01
1.608349294e+01 -2.4607294e+00         -inf  1.00779e+05 -2.46073e+00  1.94788e+01
1.614782691e+01  3.6597229e-01         -inf  1.00779e+05  3.65972e-01  2.08819e+01
1.621241822e+01  1.0858617e+01         -inf  1.00779e+05  1.08586e+01  2.61766e+01
1.627726789e+01 -3.9153002e+00         -inf  1.00779e+05 -3.91530e+00  1.91648e+01
1.634237696e+01 -6.9624544e+00         -inf  1.00779e+05 -6.96245e+00  1.79741e+01
1.640774647e+01 -4.2081026e+00         -inf  1.00779e+05 -4.20810e+00  1.92896e+01
1.647337746e+01 -5.4490658e+00         -inf  1.00779e+05 -5.44907e+00  1.90107e+01
1.653927097e+01 -7.1464080e+00         -inf  1.00779e+05 -7.14641e+00  1.80942e+01
1.660542805e+01 -8.2836087e+00         -inf  1.00779e+05 -8.28361e+00  1.75694e+01
1.667184976e+01 -1.0499356e+01         -inf  1.00779e+05 -1.04994e+01  1.67463e+01
1.673853716e+01 -5.4522900e+00         -inf  1.00779e+05 -5.45229e+00  1.94936e+01
1.680549131e+01 -1.2591483e+01         -inf  1.00779e+05 -1.25915e+01  1.59464e+01
1.687271328e+01 -1.3874696e+01         -inf  1.00779e+05 -1.38747e+01  1.51178e+01
1.694020413e+01 -1.1775765e+01         -inf  1.00779e+05 -1.17758e+01  1.68470e+01
1.700796495e+01 -1.3696944e+01         -inf  1.00779e+05 -1.36969e+01  1.49374e+01
1.707599681e+01 -1.8306997e+01         -inf  1.00779e+05 -1.83070e+01  1.25568e+01
1.714430079e+01 -1.8964542e+01         -inf  1.00779e+05 -1.89645e+01  1.21923e+01
1.721287800e+01 -1.9432447e+01         -inf  1.00779e+05 -1.94324e+01  1.19216e+01
1.728172951e+01 -1.9482137e+01         -inf  1.00779e+05 -1.94821e+01  1.19416e+01
1.735085643e+01 -2.0254644e+01         -inf  1.00779e+05 -2.02546e+01  1.15366e+01
1.742025985e+01 -2.1192206e+01         -inf  1.00779e+05 -2.11922e+01  1.04522e+01
1.748994089e+01 -2.1728324e+01         -inf  1.00779e+05 -2.17283e+01  1.03693e+01
1.755990065e+01 -2.2306076e+01         -inf  1.00779e+05 -2.23061e+01  9.88420e+00
1.763014026e+01 -2.3632338e+01         -inf  1.00779e+05 -2.36323e+01  8.75122e+00
1.770066082e+01 -2.4193760e+01         -inf  1.00779e+05 -2.41938e+01  8.42023e+00
1.777146346e+01 -2.4724956e+01         -inf  1.00779e+05 -2.47250e+01  8.12449e+00
1.784254932e+01 -2.5727121e+01         -inf  1.00779e+05 -2.57271e+01  7.28346e+00
1.791391951e+01 -2.6601646e+01         -inf  1.00779e+05 -2.66016e+01  6.69375e+00
1.798557519e+01 -2.7164419e+01         -inf  1.00779e+05 -2.71644e+01  6.37878e+00
1.805751749e+01 -2.7726769e+01         -inf  1.00779e+05 -2.77268e+01  6.08341e+00
1.812974756e+01 -2.8195111e+01         -inf  1.00779e+05 -2.81951e+01  5.91499e+00
1.820226655e+01 -2.8554523e+01         -inf  1.00779e+05 -2.85545e+01  5.87763e+00
1.827507562e+01 -2.8499127e+01         -inf  1.00779e+05 -2.84991e+01  6.38912e+00
1.834817592e+01 -2.7154517e+01         -inf  1.00779e+05 -2.71545e+01  9.10651e+00
1.842156862e+01 -2.9534833e+01         -inf  1.00779e+05 -2.95348e+01  5.88629e+00
1.849525490e+01 -2.9942824e+01         -inf  1.00779e+05 -2.99428e+01  5.77064e+00
1.856923592e+01 -3.0083879e+01         -inf  1.00779e+05 -3.00839e+01  6.00286e+00
1.864351286e+01 -3.0387333e+01         -inf  1.00779e+05 -3.03873e+01  6.03745e+00
1.871808691e+01 -3.0702342e+01         -inf  1.00779e+05 -3.07023e+01  6.06068e+00
1.879295926e+01 -3.1034835e+01         -inf  1.00779e+05 -3.10348e+01  6.06746e+00
1.886813110e+01 -3.1483931e+01         -inf  1.00779e+05 -3.14839e+01  5.91588e+00
1.894360362e+01 -3.1660799e+01         -inf  1.00779e+05 -3.16608e+01  6.12052e+00
1.901937804e+01 -3.2087498e+01         -inf  1.00779e+05 -3.20875e+01  6.00113e+00
1.909545555e+01 -3.2475681e+01         -inf  1.00779e+05 -3.24757e+01  5.93588e+00
1.917183737e+01 -3.2769424e+01         -inf  1.00779e+05 -3.27694e+01  5.99146e+00
1.924852472e+01 -3.3178086e+01         -inf  1.00779e+05 -3.31781e+01  5.90027e+00
1.932551882e+01 -3.3481829e+01         -inf  1.00779e+05 -3.34818e+01  5.94912e+00
1.940282089e+01 -3.3840430e+01         -inf  1.00779e+05 -3.38404e+01  5.92691e+00
1.948043218e+01 -3.4185129e+01         -inf  1.00779e+05 -3.41851e+01  5.92458e+00
1.955835391e+01 -3.4507902e+01         -inf  1.00779e+05 -3.45079e+01  5.95408e+00
1.963658732e+01 -3.4824805e+01         -inf  1.00779e+05 -3.48248e+01  5.99432e+00
1.971513367e+01 -3.5169878e+01         -inf  1.00779e+05 -3.51699e+01  5.99613e+00
1.979399421e+01 -3.5513573e+01         -inf  1.00779e+05 -3.55136e+01  6.00201e+00
1.987317018e+01 -3.5845808e+01         -inf  1.00779e+05 -3.58458e+01  6.02589e+00
1.995266286e+01 -3.6178535e+01         -inf  1.00779e+05 -3.61785e+01  6.05124e+00
