# WARNING | GENERATOR | Too many electrons per pixel (up to 9.04e+13) detected in the 1.54-19.95 um spectral range. Reduce exposure time per frame to less than 0.000 seconds.
# ------------------------------------------------------------------------
# Radiance spectrum
# NASA-GSFC Planetary Spectrum Generator (PSG) (Villanueva et al. 2018, 2022)
# Synthesized on Tue Jul 14 13:21:12 2026
# Doppler velocities [km/s] (vobs,vrot+vorb,vwidth,vrfl,vstr): 47.10000,-0.00000,0.03000,0.00000,-0.00000
# ------------------------------------------------------------------------
# Spectra synthesized with the Planetary and Universal Model of Atmospheric Scattering (PUMAS, Villanueva et al. 2018, 2022)
# Single scattering radiative transfer method
# Radiative transfer took 18.187 seconds
# ------------------------------------------------------------------------
# Spectral unit: Wavelength [um]
# Radiance unit: Contrast [transit atmospheric thickness, km]
# Wave/freq Total Noise Stellar Proxima-Centauri-b Transit
2.000000000e-01  4.3104613e+01         -inf  1.00779e+05  4.31046e+01  4.31046e+01
2.008000000e-01  4.2929464e+01         -inf  1.00779e+05  4.29295e+01  4.29295e+01
2.016032000e-01  4.2859614e+01         -inf  1.00779e+05  4.28596e+01  4.28596e+01
2.024096128e-01  4.2822225e+01         -inf  1.00779e+05  4.28222e+01  4.28222e+01
2.032192513e-01  4.2780438e+01         -inf  1.00779e+05  4.27804e+01  4.27804e+01
2.040321283e-01  4.2742433e+01         -inf  1.00779e+05  4.27424e+01  4.27424e+01
2.048482568e-01  4.2713665e+01         -inf  1.00779e+05  4.27137e+01  4.27137e+01
2.056676498e-01  4.2700205e+01         -inf  1.00779e+05  4.27002e+01  4.27002e+01
2.064903204e-01  4.2695982e+01         -inf  1.00779e+05  4.26960e+01  4.26960e+01
2.073162817e-01  4.2691056e+01         -inf  1.00779e+05  4.26911e+01  4.26911e+01
2.081455468e-01  4.2690352e+01         -inf  1.00779e+05  4.26904e+01  4.26904e+01
2.089781290e-01  4.2686569e+01         -inf  1.00779e+05  4.26866e+01  4.26866e+01
2.098140415e-01  4.2694927e+01         -inf  1.00779e+05  4.26949e+01  4.26949e+01
2.106532977e-01  4.2708035e+01         -inf  1.00779e+05  4.27080e+01  4.27080e+01
2.114959109e-01  4.2713050e+01         -inf  1.00779e+05  4.27130e+01  4.27130e+01
2.123418945e-01  4.2759060e+01         -inf  1.00779e+05  4.27591e+01  4.27591e+01
2.131912621e-01  4.2819146e+01         -inf  1.00779e+05  4.28191e+01  4.28191e+01
2.140440271e-01  4.2805422e+01         -inf  1.00779e+05  4.28054e+01  4.28054e+01
2.149002032e-01  4.2841227e+01         -inf  1.00779e+05  4.28412e+01  4.28412e+01
2.157598041e-01  4.2878352e+01         -inf  1.00779e+05  4.28784e+01  4.28784e+01
2.166228433e-01  4.2911429e+01         -inf  1.00779e+05  4.29114e+01  4.29114e+01
2.174893346e-01  4.2956911e+01         -inf  1.00779e+05  4.29569e+01  4.29569e+01
2.183592920e-01  4.2990076e+01         -inf  1.00779e+05  4.29901e+01  4.29901e+01
2.192327292e-01  4.3030278e+01         -inf  1.00779e+05  4.30303e+01  4.30303e+01
2.201096601e-01  4.3071009e+01         -inf  1.00779e+05  4.30710e+01  4.30710e+01
2.209900987e-01  4.3114202e+01         -inf  1.00779e+05  4.31142e+01  4.31142e+01
2.218740591e-01  4.3158274e+01         -inf  1.00779e+05  4.31583e+01  4.31583e+01
2.227615553e-01  4.3200763e+01         -inf  1.00779e+05  4.32008e+01  4.32008e+01
2.236526016e-01  4.3244835e+01         -inf  1.00779e+05  4.32448e+01  4.32448e+01
2.245472120e-01  4.3291985e+01         -inf  1.00779e+05  4.32920e+01  4.32920e+01
2.254454008e-01  4.3332098e+01         -inf  1.00779e+05  4.33321e+01  4.33321e+01
2.263471824e-01  4.3381535e+01         -inf  1.00779e+05  4.33815e+01  4.33815e+01
2.272525711e-01  4.3425781e+01         -inf  1.00779e+05  4.34258e+01  4.34258e+01
2.281615814e-01  4.3472579e+01         -inf  1.00779e+05  4.34726e+01  4.34726e+01
2.290742278e-01  4.3522103e+01         -inf  1.00779e+05  4.35221e+01  4.35221e+01
2.299905247e-01  4.3562830e+01         -inf  1.00779e+05  4.35628e+01  4.35628e+01
2.309104868e-01  4.3615607e+01         -inf  1.00779e+05  4.36156e+01  4.36156e+01
2.318341287e-01  4.3658445e+01         -inf  1.00779e+05  4.36584e+01  4.36584e+01
2.327614652e-01  4.3708495e+01         -inf  1.00779e+05  4.37085e+01  4.37085e+01
2.336925111e-01  4.3748429e+01         -inf  1.00779e+05  4.37484e+01  4.37484e+01
2.346272811e-01  4.3798303e+01         -inf  1.00779e+05  4.37983e+01  4.37983e+01
2.355657903e-01  4.3835334e+01         -inf  1.00779e+05  4.38353e+01  4.38353e+01
2.365080534e-01  4.3878434e+01         -inf  1.00779e+05  4.38784e+01  4.38784e+01
2.374540856e-01  4.3921270e+01         -inf  1.00779e+05  4.39213e+01  4.39213e+01
2.384039020e-01  4.3957773e+01         -inf  1.00779e+05  4.39578e+01  4.39578e+01
2.393575176e-01  4.3993044e+01         -inf  1.00779e+05  4.39930e+01  4.39930e+01
2.403149477e-01  4.4032624e+01         -inf  1.00779e+05  4.40326e+01  4.40326e+01
2.412762074e-01  4.4060067e+01         -inf  1.00779e+05  4.40601e+01  4.40601e+01
2.422413123e-01  4.4091291e+01         -inf  1.00779e+05  4.40913e+01  4.40913e+01
2.432102775e-01  4.4132103e+01         -inf  1.00779e+05  4.41321e+01  4.41321e+01
2.441831186e-01  4.4152509e+01         -inf  1.00779e+05  4.41525e+01  4.41525e+01
2.451598511e-01  4.4179247e+01         -inf  1.00779e+05  4.41792e+01  4.41792e+01
2.461404905e-01  4.4194991e+01         -inf  1.00779e+05  4.41950e+01  4.41950e+01
2.471250525e-01  4.4214517e+01         -inf  1.00779e+05  4.42145e+01  4.42145e+01
2.481135527e-01  4.4214341e+01         -inf  1.00779e+05  4.42143e+01  4.42143e+01
2.491060069e-01  4.4249611e+01         -inf  1.00779e+05  4.42496e+01  4.42496e+01
2.501024309e-01  4.4242750e+01         -inf  1.00779e+05  4.42428e+01  4.42428e+01
2.511028406e-01  4.4226391e+01         -inf  1.00779e+05  4.42264e+01  4.42264e+01
2.521072520e-01  4.4262452e+01         -inf  1.00779e+05  4.42625e+01  4.42625e+01
2.531156810e-01  4.4233603e+01         -inf  1.00779e+05  4.42336e+01  4.42336e+01
2.541281437e-01  4.4226743e+01         -inf  1.00779e+05  4.42267e+01  4.42267e+01
2.551446563e-01  4.4229293e+01         -inf  1.00779e+05  4.42293e+01  4.42293e+01
2.561652349e-01  4.4206425e+01         -inf  1.00779e+05  4.42064e+01  4.42064e+01
2.571898959e-01  4.4170188e+01         -inf  1.00779e+05  4.41702e+01  4.41702e+01
2.582186555e-01  4.4166054e+01         -inf  1.00779e+05  4.41661e+01  4.41661e+01
2.592515301e-01  4.4138260e+01         -inf  1.00779e+05  4.41383e+01  4.41383e+01
2.602885362e-01  4.4099823e+01         -inf  1.00779e+05  4.40998e+01  4.40998e+01
2.613296904e-01  4.4064201e+01         -inf  1.00779e+05  4.40642e+01  4.40642e+01
2.623750091e-01  4.4030250e+01         -inf  1.00779e+05  4.40302e+01  4.40302e+01
2.634245092e-01  4.3959796e+01         -inf  1.00779e+05  4.39598e+01  4.39598e+01
2.644782072e-01  4.3949505e+01         -inf  1.00779e+05  4.39495e+01  4.39495e+01
2.655361200e-01  4.3876059e+01         -inf  1.00779e+05  4.38761e+01  4.38761e+01
2.665982645e-01  4.3814576e+01         -inf  1.00779e+05  4.38146e+01  4.38146e+01
2.676646576e-01  4.3760392e+01         -inf  1.00779e+05  4.37604e+01  4.37604e+01
2.687353162e-01  4.3665658e+01         -inf  1.00779e+05  4.36657e+01  4.36657e+01
2.698102574e-01  4.3630825e+01         -inf  1.00779e+05  4.36308e+01  4.36308e+01
2.708894985e-01  4.3523950e+01         -inf  1.00779e+05  4.35239e+01  4.35239e+01
2.719730565e-01  4.3461847e+01         -inf  1.00779e+05  4.34618e+01  4.34618e+01
2.730609487e-01  4.3376961e+01         -inf  1.00779e+05  4.33770e+01  4.33770e+01
2.741531925e-01  4.3256534e+01         -inf  1.00779e+05  4.32565e+01  4.32565e+01
2.752498053e-01  4.3188711e+01         -inf  1.00779e+05  4.31887e+01  4.31887e+01
2.763508045e-01  4.3083940e+01         -inf  1.00779e+05  4.30839e+01  4.30839e+01
2.774562077e-01  4.2984534e+01         -inf  1.00779e+05  4.29845e+01  4.29845e+01
2.785660325e-01  4.2876240e+01         -inf  1.00779e+05  4.28762e+01  4.28762e+01
2.796802967e-01  4.2775247e+01         -inf  1.00779e+05  4.27752e+01  4.27752e+01
2.807990178e-01  4.2645837e+01         -inf  1.00779e+05  4.26458e+01  4.26458e+01
2.819222139e-01  4.2521614e+01         -inf  1.00779e+05  4.25216e+01  4.25216e+01
2.830499028e-01  4.2426774e+01         -inf  1.00779e+05  4.24268e+01  4.24268e+01
2.841821024e-01  4.2291549e+01         -inf  1.00779e+05  4.22915e+01  4.22915e+01
2.853188308e-01  4.2163273e+01         -inf  1.00779e+05  4.21633e+01  4.21633e+01
2.864601061e-01  4.2051007e+01         -inf  1.00779e+05  4.20510e+01  4.20510e+01
2.876059465e-01  4.1911375e+01         -inf  1.00779e+05  4.19114e+01  4.19114e+01
2.887563703e-01  4.1768837e+01         -inf  1.00779e+05  4.17688e+01  4.17688e+01
2.899113958e-01  4.1633335e+01         -inf  1.00779e+05  4.16333e+01  4.16333e+01
2.910710414e-01  4.1505398e+01         -inf  1.00779e+05  4.15054e+01  4.15054e+01
2.922353256e-01  4.1346924e+01         -inf  1.00779e+05  4.13469e+01  4.13469e+01
2.934042669e-01  4.1201646e+01         -inf  1.00779e+05  4.12016e+01  4.12016e+01
2.945778839e-01  4.1048621e+01         -inf  1.00779e+05  4.10486e+01  4.10486e+01
2.957561955e-01  4.0868928e+01         -inf  1.00779e+05  4.08689e+01  4.08689e+01
2.969392202e-01  4.0701023e+01         -inf  1.00779e+05  4.07010e+01  4.07010e+01
2.981269771e-01  4.0522113e+01         -inf  1.00779e+05  4.05221e+01  4.05221e+01
2.993194850e-01  4.0342582e+01         -inf  1.00779e+05  4.03426e+01  4.03426e+01
3.005167630e-01  4.0145797e+01         -inf  1.00779e+05  4.01458e+01  4.01458e+01
3.017188300e-01  3.9918729e+01         -inf  1.00779e+05  3.99187e+01  3.99187e+01
3.029257054e-01  3.9686636e+01         -inf  1.00779e+05  3.96866e+01  3.96866e+01
3.041374082e-01  3.9474780e+01         -inf  1.00779e+05  3.94748e+01  3.94748e+01
3.053539578e-01  3.9141446e+01         -inf  1.00779e+05  3.91414e+01  3.91414e+01
3.065753736e-01  3.8921562e+01         -inf  1.00779e+05  3.89216e+01  3.89216e+01
3.078016751e-01  3.8508796e+01         -inf  1.00779e+05  3.85088e+01  3.85088e+01
3.090328818e-01  3.8244785e+01         -inf  1.00779e+05  3.82448e+01  3.82448e+01
3.102690134e-01  3.7745697e+01         -inf  1.00779e+05  3.77457e+01  3.77457e+01
3.115100894e-01  3.7439569e+01         -inf  1.00779e+05  3.74396e+01  3.74396e+01
3.127561298e-01  3.6807018e+01         -inf  1.00779e+05  3.68070e+01  3.68070e+01
3.140071543e-01  3.6523830e+01         -inf  1.00779e+05  3.65238e+01  3.65238e+01
3.152631829e-01  3.5868998e+01         -inf  1.00779e+05  3.58690e+01  3.58690e+01
3.165242356e-01  3.5190320e+01         -inf  1.00779e+05  3.51903e+01  3.51903e+01
3.177903326e-01  3.5013989e+01         -inf  1.00779e+05  3.50140e+01  3.50140e+01
3.190614939e-01  3.3870720e+01         -inf  1.00779e+05  3.38707e+01  3.38707e+01
3.203377399e-01  3.3918379e+01         -inf  1.00779e+05  3.39184e+01  3.39184e+01
3.216190908e-01  3.2747340e+01         -inf  1.00779e+05  3.27473e+01  3.27473e+01
3.229055672e-01  3.2970340e+01         -inf  1.00779e+05  3.29703e+01  3.29703e+01
3.241971895e-01  3.1427423e+01         -inf  1.00779e+05  3.14274e+01  3.14274e+01
3.254939782e-01  3.2175048e+01         -inf  1.00779e+05  3.21750e+01  3.21750e+01
3.267959541e-01  3.0651069e+01         -inf  1.00779e+05  3.06511e+01  3.06511e+01
3.281031380e-01  3.1315678e+01         -inf  1.00779e+05  3.13157e+01  3.13157e+01
3.294155505e-01  2.9861840e+01         -inf  1.00779e+05  2.98618e+01  2.98618e+01
3.307332127e-01  3.0484311e+01         -inf  1.00779e+05  3.04843e+01  3.04843e+01
3.320561456e-01  2.9713045e+01         -inf  1.00779e+05  2.97130e+01  2.97130e+01
3.333843702e-01  2.9642789e+01         -inf  1.00779e+05  2.96428e+01  2.96428e+01
3.347179076e-01  2.9327995e+01         -inf  1.00779e+05  2.93280e+01  2.93280e+01
3.360567793e-01  2.8933048e+01         -inf  1.00779e+05  2.89330e+01  2.89330e+01
3.374010064e-01  2.9257118e+01         -inf  1.00779e+05  2.92571e+01  2.92571e+01
3.387506104e-01  2.8659657e+01         -inf  1.00779e+05  2.86597e+01  2.86597e+01
3.401056128e-01  2.8702505e+01         -inf  1.00779e+05  2.87025e+01  2.87025e+01
3.414660353e-01  2.8417290e+01         -inf  1.00779e+05  2.84173e+01  2.84173e+01
3.428318994e-01  2.8275339e+01         -inf  1.00779e+05  2.82753e+01  2.82753e+01
3.442032270e-01  2.8385637e+01         -inf  1.00779e+05  2.83856e+01  2.83856e+01
3.455800399e-01  2.8097410e+01         -inf  1.00779e+05  2.80974e+01  2.80974e+01
3.469623601e-01  2.8003683e+01         -inf  1.00779e+05  2.80037e+01  2.80037e+01
3.483502095e-01  2.7889322e+01         -inf  1.00779e+05  2.78893e+01  2.78893e+01
3.497436104e-01  2.7772754e+01         -inf  1.00779e+05  2.77728e+01  2.77728e+01
3.511425848e-01  2.7733428e+01         -inf  1.00779e+05  2.77334e+01  2.77334e+01
3.525471552e-01  2.7626557e+01         -inf  1.00779e+05  2.76266e+01  2.76266e+01
3.539573438e-01  2.7502930e+01         -inf  1.00779e+05  2.75029e+01  2.75029e+01
3.553731732e-01  2.7418982e+01         -inf  1.00779e+05  2.74190e+01  2.74190e+01
3.567946659e-01  2.7325157e+01         -inf  1.00779e+05  2.73252e+01  2.73252e+01
3.582218445e-01  2.7235211e+01         -inf  1.00779e+05  2.72352e+01  2.72352e+01
3.596547319e-01  2.7156727e+01         -inf  1.00779e+05  2.71567e+01  2.71567e+01
3.610933508e-01  2.7061311e+01         -inf  1.00779e+05  2.70613e+01  2.70613e+01
3.625377242e-01  2.6970567e+01         -inf  1.00779e+05  2.69706e+01  2.69706e+01
3.639878751e-01  2.6882909e+01         -inf  1.00779e+05  2.68829e+01  2.68829e+01
3.654438266e-01  2.6795514e+01         -inf  1.00779e+05  2.67955e+01  2.67955e+01
3.669056019e-01  2.6706971e+01         -inf  1.00779e+05  2.67070e+01  2.67070e+01
3.683732243e-01  2.6620191e+01         -inf  1.00779e+05  2.66202e+01  2.66202e+01
3.698467172e-01  2.6532263e+01         -inf  1.00779e+05  2.65323e+01  2.65323e+01
3.713261041e-01  2.6443893e+01         -inf  1.00779e+05  2.64439e+01  2.64439e+01
3.728114085e-01  2.6356228e+01         -inf  1.00779e+05  2.63562e+01  2.63562e+01
3.743026542e-01  2.6269091e+01         -inf  1.00779e+05  2.62691e+01  2.62691e+01
3.757998648e-01  2.6181246e+01         -inf  1.00779e+05  2.61812e+01  2.61812e+01
3.773030642e-01  2.6093754e+01         -inf  1.00779e+05  2.60938e+01  2.60938e+01
3.788122765e-01  2.6006348e+01         -inf  1.00779e+05  2.60063e+01  2.60063e+01
3.803275256e-01  2.5918941e+01         -inf  1.00779e+05  2.59189e+01  2.59189e+01
3.818488357e-01  2.5830916e+01         -inf  1.00779e+05  2.58309e+01  2.58309e+01
3.833762310e-01  2.5743683e+01         -inf  1.00779e+05  2.57437e+01  2.57437e+01
3.849097360e-01  2.5656185e+01         -inf  1.00779e+05  2.56562e+01  2.56562e+01
3.864493749e-01  2.5568773e+01         -inf  1.00779e+05  2.55688e+01  2.55688e+01
3.879951724e-01  2.5481184e+01         -inf  1.00779e+05  2.54812e+01  2.54812e+01
3.895471531e-01  2.5393506e+01         -inf  1.00779e+05  2.53935e+01  2.53935e+01
3.911053417e-01  2.5306179e+01         -inf  1.00779e+05  2.53062e+01  2.53062e+01
3.926697631e-01  2.5219028e+01         -inf  1.00779e+05  2.52190e+01  2.52190e+01
3.942404421e-01  2.5132228e+01         -inf  1.00779e+05  2.51322e+01  2.51322e+01
3.958174039e-01  2.5045162e+01         -inf  1.00779e+05  2.50452e+01  2.50452e+01
3.974006735e-01  2.4957478e+01         -inf  1.00779e+05  2.49575e+01  2.49575e+01
3.989902762e-01  2.4869704e+01         -inf  1.00779e+05  2.48697e+01  2.48697e+01
4.005862373e-01  2.4782635e+01         -inf  1.00779e+05  2.47826e+01  2.47826e+01
4.021885823e-01  2.4695918e+01         -inf  1.00779e+05  2.46959e+01  2.46959e+01
4.037973366e-01  2.4608052e+01         -inf  1.00779e+05  2.46081e+01  2.46081e+01
4.054125259e-01  2.4520098e+01         -inf  1.00779e+05  2.45201e+01  2.45201e+01
4.070341760e-01  2.4434347e+01         -inf  1.00779e+05  2.44343e+01  2.44343e+01
4.086623127e-01  2.4349919e+01         -inf  1.00779e+05  2.43499e+01  2.43499e+01
4.102969620e-01  2.4263284e+01         -inf  1.00779e+05  2.42633e+01  2.42633e+01
4.119381498e-01  2.4174178e+01         -inf  1.00779e+05  2.41742e+01  2.41742e+01
4.135859024e-01  2.4085070e+01         -inf  1.00779e+05  2.40851e+01  2.40851e+01
4.152402460e-01  2.3999579e+01         -inf  1.00779e+05  2.39996e+01  2.39996e+01
4.169012070e-01  2.3915321e+01         -inf  1.00779e+05  2.39153e+01  2.39153e+01
4.185688119e-01  2.3827975e+01         -inf  1.00779e+05  2.38280e+01  2.38280e+01
4.202430871e-01  2.3739745e+01         -inf  1.00779e+05  2.37397e+01  2.37397e+01
4.219240595e-01  2.3656366e+01         -inf  1.00779e+05  2.36564e+01  2.36564e+01
4.236117557e-01  2.3577486e+01         -inf  1.00779e+05  2.35775e+01  2.35775e+01
4.253062027e-01  2.3496665e+01         -inf  1.00779e+05  2.34967e+01  2.34967e+01
4.270074275e-01  2.3407371e+01         -inf  1.00779e+05  2.34074e+01  2.34074e+01
4.287154572e-01  2.3314459e+01         -inf  1.00779e+05  2.33145e+01  2.33145e+01
4.304303191e-01  2.3227546e+01         -inf  1.00779e+05  2.32275e+01  2.32275e+01
4.321520403e-01  2.3148837e+01         -inf  1.00779e+05  2.31488e+01  2.31488e+01
4.338806485e-01  2.3065451e+01         -inf  1.00779e+05  2.30655e+01  2.30655e+01
4.356161711e-01  2.2975270e+01         -inf  1.00779e+05  2.29753e+01  2.29753e+01
4.373586358e-01  2.2891793e+01         -inf  1.00779e+05  2.28918e+01  2.28918e+01
4.391080703e-01  2.2822346e+01         -inf  1.00779e+05  2.28223e+01  2.28223e+01
4.408645026e-01  2.2756428e+01         -inf  1.00779e+05  2.27564e+01  2.27564e+01
4.426279606e-01  2.2682921e+01         -inf  1.00779e+05  2.26829e+01  2.26829e+01
4.443984725e-01  2.2591410e+01         -inf  1.00779e+05  2.25914e+01  2.25914e+01
4.461760664e-01  2.2489662e+01         -inf  1.00779e+05  2.24897e+01  2.24897e+01
4.479607706e-01  2.2404149e+01         -inf  1.00779e+05  2.24041e+01  2.24041e+01
4.497526137e-01  2.2337168e+01         -inf  1.00779e+05  2.23372e+01  2.23372e+01
4.515516242e-01  2.2258096e+01         -inf  1.00779e+05  2.22581e+01  2.22581e+01
4.533578307e-01  2.2164461e+01         -inf  1.00779e+05  2.21645e+01  2.21645e+01
4.551712620e-01  2.2084505e+01         -inf  1.00779e+05  2.20845e+01  2.20845e+01
4.569919470e-01  2.2031729e+01         -inf  1.00779e+05  2.20317e+01  2.20317e+01
4.588199148e-01  2.1990691e+01         -inf  1.00779e+05  2.19907e+01  2.19907e+01
4.606551945e-01  2.1945505e+01         -inf  1.00779e+05  2.19455e+01  2.19455e+01
4.624978152e-01  2.1864398e+01         -inf  1.00779e+05  2.18644e+01  2.18644e+01
4.643478065e-01  2.1746399e+01         -inf  1.00779e+05  2.17464e+01  2.17464e+01
4.662051977e-01  2.1639694e+01         -inf  1.00779e+05  2.16397e+01  2.16397e+01
4.680700185e-01  2.1574029e+01         -inf  1.00779e+05  2.15740e+01  2.15740e+01
4.699422986e-01  2.1516660e+01         -inf  1.00779e+05  2.15167e+01  2.15167e+01
4.718220678e-01  2.1432459e+01         -inf  1.00779e+05  2.14325e+01  2.14325e+01
4.737093561e-01  2.1349139e+01         -inf  1.00779e+05  2.13491e+01  2.13491e+01
4.756041935e-01  2.1300594e+01         -inf  1.00779e+05  2.13006e+01  2.13006e+01
4.775066103e-01  2.1290709e+01         -inf  1.00779e+05  2.12907e+01  2.12907e+01
4.794166367e-01  2.1296446e+01         -inf  1.00779e+05  2.12964e+01  2.12964e+01
4.813343033e-01  2.1287178e+01         -inf  1.00779e+05  2.12872e+01  2.12872e+01
4.832596405e-01  2.1213389e+01         -inf  1.00779e+05  2.12134e+01  2.12134e+01
4.851926790e-01  2.1082050e+01         -inf  1.00779e+05  2.10820e+01  2.10820e+01
4.871334497e-01  2.0962095e+01         -inf  1.00779e+05  2.09621e+01  2.09621e+01
4.890819835e-01  2.0898188e+01         -inf  1.00779e+05  2.08982e+01  2.08982e+01
4.910383115e-01  2.0856790e+01         -inf  1.00779e+05  2.08568e+01  2.08568e+01
4.930024647e-01  2.0789881e+01         -inf  1.00779e+05  2.07899e+01  2.07899e+01
4.949744746e-01  2.0717587e+01         -inf  1.00779e+05  2.07176e+01  2.07176e+01
4.969543725e-01  2.0684309e+01         -inf  1.00779e+05  2.06843e+01  2.06843e+01
4.989421900e-01  2.0705317e+01         -inf  1.00779e+05  2.07053e+01  2.07053e+01
5.009379587e-01  2.0762340e+01         -inf  1.00779e+05  2.07623e+01  2.07623e+01
5.029417106e-01  2.0823335e+01         -inf  1.00779e+05  2.08233e+01  2.08233e+01
5.049534774e-01  2.0832692e+01         -inf  1.00779e+05  2.08327e+01  2.08327e+01
5.069732913e-01  2.0754749e+01         -inf  1.00779e+05  2.07547e+01  2.07547e+01
5.090011845e-01  2.0623577e+01         -inf  1.00779e+05  2.06236e+01  2.06236e+01
5.110371892e-01  2.0513765e+01         -inf  1.00779e+05  2.05138e+01  2.05138e+01
5.130813380e-01  2.0461595e+01         -inf  1.00779e+05  2.04616e+01  2.04616e+01
5.151336633e-01  2.0438555e+01         -inf  1.00779e+05  2.04386e+01  2.04386e+01
5.171941980e-01  2.0407747e+01         -inf  1.00779e+05  2.04077e+01  2.04077e+01
5.192629748e-01  2.0374378e+01         -inf  1.00779e+05  2.03744e+01  2.03744e+01
5.213400267e-01  2.0364138e+01         -inf  1.00779e+05  2.03641e+01  2.03641e+01
5.234253868e-01  2.0396271e+01         -inf  1.00779e+05  2.03963e+01  2.03963e+01
5.255190883e-01  2.0463890e+01         -inf  1.00779e+05  2.04639e+01  2.04639e+01
5.276211647e-01  2.0545544e+01         -inf  1.00779e+05  2.05455e+01  2.05455e+01
5.297316493e-01  2.0615015e+01         -inf  1.00779e+05  2.06150e+01  2.06150e+01
5.318505759e-01  2.0643968e+01         -inf  1.00779e+05  2.06440e+01  2.06440e+01
5.339779782e-01  2.0611484e+01         -inf  1.00779e+05  2.06115e+01  2.06115e+01
5.361138902e-01  2.0528771e+01         -inf  1.00779e+05  2.05288e+01  2.05288e+01
5.382583457e-01  2.0457004e+01         -inf  1.00779e+05  2.04570e+01  2.04570e+01
5.404113791e-01  2.0441644e+01         -inf  1.00779e+05  2.04416e+01  2.04416e+01
5.425730246e-01  2.0463890e+01         -inf  1.00779e+05  2.04639e+01  2.04639e+01
5.447433167e-01  2.0480132e+01         -inf  1.00779e+05  2.04801e+01  2.04801e+01
5.469222900e-01  2.0469451e+01         -inf  1.00779e+05  2.04695e+01  2.04695e+01
5.491099791e-01  2.0442704e+01         -inf  1.00779e+05  2.04427e+01  2.04427e+01
5.513064191e-01  2.0417192e+01         -inf  1.00779e+05  2.04172e+01  2.04172e+01
5.535116447e-01  2.0403686e+01         -inf  1.00779e+05  2.04037e+01  2.04037e+01
5.557256913e-01  2.0415427e+01         -inf  1.00779e+05  2.04154e+01  2.04154e+01
5.579485941e-01  2.0468568e+01         -inf  1.00779e+05  2.04686e+01  2.04686e+01
5.601803884e-01  2.0559491e+01         -inf  1.00779e+05  2.05595e+01  2.05595e+01
5.624211100e-01  2.0653060e+01         -inf  1.00779e+05  2.06531e+01  2.06531e+01
5.646707944e-01  2.0716616e+01         -inf  1.00779e+05  2.07166e+01  2.07166e+01
5.669294776e-01  2.0751748e+01         -inf  1.00779e+05  2.07517e+01  2.07517e+01
5.691971955e-01  2.0779730e+01         -inf  1.00779e+05  2.07797e+01  2.07797e+01
5.714739843e-01  2.0806564e+01         -inf  1.00779e+05  2.08066e+01  2.08066e+01
5.737598803e-01  2.0794383e+01         -inf  1.00779e+05  2.07944e+01  2.07944e+01
5.760549198e-01  2.0711761e+01         -inf  1.00779e+05  2.07118e+01  2.07118e+01
5.783591395e-01  2.0575645e+01         -inf  1.00779e+05  2.05756e+01  2.05756e+01
5.806725760e-01  2.0421076e+01         -inf  1.00779e+05  2.04211e+01  2.04211e+01
5.829952663e-01  2.0277450e+01         -inf  1.00779e+05  2.02775e+01  2.02775e+01
5.853272474e-01  2.0160835e+01         -inf  1.00779e+05  2.01608e+01  2.01608e+01
5.876685564e-01  2.0077146e+01         -inf  1.00779e+05  2.00771e+01  2.00771e+01
5.900192306e-01  2.0033535e+01         -inf  1.00779e+05  2.00335e+01  2.00335e+01
5.923793075e-01  2.0050662e+01         -inf  1.00779e+05  2.00507e+01  2.00507e+01
5.947488247e-01  2.0135234e+01         -inf  1.00779e+05  2.01352e+01  2.01352e+01
5.971278200e-01  2.0243110e+01         -inf  1.00779e+05  2.02431e+01  2.02431e+01
5.995163313e-01  2.0321236e+01         -inf  1.00779e+05  2.03212e+01  2.03212e+01
6.019143966e-01  2.0320971e+01         -inf  1.00779e+05  2.03210e+01  2.03210e+01
6.043220542e-01  2.0227044e+01         -inf  1.00779e+05  2.02270e+01  2.02270e+01
6.067393425e-01  2.0053045e+01         -inf  1.00779e+05  2.00530e+01  2.00530e+01
6.091662998e-01  1.9825013e+01         -inf  1.00779e+05  1.98250e+01  1.98250e+01
6.116029650e-01  1.9579933e+01         -inf  1.00779e+05  1.95799e+01  1.95799e+01
6.140493769e-01  1.9343143e+01         -inf  1.00779e+05  1.93431e+01  1.93431e+01
6.165055744e-01  1.9124621e+01         -inf  1.00779e+05  1.91246e+01  1.91246e+01
6.189715967e-01  1.8927460e+01         -inf  1.00779e+05  1.89275e+01  1.89275e+01
6.214474831e-01  1.8750424e+01         -inf  1.00779e+05  1.87504e+01  1.87504e+01
6.239332730e-01  1.8581596e+01         -inf  1.00779e+05  1.85816e+01  1.85816e+01
6.264290061e-01  1.8407377e+01         -inf  1.00779e+05  1.84074e+01  1.84074e+01
6.289347221e-01  1.8244721e+01         -inf  1.00779e+05  1.82447e+01  1.82447e+01
6.314504610e-01  1.8034287e+01         -inf  1.00779e+05  1.80343e+01  1.80343e+01
6.339762629e-01  1.7833560e+01         -inf  1.00779e+05  1.78336e+01  1.78336e+01
6.365121679e-01  1.7621169e+01         -inf  1.00779e+05  1.76212e+01  1.76212e+01
6.390582166e-01  1.7402590e+01         -inf  1.00779e+05  1.74026e+01  1.74026e+01
6.416144494e-01  1.7182237e+01         -inf  1.00779e+05  1.71822e+01  1.71822e+01
6.441809072e-01  1.6981484e+01         -inf  1.00779e+05  1.69815e+01  1.69815e+01
6.467576309e-01  1.6790440e+01         -inf  1.00779e+05  1.67904e+01  1.67904e+01
6.493446614e-01  1.6605839e+01         -inf  1.00779e+05  1.66058e+01  1.66058e+01
6.519420400e-01  1.6431037e+01         -inf  1.00779e+05  1.64310e+01  1.64310e+01
6.545498082e-01  1.6249782e+01         -inf  1.00779e+05  1.62498e+01  1.62498e+01
6.571680074e-01  1.6066490e+01         -inf  1.00779e+05  1.60665e+01  1.60665e+01
6.597966795e-01  1.5888759e+01         -inf  1.00779e+05  1.58888e+01  1.58888e+01
6.624358662e-01  1.5716676e+01         -inf  1.00779e+05  1.57167e+01  1.57167e+01
6.650856096e-01  1.5534695e+01         -inf  1.00779e+05  1.55347e+01  1.55347e+01
6.677459521e-01  1.5341135e+01         -inf  1.00779e+05  1.53411e+01  1.53411e+01
6.704169359e-01  1.5149425e+01         -inf  1.00779e+05  1.51494e+01  1.51494e+01
6.730986036e-01  1.4964600e+01         -inf  1.00779e+05  1.49646e+01  1.49646e+01
6.757909981e-01  1.4789754e+01         -inf  1.00779e+05  1.47898e+01  1.47898e+01
6.784941620e-01  1.4620823e+01         -inf  1.00779e+05  1.46208e+01  1.46208e+01
6.812081387e-01  1.4469736e+01         -inf  1.00779e+05  1.44697e+01  1.44697e+01
6.839329712e-01  1.4338614e+01         -inf  1.00779e+05  1.43386e+01  1.43386e+01
6.866687031e-01  1.4416545e+01         -inf  1.00779e+05  1.44165e+01  1.44165e+01
6.894153779e-01  1.4302210e+01         -inf  1.00779e+05  1.43022e+01  1.43022e+01
6.921730395e-01  1.3934364e+01         -inf  1.00779e+05  1.39344e+01  1.39344e+01
6.949417316e-01  1.3702229e+01         -inf  1.00779e+05  1.37022e+01  1.37022e+01
6.977214985e-01  1.3542460e+01         -inf  1.00779e+05  1.35425e+01  1.35425e+01
7.005123845e-01  1.3396473e+01         -inf  1.00779e+05  1.33965e+01  1.33965e+01
7.033144341e-01  1.3268069e+01         -inf  1.00779e+05  1.32681e+01  1.32681e+01
7.061276918e-01  1.3152919e+01         -inf  1.00779e+05  1.31529e+01  1.31529e+01
7.089522026e-01  1.3044925e+01         -inf  1.00779e+05  1.30449e+01  1.30449e+01
7.117880114e-01  1.2945767e+01         -inf  1.00779e+05  1.29458e+01  1.29458e+01
7.146351634e-01  1.2864636e+01         -inf  1.00779e+05  1.28646e+01  1.28646e+01
7.174937041e-01  1.2766536e+01         -inf  1.00779e+05  1.27665e+01  1.27665e+01
7.203636789e-01  1.2623448e+01         -inf  1.00779e+05  1.26234e+01  1.26234e+01
7.232451336e-01  1.2485307e+01         -inf  1.00779e+05  1.24853e+01  1.24853e+01
7.261381142e-01  1.2372175e+01         -inf  1.00779e+05  1.23722e+01  1.23722e+01
7.290426666e-01  1.2249231e+01         -inf  1.00779e+05  1.22492e+01  1.22492e+01
7.319588373e-01  1.2135742e+01         -inf  1.00779e+05  1.21357e+01  1.21357e+01
7.348866726e-01  1.2045851e+01         -inf  1.00779e+05  1.20459e+01  1.20459e+01
7.378262193e-01  1.1966831e+01         -inf  1.00779e+05  1.19668e+01  1.19668e+01
7.407775242e-01  1.1896295e+01         -inf  1.00779e+05  1.18963e+01  1.18963e+01
7.437406343e-01  1.1846442e+01         -inf  1.00779e+05  1.18464e+01  1.18464e+01
7.467155968e-01  1.1803218e+01         -inf  1.00779e+05  1.18032e+01  1.18032e+01
7.497024592e-01  1.1711820e+01         -inf  1.00779e+05  1.17118e+01  1.17118e+01
7.527012690e-01  1.1560577e+01         -inf  1.00779e+05  1.15606e+01  1.15606e+01
7.557120741e-01  1.1418788e+01         -inf  1.00779e+05  1.14188e+01  1.14188e+01
7.587349224e-01  1.1713411e+01         -inf  1.00779e+05  1.17134e+01  1.17134e+01
7.617698621e-01  1.3058623e+01         -inf  1.00779e+05  1.30586e+01  1.30586e+01
7.648169416e-01  1.2129290e+01         -inf  1.00779e+05  1.21293e+01  1.21293e+01
7.678762093e-01  1.1235891e+01         -inf  1.00779e+05  1.12359e+01  1.12359e+01
7.709477142e-01  1.1008080e+01         -inf  1.00779e+05  1.10081e+01  1.10081e+01
7.740315050e-01  1.0972542e+01         -inf  1.00779e+05  1.09725e+01  1.09725e+01
7.771276310e-01  1.0960961e+01         -inf  1.00779e+05  1.09610e+01  1.09610e+01
7.802361416e-01  1.0911720e+01         -inf  1.00779e+05  1.09117e+01  1.09117e+01
7.833570861e-01  1.0797058e+01         -inf  1.00779e+05  1.07971e+01  1.07971e+01
7.864905145e-01  1.0662768e+01         -inf  1.00779e+05  1.06628e+01  1.06628e+01
7.896364765e-01  1.0556324e+01         -inf  1.00779e+05  1.05563e+01  1.05563e+01
7.927950224e-01  1.0458808e+01         -inf  1.00779e+05  1.04588e+01  1.04588e+01
7.959662025e-01  1.0369071e+01         -inf  1.00779e+05  1.03691e+01  1.03691e+01
7.991500673e-01  1.0292947e+01         -inf  1.00779e+05  1.02929e+01  1.02929e+01
8.023466676e-01  1.0222747e+01         -inf  1.00779e+05  1.02227e+01  1.02227e+01
8.055560543e-01  1.0165101e+01         -inf  1.00779e+05  1.01651e+01  1.01651e+01
8.087782785e-01  1.0134421e+01         -inf  1.00779e+05  1.01344e+01  1.01344e+01
8.120133916e-01  1.0117622e+01         -inf  1.00779e+05  1.01176e+01  1.01176e+01
8.152614452e-01  1.0098171e+01         -inf  1.00779e+05  1.00982e+01  1.00982e+01
8.185224910e-01  1.0040877e+01         -inf  1.00779e+05  1.00409e+01  1.00409e+01
8.217965809e-01  9.9274383e+00         -inf  1.00779e+05  9.92744e+00  9.92744e+00
8.250837672e-01  9.7954290e+00         -inf  1.00779e+05  9.79543e+00  9.79543e+00
8.283841023e-01  9.6860530e+00         -inf  1.00779e+05  9.68605e+00  9.68605e+00
8.316976387e-01  9.5977197e+00         -inf  1.00779e+05  9.59772e+00  9.59772e+00
8.350244293e-01  9.5246824e+00         -inf  1.00779e+05  9.52468e+00  9.52468e+00
8.383645270e-01  9.4652616e+00         -inf  1.00779e+05  9.46526e+00  9.46526e+00
8.417179851e-01  9.4126491e+00         -inf  1.00779e+05  9.41265e+00  9.41265e+00
8.450848570e-01  9.3687902e+00         -inf  1.00779e+05  9.36879e+00  9.36879e+00
8.484651965e-01  9.3430583e+00         -inf  1.00779e+05  9.34306e+00  9.34306e+00
8.518590573e-01  9.3442963e+00         -inf  1.00779e+05  9.34430e+00  9.34430e+00
8.552664935e-01  9.3022055e+00         -inf  1.00779e+05  9.30221e+00  9.30221e+00
8.586875595e-01  9.2180230e+00         -inf  1.00779e+05  9.21802e+00  9.21802e+00
8.621223097e-01  9.1234933e+00         -inf  1.00779e+05  9.12349e+00  9.12349e+00
8.655707989e-01  9.0256903e+00         -inf  1.00779e+05  9.02569e+00  9.02569e+00
8.690330821e-01  8.9539731e+00         -inf  1.00779e+05  8.95397e+00  8.95397e+00
8.725092145e-01  8.8765070e+00         -inf  1.00779e+05  8.87651e+00  8.87651e+00
8.759992513e-01  8.8140648e+00         -inf  1.00779e+05  8.81406e+00  8.81406e+00
8.795032483e-01  8.7725984e+00         -inf  1.00779e+05  8.77260e+00  8.77260e+00
8.830212613e-01  8.7823349e+00         -inf  1.00779e+05  8.78233e+00  8.78233e+00
8.865533464e-01  8.7486594e+00         -inf  1.00779e+05  8.74866e+00  8.74866e+00
8.900995597e-01  8.6902927e+00         -inf  1.00779e+05  8.69029e+00  8.69029e+00
8.936599580e-01  8.6258235e+00         -inf  1.00779e+05  8.62582e+00  8.62582e+00
8.972345978e-01  8.5968874e+00         -inf  1.00779e+05  8.59689e+00  8.59689e+00
9.008235362e-01  8.5411725e+00         -inf  1.00779e+05  8.54117e+00  8.54117e+00
9.044268304e-01  8.4534427e+00         -inf  1.00779e+05  8.45344e+00  8.45344e+00
9.080445377e-01  8.3773502e+00         -inf  1.00779e+05  8.37735e+00  8.37735e+00
9.116767158e-01  8.3146910e+00         -inf  1.00779e+05  8.31469e+00  8.31469e+00
9.153234227e-01  8.2576470e+00         -inf  1.00779e+05  8.25765e+00  8.25765e+00
9.189847164e-01  8.2025572e+00         -inf  1.00779e+05  8.20256e+00  8.20256e+00
9.226606552e-01  8.1559308e+00         -inf  1.00779e+05  8.15593e+00  8.15593e+00
9.263512979e-01  8.1148405e+00         -inf  1.00779e+05  8.11484e+00  8.11484e+00
9.300567031e-01  8.0992304e+00         -inf  1.00779e+05  8.09923e+00  8.09923e+00
9.337769299e-01  8.1458837e+00         -inf  1.00779e+05  8.14588e+00  8.14588e+00
9.375120376e-01  8.1564172e+00         -inf  1.00779e+05  8.15642e+00  8.15642e+00
9.412620857e-01  8.1114001e+00         -inf  1.00779e+05  8.11140e+00  8.11140e+00
9.450271341e-01  8.0762794e+00         -inf  1.00779e+05  8.07628e+00  8.07628e+00
9.488072426e-01  7.9871636e+00         -inf  1.00779e+05  7.98716e+00  7.98716e+00
9.526024716e-01  7.8875127e+00         -inf  1.00779e+05  7.88751e+00  7.88751e+00
9.564128815e-01  7.8014015e+00         -inf  1.00779e+05  7.80140e+00  7.80140e+00
9.602385330e-01  7.7398158e+00         -inf  1.00779e+05  7.73982e+00  7.73982e+00
9.640794871e-01  7.6939290e+00         -inf  1.00779e+05  7.69393e+00  7.69393e+00
9.679358051e-01  7.6445039e+00         -inf  1.00779e+05  7.64450e+00  7.64450e+00
9.718075483e-01  7.6047372e+00         -inf  1.00779e+05  7.60474e+00  7.60474e+00
9.756947785e-01  7.5593536e+00         -inf  1.00779e+05  7.55935e+00  7.55935e+00
9.795975576e-01  7.5177820e+00         -inf  1.00779e+05  7.51778e+00  7.51778e+00
9.835159478e-01  7.4764489e+00         -inf  1.00779e+05  7.47645e+00  7.47645e+00
9.874500116e-01  7.4491351e+00         -inf  1.00779e+05  7.44914e+00  7.44914e+00
9.913998117e-01  7.4476225e+00         -inf  1.00779e+05  7.44762e+00  7.44762e+00
9.953654109e-01  7.3963027e+00         -inf  1.00779e+05  7.39630e+00  7.39630e+00
9.993468726e-01  7.3386493e+00         -inf  1.00779e+05  7.33865e+00  7.33865e+00
1.003344260e+00  7.2934231e+00         -inf  1.00779e+05  7.29342e+00  7.29342e+00
1.007357637e+00  7.2539372e+00         -inf  1.00779e+05  7.25394e+00  7.25394e+00
1.011387068e+00  7.2174144e+00         -inf  1.00779e+05  7.21741e+00  7.21741e+00
1.015432616e+00  7.1787065e+00         -inf  1.00779e+05  7.17871e+00  7.17871e+00
1.019494346e+00  7.1382293e+00         -inf  1.00779e+05  7.13823e+00  7.13823e+00
1.023572324e+00  7.0992821e+00         -inf  1.00779e+05  7.09928e+00  7.09928e+00
1.027666613e+00  7.0622630e+00         -inf  1.00779e+05  7.06226e+00  7.06226e+00
1.031777280e+00  7.0249960e+00         -inf  1.00779e+05  7.02500e+00  7.02500e+00
1.035904389e+00  7.0082157e+00         -inf  1.00779e+05  7.00822e+00  7.00822e+00
1.040048006e+00  6.9944340e+00         -inf  1.00779e+05  6.99443e+00  6.99443e+00
1.044208198e+00  6.9299922e+00         -inf  1.00779e+05  6.92999e+00  6.92999e+00
1.048385031e+00  6.9470912e+00         -inf  1.00779e+05  6.94709e+00  6.94709e+00
1.052578571e+00  6.9667732e+00         -inf  1.00779e+05  6.96677e+00  6.96677e+00
1.056788885e+00  6.8381361e+00         -inf  1.00779e+05  6.83814e+00  6.83814e+00
1.061016041e+00  6.8010890e+00         -inf  1.00779e+05  6.80109e+00  6.80109e+00
1.065260105e+00  6.7908187e+00         -inf  1.00779e+05  6.79082e+00  6.79082e+00
1.069521146e+00  6.7417230e+00         -inf  1.00779e+05  6.74172e+00  6.74172e+00
1.073799230e+00  6.7058607e+00         -inf  1.00779e+05  6.70586e+00  6.70586e+00
1.078094427e+00  6.6751202e+00         -inf  1.00779e+05  6.67512e+00  6.67512e+00
1.082406805e+00  6.6453084e+00         -inf  1.00779e+05  6.64531e+00  6.64531e+00
1.086736432e+00  6.6175577e+00         -inf  1.00779e+05  6.61756e+00  6.61756e+00
1.091083378e+00  6.5943273e+00         -inf  1.00779e+05  6.59433e+00  6.59433e+00
1.095447711e+00  6.5729988e+00         -inf  1.00779e+05  6.57300e+00  6.57300e+00
1.099829502e+00  6.5491490e+00         -inf  1.00779e+05  6.54915e+00  6.54915e+00
1.104228820e+00  6.5236891e+00         -inf  1.00779e+05  6.52369e+00  6.52369e+00
1.108645735e+00  6.5153203e+00         -inf  1.00779e+05  6.51532e+00  6.51532e+00
1.113080318e+00  6.5610297e+00         -inf  1.00779e+05  6.56103e+00  6.56103e+00
1.117532640e+00  6.6585159e+00         -inf  1.00779e+05  6.65852e+00  6.65852e+00
1.122002770e+00  6.8820209e+00         -inf  1.00779e+05  6.88202e+00  6.88202e+00
1.126490781e+00  7.1030768e+00         -inf  1.00779e+05  7.10308e+00  7.10308e+00
1.130996744e+00  7.0598216e+00         -inf  1.00779e+05  7.05982e+00  7.05982e+00
1.135520731e+00  7.0727805e+00         -inf  1.00779e+05  7.07278e+00  7.07278e+00
1.140062814e+00  6.7940564e+00         -inf  1.00779e+05  6.79406e+00  6.79406e+00
1.144623065e+00  6.7507283e+00         -inf  1.00779e+05  6.75073e+00  6.75073e+00
1.149201558e+00  6.8204087e+00         -inf  1.00779e+05  6.82041e+00  6.82041e+00
1.153798364e+00  7.0190605e+00         -inf  1.00779e+05  7.01906e+00  7.01906e+00
1.158413557e+00  6.8154284e+00         -inf  1.00779e+05  6.81543e+00  6.81543e+00
1.163047212e+00  7.0241115e+00         -inf  1.00779e+05  7.02411e+00  7.02411e+00
1.167699401e+00  6.7452526e+00         -inf  1.00779e+05  6.74525e+00  6.74525e+00
1.172370198e+00  6.5553768e+00         -inf  1.00779e+05  6.55538e+00  6.55538e+00
1.177059679e+00  6.3955829e+00         -inf  1.00779e+05  6.39558e+00  6.39558e+00
1.181767918e+00  6.3098323e+00         -inf  1.00779e+05  6.30983e+00  6.30983e+00
1.186494989e+00  6.2559114e+00         -inf  1.00779e+05  6.25591e+00  6.25591e+00
1.191240969e+00  6.2010081e+00         -inf  1.00779e+05  6.20101e+00  6.20101e+00
1.196005933e+00  6.1102565e+00         -inf  1.00779e+05  6.11026e+00  6.11026e+00
1.200789957e+00  6.2818501e+00         -inf  1.00779e+05  6.28185e+00  6.28185e+00
1.205593117e+00  7.4359558e+00         -inf  1.00779e+05  7.43596e+00  7.43596e+00
1.210415489e+00  6.6278990e+00         -inf  1.00779e+05  6.62790e+00  6.62790e+00
1.215257151e+00  6.1392833e+00         -inf  1.00779e+05  6.13928e+00  6.13928e+00
1.220118180e+00  7.0949831e+00         -inf  1.00779e+05  7.09498e+00  7.09498e+00
1.224998652e+00  6.4465833e+00         -inf  1.00779e+05  6.44658e+00  6.44658e+00
1.229898647e+00  5.9928826e+00         -inf  1.00779e+05  5.99288e+00  5.99288e+00
1.234818242e+00  5.9457714e+00         -inf  1.00779e+05  5.94577e+00  5.94577e+00
1.239757515e+00  5.8822216e+00         -inf  1.00779e+05  5.88222e+00  5.88222e+00
1.244716545e+00  5.8371888e+00         -inf  1.00779e+05  5.83719e+00  5.83719e+00
1.249695411e+00  5.8326236e+00         -inf  1.00779e+05  5.83262e+00  5.83262e+00
1.254694192e+00  5.8523354e+00         -inf  1.00779e+05  5.85234e+00  5.85234e+00
1.259712969e+00  5.9403127e+00         -inf  1.00779e+05  5.94031e+00  5.94031e+00
1.264751821e+00  6.1881890e+00         -inf  1.00779e+05  6.18819e+00  6.18819e+00
1.269810828e+00  6.3915665e+00         -inf  1.00779e+05  6.39157e+00  6.39157e+00
1.274890072e+00  5.8969524e+00         -inf  1.00779e+05  5.89695e+00  5.89695e+00
1.279989632e+00  5.7615258e+00         -inf  1.00779e+05  5.76153e+00  5.76153e+00
1.285109591e+00  5.7121834e+00         -inf  1.00779e+05  5.71218e+00  5.71218e+00
1.290250029e+00  5.8237497e+00         -inf  1.00779e+05  5.82375e+00  5.82375e+00
1.295411029e+00  5.7982603e+00         -inf  1.00779e+05  5.79826e+00  5.79826e+00
1.300592673e+00  5.6596289e+00         -inf  1.00779e+05  5.65963e+00  5.65963e+00
1.305795044e+00  5.6523474e+00         -inf  1.00779e+05  5.65235e+00  5.65235e+00
1.311018224e+00  5.7741511e+00         -inf  1.00779e+05  5.77415e+00  5.77415e+00
1.316262297e+00  6.2351303e+00         -inf  1.00779e+05  6.23513e+00  6.23513e+00
1.321527346e+00  6.1441314e+00         -inf  1.00779e+05  6.14413e+00  6.14413e+00
1.326813455e+00  5.8552374e+00         -inf  1.00779e+05  5.85524e+00  5.85524e+00
1.332120709e+00  6.5571815e+00         -inf  1.00779e+05  6.55718e+00  6.55718e+00
1.337449192e+00  6.2290083e+00         -inf  1.00779e+05  6.22901e+00  6.22901e+00
1.342798989e+00  6.5734765e+00         -inf  1.00779e+05  6.57348e+00  6.57348e+00
1.348170185e+00  6.7572037e+00         -inf  1.00779e+05  6.75720e+00  6.75720e+00
1.353562866e+00  7.5892939e+00         -inf  1.00779e+05  7.58929e+00  7.58929e+00
1.358977117e+00  8.5012078e+00         -inf  1.00779e+05  8.50121e+00  8.50121e+00
1.364413026e+00  8.8574056e+00         -inf  1.00779e+05  8.85741e+00  8.85741e+00
1.369870678e+00  8.8046997e+00         -inf  1.00779e+05  8.80470e+00  8.80470e+00
1.375350160e+00  8.7162394e+00         -inf  1.00779e+05  8.71624e+00  8.71624e+00
1.380851561e+00  8.7117116e+00         -inf  1.00779e+05  8.71171e+00  8.71171e+00
1.386374967e+00  8.6725881e+00         -inf  1.00779e+05  8.67259e+00  8.67259e+00
1.391920467e+00  8.5899186e+00         -inf  1.00779e+05  8.58992e+00  8.58992e+00
1.397488149e+00  8.4969186e+00         -inf  1.00779e+05  8.49692e+00  8.49692e+00
1.403078102e+00  8.2439741e+00         -inf  1.00779e+05  8.24397e+00  8.24397e+00
1.408690414e+00  7.7069220e+00         -inf  1.00779e+05  7.70692e+00  7.70692e+00
1.414325176e+00  6.8197010e+00         -inf  1.00779e+05  6.81970e+00  6.81970e+00
1.419982476e+00  6.2764359e+00         -inf  1.00779e+05  6.27644e+00  6.27644e+00
1.425662406e+00  6.0884663e+00         -inf  1.00779e+05  6.08847e+00  6.08847e+00
1.431365056e+00  1.1236068e+01         -inf  1.00779e+05  1.12361e+01  1.12361e+01
1.437090516e+00  1.1125037e+01         -inf  1.00779e+05  1.11250e+01  1.11250e+01
1.442838878e+00  8.8073262e+00         -inf  1.00779e+05  8.80733e+00  8.80733e+00
1.448610234e+00  6.7607244e+00         -inf  1.00779e+05  6.76072e+00  6.76072e+00
1.454404675e+00  5.8714368e+00         -inf  1.00779e+05  5.87144e+00  5.87144e+00
1.460222293e+00  5.6952404e+00         -inf  1.00779e+05  5.69524e+00  5.69524e+00
1.466063182e+00  5.6766871e+00         -inf  1.00779e+05  5.67669e+00  5.67669e+00
1.471927435e+00  6.3105312e+00         -inf  1.00779e+05  6.31053e+00  6.31053e+00
1.477815145e+00  6.0964552e+00         -inf  1.00779e+05  6.09646e+00  6.09646e+00
1.483726405e+00  5.5724531e+00         -inf  1.00779e+05  5.57245e+00  5.57245e+00
1.489661311e+00  5.3535748e+00         -inf  1.00779e+05  5.35357e+00  5.35357e+00
1.495619956e+00  5.4641031e+00         -inf  1.00779e+05  5.46410e+00  5.46410e+00
1.501602436e+00  5.3231110e+00         -inf  1.00779e+05  5.32311e+00  5.32311e+00
1.507608846e+00  5.2079084e+00         -inf  1.00779e+05  5.20791e+00  5.20791e+00
1.513639281e+00  5.2058026e+00         -inf  1.00779e+05  5.20580e+00  5.20580e+00
1.519693838e+00  5.2303651e+00         -inf  1.00779e+05  5.23037e+00  5.23037e+00
1.525772614e+00  5.3967617e+00         -inf  1.00779e+05  5.39676e+00  5.39676e+00
1.531875704e+00  6.0659241e+00         -inf  1.00779e+05  6.06592e+00  6.06592e+00
1.538003207e+00  6.4056414e+00         -inf  1.00779e+05  6.40564e+00  6.40564e+00
1.544155220e+00  5.8282353e+00         -inf  1.00779e+05  5.82824e+00  5.82824e+00
1.550331841e+00  5.1557657e+00         -inf  1.00779e+05  5.15577e+00  5.15577e+00
1.556533168e+00  5.1305835e+00         -inf  1.00779e+05  5.13058e+00  5.13058e+00
1.562759301e+00  5.1510142e+00         -inf  1.00779e+05  5.15101e+00  5.15101e+00
1.569010338e+00  7.6424431e+00         -inf  1.00779e+05  7.64244e+00  7.64244e+00
1.575286379e+00  9.4052214e+00         -inf  1.00779e+05  9.40522e+00  9.40522e+00
1.581587525e+00  7.6827314e+00         -inf  1.00779e+05  7.68273e+00  7.68273e+00
1.587913875e+00  5.3859849e+00         -inf  1.00779e+05  5.38598e+00  5.38598e+00
1.594265530e+00  5.3040346e+00         -inf  1.00779e+05  5.30403e+00  5.30403e+00
1.600642593e+00  9.0288738e+00         -inf  1.00779e+05  9.02887e+00  9.02887e+00
1.607045163e+00  9.1989226e+00         -inf  1.00779e+05  9.19892e+00  9.19892e+00
1.613473344e+00  7.4224492e+00         -inf  1.00779e+05  7.42245e+00  7.42245e+00
1.619927237e+00  5.6824822e+00         -inf  1.00779e+05  5.68248e+00  5.68248e+00
1.626406946e+00  5.7032209e+00         -inf  1.00779e+05  5.70322e+00  5.70322e+00
1.632912574e+00  6.2466754e+00         -inf  1.00779e+05  6.24668e+00  6.24668e+00
1.639444224e+00  6.6910788e+00         -inf  1.00779e+05  6.69108e+00  6.69108e+00
1.646002001e+00  6.8695747e+00         -inf  1.00779e+05  6.86957e+00  6.86957e+00
1.652586009e+00  6.7476410e+00         -inf  1.00779e+05  6.74764e+00  6.74764e+00
1.659196353e+00  5.8677652e+00         -inf  1.00779e+05  5.86777e+00  5.86777e+00
1.665833138e+00  7.9293651e+00         -inf  1.00779e+05  7.92937e+00  7.92937e+00
1.672496471e+00  5.8608112e+00         -inf  1.00779e+05  5.86081e+00  5.86081e+00
1.679186457e+00  5.8731885e+00         -inf  1.00779e+05  5.87319e+00  5.87319e+00
1.685903203e+00  6.0029064e+00         -inf  1.00779e+05  6.00291e+00  6.00291e+00
1.692646815e+00  6.2600960e+00         -inf  1.00779e+05  6.26010e+00  6.26010e+00
1.699417403e+00  6.5251133e+00         -inf  1.00779e+05  6.52511e+00  6.52511e+00
1.706215072e+00  7.8068676e+00         -inf  1.00779e+05  7.80687e+00  7.80687e+00
1.713039933e+00  6.5202390e+00         -inf  1.00779e+05  6.52024e+00  6.52024e+00
1.719892092e+00  6.3093369e+00         -inf  1.00779e+05  6.30934e+00  6.30934e+00
1.726771661e+00  7.3217547e+00         -inf  1.00779e+05  7.32175e+00  7.32175e+00
1.733678747e+00  6.3271807e+00         -inf  1.00779e+05  6.32718e+00  6.32718e+00
1.740613462e+00  5.8944397e+00         -inf  1.00779e+05  5.89444e+00  5.89444e+00
1.747575916e+00  5.6222566e+00         -inf  1.00779e+05  5.62226e+00  5.62226e+00
1.754566220e+00  5.5190835e+00         -inf  1.00779e+05  5.51908e+00  5.51908e+00
1.761584485e+00  5.5617385e+00         -inf  1.00779e+05  5.56174e+00  5.56174e+00
1.768630823e+00  6.0839897e+00         -inf  1.00779e+05  6.08399e+00  6.08399e+00
1.775705346e+00  6.5062881e+00         -inf  1.00779e+05  6.50629e+00  6.50629e+00
1.782808167e+00  5.9546717e+00         -inf  1.00779e+05  5.95467e+00  5.95467e+00
1.789939400e+00  6.9883127e+00         -inf  1.00779e+05  6.98831e+00  6.98831e+00
1.797099158e+00  5.9839558e+00         -inf  1.00779e+05  5.98396e+00  5.98396e+00
1.804287554e+00  6.0624738e+00         -inf  1.00779e+05  6.06247e+00  6.06247e+00
1.811504704e+00  6.3429632e+00         -inf  1.00779e+05  6.34296e+00  6.34296e+00
1.818750723e+00  6.8059720e+00         -inf  1.00779e+05  6.80597e+00  6.80597e+00
1.826025726e+00  7.4135774e+00         -inf  1.00779e+05  7.41358e+00  7.41358e+00
1.833329829e+00  7.9294358e+00         -inf  1.00779e+05  7.92944e+00  7.92944e+00
1.840663148e+00  8.3278685e+00         -inf  1.00779e+05  8.32787e+00  8.32787e+00
1.848025801e+00  8.4973166e+00         -inf  1.00779e+05  8.49732e+00  8.49732e+00
1.855417904e+00  8.5310641e+00         -inf  1.00779e+05  8.53106e+00  8.53106e+00
1.862839576e+00  8.4699628e+00         -inf  1.00779e+05  8.46996e+00  8.46996e+00
1.870290934e+00  8.4068799e+00         -inf  1.00779e+05  8.40688e+00  8.40688e+00
1.877772098e+00  9.0405466e+00         -inf  1.00779e+05  9.04055e+00  9.04055e+00
1.885283186e+00  8.9560070e+00         -inf  1.00779e+05  8.95601e+00  8.95601e+00
1.892824319e+00  8.1930497e+00         -inf  1.00779e+05  8.19305e+00  8.19305e+00
1.900395616e+00  8.0738207e+00         -inf  1.00779e+05  8.07382e+00  8.07382e+00
1.907997199e+00  7.9661581e+00         -inf  1.00779e+05  7.96616e+00  7.96616e+00
1.915629188e+00  7.6838990e+00         -inf  1.00779e+05  7.68390e+00  7.68390e+00
1.923291704e+00  7.0860755e+00         -inf  1.00779e+05  7.08608e+00  7.08608e+00
1.930984871e+00  6.2919973e+00         -inf  1.00779e+05  6.29200e+00  6.29200e+00
1.938708811e+00  6.3216781e+00         -inf  1.00779e+05  6.32168e+00  6.32168e+00
1.946463646e+00  1.0639870e+01         -inf  1.00779e+05  1.06399e+01  1.06399e+01
1.954249500e+00  1.7493732e+01         -inf  1.00779e+05  1.74937e+01  1.74937e+01
1.962066498e+00  1.6971238e+01         -inf  1.00779e+05  1.69712e+01  1.69712e+01
1.969914764e+00  1.4601032e+01         -inf  1.00779e+05  1.46010e+01  1.46010e+01
1.977794423e+00  8.6309882e+00         -inf  1.00779e+05  8.63099e+00  8.63099e+00
1.985705601e+00  6.6138422e+00         -inf  1.00779e+05  6.61384e+00  6.61384e+00
1.993648424e+00  8.5606550e+00         -inf  1.00779e+05  8.56066e+00  8.56066e+00
2.001623017e+00  2.0160393e+01         -inf  1.00779e+05  2.01604e+01  2.01604e+01
2.009629509e+00  2.1122299e+01         -inf  1.00779e+05  2.11223e+01  2.11223e+01
2.017668027e+00  1.8992357e+01         -inf  1.00779e+05  1.89924e+01  1.89924e+01
2.025738699e+00  1.2438994e+01         -inf  1.00779e+05  1.24390e+01  1.24390e+01
2.033841654e+00  1.0645263e+01         -inf  1.00779e+05  1.06453e+01  1.06453e+01
2.041977021e+00  1.1193459e+01         -inf  1.00779e+05  1.11935e+01  1.11935e+01
2.050144929e+00  1.4860259e+01         -inf  1.00779e+05  1.48603e+01  1.48603e+01
2.058345509e+00  1.6014108e+01         -inf  1.00779e+05  1.60141e+01  1.60141e+01
2.066578891e+00  1.5444320e+01         -inf  1.00779e+05  1.54443e+01  1.54443e+01
2.074845206e+00  1.2135035e+01         -inf  1.00779e+05  1.21350e+01  1.21350e+01
2.083144587e+00  1.0270491e+01         -inf  1.00779e+05  1.02705e+01  1.02705e+01
2.091477165e+00  8.6420691e+00         -inf  1.00779e+05  8.64207e+00  8.64207e+00
2.099843074e+00  7.2420225e+00         -inf  1.00779e+05  7.24202e+00  7.24202e+00
2.108242446e+00  7.3608598e+00         -inf  1.00779e+05  7.36086e+00  7.36086e+00
2.116675416e+00  6.8026547e+00         -inf  1.00779e+05  6.80265e+00  6.80265e+00
2.125142118e+00  6.2154815e+00         -inf  1.00779e+05  6.21548e+00  6.21548e+00
2.133642686e+00  5.7726294e+00         -inf  1.00779e+05  5.77263e+00  5.77263e+00
2.142177257e+00  6.0736033e+00         -inf  1.00779e+05  6.07360e+00  6.07360e+00
2.150745966e+00  7.0537181e+00         -inf  1.00779e+05  7.05372e+00  7.05372e+00
2.159348950e+00  7.2409168e+00         -inf  1.00779e+05  7.24092e+00  7.24092e+00
2.167986346e+00  7.2014748e+00         -inf  1.00779e+05  7.20147e+00  7.20147e+00
2.176658291e+00  6.7796904e+00         -inf  1.00779e+05  6.77969e+00  6.77969e+00
2.185364924e+00  5.8582454e+00         -inf  1.00779e+05  5.85825e+00  5.85825e+00
2.194106384e+00  6.2208958e+00         -inf  1.00779e+05  6.22090e+00  6.22090e+00
2.202882810e+00  1.0316996e+01         -inf  1.00779e+05  1.03170e+01  1.03170e+01
2.211694341e+00  5.9367295e+00         -inf  1.00779e+05  5.93673e+00  5.93673e+00
2.220541118e+00  6.9647298e+00         -inf  1.00779e+05  6.96473e+00  6.96473e+00
2.229423283e+00  7.9053434e+00         -inf  1.00779e+05  7.90534e+00  7.90534e+00
2.238340976e+00  8.5665449e+00         -inf  1.00779e+05  8.56654e+00  8.56654e+00
2.247294340e+00  9.3372222e+00         -inf  1.00779e+05  9.33722e+00  9.33722e+00
2.256283517e+00  9.7791598e+00         -inf  1.00779e+05  9.77916e+00  9.77916e+00
2.265308651e+00  1.0184906e+01         -inf  1.00779e+05  1.01849e+01  1.01849e+01
2.274369886e+00  1.0699988e+01         -inf  1.00779e+05  1.07000e+01  1.07000e+01
2.283467365e+00  1.0703259e+01         -inf  1.00779e+05  1.07033e+01  1.07033e+01
2.292601235e+00  1.2007844e+01         -inf  1.00779e+05  1.20078e+01  1.20078e+01
2.301771640e+00  1.3360329e+01         -inf  1.00779e+05  1.33603e+01  1.33603e+01
2.310978726e+00  8.5261559e+00         -inf  1.00779e+05  8.52616e+00  8.52616e+00
2.320222641e+00  1.2603827e+01         -inf  1.00779e+05  1.26038e+01  1.26038e+01
2.329503532e+00  1.0768857e+01         -inf  1.00779e+05  1.07689e+01  1.07689e+01
2.338821546e+00  1.2467807e+01         -inf  1.00779e+05  1.24678e+01  1.24678e+01
2.348176832e+00  1.3126318e+01         -inf  1.00779e+05  1.31263e+01  1.31263e+01
2.357569539e+00  1.1062625e+01         -inf  1.00779e+05  1.10626e+01  1.10626e+01
2.366999817e+00  1.1404645e+01         -inf  1.00779e+05  1.14046e+01  1.14046e+01
2.376467817e+00  1.1794202e+01         -inf  1.00779e+05  1.17942e+01  1.17942e+01
2.385973688e+00  9.4955026e+00         -inf  1.00779e+05  9.49550e+00  9.49550e+00
2.395517583e+00  9.5986039e+00         -inf  1.00779e+05  9.59860e+00  9.59860e+00
2.405099653e+00  8.1319275e+00         -inf  1.00779e+05  8.13193e+00  8.13193e+00
2.414720052e+00  7.0286847e+00         -inf  1.00779e+05  7.02868e+00  7.02868e+00
2.424378932e+00  8.4127699e+00         -inf  1.00779e+05  8.41277e+00  8.41277e+00
2.434076448e+00  7.0455446e+00         -inf  1.00779e+05  7.04554e+00  7.04554e+00
2.443812753e+00  6.4560048e+00         -inf  1.00779e+05  6.45600e+00  6.45600e+00
2.453588004e+00  6.1993626e+00         -inf  1.00779e+05  6.19936e+00  6.19936e+00
2.463402356e+00  5.8513180e+00         -inf  1.00779e+05  5.85132e+00  5.85132e+00
2.473255966e+00  5.7813175e+00         -inf  1.00779e+05  5.78132e+00  5.78132e+00
2.483148990e+00  6.5921068e+00         -inf  1.00779e+05  6.59211e+00  6.59211e+00
2.493081586e+00  6.4601272e+00         -inf  1.00779e+05  6.46013e+00  6.46013e+00
2.503053912e+00  6.5336943e+00         -inf  1.00779e+05  6.53369e+00  6.53369e+00
2.513066128e+00  6.7620690e+00         -inf  1.00779e+05  6.76207e+00  6.76207e+00
2.523118392e+00  7.1422097e+00         -inf  1.00779e+05  7.14221e+00  7.14221e+00
2.533210866e+00  7.7189066e+00         -inf  1.00779e+05  7.71891e+00  7.71891e+00
2.543343709e+00  8.1176351e+00         -inf  1.00779e+05  8.11764e+00  8.11764e+00
2.553517084e+00  9.1425052e+00         -inf  1.00779e+05  9.14251e+00  9.14251e+00
2.563731152e+00  1.0394709e+01         -inf  1.00779e+05  1.03947e+01  1.03947e+01
2.573986077e+00  1.0640754e+01         -inf  1.00779e+05  1.06408e+01  1.06408e+01
2.584282021e+00  1.1231824e+01         -inf  1.00779e+05  1.12318e+01  1.12318e+01
2.594619149e+00  1.1632352e+01         -inf  1.00779e+05  1.16324e+01  1.16324e+01
2.604997626e+00  1.1435494e+01         -inf  1.00779e+05  1.14355e+01  1.14355e+01
2.615417616e+00  1.1449196e+01         -inf  1.00779e+05  1.14492e+01  1.14492e+01
2.625879287e+00  1.0935588e+01         -inf  1.00779e+05  1.09356e+01  1.09356e+01
2.636382804e+00  1.0628287e+01         -inf  1.00779e+05  1.06283e+01  1.06283e+01
2.646928335e+00  1.0586823e+01         -inf  1.00779e+05  1.05868e+01  1.05868e+01
2.657516049e+00  1.1553503e+01         -inf  1.00779e+05  1.15535e+01  1.15535e+01
2.668146113e+00  2.0895274e+01         -inf  1.00779e+05  2.08953e+01  2.08953e+01
2.678818697e+00  3.1902409e+01         -inf  1.00779e+05  3.19024e+01  3.19024e+01
2.689533972e+00  3.1425484e+01         -inf  1.00779e+05  3.14255e+01  3.14255e+01
2.700292108e+00  3.2137598e+01         -inf  1.00779e+05  3.21376e+01  3.21376e+01
2.711093276e+00  2.8404946e+01         -inf  1.00779e+05  2.84049e+01  2.84049e+01
2.721937650e+00  2.2325870e+01         -inf  1.00779e+05  2.23259e+01  2.23259e+01
2.732825400e+00  2.0622603e+01         -inf  1.00779e+05  2.06226e+01  2.06226e+01
2.743756702e+00  2.4633193e+01         -inf  1.00779e+05  2.46332e+01  2.46332e+01
2.754731729e+00  3.0661469e+01         -inf  1.00779e+05  3.06615e+01  3.06615e+01
2.765750655e+00  3.0005255e+01         -inf  1.00779e+05  3.00053e+01  3.00053e+01
2.776813658e+00  3.1306953e+01         -inf  1.00779e+05  3.13070e+01  3.13070e+01
2.787920913e+00  2.8555269e+01         -inf  1.00779e+05  2.85553e+01  2.85553e+01
2.799072596e+00  2.4435226e+01         -inf  1.00779e+05  2.44352e+01  2.44352e+01
2.810268887e+00  2.2088648e+01         -inf  1.00779e+05  2.20886e+01  2.20887e+01
2.821509962e+00  1.9892015e+01         -inf  1.00779e+05  1.98920e+01  1.98920e+01
2.832796002e+00  1.6736116e+01         -inf  1.00779e+05  1.67361e+01  1.67361e+01
2.844127186e+00  1.7155648e+01         -inf  1.00779e+05  1.71556e+01  1.71557e+01
2.855503695e+00  1.5373642e+01         -inf  1.00779e+05  1.53736e+01  1.53736e+01
2.866925710e+00  1.5450324e+01         -inf  1.00779e+05  1.54503e+01  1.54503e+01
2.878393413e+00  1.3446665e+01         -inf  1.00779e+05  1.34467e+01  1.34467e+01
2.889906986e+00  1.2451630e+01         -inf  1.00779e+05  1.24516e+01  1.24516e+01
2.901466614e+00  9.3853239e+00         -inf  1.00779e+05  9.38532e+00  9.38533e+00
2.913072481e+00  6.8498734e+00         -inf  1.00779e+05  6.84987e+00  6.84987e+00
2.924724770e+00  5.9302168e+00         -inf  1.00779e+05  5.93022e+00  5.93022e+00
2.936423670e+00  5.3642265e+00         -inf  1.00779e+05  5.36423e+00  5.36423e+00
2.948169364e+00  5.8538381e+00         -inf  1.00779e+05  5.85384e+00  5.85384e+00
2.959962042e+00  7.6420874e+00         -inf  1.00779e+05  7.64209e+00  7.64209e+00
2.971801890e+00  7.5627302e+00         -inf  1.00779e+05  7.56273e+00  7.56273e+00
2.983689097e+00  8.2720249e+00         -inf  1.00779e+05  8.27202e+00  8.27203e+00
2.995623854e+00  6.5332676e+00         -inf  1.00779e+05  6.53327e+00  6.53327e+00
3.007606349e+00  6.1724836e+00         -inf  1.00779e+05  6.17248e+00  6.17249e+00
3.019636775e+00  6.1031233e+00         -inf  1.00779e+05  6.10312e+00  6.10313e+00
3.031715322e+00  5.3951667e+00         -inf  1.00779e+05  5.39517e+00  5.39517e+00
3.043842183e+00  5.2649765e+00         -inf  1.00779e+05  5.26498e+00  5.26498e+00
3.056017552e+00  5.3055182e+00         -inf  1.00779e+05  5.30552e+00  5.30552e+00
3.068241622e+00  5.3289122e+00         -inf  1.00779e+05  5.32891e+00  5.32892e+00
3.080514588e+00  5.3644278e+00         -inf  1.00779e+05  5.36443e+00  5.36443e+00
3.092836647e+00  5.4114544e+00         -inf  1.00779e+05  5.41145e+00  5.41146e+00
3.105207993e+00  5.5214594e+00         -inf  1.00779e+05  5.52146e+00  5.52146e+00
3.117628825e+00  5.8540561e+00         -inf  1.00779e+05  5.85406e+00  5.85406e+00
3.130099341e+00  6.4196229e+00         -inf  1.00779e+05  6.41962e+00  6.41963e+00
3.142619738e+00  6.0536126e+00         -inf  1.00779e+05  6.05361e+00  6.05362e+00
3.155190217e+00  7.3675662e+00         -inf  1.00779e+05  7.36757e+00  7.36757e+00
3.167810978e+00  7.2571140e+00         -inf  1.00779e+05  7.25711e+00  7.25712e+00
3.180482222e+00  9.4824043e+00         -inf  1.00779e+05  9.48240e+00  9.48242e+00
3.193204151e+00  9.8464349e+00         -inf  1.00779e+05  9.84643e+00  9.84645e+00
3.205976967e+00  1.1118745e+01         -inf  1.00779e+05  1.11187e+01  1.11188e+01
3.218800875e+00  1.2593292e+01         -inf  1.00779e+05  1.25933e+01  1.25933e+01
3.231676079e+00  1.2298267e+01         -inf  1.00779e+05  1.22983e+01  1.22983e+01
3.244602783e+00  1.4268612e+01         -inf  1.00779e+05  1.42686e+01  1.42686e+01
3.257581194e+00  1.5062819e+01         -inf  1.00779e+05  1.50628e+01  1.50628e+01
3.270611519e+00  1.3987360e+01         -inf  1.00779e+05  1.39874e+01  1.39874e+01
3.283693965e+00  1.1177353e+01         -inf  1.00779e+05  1.11774e+01  1.11774e+01
3.296828741e+00  1.2030626e+01         -inf  1.00779e+05  1.20306e+01  1.20306e+01
3.310016056e+00  2.0752865e+01         -inf  1.00779e+05  2.07529e+01  2.07529e+01
3.323256120e+00  1.9100643e+01         -inf  1.00779e+05  1.91006e+01  1.91007e+01
3.336549144e+00  9.9809965e+00         -inf  1.00779e+05  9.98100e+00  9.98102e+00
3.349895341e+00  1.0991256e+01         -inf  1.00779e+05  1.09913e+01  1.09913e+01
3.363294922e+00  1.3515560e+01         -inf  1.00779e+05  1.35156e+01  1.35156e+01
3.376748102e+00  1.3682042e+01         -inf  1.00779e+05  1.36820e+01  1.36821e+01
3.390255094e+00  1.3661095e+01         -inf  1.00779e+05  1.36611e+01  1.36611e+01
3.403816115e+00  1.2934498e+01         -inf  1.00779e+05  1.29345e+01  1.29345e+01
3.417431379e+00  1.0879676e+01         -inf  1.00779e+05  1.08797e+01  1.08797e+01
3.431101105e+00  1.1287383e+01         -inf  1.00779e+05  1.12874e+01  1.12874e+01
3.444825509e+00  1.1033493e+01         -inf  1.00779e+05  1.10335e+01  1.10335e+01
3.458604811e+00  1.0129067e+01         -inf  1.00779e+05  1.01291e+01  1.01291e+01
3.472439231e+00  1.1417937e+01         -inf  1.00779e+05  1.14179e+01  1.14180e+01
3.486328987e+00  1.0953660e+01         -inf  1.00779e+05  1.09537e+01  1.09537e+01
3.500274303e+00  9.3568054e+00         -inf  1.00779e+05  9.35681e+00  9.35685e+00
3.514275401e+00  7.4913722e+00         -inf  1.00779e+05  7.49137e+00  7.49141e+00
3.528332502e+00  8.7683120e+00         -inf  1.00779e+05  8.76831e+00  8.76836e+00
3.542445832e+00  1.1940414e+01         -inf  1.00779e+05  1.19404e+01  1.19405e+01
3.556615616e+00  9.0505678e+00         -inf  1.00779e+05  9.05057e+00  9.05063e+00
3.570842078e+00  1.0921990e+01         -inf  1.00779e+05  1.09220e+01  1.09221e+01
3.585125446e+00  1.0840390e+01         -inf  1.00779e+05  1.08404e+01  1.08405e+01
3.599465948e+00  8.8580445e+00         -inf  1.00779e+05  8.85804e+00  8.85811e+00
3.613863812e+00  8.5560260e+00         -inf  1.00779e+05  8.55603e+00  8.55610e+00
3.628319267e+00  7.8659171e+00         -inf  1.00779e+05  7.86592e+00  7.86599e+00
3.642832544e+00  8.2424025e+00         -inf  1.00779e+05  8.24240e+00  8.24249e+00
3.657403874e+00  6.3367119e+00         -inf  1.00779e+05  6.33671e+00  6.33679e+00
3.672033490e+00  6.7589110e+00         -inf  1.00779e+05  6.75891e+00  6.75900e+00
3.686721624e+00  6.9899521e+00         -inf  1.00779e+05  6.98995e+00  6.99005e+00
3.701468510e+00  6.2693615e+00         -inf  1.00779e+05  6.26936e+00  6.26946e+00
3.716274384e+00  6.8438432e+00         -inf  1.00779e+05  6.84384e+00  6.84395e+00
3.731139482e+00  7.5185522e+00         -inf  1.00779e+05  7.51855e+00  7.51867e+00
3.746064040e+00  6.9913358e+00         -inf  1.00779e+05  6.99134e+00  6.99145e+00
3.761048296e+00  6.5441966e+00         -inf  1.00779e+05  6.54420e+00  6.54432e+00
3.776092489e+00  6.8557307e+00         -inf  1.00779e+05  6.85573e+00  6.85586e+00
3.791196859e+00  7.6823436e+00         -inf  1.00779e+05  7.68234e+00  7.68249e+00
3.806361647e+00  7.7357805e+00         -inf  1.00779e+05  7.73578e+00  7.73594e+00
3.821587093e+00  7.2630124e+00         -inf  1.00779e+05  7.26301e+00  7.26318e+00
3.836873442e+00  8.3290929e+00         -inf  1.00779e+05  8.32909e+00  8.32928e+00
3.852220935e+00  9.5903270e+00         -inf  1.00779e+05  9.59033e+00  9.59056e+00
3.867629819e+00  1.2308470e+01         -inf  1.00779e+05  1.23085e+01  1.23088e+01
3.883100338e+00  1.4351531e+01         -inf  1.00779e+05  1.43515e+01  1.43520e+01
3.898632740e+00  1.2770499e+01         -inf  1.00779e+05  1.27705e+01  1.27709e+01
3.914227271e+00  1.3680225e+01         -inf  1.00779e+05  1.36802e+01  1.36807e+01
3.929884180e+00  1.2980126e+01         -inf  1.00779e+05  1.29801e+01  1.29806e+01
3.945603716e+00  1.1739490e+01         -inf  1.00779e+05  1.17395e+01  1.17399e+01
3.961386131e+00  1.1108688e+01         -inf  1.00779e+05  1.11087e+01  1.11091e+01
3.977231676e+00  1.1667753e+01         -inf  1.00779e+05  1.16678e+01  1.16682e+01
3.993140603e+00  1.1968490e+01         -inf  1.00779e+05  1.19685e+01  1.19690e+01
4.009113165e+00  1.2992567e+01         -inf  1.00779e+05  1.29926e+01  1.29932e+01
4.025149618e+00  1.4136273e+01         -inf  1.00779e+05  1.41363e+01  1.41371e+01
4.041250216e+00  1.5323931e+01         -inf  1.00779e+05  1.53239e+01  1.53249e+01
4.057415217e+00  1.5554216e+01         -inf  1.00779e+05  1.55542e+01  1.55553e+01
4.073644878e+00  1.6296514e+01         -inf  1.00779e+05  1.62965e+01  1.62977e+01
4.089939457e+00  1.6729237e+01         -inf  1.00779e+05  1.67292e+01  1.67306e+01
4.106299215e+00  1.6815024e+01         -inf  1.00779e+05  1.68150e+01  1.68166e+01
4.122724412e+00  1.7004234e+01         -inf  1.00779e+05  1.70042e+01  1.70059e+01
4.139215310e+00  1.7243870e+01         -inf  1.00779e+05  1.72439e+01  1.72457e+01
4.155772171e+00  1.7481405e+01         -inf  1.00779e+05  1.74814e+01  1.74835e+01
4.172395260e+00  1.8955524e+01         -inf  1.00779e+05  1.89555e+01  1.89584e+01
4.189084841e+00  2.4381026e+01         -inf  1.00779e+05  2.43810e+01  2.43825e+01
4.205841180e+00  3.3966853e+01         -inf  1.00779e+05  3.39669e+01  3.39670e+01
4.222664545e+00  4.2152981e+01         -inf  1.00779e+05  4.21530e+01  4.21531e+01
4.239555203e+00  4.5430453e+01         -inf  1.00779e+05  4.54305e+01  4.54306e+01
4.256513424e+00  4.3508116e+01         -inf  1.00779e+05  4.35081e+01  4.35082e+01
4.273539477e+00  4.5257295e+01         -inf  1.00779e+05  4.52573e+01  4.52574e+01
4.290633635e+00  4.3956171e+01         -inf  1.00779e+05  4.39562e+01  4.39563e+01
4.307796170e+00  4.1197932e+01         -inf  1.00779e+05  4.11979e+01  4.11980e+01
4.325027355e+00  3.7626452e+01         -inf  1.00779e+05  3.76265e+01  3.76266e+01
4.342327464e+00  3.4994156e+01         -inf  1.00779e+05  3.49942e+01  3.49943e+01
4.359696774e+00  3.3792860e+01         -inf  1.00779e+05  3.37929e+01  3.37931e+01
4.377135561e+00  3.1454929e+01         -inf  1.00779e+05  3.14549e+01  3.14556e+01
4.394644103e+00  3.1467789e+01         -inf  1.00779e+05  3.14678e+01  3.14684e+01
4.412222680e+00  3.0602053e+01         -inf  1.00779e+05  3.06021e+01  3.06029e+01
4.429871570e+00  2.8350705e+01         -inf  1.00779e+05  2.83507e+01  2.83524e+01
4.447591057e+00  2.4891948e+01         -inf  1.00779e+05  2.48919e+01  2.48956e+01
4.465381421e+00  2.4501991e+01         -inf  1.00779e+05  2.45020e+01  2.45060e+01
4.483242946e+00  2.4525579e+01         -inf  1.00779e+05  2.45256e+01  2.45299e+01
4.501175918e+00  2.2518821e+01         -inf  1.00779e+05  2.25188e+01  2.25240e+01
4.519180622e+00  2.4004616e+01         -inf  1.00779e+05  2.40046e+01  2.40096e+01
4.537257344e+00  2.2718703e+01         -inf  1.00779e+05  2.27187e+01  2.27244e+01
4.555406374e+00  2.0734295e+01         -inf  1.00779e+05  2.07343e+01  2.07404e+01
4.573627999e+00  1.8476510e+01         -inf  1.00779e+05  1.84765e+01  1.84825e+01
4.591922511e+00  1.5191415e+01         -inf  1.00779e+05  1.51914e+01  1.51963e+01
4.610290201e+00  1.3168369e+01         -inf  1.00779e+05  1.31684e+01  1.31724e+01
4.628731362e+00  1.1340182e+01         -inf  1.00779e+05  1.13402e+01  1.13437e+01
4.647246288e+00  9.8435751e+00         -inf  1.00779e+05  9.84358e+00  9.84680e+00
4.665835273e+00  8.6083675e+00         -inf  1.00779e+05  8.60837e+00  8.61150e+00
4.684498614e+00  9.1279703e+00         -inf  1.00779e+05  9.12797e+00  9.13119e+00
4.703236608e+00  1.7765586e+01         -inf  1.00779e+05  1.77656e+01  1.77696e+01
4.722049555e+00  1.9159897e+01         -inf  1.00779e+05  1.91599e+01  1.91639e+01
4.740937753e+00  1.6793133e+01         -inf  1.00779e+05  1.67931e+01  1.67974e+01
4.759901504e+00  1.7432053e+01         -inf  1.00779e+05  1.74321e+01  1.74364e+01
4.778941110e+00  1.6920670e+01         -inf  1.00779e+05  1.69207e+01  1.69263e+01
4.798056874e+00  1.5950237e+01         -inf  1.00779e+05  1.59502e+01  1.59570e+01
4.817249102e+00  1.9190023e+01         -inf  1.00779e+05  1.91900e+01  1.91991e+01
4.836518098e+00  1.6568185e+01         -inf  1.00779e+05  1.65682e+01  1.65777e+01
4.855864171e+00  1.6184760e+01         -inf  1.00779e+05  1.61848e+01  1.61952e+01
4.875287627e+00  1.3991869e+01         -inf  1.00779e+05  1.39919e+01  1.40014e+01
4.894788778e+00  1.1247652e+01         -inf  1.00779e+05  1.12477e+01  1.12556e+01
4.914367933e+00  1.0476888e+01         -inf  1.00779e+05  1.04769e+01  1.04839e+01
4.934025405e+00  8.2548627e+00         -inf  1.00779e+05  8.25486e+00  8.26091e+00
4.953761506e+00  7.9805086e+00         -inf  1.00779e+05  7.98051e+00  7.98683e+00
4.973576552e+00  7.0459660e+00         -inf  1.00779e+05  7.04597e+00  7.05232e+00
4.993470859e+00  6.4365762e+00         -inf  1.00779e+05  6.43658e+00  6.44304e+00
5.013444742e+00  5.4288718e+00         -inf  1.00779e+05  5.42887e+00  5.43549e+00
5.033498521e+00  5.4072585e+00         -inf  1.00779e+05  5.40726e+00  5.41422e+00
5.053632515e+00  5.5352572e+00         -inf  1.00779e+05  5.53526e+00  5.54263e+00
5.073847045e+00  5.9780333e+00         -inf  1.00779e+05  5.97803e+00  5.98597e+00
5.094142433e+00  6.5549383e+00         -inf  1.00779e+05  6.55494e+00  6.56358e+00
5.114519003e+00  6.6973272e+00         -inf  1.00779e+05  6.69733e+00  6.70643e+00
5.134977079e+00  6.2700806e+00         -inf  1.00779e+05  6.27008e+00  6.27939e+00
5.155516987e+00  7.2198966e+00         -inf  1.00779e+05  7.21990e+00  7.23013e+00
5.176139055e+00  1.2385204e+01         -inf  1.00779e+05  1.23852e+01  1.24006e+01
5.196843612e+00  9.7011524e+00         -inf  1.00779e+05  9.70115e+00  9.71497e+00
5.217630986e+00  1.1056071e+01         -inf  1.00779e+05  1.10561e+01  1.10724e+01
5.238501510e+00  1.0094771e+01         -inf  1.00779e+05  1.00948e+01  1.01113e+01
5.259455516e+00  9.2338356e+00         -inf  1.00779e+05  9.23384e+00  9.24977e+00
5.280493338e+00  8.2721837e+00         -inf  1.00779e+05  8.27218e+00  8.28758e+00
5.301615311e+00  7.9756224e+00         -inf  1.00779e+05  7.97562e+00  7.99146e+00
5.322821773e+00  8.7634644e+00         -inf  1.00779e+05  8.76346e+00  8.78080e+00
5.344113060e+00  8.1400286e+00         -inf  1.00779e+05  8.14003e+00  8.15846e+00
5.365489512e+00  8.2517239e+00         -inf  1.00779e+05  8.25172e+00  8.27174e+00
5.386951470e+00  8.2634899e+00         -inf  1.00779e+05  8.26349e+00  8.28514e+00
5.408499276e+00  8.3015335e+00         -inf  1.00779e+05  8.30153e+00  8.32498e+00
5.430133273e+00  8.3901782e+00         -inf  1.00779e+05  8.39018e+00  8.41546e+00
5.451853806e+00  8.5325211e+00         -inf  1.00779e+05  8.53252e+00  8.55998e+00
5.473661221e+00  8.7404141e+00         -inf  1.00779e+05  8.74041e+00  8.77041e+00
5.495555866e+00  8.9992152e+00         -inf  1.00779e+05  8.99922e+00  9.03215e+00
5.517538090e+00  9.2130503e+00         -inf  1.00779e+05  9.21305e+00  9.24906e+00
5.539608242e+00  9.2816997e+00         -inf  1.00779e+05  9.28170e+00  9.32122e+00
5.561766675e+00  9.2482474e+00         -inf  1.00779e+05  9.24825e+00  9.29159e+00
5.584013742e+00  9.4346097e+00         -inf  1.00779e+05  9.43461e+00  9.48197e+00
5.606349797e+00  9.5920123e+00         -inf  1.00779e+05  9.59201e+00  9.64370e+00
5.628775196e+00  9.6456615e+00         -inf  1.00779e+05  9.64566e+00  9.70197e+00
5.651290297e+00  9.6897215e+00         -inf  1.00779e+05  9.68972e+00  9.75095e+00
5.673895458e+00  9.7830928e+00         -inf  1.00779e+05  9.78309e+00  9.84972e+00
5.696591040e+00  9.8595568e+00         -inf  1.00779e+05  9.85956e+00  9.93177e+00
5.719377404e+00  1.0224853e+01         -inf  1.00779e+05  1.02249e+01  1.03029e+01
5.742254913e+00  1.1433706e+01         -inf  1.00779e+05  1.14337e+01  1.15181e+01
5.765223933e+00  1.1571538e+01         -inf  1.00779e+05  1.15715e+01  1.16629e+01
5.788284829e+00  1.1042359e+01         -inf  1.00779e+05  1.10424e+01  1.11412e+01
5.811437968e+00  1.1217089e+01         -inf  1.00779e+05  1.12171e+01  1.13236e+01
5.834683720e+00  1.1527977e+01         -inf  1.00779e+05  1.15280e+01  1.16418e+01
5.858022455e+00  1.1319994e+01         -inf  1.00779e+05  1.13200e+01  1.14411e+01
5.881454545e+00  1.1026260e+01         -inf  1.00779e+05  1.10263e+01  1.11543e+01
5.904980363e+00  1.0785178e+01         -inf  1.00779e+05  1.07852e+01  1.09200e+01
5.928600284e+00  1.0677711e+01         -inf  1.00779e+05  1.06777e+01  1.08193e+01
5.952314685e+00  1.0699333e+01         -inf  1.00779e+05  1.06993e+01  1.08477e+01
5.976123944e+00  1.0647921e+01         -inf  1.00779e+05  1.06479e+01  1.08024e+01
6.000028440e+00  1.0736661e+01         -inf  1.00779e+05  1.07367e+01  1.08969e+01
6.024028554e+00  1.0678538e+01         -inf  1.00779e+05  1.06785e+01  1.08443e+01
6.048124668e+00  1.0752307e+01         -inf  1.00779e+05  1.07523e+01  1.09228e+01
6.072317167e+00  1.0756468e+01         -inf  1.00779e+05  1.07565e+01  1.09315e+01
6.096606435e+00  1.0728033e+01         -inf  1.00779e+05  1.07280e+01  1.09075e+01
6.120992861e+00  1.0785929e+01         -inf  1.00779e+05  1.07859e+01  1.09692e+01
6.145476832e+00  1.0670660e+01         -inf  1.00779e+05  1.06707e+01  1.08574e+01
6.170058740e+00  1.0739430e+01         -inf  1.00779e+05  1.07394e+01  1.09292e+01
6.194738975e+00  1.0680757e+01         -inf  1.00779e+05  1.06808e+01  1.08746e+01
6.219517931e+00  1.0694011e+01         -inf  1.00779e+05  1.06940e+01  1.08927e+01
6.244396002e+00  1.0635513e+01         -inf  1.00779e+05  1.06355e+01  1.08410e+01
6.269373586e+00  1.0436168e+01         -inf  1.00779e+05  1.04362e+01  1.06503e+01
6.294451081e+00  1.0761279e+01         -inf  1.00779e+05  1.07613e+01  1.09849e+01
6.319628885e+00  1.0471207e+01         -inf  1.00779e+05  1.04712e+01  1.07064e+01
6.344907401e+00  1.0797042e+01         -inf  1.00779e+05  1.07970e+01  1.10437e+01
6.370287030e+00  1.0543517e+01         -inf  1.00779e+05  1.05435e+01  1.08024e+01
6.395768178e+00  1.0713940e+01         -inf  1.00779e+05  1.07139e+01  1.09845e+01
6.421351251e+00  1.0766937e+01         -inf  1.00779e+05  1.07669e+01  1.10489e+01
6.447036656e+00  1.1002185e+01         -inf  1.00779e+05  1.10022e+01  1.12949e+01
6.472824803e+00  1.1395447e+01         -inf  1.00779e+05  1.13954e+01  1.16974e+01
6.498716102e+00  1.2906748e+01         -inf  1.00779e+05  1.29067e+01  1.32158e+01
6.524710966e+00  1.1370854e+01         -inf  1.00779e+05  1.13709e+01  1.16911e+01
6.550809810e+00  1.0507657e+01         -inf  1.00779e+05  1.05077e+01  1.08369e+01
6.577013049e+00  1.0449352e+01         -inf  1.00779e+05  1.04494e+01  1.07856e+01
6.603321102e+00  1.0398077e+01         -inf  1.00779e+05  1.03981e+01  1.07399e+01
6.629734386e+00  1.0321715e+01         -inf  1.00779e+05  1.03217e+01  1.06686e+01
6.656253324e+00  1.0468925e+01         -inf  1.00779e+05  1.04689e+01  1.08200e+01
6.682878337e+00  1.0269659e+01         -inf  1.00779e+05  1.02697e+01  1.06245e+01
6.709609850e+00  1.0240338e+01         -inf  1.00779e+05  1.02403e+01  1.05979e+01
6.736448290e+00  1.0357733e+01         -inf  1.00779e+05  1.03577e+01  1.07174e+01
6.763394083e+00  1.0013631e+01         -inf  1.00779e+05  1.00136e+01  1.03747e+01
6.790447659e+00  1.0704944e+01         -inf  1.00779e+05  1.07049e+01  1.10651e+01
6.817609450e+00  1.0113271e+01         -inf  1.00779e+05  1.01133e+01  1.04727e+01
6.844879888e+00  1.0117914e+01         -inf  1.00779e+05  1.01179e+01  1.04760e+01
6.872259407e+00  1.0021506e+01         -inf  1.00779e+05  1.00215e+01  1.03786e+01
6.899748445e+00  1.0169092e+01         -inf  1.00779e+05  1.01691e+01  1.05249e+01
6.927347438e+00  9.8208495e+00         -inf  1.00779e+05  9.82085e+00  1.01735e+01
6.955056828e+00  9.4930599e+00         -inf  1.00779e+05  9.49306e+00  9.84132e+00
6.982877056e+00  9.6560381e+00         -inf  1.00779e+05  9.65604e+00  1.00008e+01
7.010808564e+00  9.5024959e+00         -inf  1.00779e+05  9.50250e+00  9.84229e+00
7.038851798e+00  9.0795474e+00         -inf  1.00779e+05  9.07955e+00  9.41247e+00
7.067007205e+00  8.9916371e+00         -inf  1.00779e+05  8.99164e+00  9.32033e+00
7.095275234e+00  8.9271587e+00         -inf  1.00779e+05  8.92716e+00  9.25118e+00
7.123656335e+00  8.6526673e+00         -inf  1.00779e+05  8.65267e+00  8.97316e+00
7.152150960e+00  8.6956993e+00         -inf  1.00779e+05  8.69570e+00  9.01340e+00
7.180759564e+00  8.5512894e+00         -inf  1.00779e+05  8.55129e+00  8.86784e+00
7.209482602e+00  8.9319749e+00         -inf  1.00779e+05  8.93197e+00  9.25136e+00
7.238320533e+00  9.5292822e+00         -inf  1.00779e+05  9.52928e+00  9.86068e+00
7.267273815e+00  1.0462436e+01         -inf  1.00779e+05  1.04624e+01  1.08114e+01
7.296342910e+00  1.0320555e+01         -inf  1.00779e+05  1.03206e+01  1.06782e+01
7.325528282e+00  1.2142632e+01         -inf  1.00779e+05  1.21426e+01  1.25381e+01
7.354830395e+00  1.3848068e+01         -inf  1.00779e+05  1.38481e+01  1.42797e+01
7.384249717e+00  1.5335814e+01         -inf  1.00779e+05  1.53358e+01  1.57822e+01
7.413786715e+00  1.4485510e+01         -inf  1.00779e+05  1.44855e+01  1.49170e+01
7.443441862e+00  1.6100910e+01         -inf  1.00779e+05  1.61009e+01  1.65419e+01
7.473215630e+00  1.5674177e+01         -inf  1.00779e+05  1.56742e+01  1.61222e+01
7.503108492e+00  1.6279842e+01         -inf  1.00779e+05  1.62798e+01  1.67240e+01
7.533120926e+00  1.5478528e+01         -inf  1.00779e+05  1.54785e+01  1.59301e+01
7.563253410e+00  1.3643657e+01         -inf  1.00779e+05  1.36437e+01  1.41066e+01
7.593506424e+00  1.3311821e+01         -inf  1.00779e+05  1.33118e+01  1.38097e+01
7.623880449e+00  1.5022474e+01         -inf  1.00779e+05  1.50225e+01  1.55944e+01
7.654375971e+00  2.1037369e+01         -inf  1.00779e+05  2.10374e+01  2.15641e+01
7.684993475e+00  2.2048446e+01         -inf  1.00779e+05  2.20484e+01  2.26842e+01
7.715733449e+00  2.0570168e+01         -inf  1.00779e+05  2.05702e+01  2.12612e+01
7.746596383e+00  1.8955131e+01         -inf  1.00779e+05  1.89551e+01  1.96422e+01
7.777582768e+00  1.7131687e+01         -inf  1.00779e+05  1.71317e+01  1.77809e+01
7.808693099e+00  1.8376142e+01         -inf  1.00779e+05  1.83761e+01  1.90933e+01
7.839927872e+00  1.9215444e+01         -inf  1.00779e+05  1.92154e+01  1.99870e+01
7.871287583e+00  1.9098626e+01         -inf  1.00779e+05  1.90986e+01  1.98776e+01
7.902772733e+00  1.7697668e+01         -inf  1.00779e+05  1.76977e+01  1.84822e+01
7.934383824e+00  1.6794406e+01         -inf  1.00779e+05  1.67944e+01  1.75697e+01
7.966121360e+00  1.4596770e+01         -inf  1.00779e+05  1.45968e+01  1.53356e+01
7.997985845e+00  1.2696858e+01         -inf  1.00779e+05  1.26969e+01  1.33998e+01
8.029977788e+00  1.3003149e+01         -inf  1.00779e+05  1.30031e+01  1.37442e+01
8.062097700e+00  1.1244782e+01         -inf  1.00779e+05  1.12448e+01  1.19477e+01
8.094346090e+00  9.8777718e+00         -inf  1.00779e+05  9.87777e+00  1.05699e+01
8.126723475e+00  8.5453928e+00         -inf  1.00779e+05  8.54539e+00  9.21493e+00
8.159230369e+00  7.5778112e+00         -inf  1.00779e+05  7.57781e+00  8.23922e+00
8.191867290e+00  8.4185878e+00         -inf  1.00779e+05  8.41859e+00  9.11872e+00
8.224634759e+00  6.6037362e+00         -inf  1.00779e+05  6.60374e+00  7.27567e+00
8.257533298e+00  6.6951033e+00         -inf  1.00779e+05  6.69510e+00  7.38832e+00
8.290563432e+00  5.3944619e+00         -inf  1.00779e+05  5.39446e+00  6.07370e+00
8.323725685e+00  6.4434666e+00         -inf  1.00779e+05  6.44347e+00  7.15824e+00
8.357020588e+00  6.4301908e+00         -inf  1.00779e+05  6.43019e+00  7.16199e+00
8.390448670e+00  7.5694980e+00         -inf  1.00779e+05  7.56950e+00  8.34628e+00
8.424010465e+00  8.0427286e+00         -inf  1.00779e+05  8.04273e+00  8.84582e+00
8.457706507e+00  9.1889063e+00         -inf  1.00779e+05  9.18891e+00  1.00362e+01
8.491537333e+00  9.0329570e+00         -inf  1.00779e+05  9.03296e+00  9.89446e+00
8.525503482e+00  8.9014189e+00         -inf  1.00779e+05  8.90142e+00  9.77111e+00
8.559605496e+00  7.1757097e+00         -inf  1.00779e+05  7.17571e+00  8.02884e+00
8.593843918e+00  8.6896597e+00         -inf  1.00779e+05  8.68966e+00  9.59507e+00
8.628219294e+00  9.3160162e+00         -inf  1.00779e+05  9.31602e+00  1.02690e+01
8.662732171e+00  9.3827798e+00         -inf  1.00779e+05  9.38278e+00  1.03650e+01
8.697383100e+00  9.2824298e+00         -inf  1.00779e+05  9.28243e+00  1.02818e+01
8.732172632e+00  8.4615119e+00         -inf  1.00779e+05  8.46151e+00  9.46137e+00
8.767101323e+00  7.6167810e+00         -inf  1.00779e+05  7.61678e+00  8.61653e+00
8.802169728e+00  7.5556466e+00         -inf  1.00779e+05  7.55565e+00  8.56576e+00
8.837378407e+00  7.4124397e+00         -inf  1.00779e+05  7.41244e+00  8.43862e+00
8.872727920e+00  7.0639524e+00         -inf  1.00779e+05  7.06395e+00  8.11231e+00
8.908218832e+00  7.0629007e+00         -inf  1.00779e+05  7.06290e+00  8.13652e+00
8.943851707e+00  7.1027333e+00         -inf  1.00779e+05  7.10273e+00  8.20200e+00
8.979627114e+00  6.5895085e+00         -inf  1.00779e+05  6.58951e+00  7.71461e+00
9.015545623e+00  5.9656337e+00         -inf  1.00779e+05  5.96563e+00  7.11823e+00
9.051607805e+00  6.1952040e+00         -inf  1.00779e+05  6.19520e+00  7.37804e+00
9.087814236e+00  6.3513535e+00         -inf  1.00779e+05  6.35135e+00  7.56432e+00
9.124165493e+00  6.5523123e+00         -inf  1.00779e+05  6.55231e+00  7.80044e+00
9.160662155e+00  7.1343048e+00         -inf  1.00779e+05  7.13430e+00  8.43052e+00
9.197304804e+00  8.1270237e+00         -inf  1.00779e+05  8.12702e+00  9.49303e+00
9.234094023e+00  7.9392789e+00         -inf  1.00779e+05  7.93928e+00  9.39072e+00
9.271030399e+00  8.0550989e+00         -inf  1.00779e+05  8.05510e+00  9.57977e+00
9.308114521e+00  8.2888892e+00         -inf  1.00779e+05  8.28889e+00  9.84273e+00
9.345346979e+00  8.8565027e+00         -inf  1.00779e+05  8.85650e+00  1.04336e+01
9.382728367e+00  1.5958799e+01         -inf  1.00779e+05  1.59588e+01  1.75682e+01
9.420259280e+00  2.4663850e+01         -inf  1.00779e+05  2.46639e+01  2.64126e+01
9.457940318e+00  2.7661133e+01         -inf  1.00779e+05  2.76611e+01  2.94755e+01
9.495772079e+00  2.9688405e+01         -inf  1.00779e+05  2.96884e+01  3.15074e+01
9.533755167e+00  2.8289488e+01         -inf  1.00779e+05  2.82895e+01  3.01197e+01
9.571890188e+00  2.0770470e+01         -inf  1.00779e+05  2.07705e+01  2.25614e+01
9.610177749e+00  2.7884118e+01         -inf  1.00779e+05  2.78841e+01  2.97116e+01
9.648618460e+00  2.8872150e+01         -inf  1.00779e+05  2.88721e+01  3.08085e+01
9.687212933e+00  2.6744628e+01         -inf  1.00779e+05  2.67446e+01  2.87647e+01
9.725961785e+00  2.5793517e+01         -inf  1.00779e+05  2.57935e+01  2.78649e+01
9.764865632e+00  2.5866081e+01         -inf  1.00779e+05  2.58661e+01  2.80000e+01
9.803925095e+00  2.4653245e+01         -inf  1.00779e+05  2.46532e+01  2.68290e+01
9.843140795e+00  2.2780971e+01         -inf  1.00779e+05  2.27810e+01  2.49722e+01
9.882513358e+00  2.0049082e+01         -inf  1.00779e+05  2.00491e+01  2.22402e+01
9.922043412e+00  1.7301595e+01         -inf  1.00779e+05  1.73016e+01  1.94899e+01
9.961731585e+00  1.4571376e+01         -inf  1.00779e+05  1.45714e+01  1.67626e+01
1.000157851e+01  1.1608689e+01         -inf  1.00779e+05  1.16087e+01  1.38137e+01
1.004158483e+01  8.4719658e+00         -inf  1.00779e+05  8.47197e+00  1.06926e+01
1.008175117e+01  6.8484406e+00         -inf  1.00779e+05  6.84844e+00  9.10413e+00
1.012207817e+01  5.2894597e+00         -inf  1.00779e+05  5.28946e+00  7.59621e+00
1.016256648e+01  4.5830120e+00         -inf  1.00779e+05  4.58301e+00  6.96715e+00
1.020321675e+01  4.3045999e+00         -inf  1.00779e+05  4.30460e+00  6.78550e+00
1.024402962e+01  4.2103585e+00         -inf  1.00779e+05  4.21036e+00  6.77740e+00
1.028500573e+01  4.2016951e+00         -inf  1.00779e+05  4.20170e+00  6.85004e+00
1.032614576e+01  4.0825938e+00         -inf  1.00779e+05  4.08259e+00  6.77912e+00
1.036745034e+01  3.2108074e+00         -inf  1.00779e+05  3.21081e+00  5.86779e+00
1.040892014e+01  2.5313467e+00         -inf  1.00779e+05  2.53135e+00  5.19248e+00
1.045055582e+01  3.3607249e+00         -inf  1.00779e+05  3.36072e+00  6.15942e+00
1.049235805e+01  3.2330020e+00         -inf  1.00779e+05  3.23300e+00  6.10089e+00
1.053432748e+01  3.2093652e+00         -inf  1.00779e+05  3.20937e+00  6.14828e+00
1.057646479e+01  3.1172625e+00         -inf  1.00779e+05  3.11726e+00  6.11370e+00
1.061877065e+01  2.9382904e+00         -inf  1.00779e+05  2.93829e+00  5.97962e+00
1.066124573e+01  2.7072724e+00         -inf  1.00779e+05  2.70727e+00  5.78692e+00
1.070389071e+01  2.4401645e+00         -inf  1.00779e+05  2.44016e+00  5.55639e+00
1.074670627e+01  2.1775616e+00         -inf  1.00779e+05  2.17756e+00  5.33440e+00
1.078969310e+01  1.9427048e+00         -inf  1.00779e+05  1.94270e+00  5.14660e+00
1.083285187e+01  1.7600813e+00         -inf  1.00779e+05  1.76008e+00  5.01909e+00
1.087618328e+01  1.6181760e+00         -inf  1.00779e+05  1.61818e+00  4.93768e+00
1.091968801e+01  1.4777990e+00         -inf  1.00779e+05  1.47780e+00  4.86047e+00
1.096336676e+01  1.3756291e+00         -inf  1.00779e+05  1.37563e+00  4.82428e+00
1.100722023e+01  1.2863949e+00         -inf  1.00779e+05  1.28639e+00  4.80274e+00
1.105124911e+01  1.2083055e+00         -inf  1.00779e+05  1.20831e+00  4.79410e+00
1.109545411e+01  1.1339307e+00         -inf  1.00779e+05  1.13393e+00  4.79048e+00
1.113983593e+01  1.0328107e+00         -inf  1.00779e+05  1.03281e+00  4.76011e+00
1.118439527e+01  9.3165537e-01         -inf  1.00779e+05  9.31655e-01  4.73062e+00
1.122913285e+01  8.4491848e-01         -inf  1.00779e+05  8.44918e-01  4.71756e+00
1.127404938e+01  7.5188229e-01         -inf  1.00779e+05  7.51882e-01  4.69898e+00
1.131914558e+01  6.7378189e-01         -inf  1.00779e+05  6.73782e-01  4.69729e+00
1.136442216e+01  5.9518405e-01         -inf  1.00779e+05  5.95184e-01  4.69633e+00
1.140987985e+01  5.1881633e-01         -inf  1.00779e+05  5.18816e-01  4.69890e+00
1.145551937e+01  4.3529012e-01         -inf  1.00779e+05  4.35290e-01  4.69506e+00
1.150134145e+01  3.5263895e-01         -inf  1.00779e+05  3.52639e-01  4.69337e+00
1.154734681e+01  2.9880853e-01         -inf  1.00779e+05  2.98809e-01  4.72375e+00
1.159353620e+01  2.4057954e-01         -inf  1.00779e+05  2.40580e-01  4.75072e+00
1.163991035e+01  1.1678967e-01         -inf  1.00779e+05  1.16790e-01  4.70866e+00
1.168646999e+01  4.0596971e-02         -inf  1.00779e+05  4.05970e-02  4.71888e+00
1.173321587e+01 -3.7587493e-02         -inf  1.00779e+05 -3.75875e-02  4.72824e+00
1.178014873e+01 -1.1663130e-01         -inf  1.00779e+05 -1.16631e-01  4.73798e+00
1.182726932e+01 -1.8803315e-01         -inf  1.00779e+05 -1.88033e-01  4.75718e+00
1.187457840e+01 -2.7355910e-01         -inf  1.00779e+05 -2.73559e-01  4.76260e+00
1.192207672e+01 -3.5355297e-01         -inf  1.00779e+05 -3.53553e-01  4.77507e+00
1.196976502e+01 -4.3249926e-01         -inf  1.00779e+05 -4.32499e-01  4.79022e+00
1.201764408e+01 -4.9085670e-01         -inf  1.00779e+05 -4.90857e-01  4.82877e+00
1.206571466e+01 -2.0379499e-01         -inf  1.00779e+05 -2.03795e-01  5.24913e+00
1.211397752e+01 -5.5935993e-01         -inf  1.00779e+05 -5.59360e-01  4.96483e+00
1.216243343e+01 -4.9700366e-01         -inf  1.00779e+05 -4.97004e-01  5.14250e+00
1.221108316e+01 -4.2117914e-01         -inf  1.00779e+05 -4.21179e-01  5.34443e+00
1.225992749e+01 -3.0350091e-01         -inf  1.00779e+05 -3.03501e-01  5.59962e+00
1.230896720e+01 -1.9764985e-01         -inf  1.00779e+05 -1.97650e-01  5.85207e+00
1.235820307e+01 -1.0180681e-01         -inf  1.00779e+05 -1.01807e-01  6.09792e+00
1.240763589e+01 -1.6433486e-02         -inf  1.00779e+05 -1.64335e-02  6.32809e+00
1.245726643e+01 -2.0704819e-02         -inf  1.00779e+05 -2.07048e-02  6.45332e+00
1.250709549e+01 -3.3507260e-02         -inf  1.00779e+05 -3.35073e-02  6.54396e+00
1.255712388e+01 -1.9683017e-01         -inf  1.00779e+05 -1.96830e-01  6.45637e+00
1.260735237e+01  1.3969477e+00         -inf  1.00779e+05  1.39695e+00  8.77934e+00
1.265778178e+01  4.1766384e-01         -inf  1.00779e+05  4.17664e-01  7.76731e+00
1.270841291e+01 -5.3327642e-01         -inf  1.00779e+05 -5.33276e-01  6.39546e+00
1.275924656e+01 -2.4913450e-01         -inf  1.00779e+05 -2.49135e-01  6.86675e+00
1.281028355e+01 -1.3917487e-01         -inf  1.00779e+05 -1.39175e-01  7.14758e+00
1.286152468e+01  1.3901929e-02         -inf  1.00779e+05  1.39019e-02  7.46437e+00
1.291297078e+01  7.7875017e-02         -inf  1.00779e+05  7.78750e-02  7.70924e+00
1.296462266e+01  9.2751626e-01         -inf  1.00779e+05  9.27516e-01  8.89331e+00
1.301648115e+01  6.3880007e-01         -inf  1.00779e+05  6.38800e-01  8.92691e+00
1.306854708e+01  9.0858024e-01         -inf  1.00779e+05  9.08580e-01  9.56651e+00
1.312082127e+01  8.6904189e-01         -inf  1.00779e+05  8.69042e-01  1.00617e+01
1.317330455e+01  1.3628357e+00         -inf  1.00779e+05  1.36284e+00  1.12684e+01
1.322599777e+01  2.0801414e+00         -inf  1.00779e+05  2.08014e+00  1.28836e+01
1.327890176e+01  2.0862640e+00         -inf  1.00779e+05  2.08626e+00  1.35476e+01
1.333201737e+01  3.1793634e+00         -inf  1.00779e+05  3.17936e+00  1.52896e+01
1.338534544e+01  2.9644255e+00         -inf  1.00779e+05  2.96443e+00  1.55858e+01
1.343888682e+01  4.3160828e+00         -inf  1.00779e+05  4.31608e+00  1.73690e+01
1.349264237e+01  7.7658840e+00         -inf  1.00779e+05  7.76588e+00  2.05926e+01
1.354661294e+01  5.4537451e+00         -inf  1.00779e+05  5.45375e+00  1.91160e+01
1.360079939e+01  6.3896246e+00         -inf  1.00779e+05  6.38962e+00  2.00241e+01
1.365520258e+01  6.2242501e+00         -inf  1.00779e+05  6.22425e+00  1.99776e+01
1.370982339e+01  6.2834295e+00         -inf  1.00779e+05  6.28343e+00  2.04226e+01
1.376466269e+01  4.5685082e+00         -inf  1.00779e+05  4.56851e+00  1.91576e+01
1.381972134e+01  6.0233356e+00         -inf  1.00779e+05  6.02334e+00  2.07237e+01
1.387500022e+01  2.0705976e+01         -inf  1.00779e+05  2.07060e+01  2.96035e+01
1.393050023e+01  8.7098617e+00         -inf  1.00779e+05  8.70986e+00  2.24584e+01
1.398622223e+01  7.2869362e+00         -inf  1.00779e+05  7.28694e+00  2.16648e+01
1.404216712e+01  9.2219549e+00         -inf  1.00779e+05  9.22195e+00  2.28921e+01
1.409833578e+01  9.8850485e+00         -inf  1.00779e+05  9.88505e+00  2.34060e+01
1.415472913e+01  1.2202703e+01         -inf  1.00779e+05  1.22027e+01  2.43882e+01
1.421134804e+01  1.5312799e+01         -inf  1.00779e+05  1.53128e+01  2.62917e+01
1.426819344e+01  1.7442107e+01         -inf  1.00779e+05  1.74421e+01  2.73143e+01
1.432526621e+01  1.9336373e+01         -inf  1.00779e+05  1.93364e+01  2.84533e+01
1.438256727e+01  2.3105517e+01         -inf  1.00779e+05  2.31055e+01  3.08015e+01
1.444009754e+01  2.5043916e+01         -inf  1.00779e+05  2.50439e+01  3.22730e+01
1.449785793e+01  2.5306548e+01         -inf  1.00779e+05  2.53065e+01  3.22559e+01
1.455584937e+01  2.7637684e+01         -inf  1.00779e+05  2.76377e+01  3.42111e+01
1.461407276e+01  2.9248877e+01         -inf  1.00779e+05  2.92489e+01  3.56612e+01
1.467252905e+01  2.9271225e+01         -inf  1.00779e+05  2.92712e+01  3.57635e+01
1.473121917e+01  2.9453464e+01         -inf  1.00779e+05  2.94535e+01  3.59872e+01
1.479014405e+01  3.0620556e+01         -inf  1.00779e+05  3.06206e+01  3.71926e+01
1.484930462e+01  3.0169514e+01         -inf  1.00779e+05  3.01695e+01  3.68707e+01
1.490870184e+01  3.0103034e+01         -inf  1.00779e+05  3.01030e+01  3.68574e+01
1.496833665e+01  4.1881532e+01         -inf  1.00779e+05  4.18815e+01  4.90823e+01
1.502821000e+01  3.1096395e+01         -inf  1.00779e+05  3.10964e+01  3.80325e+01
1.508832284e+01  3.1796429e+01         -inf  1.00779e+05  3.17964e+01  3.89872e+01
1.514867613e+01  2.9380860e+01         -inf  1.00779e+05  2.93809e+01  3.66657e+01
1.520927083e+01  2.7918556e+01         -inf  1.00779e+05  2.79186e+01  3.53442e+01
1.527010791e+01  2.8405539e+01         -inf  1.00779e+05  2.84055e+01  3.60087e+01
1.533118835e+01  2.8476754e+01         -inf  1.00779e+05  2.84768e+01  3.62107e+01
1.539251310e+01  2.9676340e+01         -inf  1.00779e+05  2.96763e+01  3.76006e+01
1.545408315e+01  2.5660743e+01         -inf  1.00779e+05  2.56607e+01  3.43741e+01
1.551589948e+01  2.4876339e+01         -inf  1.00779e+05  2.48763e+01  3.37921e+01
1.557796308e+01  2.2187500e+01         -inf  1.00779e+05  2.21875e+01  3.20394e+01
1.564027493e+01  1.8863080e+01         -inf  1.00779e+05  1.88631e+01  3.00601e+01
1.570283603e+01  1.8381383e+01         -inf  1.00779e+05  1.83814e+01  3.00225e+01
1.576564738e+01  1.5558184e+01         -inf  1.00779e+05  1.55582e+01  2.85705e+01
1.582870997e+01  1.2077355e+01         -inf  1.00779e+05  1.20774e+01  2.70589e+01
1.589202481e+01  9.7904407e+00         -inf  1.00779e+05  9.79044e+00  2.60348e+01
1.595559291e+01  4.8688409e+00         -inf  1.00779e+05  4.86884e+00  2.38405e+01
1.601941528e+01  4.3791854e+00         -inf  1.00779e+05  4.37919e+00  2.38061e+01
1.608349294e+01 -1.3378578e+00         -inf  1.00779e+05 -1.33786e+00  2.10021e+01
1.614782691e+01  8.0710515e-01         -inf  1.00779e+05  8.07105e-01  2.23996e+01
1.621241822e+01  1.1331551e+01         -inf  1.00779e+05  1.13316e+01  2.77419e+01
1.627726789e+01 -2.8169298e+00         -inf  1.00779e+05 -2.81693e+00  2.07002e+01
1.634237696e+01 -5.2325113e+00         -inf  1.00779e+05 -5.23251e+00  1.95238e+01
1.640774647e+01 -2.9200977e+00         -inf  1.00779e+05 -2.92010e+00  2.08221e+01
1.647337746e+01 -3.6222878e+00         -inf  1.00779e+05 -3.62229e+00  2.06079e+01
1.653927097e+01 -5.1865564e+00         -inf  1.00779e+05 -5.18656e+00  1.96635e+01
1.660542805e+01 -5.8599724e+00         -inf  1.00779e+05 -5.85997e+00  1.91673e+01
1.667184976e+01 -7.3761271e+00         -inf  1.00779e+05 -7.37613e+00  1.84054e+01
1.673853716e+01 -3.5300389e+00         -inf  1.00779e+05 -3.53004e+00  2.11483e+01
1.680549131e+01 -8.5304274e+00         -inf  1.00779e+05 -8.53043e+00  1.76695e+01
1.687271328e+01 -9.3331533e+00         -inf  1.00779e+05 -9.33315e+00  1.68165e+01
1.694020413e+01 -6.3382807e+00         -inf  1.00779e+05 -6.33828e+00  1.88872e+01
1.700796495e+01 -7.8213467e+00         -inf  1.00779e+05 -7.82135e+00  1.68043e+01
1.707599681e+01 -1.0899176e+01         -inf  1.00779e+05 -1.08992e+01  1.43209e+01
1.714430079e+01 -1.1415918e+01         -inf  1.00779e+05 -1.14159e+01  1.38652e+01
1.721287800e+01 -1.1299084e+01         -inf  1.00779e+05 -1.12991e+01  1.35293e+01
1.728172951e+01 -1.0786701e+01         -inf  1.00779e+05 -1.07867e+01  1.34706e+01
1.735085643e+01 -1.1302127e+01         -inf  1.00779e+05 -1.13021e+01  1.31157e+01
1.742025985e+01 -1.1465042e+01         -inf  1.00779e+05 -1.14650e+01  1.17426e+01
1.748994089e+01 -1.2066054e+01         -inf  1.00779e+05 -1.20661e+01  1.17192e+01
1.755990065e+01 -1.2200127e+01         -inf  1.00779e+05 -1.22001e+01  1.11554e+01
1.763014026e+01 -1.3140291e+01         -inf  1.00779e+05 -1.31403e+01  9.99021e+00
1.770066082e+01 -1.3478356e+01         -inf  1.00779e+05 -1.34784e+01  9.70648e+00
1.777146346e+01 -1.3785998e+01         -inf  1.00779e+05 -1.37860e+01  9.44545e+00
1.784254932e+01 -1.4478301e+01         -inf  1.00779e+05 -1.44783e+01  8.59837e+00
1.791391951e+01 -1.5222740e+01         -inf  1.00779e+05 -1.52227e+01  8.07035e+00
1.798557519e+01 -1.5594892e+01         -inf  1.00779e+05 -1.55949e+01  7.80034e+00
1.805751749e+01 -1.6005282e+01         -inf  1.00779e+05 -1.60053e+01  7.53409e+00
1.812974756e+01 -1.6378581e+01         -inf  1.00779e+05 -1.63786e+01  7.41581e+00
1.820226655e+01 -1.6751887e+01         -inf  1.00779e+05 -1.67519e+01  7.22456e+00
1.827507562e+01 -1.6803721e+01         -inf  1.00779e+05 -1.68037e+01  7.77850e+00
1.834817592e+01 -1.6692536e+01         -inf  1.00779e+05 -1.66925e+01  1.10793e+01
1.842156862e+01 -1.7619425e+01         -inf  1.00779e+05 -1.76194e+01  7.19404e+00
1.849525490e+01 -1.7904470e+01         -inf  1.00779e+05 -1.79045e+01  7.12221e+00
1.856923592e+01 -1.8047928e+01         -inf  1.00779e+05 -1.80479e+01  7.38946e+00
1.864351286e+01 -1.8303123e+01         -inf  1.00779e+05 -1.83031e+01  7.44239e+00
1.871808691e+01 -1.8579002e+01         -inf  1.00779e+05 -1.85790e+01  7.47617e+00
1.879295926e+01 -1.8879122e+01         -inf  1.00779e+05 -1.88791e+01  7.47234e+00
1.886813110e+01 -1.9223720e+01         -inf  1.00779e+05 -1.92237e+01  7.31999e+00
1.894360362e+01 -1.9403759e+01         -inf  1.00779e+05 -1.94038e+01  7.55946e+00
1.901937804e+01 -1.9740845e+01         -inf  1.00779e+05 -1.97408e+01  7.43676e+00
1.909545555e+01 -2.0063900e+01         -inf  1.00779e+05 -2.00639e+01  7.36565e+00
1.917183737e+01 -2.0312889e+01         -inf  1.00779e+05 -2.03129e+01  7.44520e+00
1.924852472e+01 -2.0645620e+01         -inf  1.00779e+05 -2.06456e+01  7.34877e+00
1.932551882e+01 -2.0915883e+01         -inf  1.00779e+05 -2.09159e+01  7.41129e+00
1.940282089e+01 -2.1220770e+01         -inf  1.00779e+05 -2.12208e+01  7.39339e+00
1.948043218e+01 -2.1518335e+01         -inf  1.00779e+05 -2.15183e+01  7.39750e+00
1.955835391e+01 -2.1806388e+01         -inf  1.00779e+05 -2.18064e+01  7.43499e+00
1.963658732e+01 -2.2095818e+01         -inf  1.00779e+05 -2.20958e+01  7.48239e+00
1.971513367e+01 -2.2399340e+01         -inf  1.00779e+05 -2.23993e+01  7.49179e+00
1.979399421e+01 -2.2705301e+01         -inf  1.00779e+05 -2.27053e+01  7.50377e+00
1.987317018e+01 -2.3007372e+01         -inf  1.00779e+05 -2.30074e+01  7.53485e+00
1.995266286e+01 -2.3311925e+01         -inf  1.00779e+05 -2.33119e+01  7.56683e+00
