# WARNING | GENERATOR | Too many electrons per pixel (up to 9.04e+13) detected in the 1.54-19.95 um spectral range. Reduce exposure time per frame to less than 0.000 seconds.
# ------------------------------------------------------------------------
# Radiance spectrum
# NASA-GSFC Planetary Spectrum Generator (PSG) (Villanueva et al. 2018, 2022)
# Synthesized on Tue Jul 14 13:19:43 2026
# Doppler velocities [km/s] (vobs,vrot+vorb,vwidth,vrfl,vstr): 47.10000,-0.00000,0.03000,0.00000,-0.00000
# ------------------------------------------------------------------------
# Spectra synthesized with the Planetary and Universal Model of Atmospheric Scattering (PUMAS, Villanueva et al. 2018, 2022)
# Single scattering radiative transfer method
# Radiative transfer took 18.257 seconds
# ------------------------------------------------------------------------
# Spectral unit: Wavelength [um]
# Radiance unit: Contrast [transit atmospheric thickness, km]
# Wave/freq Total Noise Stellar Proxima-Centauri-b Transit
2.000000000e-01  4.8807559e+01         -inf  1.00779e+05  4.88076e+01  4.88076e+01
2.008000000e-01  4.8538338e+01         -inf  1.00779e+05  4.85383e+01  4.85383e+01
2.016032000e-01  4.8459846e+01         -inf  1.00779e+05  4.84598e+01  4.84598e+01
2.024096128e-01  4.8460022e+01         -inf  1.00779e+05  4.84600e+01  4.84600e+01
2.032192513e-01  4.8443585e+01         -inf  1.00779e+05  4.84436e+01  4.84436e+01
2.040321283e-01  4.8430927e+01         -inf  1.00779e+05  4.84309e+01  4.84309e+01
2.048482568e-01  4.8442969e+01         -inf  1.00779e+05  4.84430e+01  4.84430e+01
2.056676498e-01  4.8491313e+01         -inf  1.00779e+05  4.84913e+01  4.84913e+01
2.064903204e-01  4.8560576e+01         -inf  1.00779e+05  4.85606e+01  4.85606e+01
2.073162817e-01  4.8626234e+01         -inf  1.00779e+05  4.86262e+01  4.86262e+01
2.081455468e-01  4.8699626e+01         -inf  1.00779e+05  4.86996e+01  4.86996e+01
2.089781290e-01  4.8762382e+01         -inf  1.00779e+05  4.87624e+01  4.87624e+01
2.098140415e-01  4.8851593e+01         -inf  1.00779e+05  4.88516e+01  4.88516e+01
2.106532977e-01  4.8943264e+01         -inf  1.00779e+05  4.89433e+01  4.89433e+01
2.114959109e-01  4.9011291e+01         -inf  1.00779e+05  4.90113e+01  4.90113e+01
2.123418945e-01  4.9168173e+01         -inf  1.00779e+05  4.91682e+01  4.91682e+01
2.131912621e-01  4.9347550e+01         -inf  1.00779e+05  4.93475e+01  4.93475e+01
2.140440271e-01  4.9364600e+01         -inf  1.00779e+05  4.93646e+01  4.93646e+01
2.149002032e-01  4.9491153e+01         -inf  1.00779e+05  4.94912e+01  4.94912e+01
2.157598041e-01  4.9613838e+01         -inf  1.00779e+05  4.96138e+01  4.96138e+01
2.166228433e-01  4.9723074e+01         -inf  1.00779e+05  4.97231e+01  4.97231e+01
2.174893346e-01  4.9850499e+01         -inf  1.00779e+05  4.98505e+01  4.98505e+01
2.183592920e-01  4.9949802e+01         -inf  1.00779e+05  4.99498e+01  4.99498e+01
2.192327292e-01  5.0057539e+01         -inf  1.00779e+05  5.00575e+01  5.00575e+01
2.201096601e-01  5.0162110e+01         -inf  1.00779e+05  5.01621e+01  5.01621e+01
2.209900987e-01  5.0266153e+01         -inf  1.00779e+05  5.02662e+01  5.02662e+01
2.218740591e-01  5.0367909e+01         -inf  1.00779e+05  5.03679e+01  5.03679e+01
2.227615553e-01  5.0462986e+01         -inf  1.00779e+05  5.04630e+01  5.04630e+01
2.236526016e-01  5.0556743e+01         -inf  1.00779e+05  5.05567e+01  5.05567e+01
2.245472120e-01  5.0651465e+01         -inf  1.00779e+05  5.06515e+01  5.06515e+01
2.254454008e-01  5.0732743e+01         -inf  1.00779e+05  5.07327e+01  5.07327e+01
2.263471824e-01  5.0824387e+01         -inf  1.00779e+05  5.08244e+01  5.08244e+01
2.272525711e-01  5.0906102e+01         -inf  1.00779e+05  5.09061e+01  5.09061e+01
2.281615814e-01  5.0988958e+01         -inf  1.00779e+05  5.09890e+01  5.09890e+01
2.290742278e-01  5.1073833e+01         -inf  1.00779e+05  5.10738e+01  5.10738e+01
2.299905247e-01  5.1144211e+01         -inf  1.00779e+05  5.11442e+01  5.11442e+01
2.309104868e-01  5.1228733e+01         -inf  1.00779e+05  5.12287e+01  5.12287e+01
2.318341287e-01  5.1298669e+01         -inf  1.00779e+05  5.12987e+01  5.12987e+01
2.327614652e-01  5.1375897e+01         -inf  1.00779e+05  5.13759e+01  5.13759e+01
2.336925111e-01  5.1439067e+01         -inf  1.00779e+05  5.14391e+01  5.14391e+01
2.346272811e-01  5.1512603e+01         -inf  1.00779e+05  5.15126e+01  5.15126e+01
2.355657903e-01  5.1569534e+01         -inf  1.00779e+05  5.15695e+01  5.15695e+01
2.365080534e-01  5.1632439e+01         -inf  1.00779e+05  5.16324e+01  5.16324e+01
2.374540856e-01  5.1693673e+01         -inf  1.00779e+05  5.16937e+01  5.16937e+01
2.384039020e-01  5.1746561e+01         -inf  1.00779e+05  5.17466e+01  5.17466e+01
2.393575176e-01  5.1797340e+01         -inf  1.00779e+05  5.17973e+01  5.17973e+01
2.403149477e-01  5.1851896e+01         -inf  1.00779e+05  5.18519e+01  5.18519e+01
2.412762074e-01  5.1892396e+01         -inf  1.00779e+05  5.18924e+01  5.18924e+01
2.422413123e-01  5.1937288e+01         -inf  1.00779e+05  5.19373e+01  5.19373e+01
2.432102775e-01  5.2001067e+01         -inf  1.00779e+05  5.20011e+01  5.20011e+01
2.441831186e-01  5.2031200e+01         -inf  1.00779e+05  5.20312e+01  5.20312e+01
2.451598511e-01  5.2070117e+01         -inf  1.00779e+05  5.20701e+01  5.20701e+01
2.461404905e-01  5.2093133e+01         -inf  1.00779e+05  5.20931e+01  5.20931e+01
2.471250525e-01  5.2130293e+01         -inf  1.00779e+05  5.21303e+01  5.21303e+01
2.481135527e-01  5.2125549e+01         -inf  1.00779e+05  5.21255e+01  5.21255e+01
2.491060069e-01  5.2188097e+01         -inf  1.00779e+05  5.21881e+01  5.21881e+01
2.501024309e-01  5.2177204e+01         -inf  1.00779e+05  5.21772e+01  5.21772e+01
2.511028406e-01  5.2165169e+01         -inf  1.00779e+05  5.21652e+01  5.21652e+01
2.521072520e-01  5.2225432e+01         -inf  1.00779e+05  5.22254e+01  5.22254e+01
2.531156810e-01  5.2193983e+01         -inf  1.00779e+05  5.21940e+01  5.21940e+01
2.541281437e-01  5.2193016e+01         -inf  1.00779e+05  5.21930e+01  5.21930e+01
2.551446563e-01  5.2206106e+01         -inf  1.00779e+05  5.22061e+01  5.22061e+01
2.561652349e-01  5.2196882e+01         -inf  1.00779e+05  5.21969e+01  5.21969e+01
2.571898959e-01  5.2161304e+01         -inf  1.00779e+05  5.21613e+01  5.21613e+01
2.582186555e-01  5.2164115e+01         -inf  1.00779e+05  5.21641e+01  5.21641e+01
2.592515301e-01  5.2147863e+01         -inf  1.00779e+05  5.21479e+01  5.21479e+01
2.602885362e-01  5.2117204e+01         -inf  1.00779e+05  5.21172e+01  5.21172e+01
2.613296904e-01  5.2084875e+01         -inf  1.00779e+05  5.20849e+01  5.20849e+01
2.623750091e-01  5.2057906e+01         -inf  1.00779e+05  5.20579e+01  5.20579e+01
2.634245092e-01  5.1994830e+01         -inf  1.00779e+05  5.19948e+01  5.19948e+01
2.644782072e-01  5.1993688e+01         -inf  1.00779e+05  5.19937e+01  5.19937e+01
2.655361200e-01  5.1923232e+01         -inf  1.00779e+05  5.19232e+01  5.19232e+01
2.665982645e-01  5.1867007e+01         -inf  1.00779e+05  5.18670e+01  5.18670e+01
2.676646576e-01  5.1818688e+01         -inf  1.00779e+05  5.18187e+01  5.18187e+01
2.687353162e-01  5.1727936e+01         -inf  1.00779e+05  5.17279e+01  5.17279e+01
2.698102574e-01  5.1697890e+01         -inf  1.00779e+05  5.16979e+01  5.16979e+01
2.708894985e-01  5.1591410e+01         -inf  1.00779e+05  5.15914e+01  5.15914e+01
2.719730565e-01  5.1532810e+01         -inf  1.00779e+05  5.15328e+01  5.15328e+01
2.730609487e-01  5.1448292e+01         -inf  1.00779e+05  5.14483e+01  5.14483e+01
2.741531925e-01  5.1324061e+01         -inf  1.00779e+05  5.13241e+01  5.13241e+01
2.752498053e-01  5.1256233e+01         -inf  1.00779e+05  5.12562e+01  5.12562e+01
2.763508045e-01  5.1146144e+01         -inf  1.00779e+05  5.11461e+01  5.11461e+01
2.774562077e-01  5.1040094e+01         -inf  1.00779e+05  5.10401e+01  5.10401e+01
2.785660325e-01  5.0922093e+01         -inf  1.00779e+05  5.09221e+01  5.09221e+01
2.796802967e-01  5.0810768e+01         -inf  1.00779e+05  5.08108e+01  5.08108e+01
2.807990178e-01  5.0662097e+01         -inf  1.00779e+05  5.06621e+01  5.06621e+01
2.819222139e-01  5.0516499e+01         -inf  1.00779e+05  5.05165e+01  5.05165e+01
2.830499028e-01  5.0404991e+01         -inf  1.00779e+05  5.04050e+01  5.04050e+01
2.841821024e-01  5.0237858e+01         -inf  1.00779e+05  5.02379e+01  5.02379e+01
2.853188308e-01  5.0075114e+01         -inf  1.00779e+05  5.00751e+01  5.00751e+01
2.864601061e-01  4.9929941e+01         -inf  1.00779e+05  4.99299e+01  4.99299e+01
2.876059465e-01  4.9741002e+01         -inf  1.00779e+05  4.97410e+01  4.97410e+01
2.887563703e-01  4.9540631e+01         -inf  1.00779e+05  4.95406e+01  4.95406e+01
2.899113958e-01  4.9343771e+01         -inf  1.00779e+05  4.93438e+01  4.93438e+01
2.910710414e-01  4.9151914e+01         -inf  1.00779e+05  4.91519e+01  4.91519e+01
2.922353256e-01  4.8901691e+01         -inf  1.00779e+05  4.89017e+01  4.89017e+01
2.934042669e-01  4.8664292e+01         -inf  1.00779e+05  4.86643e+01  4.86643e+01
2.945778839e-01  4.8403591e+01         -inf  1.00779e+05  4.84036e+01  4.84036e+01
2.957561955e-01  4.8083194e+01         -inf  1.00779e+05  4.80832e+01  4.80832e+01
2.969392202e-01  4.7774649e+01         -inf  1.00779e+05  4.77746e+01  4.77746e+01
2.981269771e-01  4.7436640e+01         -inf  1.00779e+05  4.74366e+01  4.74366e+01
2.993194850e-01  4.7091931e+01         -inf  1.00779e+05  4.70919e+01  4.70919e+01
3.005167630e-01  4.6709310e+01         -inf  1.00779e+05  4.67093e+01  4.67093e+01
3.017188300e-01  4.6265910e+01         -inf  1.00779e+05  4.62659e+01  4.62659e+01
3.029257054e-01  4.5817467e+01         -inf  1.00779e+05  4.58175e+01  4.58175e+01
3.041374082e-01  4.5416744e+01         -inf  1.00779e+05  4.54167e+01  4.54167e+01
3.053539578e-01  4.4791121e+01         -inf  1.00779e+05  4.47911e+01  4.47911e+01
3.065753736e-01  4.4396052e+01         -inf  1.00779e+05  4.43961e+01  4.43961e+01
3.078016751e-01  4.3660468e+01         -inf  1.00779e+05  4.36605e+01  4.36605e+01
3.090328818e-01  4.3211495e+01         -inf  1.00779e+05  4.32115e+01  4.32115e+01
3.102690134e-01  4.2372051e+01         -inf  1.00779e+05  4.23721e+01  4.23721e+01
3.115100894e-01  4.1879788e+01         -inf  1.00779e+05  4.18798e+01  4.18798e+01
3.127561298e-01  4.0867872e+01         -inf  1.00779e+05  4.08679e+01  4.08679e+01
3.140071543e-01  4.0436661e+01         -inf  1.00779e+05  4.04367e+01  4.04367e+01
3.152631829e-01  3.9424345e+01         -inf  1.00779e+05  3.94243e+01  3.94243e+01
3.165242356e-01  3.8386960e+01         -inf  1.00779e+05  3.83870e+01  3.83870e+01
3.177903326e-01  3.8139671e+01         -inf  1.00779e+05  3.81397e+01  3.81397e+01
3.190614939e-01  3.6384257e+01         -inf  1.00779e+05  3.63843e+01  3.63843e+01
3.203377399e-01  3.6492129e+01         -inf  1.00779e+05  3.64921e+01  3.64921e+01
3.216190908e-01  3.4687739e+01         -inf  1.00779e+05  3.46877e+01  3.46877e+01
3.229055672e-01  3.5077141e+01         -inf  1.00779e+05  3.50771e+01  3.50771e+01
3.241971895e-01  3.2668835e+01         -inf  1.00779e+05  3.26688e+01  3.26688e+01
3.254939782e-01  3.3901641e+01         -inf  1.00779e+05  3.39016e+01  3.39016e+01
3.267959541e-01  3.1513170e+01         -inf  1.00779e+05  3.15132e+01  3.15132e+01
3.281031380e-01  3.2623986e+01         -inf  1.00779e+05  3.26240e+01  3.26240e+01
3.294155505e-01  3.0336147e+01         -inf  1.00779e+05  3.03361e+01  3.03361e+01
3.307332127e-01  3.1388735e+01         -inf  1.00779e+05  3.13887e+01  3.13887e+01
3.320561456e-01  3.0198028e+01         -inf  1.00779e+05  3.01980e+01  3.01980e+01
3.333843702e-01  3.0135622e+01         -inf  1.00779e+05  3.01356e+01  3.01356e+01
3.347179076e-01  2.9679284e+01         -inf  1.00779e+05  2.96793e+01  2.96793e+01
3.360567793e-01  2.9094027e+01         -inf  1.00779e+05  2.90940e+01  2.90940e+01
3.374010064e-01  2.9667471e+01         -inf  1.00779e+05  2.96675e+01  2.96675e+01
3.387506104e-01  2.8758929e+01         -inf  1.00779e+05  2.87589e+01  2.87589e+01
3.401056128e-01  2.8880328e+01         -inf  1.00779e+05  2.88803e+01  2.88803e+01
3.414660353e-01  2.8474774e+01         -inf  1.00779e+05  2.84748e+01  2.84748e+01
3.428318994e-01  2.8299761e+01         -inf  1.00779e+05  2.82998e+01  2.82998e+01
3.442032270e-01  2.8528379e+01         -inf  1.00779e+05  2.85284e+01  2.85284e+01
3.455800399e-01  2.8119982e+01         -inf  1.00779e+05  2.81200e+01  2.81200e+01
3.469623601e-01  2.8022552e+01         -inf  1.00779e+05  2.80226e+01  2.80226e+01
3.483502095e-01  2.7892232e+01         -inf  1.00779e+05  2.78922e+01  2.78922e+01
3.497436104e-01  2.7758646e+01         -inf  1.00779e+05  2.77586e+01  2.77586e+01
3.511425848e-01  2.7747536e+01         -inf  1.00779e+05  2.77475e+01  2.77475e+01
3.525471552e-01  2.7629378e+01         -inf  1.00779e+05  2.76294e+01  2.76294e+01
3.539573438e-01  2.7484853e+01         -inf  1.00779e+05  2.74849e+01  2.74849e+01
3.553731732e-01  2.7403021e+01         -inf  1.00779e+05  2.74030e+01  2.74030e+01
3.567946659e-01  2.7305669e+01         -inf  1.00779e+05  2.73057e+01  2.73057e+01
3.582218445e-01  2.7214488e+01         -inf  1.00779e+05  2.72145e+01  2.72145e+01
3.596547319e-01  2.7141030e+01         -inf  1.00779e+05  2.71410e+01  2.71410e+01
3.610933508e-01  2.7041381e+01         -inf  1.00779e+05  2.70414e+01  2.70414e+01
3.625377242e-01  2.6948697e+01         -inf  1.00779e+05  2.69487e+01  2.69487e+01
3.639878751e-01  2.6861126e+01         -inf  1.00779e+05  2.68611e+01  2.68611e+01
3.654438266e-01  2.6773731e+01         -inf  1.00779e+05  2.67737e+01  2.67737e+01
3.669056019e-01  2.6684659e+01         -inf  1.00779e+05  2.66847e+01  2.66847e+01
3.683732243e-01  2.6598408e+01         -inf  1.00779e+05  2.65984e+01  2.65984e+01
3.698467172e-01  2.6510127e+01         -inf  1.00779e+05  2.65101e+01  2.65101e+01
3.713261041e-01  2.6421404e+01         -inf  1.00779e+05  2.64214e+01  2.64214e+01
3.728114085e-01  2.6333650e+01         -inf  1.00779e+05  2.63336e+01  2.63336e+01
3.743026542e-01  2.6246600e+01         -inf  1.00779e+05  2.62466e+01  2.62466e+01
3.757998648e-01  2.6158668e+01         -inf  1.00779e+05  2.61587e+01  2.61587e+01
3.773030642e-01  2.6071175e+01         -inf  1.00779e+05  2.60712e+01  2.60712e+01
3.788122765e-01  2.5983769e+01         -inf  1.00779e+05  2.59838e+01  2.59838e+01
3.803275256e-01  2.5896362e+01         -inf  1.00779e+05  2.58964e+01  2.58964e+01
3.818488357e-01  2.5808160e+01         -inf  1.00779e+05  2.58082e+01  2.58082e+01
3.833762310e-01  2.5721015e+01         -inf  1.00779e+05  2.57210e+01  2.57210e+01
3.849097360e-01  2.5633428e+01         -inf  1.00779e+05  2.56334e+01  2.56334e+01
3.864493749e-01  2.5546016e+01         -inf  1.00779e+05  2.55460e+01  2.55460e+01
3.879951724e-01  2.5458427e+01         -inf  1.00779e+05  2.54584e+01  2.54584e+01
3.895471531e-01  2.5370660e+01         -inf  1.00779e+05  2.53707e+01  2.53707e+01
3.911053417e-01  2.5283333e+01         -inf  1.00779e+05  2.52833e+01  2.52833e+01
3.926697631e-01  2.5196358e+01         -inf  1.00779e+05  2.51964e+01  2.51964e+01
3.942404421e-01  2.5109822e+01         -inf  1.00779e+05  2.51098e+01  2.51098e+01
3.958174039e-01  2.5023021e+01         -inf  1.00779e+05  2.50230e+01  2.50230e+01
3.974006735e-01  2.4935248e+01         -inf  1.00779e+05  2.49352e+01  2.49352e+01
3.989902762e-01  2.4847298e+01         -inf  1.00779e+05  2.48473e+01  2.48473e+01
4.005862373e-01  2.4760405e+01         -inf  1.00779e+05  2.47604e+01  2.47604e+01
4.021885823e-01  2.4674040e+01         -inf  1.00779e+05  2.46740e+01  2.46740e+01
4.037973366e-01  2.4585998e+01         -inf  1.00779e+05  2.45860e+01  2.45860e+01
4.054125259e-01  2.4497778e+01         -inf  1.00779e+05  2.44978e+01  2.44978e+01
4.070341760e-01  2.4412909e+01         -inf  1.00779e+05  2.44129e+01  2.44129e+01
4.086623127e-01  2.4329981e+01         -inf  1.00779e+05  2.43300e+01  2.43300e+01
4.102969620e-01  2.4243787e+01         -inf  1.00779e+05  2.42438e+01  2.42438e+01
4.119381498e-01  2.4153886e+01         -inf  1.00779e+05  2.41539e+01  2.41539e+01
4.135859024e-01  2.4064072e+01         -inf  1.00779e+05  2.40641e+01  2.40641e+01
4.152402460e-01  2.3979463e+01         -inf  1.00779e+05  2.39795e+01  2.39795e+01
4.169012070e-01  2.3896881e+01         -inf  1.00779e+05  2.38969e+01  2.38969e+01
4.185688119e-01  2.3809535e+01         -inf  1.00779e+05  2.38095e+01  2.38095e+01
4.202430871e-01  2.3721128e+01         -inf  1.00779e+05  2.37211e+01  2.37211e+01
4.219240595e-01  2.3639779e+01         -inf  1.00779e+05  2.36398e+01  2.36398e+01
4.236117557e-01  2.3564957e+01         -inf  1.00779e+05  2.35650e+01  2.35650e+01
4.253062027e-01  2.3487224e+01         -inf  1.00779e+05  2.34872e+01  2.34872e+01
4.270074275e-01  2.3397224e+01         -inf  1.00779e+05  2.33972e+01  2.33972e+01
4.287154572e-01  2.3301841e+01         -inf  1.00779e+05  2.33018e+01  2.33018e+01
4.304303191e-01  2.3215281e+01         -inf  1.00779e+05  2.32153e+01  2.32153e+01
4.321520403e-01  2.3140719e+01         -inf  1.00779e+05  2.31407e+01  2.31407e+01
4.338806485e-01  2.3059363e+01         -inf  1.00779e+05  2.30594e+01  2.30594e+01
4.356161711e-01  2.2968034e+01         -inf  1.00779e+05  2.29680e+01  2.29680e+01
4.373586358e-01  2.2886587e+01         -inf  1.00779e+05  2.28866e+01  2.28866e+01
4.391080703e-01  2.2825347e+01         -inf  1.00779e+05  2.28253e+01  2.28253e+01
4.408645026e-01  2.2769136e+01         -inf  1.00779e+05  2.27691e+01  2.27691e+01
4.426279606e-01  2.2701982e+01         -inf  1.00779e+05  2.27020e+01  2.27020e+01
4.443984725e-01  2.2608883e+01         -inf  1.00779e+05  2.26089e+01  2.26089e+01
4.461760664e-01  2.2501046e+01         -inf  1.00779e+05  2.25010e+01  2.25010e+01
4.479607706e-01  2.2416592e+01         -inf  1.00779e+05  2.24166e+01  2.24166e+01
4.497526137e-01  2.2358701e+01         -inf  1.00779e+05  2.23587e+01  2.23587e+01
4.515516242e-01  2.2283424e+01         -inf  1.00779e+05  2.22834e+01  2.22834e+01
4.533578307e-01  2.2187407e+01         -inf  1.00779e+05  2.21874e+01  2.21874e+01
4.551712620e-01  2.2110892e+01         -inf  1.00779e+05  2.21109e+01  2.21109e+01
4.569919470e-01  2.2073208e+01         -inf  1.00779e+05  2.20732e+01  2.20732e+01
4.588199148e-01  2.2052292e+01         -inf  1.00779e+05  2.20523e+01  2.20523e+01
4.606551945e-01  2.2025110e+01         -inf  1.00779e+05  2.20251e+01  2.20251e+01
4.624978152e-01  2.1946829e+01         -inf  1.00779e+05  2.19468e+01  2.19468e+01
4.643478065e-01  2.1816122e+01         -inf  1.00779e+05  2.18161e+01  2.18161e+01
4.662051977e-01  2.1701475e+01         -inf  1.00779e+05  2.17015e+01  2.17015e+01
4.680700185e-01  2.1645255e+01         -inf  1.00779e+05  2.16453e+01  2.16453e+01
4.699422986e-01  2.1600684e+01         -inf  1.00779e+05  2.16007e+01  2.16007e+01
4.718220678e-01  2.1518249e+01         -inf  1.00779e+05  2.15182e+01  2.15182e+01
4.737093561e-01  2.1436960e+01         -inf  1.00779e+05  2.14370e+01  2.14370e+01
4.756041935e-01  2.1404921e+01         -inf  1.00779e+05  2.14049e+01  2.14049e+01
4.775066103e-01  2.1427163e+01         -inf  1.00779e+05  2.14272e+01  2.14272e+01
4.794166367e-01  2.1470500e+01         -inf  1.00779e+05  2.14705e+01  2.14705e+01
4.813343033e-01  2.1492388e+01         -inf  1.00779e+05  2.14924e+01  2.14924e+01
4.832596405e-01  2.1423897e+01         -inf  1.00779e+05  2.14239e+01  2.14239e+01
4.851926790e-01  2.1274910e+01         -inf  1.00779e+05  2.12749e+01  2.12749e+01
4.871334497e-01  2.1142071e+01         -inf  1.00779e+05  2.11421e+01  2.11421e+01
4.890819835e-01  2.1087699e+01         -inf  1.00779e+05  2.10877e+01  2.10877e+01
4.910383115e-01  2.1064573e+01         -inf  1.00779e+05  2.10646e+01  2.10646e+01
4.930024647e-01  2.1005787e+01         -inf  1.00779e+05  2.10058e+01  2.10058e+01
4.949744746e-01  2.0939498e+01         -inf  1.00779e+05  2.09395e+01  2.09395e+01
4.969543725e-01  2.0927405e+01         -inf  1.00779e+05  2.09274e+01  2.09274e+01
4.989421900e-01  2.0990517e+01         -inf  1.00779e+05  2.09905e+01  2.09905e+01
5.009379587e-01  2.1102881e+01         -inf  1.00779e+05  2.11029e+01  2.11029e+01
5.029417106e-01  2.1220274e+01         -inf  1.00779e+05  2.12203e+01  2.12203e+01
5.049534774e-01  2.1265818e+01         -inf  1.00779e+05  2.12658e+01  2.12658e+01
5.069732913e-01  2.1190882e+01         -inf  1.00779e+05  2.11909e+01  2.11909e+01
5.090011845e-01  2.1042683e+01         -inf  1.00779e+05  2.10427e+01  2.10427e+01
5.110371892e-01  2.0924051e+01         -inf  1.00779e+05  2.09241e+01  2.09241e+01
5.130813380e-01  2.0884683e+01         -inf  1.00779e+05  2.08847e+01  2.08847e+01
5.151336633e-01  2.0885036e+01         -inf  1.00779e+05  2.08850e+01  2.08850e+01
5.171941980e-01  2.0874797e+01         -inf  1.00779e+05  2.08748e+01  2.08748e+01
5.192629748e-01  2.0860674e+01         -inf  1.00779e+05  2.08607e+01  2.08607e+01
5.213400267e-01  2.0878063e+01         -inf  1.00779e+05  2.08781e+01  2.08781e+01
5.234253868e-01  2.0952915e+01         -inf  1.00779e+05  2.09529e+01  2.09529e+01
5.255190883e-01  2.1075695e+01         -inf  1.00779e+05  2.10757e+01  2.10757e+01
5.276211647e-01  2.1216832e+01         -inf  1.00779e+05  2.12168e+01  2.12168e+01
5.297316493e-01  2.1340754e+01         -inf  1.00779e+05  2.13408e+01  2.13408e+01
5.318505759e-01  2.1409334e+01         -inf  1.00779e+05  2.14093e+01  2.14093e+01
5.339779782e-01  2.1394683e+01         -inf  1.00779e+05  2.13947e+01  2.13947e+01
5.361138902e-01  2.1311980e+01         -inf  1.00779e+05  2.13120e+01  2.13120e+01
5.382583457e-01  2.1244105e+01         -inf  1.00779e+05  2.12441e+01  2.12441e+01
5.404113791e-01  2.1252226e+01         -inf  1.00779e+05  2.12522e+01  2.12522e+01
5.425730246e-01  2.1310656e+01         -inf  1.00779e+05  2.13107e+01  2.13107e+01
5.447433167e-01  2.1360613e+01         -inf  1.00779e+05  2.13606e+01  2.13606e+01
5.469222900e-01  2.1374206e+01         -inf  1.00779e+05  2.13742e+01  2.13742e+01
5.491099791e-01  2.1365997e+01         -inf  1.00779e+05  2.13660e+01  2.13660e+01
5.513064191e-01  2.1359466e+01         -inf  1.00779e+05  2.13595e+01  2.13595e+01
5.535116447e-01  2.1368733e+01         -inf  1.00779e+05  2.13687e+01  2.13687e+01
5.557256913e-01  2.1411364e+01         -inf  1.00779e+05  2.14114e+01  2.14114e+01
5.579485941e-01  2.1508717e+01         -inf  1.00779e+05  2.15087e+01  2.15087e+01
5.601803884e-01  2.1655669e+01         -inf  1.00779e+05  2.16557e+01  2.16557e+01
5.624211100e-01  2.1805531e+01         -inf  1.00779e+05  2.18055e+01  2.18055e+01
5.646707944e-01  2.1915057e+01         -inf  1.00779e+05  2.19151e+01  2.19151e+01
5.669294776e-01  2.1986543e+01         -inf  1.00779e+05  2.19865e+01  2.19865e+01
5.691971955e-01  2.2048586e+01         -inf  1.00779e+05  2.20486e+01  2.20486e+01
5.714739843e-01  2.2108774e+01         -inf  1.00779e+05  2.21088e+01  2.21088e+01
5.737598803e-01  2.2117688e+01         -inf  1.00779e+05  2.21177e+01  2.21177e+01
5.760549198e-01  2.2034024e+01         -inf  1.00779e+05  2.20340e+01  2.20340e+01
5.783591395e-01  2.1881520e+01         -inf  1.00779e+05  2.18815e+01  2.18815e+01
5.806725760e-01  2.1702446e+01         -inf  1.00779e+05  2.17024e+01  2.17024e+01
5.829952663e-01  2.1536166e+01         -inf  1.00779e+05  2.15362e+01  2.15362e+01
5.853272474e-01  2.1407216e+01         -inf  1.00779e+05  2.14072e+01  2.14072e+01
5.876685564e-01  2.1321689e+01         -inf  1.00779e+05  2.13217e+01  2.13217e+01
5.900192306e-01  2.1288590e+01         -inf  1.00779e+05  2.12886e+01  2.12886e+01
5.923793075e-01  2.1334664e+01         -inf  1.00779e+05  2.13347e+01  2.13347e+01
5.947488247e-01  2.1468470e+01         -inf  1.00779e+05  2.14685e+01  2.14685e+01
5.971278200e-01  2.1631928e+01         -inf  1.00779e+05  2.16319e+01  2.16319e+01
5.995163313e-01  2.1756195e+01         -inf  1.00779e+05  2.17562e+01  2.17562e+01
6.019143966e-01  2.1778171e+01         -inf  1.00779e+05  2.17782e+01  2.17782e+01
6.043220542e-01  2.1678705e+01         -inf  1.00779e+05  2.16787e+01  2.16787e+01
6.067393425e-01  2.1475619e+01         -inf  1.00779e+05  2.14756e+01  2.14756e+01
6.091662998e-01  2.1202621e+01         -inf  1.00779e+05  2.12026e+01  2.12026e+01
6.116029650e-01  2.0907456e+01         -inf  1.00779e+05  2.09075e+01  2.09075e+01
6.140493769e-01  2.0623048e+01         -inf  1.00779e+05  2.06230e+01  2.06230e+01
6.165055744e-01  2.0362284e+01         -inf  1.00779e+05  2.03623e+01  2.03623e+01
6.189715967e-01  2.0129407e+01         -inf  1.00779e+05  2.01294e+01  2.01294e+01
6.214474831e-01  1.9922830e+01         -inf  1.00779e+05  1.99228e+01  1.99228e+01
6.239332730e-01  1.9727282e+01         -inf  1.00779e+05  1.97273e+01  1.97273e+01
6.264290061e-01  1.9524753e+01         -inf  1.00779e+05  1.95248e+01  1.95248e+01
6.289347221e-01  1.9464364e+01         -inf  1.00779e+05  1.94644e+01  1.94644e+01
6.314504610e-01  1.9121884e+01         -inf  1.00779e+05  1.91219e+01  1.91219e+01
6.339762629e-01  1.8850554e+01         -inf  1.00779e+05  1.88506e+01  1.88506e+01
6.365121679e-01  1.8595459e+01         -inf  1.00779e+05  1.85955e+01  1.85955e+01
6.390582166e-01  1.8334085e+01         -inf  1.00779e+05  1.83341e+01  1.83341e+01
6.416144494e-01  1.8070581e+01         -inf  1.00779e+05  1.80706e+01  1.80706e+01
6.441809072e-01  1.7832853e+01         -inf  1.00779e+05  1.78329e+01  1.78329e+01
6.467576309e-01  1.7607657e+01         -inf  1.00779e+05  1.76077e+01  1.76077e+01
6.493446614e-01  1.7391020e+01         -inf  1.00779e+05  1.73910e+01  1.73910e+01
6.519420400e-01  1.7187094e+01         -inf  1.00779e+05  1.71871e+01  1.71871e+01
6.545498082e-01  1.6974771e+01         -inf  1.00779e+05  1.69748e+01  1.69748e+01
6.571680074e-01  1.6759880e+01         -inf  1.00779e+05  1.67599e+01  1.67599e+01
6.597966795e-01  1.6552136e+01         -inf  1.00779e+05  1.65521e+01  1.65521e+01
6.624358662e-01  1.6351716e+01         -inf  1.00779e+05  1.63517e+01  1.63517e+01
6.650856096e-01  1.6138394e+01         -inf  1.00779e+05  1.61384e+01  1.61384e+01
6.677459521e-01  1.5909960e+01         -inf  1.00779e+05  1.59100e+01  1.59100e+01
6.704169359e-01  1.5683990e+01         -inf  1.00779e+05  1.56840e+01  1.56840e+01
6.730986036e-01  1.5466936e+01         -inf  1.00779e+05  1.54669e+01  1.54669e+01
6.757909981e-01  1.5262861e+01         -inf  1.00779e+05  1.52629e+01  1.52629e+01
6.784941620e-01  1.5066466e+01         -inf  1.00779e+05  1.50665e+01  1.50665e+01
6.812081387e-01  1.4893214e+01         -inf  1.00779e+05  1.48932e+01  1.48932e+01
6.839329712e-01  1.4746020e+01         -inf  1.00779e+05  1.47460e+01  1.47460e+01
6.866687031e-01  1.5271961e+01         -inf  1.00779e+05  1.52720e+01  1.52720e+01
6.894153779e-01  1.5264010e+01         -inf  1.00779e+05  1.52640e+01  1.52640e+01
6.921730395e-01  1.4485022e+01         -inf  1.00779e+05  1.44850e+01  1.44850e+01
6.949417316e-01  1.4023522e+01         -inf  1.00779e+05  1.40235e+01  1.40235e+01
6.977214985e-01  1.3826206e+01         -inf  1.00779e+05  1.38262e+01  1.38262e+01
7.005123845e-01  1.3658929e+01         -inf  1.00779e+05  1.36589e+01  1.36589e+01
7.033144341e-01  1.3514800e+01         -inf  1.00779e+05  1.35148e+01  1.35148e+01
7.061276918e-01  1.3387990e+01         -inf  1.00779e+05  1.33880e+01  1.33880e+01
7.089522026e-01  1.3270455e+01         -inf  1.00779e+05  1.32705e+01  1.32705e+01
7.117880114e-01  1.3164054e+01         -inf  1.00779e+05  1.31641e+01  1.31641e+01
7.146351634e-01  1.3081070e+01         -inf  1.00779e+05  1.30811e+01  1.30811e+01
7.174937041e-01  1.2975373e+01         -inf  1.00779e+05  1.29754e+01  1.29754e+01
7.203636789e-01  1.2810902e+01         -inf  1.00779e+05  1.28109e+01  1.28109e+01
7.232451336e-01  1.2653321e+01         -inf  1.00779e+05  1.26533e+01  1.26533e+01
7.261381142e-01  1.2527731e+01         -inf  1.00779e+05  1.25277e+01  1.25277e+01
7.290426666e-01  1.2390559e+01         -inf  1.00779e+05  1.23906e+01  1.23906e+01
7.319588373e-01  1.2266113e+01         -inf  1.00779e+05  1.22661e+01  1.22661e+01
7.348866726e-01  1.2171981e+01         -inf  1.00779e+05  1.21720e+01  1.21720e+01
7.378262193e-01  1.2091460e+01         -inf  1.00779e+05  1.20915e+01  1.20915e+01
7.407775242e-01  1.2021632e+01         -inf  1.00779e+05  1.20216e+01  1.20216e+01
7.437406343e-01  1.1978321e+01         -inf  1.00779e+05  1.19783e+01  1.19783e+01
7.467155968e-01  1.1943761e+01         -inf  1.00779e+05  1.19438e+01  1.19438e+01
7.497024592e-01  1.1846796e+01         -inf  1.00779e+05  1.18468e+01  1.18468e+01
7.527012690e-01  1.1672750e+01         -inf  1.00779e+05  1.16727e+01  1.16727e+01
7.557120741e-01  1.1511782e+01         -inf  1.00779e+05  1.15118e+01  1.15118e+01
7.587349224e-01  1.2473817e+01         -inf  1.00779e+05  1.24738e+01  1.24738e+01
7.617698621e-01  1.6205174e+01         -inf  1.00779e+05  1.62052e+01  1.62052e+01
7.648169416e-01  1.4031474e+01         -inf  1.00779e+05  1.40315e+01  1.40315e+01
7.678762093e-01  1.1701566e+01         -inf  1.00779e+05  1.17016e+01  1.17016e+01
7.709477142e-01  1.1103378e+01         -inf  1.00779e+05  1.11034e+01  1.11034e+01
7.740315050e-01  1.1053342e+01         -inf  1.00779e+05  1.10533e+01  1.10533e+01
7.771276310e-01  1.1055553e+01         -inf  1.00779e+05  1.10556e+01  1.10556e+01
7.802361416e-01  1.1010998e+01         -inf  1.00779e+05  1.10110e+01  1.10110e+01
7.833570861e-01  1.0881132e+01         -inf  1.00779e+05  1.08811e+01  1.08811e+01
7.864905145e-01  1.0727836e+01         -inf  1.00779e+05  1.07278e+01  1.07278e+01
7.896364765e-01  1.0609193e+01         -inf  1.00779e+05  1.06092e+01  1.06092e+01
7.927950224e-01  1.0502394e+01         -inf  1.00779e+05  1.05024e+01  1.05024e+01
7.959662025e-01  1.0405319e+01         -inf  1.00779e+05  1.04053e+01  1.04053e+01
7.991500673e-01  1.0325749e+01         -inf  1.00779e+05  1.03257e+01  1.03257e+01
8.023466676e-01  1.0253692e+01         -inf  1.00779e+05  1.02537e+01  1.02537e+01
8.055560543e-01  1.0197815e+01         -inf  1.00779e+05  1.01978e+01  1.01978e+01
8.087782785e-01  1.0176418e+01         -inf  1.00779e+05  1.01764e+01  1.01764e+01
8.120133916e-01  1.0172351e+01         -inf  1.00779e+05  1.01724e+01  1.01724e+01
8.152614452e-01  1.0164040e+01         -inf  1.00779e+05  1.01640e+01  1.01640e+01
8.185224910e-01  1.0106924e+01         -inf  1.00779e+05  1.01069e+01  1.01069e+01
8.217965809e-01  9.9784552e+00         -inf  1.00779e+05  9.97846e+00  9.97846e+00
8.250837672e-01  9.8264643e+00         -inf  1.00779e+05  9.82646e+00  9.82646e+00
8.283841023e-01  9.7032067e+00         -inf  1.00779e+05  9.70321e+00  9.70321e+00
8.316976387e-01  9.6071809e+00         -inf  1.00779e+05  9.60718e+00  9.60718e+00
8.350244293e-01  9.5305183e+00         -inf  1.00779e+05  9.53052e+00  9.53052e+00
8.383645270e-01  9.4707439e+00         -inf  1.00779e+05  9.47074e+00  9.47074e+00
8.417179851e-01  9.4193693e+00         -inf  1.00779e+05  9.41937e+00  9.41937e+00
8.450848570e-01  9.3796665e+00         -inf  1.00779e+05  9.37967e+00  9.37967e+00
8.484651965e-01  9.3628657e+00         -inf  1.00779e+05  9.36287e+00  9.36287e+00
8.518590573e-01  9.3801086e+00         -inf  1.00779e+05  9.38011e+00  9.38011e+00
8.552664935e-01  9.3414666e+00         -inf  1.00779e+05  9.34147e+00  9.34147e+00
8.586875595e-01  9.2472040e+00         -inf  1.00779e+05  9.24720e+00  9.24720e+00
8.621223097e-01  9.1403832e+00         -inf  1.00779e+05  9.14038e+00  9.14038e+00
8.655707989e-01  9.0306424e+00         -inf  1.00779e+05  9.03064e+00  9.03064e+00
8.690330821e-01  8.9521160e+00         -inf  1.00779e+05  8.95212e+00  8.95212e+00
8.725092145e-01  8.8707589e+00         -inf  1.00779e+05  8.87076e+00  8.87076e+00
8.759992513e-01  8.8071670e+00         -inf  1.00779e+05  8.80717e+00  8.80717e+00
8.795032483e-01  8.7668237e+00         -inf  1.00779e+05  8.76682e+00  8.76682e+00
8.830212613e-01  8.7799295e+00         -inf  1.00779e+05  8.77993e+00  8.77993e+00
8.865533464e-01  8.7493138e+00         -inf  1.00779e+05  8.74931e+00  8.74931e+00
8.900995597e-01  8.6923886e+00         -inf  1.00779e+05  8.69239e+00  8.69239e+00
8.936599580e-01  8.6276099e+00         -inf  1.00779e+05  8.62761e+00  8.62761e+00
8.972345978e-01  8.6046697e+00         -inf  1.00779e+05  8.60467e+00  8.60467e+00
9.008235362e-01  8.5484154e+00         -inf  1.00779e+05  8.54842e+00  8.54842e+00
9.044268304e-01  8.4539644e+00         -inf  1.00779e+05  8.45396e+00  8.45396e+00
9.080445377e-01  8.3720262e+00         -inf  1.00779e+05  8.37203e+00  8.37203e+00
9.116767158e-01  8.3058293e+00         -inf  1.00779e+05  8.30583e+00  8.30583e+00
9.153234227e-01  8.2471934e+00         -inf  1.00779e+05  8.24719e+00  8.24719e+00
9.189847164e-01  8.1916170e+00         -inf  1.00779e+05  8.19162e+00  8.19162e+00
9.226606552e-01  8.1453354e+00         -inf  1.00779e+05  8.14534e+00  8.14534e+00
9.263512979e-01  8.1047580e+00         -inf  1.00779e+05  8.10476e+00  8.10476e+00
9.300567031e-01  8.0896432e+00         -inf  1.00779e+05  8.08964e+00  8.08964e+00
9.337769299e-01  8.1364912e+00         -inf  1.00779e+05  8.13649e+00  8.13649e+00
9.375120376e-01  8.1499255e+00         -inf  1.00779e+05  8.14993e+00  8.14993e+00
9.412620857e-01  8.1117362e+00         -inf  1.00779e+05  8.11174e+00  8.11174e+00
9.450271341e-01  8.0808785e+00         -inf  1.00779e+05  8.08088e+00  8.08088e+00
9.488072426e-01  7.9850410e+00         -inf  1.00779e+05  7.98504e+00  7.98504e+00
9.526024716e-01  7.8794819e+00         -inf  1.00779e+05  7.87948e+00  7.87948e+00
9.564128815e-01  7.7919643e+00         -inf  1.00779e+05  7.79196e+00  7.79196e+00
9.602385330e-01  7.7288217e+00         -inf  1.00779e+05  7.72882e+00  7.72882e+00
9.640794871e-01  7.6824749e+00         -inf  1.00779e+05  7.68247e+00  7.68247e+00
9.679358051e-01  7.6325279e+00         -inf  1.00779e+05  7.63253e+00  7.63253e+00
9.718075483e-01  7.5922039e+00         -inf  1.00779e+05  7.59220e+00  7.59220e+00
9.756947785e-01  7.5464664e+00         -inf  1.00779e+05  7.54647e+00  7.54647e+00
9.795975576e-01  7.5050185e+00         -inf  1.00779e+05  7.50502e+00  7.50502e+00
9.835159478e-01  7.4642249e+00         -inf  1.00779e+05  7.46422e+00  7.46422e+00
9.874500116e-01  7.4395027e+00         -inf  1.00779e+05  7.43950e+00  7.43950e+00
9.913998117e-01  7.4471538e+00         -inf  1.00779e+05  7.44715e+00  7.44715e+00
9.953654109e-01  7.3926054e+00         -inf  1.00779e+05  7.39261e+00  7.39261e+00
9.993468726e-01  7.3295121e+00         -inf  1.00779e+05  7.32951e+00  7.32951e+00
1.003344260e+00  7.2826671e+00         -inf  1.00779e+05  7.28267e+00  7.28267e+00
1.007357637e+00  7.2426416e+00         -inf  1.00779e+05  7.24264e+00  7.24264e+00
1.011387068e+00  7.2060037e+00         -inf  1.00779e+05  7.20600e+00  7.20600e+00
1.015432616e+00  7.1672781e+00         -inf  1.00779e+05  7.16728e+00  7.16728e+00
1.019494346e+00  7.1267388e+00         -inf  1.00779e+05  7.12674e+00  7.12674e+00
1.023572324e+00  7.0877827e+00         -inf  1.00779e+05  7.08778e+00  7.08778e+00
1.027666613e+00  7.0508167e+00         -inf  1.00779e+05  7.05082e+00  7.05082e+00
1.031777280e+00  7.0136116e+00         -inf  1.00779e+05  7.01361e+00  7.01361e+00
1.035904389e+00  6.9971319e+00         -inf  1.00779e+05  6.99713e+00  6.99713e+00
1.040048006e+00  6.9838632e+00         -inf  1.00779e+05  6.98386e+00  6.98386e+00
1.044208198e+00  6.9272942e+00         -inf  1.00779e+05  6.92729e+00  6.92729e+00
1.048385031e+00  6.9489488e+00         -inf  1.00779e+05  6.94895e+00  6.94895e+00
1.052578571e+00  6.9715764e+00         -inf  1.00779e+05  6.97158e+00  6.97158e+00
1.056788885e+00  6.8483886e+00         -inf  1.00779e+05  6.84839e+00  6.84839e+00
1.061016041e+00  6.8206033e+00         -inf  1.00779e+05  6.82060e+00  6.82060e+00
1.065260105e+00  6.8272644e+00         -inf  1.00779e+05  6.82726e+00  6.82726e+00
1.069521146e+00  6.7688717e+00         -inf  1.00779e+05  6.76887e+00  6.76887e+00
1.073799230e+00  6.7151403e+00         -inf  1.00779e+05  6.71514e+00  6.71514e+00
1.078094427e+00  6.6755094e+00         -inf  1.00779e+05  6.67551e+00  6.67551e+00
1.082406805e+00  6.6414338e+00         -inf  1.00779e+05  6.64143e+00  6.64143e+00
1.086736432e+00  6.6114007e+00         -inf  1.00779e+05  6.61140e+00  6.61140e+00
1.091083378e+00  6.5870556e+00         -inf  1.00779e+05  6.58706e+00  6.58706e+00
1.095447711e+00  6.5651609e+00         -inf  1.00779e+05  6.56516e+00  6.56516e+00
1.099829502e+00  6.5399487e+00         -inf  1.00779e+05  6.53995e+00  6.53995e+00
1.104228820e+00  6.5145949e+00         -inf  1.00779e+05  6.51459e+00  6.51459e+00
1.108645735e+00  6.5067482e+00         -inf  1.00779e+05  6.50675e+00  6.50675e+00
1.113080318e+00  6.5537137e+00         -inf  1.00779e+05  6.55371e+00  6.55371e+00
1.117532640e+00  6.6524916e+00         -inf  1.00779e+05  6.65249e+00  6.65249e+00
1.122002770e+00  6.8789602e+00         -inf  1.00779e+05  6.87896e+00  6.87896e+00
1.126490781e+00  7.1024665e+00         -inf  1.00779e+05  7.10247e+00  7.10247e+00
1.130996744e+00  7.0584682e+00         -inf  1.00779e+05  7.05847e+00  7.05847e+00
1.135520731e+00  7.0734439e+00         -inf  1.00779e+05  7.07344e+00  7.07344e+00
1.140062814e+00  6.7914910e+00         -inf  1.00779e+05  6.79149e+00  6.79149e+00
1.144623065e+00  6.7486229e+00         -inf  1.00779e+05  6.74862e+00  6.74862e+00
1.149201558e+00  6.8215056e+00         -inf  1.00779e+05  6.82151e+00  6.82151e+00
1.153798364e+00  7.0266236e+00         -inf  1.00779e+05  7.02662e+00  7.02662e+00
1.158413557e+00  6.8210191e+00         -inf  1.00779e+05  6.82102e+00  6.82102e+00
1.163047212e+00  7.0351598e+00         -inf  1.00779e+05  7.03516e+00  7.03516e+00
1.167699401e+00  6.7516218e+00         -inf  1.00779e+05  6.75162e+00  6.75162e+00
1.172370198e+00  6.5582342e+00         -inf  1.00779e+05  6.55823e+00  6.55823e+00
1.177059679e+00  6.3953352e+00         -inf  1.00779e+05  6.39534e+00  6.39534e+00
1.181767918e+00  6.3079922e+00         -inf  1.00779e+05  6.30799e+00  6.30799e+00
1.186494989e+00  6.2533459e+00         -inf  1.00779e+05  6.25335e+00  6.25335e+00
1.191240969e+00  6.1977259e+00         -inf  1.00779e+05  6.19773e+00  6.19773e+00
1.196005933e+00  6.1057622e+00         -inf  1.00779e+05  6.10576e+00  6.10576e+00
1.200789957e+00  6.2778426e+00         -inf  1.00779e+05  6.27784e+00  6.27784e+00
1.205593117e+00  7.4365307e+00         -inf  1.00779e+05  7.43653e+00  7.43653e+00
1.210415489e+00  6.6281555e+00         -inf  1.00779e+05  6.62816e+00  6.62816e+00
1.215257151e+00  6.1372662e+00         -inf  1.00779e+05  6.13727e+00  6.13727e+00
1.220118180e+00  7.0969999e+00         -inf  1.00779e+05  7.09700e+00  7.09700e+00
1.224998652e+00  6.4495911e+00         -inf  1.00779e+05  6.44959e+00  6.44959e+00
1.229898647e+00  5.9988101e+00         -inf  1.00779e+05  5.99881e+00  5.99881e+00
1.234818242e+00  5.9583255e+00         -inf  1.00779e+05  5.95833e+00  5.95833e+00
1.239757515e+00  5.9087015e+00         -inf  1.00779e+05  5.90870e+00  5.90870e+00
1.244716545e+00  5.8985802e+00         -inf  1.00779e+05  5.89858e+00  5.89858e+00
1.249695411e+00  5.9887598e+00         -inf  1.00779e+05  5.98876e+00  5.98876e+00
1.254694192e+00  6.2205862e+00         -inf  1.00779e+05  6.22059e+00  6.22059e+00
1.259712969e+00  6.8150746e+00         -inf  1.00779e+05  6.81507e+00  6.81507e+00
1.264751821e+00  7.8293153e+00         -inf  1.00779e+05  7.82932e+00  7.82932e+00
1.269810828e+00  8.6100378e+00         -inf  1.00779e+05  8.61004e+00  8.61004e+00
1.274890072e+00  6.8052024e+00         -inf  1.00779e+05  6.80520e+00  6.80520e+00
1.279989632e+00  6.1472279e+00         -inf  1.00779e+05  6.14723e+00  6.14723e+00
1.285109591e+00  5.8266427e+00         -inf  1.00779e+05  5.82664e+00  5.82664e+00
1.290250029e+00  5.8604661e+00         -inf  1.00779e+05  5.86047e+00  5.86047e+00
1.295411029e+00  5.8073466e+00         -inf  1.00779e+05  5.80735e+00  5.80735e+00
1.300592673e+00  5.6605049e+00         -inf  1.00779e+05  5.66050e+00  5.66050e+00
1.305795044e+00  5.6500647e+00         -inf  1.00779e+05  5.65006e+00  5.65006e+00
1.311018224e+00  5.7730629e+00         -inf  1.00779e+05  5.77306e+00  5.77306e+00
1.316262297e+00  6.2369882e+00         -inf  1.00779e+05  6.23699e+00  6.23699e+00
1.321527346e+00  6.1453700e+00         -inf  1.00779e+05  6.14537e+00  6.14537e+00
1.326813455e+00  5.8546446e+00         -inf  1.00779e+05  5.85464e+00  5.85464e+00
1.332120709e+00  6.5648424e+00         -inf  1.00779e+05  6.56484e+00  6.56484e+00
1.337449192e+00  6.2331929e+00         -inf  1.00779e+05  6.23319e+00  6.23319e+00
1.342798989e+00  6.5819867e+00         -inf  1.00779e+05  6.58199e+00  6.58199e+00
1.348170185e+00  6.7649175e+00         -inf  1.00779e+05  6.76492e+00  6.76492e+00
1.353562866e+00  7.5924339e+00         -inf  1.00779e+05  7.59243e+00  7.59243e+00
1.358977117e+00  8.5011990e+00         -inf  1.00779e+05  8.50120e+00  8.50120e+00
1.364413026e+00  8.8589090e+00         -inf  1.00779e+05  8.85891e+00  8.85891e+00
1.369870678e+00  8.8070520e+00         -inf  1.00779e+05  8.80705e+00  8.80705e+00
1.375350160e+00  8.7178047e+00         -inf  1.00779e+05  8.71780e+00  8.71780e+00
1.380851561e+00  8.7129762e+00         -inf  1.00779e+05  8.71298e+00  8.71298e+00
1.386374967e+00  8.6737554e+00         -inf  1.00779e+05  8.67376e+00  8.67376e+00
1.391920467e+00  8.5906261e+00         -inf  1.00779e+05  8.59063e+00  8.59063e+00
1.397488149e+00  8.4974669e+00         -inf  1.00779e+05  8.49747e+00  8.49747e+00
1.403078102e+00  8.2446993e+00         -inf  1.00779e+05  8.24470e+00  8.24470e+00
1.408690414e+00  7.7110437e+00         -inf  1.00779e+05  7.71104e+00  7.71104e+00
1.414325176e+00  6.8257871e+00         -inf  1.00779e+05  6.82579e+00  6.82579e+00
1.419982476e+00  6.2823633e+00         -inf  1.00779e+05  6.28236e+00  6.28236e+00
1.425662406e+00  6.0939249e+00         -inf  1.00779e+05  6.09392e+00  6.09392e+00
1.431365056e+00  1.1226432e+01         -inf  1.00779e+05  1.12264e+01  1.12264e+01
1.437090516e+00  1.1117699e+01         -inf  1.00779e+05  1.11177e+01  1.11177e+01
1.442838878e+00  8.8190701e+00         -inf  1.00779e+05  8.81907e+00  8.81907e+00
1.448610234e+00  6.7719589e+00         -inf  1.00779e+05  6.77196e+00  6.77196e+00
1.454404675e+00  5.8740821e+00         -inf  1.00779e+05  5.87408e+00  5.87408e+00
1.460222293e+00  5.6951519e+00         -inf  1.00779e+05  5.69515e+00  5.69515e+00
1.466063182e+00  5.6763066e+00         -inf  1.00779e+05  5.67631e+00  5.67631e+00
1.471927435e+00  6.3141938e+00         -inf  1.00779e+05  6.31419e+00  6.31419e+00
1.477815145e+00  6.0987023e+00         -inf  1.00779e+05  6.09870e+00  6.09870e+00
1.483726405e+00  5.5729485e+00         -inf  1.00779e+05  5.57295e+00  5.57295e+00
1.489661311e+00  5.3519113e+00         -inf  1.00779e+05  5.35191e+00  5.35191e+00
1.495619956e+00  5.4633334e+00         -inf  1.00779e+05  5.46333e+00  5.46333e+00
1.501602436e+00  5.3211025e+00         -inf  1.00779e+05  5.32110e+00  5.32110e+00
1.507608846e+00  5.2047673e+00         -inf  1.00779e+05  5.20477e+00  5.20477e+00
1.513639281e+00  5.2027145e+00         -inf  1.00779e+05  5.20271e+00  5.20271e+00
1.519693838e+00  5.2275337e+00         -inf  1.00779e+05  5.22753e+00  5.22753e+00
1.525772614e+00  5.3974519e+00         -inf  1.00779e+05  5.39745e+00  5.39745e+00
1.531875704e+00  6.0718251e+00         -inf  1.00779e+05  6.07183e+00  6.07183e+00
1.538003207e+00  6.4094897e+00         -inf  1.00779e+05  6.40949e+00  6.40949e+00
1.544155220e+00  5.8308275e+00         -inf  1.00779e+05  5.83083e+00  5.83083e+00
1.550331841e+00  5.1532086e+00         -inf  1.00779e+05  5.15321e+00  5.15321e+00
1.556533168e+00  5.1276459e+00         -inf  1.00779e+05  5.12765e+00  5.12765e+00
1.562759301e+00  5.1488198e+00         -inf  1.00779e+05  5.14882e+00  5.14882e+00
1.569010338e+00  7.6526766e+00         -inf  1.00779e+05  7.65268e+00  7.65268e+00
1.575286379e+00  9.4088468e+00         -inf  1.00779e+05  9.40885e+00  9.40885e+00
1.581587525e+00  7.6918593e+00         -inf  1.00779e+05  7.69186e+00  7.69186e+00
1.587913875e+00  5.3878165e+00         -inf  1.00779e+05  5.38782e+00  5.38782e+00
1.594265530e+00  5.3044770e+00         -inf  1.00779e+05  5.30448e+00  5.30448e+00
1.600642593e+00  9.0327647e+00         -inf  1.00779e+05  9.03276e+00  9.03276e+00
1.607045163e+00  9.2021060e+00         -inf  1.00779e+05  9.20211e+00  9.20211e+00
1.613473344e+00  7.4353720e+00         -inf  1.00779e+05  7.43537e+00  7.43537e+00
1.619927237e+00  5.6938248e+00         -inf  1.00779e+05  5.69382e+00  5.69382e+00
1.626406946e+00  5.7173061e+00         -inf  1.00779e+05  5.71731e+00  5.71731e+00
1.632912574e+00  6.2665364e+00         -inf  1.00779e+05  6.26654e+00  6.26654e+00
1.639444224e+00  6.7069576e+00         -inf  1.00779e+05  6.70696e+00  6.70696e+00
1.646002001e+00  6.8858777e+00         -inf  1.00779e+05  6.88588e+00  6.88588e+00
1.652586009e+00  6.7668105e+00         -inf  1.00779e+05  6.76681e+00  6.76681e+00
1.659196353e+00  5.8813104e+00         -inf  1.00779e+05  5.88131e+00  5.88131e+00
1.665833138e+00  7.9573667e+00         -inf  1.00779e+05  7.95737e+00  7.95737e+00
1.672496471e+00  5.8780015e+00         -inf  1.00779e+05  5.87800e+00  5.87800e+00
1.679186457e+00  5.8865037e+00         -inf  1.00779e+05  5.88650e+00  5.88650e+00
1.685903203e+00  6.0206890e+00         -inf  1.00779e+05  6.02069e+00  6.02069e+00
1.692646815e+00  6.2813636e+00         -inf  1.00779e+05  6.28136e+00  6.28136e+00
1.699417403e+00  6.5554299e+00         -inf  1.00779e+05  6.55543e+00  6.55543e+00
1.706215072e+00  7.8432102e+00         -inf  1.00779e+05  7.84321e+00  7.84321e+00
1.713039933e+00  6.5437704e+00         -inf  1.00779e+05  6.54377e+00  6.54377e+00
1.719892092e+00  6.3297197e+00         -inf  1.00779e+05  6.32972e+00  6.32972e+00
1.726771661e+00  7.3567202e+00         -inf  1.00779e+05  7.35672e+00  7.35672e+00
1.733678747e+00  6.3556404e+00         -inf  1.00779e+05  6.35564e+00  6.35564e+00
1.740613462e+00  5.9154343e+00         -inf  1.00779e+05  5.91543e+00  5.91543e+00
1.747575916e+00  5.6382177e+00         -inf  1.00779e+05  5.63822e+00  5.63822e+00
1.754566220e+00  5.5326913e+00         -inf  1.00779e+05  5.53269e+00  5.53269e+00
1.761584485e+00  5.5761426e+00         -inf  1.00779e+05  5.57614e+00  5.57614e+00
1.768630823e+00  6.1035858e+00         -inf  1.00779e+05  6.10359e+00  6.10359e+00
1.775705346e+00  6.5287227e+00         -inf  1.00779e+05  6.52872e+00  6.52872e+00
1.782808167e+00  5.9692960e+00         -inf  1.00779e+05  5.96930e+00  5.96930e+00
1.789939400e+00  7.0123466e+00         -inf  1.00779e+05  7.01235e+00  7.01235e+00
1.797099158e+00  5.9994294e+00         -inf  1.00779e+05  5.99943e+00  5.99943e+00
1.804287554e+00  6.0737272e+00         -inf  1.00779e+05  6.07373e+00  6.07373e+00
1.811504704e+00  6.3553131e+00         -inf  1.00779e+05  6.35531e+00  6.35531e+00
1.818750723e+00  6.8146411e+00         -inf  1.00779e+05  6.81464e+00  6.81464e+00
1.826025726e+00  7.4180443e+00         -inf  1.00779e+05  7.41804e+00  7.41804e+00
1.833329829e+00  7.9331328e+00         -inf  1.00779e+05  7.93313e+00  7.93313e+00
1.840663148e+00  8.3330864e+00         -inf  1.00779e+05  8.33309e+00  8.33309e+00
1.848025801e+00  8.5042500e+00         -inf  1.00779e+05  8.50425e+00  8.50425e+00
1.855417904e+00  8.5385194e+00         -inf  1.00779e+05  8.53852e+00  8.53852e+00
1.862839576e+00  8.4772059e+00         -inf  1.00779e+05  8.47721e+00  8.47721e+00
1.870290934e+00  8.4135482e+00         -inf  1.00779e+05  8.41355e+00  8.41355e+00
1.877772098e+00  9.0441722e+00         -inf  1.00779e+05  9.04417e+00  9.04417e+00
1.885283186e+00  8.9606054e+00         -inf  1.00779e+05  8.96061e+00  8.96061e+00
1.892824319e+00  8.1989576e+00         -inf  1.00779e+05  8.19896e+00  8.19896e+00
1.900395616e+00  8.0788974e+00         -inf  1.00779e+05  8.07890e+00  8.07890e+00
1.907997199e+00  7.9703946e+00         -inf  1.00779e+05  7.97039e+00  7.97039e+00
1.915629188e+00  7.6870212e+00         -inf  1.00779e+05  7.68702e+00  7.68702e+00
1.923291704e+00  7.0893573e+00         -inf  1.00779e+05  7.08936e+00  7.08936e+00
1.930984871e+00  6.2963765e+00         -inf  1.00779e+05  6.29638e+00  6.29638e+00
1.938708811e+00  6.3352400e+00         -inf  1.00779e+05  6.33524e+00  6.33524e+00
1.946463646e+00  1.0655696e+01         -inf  1.00779e+05  1.06557e+01  1.06557e+01
1.954249500e+00  1.7479866e+01         -inf  1.00779e+05  1.74799e+01  1.74799e+01
1.962066498e+00  1.6945625e+01         -inf  1.00779e+05  1.69456e+01  1.69456e+01
1.969914764e+00  1.4593434e+01         -inf  1.00779e+05  1.45934e+01  1.45934e+01
1.977794423e+00  8.6483215e+00         -inf  1.00779e+05  8.64832e+00  8.64832e+00
1.985705601e+00  6.6298717e+00         -inf  1.00779e+05  6.62987e+00  6.62987e+00
1.993648424e+00  8.5791559e+00         -inf  1.00779e+05  8.57916e+00  8.57916e+00
2.001623017e+00  2.0151654e+01         -inf  1.00779e+05  2.01517e+01  2.01517e+01
2.009629509e+00  2.1099085e+01         -inf  1.00779e+05  2.10991e+01  2.10991e+01
2.017668027e+00  1.8980790e+01         -inf  1.00779e+05  1.89808e+01  1.89808e+01
2.025738699e+00  1.2452782e+01         -inf  1.00779e+05  1.24528e+01  1.24528e+01
2.033841654e+00  1.0663033e+01         -inf  1.00779e+05  1.06630e+01  1.06630e+01
2.041977021e+00  1.1198586e+01         -inf  1.00779e+05  1.11986e+01  1.11986e+01
2.050144929e+00  1.4853544e+01         -inf  1.00779e+05  1.48535e+01  1.48535e+01
2.058345509e+00  1.5989904e+01         -inf  1.00779e+05  1.59899e+01  1.59899e+01
2.066578891e+00  1.5426828e+01         -inf  1.00779e+05  1.54268e+01  1.54268e+01
2.074845206e+00  1.2142548e+01         -inf  1.00779e+05  1.21425e+01  1.21425e+01
2.083144587e+00  1.0283929e+01         -inf  1.00779e+05  1.02839e+01  1.02839e+01
2.091477165e+00  8.6599773e+00         -inf  1.00779e+05  8.65998e+00  8.65998e+00
2.099843074e+00  7.2510713e+00         -inf  1.00779e+05  7.25107e+00  7.25107e+00
2.108242446e+00  7.3566406e+00         -inf  1.00779e+05  7.35664e+00  7.35664e+00
2.116675416e+00  6.7899695e+00         -inf  1.00779e+05  6.78997e+00  6.78997e+00
2.125142118e+00  6.1953196e+00         -inf  1.00779e+05  6.19532e+00  6.19532e+00
2.133642686e+00  5.7458570e+00         -inf  1.00779e+05  5.74586e+00  5.74586e+00
2.142177257e+00  6.0595631e+00         -inf  1.00779e+05  6.05956e+00  6.05956e+00
2.150745966e+00  7.0383177e+00         -inf  1.00779e+05  7.03832e+00  7.03832e+00
2.159348950e+00  7.2199177e+00         -inf  1.00779e+05  7.21992e+00  7.21992e+00
2.167986346e+00  7.1874282e+00         -inf  1.00779e+05  7.18743e+00  7.18743e+00
2.176658291e+00  6.7695970e+00         -inf  1.00779e+05  6.76960e+00  6.76960e+00
2.185364924e+00  5.8435677e+00         -inf  1.00779e+05  5.84357e+00  5.84357e+00
2.194106384e+00  6.2190733e+00         -inf  1.00779e+05  6.21907e+00  6.21907e+00
2.202882810e+00  1.0346614e+01         -inf  1.00779e+05  1.03466e+01  1.03466e+01
2.211694341e+00  5.9518317e+00         -inf  1.00779e+05  5.95183e+00  5.95183e+00
2.220541118e+00  6.9944870e+00         -inf  1.00779e+05  6.99449e+00  6.99449e+00
2.229423283e+00  7.9483630e+00         -inf  1.00779e+05  7.94836e+00  7.94836e+00
2.238340976e+00  8.6137255e+00         -inf  1.00779e+05  8.61373e+00  8.61373e+00
2.247294340e+00  9.3862100e+00         -inf  1.00779e+05  9.38621e+00  9.38621e+00
2.256283517e+00  9.8185950e+00         -inf  1.00779e+05  9.81859e+00  9.81859e+00
2.265308651e+00  1.0224604e+01         -inf  1.00779e+05  1.02246e+01  1.02246e+01
2.274369886e+00  1.0740125e+01         -inf  1.00779e+05  1.07401e+01  1.07401e+01
2.283467365e+00  1.0748700e+01         -inf  1.00779e+05  1.07487e+01  1.07487e+01
2.292601235e+00  1.2053099e+01         -inf  1.00779e+05  1.20531e+01  1.20531e+01
2.301771640e+00  1.3396650e+01         -inf  1.00779e+05  1.33966e+01  1.33966e+01
2.310978726e+00  8.5606904e+00         -inf  1.00779e+05  8.56069e+00  8.56069e+00
2.320222641e+00  1.2645985e+01         -inf  1.00779e+05  1.26460e+01  1.26460e+01
2.329503532e+00  1.0813237e+01         -inf  1.00779e+05  1.08132e+01  1.08132e+01
2.338821546e+00  1.2508110e+01         -inf  1.00779e+05  1.25081e+01  1.25081e+01
2.348176832e+00  1.3168649e+01         -inf  1.00779e+05  1.31686e+01  1.31686e+01
2.357569539e+00  1.1109920e+01         -inf  1.00779e+05  1.11099e+01  1.11099e+01
2.366999817e+00  1.1455562e+01         -inf  1.00779e+05  1.14556e+01  1.14556e+01
2.376467817e+00  1.1842906e+01         -inf  1.00779e+05  1.18429e+01  1.18429e+01
2.385973688e+00  9.5414828e+00         -inf  1.00779e+05  9.54148e+00  9.54148e+00
2.395517583e+00  9.6428149e+00         -inf  1.00779e+05  9.64281e+00  9.64281e+00
2.405099653e+00  8.1789256e+00         -inf  1.00779e+05  8.17893e+00  8.17893e+00
2.414720052e+00  7.0710290e+00         -inf  1.00779e+05  7.07103e+00  7.07103e+00
2.424378932e+00  8.4592442e+00         -inf  1.00779e+05  8.45924e+00  8.45924e+00
2.434076448e+00  7.0884727e+00         -inf  1.00779e+05  7.08847e+00  7.08847e+00
2.443812753e+00  6.4893206e+00         -inf  1.00779e+05  6.48932e+00  6.48932e+00
2.453588004e+00  6.2273186e+00         -inf  1.00779e+05  6.22732e+00  6.22732e+00
2.463402356e+00  5.8703751e+00         -inf  1.00779e+05  5.87038e+00  5.87038e+00
2.473255966e+00  5.8024805e+00         -inf  1.00779e+05  5.80248e+00  5.80248e+00
2.483148990e+00  6.7564782e+00         -inf  1.00779e+05  6.75648e+00  6.75648e+00
2.493081586e+00  6.5750688e+00         -inf  1.00779e+05  6.57507e+00  6.57507e+00
2.503053912e+00  6.6007674e+00         -inf  1.00779e+05  6.60077e+00  6.60077e+00
2.513066128e+00  6.7865903e+00         -inf  1.00779e+05  6.78659e+00  6.78659e+00
2.523118392e+00  7.1526563e+00         -inf  1.00779e+05  7.15266e+00  7.15266e+00
2.533210866e+00  7.7243461e+00         -inf  1.00779e+05  7.72435e+00  7.72435e+00
2.543343709e+00  8.1235784e+00         -inf  1.00779e+05  8.12358e+00  8.12358e+00
2.553517084e+00  9.1543546e+00         -inf  1.00779e+05  9.15435e+00  9.15435e+00
2.563731152e+00  1.0410624e+01         -inf  1.00779e+05  1.04106e+01  1.04106e+01
2.573986077e+00  1.0663740e+01         -inf  1.00779e+05  1.06637e+01  1.06637e+01
2.584282021e+00  1.1263383e+01         -inf  1.00779e+05  1.12634e+01  1.12634e+01
2.594619149e+00  1.1678318e+01         -inf  1.00779e+05  1.16783e+01  1.16783e+01
2.604997626e+00  1.1482610e+01         -inf  1.00779e+05  1.14826e+01  1.14826e+01
2.615417616e+00  1.1494101e+01         -inf  1.00779e+05  1.14941e+01  1.14941e+01
2.625879287e+00  1.0981911e+01         -inf  1.00779e+05  1.09819e+01  1.09819e+01
2.636382804e+00  1.0674436e+01         -inf  1.00779e+05  1.06744e+01  1.06744e+01
2.646928335e+00  1.0632354e+01         -inf  1.00779e+05  1.06324e+01  1.06324e+01
2.657516049e+00  1.1595049e+01         -inf  1.00779e+05  1.15950e+01  1.15951e+01
2.668146113e+00  2.0908514e+01         -inf  1.00779e+05  2.09085e+01  2.09085e+01
2.678818697e+00  3.1877647e+01         -inf  1.00779e+05  3.18776e+01  3.18776e+01
2.689533972e+00  3.1410150e+01         -inf  1.00779e+05  3.14102e+01  3.14102e+01
2.700292108e+00  3.2119622e+01         -inf  1.00779e+05  3.21196e+01  3.21196e+01
2.711093276e+00  2.8377437e+01         -inf  1.00779e+05  2.83774e+01  2.83774e+01
2.721937650e+00  2.2328164e+01         -inf  1.00779e+05  2.23282e+01  2.23282e+01
2.732825400e+00  2.0617042e+01         -inf  1.00779e+05  2.06170e+01  2.06170e+01
2.743756702e+00  2.4621636e+01         -inf  1.00779e+05  2.46216e+01  2.46216e+01
2.754731729e+00  3.0662086e+01         -inf  1.00779e+05  3.06621e+01  3.06621e+01
2.765750655e+00  3.0006313e+01         -inf  1.00779e+05  3.00063e+01  3.00063e+01
2.776813658e+00  3.1284832e+01         -inf  1.00779e+05  3.12848e+01  3.12848e+01
2.787920913e+00  2.8527056e+01         -inf  1.00779e+05  2.85271e+01  2.85271e+01
2.799072596e+00  2.4418817e+01         -inf  1.00779e+05  2.44188e+01  2.44188e+01
2.810268887e+00  2.2077705e+01         -inf  1.00779e+05  2.20777e+01  2.20777e+01
2.821509962e+00  1.9879302e+01         -inf  1.00779e+05  1.98793e+01  1.98793e+01
2.832796002e+00  1.6730640e+01         -inf  1.00779e+05  1.67306e+01  1.67306e+01
2.844127186e+00  1.7143902e+01         -inf  1.00779e+05  1.71439e+01  1.71439e+01
2.855503695e+00  1.5371522e+01         -inf  1.00779e+05  1.53715e+01  1.53715e+01
2.866925710e+00  1.5438310e+01         -inf  1.00779e+05  1.54383e+01  1.54383e+01
2.878393413e+00  1.3437651e+01         -inf  1.00779e+05  1.34377e+01  1.34377e+01
2.889906986e+00  1.2452956e+01         -inf  1.00779e+05  1.24530e+01  1.24530e+01
2.901466614e+00  9.4007983e+00         -inf  1.00779e+05  9.40080e+00  9.40080e+00
2.913072481e+00  6.8666099e+00         -inf  1.00779e+05  6.86661e+00  6.86661e+00
2.924724770e+00  5.9397540e+00         -inf  1.00779e+05  5.93975e+00  5.93976e+00
2.936423670e+00  5.3705085e+00         -inf  1.00779e+05  5.37051e+00  5.37051e+00
2.948169364e+00  5.8635435e+00         -inf  1.00779e+05  5.86354e+00  5.86354e+00
2.959962042e+00  7.6485706e+00         -inf  1.00779e+05  7.64857e+00  7.64857e+00
2.971801890e+00  7.5737774e+00         -inf  1.00779e+05  7.57378e+00  7.57378e+00
2.983689097e+00  8.2794272e+00         -inf  1.00779e+05  8.27943e+00  8.27943e+00
2.995623854e+00  6.5434585e+00         -inf  1.00779e+05  6.54346e+00  6.54346e+00
3.007606349e+00  6.1844886e+00         -inf  1.00779e+05  6.18449e+00  6.18449e+00
3.019636775e+00  6.1166767e+00         -inf  1.00779e+05  6.11668e+00  6.11668e+00
3.031715322e+00  5.4045365e+00         -inf  1.00779e+05  5.40454e+00  5.40454e+00
3.043842183e+00  5.2708426e+00         -inf  1.00779e+05  5.27084e+00  5.27085e+00
3.056017552e+00  5.3125080e+00         -inf  1.00779e+05  5.31251e+00  5.31251e+00
3.068241622e+00  5.3343093e+00         -inf  1.00779e+05  5.33431e+00  5.33431e+00
3.080514588e+00  5.3694975e+00         -inf  1.00779e+05  5.36950e+00  5.36950e+00
3.092836647e+00  5.4170638e+00         -inf  1.00779e+05  5.41706e+00  5.41707e+00
3.105207993e+00  5.5290240e+00         -inf  1.00779e+05  5.52902e+00  5.52903e+00
3.117628825e+00  5.8693706e+00         -inf  1.00779e+05  5.86937e+00  5.86938e+00
3.130099341e+00  6.5344852e+00         -inf  1.00779e+05  6.53449e+00  6.53449e+00
3.142619738e+00  6.1285995e+00         -inf  1.00779e+05  6.12860e+00  6.12861e+00
3.155190217e+00  7.4444041e+00         -inf  1.00779e+05  7.44440e+00  7.44441e+00
3.167810978e+00  7.3046221e+00         -inf  1.00779e+05  7.30462e+00  7.30463e+00
3.180482222e+00  9.5347502e+00         -inf  1.00779e+05  9.53475e+00  9.53476e+00
3.193204151e+00  9.9061165e+00         -inf  1.00779e+05  9.90612e+00  9.90613e+00
3.205976967e+00  1.1177619e+01         -inf  1.00779e+05  1.11776e+01  1.11776e+01
3.218800875e+00  1.2669741e+01         -inf  1.00779e+05  1.26697e+01  1.26698e+01
3.231676079e+00  1.2361549e+01         -inf  1.00779e+05  1.23615e+01  1.23616e+01
3.244602783e+00  1.4343539e+01         -inf  1.00779e+05  1.43435e+01  1.43436e+01
3.257581194e+00  1.5122716e+01         -inf  1.00779e+05  1.51227e+01  1.51227e+01
3.270611519e+00  1.4519546e+01         -inf  1.00779e+05  1.45195e+01  1.45196e+01
3.283693965e+00  1.1651429e+01         -inf  1.00779e+05  1.16514e+01  1.16514e+01
3.296828741e+00  1.2392480e+01         -inf  1.00779e+05  1.23925e+01  1.23925e+01
3.310016056e+00  2.1058185e+01         -inf  1.00779e+05  2.10582e+01  2.10582e+01
3.323256120e+00  1.9246410e+01         -inf  1.00779e+05  1.92464e+01  1.92465e+01
3.336549144e+00  1.0064725e+01         -inf  1.00779e+05  1.00647e+01  1.00647e+01
3.349895341e+00  1.1040583e+01         -inf  1.00779e+05  1.10406e+01  1.10406e+01
3.363294922e+00  1.3594735e+01         -inf  1.00779e+05  1.35947e+01  1.35948e+01
3.376748102e+00  1.3745927e+01         -inf  1.00779e+05  1.37459e+01  1.37460e+01
3.390255094e+00  1.3728958e+01         -inf  1.00779e+05  1.37290e+01  1.37290e+01
3.403816115e+00  1.3005726e+01         -inf  1.00779e+05  1.30057e+01  1.30058e+01
3.417431379e+00  1.0940319e+01         -inf  1.00779e+05  1.09403e+01  1.09404e+01
3.431101105e+00  1.1341215e+01         -inf  1.00779e+05  1.13412e+01  1.13413e+01
3.444825509e+00  1.1082199e+01         -inf  1.00779e+05  1.10822e+01  1.10823e+01
3.458604811e+00  1.0178399e+01         -inf  1.00779e+05  1.01784e+01  1.01785e+01
3.472439231e+00  1.1465314e+01         -inf  1.00779e+05  1.14653e+01  1.14654e+01
3.486328987e+00  1.0998477e+01         -inf  1.00779e+05  1.09985e+01  1.09985e+01
3.500274303e+00  9.4010145e+00         -inf  1.00779e+05  9.40101e+00  9.40107e+00
3.514275401e+00  7.5405567e+00         -inf  1.00779e+05  7.54056e+00  7.54060e+00
3.528332502e+00  8.8138781e+00         -inf  1.00779e+05  8.81388e+00  8.81393e+00
3.542445832e+00  1.1977885e+01         -inf  1.00779e+05  1.19779e+01  1.19780e+01
3.556615616e+00  9.0848744e+00         -inf  1.00779e+05  9.08487e+00  9.08494e+00
3.570842078e+00  1.1065464e+01         -inf  1.00779e+05  1.10655e+01  1.10655e+01
3.585125446e+00  1.1008353e+01         -inf  1.00779e+05  1.10084e+01  1.10084e+01
3.599465948e+00  9.0127065e+00         -inf  1.00779e+05  9.01271e+00  9.01278e+00
3.613863812e+00  8.6933881e+00         -inf  1.00779e+05  8.69339e+00  8.69347e+00
3.628319267e+00  7.9504127e+00         -inf  1.00779e+05  7.95041e+00  7.95049e+00
3.642832544e+00  8.2988482e+00         -inf  1.00779e+05  8.29885e+00  8.29894e+00
3.657403874e+00  6.3937504e+00         -inf  1.00779e+05  6.39375e+00  6.39383e+00
3.672033490e+00  6.7998097e+00         -inf  1.00779e+05  6.79981e+00  6.79990e+00
3.686721624e+00  7.0296990e+00         -inf  1.00779e+05  7.02970e+00  7.02980e+00
3.701468510e+00  6.3056983e+00         -inf  1.00779e+05  6.30570e+00  6.30580e+00
3.716274384e+00  6.8751605e+00         -inf  1.00779e+05  6.87516e+00  6.87527e+00
3.731139482e+00  7.5547303e+00         -inf  1.00779e+05  7.55473e+00  7.55485e+00
3.746064040e+00  7.0208916e+00         -inf  1.00779e+05  7.02089e+00  7.02102e+00
3.761048296e+00  6.5588306e+00         -inf  1.00779e+05  6.55883e+00  6.55896e+00
3.776092489e+00  6.8716197e+00         -inf  1.00779e+05  6.87162e+00  6.87176e+00
3.791196859e+00  7.6956557e+00         -inf  1.00779e+05  7.69566e+00  7.69581e+00
3.806361647e+00  7.7332779e+00         -inf  1.00779e+05  7.73328e+00  7.73345e+00
3.821587093e+00  7.2490990e+00         -inf  1.00779e+05  7.24910e+00  7.24928e+00
3.836873442e+00  8.3148092e+00         -inf  1.00779e+05  8.31481e+00  8.31501e+00
3.852220935e+00  9.5824459e+00         -inf  1.00779e+05  9.58245e+00  9.58269e+00
3.867629819e+00  1.2296611e+01         -inf  1.00779e+05  1.22966e+01  1.22970e+01
3.883100338e+00  1.4324652e+01         -inf  1.00779e+05  1.43247e+01  1.43251e+01
3.898632740e+00  1.2737076e+01         -inf  1.00779e+05  1.27371e+01  1.27375e+01
3.914227271e+00  1.3644153e+01         -inf  1.00779e+05  1.36442e+01  1.36446e+01
3.929884180e+00  1.2939366e+01         -inf  1.00779e+05  1.29394e+01  1.29398e+01
3.945603716e+00  1.1687764e+01         -inf  1.00779e+05  1.16878e+01  1.16882e+01
3.961386131e+00  1.1041311e+01         -inf  1.00779e+05  1.10413e+01  1.10418e+01
3.977231676e+00  1.1591631e+01         -inf  1.00779e+05  1.15916e+01  1.15921e+01
3.993140603e+00  1.1882207e+01         -inf  1.00779e+05  1.18822e+01  1.18828e+01
4.009113165e+00  1.2907179e+01         -inf  1.00779e+05  1.29072e+01  1.29079e+01
4.025149618e+00  1.4053814e+01         -inf  1.00779e+05  1.40538e+01  1.40546e+01
4.041250216e+00  1.5246432e+01         -inf  1.00779e+05  1.52464e+01  1.52474e+01
4.057415217e+00  1.5468946e+01         -inf  1.00779e+05  1.54689e+01  1.54700e+01
4.073644878e+00  1.6212665e+01         -inf  1.00779e+05  1.62127e+01  1.62139e+01
4.089939457e+00  1.6646717e+01         -inf  1.00779e+05  1.66467e+01  1.66481e+01
4.106299215e+00  1.6727559e+01         -inf  1.00779e+05  1.67276e+01  1.67291e+01
4.122724412e+00  1.6915888e+01         -inf  1.00779e+05  1.69159e+01  1.69176e+01
4.139215310e+00  1.7156409e+01         -inf  1.00779e+05  1.71564e+01  1.71583e+01
4.155772171e+00  1.7396149e+01         -inf  1.00779e+05  1.73961e+01  1.73983e+01
4.172395260e+00  1.8915908e+01         -inf  1.00779e+05  1.89159e+01  1.89188e+01
4.189084841e+00  2.4367147e+01         -inf  1.00779e+05  2.43671e+01  2.43686e+01
4.205841180e+00  3.3822018e+01         -inf  1.00779e+05  3.38220e+01  3.38222e+01
4.222664545e+00  4.1958181e+01         -inf  1.00779e+05  4.19582e+01  4.19583e+01
4.239555203e+00  4.5277964e+01         -inf  1.00779e+05  4.52780e+01  4.52781e+01
4.256513424e+00  4.3384704e+01         -inf  1.00779e+05  4.33847e+01  4.33848e+01
4.273539477e+00  4.5107795e+01         -inf  1.00779e+05  4.51078e+01  4.51079e+01
4.290633635e+00  4.3769432e+01         -inf  1.00779e+05  4.37694e+01  4.37695e+01
4.307796170e+00  4.0984449e+01         -inf  1.00779e+05  4.09844e+01  4.09846e+01
4.325027355e+00  3.7419276e+01         -inf  1.00779e+05  3.74193e+01  3.74194e+01
4.342327464e+00  3.4815520e+01         -inf  1.00779e+05  3.48155e+01  3.48157e+01
4.359696774e+00  3.3662993e+01         -inf  1.00779e+05  3.36630e+01  3.36633e+01
4.377135561e+00  3.1372419e+01         -inf  1.00779e+05  3.13724e+01  3.13731e+01
4.394644103e+00  3.1421585e+01         -inf  1.00779e+05  3.14216e+01  3.14222e+01
4.412222680e+00  3.0573114e+01         -inf  1.00779e+05  3.05731e+01  3.05739e+01
4.429871570e+00  2.8325010e+01         -inf  1.00779e+05  2.83250e+01  2.83267e+01
4.447591057e+00  2.4873188e+01         -inf  1.00779e+05  2.48732e+01  2.48768e+01
4.465381421e+00  2.4491145e+01         -inf  1.00779e+05  2.44911e+01  2.44952e+01
4.483242946e+00  2.4537557e+01         -inf  1.00779e+05  2.45376e+01  2.45420e+01
4.501175918e+00  2.2529711e+01         -inf  1.00779e+05  2.25297e+01  2.25350e+01
4.519180622e+00  2.4031917e+01         -inf  1.00779e+05  2.40319e+01  2.40371e+01
4.537257344e+00  2.2742461e+01         -inf  1.00779e+05  2.27425e+01  2.27483e+01
4.555406374e+00  2.0756806e+01         -inf  1.00779e+05  2.07568e+01  2.07631e+01
4.573627999e+00  1.8505821e+01         -inf  1.00779e+05  1.85058e+01  1.85120e+01
4.591922511e+00  1.5229069e+01         -inf  1.00779e+05  1.52291e+01  1.52341e+01
4.610290201e+00  1.3189090e+01         -inf  1.00779e+05  1.31891e+01  1.31932e+01
4.628731362e+00  1.1338650e+01         -inf  1.00779e+05  1.13386e+01  1.13422e+01
4.647246288e+00  9.8377166e+00         -inf  1.00779e+05  9.83772e+00  9.84105e+00
4.665835273e+00  8.6021634e+00         -inf  1.00779e+05  8.60216e+00  8.60540e+00
4.684498614e+00  9.3093087e+00         -inf  1.00779e+05  9.30931e+00  9.31264e+00
4.703236608e+00  1.8777742e+01         -inf  1.00779e+05  1.87777e+01  1.87819e+01
4.722049555e+00  2.0285001e+01         -inf  1.00779e+05  2.02850e+01  2.02891e+01
4.740937753e+00  1.7807703e+01         -inf  1.00779e+05  1.78077e+01  1.78121e+01
4.759901504e+00  1.8471767e+01         -inf  1.00779e+05  1.84718e+01  1.84763e+01
4.778941110e+00  1.7761038e+01         -inf  1.00779e+05  1.77610e+01  1.77668e+01
4.798056874e+00  1.6575139e+01         -inf  1.00779e+05  1.65751e+01  1.65821e+01
4.817249102e+00  1.9455047e+01         -inf  1.00779e+05  1.94550e+01  1.94645e+01
4.836518098e+00  1.6937232e+01         -inf  1.00779e+05  1.69372e+01  1.69470e+01
4.855864171e+00  1.6325032e+01         -inf  1.00779e+05  1.63250e+01  1.63358e+01
4.875287627e+00  1.4106666e+01         -inf  1.00779e+05  1.41067e+01  1.41166e+01
4.894788778e+00  1.1371741e+01         -inf  1.00779e+05  1.13717e+01  1.13800e+01
4.914367933e+00  1.0584039e+01         -inf  1.00779e+05  1.05840e+01  1.05913e+01
4.934025405e+00  8.3462633e+00         -inf  1.00779e+05  8.34626e+00  8.35254e+00
4.953761506e+00  8.0346557e+00         -inf  1.00779e+05  8.03466e+00  8.04121e+00
4.973576552e+00  7.0834269e+00         -inf  1.00779e+05  7.08343e+00  7.09002e+00
4.993470859e+00  6.4623870e+00         -inf  1.00779e+05  6.46239e+00  6.46909e+00
5.013444742e+00  5.4600128e+00         -inf  1.00779e+05  5.46001e+00  5.46688e+00
5.033498521e+00  5.4292224e+00         -inf  1.00779e+05  5.42922e+00  5.43644e+00
5.053632515e+00  5.5520931e+00         -inf  1.00779e+05  5.55209e+00  5.55974e+00
5.073847045e+00  5.9941942e+00         -inf  1.00779e+05  5.99419e+00  6.00243e+00
5.094142433e+00  6.5685172e+00         -inf  1.00779e+05  6.56852e+00  6.57748e+00
5.114519003e+00  6.7087430e+00         -inf  1.00779e+05  6.70874e+00  6.71817e+00
5.134977079e+00  6.2790280e+00         -inf  1.00779e+05  6.27903e+00  6.28867e+00
5.155516987e+00  7.2283165e+00         -inf  1.00779e+05  7.22832e+00  7.23892e+00
5.176139055e+00  1.2382302e+01         -inf  1.00779e+05  1.23823e+01  1.23982e+01
5.196843612e+00  9.6976659e+00         -inf  1.00779e+05  9.69767e+00  9.71196e+00
5.217630986e+00  1.1054629e+01         -inf  1.00779e+05  1.10546e+01  1.10716e+01
5.238501510e+00  1.0099081e+01         -inf  1.00779e+05  1.00991e+01  1.01161e+01
5.259455516e+00  9.2438310e+00         -inf  1.00779e+05  9.24383e+00  9.26029e+00
5.280493338e+00  8.2826412e+00         -inf  1.00779e+05  8.28264e+00  8.29853e+00
5.301615311e+00  7.9850093e+00         -inf  1.00779e+05  7.98501e+00  8.00133e+00
5.322821773e+00  8.7721112e+00         -inf  1.00779e+05  8.77211e+00  8.78996e+00
5.344113060e+00  8.1543859e+00         -inf  1.00779e+05  8.15439e+00  8.17334e+00
5.365489512e+00  8.2729210e+00         -inf  1.00779e+05  8.27292e+00  8.29347e+00
5.386951470e+00  8.2948016e+00         -inf  1.00779e+05  8.29480e+00  8.31702e+00
5.408499276e+00  8.3544149e+00         -inf  1.00779e+05  8.35441e+00  8.37846e+00
5.430133273e+00  8.4562185e+00         -inf  1.00779e+05  8.45622e+00  8.48212e+00
5.451853806e+00  8.6053061e+00         -inf  1.00779e+05  8.60531e+00  8.63342e+00
5.473661221e+00  8.8307063e+00         -inf  1.00779e+05  8.83071e+00  8.86139e+00
5.495555866e+00  9.1127575e+00         -inf  1.00779e+05  9.11276e+00  9.14640e+00
5.517538090e+00  9.3444230e+00         -inf  1.00779e+05  9.34442e+00  9.38117e+00
5.539608242e+00  9.3986256e+00         -inf  1.00779e+05  9.39863e+00  9.43891e+00
5.561766675e+00  9.3317149e+00         -inf  1.00779e+05  9.33171e+00  9.37586e+00
5.584013742e+00  9.5380259e+00         -inf  1.00779e+05  9.53803e+00  9.58622e+00
5.606349797e+00  9.7123704e+00         -inf  1.00779e+05  9.71237e+00  9.76492e+00
5.628775196e+00  9.7564336e+00         -inf  1.00779e+05  9.75643e+00  9.81364e+00
5.651290297e+00  9.7871057e+00         -inf  1.00779e+05  9.78711e+00  9.84928e+00
5.673895458e+00  9.8802638e+00         -inf  1.00779e+05  9.88026e+00  9.94786e+00
5.696591040e+00  9.9552786e+00         -inf  1.00779e+05  9.95528e+00  1.00285e+01
5.719377404e+00  1.0362362e+01         -inf  1.00779e+05  1.03624e+01  1.04415e+01
5.742254913e+00  1.1830649e+01         -inf  1.00779e+05  1.18306e+01  1.19161e+01
5.765223933e+00  1.1948399e+01         -inf  1.00779e+05  1.19484e+01  1.20408e+01
5.788284829e+00  1.1344769e+01         -inf  1.00779e+05  1.13448e+01  1.14447e+01
5.811437968e+00  1.1530801e+01         -inf  1.00779e+05  1.15308e+01  1.16384e+01
5.834683720e+00  1.1868817e+01         -inf  1.00779e+05  1.18688e+01  1.19837e+01
5.858022455e+00  1.1634382e+01         -inf  1.00779e+05  1.16344e+01  1.17565e+01
5.881454545e+00  1.1299427e+01         -inf  1.00779e+05  1.12994e+01  1.14286e+01
5.904980363e+00  1.1019067e+01         -inf  1.00779e+05  1.10191e+01  1.11551e+01
5.928600284e+00  1.0902650e+01         -inf  1.00779e+05  1.09027e+01  1.10455e+01
5.952314685e+00  1.0937955e+01         -inf  1.00779e+05  1.09380e+01  1.10876e+01
5.976123944e+00  1.0917551e+01         -inf  1.00779e+05  1.09176e+01  1.10732e+01
6.000028440e+00  1.1046391e+01         -inf  1.00779e+05  1.10464e+01  1.12079e+01
6.024028554e+00  1.1043225e+01         -inf  1.00779e+05  1.10432e+01  1.12103e+01
6.048124668e+00  1.1170151e+01         -inf  1.00779e+05  1.11702e+01  1.13420e+01
6.072317167e+00  1.1237895e+01         -inf  1.00779e+05  1.12379e+01  1.14144e+01
6.096606435e+00  1.1281515e+01         -inf  1.00779e+05  1.12815e+01  1.14625e+01
6.120992861e+00  1.1404973e+01         -inf  1.00779e+05  1.14050e+01  1.15898e+01
6.145476832e+00  1.1366836e+01         -inf  1.00779e+05  1.13668e+01  1.15554e+01
6.170058740e+00  1.1488362e+01         -inf  1.00779e+05  1.14884e+01  1.16801e+01
6.194738975e+00  1.1484519e+01         -inf  1.00779e+05  1.14845e+01  1.16804e+01
6.219517931e+00  1.1533693e+01         -inf  1.00779e+05  1.15337e+01  1.17346e+01
6.244396002e+00  1.1501306e+01         -inf  1.00779e+05  1.15013e+01  1.17091e+01
6.269373586e+00  1.1331608e+01         -inf  1.00779e+05  1.13316e+01  1.15480e+01
6.294451081e+00  1.1627530e+01         -inf  1.00779e+05  1.16275e+01  1.18534e+01
6.319628885e+00  1.1376588e+01         -inf  1.00779e+05  1.13766e+01  1.16140e+01
6.344907401e+00  1.1695745e+01         -inf  1.00779e+05  1.16957e+01  1.19445e+01
6.370287030e+00  1.1541215e+01         -inf  1.00779e+05  1.15412e+01  1.18020e+01
6.395768178e+00  1.1779451e+01         -inf  1.00779e+05  1.17795e+01  1.20518e+01
6.421351251e+00  1.1890016e+01         -inf  1.00779e+05  1.18900e+01  1.21737e+01
6.447036656e+00  1.2061322e+01         -inf  1.00779e+05  1.20613e+01  1.23556e+01
6.472824803e+00  1.2306430e+01         -inf  1.00779e+05  1.23064e+01  1.26102e+01
6.498716102e+00  1.3565709e+01         -inf  1.00779e+05  1.35657e+01  1.38768e+01
6.524710966e+00  1.2067281e+01         -inf  1.00779e+05  1.20673e+01  1.23897e+01
6.550809810e+00  1.1205455e+01         -inf  1.00779e+05  1.12055e+01  1.15370e+01
6.577013049e+00  1.1104257e+01         -inf  1.00779e+05  1.11043e+01  1.14429e+01
6.603321102e+00  1.1017112e+01         -inf  1.00779e+05  1.10171e+01  1.13617e+01
6.629734386e+00  1.0908397e+01         -inf  1.00779e+05  1.09084e+01  1.12583e+01
6.656253324e+00  1.1005777e+01         -inf  1.00779e+05  1.10058e+01  1.13601e+01
6.682878337e+00  1.0778555e+01         -inf  1.00779e+05  1.07786e+01  1.11370e+01
6.709609850e+00  1.0708328e+01         -inf  1.00779e+05  1.07083e+01  1.10698e+01
6.736448290e+00  1.0776837e+01         -inf  1.00779e+05  1.07768e+01  1.11408e+01
6.763394083e+00  1.0403460e+01         -inf  1.00779e+05  1.04035e+01  1.07691e+01
6.790447659e+00  1.1024619e+01         -inf  1.00779e+05  1.10246e+01  1.13898e+01
6.817609450e+00  1.0413812e+01         -inf  1.00779e+05  1.04138e+01  1.07785e+01
6.844879888e+00  1.0378497e+01         -inf  1.00779e+05  1.03785e+01  1.07422e+01
6.872259407e+00  1.0250200e+01         -inf  1.00779e+05  1.02502e+01  1.06131e+01
6.899748445e+00  1.0363240e+01         -inf  1.00779e+05  1.03632e+01  1.07252e+01
6.927347438e+00  9.9918647e+00         -inf  1.00779e+05  9.99186e+00  1.03507e+01
6.955056828e+00  9.6418277e+00         -inf  1.00779e+05  9.64183e+00  9.99632e+00
6.982877056e+00  9.7814358e+00         -inf  1.00779e+05  9.78144e+00  1.01327e+01
7.010808564e+00  9.6108876e+00         -inf  1.00779e+05  9.61089e+00  9.95732e+00
7.038851798e+00  9.1767450e+00         -inf  1.00779e+05  9.17675e+00  9.51628e+00
7.067007205e+00  9.0751995e+00         -inf  1.00779e+05  9.07520e+00  9.41062e+00
7.095275234e+00  8.9967155e+00         -inf  1.00779e+05  8.99672e+00  9.32758e+00
7.123656335e+00  8.7126995e+00         -inf  1.00779e+05  8.71270e+00  9.04010e+00
7.152150960e+00  8.7452034e+00         -inf  1.00779e+05  8.74520e+00  9.06999e+00
7.180759564e+00  8.5958079e+00         -inf  1.00779e+05  8.59581e+00  8.91966e+00
7.209482602e+00  8.9671999e+00         -inf  1.00779e+05  8.96720e+00  9.29442e+00
7.238320533e+00  9.5589138e+00         -inf  1.00779e+05  9.55891e+00  9.89950e+00
7.267273815e+00  1.0485081e+01         -inf  1.00779e+05  1.04851e+01  1.08449e+01
7.296342910e+00  1.0341372e+01         -inf  1.00779e+05  1.03414e+01  1.07107e+01
7.325528282e+00  1.2163504e+01         -inf  1.00779e+05  1.21635e+01  1.25737e+01
7.354830395e+00  1.3869905e+01         -inf  1.00779e+05  1.38699e+01  1.43186e+01
7.384249717e+00  1.5364233e+01         -inf  1.00779e+05  1.53642e+01  1.58282e+01
7.413786715e+00  1.4503349e+01         -inf  1.00779e+05  1.45033e+01  1.49518e+01
7.443441862e+00  1.6128547e+01         -inf  1.00779e+05  1.61285e+01  1.65872e+01
7.473215630e+00  1.5686971e+01         -inf  1.00779e+05  1.56870e+01  1.61531e+01
7.503108492e+00  1.6303336e+01         -inf  1.00779e+05  1.63033e+01  1.67654e+01
7.533120926e+00  1.5483630e+01         -inf  1.00779e+05  1.54836e+01  1.59541e+01
7.563253410e+00  1.3636299e+01         -inf  1.00779e+05  1.36363e+01  1.41176e+01
7.593506424e+00  1.3309238e+01         -inf  1.00779e+05  1.33092e+01  1.38241e+01
7.623880449e+00  1.5018939e+01         -inf  1.00779e+05  1.50189e+01  1.56078e+01
7.654375971e+00  2.1172035e+01         -inf  1.00779e+05  2.11720e+01  2.17150e+01
7.684993475e+00  2.2131988e+01         -inf  1.00779e+05  2.21320e+01  2.27855e+01
7.715733449e+00  2.0590247e+01         -inf  1.00779e+05  2.05902e+01  2.13007e+01
7.746596383e+00  1.8937156e+01         -inf  1.00779e+05  1.89372e+01  1.96436e+01
7.777582768e+00  1.7112736e+01         -inf  1.00779e+05  1.71127e+01  1.77829e+01
7.808693099e+00  1.8356400e+01         -inf  1.00779e+05  1.83564e+01  1.90945e+01
7.839927872e+00  1.9203249e+01         -inf  1.00779e+05  1.92032e+01  1.99961e+01
7.871287583e+00  1.9093161e+01         -inf  1.00779e+05  1.90932e+01  1.98944e+01
7.902772733e+00  1.7688223e+01         -inf  1.00779e+05  1.76882e+01  1.84958e+01
7.934383824e+00  1.6794372e+01         -inf  1.00779e+05  1.67944e+01  1.75951e+01
7.966121360e+00  1.4587990e+01         -inf  1.00779e+05  1.45880e+01  1.53512e+01
7.997985845e+00  1.2698507e+01         -inf  1.00779e+05  1.26985e+01  1.34245e+01
8.029977788e+00  1.3001737e+01         -inf  1.00779e+05  1.30017e+01  1.37709e+01
8.062097700e+00  1.1254681e+01         -inf  1.00779e+05  1.12547e+01  1.19827e+01
8.094346090e+00  9.8978143e+00         -inf  1.00779e+05  9.89781e+00  1.06136e+01
8.126723475e+00  8.5703634e+00         -inf  1.00779e+05  8.57036e+00  9.26153e+00
8.159230369e+00  7.6060150e+00         -inf  1.00779e+05  7.60602e+00  8.28795e+00
8.191867290e+00  8.4521270e+00         -inf  1.00779e+05  8.45213e+00  9.17540e+00
8.224634759e+00  6.6329581e+00         -inf  1.00779e+05  6.63296e+00  7.32415e+00
8.257533298e+00  6.7288219e+00         -inf  1.00779e+05  6.72882e+00  7.44212e+00
8.290563432e+00  5.4187370e+00         -inf  1.00779e+05  5.41874e+00  6.11496e+00
8.323725685e+00  6.4823479e+00         -inf  1.00779e+05  6.48235e+00  7.21590e+00
8.357020588e+00  6.4589168e+00         -inf  1.00779e+05  6.45892e+00  7.20868e+00
8.390448670e+00  7.6008859e+00         -inf  1.00779e+05  7.60089e+00  8.39728e+00
8.424010465e+00  8.0765699e+00         -inf  1.00779e+05  8.07657e+00  8.89915e+00
8.457706507e+00  9.2185836e+00         -inf  1.00779e+05  9.21858e+00  1.00865e+01
8.491537333e+00  9.0829494e+00         -inf  1.00779e+05  9.08295e+00  9.96519e+00
8.525503482e+00  8.9693907e+00         -inf  1.00779e+05  8.96939e+00  9.85971e+00
8.559605496e+00  7.2870994e+00         -inf  1.00779e+05  7.28710e+00  8.15996e+00
8.593843918e+00  8.7872071e+00         -inf  1.00779e+05  8.78721e+00  9.71364e+00
8.628219294e+00  9.4216485e+00         -inf  1.00779e+05  9.42165e+00  1.03968e+01
8.662732171e+00  9.4909860e+00         -inf  1.00779e+05  9.49099e+00  1.04959e+01
8.697383100e+00  9.4395966e+00         -inf  1.00779e+05  9.43960e+00  1.04617e+01
8.732172632e+00  8.6365312e+00         -inf  1.00779e+05  8.63653e+00  9.65873e+00
8.767101323e+00  7.8229977e+00         -inf  1.00779e+05  7.82300e+00  8.84469e+00
8.802169728e+00  7.8495130e+00         -inf  1.00779e+05  7.84951e+00  8.88128e+00
8.837378407e+00  7.7316308e+00         -inf  1.00779e+05  7.73163e+00  8.77926e+00
8.872727920e+00  7.3318295e+00         -inf  1.00779e+05  7.33183e+00  8.40188e+00
8.908218832e+00  7.3495853e+00         -inf  1.00779e+05  7.34959e+00  8.44530e+00
8.943851707e+00  7.4192559e+00         -inf  1.00779e+05  7.41926e+00  8.54104e+00
8.979627114e+00  6.8825741e+00         -inf  1.00779e+05  6.88257e+00  8.03084e+00
9.015545623e+00  6.2274850e+00         -inf  1.00779e+05  6.22749e+00  7.40405e+00
9.051607805e+00  6.5038315e+00         -inf  1.00779e+05  6.50383e+00  7.71116e+00
9.087814236e+00  6.6773260e+00         -inf  1.00779e+05  6.67733e+00  7.91521e+00
9.124165493e+00  6.8708416e+00         -inf  1.00779e+05  6.87084e+00  8.14449e+00
9.160662155e+00  7.5121028e+00         -inf  1.00779e+05  7.51210e+00  8.83483e+00
9.197304804e+00  8.5825270e+00         -inf  1.00779e+05  8.58253e+00  9.97642e+00
9.234094023e+00  8.3171573e+00         -inf  1.00779e+05  8.31716e+00  9.79897e+00
9.271030399e+00  8.4060424e+00         -inf  1.00779e+05  8.40604e+00  9.96254e+00
9.308114521e+00  8.7057092e+00         -inf  1.00779e+05  8.70571e+00  1.02913e+01
9.345346979e+00  9.3055915e+00         -inf  1.00779e+05  9.30559e+00  1.09140e+01
9.382728367e+00  1.6898257e+01         -inf  1.00779e+05  1.68983e+01  1.85298e+01
9.420259280e+00  2.6201110e+01         -inf  1.00779e+05  2.62011e+01  2.79610e+01
9.457940318e+00  2.9478917e+01         -inf  1.00779e+05  2.94789e+01  3.12987e+01
9.495772079e+00  3.1714256e+01         -inf  1.00779e+05  3.17143e+01  3.35345e+01
9.533755167e+00  3.0182608e+01         -inf  1.00779e+05  3.01826e+01  3.20189e+01
9.571890188e+00  2.2134309e+01         -inf  1.00779e+05  2.21343e+01  2.39458e+01
9.610177749e+00  3.0014766e+01         -inf  1.00779e+05  3.00148e+01  3.18440e+01
9.648618460e+00  3.1080015e+01         -inf  1.00779e+05  3.10800e+01  3.30177e+01
9.687212933e+00  2.8669124e+01         -inf  1.00779e+05  2.86691e+01  3.07000e+01
9.725961785e+00  2.7456309e+01         -inf  1.00779e+05  2.74563e+01  2.95418e+01
9.764865632e+00  2.7590343e+01         -inf  1.00779e+05  2.75903e+01  2.97384e+01
9.803925095e+00  2.6231885e+01         -inf  1.00779e+05  2.62319e+01  2.84248e+01
9.843140795e+00  2.4230908e+01         -inf  1.00779e+05  2.42309e+01  2.64420e+01
9.882513358e+00  2.1272868e+01         -inf  1.00779e+05  2.12729e+01  2.34885e+01
9.922043412e+00  1.8380062e+01         -inf  1.00779e+05  1.83801e+01  2.05962e+01
9.961731585e+00  1.5520865e+01         -inf  1.00779e+05  1.55209e+01  1.77433e+01
1.000157851e+01  1.2369473e+01         -inf  1.00779e+05  1.23695e+01  1.46096e+01
1.004158483e+01  9.0295066e+00         -inf  1.00779e+05  9.02951e+00  1.12891e+01
1.008175117e+01  7.2987493e+00         -inf  1.00779e+05  7.29875e+00  9.59560e+00
1.012207817e+01  5.5936125e+00         -inf  1.00779e+05  5.59361e+00  7.94385e+00
1.016256648e+01  4.7650039e+00         -inf  1.00779e+05  4.76500e+00  7.19528e+00
1.020321675e+01  4.3907281e+00         -inf  1.00779e+05  4.39073e+00  6.92078e+00
1.024402962e+01  4.2452549e+00         -inf  1.00779e+05  4.24525e+00  6.86359e+00
1.028500573e+01  4.2057606e+00         -inf  1.00779e+05  4.20576e+00  6.90719e+00
1.032614576e+01  4.0697564e+00         -inf  1.00779e+05  4.06976e+00  6.82018e+00
1.036745034e+01  3.1878613e+00         -inf  1.00779e+05  3.18786e+00  5.89636e+00
1.040892014e+01  2.4971855e+00         -inf  1.00779e+05  2.49719e+00  5.20871e+00
1.045055582e+01  3.3320811e+00         -inf  1.00779e+05  3.33208e+00  6.18509e+00
1.049235805e+01  3.2026305e+00         -inf  1.00779e+05  3.20263e+00  6.12607e+00
1.053432748e+01  3.1782569e+00         -inf  1.00779e+05  3.17826e+00  6.17401e+00
1.057646479e+01  3.0854488e+00         -inf  1.00779e+05  3.08545e+00  6.13959e+00
1.061877065e+01  2.9050116e+00         -inf  1.00779e+05  2.90501e+00  6.00449e+00
1.066124573e+01  2.6720373e+00         -inf  1.00779e+05  2.67204e+00  5.80997e+00
1.070389071e+01  2.4021025e+00         -inf  1.00779e+05  2.40210e+00  5.57660e+00
1.074670627e+01  2.1363312e+00         -inf  1.00779e+05  2.13633e+00  5.35150e+00
1.078969310e+01  1.8982814e+00         -inf  1.00779e+05  1.89828e+00  5.16075e+00
1.083285187e+01  1.7133084e+00         -inf  1.00779e+05  1.71331e+00  5.03141e+00
1.087618328e+01  1.5687323e+00         -inf  1.00779e+05  1.56873e+00  4.94804e+00
1.091968801e+01  1.4253593e+00         -inf  1.00779e+05  1.42536e+00  4.86862e+00
1.096336676e+01  1.3212403e+00         -inf  1.00779e+05  1.32124e+00  4.83137e+00
1.100722023e+01  1.2301054e+00         -inf  1.00779e+05  1.23011e+00  4.80883e+00
1.105124911e+01  1.1506112e+00         -inf  1.00779e+05  1.15061e+00  4.79975e+00
1.109545411e+01  1.0748224e+00         -inf  1.00779e+05  1.07482e+00  4.79568e+00
1.113983593e+01  9.7176102e-01         -inf  1.00779e+05  9.71761e-01  4.76432e+00
1.118439527e+01  8.6861066e-01         -inf  1.00779e+05  8.68611e-01  4.73377e+00
1.122913285e+01  7.8039417e-01         -inf  1.00779e+05  7.80394e-01  4.72022e+00
1.127404938e+01  6.8566174e-01         -inf  1.00779e+05  6.85662e-01  4.70094e+00
1.131914558e+01  6.0636038e-01         -inf  1.00779e+05  6.06360e-01  4.69907e+00
1.136442216e+01  5.2662391e-01         -inf  1.00779e+05  5.26624e-01  4.69803e+00
1.140987985e+01  4.4921612e-01         -inf  1.00779e+05  4.49216e-01  4.70062e+00
1.145551937e+01  3.6440914e-01         -inf  1.00779e+05  3.64409e-01  4.69657e+00
1.150134145e+01  2.8055974e-01         -inf  1.00779e+05  2.80560e-01  4.69475e+00
1.154734681e+01  2.2662790e-01         -inf  1.00779e+05  2.26628e-01  4.72621e+00
1.159353620e+01  1.6822529e-01         -inf  1.00779e+05  1.68225e-01  4.75419e+00
1.163991035e+01  4.1794817e-02         -inf  1.00779e+05  4.17948e-02  4.71047e+00
1.168646999e+01 -3.5138604e-02         -inf  1.00779e+05 -3.51386e-02  4.72109e+00
1.173321587e+01 -1.1414956e-01         -inf  1.00779e+05 -1.14150e-01  4.73078e+00
1.178014873e+01 -1.9395258e-01         -inf  1.00779e+05 -1.93953e-01  4.74093e+00
1.182726932e+01 -2.6573960e-01         -inf  1.00779e+05 -2.65740e-01  4.76094e+00
1.187457840e+01 -3.5223417e-01         -inf  1.00779e+05 -3.52234e-01  4.76656e+00
1.192207672e+01 -4.3247953e-01         -inf  1.00779e+05 -4.32480e-01  4.77997e+00
1.196976502e+01 -5.1210592e-01         -inf  1.00779e+05 -5.12106e-01  4.79567e+00
1.201764408e+01 -5.6916633e-01         -inf  1.00779e+05 -5.69166e-01  4.83680e+00
1.206571466e+01 -2.7270361e-01         -inf  1.00779e+05 -2.72704e-01  5.26943e+00
1.211397752e+01 -6.3581246e-01         -inf  1.00779e+05 -6.35812e-01  4.97765e+00
1.216243343e+01 -5.6849158e-01         -inf  1.00779e+05 -5.68492e-01  5.16219e+00
1.221108316e+01 -4.9262325e-01         -inf  1.00779e+05 -4.92623e-01  5.36648e+00
1.225992749e+01 -3.7035646e-01         -inf  1.00779e+05 -3.70356e-01  5.62887e+00
1.230896720e+01 -2.6308415e-01         -inf  1.00779e+05 -2.63084e-01  5.88557e+00
1.235820307e+01 -1.6515290e-01         -inf  1.00779e+05 -1.65153e-01  6.13631e+00
1.240763589e+01 -7.4232664e-02         -inf  1.00779e+05 -7.42327e-02  6.37448e+00
1.245726643e+01 -8.0203739e-02         -inf  1.00779e+05 -8.02037e-02  6.50003e+00
1.250709549e+01 -8.0922248e-02         -inf  1.00779e+05 -8.09222e-02  6.60375e+00
1.255712388e+01 -2.4472283e-01         -inf  1.00779e+05 -2.44723e-01  6.51602e+00
1.260735237e+01  1.3533251e+00         -inf  1.00779e+05  1.35333e+00  8.86059e+00
1.265778178e+01  3.7917590e-01         -inf  1.00779e+05  3.79176e-01  7.84369e+00
1.270841291e+01 -5.5525700e-01         -inf  1.00779e+05 -5.55257e-01  6.48255e+00
1.275924656e+01 -2.5348428e-01         -inf  1.00779e+05 -2.53484e-01  6.97490e+00
1.281028355e+01 -1.4369265e-01         -inf  1.00779e+05 -1.43693e-01  7.25880e+00
1.286152468e+01  3.0746994e-02         -inf  1.00779e+05  3.07470e-02  7.59979e+00
1.291297078e+01  8.3940028e-02         -inf  1.00779e+05  8.39400e-02  7.83749e+00
1.296462266e+01  9.9673327e-01         -inf  1.00779e+05  9.96733e-01  9.09325e+00
1.301648115e+01  6.4795173e-01         -inf  1.00779e+05  6.47952e-01  9.07335e+00
1.306854708e+01  9.8381278e-01         -inf  1.00779e+05  9.83813e-01  9.78040e+00
1.312082127e+01  8.9309811e-01         -inf  1.00779e+05  8.93098e-01  1.02304e+01
1.317330455e+01  1.3781737e+00         -inf  1.00779e+05  1.37817e+00  1.14389e+01
1.322599777e+01  2.1408342e+00         -inf  1.00779e+05  2.14083e+00  1.31078e+01
1.327890176e+01  2.0730536e+00         -inf  1.00779e+05  2.07305e+00  1.37017e+01
1.333201737e+01  3.2936719e+00         -inf  1.00779e+05  3.29367e+00  1.55676e+01
1.338534544e+01  2.9432701e+00         -inf  1.00779e+05  2.94327e+00  1.57285e+01
1.343888682e+01  4.4763595e+00         -inf  1.00779e+05  4.47636e+00  1.76803e+01
1.349264237e+01  7.7626377e+00         -inf  1.00779e+05  7.76264e+00  2.06712e+01
1.354661294e+01  5.4870362e+00         -inf  1.00779e+05  5.48704e+00  1.92675e+01
1.360079939e+01  6.5523140e+00         -inf  1.00779e+05  6.55231e+00  2.03031e+01
1.365520258e+01  6.2765238e+00         -inf  1.00779e+05  6.27652e+00  2.01483e+01
1.370982339e+01  6.5238021e+00         -inf  1.00779e+05  6.52380e+00  2.07821e+01
1.376466269e+01  4.6388680e+00         -inf  1.00779e+05  4.63887e+00  1.93610e+01
1.381972134e+01  6.3609514e+00         -inf  1.00779e+05  6.36095e+00  2.11755e+01
1.387500022e+01  2.0562379e+01         -inf  1.00779e+05  2.05624e+01  2.95307e+01
1.393050023e+01  8.9738178e+00         -inf  1.00779e+05  8.97382e+00  2.27929e+01
1.398622223e+01  7.4493044e+00         -inf  1.00779e+05  7.44930e+00  2.19137e+01
1.404216712e+01  9.4041173e+00         -inf  1.00779e+05  9.40412e+00  2.31484e+01
1.409833578e+01  1.0102257e+01         -inf  1.00779e+05  1.01023e+01  2.36881e+01
1.415472913e+01  1.2226714e+01         -inf  1.00779e+05  1.22267e+01  2.44890e+01
1.421134804e+01  1.5257603e+01         -inf  1.00779e+05  1.52576e+01  2.63213e+01
1.426819344e+01  1.7349411e+01         -inf  1.00779e+05  1.73494e+01  2.73192e+01
1.432526621e+01  1.9224723e+01         -inf  1.00779e+05  1.92247e+01  2.84585e+01
1.438256727e+01  2.2928266e+01         -inf  1.00779e+05  2.29283e+01  3.07522e+01
1.444009754e+01  2.4874990e+01         -inf  1.00779e+05  2.48750e+01  3.22284e+01
1.449785793e+01  2.5093052e+01         -inf  1.00779e+05  2.50931e+01  3.21993e+01
1.455584937e+01  2.7473641e+01         -inf  1.00779e+05  2.74736e+01  3.41697e+01
1.461407276e+01  2.9094329e+01         -inf  1.00779e+05  2.90943e+01  3.56040e+01
1.467252905e+01  2.9125605e+01         -inf  1.00779e+05  2.91256e+01  3.57151e+01
1.473121917e+01  2.9324151e+01         -inf  1.00779e+05  2.93242e+01  3.59576e+01
1.479014405e+01  3.0505605e+01         -inf  1.00779e+05  3.05056e+01  3.71397e+01
1.484930462e+01  3.0066542e+01         -inf  1.00779e+05  3.00665e+01  3.68406e+01
1.490870184e+01  2.9899426e+01         -inf  1.00779e+05  2.98994e+01  3.67476e+01
1.496833665e+01  4.2152681e+01         -inf  1.00779e+05  4.21527e+01  4.89033e+01
1.502821000e+01  3.0935345e+01         -inf  1.00779e+05  3.09353e+01  3.79488e+01
1.508832284e+01  3.1682188e+01         -inf  1.00779e+05  3.16822e+01  3.88832e+01
1.514867613e+01  2.9255671e+01         -inf  1.00779e+05  2.92557e+01  3.66284e+01
1.520927083e+01  2.7745837e+01         -inf  1.00779e+05  2.77458e+01  3.53201e+01
1.527010791e+01  2.8254074e+01         -inf  1.00779e+05  2.82541e+01  3.59626e+01
1.533118835e+01  2.8298511e+01         -inf  1.00779e+05  2.82985e+01  3.61339e+01
1.539251310e+01  2.9488996e+01         -inf  1.00779e+05  2.94890e+01  3.74646e+01
1.545408315e+01  2.5453500e+01         -inf  1.00779e+05  2.54535e+01  3.42947e+01
1.551589948e+01  2.4641265e+01         -inf  1.00779e+05  2.46413e+01  3.37109e+01
1.557796308e+01  2.1957391e+01         -inf  1.00779e+05  2.19574e+01  3.19731e+01
1.564027493e+01  1.8645916e+01         -inf  1.00779e+05  1.86459e+01  3.00144e+01
1.570283603e+01  1.8165826e+01         -inf  1.00779e+05  1.81658e+01  2.99659e+01
1.576564738e+01  1.5366228e+01         -inf  1.00779e+05  1.53662e+01  2.85288e+01
1.582870997e+01  1.1915261e+01         -inf  1.00779e+05  1.19153e+01  2.70326e+01
1.589202481e+01  9.6494730e+00         -inf  1.00779e+05  9.64947e+00  2.60214e+01
1.595559291e+01  4.7607992e+00         -inf  1.00779e+05  4.76080e+00  2.38496e+01
1.601941528e+01  4.2602308e+00         -inf  1.00779e+05  4.26023e+00  2.38096e+01
1.608349294e+01 -1.4689095e+00         -inf  1.00779e+05 -1.46891e+00  2.10224e+01
1.614782691e+01  7.0029612e-01         -inf  1.00779e+05  7.00296e-01  2.24090e+01
1.621241822e+01  1.1162772e+01         -inf  1.00779e+05  1.11628e+01  2.76597e+01
1.627726789e+01 -2.9330064e+00         -inf  1.00779e+05 -2.93301e+00  2.07279e+01
1.634237696e+01 -5.3633277e+00         -inf  1.00779e+05 -5.36333e+00  1.95572e+01
1.640774647e+01 -3.0550480e+00         -inf  1.00779e+05 -3.05505e+00  2.08458e+01
1.647337746e+01 -3.7740186e+00         -inf  1.00779e+05 -3.77402e+00  2.06291e+01
1.653927097e+01 -5.3412130e+00         -inf  1.00779e+05 -5.34121e+00  1.96914e+01
1.660542805e+01 -6.0354554e+00         -inf  1.00779e+05 -6.03546e+00  1.91937e+01
1.667184976e+01 -7.5650789e+00         -inf  1.00779e+05 -7.56508e+00  1.84369e+01
1.673853716e+01 -3.6786285e+00         -inf  1.00779e+05 -3.67863e+00  2.11447e+01
1.680549131e+01 -8.7418002e+00         -inf  1.00779e+05 -8.74180e+00  1.76985e+01
1.687271328e+01 -9.5676658e+00         -inf  1.00779e+05 -9.56767e+00  1.68420e+01
1.694020413e+01 -6.6048267e+00         -inf  1.00779e+05 -6.60483e+00  1.89034e+01
1.700796495e+01 -8.1102339e+00         -inf  1.00779e+05 -8.11023e+00  1.68266e+01
1.707599681e+01 -1.1191847e+01         -inf  1.00779e+05 -1.11918e+01  1.43406e+01
1.714430079e+01 -1.1708926e+01         -inf  1.00779e+05 -1.17089e+01  1.38846e+01
1.721287800e+01 -1.1614906e+01         -inf  1.00779e+05 -1.16149e+01  1.35397e+01
1.728172951e+01 -1.1101054e+01         -inf  1.00779e+05 -1.11011e+01  1.34762e+01
1.735085643e+01 -1.1609427e+01         -inf  1.00779e+05 -1.16094e+01  1.31252e+01
1.742025985e+01 -1.1758579e+01         -inf  1.00779e+05 -1.17586e+01  1.17471e+01
1.748994089e+01 -1.2363128e+01         -inf  1.00779e+05 -1.23631e+01  1.17282e+01
1.755990065e+01 -1.2486426e+01         -inf  1.00779e+05 -1.24864e+01  1.11631e+01
1.763014026e+01 -1.3413603e+01         -inf  1.00779e+05 -1.34136e+01  1.00030e+01
1.770066082e+01 -1.3745859e+01         -inf  1.00779e+05 -1.37459e+01  9.72142e+00
1.777146346e+01 -1.4048039e+01         -inf  1.00779e+05 -1.40480e+01  9.46137e+00
1.784254932e+01 -1.4729387e+01         -inf  1.00779e+05 -1.47294e+01  8.61360e+00
1.791391951e+01 -1.5472828e+01         -inf  1.00779e+05 -1.54728e+01  8.08764e+00
1.798557519e+01 -1.5841777e+01         -inf  1.00779e+05 -1.58418e+01  7.81690e+00
1.805751749e+01 -1.6250167e+01         -inf  1.00779e+05 -1.62502e+01  7.55012e+00
1.812974756e+01 -1.6624879e+01         -inf  1.00779e+05 -1.66249e+01  7.43165e+00
1.820226655e+01 -1.6999877e+01         -inf  1.00779e+05 -1.69999e+01  7.23139e+00
1.827507562e+01 -1.7058279e+01         -inf  1.00779e+05 -1.70583e+01  7.79150e+00
1.834817592e+01 -1.7004125e+01         -inf  1.00779e+05 -1.70041e+01  1.11198e+01
1.842156862e+01 -1.7874712e+01         -inf  1.00779e+05 -1.78747e+01  7.19626e+00
1.849525490e+01 -1.8159799e+01         -inf  1.00779e+05 -1.81598e+01  7.12252e+00
1.856923592e+01 -1.8306499e+01         -inf  1.00779e+05 -1.83065e+01  7.39284e+00
1.864351286e+01 -1.8563611e+01         -inf  1.00779e+05 -1.85636e+01  7.44604e+00
1.871808691e+01 -1.8842108e+01         -inf  1.00779e+05 -1.88421e+01  7.47921e+00
1.879295926e+01 -1.9144574e+01         -inf  1.00779e+05 -1.91446e+01  7.47490e+00
1.886813110e+01 -1.9489129e+01         -inf  1.00779e+05 -1.94891e+01  7.32001e+00
1.894360362e+01 -1.9672258e+01         -inf  1.00779e+05 -1.96723e+01  7.56269e+00
1.901937804e+01 -2.0009912e+01         -inf  1.00779e+05 -2.00099e+01  7.43752e+00
1.909545555e+01 -2.0334150e+01         -inf  1.00779e+05 -2.03342e+01  7.36479e+00
1.917183737e+01 -2.0584623e+01         -inf  1.00779e+05 -2.05846e+01  7.44527e+00
1.924852472e+01 -2.0918446e+01         -inf  1.00779e+05 -2.09184e+01  7.34634e+00
1.932551882e+01 -2.1190401e+01         -inf  1.00779e+05 -2.11904e+01  7.40949e+00
1.940282089e+01 -2.1496754e+01         -inf  1.00779e+05 -2.14968e+01  7.39044e+00
1.948043218e+01 -2.1795854e+01         -inf  1.00779e+05 -2.17959e+01  7.39385e+00
1.955835391e+01 -2.2085546e+01         -inf  1.00779e+05 -2.20855e+01  7.43146e+00
1.963658732e+01 -2.2376700e+01         -inf  1.00779e+05 -2.23767e+01  7.47923e+00
1.971513367e+01 -2.2681709e+01         -inf  1.00779e+05 -2.26817e+01  7.48783e+00
1.979399421e+01 -2.2989175e+01         -inf  1.00779e+05 -2.29892e+01  7.49918e+00
1.987317018e+01 -2.3292795e+01         -inf  1.00779e+05 -2.32928e+01  7.53015e+00
1.995266286e+01 -2.3598895e+01         -inf  1.00779e+05 -2.35989e+01  7.56206e+00
