# WARNING | GENERATOR | Too many electrons per pixel (up to 9.04e+13) detected in the 1.54-19.95 um spectral range. Reduce exposure time per frame to less than 0.000 seconds.
# ------------------------------------------------------------------------
# Radiance spectrum
# NASA-GSFC Planetary Spectrum Generator (PSG) (Villanueva et al. 2018, 2022)
# Synthesized on Tue Jul 14 13:22:21 2026
# Doppler velocities [km/s] (vobs,vrot+vorb,vwidth,vrfl,vstr): 47.10000,-0.00000,0.03000,0.00000,-0.00000
# ------------------------------------------------------------------------
# Spectra synthesized with the Planetary and Universal Model of Atmospheric Scattering (PUMAS, Villanueva et al. 2018, 2022)
# Single scattering radiative transfer method
# Radiative transfer took 18.268 seconds
# ------------------------------------------------------------------------
# Spectral unit: Wavelength [um]
# Radiance unit: Contrast [transit atmospheric thickness, km]
# Wave/freq Total Noise Stellar Proxima-Centauri-b Transit
2.000000000e-01  4.2772872e+01         -inf  1.00779e+05  4.27729e+01  4.27729e+01
2.008000000e-01  4.2703372e+01         -inf  1.00779e+05  4.27034e+01  4.27034e+01
2.016032000e-01  4.2654370e+01         -inf  1.00779e+05  4.26544e+01  4.26544e+01
2.024096128e-01  4.2610382e+01         -inf  1.00779e+05  4.26104e+01  4.26104e+01
2.032192513e-01  4.2568769e+01         -inf  1.00779e+05  4.25688e+01  4.25688e+01
2.040321283e-01  4.2539121e+01         -inf  1.00779e+05  4.25391e+01  4.25391e+01
2.048482568e-01  4.2510881e+01         -inf  1.00779e+05  4.25109e+01  4.25109e+01
2.056676498e-01  4.2495045e+01         -inf  1.00779e+05  4.24950e+01  4.24950e+01
2.064903204e-01  4.2486599e+01         -inf  1.00779e+05  4.24866e+01  4.24866e+01
2.073162817e-01  4.2477449e+01         -inf  1.00779e+05  4.24774e+01  4.24774e+01
2.081455468e-01  4.2471906e+01         -inf  1.00779e+05  4.24719e+01  4.24719e+01
2.089781290e-01  4.2464956e+01         -inf  1.00779e+05  4.24650e+01  4.24650e+01
2.098140415e-01  4.2467859e+01         -inf  1.00779e+05  4.24679e+01  4.24679e+01
2.106532977e-01  4.2481584e+01         -inf  1.00779e+05  4.24816e+01  4.24816e+01
2.114959109e-01  4.2490646e+01         -inf  1.00779e+05  4.24906e+01  4.24906e+01
2.123418945e-01  4.2530412e+01         -inf  1.00779e+05  4.25304e+01  4.25304e+01
2.131912621e-01  4.2577919e+01         -inf  1.00779e+05  4.25779e+01  4.25779e+01
2.140440271e-01  4.2569649e+01         -inf  1.00779e+05  4.25696e+01  4.25696e+01
2.149002032e-01  4.2585573e+01         -inf  1.00779e+05  4.25856e+01  4.25856e+01
2.157598041e-01  4.2602113e+01         -inf  1.00779e+05  4.26021e+01  4.26021e+01
2.166228433e-01  4.2614517e+01         -inf  1.00779e+05  4.26145e+01  4.26145e+01
2.174893346e-01  4.2633432e+01         -inf  1.00779e+05  4.26334e+01  4.26334e+01
2.183592920e-01  4.2643197e+01         -inf  1.00779e+05  4.26432e+01  4.26432e+01
2.192327292e-01  4.2655690e+01         -inf  1.00779e+05  4.26557e+01  4.26557e+01
2.201096601e-01  4.2666599e+01         -inf  1.00779e+05  4.26666e+01  4.26666e+01
2.209900987e-01  4.2677508e+01         -inf  1.00779e+05  4.26775e+01  4.26775e+01
2.218740591e-01  4.2687273e+01         -inf  1.00779e+05  4.26873e+01  4.26873e+01
2.227615553e-01  4.2695015e+01         -inf  1.00779e+05  4.26950e+01  4.26950e+01
2.236526016e-01  4.2702317e+01         -inf  1.00779e+05  4.27023e+01  4.27023e+01
2.245472120e-01  4.2709794e+01         -inf  1.00779e+05  4.27098e+01  4.27098e+01
2.254454008e-01  4.2713137e+01         -inf  1.00779e+05  4.27131e+01  4.27131e+01
2.263471824e-01  4.2719384e+01         -inf  1.00779e+05  4.27194e+01  4.27194e+01
2.272525711e-01  4.2722551e+01         -inf  1.00779e+05  4.27226e+01  4.27226e+01
2.281615814e-01  4.2725630e+01         -inf  1.00779e+05  4.27256e+01  4.27256e+01
2.290742278e-01  4.2728621e+01         -inf  1.00779e+05  4.27286e+01  4.27286e+01
2.299905247e-01  4.2728005e+01         -inf  1.00779e+05  4.27280e+01  4.27280e+01
2.309104868e-01  4.2730644e+01         -inf  1.00779e+05  4.27306e+01  4.27306e+01
2.318341287e-01  4.2729413e+01         -inf  1.00779e+05  4.27294e+01  4.27294e+01
2.327614652e-01  4.2730029e+01         -inf  1.00779e+05  4.27300e+01  4.27300e+01
2.336925111e-01  4.2727125e+01         -inf  1.00779e+05  4.27271e+01  4.27271e+01
2.346272811e-01  4.2726686e+01         -inf  1.00779e+05  4.27267e+01  4.27267e+01
2.355657903e-01  4.2722375e+01         -inf  1.00779e+05  4.27224e+01  4.27224e+01
2.365080534e-01  4.2719472e+01         -inf  1.00779e+05  4.27195e+01  4.27195e+01
2.374540856e-01  4.2716305e+01         -inf  1.00779e+05  4.27163e+01  4.27163e+01
2.384039020e-01  4.2711290e+01         -inf  1.00779e+05  4.27113e+01  4.27113e+01
2.393575176e-01  4.2705924e+01         -inf  1.00779e+05  4.27059e+01  4.27059e+01
2.403149477e-01  4.2701525e+01         -inf  1.00779e+05  4.27015e+01  4.27015e+01
2.412762074e-01  4.2694047e+01         -inf  1.00779e+05  4.26940e+01  4.26940e+01
2.422413123e-01  4.2687537e+01         -inf  1.00779e+05  4.26875e+01  4.26875e+01
2.432102775e-01  4.2682346e+01         -inf  1.00779e+05  4.26823e+01  4.26823e+01
2.441831186e-01  4.2673461e+01         -inf  1.00779e+05  4.26735e+01  4.26735e+01
2.451598511e-01  4.2665895e+01         -inf  1.00779e+05  4.26659e+01  4.26659e+01
2.461404905e-01  4.2656306e+01         -inf  1.00779e+05  4.26563e+01  4.26563e+01
2.471250525e-01  4.2646804e+01         -inf  1.00779e+05  4.26468e+01  4.26468e+01
2.481135527e-01  4.2634752e+01         -inf  1.00779e+05  4.26348e+01  4.26348e+01
2.491060069e-01  4.2628241e+01         -inf  1.00779e+05  4.26282e+01  4.26282e+01
2.501024309e-01  4.2614869e+01         -inf  1.00779e+05  4.26149e+01  4.26149e+01
2.511028406e-01  4.2599033e+01         -inf  1.00779e+05  4.25990e+01  4.25990e+01
2.521072520e-01  4.2593403e+01         -inf  1.00779e+05  4.25934e+01  4.25934e+01
2.531156810e-01  4.2575632e+01         -inf  1.00779e+05  4.25756e+01  4.25756e+01
2.541281437e-01  4.2562171e+01         -inf  1.00779e+05  4.25622e+01  4.25622e+01
2.551446563e-01  4.2550646e+01         -inf  1.00779e+05  4.25506e+01  4.25506e+01
2.561652349e-01  4.2533491e+01         -inf  1.00779e+05  4.25335e+01  4.25335e+01
2.571898959e-01  4.2514488e+01         -inf  1.00779e+05  4.25145e+01  4.25145e+01
2.582186555e-01  4.2502347e+01         -inf  1.00779e+05  4.25023e+01  4.25023e+01
2.592515301e-01  4.2484663e+01         -inf  1.00779e+05  4.24847e+01  4.24847e+01
2.602885362e-01  4.2465044e+01         -inf  1.00779e+05  4.24650e+01  4.24650e+01
2.613296904e-01  4.2446569e+01         -inf  1.00779e+05  4.24466e+01  4.24466e+01
2.623750091e-01  4.2428181e+01         -inf  1.00779e+05  4.24282e+01  4.24282e+01
2.634245092e-01  4.2401436e+01         -inf  1.00779e+05  4.24014e+01  4.24014e+01
2.644782072e-01  4.2388503e+01         -inf  1.00779e+05  4.23885e+01  4.23885e+01
2.655361200e-01  4.2361317e+01         -inf  1.00779e+05  4.23613e+01  4.23613e+01
2.665982645e-01  4.2336683e+01         -inf  1.00779e+05  4.23367e+01  4.23367e+01
2.676646576e-01  4.2313544e+01         -inf  1.00779e+05  4.23135e+01  4.23135e+01
2.687353162e-01  4.2280112e+01         -inf  1.00779e+05  4.22801e+01  4.22801e+01
2.698102574e-01  4.2261900e+01         -inf  1.00779e+05  4.22619e+01  4.22619e+01
2.708894985e-01  4.2224596e+01         -inf  1.00779e+05  4.22246e+01  4.22246e+01
2.719730565e-01  4.2198729e+01         -inf  1.00779e+05  4.21987e+01  4.21987e+01
2.730609487e-01  4.2166264e+01         -inf  1.00779e+05  4.21663e+01  4.21663e+01
2.741531925e-01  4.2122625e+01         -inf  1.00779e+05  4.21226e+01  4.21226e+01
2.752498053e-01  4.2093766e+01         -inf  1.00779e+05  4.20938e+01  4.20938e+01
2.763508045e-01  4.2052854e+01         -inf  1.00779e+05  4.20529e+01  4.20529e+01
2.774562077e-01  4.2012382e+01         -inf  1.00779e+05  4.20124e+01  4.20124e+01
2.785660325e-01  4.1967510e+01         -inf  1.00779e+05  4.19675e+01  4.19675e+01
2.796802967e-01  4.1923693e+01         -inf  1.00779e+05  4.19237e+01  4.19237e+01
2.807990178e-01  4.1867382e+01         -inf  1.00779e+05  4.18674e+01  4.18674e+01
2.819222139e-01  4.1810279e+01         -inf  1.00779e+05  4.18103e+01  4.18103e+01
2.830499028e-01  4.1763206e+01         -inf  1.00779e+05  4.17632e+01  4.17632e+01
2.841821024e-01  4.1695895e+01         -inf  1.00779e+05  4.16959e+01  4.16959e+01
2.853188308e-01  4.1628056e+01         -inf  1.00779e+05  4.16281e+01  4.16281e+01
2.864601061e-01  4.1565055e+01         -inf  1.00779e+05  4.15651e+01  4.15651e+01
2.876059465e-01  4.1483840e+01         -inf  1.00779e+05  4.14838e+01  4.14838e+01
2.887563703e-01  4.1396200e+01         -inf  1.00779e+05  4.13962e+01  4.13962e+01
2.899113958e-01  4.1308031e+01         -inf  1.00779e+05  4.13080e+01  4.13080e+01
2.910710414e-01  4.1220389e+01         -inf  1.00779e+05  4.12204e+01  4.12204e+01
2.922353256e-01  4.1107491e+01         -inf  1.00779e+05  4.11075e+01  4.11075e+01
2.934042669e-01  4.0998990e+01         -inf  1.00779e+05  4.09990e+01  4.09990e+01
2.945778839e-01  4.0880368e+01         -inf  1.00779e+05  4.08804e+01  4.08804e+01
2.957561955e-01  4.0737104e+01         -inf  1.00779e+05  4.07371e+01  4.07371e+01
2.969392202e-01  4.0599556e+01         -inf  1.00779e+05  4.05996e+01  4.05996e+01
2.981269771e-01  4.0451093e+01         -inf  1.00779e+05  4.04511e+01  4.04511e+01
2.993194850e-01  4.0301219e+01         -inf  1.00779e+05  4.03012e+01  4.03012e+01
3.005167630e-01  4.0136996e+01         -inf  1.00779e+05  4.01370e+01  4.01370e+01
3.017188300e-01  3.9948829e+01         -inf  1.00779e+05  3.99488e+01  3.99488e+01
3.029257054e-01  3.9758016e+01         -inf  1.00779e+05  3.97580e+01  3.97580e+01
3.041374082e-01  3.9584626e+01         -inf  1.00779e+05  3.95846e+01  3.95846e+01
3.053539578e-01  3.9314233e+01         -inf  1.00779e+05  3.93142e+01  3.93142e+01
3.065753736e-01  3.9135021e+01         -inf  1.00779e+05  3.91350e+01  3.91350e+01
3.078016751e-01  3.8798589e+01         -inf  1.00779e+05  3.87986e+01  3.87986e+01
3.090328818e-01  3.8580277e+01         -inf  1.00779e+05  3.85803e+01  3.85803e+01
3.102690134e-01  3.8162560e+01         -inf  1.00779e+05  3.81626e+01  3.81626e+01
3.115100894e-01  3.7900560e+01         -inf  1.00779e+05  3.79006e+01  3.79006e+01
3.127561298e-01  3.7347385e+01         -inf  1.00779e+05  3.73474e+01  3.73474e+01
3.140071543e-01  3.7093540e+01         -inf  1.00779e+05  3.70935e+01  3.70935e+01
3.152631829e-01  3.6493626e+01         -inf  1.00779e+05  3.64936e+01  3.64936e+01
3.165242356e-01  3.5852706e+01         -inf  1.00779e+05  3.58527e+01  3.58527e+01
3.177903326e-01  3.5684231e+01         -inf  1.00779e+05  3.56842e+01  3.56842e+01
3.190614939e-01  3.4558168e+01         -inf  1.00779e+05  3.45582e+01  3.45582e+01
3.203377399e-01  3.4608640e+01         -inf  1.00779e+05  3.46086e+01  3.46086e+01
3.216190908e-01  3.3414819e+01         -inf  1.00779e+05  3.34148e+01  3.34148e+01
3.229055672e-01  3.3649601e+01         -inf  1.00779e+05  3.36496e+01  3.36496e+01
3.241971895e-01  3.2030182e+01         -inf  1.00779e+05  3.20302e+01  3.20302e+01
3.254939782e-01  3.2829105e+01         -inf  1.00779e+05  3.28291e+01  3.28291e+01
3.267959541e-01  3.1203842e+01         -inf  1.00779e+05  3.12038e+01  3.12038e+01
3.281031380e-01  3.1926995e+01         -inf  1.00779e+05  3.19270e+01  3.19270e+01
3.294155505e-01  3.0353775e+01         -inf  1.00779e+05  3.03538e+01  3.03538e+01
3.307332127e-01  3.1041681e+01         -inf  1.00779e+05  3.10417e+01  3.10417e+01
3.320561456e-01  3.0204462e+01         -inf  1.00779e+05  3.02045e+01  3.02045e+01
3.333843702e-01  3.0134300e+01         -inf  1.00779e+05  3.01343e+01  3.01343e+01
3.347179076e-01  2.9794142e+01         -inf  1.00779e+05  2.97941e+01  2.97941e+01
3.360567793e-01  2.9363786e+01         -inf  1.00779e+05  2.93638e+01  2.93638e+01
3.374010064e-01  2.9730675e+01         -inf  1.00779e+05  2.97307e+01  2.97307e+01
3.387506104e-01  2.9075338e+01         -inf  1.00779e+05  2.90753e+01  2.90753e+01
3.401056128e-01  2.9130965e+01         -inf  1.00779e+05  2.91310e+01  2.91310e+01
3.414660353e-01  2.8821084e+01         -inf  1.00779e+05  2.88211e+01  2.88211e+01
3.428318994e-01  2.8670766e+01         -inf  1.00779e+05  2.86708e+01  2.86708e+01
3.442032270e-01  2.8801864e+01         -inf  1.00779e+05  2.88019e+01  2.88019e+01
3.455800399e-01  2.8488264e+01         -inf  1.00779e+05  2.84883e+01  2.84883e+01
3.469623601e-01  2.8391721e+01         -inf  1.00779e+05  2.83917e+01  2.83917e+01
3.483502095e-01  2.8271988e+01         -inf  1.00779e+05  2.82720e+01  2.82720e+01
3.497436104e-01  2.8149784e+01         -inf  1.00779e+05  2.81498e+01  2.81498e+01
3.511425848e-01  2.8113899e+01         -inf  1.00779e+05  2.81139e+01  2.81139e+01
3.525471552e-01  2.8002537e+01         -inf  1.00779e+05  2.80025e+01  2.80025e+01
3.539573438e-01  2.7872304e+01         -inf  1.00779e+05  2.78723e+01  2.78723e+01
3.553731732e-01  2.7786510e+01         -inf  1.00779e+05  2.77865e+01  2.77865e+01
3.567946659e-01  2.7689604e+01         -inf  1.00779e+05  2.76896e+01  2.76896e+01
3.582218445e-01  2.7597105e+01         -inf  1.00779e+05  2.75971e+01  2.75971e+01
3.596547319e-01  2.7517303e+01         -inf  1.00779e+05  2.75173e+01  2.75173e+01
3.610933508e-01  2.7418629e+01         -inf  1.00779e+05  2.74186e+01  2.74186e+01
3.625377242e-01  2.7324981e+01         -inf  1.00779e+05  2.73250e+01  2.73250e+01
3.639878751e-01  2.7235034e+01         -inf  1.00779e+05  2.72350e+01  2.72350e+01
3.654438266e-01  2.7145175e+01         -inf  1.00779e+05  2.71452e+01  2.71452e+01
3.669056019e-01  2.7054080e+01         -inf  1.00779e+05  2.70541e+01  2.70541e+01
3.683732243e-01  2.6965011e+01         -inf  1.00779e+05  2.69650e+01  2.69650e+01
3.698467172e-01  2.6874531e+01         -inf  1.00779e+05  2.68745e+01  2.68745e+01
3.713261041e-01  2.6783696e+01         -inf  1.00779e+05  2.67837e+01  2.67837e+01
3.728114085e-01  2.6693566e+01         -inf  1.00779e+05  2.66936e+01  2.66936e+01
3.743026542e-01  2.6603875e+01         -inf  1.00779e+05  2.66039e+01  2.66039e+01
3.757998648e-01  2.6513566e+01         -inf  1.00779e+05  2.65136e+01  2.65136e+01
3.773030642e-01  2.6423609e+01         -inf  1.00779e+05  2.64236e+01  2.64236e+01
3.788122765e-01  2.6333650e+01         -inf  1.00779e+05  2.63336e+01  2.63336e+01
3.803275256e-01  2.6243690e+01         -inf  1.00779e+05  2.62437e+01  2.62437e+01
3.818488357e-01  2.6153111e+01         -inf  1.00779e+05  2.61531e+01  2.61531e+01
3.833762310e-01  2.6063413e+01         -inf  1.00779e+05  2.60634e+01  2.60634e+01
3.849097360e-01  2.5973361e+01         -inf  1.00779e+05  2.59734e+01  2.59734e+01
3.864493749e-01  2.5883396e+01         -inf  1.00779e+05  2.58834e+01  2.58834e+01
3.879951724e-01  2.5793254e+01         -inf  1.00779e+05  2.57933e+01  2.57933e+01
3.895471531e-01  2.5703110e+01         -inf  1.00779e+05  2.57031e+01  2.57031e+01
3.911053417e-01  2.5613229e+01         -inf  1.00779e+05  2.56132e+01  2.56132e+01
3.926697631e-01  2.5523524e+01         -inf  1.00779e+05  2.55235e+01  2.55235e+01
3.942404421e-01  2.5434258e+01         -inf  1.00779e+05  2.54343e+01  2.54343e+01
3.958174039e-01  2.5344638e+01         -inf  1.00779e+05  2.53446e+01  2.53446e+01
3.974006735e-01  2.5254488e+01         -inf  1.00779e+05  2.52545e+01  2.52545e+01
3.989902762e-01  2.5164072e+01         -inf  1.00779e+05  2.51641e+01  2.51641e+01
4.005862373e-01  2.5074449e+01         -inf  1.00779e+05  2.50744e+01  2.50744e+01
4.021885823e-01  2.4985265e+01         -inf  1.00779e+05  2.49853e+01  2.49853e+01
4.037973366e-01  2.4894846e+01         -inf  1.00779e+05  2.48948e+01  2.48948e+01
4.054125259e-01  2.4804248e+01         -inf  1.00779e+05  2.48042e+01  2.48042e+01
4.070341760e-01  2.4716208e+01         -inf  1.00779e+05  2.47162e+01  2.47162e+01
4.086623127e-01  2.4629578e+01         -inf  1.00779e+05  2.46296e+01  2.46296e+01
4.102969620e-01  2.4540565e+01         -inf  1.00779e+05  2.45406e+01  2.45406e+01
4.119381498e-01  2.4448727e+01         -inf  1.00779e+05  2.44487e+01  2.44487e+01
4.135859024e-01  2.4356889e+01         -inf  1.00779e+05  2.43569e+01  2.43569e+01
4.152402460e-01  2.4269107e+01         -inf  1.00779e+05  2.42691e+01  2.42691e+01
4.169012070e-01  2.4182824e+01         -inf  1.00779e+05  2.41828e+01  2.41828e+01
4.185688119e-01  2.4092922e+01         -inf  1.00779e+05  2.40929e+01  2.40929e+01
4.202430871e-01  2.4002137e+01         -inf  1.00779e+05  2.40021e+01  2.40021e+01
4.219240595e-01  2.3916821e+01         -inf  1.00779e+05  2.39168e+01  2.39168e+01
4.236117557e-01  2.3836533e+01         -inf  1.00779e+05  2.38365e+01  2.38365e+01
4.253062027e-01  2.3754038e+01         -inf  1.00779e+05  2.37540e+01  2.37540e+01
4.270074275e-01  2.3662101e+01         -inf  1.00779e+05  2.36621e+01  2.36621e+01
4.287154572e-01  2.3566104e+01         -inf  1.00779e+05  2.35661e+01  2.35661e+01
4.304303191e-01  2.3476812e+01         -inf  1.00779e+05  2.34768e+01  2.34768e+01
4.321520403e-01  2.3396783e+01         -inf  1.00779e+05  2.33968e+01  2.33968e+01
4.338806485e-01  2.3311547e+01         -inf  1.00779e+05  2.33115e+01  2.33115e+01
4.356161711e-01  2.3218634e+01         -inf  1.00779e+05  2.32186e+01  2.32186e+01
4.373586358e-01  2.3133307e+01         -inf  1.00779e+05  2.31333e+01  2.31333e+01
4.391080703e-01  2.3063775e+01         -inf  1.00779e+05  2.30638e+01  2.30638e+01
4.408645026e-01  2.2998124e+01         -inf  1.00779e+05  2.29981e+01  2.29981e+01
4.426279606e-01  2.2924090e+01         -inf  1.00779e+05  2.29241e+01  2.29241e+01
4.443984725e-01  2.2829759e+01         -inf  1.00779e+05  2.28298e+01  2.28298e+01
4.461760664e-01  2.2724043e+01         -inf  1.00779e+05  2.27240e+01  2.27240e+01
4.479607706e-01  2.2636504e+01         -inf  1.00779e+05  2.26365e+01  2.26365e+01
4.497526137e-01  2.2569702e+01         -inf  1.00779e+05  2.25697e+01  2.25697e+01
4.515516242e-01  2.2489485e+01         -inf  1.00779e+05  2.24895e+01  2.24895e+01
4.533578307e-01  2.2392853e+01         -inf  1.00779e+05  2.23929e+01  2.23929e+01
4.551712620e-01  2.2311664e+01         -inf  1.00779e+05  2.23117e+01  2.23117e+01
4.569919470e-01  2.2260920e+01         -inf  1.00779e+05  2.22609e+01  2.22609e+01
4.588199148e-01  2.2223413e+01         -inf  1.00779e+05  2.22234e+01  2.22234e+01
4.606551945e-01  2.2181229e+01         -inf  1.00779e+05  2.21812e+01  2.21812e+01
4.624978152e-01  2.2098802e+01         -inf  1.00779e+05  2.20988e+01  2.20988e+01
4.643478065e-01  2.1974982e+01         -inf  1.00779e+05  2.19750e+01  2.19750e+01
4.662051977e-01  2.1863868e+01         -inf  1.00779e+05  2.18639e+01  2.18639e+01
4.680700185e-01  2.1798823e+01         -inf  1.00779e+05  2.17988e+01  2.17988e+01
4.699422986e-01  2.1743045e+01         -inf  1.00779e+05  2.17430e+01  2.17430e+01
4.718220678e-01  2.1657258e+01         -inf  1.00779e+05  2.16573e+01  2.16573e+01
4.737093561e-01  2.1572529e+01         -inf  1.00779e+05  2.15725e+01  2.15725e+01
4.756041935e-01  2.1526634e+01         -inf  1.00779e+05  2.15266e+01  2.15266e+01
4.775066103e-01  2.1524074e+01         -inf  1.00779e+05  2.15241e+01  2.15241e+01
4.794166367e-01  2.1538902e+01         -inf  1.00779e+05  2.15389e+01  2.15389e+01
4.813343033e-01  2.1536872e+01         -inf  1.00779e+05  2.15369e+01  2.15369e+01
4.832596405e-01  2.1462821e+01         -inf  1.00779e+05  2.14628e+01  2.14628e+01
4.851926790e-01  2.1324425e+01         -inf  1.00779e+05  2.13244e+01  2.13244e+01
4.871334497e-01  2.1198826e+01         -inf  1.00779e+05  2.11988e+01  2.11988e+01
4.890819835e-01  2.1135892e+01         -inf  1.00779e+05  2.11359e+01  2.11359e+01
4.910383115e-01  2.1098114e+01         -inf  1.00779e+05  2.10981e+01  2.10981e+01
4.930024647e-01  2.1031826e+01         -inf  1.00779e+05  2.10318e+01  2.10318e+01
4.949744746e-01  2.0959535e+01         -inf  1.00779e+05  2.09595e+01  2.09595e+01
4.969543725e-01  2.0930759e+01         -inf  1.00779e+05  2.09308e+01  2.09308e+01
4.989421900e-01  2.0962624e+01         -inf  1.00779e+05  2.09626e+01  2.09626e+01
5.009379587e-01  2.1034386e+01         -inf  1.00779e+05  2.10344e+01  2.10344e+01
5.029417106e-01  2.1110472e+01         -inf  1.00779e+05  2.11105e+01  2.11105e+01
5.049534774e-01  2.1129008e+01         -inf  1.00779e+05  2.11290e+01  2.11290e+01
5.069732913e-01  2.1050362e+01         -inf  1.00779e+05  2.10504e+01  2.10504e+01
5.090011845e-01  2.0912664e+01         -inf  1.00779e+05  2.09127e+01  2.09127e+01
5.110371892e-01  2.0798796e+01         -inf  1.00779e+05  2.07988e+01  2.07988e+01
5.130813380e-01  2.0748923e+01         -inf  1.00779e+05  2.07489e+01  2.07489e+01
5.151336633e-01  2.0731357e+01         -inf  1.00779e+05  2.07314e+01  2.07314e+01
5.171941980e-01  2.0705317e+01         -inf  1.00779e+05  2.07053e+01  2.07053e+01
5.192629748e-01  2.0676188e+01         -inf  1.00779e+05  2.06762e+01  2.06762e+01
5.213400267e-01  2.0672921e+01         -inf  1.00779e+05  2.06729e+01  2.06729e+01
5.234253868e-01  2.0716439e+01         -inf  1.00779e+05  2.07164e+01  2.07164e+01
5.255190883e-01  2.0799238e+01         -inf  1.00779e+05  2.07992e+01  2.07992e+01
5.276211647e-01  2.0897305e+01         -inf  1.00779e+05  2.08973e+01  2.08973e+01
5.297316493e-01  2.0981690e+01         -inf  1.00779e+05  2.09817e+01  2.09817e+01
5.318505759e-01  2.1021234e+01         -inf  1.00779e+05  2.10212e+01  2.10212e+01
5.339779782e-01  2.0992988e+01         -inf  1.00779e+05  2.09930e+01  2.09930e+01
5.361138902e-01  2.0909133e+01         -inf  1.00779e+05  2.09091e+01  2.09091e+01
5.382583457e-01  2.0837459e+01         -inf  1.00779e+05  2.08375e+01  2.08375e+01
5.404113791e-01  2.0828014e+01         -inf  1.00779e+05  2.08280e+01  2.08280e+01
5.425730246e-01  2.0859967e+01         -inf  1.00779e+05  2.08600e+01  2.08600e+01
5.447433167e-01  2.0885212e+01         -inf  1.00779e+05  2.08852e+01  2.08852e+01
5.469222900e-01  2.0880799e+01         -inf  1.00779e+05  2.08808e+01  2.08808e+01
5.491099791e-01  2.0858555e+01         -inf  1.00779e+05  2.08586e+01  2.08586e+01
5.513064191e-01  2.0837812e+01         -inf  1.00779e+05  2.08378e+01  2.08378e+01
5.535116447e-01  2.0830132e+01         -inf  1.00779e+05  2.08301e+01  2.08301e+01
5.557256913e-01  2.0850081e+01         -inf  1.00779e+05  2.08501e+01  2.08501e+01
5.579485941e-01  2.0915489e+01         -inf  1.00779e+05  2.09155e+01  2.09155e+01
5.601803884e-01  2.1022028e+01         -inf  1.00779e+05  2.10220e+01  2.10220e+01
5.624211100e-01  2.1131302e+01         -inf  1.00779e+05  2.11313e+01  2.11313e+01
5.646707944e-01  2.1207564e+01         -inf  1.00779e+05  2.12076e+01  2.12076e+01
5.669294776e-01  2.1252490e+01         -inf  1.00779e+05  2.12525e+01  2.12525e+01
5.691971955e-01  2.1289738e+01         -inf  1.00779e+05  2.12897e+01  2.12897e+01
5.714739843e-01  2.1325396e+01         -inf  1.00779e+05  2.13254e+01  2.13254e+01
5.737598803e-01  2.1318688e+01         -inf  1.00779e+05  2.13187e+01  2.13187e+01
5.760549198e-01  2.1235014e+01         -inf  1.00779e+05  2.12350e+01  2.12350e+01
5.783591395e-01  2.1092818e+01         -inf  1.00779e+05  2.10928e+01  2.10928e+01
5.806725760e-01  2.0930671e+01         -inf  1.00779e+05  2.09307e+01  2.09307e+01
5.829952663e-01  2.0780789e+01         -inf  1.00779e+05  2.07808e+01  2.07808e+01
5.853272474e-01  2.0660122e+01         -inf  1.00779e+05  2.06601e+01  2.06601e+01
5.876685564e-01  2.0575292e+01         -inf  1.00779e+05  2.05753e+01  2.05753e+01
5.900192306e-01  2.0534244e+01         -inf  1.00779e+05  2.05342e+01  2.05342e+01
5.923793075e-01  2.0559403e+01         -inf  1.00779e+05  2.05594e+01  2.05594e+01
5.947488247e-01  2.0657915e+01         -inf  1.00779e+05  2.06579e+01  2.06579e+01
5.971278200e-01  2.0781584e+01         -inf  1.00779e+05  2.07816e+01  2.07816e+01
5.995163313e-01  2.0872766e+01         -inf  1.00779e+05  2.08728e+01  2.08728e+01
6.019143966e-01  2.0878504e+01         -inf  1.00779e+05  2.08785e+01  2.08785e+01
6.043220542e-01  2.0782554e+01         -inf  1.00779e+05  2.07826e+01  2.07826e+01
6.067393425e-01  2.0599567e+01         -inf  1.00779e+05  2.05996e+01  2.05996e+01
6.091662998e-01  2.0357871e+01         -inf  1.00779e+05  2.03579e+01  2.03579e+01
6.116029650e-01  2.0097362e+01         -inf  1.00779e+05  2.00974e+01  2.00974e+01
6.140493769e-01  1.9845847e+01         -inf  1.00779e+05  1.98458e+01  1.98458e+01
6.165055744e-01  1.9613923e+01         -inf  1.00779e+05  1.96139e+01  1.96139e+01
6.189715967e-01  1.9405387e+01         -inf  1.00779e+05  1.94054e+01  1.94054e+01
6.214474831e-01  1.9218564e+01         -inf  1.00779e+05  1.92186e+01  1.92186e+01
6.239332730e-01  1.9040919e+01         -inf  1.00779e+05  1.90409e+01  1.90409e+01
6.264290061e-01  1.8857087e+01         -inf  1.00779e+05  1.88571e+01  1.88571e+01
6.289347221e-01  1.8661684e+01         -inf  1.00779e+05  1.86617e+01  1.86617e+01
6.314504610e-01  1.8456826e+01         -inf  1.00779e+05  1.84568e+01  1.84568e+01
6.339762629e-01  1.8249401e+01         -inf  1.00779e+05  1.82494e+01  1.82494e+01
6.365121679e-01  1.8023866e+01         -inf  1.00779e+05  1.80239e+01  1.80239e+01
6.390582166e-01  1.7791347e+01         -inf  1.00779e+05  1.77913e+01  1.77913e+01
6.416144494e-01  1.7556612e+01         -inf  1.00779e+05  1.75566e+01  1.75566e+01
6.441809072e-01  1.7343418e+01         -inf  1.00779e+05  1.73434e+01  1.73434e+01
6.467576309e-01  1.7140726e+01         -inf  1.00779e+05  1.71407e+01  1.71407e+01
6.493446614e-01  1.6945095e+01         -inf  1.00779e+05  1.69451e+01  1.69451e+01
6.519420400e-01  1.6760145e+01         -inf  1.00779e+05  1.67601e+01  1.67601e+01
6.545498082e-01  1.6568035e+01         -inf  1.00779e+05  1.65680e+01  1.65680e+01
6.571680074e-01  1.6373711e+01         -inf  1.00779e+05  1.63737e+01  1.63737e+01
6.597966795e-01  1.6185387e+01         -inf  1.00779e+05  1.61854e+01  1.61854e+01
6.624358662e-01  1.6003242e+01         -inf  1.00779e+05  1.60032e+01  1.60032e+01
6.650856096e-01  1.5810138e+01         -inf  1.00779e+05  1.58101e+01  1.58101e+01
6.677459521e-01  1.5604219e+01         -inf  1.00779e+05  1.56042e+01  1.56042e+01
6.704169359e-01  1.5400325e+01         -inf  1.00779e+05  1.54003e+01  1.54003e+01
6.730986036e-01  1.5204023e+01         -inf  1.00779e+05  1.52040e+01  1.52040e+01
6.757909981e-01  1.5018582e+01         -inf  1.00779e+05  1.50186e+01  1.50186e+01
6.784941620e-01  1.4839585e+01         -inf  1.00779e+05  1.48396e+01  1.48396e+01
6.812081387e-01  1.4680285e+01         -inf  1.00779e+05  1.46803e+01  1.46803e+01
6.839329712e-01  1.4542983e+01         -inf  1.00779e+05  1.45430e+01  1.45430e+01
6.866687031e-01  1.4437044e+01         -inf  1.00779e+05  1.44370e+01  1.44370e+01
6.894153779e-01  1.4270048e+01         -inf  1.00779e+05  1.42700e+01  1.42700e+01
6.921730395e-01  1.4049500e+01         -inf  1.00779e+05  1.40495e+01  1.40495e+01
6.949417316e-01  1.3867737e+01         -inf  1.00779e+05  1.38677e+01  1.38677e+01
6.977214985e-01  1.3700550e+01         -inf  1.00779e+05  1.37005e+01  1.37005e+01
7.005123845e-01  1.3546613e+01         -inf  1.00779e+05  1.35466e+01  1.35466e+01
7.033144341e-01  1.3412026e+01         -inf  1.00779e+05  1.34120e+01  1.34120e+01
7.061276918e-01  1.3292018e+01         -inf  1.00779e+05  1.32920e+01  1.32920e+01
7.089522026e-01  1.3179961e+01         -inf  1.00779e+05  1.31800e+01  1.31800e+01
7.117880114e-01  1.3077447e+01         -inf  1.00779e+05  1.30774e+01  1.30774e+01
7.146351634e-01  1.2994904e+01         -inf  1.00779e+05  1.29949e+01  1.29949e+01
7.174937041e-01  1.2893447e+01         -inf  1.00779e+05  1.28934e+01  1.28934e+01
7.203636789e-01  1.2742320e+01         -inf  1.00779e+05  1.27423e+01  1.27423e+01
7.232451336e-01  1.2596669e+01         -inf  1.00779e+05  1.25967e+01  1.25967e+01
7.261381142e-01  1.2478413e+01         -inf  1.00779e+05  1.24784e+01  1.24784e+01
7.290426666e-01  1.2349726e+01         -inf  1.00779e+05  1.23497e+01  1.23497e+01
7.319588373e-01  1.2231465e+01         -inf  1.00779e+05  1.22315e+01  1.22315e+01
7.348866726e-01  1.2139189e+01         -inf  1.00779e+05  1.21392e+01  1.21392e+01
7.378262193e-01  1.2058844e+01         -inf  1.00779e+05  1.20588e+01  1.20588e+01
7.407775242e-01  1.1987779e+01         -inf  1.00779e+05  1.19878e+01  1.19878e+01
7.437406343e-01  1.1939341e+01         -inf  1.00779e+05  1.19393e+01  1.19393e+01
7.467155968e-01  1.1898240e+01         -inf  1.00779e+05  1.18982e+01  1.18982e+01
7.497024592e-01  1.1803926e+01         -inf  1.00779e+05  1.18039e+01  1.18039e+01
7.527012690e-01  1.1643580e+01         -inf  1.00779e+05  1.16436e+01  1.16436e+01
7.557120741e-01  1.1493484e+01         -inf  1.00779e+05  1.14935e+01  1.14935e+01
7.587349224e-01  1.1502589e+01         -inf  1.00779e+05  1.15026e+01  1.15026e+01
7.617698621e-01  1.1886130e+01         -inf  1.00779e+05  1.18861e+01  1.18861e+01
7.648169416e-01  1.1521417e+01         -inf  1.00779e+05  1.15214e+01  1.15214e+01
7.678762093e-01  1.1167381e+01         -inf  1.00779e+05  1.11674e+01  1.11674e+01
7.709477142e-01  1.1068194e+01         -inf  1.00779e+05  1.10682e+01  1.10682e+01
7.740315050e-01  1.1039463e+01         -inf  1.00779e+05  1.10395e+01  1.10395e+01
7.771276310e-01  1.1033010e+01         -inf  1.00779e+05  1.10330e+01  1.10330e+01
7.802361416e-01  1.0984919e+01         -inf  1.00779e+05  1.09849e+01  1.09849e+01
7.833570861e-01  1.0864247e+01         -inf  1.00779e+05  1.08642e+01  1.08642e+01
7.864905145e-01  1.0722532e+01         -inf  1.00779e+05  1.07225e+01  1.07225e+01
7.896364765e-01  1.0611138e+01         -inf  1.00779e+05  1.06111e+01  1.06111e+01
7.927950224e-01  1.0509644e+01         -inf  1.00779e+05  1.05096e+01  1.05096e+01
7.959662025e-01  1.0416636e+01         -inf  1.00779e+05  1.04166e+01  1.04166e+01
7.991500673e-01  1.0338657e+01         -inf  1.00779e+05  1.03387e+01  1.03387e+01
8.023466676e-01  1.0267131e+01         -inf  1.00779e+05  1.02671e+01  1.02671e+01
8.055560543e-01  1.0209574e+01         -inf  1.00779e+05  1.02096e+01  1.02096e+01
8.087782785e-01  1.0181546e+01         -inf  1.00779e+05  1.01815e+01  1.01815e+01
8.120133916e-01  1.0168726e+01         -inf  1.00779e+05  1.01687e+01  1.01687e+01
8.152614452e-01  1.0152812e+01         -inf  1.00779e+05  1.01528e+01  1.01528e+01
8.185224910e-01  1.0095253e+01         -inf  1.00779e+05  1.00953e+01  1.00953e+01
8.217965809e-01  9.9758027e+00         -inf  1.00779e+05  9.97580e+00  9.97580e+00
8.250837672e-01  9.8360135e+00         -inf  1.00779e+05  9.83601e+00  9.83601e+00
8.283841023e-01  9.7210677e+00         -inf  1.00779e+05  9.72107e+00  9.72107e+00
8.316976387e-01  9.6292864e+00         -inf  1.00779e+05  9.62929e+00  9.62929e+00
8.350244293e-01  9.5542157e+00         -inf  1.00779e+05  9.55422e+00  9.55422e+00
8.383645270e-01  9.4941763e+00         -inf  1.00779e+05  9.49418e+00  9.49418e+00
8.417179851e-01  9.4414755e+00         -inf  1.00779e+05  9.44148e+00  9.44148e+00
8.450848570e-01  9.3985895e+00         -inf  1.00779e+05  9.39859e+00  9.39859e+00
8.484651965e-01  9.3755105e+00         -inf  1.00779e+05  9.37551e+00  9.37551e+00
8.518590573e-01  9.3819656e+00         -inf  1.00779e+05  9.38197e+00  9.38197e+00
8.552664935e-01  9.3406708e+00         -inf  1.00779e+05  9.34067e+00  9.34067e+00
8.586875595e-01  9.2523328e+00         -inf  1.00779e+05  9.25233e+00  9.25233e+00
8.621223097e-01  9.1526747e+00         -inf  1.00779e+05  9.15267e+00  9.15267e+00
8.655707989e-01  9.0501854e+00         -inf  1.00779e+05  9.05019e+00  9.05019e+00
8.690330821e-01  8.9758155e+00         -inf  1.00779e+05  8.97582e+00  8.97582e+00
8.725092145e-01  8.8965811e+00         -inf  1.00779e+05  8.89658e+00  8.89658e+00
8.759992513e-01  8.8331397e+00         -inf  1.00779e+05  8.83314e+00  8.83314e+00
8.795032483e-01  8.7917884e+00         -inf  1.00779e+05  8.79179e+00  8.79179e+00
8.830212613e-01  8.8026215e+00         -inf  1.00779e+05  8.80262e+00  8.80262e+00
8.865533464e-01  8.7694236e+00         -inf  1.00779e+05  8.76942e+00  8.76942e+00
8.900995597e-01  8.7111633e+00         -inf  1.00779e+05  8.71116e+00  8.71116e+00
8.936599580e-01  8.6461991e+00         -inf  1.00779e+05  8.64620e+00  8.64620e+00
8.972345978e-01  8.6191909e+00         -inf  1.00779e+05  8.61919e+00  8.61919e+00
9.008235362e-01  8.5632551e+00         -inf  1.00779e+05  8.56326e+00  8.56326e+00
9.044268304e-01  8.4725187e+00         -inf  1.00779e+05  8.47252e+00  8.47252e+00
9.080445377e-01  8.3938264e+00         -inf  1.00779e+05  8.39383e+00  8.39383e+00
9.116767158e-01  8.3294162e+00         -inf  1.00779e+05  8.32942e+00  8.32942e+00
9.153234227e-01  8.2712050e+00         -inf  1.00779e+05  8.27120e+00  8.27120e+00
9.189847164e-01  8.2152220e+00         -inf  1.00779e+05  8.21522e+00  8.21522e+00
9.226606552e-01  8.1681800e+00         -inf  1.00779e+05  8.16818e+00  8.16818e+00
9.263512979e-01  8.1272490e+00         -inf  1.00779e+05  8.12725e+00  8.12725e+00
9.300567031e-01  8.1131070e+00         -inf  1.00779e+05  8.11311e+00  8.11311e+00
9.337769299e-01  8.1644300e+00         -inf  1.00779e+05  8.16443e+00  8.16443e+00
9.375120376e-01  8.1780412e+00         -inf  1.00779e+05  8.17804e+00  8.17804e+00
9.412620857e-01  8.1338379e+00         -inf  1.00779e+05  8.13384e+00  8.13384e+00
9.450271341e-01  8.0995753e+00         -inf  1.00779e+05  8.09958e+00  8.09958e+00
9.488072426e-01  8.0066390e+00         -inf  1.00779e+05  8.00664e+00  8.00664e+00
9.526024716e-01  7.9026900e+00         -inf  1.00779e+05  7.90269e+00  7.90269e+00
9.564128815e-01  7.8136514e+00         -inf  1.00779e+05  7.81365e+00  7.81365e+00
9.602385330e-01  7.7504029e+00         -inf  1.00779e+05  7.75040e+00  7.75040e+00
9.640794871e-01  7.7038263e+00         -inf  1.00779e+05  7.70383e+00  7.70383e+00
9.679358051e-01  7.6535434e+00         -inf  1.00779e+05  7.65354e+00  7.65354e+00
9.718075483e-01  7.6132991e+00         -inf  1.00779e+05  7.61330e+00  7.61330e+00
9.756947785e-01  7.5673672e+00         -inf  1.00779e+05  7.56737e+00  7.56737e+00
9.795975576e-01  7.5253533e+00         -inf  1.00779e+05  7.52535e+00  7.52535e+00
9.835159478e-01  7.4836842e+00         -inf  1.00779e+05  7.48368e+00  7.48368e+00
9.874500116e-01  7.4570780e+00         -inf  1.00779e+05  7.45708e+00  7.45708e+00
9.913998117e-01  7.4587055e+00         -inf  1.00779e+05  7.45871e+00  7.45871e+00
9.953654109e-01  7.4059263e+00         -inf  1.00779e+05  7.40593e+00  7.40593e+00
9.993468726e-01  7.3460705e+00         -inf  1.00779e+05  7.34607e+00  7.34607e+00
1.003344260e+00  7.2999510e+00         -inf  1.00779e+05  7.29995e+00  7.29995e+00
1.007357637e+00  7.2600052e+00         -inf  1.00779e+05  7.26001e+00  7.26001e+00
1.011387068e+00  7.2232082e+00         -inf  1.00779e+05  7.22321e+00  7.22321e+00
1.015432616e+00  7.1841730e+00         -inf  1.00779e+05  7.18417e+00  7.18417e+00
1.019494346e+00  7.1432801e+00         -inf  1.00779e+05  7.14328e+00  7.14328e+00
1.023572324e+00  7.1039791e+00         -inf  1.00779e+05  7.10398e+00  7.10398e+00
1.027666613e+00  7.0666770e+00         -inf  1.00779e+05  7.06668e+00  7.06668e+00
1.031777280e+00  7.0291004e+00         -inf  1.00779e+05  7.02910e+00  7.02910e+00
1.035904389e+00  7.0124705e+00         -inf  1.00779e+05  7.01247e+00  7.01247e+00
1.040048006e+00  6.9988568e+00         -inf  1.00779e+05  6.99886e+00  6.99886e+00
1.044208198e+00  6.9340082e+00         -inf  1.00779e+05  6.93401e+00  6.93401e+00
1.048385031e+00  6.9520802e+00         -inf  1.00779e+05  6.95208e+00  6.95208e+00
1.052578571e+00  6.9719126e+00         -inf  1.00779e+05  6.97191e+00  6.97191e+00
1.056788885e+00  6.8415241e+00         -inf  1.00779e+05  6.84152e+00  6.84152e+00
1.061016041e+00  6.8036632e+00         -inf  1.00779e+05  6.80366e+00  6.80366e+00
1.065260105e+00  6.7921191e+00         -inf  1.00779e+05  6.79212e+00  6.79212e+00
1.069521146e+00  6.7431295e+00         -inf  1.00779e+05  6.74313e+00  6.74313e+00
1.073799230e+00  6.7079838e+00         -inf  1.00779e+05  6.70798e+00  6.70798e+00
1.078094427e+00  6.6773848e+00         -inf  1.00779e+05  6.67738e+00  6.67738e+00
1.082406805e+00  6.6475111e+00         -inf  1.00779e+05  6.64751e+00  6.64751e+00
1.086736432e+00  6.6197339e+00         -inf  1.00779e+05  6.61973e+00  6.61973e+00
1.091083378e+00  6.5966539e+00         -inf  1.00779e+05  6.59665e+00  6.59665e+00
1.095447711e+00  6.5754404e+00         -inf  1.00779e+05  6.57544e+00  6.57544e+00
1.099829502e+00  6.5515375e+00         -inf  1.00779e+05  6.55154e+00  6.55154e+00
1.104228820e+00  6.5262280e+00         -inf  1.00779e+05  6.52623e+00  6.52623e+00
1.108645735e+00  6.5187439e+00         -inf  1.00779e+05  6.51874e+00  6.51874e+00
1.113080318e+00  6.5672840e+00         -inf  1.00779e+05  6.56728e+00  6.56728e+00
1.117532640e+00  6.6696798e+00         -inf  1.00779e+05  6.66968e+00  6.66968e+00
1.122002770e+00  6.9043834e+00         -inf  1.00779e+05  6.90438e+00  6.90438e+00
1.126490781e+00  7.1325858e+00         -inf  1.00779e+05  7.13259e+00  7.13259e+00
1.130996744e+00  7.0864824e+00         -inf  1.00779e+05  7.08648e+00  7.08648e+00
1.135520731e+00  7.1018208e+00         -inf  1.00779e+05  7.10182e+00  7.10182e+00
1.140062814e+00  6.8157557e+00         -inf  1.00779e+05  6.81576e+00  6.81576e+00
1.144623065e+00  6.7728435e+00         -inf  1.00779e+05  6.77284e+00  6.77284e+00
1.149201558e+00  6.8454606e+00         -inf  1.00779e+05  6.84546e+00  6.84546e+00
1.153798364e+00  7.0505513e+00         -inf  1.00779e+05  7.05055e+00  7.05055e+00
1.158413557e+00  6.8400380e+00         -inf  1.00779e+05  6.84004e+00  6.84004e+00
1.163047212e+00  7.0564691e+00         -inf  1.00779e+05  7.05647e+00  7.05647e+00
1.167699401e+00  6.7687036e+00         -inf  1.00779e+05  6.76870e+00  6.76870e+00
1.172370198e+00  6.5726715e+00         -inf  1.00779e+05  6.57267e+00  6.57267e+00
1.177059679e+00  6.4076850e+00         -inf  1.00779e+05  6.40768e+00  6.40768e+00
1.181767918e+00  6.3193602e+00         -inf  1.00779e+05  6.31936e+00  6.31936e+00
1.186494989e+00  6.2641124e+00         -inf  1.00779e+05  6.26411e+00  6.26411e+00
1.191240969e+00  6.2077406e+00         -inf  1.00779e+05  6.20774e+00  6.20774e+00
1.196005933e+00  6.1140606e+00         -inf  1.00779e+05  6.11406e+00  6.11406e+00
1.200789957e+00  6.2887771e+00         -inf  1.00779e+05  6.28878e+00  6.28878e+00
1.205593117e+00  7.4552117e+00         -inf  1.00779e+05  7.45521e+00  7.45521e+00
1.210415489e+00  6.6432561e+00         -inf  1.00779e+05  6.64326e+00  6.64326e+00
1.215257151e+00  6.1454762e+00         -inf  1.00779e+05  6.14548e+00  6.14548e+00
1.220118180e+00  7.1093484e+00         -inf  1.00779e+05  7.10935e+00  7.10935e+00
1.224998652e+00  6.4570929e+00         -inf  1.00779e+05  6.45709e+00  6.45709e+00
1.229898647e+00  5.9973327e+00         -inf  1.00779e+05  5.99733e+00  5.99733e+00
1.234818242e+00  5.9470454e+00         -inf  1.00779e+05  5.94705e+00  5.94705e+00
1.239757515e+00  5.8809034e+00         -inf  1.00779e+05  5.88090e+00  5.88090e+00
1.244716545e+00  5.8320750e+00         -inf  1.00779e+05  5.83208e+00  5.83208e+00
1.249695411e+00  5.8174326e+00         -inf  1.00779e+05  5.81743e+00  5.81743e+00
1.254694192e+00  5.8075590e+00         -inf  1.00779e+05  5.80756e+00  5.80756e+00
1.259712969e+00  5.8006403e+00         -inf  1.00779e+05  5.80064e+00  5.80064e+00
1.264751821e+00  5.8239620e+00         -inf  1.00779e+05  5.82396e+00  5.82396e+00
1.269810828e+00  5.8247936e+00         -inf  1.00779e+05  5.82479e+00  5.82479e+00
1.274890072e+00  5.7391329e+00         -inf  1.00779e+05  5.73913e+00  5.73913e+00
1.279989632e+00  5.7101573e+00         -inf  1.00779e+05  5.71016e+00  5.71016e+00
1.285109591e+00  5.6994076e+00         -inf  1.00779e+05  5.69941e+00  5.69941e+00
1.290250029e+00  5.8224137e+00         -inf  1.00779e+05  5.82241e+00  5.82241e+00
1.295411029e+00  5.7987735e+00         -inf  1.00779e+05  5.79877e+00  5.79877e+00
1.300592673e+00  5.6592573e+00         -inf  1.00779e+05  5.65926e+00  5.65926e+00
1.305795044e+00  5.6529048e+00         -inf  1.00779e+05  5.65290e+00  5.65290e+00
1.311018224e+00  5.7794684e+00         -inf  1.00779e+05  5.77947e+00  5.77947e+00
1.316262297e+00  6.2465692e+00         -inf  1.00779e+05  6.24657e+00  6.24657e+00
1.321527346e+00  6.1544735e+00         -inf  1.00779e+05  6.15447e+00  6.15447e+00
1.326813455e+00  5.8618817e+00         -inf  1.00779e+05  5.86188e+00  5.86188e+00
1.332120709e+00  6.5796247e+00         -inf  1.00779e+05  6.57962e+00  6.57962e+00
1.337449192e+00  6.2464808e+00         -inf  1.00779e+05  6.24648e+00  6.24648e+00
1.342798989e+00  6.6029171e+00         -inf  1.00779e+05  6.60292e+00  6.60292e+00
1.348170185e+00  6.8002309e+00         -inf  1.00779e+05  6.80023e+00  6.80023e+00
1.353562866e+00  7.6438848e+00         -inf  1.00779e+05  7.64388e+00  7.64388e+00
1.358977117e+00  8.5623088e+00         -inf  1.00779e+05  8.56231e+00  8.56231e+00
1.364413026e+00  8.9274437e+00         -inf  1.00779e+05  8.92744e+00  8.92744e+00
1.369870678e+00  8.8782756e+00         -inf  1.00779e+05  8.87828e+00  8.87828e+00
1.375350160e+00  8.7862348e+00         -inf  1.00779e+05  8.78623e+00  8.78623e+00
1.380851561e+00  8.7798765e+00         -inf  1.00779e+05  8.77988e+00  8.77988e+00
1.386374967e+00  8.7397364e+00         -inf  1.00779e+05  8.73974e+00  8.73974e+00
1.391920467e+00  8.6543086e+00         -inf  1.00779e+05  8.65431e+00  8.65431e+00
1.397488149e+00  8.5595584e+00         -inf  1.00779e+05  8.55956e+00  8.55956e+00
1.403078102e+00  8.3018230e+00         -inf  1.00779e+05  8.30182e+00  8.30182e+00
1.408690414e+00  7.7617242e+00         -inf  1.00779e+05  7.76172e+00  7.76172e+00
1.414325176e+00  6.8645502e+00         -inf  1.00779e+05  6.86455e+00  6.86455e+00
1.419982476e+00  6.3097616e+00         -inf  1.00779e+05  6.30976e+00  6.30976e+00
1.425662406e+00  6.1170332e+00         -inf  1.00779e+05  6.11703e+00  6.11703e+00
1.431365056e+00  1.1293174e+01         -inf  1.00779e+05  1.12932e+01  1.12932e+01
1.437090516e+00  1.1171094e+01         -inf  1.00779e+05  1.11711e+01  1.11711e+01
1.442838878e+00  8.8915404e+00         -inf  1.00779e+05  8.89154e+00  8.89154e+00
1.448610234e+00  6.8166934e+00         -inf  1.00779e+05  6.81669e+00  6.81669e+00
1.454404675e+00  5.8975097e+00         -inf  1.00779e+05  5.89751e+00  5.89751e+00
1.460222293e+00  5.7135902e+00         -inf  1.00779e+05  5.71359e+00  5.71359e+00
1.466063182e+00  5.6950988e+00         -inf  1.00779e+05  5.69510e+00  5.69510e+00
1.471927435e+00  6.3366201e+00         -inf  1.00779e+05  6.33662e+00  6.33662e+00
1.477815145e+00  6.1152284e+00         -inf  1.00779e+05  6.11523e+00  6.11523e+00
1.483726405e+00  5.5848398e+00         -inf  1.00779e+05  5.58484e+00  5.58484e+00
1.489661311e+00  5.3584235e+00         -inf  1.00779e+05  5.35842e+00  5.35842e+00
1.495619956e+00  5.4682705e+00         -inf  1.00779e+05  5.46827e+00  5.46827e+00
1.501602436e+00  5.3246329e+00         -inf  1.00779e+05  5.32463e+00  5.32463e+00
1.507608846e+00  5.2069882e+00         -inf  1.00779e+05  5.20699e+00  5.20699e+00
1.513639281e+00  5.2046080e+00         -inf  1.00779e+05  5.20461e+00  5.20461e+00
1.519693838e+00  5.2291087e+00         -inf  1.00779e+05  5.22911e+00  5.22911e+00
1.525772614e+00  5.4030526e+00         -inf  1.00779e+05  5.40305e+00  5.40305e+00
1.531875704e+00  6.0855114e+00         -inf  1.00779e+05  6.08551e+00  6.08551e+00
1.538003207e+00  6.4175843e+00         -inf  1.00779e+05  6.41758e+00  6.41758e+00
1.544155220e+00  5.8401084e+00         -inf  1.00779e+05  5.84011e+00  5.84011e+00
1.550331841e+00  5.1550756e+00         -inf  1.00779e+05  5.15508e+00  5.15508e+00
1.556533168e+00  5.1289377e+00         -inf  1.00779e+05  5.12894e+00  5.12894e+00
1.562759301e+00  5.1506780e+00         -inf  1.00779e+05  5.15068e+00  5.15068e+00
1.569010338e+00  7.6938052e+00         -inf  1.00779e+05  7.69381e+00  7.69381e+00
1.575286379e+00  9.4431556e+00         -inf  1.00779e+05  9.44316e+00  9.44316e+00
1.581587525e+00  7.7220024e+00         -inf  1.00779e+05  7.72200e+00  7.72200e+00
1.587913875e+00  5.3952930e+00         -inf  1.00779e+05  5.39529e+00  5.39529e+00
1.594265530e+00  5.3095116e+00         -inf  1.00779e+05  5.30951e+00  5.30951e+00
1.600642593e+00  9.0715854e+00         -inf  1.00779e+05  9.07159e+00  9.07159e+00
1.607045163e+00  9.2308450e+00         -inf  1.00779e+05  9.23084e+00  9.23084e+00
1.613473344e+00  7.4727162e+00         -inf  1.00779e+05  7.47272e+00  7.47272e+00
1.619927237e+00  5.7109978e+00         -inf  1.00779e+05  5.71100e+00  5.71100e+00
1.626406946e+00  5.7302058e+00         -inf  1.00779e+05  5.73021e+00  5.73021e+00
1.632912574e+00  6.2837257e+00         -inf  1.00779e+05  6.28373e+00  6.28373e+00
1.639444224e+00  6.7248003e+00         -inf  1.00779e+05  6.72480e+00  6.72480e+00
1.646002001e+00  6.8969351e+00         -inf  1.00779e+05  6.89694e+00  6.89694e+00
1.652586009e+00  6.7763643e+00         -inf  1.00779e+05  6.77636e+00  6.77636e+00
1.659196353e+00  5.8871761e+00         -inf  1.00779e+05  5.88718e+00  5.88718e+00
1.665833138e+00  7.9847226e+00         -inf  1.00779e+05  7.98472e+00  7.98472e+00
1.672496471e+00  5.8877954e+00         -inf  1.00779e+05  5.88780e+00  5.88780e+00
1.679186457e+00  5.8935727e+00         -inf  1.00779e+05  5.89357e+00  5.89357e+00
1.685903203e+00  6.0330661e+00         -inf  1.00779e+05  6.03307e+00  6.03307e+00
1.692646815e+00  6.2966684e+00         -inf  1.00779e+05  6.29667e+00  6.29667e+00
1.699417403e+00  6.5744673e+00         -inf  1.00779e+05  6.57447e+00  6.57447e+00
1.706215072e+00  7.8603953e+00         -inf  1.00779e+05  7.86040e+00  7.86040e+00
1.713039933e+00  6.5476186e+00         -inf  1.00779e+05  6.54762e+00  6.54762e+00
1.719892092e+00  6.3302593e+00         -inf  1.00779e+05  6.33026e+00  6.33026e+00
1.726771661e+00  7.3702446e+00         -inf  1.00779e+05  7.37024e+00  7.37024e+00
1.733678747e+00  6.3710778e+00         -inf  1.00779e+05  6.37108e+00  6.37108e+00
1.740613462e+00  5.9272453e+00         -inf  1.00779e+05  5.92725e+00  5.92725e+00
1.747575916e+00  5.6471184e+00         -inf  1.00779e+05  5.64712e+00  5.64712e+00
1.754566220e+00  5.5389732e+00         -inf  1.00779e+05  5.53897e+00  5.53897e+00
1.761584485e+00  5.5841143e+00         -inf  1.00779e+05  5.58411e+00  5.58411e+00
1.768630823e+00  6.1123355e+00         -inf  1.00779e+05  6.11234e+00  6.11234e+00
1.775705346e+00  6.5355786e+00         -inf  1.00779e+05  6.53558e+00  6.53558e+00
1.782808167e+00  5.9749582e+00         -inf  1.00779e+05  5.97496e+00  5.97496e+00
1.789939400e+00  7.0279947e+00         -inf  1.00779e+05  7.02799e+00  7.02799e+00
1.797099158e+00  6.0183357e+00         -inf  1.00779e+05  6.01834e+00  6.01834e+00
1.804287554e+00  6.0951989e+00         -inf  1.00779e+05  6.09520e+00  6.09520e+00
1.811504704e+00  6.3880456e+00         -inf  1.00779e+05  6.38805e+00  6.38805e+00
1.818750723e+00  6.8646652e+00         -inf  1.00779e+05  6.86467e+00  6.86467e+00
1.826025726e+00  7.4786867e+00         -inf  1.00779e+05  7.47869e+00  7.47869e+00
1.833329829e+00  7.9987587e+00         -inf  1.00779e+05  7.99876e+00  7.99876e+00
1.840663148e+00  8.4038996e+00         -inf  1.00779e+05  8.40390e+00  8.40390e+00
1.848025801e+00  8.5792267e+00         -inf  1.00779e+05  8.57923e+00  8.57923e+00
1.855417904e+00  8.6146011e+00         -inf  1.00779e+05  8.61460e+00  8.61460e+00
1.862839576e+00  8.5527488e+00         -inf  1.00779e+05  8.55275e+00  8.55275e+00
1.870290934e+00  8.4884198e+00         -inf  1.00779e+05  8.48842e+00  8.48842e+00
1.877772098e+00  9.1176570e+00         -inf  1.00779e+05  9.11766e+00  9.11766e+00
1.885283186e+00  9.0334722e+00         -inf  1.00779e+05  9.03347e+00  9.03347e+00
1.892824319e+00  8.2695423e+00         -inf  1.00779e+05  8.26954e+00  8.26954e+00
1.900395616e+00  8.1477410e+00         -inf  1.00779e+05  8.14774e+00  8.14774e+00
1.907997199e+00  8.0373556e+00         -inf  1.00779e+05  8.03736e+00  8.03736e+00
1.915629188e+00  7.7493769e+00         -inf  1.00779e+05  7.74938e+00  7.74938e+00
1.923291704e+00  7.1453500e+00         -inf  1.00779e+05  7.14535e+00  7.14535e+00
1.930984871e+00  6.3419104e+00         -inf  1.00779e+05  6.34191e+00  6.34191e+00
1.938708811e+00  6.3827111e+00         -inf  1.00779e+05  6.38271e+00  6.38271e+00
1.946463646e+00  1.0793699e+01         -inf  1.00779e+05  1.07937e+01  1.07937e+01
1.954249500e+00  1.7646427e+01         -inf  1.00779e+05  1.76464e+01  1.76464e+01
1.962066498e+00  1.7043044e+01         -inf  1.00779e+05  1.70430e+01  1.70430e+01
1.969914764e+00  1.4709795e+01         -inf  1.00779e+05  1.47098e+01  1.47098e+01
1.977794423e+00  8.7093504e+00         -inf  1.00779e+05  8.70935e+00  8.70935e+00
1.985705601e+00  6.6512885e+00         -inf  1.00779e+05  6.65129e+00  6.65129e+00
1.993648424e+00  8.6473487e+00         -inf  1.00779e+05  8.64735e+00  8.64735e+00
2.001623017e+00  2.0366787e+01         -inf  1.00779e+05  2.03668e+01  2.03668e+01
2.009629509e+00  2.1279146e+01         -inf  1.00779e+05  2.12791e+01  2.12791e+01
2.017668027e+00  1.9194196e+01         -inf  1.00779e+05  1.91942e+01  1.91942e+01
2.025738699e+00  1.2625569e+01         -inf  1.00779e+05  1.26256e+01  1.26256e+01
2.033841654e+00  1.0750468e+01         -inf  1.00779e+05  1.07505e+01  1.07505e+01
2.041977021e+00  1.1254544e+01         -inf  1.00779e+05  1.12545e+01  1.12545e+01
2.050144929e+00  1.4983507e+01         -inf  1.00779e+05  1.49835e+01  1.49835e+01
2.058345509e+00  1.6068345e+01         -inf  1.00779e+05  1.60683e+01  1.60683e+01
2.066578891e+00  1.5529394e+01         -inf  1.00779e+05  1.55294e+01  1.55294e+01
2.074845206e+00  1.2288740e+01         -inf  1.00779e+05  1.22887e+01  1.22887e+01
2.083144587e+00  1.0385604e+01         -inf  1.00779e+05  1.03856e+01  1.03856e+01
2.091477165e+00  8.7382242e+00         -inf  1.00779e+05  8.73822e+00  8.73822e+00
2.099843074e+00  7.2914771e+00         -inf  1.00779e+05  7.29148e+00  7.29148e+00
2.108242446e+00  7.3832029e+00         -inf  1.00779e+05  7.38320e+00  7.38320e+00
2.116675416e+00  6.8134823e+00         -inf  1.00779e+05  6.81348e+00  6.81348e+00
2.125142118e+00  6.2207189e+00         -inf  1.00779e+05  6.22072e+00  6.22072e+00
2.133642686e+00  5.7703467e+00         -inf  1.00779e+05  5.77035e+00  5.77035e+00
2.142177257e+00  6.0807871e+00         -inf  1.00779e+05  6.08079e+00  6.08079e+00
2.150745966e+00  7.0686407e+00         -inf  1.00779e+05  7.06864e+00  7.06864e+00
2.159348950e+00  7.2551491e+00         -inf  1.00779e+05  7.25515e+00  7.25515e+00
2.167986346e+00  7.2214037e+00         -inf  1.00779e+05  7.22140e+00  7.22140e+00
2.176658291e+00  6.7885276e+00         -inf  1.00779e+05  6.78853e+00  6.78853e+00
2.185364924e+00  5.8582454e+00         -inf  1.00779e+05  5.85825e+00  5.85825e+00
2.194106384e+00  6.2393060e+00         -inf  1.00779e+05  6.23931e+00  6.23931e+00
2.202882810e+00  1.0411685e+01         -inf  1.00779e+05  1.04117e+01  1.04117e+01
2.211694341e+00  5.9693668e+00         -inf  1.00779e+05  5.96937e+00  5.96937e+00
2.220541118e+00  7.0173002e+00         -inf  1.00779e+05  7.01730e+00  7.01730e+00
2.229423283e+00  7.9891890e+00         -inf  1.00779e+05  7.98919e+00  7.98919e+00
2.238340976e+00  8.6693867e+00         -inf  1.00779e+05  8.66939e+00  8.66939e+00
2.247294340e+00  9.4558887e+00         -inf  1.00779e+05  9.45589e+00  9.45589e+00
2.256283517e+00  9.8861470e+00         -inf  1.00779e+05  9.88615e+00  9.88615e+00
2.265308651e+00  1.0284813e+01         -inf  1.00779e+05  1.02848e+01  1.02848e+01
2.274369886e+00  1.0783002e+01         -inf  1.00779e+05  1.07830e+01  1.07830e+01
2.283467365e+00  1.0789897e+01         -inf  1.00779e+05  1.07899e+01  1.07899e+01
2.292601235e+00  1.2124782e+01         -inf  1.00779e+05  1.21248e+01  1.21248e+01
2.301771640e+00  1.3452588e+01         -inf  1.00779e+05  1.34526e+01  1.34526e+01
2.310978726e+00  8.5688266e+00         -inf  1.00779e+05  8.56883e+00  8.56883e+00
2.320222641e+00  1.2728709e+01         -inf  1.00779e+05  1.27287e+01  1.27287e+01
2.329503532e+00  1.0855937e+01         -inf  1.00779e+05  1.08559e+01  1.08559e+01
2.338821546e+00  1.2589952e+01         -inf  1.00779e+05  1.25900e+01  1.25900e+01
2.348176832e+00  1.3252692e+01         -inf  1.00779e+05  1.32527e+01  1.32527e+01
2.357569539e+00  1.1152883e+01         -inf  1.00779e+05  1.11529e+01  1.11529e+01
2.366999817e+00  1.1513462e+01         -inf  1.00779e+05  1.15135e+01  1.15135e+01
2.376467817e+00  1.1916890e+01         -inf  1.00779e+05  1.19169e+01  1.19169e+01
2.385973688e+00  9.5806541e+00         -inf  1.00779e+05  9.58065e+00  9.58065e+00
2.395517583e+00  9.6965751e+00         -inf  1.00779e+05  9.69658e+00  9.69658e+00
2.405099653e+00  8.2269227e+00         -inf  1.00779e+05  8.22692e+00  8.22692e+00
2.414720052e+00  7.1096137e+00         -inf  1.00779e+05  7.10961e+00  7.10961e+00
2.424378932e+00  8.5075310e+00         -inf  1.00779e+05  8.50753e+00  8.50753e+00
2.434076448e+00  7.1255447e+00         -inf  1.00779e+05  7.12554e+00  7.12554e+00
2.443812753e+00  6.5162050e+00         -inf  1.00779e+05  6.51620e+00  6.51620e+00
2.453588004e+00  6.2576011e+00         -inf  1.00779e+05  6.25760e+00  6.25760e+00
2.463402356e+00  5.8975628e+00         -inf  1.00779e+05  5.89756e+00  5.89756e+00
2.473255966e+00  5.8251121e+00         -inf  1.00779e+05  5.82511e+00  5.82511e+00
2.483148990e+00  6.6919545e+00         -inf  1.00779e+05  6.69195e+00  6.69195e+00
2.493081586e+00  6.5449735e+00         -inf  1.00779e+05  6.54497e+00  6.54497e+00
2.503053912e+00  6.6075879e+00         -inf  1.00779e+05  6.60759e+00  6.60759e+00
2.513066128e+00  6.8265389e+00         -inf  1.00779e+05  6.82654e+00  6.82654e+00
2.523118392e+00  7.2044468e+00         -inf  1.00779e+05  7.20445e+00  7.20445e+00
2.533210866e+00  7.7826418e+00         -inf  1.00779e+05  7.78264e+00  7.78264e+00
2.543343709e+00  8.1912011e+00         -inf  1.00779e+05  8.19120e+00  8.19120e+00
2.553517084e+00  9.2410138e+00         -inf  1.00779e+05  9.24101e+00  9.24101e+00
2.563731152e+00  1.0507080e+01         -inf  1.00779e+05  1.05071e+01  1.05071e+01
2.573986077e+00  1.0764966e+01         -inf  1.00779e+05  1.07650e+01  1.07650e+01
2.584282021e+00  1.1375561e+01         -inf  1.00779e+05  1.13756e+01  1.13756e+01
2.594619149e+00  1.1799416e+01         -inf  1.00779e+05  1.17994e+01  1.17994e+01
2.604997626e+00  1.1605834e+01         -inf  1.00779e+05  1.16058e+01  1.16058e+01
2.615417616e+00  1.1624927e+01         -inf  1.00779e+05  1.16249e+01  1.16249e+01
2.625879287e+00  1.1122206e+01         -inf  1.00779e+05  1.11222e+01  1.11222e+01
2.636382804e+00  1.0812616e+01         -inf  1.00779e+05  1.08126e+01  1.08126e+01
2.646928335e+00  1.0767175e+01         -inf  1.00779e+05  1.07672e+01  1.07672e+01
2.657516049e+00  1.1746468e+01         -inf  1.00779e+05  1.17465e+01  1.17465e+01
2.668146113e+00  2.1374646e+01         -inf  1.00779e+05  2.13746e+01  2.13746e+01
2.678818697e+00  3.2336123e+01         -inf  1.00779e+05  3.23361e+01  3.23361e+01
2.689533972e+00  3.1843015e+01         -inf  1.00779e+05  3.18430e+01  3.18430e+01
2.700292108e+00  3.2559401e+01         -inf  1.00779e+05  3.25594e+01  3.25594e+01
2.711093276e+00  2.8801070e+01         -inf  1.00779e+05  2.88011e+01  2.88011e+01
2.721937650e+00  2.2697832e+01         -inf  1.00779e+05  2.26978e+01  2.26978e+01
2.732825400e+00  2.0933669e+01         -inf  1.00779e+05  2.09337e+01  2.09337e+01
2.743756702e+00  2.4998848e+01         -inf  1.00779e+05  2.49988e+01  2.49989e+01
2.754731729e+00  3.1108925e+01         -inf  1.00779e+05  3.11089e+01  3.11089e+01
2.765750655e+00  3.0411771e+01         -inf  1.00779e+05  3.04118e+01  3.04118e+01
2.776813658e+00  3.1714622e+01         -inf  1.00779e+05  3.17146e+01  3.17146e+01
2.787920913e+00  2.8949621e+01         -inf  1.00779e+05  2.89496e+01  2.89496e+01
2.799072596e+00  2.4858233e+01         -inf  1.00779e+05  2.48582e+01  2.48582e+01
2.810268887e+00  2.2494423e+01         -inf  1.00779e+05  2.24944e+01  2.24944e+01
2.821509962e+00  2.0207264e+01         -inf  1.00779e+05  2.02073e+01  2.02073e+01
2.832796002e+00  1.6959310e+01         -inf  1.00779e+05  1.69593e+01  1.69593e+01
2.844127186e+00  1.7326191e+01         -inf  1.00779e+05  1.73262e+01  1.73262e+01
2.855503695e+00  1.5537341e+01         -inf  1.00779e+05  1.55373e+01  1.55373e+01
2.866925710e+00  1.5547766e+01         -inf  1.00779e+05  1.55478e+01  1.55478e+01
2.878393413e+00  1.3514798e+01         -inf  1.00779e+05  1.35148e+01  1.35148e+01
2.889906986e+00  1.2540278e+01         -inf  1.00779e+05  1.25403e+01  1.25403e+01
2.901466614e+00  9.4792306e+00         -inf  1.00779e+05  9.47923e+00  9.47923e+00
2.913072481e+00  6.9131304e+00         -inf  1.00779e+05  6.91313e+00  6.91313e+00
2.924724770e+00  5.9673482e+00         -inf  1.00779e+05  5.96735e+00  5.96735e+00
2.936423670e+00  5.3922920e+00         -inf  1.00779e+05  5.39229e+00  5.39229e+00
2.948169364e+00  5.8908283e+00         -inf  1.00779e+05  5.89083e+00  5.89083e+00
2.959962042e+00  7.6695858e+00         -inf  1.00779e+05  7.66959e+00  7.66959e+00
2.971801890e+00  7.6062736e+00         -inf  1.00779e+05  7.60627e+00  7.60628e+00
2.983689097e+00  8.3086476e+00         -inf  1.00779e+05  8.30865e+00  8.30865e+00
2.995623854e+00  6.5708908e+00         -inf  1.00779e+05  6.57089e+00  6.57089e+00
3.007606349e+00  6.2103565e+00         -inf  1.00779e+05  6.21036e+00  6.21036e+00
3.019636775e+00  6.1475168e+00         -inf  1.00779e+05  6.14752e+00  6.14752e+00
3.031715322e+00  5.4273372e+00         -inf  1.00779e+05  5.42734e+00  5.42734e+00
3.043842183e+00  5.2917149e+00         -inf  1.00779e+05  5.29171e+00  5.29172e+00
3.056017552e+00  5.3344772e+00         -inf  1.00779e+05  5.33448e+00  5.33448e+00
3.068241622e+00  5.3588090e+00         -inf  1.00779e+05  5.35881e+00  5.35881e+00
3.080514588e+00  5.3958639e+00         -inf  1.00779e+05  5.39586e+00  5.39587e+00
3.092836647e+00  5.4450668e+00         -inf  1.00779e+05  5.44507e+00  5.44507e+00
3.105207993e+00  5.5596455e+00         -inf  1.00779e+05  5.55965e+00  5.55965e+00
3.117628825e+00  5.8991233e+00         -inf  1.00779e+05  5.89912e+00  5.89913e+00
3.130099341e+00  6.5028763e+00         -inf  1.00779e+05  6.50288e+00  6.50288e+00
3.142619738e+00  6.1233967e+00         -inf  1.00779e+05  6.12340e+00  6.12340e+00
3.155190217e+00  7.4877710e+00         -inf  1.00779e+05  7.48777e+00  7.48778e+00
3.167810978e+00  7.3562336e+00         -inf  1.00779e+05  7.35623e+00  7.35624e+00
3.180482222e+00  9.6271509e+00         -inf  1.00779e+05  9.62715e+00  9.62716e+00
3.193204151e+00  9.9871061e+00         -inf  1.00779e+05  9.98711e+00  9.98712e+00
3.205976967e+00  1.1255234e+01         -inf  1.00779e+05  1.12552e+01  1.12553e+01
3.218800875e+00  1.2730722e+01         -inf  1.00779e+05  1.27307e+01  1.27307e+01
3.231676079e+00  1.2409541e+01         -inf  1.00779e+05  1.24095e+01  1.24096e+01
3.244602783e+00  1.4396640e+01         -inf  1.00779e+05  1.43966e+01  1.43967e+01
3.257581194e+00  1.5145155e+01         -inf  1.00779e+05  1.51452e+01  1.51452e+01
3.270611519e+00  1.4204549e+01         -inf  1.00779e+05  1.42045e+01  1.42046e+01
3.283693965e+00  1.1383763e+01         -inf  1.00779e+05  1.13838e+01  1.13838e+01
3.296828741e+00  1.2184330e+01         -inf  1.00779e+05  1.21843e+01  1.21844e+01
3.310016056e+00  2.1075219e+01         -inf  1.00779e+05  2.10752e+01  2.10753e+01
3.323256120e+00  1.9416368e+01         -inf  1.00779e+05  1.94164e+01  1.94164e+01
3.336549144e+00  1.0093193e+01         -inf  1.00779e+05  1.00932e+01  1.00932e+01
3.349895341e+00  1.1070549e+01         -inf  1.00779e+05  1.10705e+01  1.10706e+01
3.363294922e+00  1.3638740e+01         -inf  1.00779e+05  1.36387e+01  1.36388e+01
3.376748102e+00  1.3806279e+01         -inf  1.00779e+05  1.38063e+01  1.38063e+01
3.390255094e+00  1.3799913e+01         -inf  1.00779e+05  1.37999e+01  1.38000e+01
3.403816115e+00  1.3079340e+01         -inf  1.00779e+05  1.30793e+01  1.30794e+01
3.417431379e+00  1.1009094e+01         -inf  1.00779e+05  1.10091e+01  1.10091e+01
3.431101105e+00  1.1406979e+01         -inf  1.00779e+05  1.14070e+01  1.14070e+01
3.444825509e+00  1.1140894e+01         -inf  1.00779e+05  1.11409e+01  1.11409e+01
3.458604811e+00  1.0264421e+01         -inf  1.00779e+05  1.02644e+01  1.02645e+01
3.472439231e+00  1.1564844e+01         -inf  1.00779e+05  1.15648e+01  1.15649e+01
3.486328987e+00  1.1070167e+01         -inf  1.00779e+05  1.10702e+01  1.10702e+01
3.500274303e+00  9.4297475e+00         -inf  1.00779e+05  9.42975e+00  9.42980e+00
3.514275401e+00  7.5626373e+00         -inf  1.00779e+05  7.56264e+00  7.56269e+00
3.528332502e+00  8.8489005e+00         -inf  1.00779e+05  8.84890e+00  8.84896e+00
3.542445832e+00  1.2018008e+01         -inf  1.00779e+05  1.20180e+01  1.20181e+01
3.556615616e+00  9.1114851e+00         -inf  1.00779e+05  9.11149e+00  9.11156e+00
3.570842078e+00  1.1025233e+01         -inf  1.00779e+05  1.10252e+01  1.10253e+01
3.585125446e+00  1.0972630e+01         -inf  1.00779e+05  1.09726e+01  1.09727e+01
3.599465948e+00  8.9882918e+00         -inf  1.00779e+05  8.98829e+00  8.98837e+00
3.613863812e+00  8.6631526e+00         -inf  1.00779e+05  8.66315e+00  8.66324e+00
3.628319267e+00  7.9463441e+00         -inf  1.00779e+05  7.94634e+00  7.94643e+00
3.642832544e+00  8.3207187e+00         -inf  1.00779e+05  8.32072e+00  8.32082e+00
3.657403874e+00  6.3997912e+00         -inf  1.00779e+05  6.39979e+00  6.39988e+00
3.672033490e+00  6.8233912e+00         -inf  1.00779e+05  6.82339e+00  6.82350e+00
3.686721624e+00  7.0519256e+00         -inf  1.00779e+05  7.05193e+00  7.05204e+00
3.701468510e+00  6.3274312e+00         -inf  1.00779e+05  6.32743e+00  6.32754e+00
3.716274384e+00  6.9036223e+00         -inf  1.00779e+05  6.90362e+00  6.90375e+00
3.731139482e+00  7.5947487e+00         -inf  1.00779e+05  7.59475e+00  7.59488e+00
3.746064040e+00  7.0536500e+00         -inf  1.00779e+05  7.05365e+00  7.05379e+00
3.761048296e+00  6.5805944e+00         -inf  1.00779e+05  6.58059e+00  6.58074e+00
3.776092489e+00  6.9007235e+00         -inf  1.00779e+05  6.90072e+00  6.90088e+00
3.791196859e+00  7.7342099e+00         -inf  1.00779e+05  7.73421e+00  7.73439e+00
3.806361647e+00  7.7619954e+00         -inf  1.00779e+05  7.76200e+00  7.76218e+00
3.821587093e+00  7.2715459e+00         -inf  1.00779e+05  7.27155e+00  7.27174e+00
3.836873442e+00  8.3485537e+00         -inf  1.00779e+05  8.34855e+00  8.34878e+00
3.852220935e+00  9.6667775e+00         -inf  1.00779e+05  9.66678e+00  9.66704e+00
3.867629819e+00  1.2410604e+01         -inf  1.00779e+05  1.24106e+01  1.24110e+01
3.883100338e+00  1.4395225e+01         -inf  1.00779e+05  1.43952e+01  1.43957e+01
3.898632740e+00  1.2805101e+01         -inf  1.00779e+05  1.28051e+01  1.28055e+01
3.914227271e+00  1.3712962e+01         -inf  1.00779e+05  1.37130e+01  1.37135e+01
3.929884180e+00  1.3022055e+01         -inf  1.00779e+05  1.30221e+01  1.30226e+01
3.945603716e+00  1.1785847e+01         -inf  1.00779e+05  1.17858e+01  1.17863e+01
3.961386131e+00  1.1141257e+01         -inf  1.00779e+05  1.11413e+01  1.11417e+01
3.977231676e+00  1.1687587e+01         -inf  1.00779e+05  1.16876e+01  1.16881e+01
3.993140603e+00  1.1979039e+01         -inf  1.00779e+05  1.19790e+01  1.19796e+01
4.009113165e+00  1.3010975e+01         -inf  1.00779e+05  1.30110e+01  1.30117e+01
4.025149618e+00  1.4164923e+01         -inf  1.00779e+05  1.41649e+01  1.41658e+01
4.041250216e+00  1.5352305e+01         -inf  1.00779e+05  1.53523e+01  1.53533e+01
4.057415217e+00  1.5572956e+01         -inf  1.00779e+05  1.55730e+01  1.55741e+01
4.073644878e+00  1.6315865e+01         -inf  1.00779e+05  1.63159e+01  1.63172e+01
4.089939457e+00  1.6764923e+01         -inf  1.00779e+05  1.67649e+01  1.67664e+01
4.106299215e+00  1.6849735e+01         -inf  1.00779e+05  1.68497e+01  1.68514e+01
4.122724412e+00  1.7033111e+01         -inf  1.00779e+05  1.70331e+01  1.70349e+01
4.139215310e+00  1.7271064e+01         -inf  1.00779e+05  1.72711e+01  1.72730e+01
4.155772171e+00  1.7519191e+01         -inf  1.00779e+05  1.75192e+01  1.75214e+01
4.172395260e+00  1.9128589e+01         -inf  1.00779e+05  1.91286e+01  1.91315e+01
4.189084841e+00  2.4782655e+01         -inf  1.00779e+05  2.47827e+01  2.47841e+01
4.205841180e+00  3.4272303e+01         -inf  1.00779e+05  3.42723e+01  3.42725e+01
4.222664545e+00  4.2368246e+01         -inf  1.00779e+05  4.23682e+01  4.23684e+01
4.239555203e+00  4.5682296e+01         -inf  1.00779e+05  4.56823e+01  4.56824e+01
4.256513424e+00  4.3786588e+01         -inf  1.00779e+05  4.37866e+01  4.37867e+01
4.273539477e+00  4.5495776e+01         -inf  1.00779e+05  4.54958e+01  4.54959e+01
4.290633635e+00  4.4142268e+01         -inf  1.00779e+05  4.41423e+01  4.41424e+01
4.307796170e+00  4.1338063e+01         -inf  1.00779e+05  4.13381e+01  4.13382e+01
4.325027355e+00  3.7785302e+01         -inf  1.00779e+05  3.77853e+01  3.77855e+01
4.342327464e+00  3.5211371e+01         -inf  1.00779e+05  3.52114e+01  3.52116e+01
4.359696774e+00  3.4087888e+01         -inf  1.00779e+05  3.40879e+01  3.40882e+01
4.377135561e+00  3.1808749e+01         -inf  1.00779e+05  3.18087e+01  3.18095e+01
4.394644103e+00  3.1857809e+01         -inf  1.00779e+05  3.18578e+01  3.18585e+01
4.412222680e+00  3.1012129e+01         -inf  1.00779e+05  3.10121e+01  3.10130e+01
4.429871570e+00  2.8763498e+01         -inf  1.00779e+05  2.87635e+01  2.87653e+01
4.447591057e+00  2.5306834e+01         -inf  1.00779e+05  2.53068e+01  2.53105e+01
4.465381421e+00  2.4800052e+01         -inf  1.00779e+05  2.48001e+01  2.48042e+01
4.483242946e+00  2.4758830e+01         -inf  1.00779e+05  2.47588e+01  2.47633e+01
4.501175918e+00  2.2709819e+01         -inf  1.00779e+05  2.27098e+01  2.27152e+01
4.519180622e+00  2.4233250e+01         -inf  1.00779e+05  2.42332e+01  2.42385e+01
4.537257344e+00  2.2970835e+01         -inf  1.00779e+05  2.29708e+01  2.29768e+01
4.555406374e+00  2.0997057e+01         -inf  1.00779e+05  2.09971e+01  2.10035e+01
4.573627999e+00  1.8746999e+01         -inf  1.00779e+05  1.87470e+01  1.87533e+01
4.591922511e+00  1.5418007e+01         -inf  1.00779e+05  1.54180e+01  1.54233e+01
4.610290201e+00  1.3329970e+01         -inf  1.00779e+05  1.33300e+01  1.33343e+01
4.628731362e+00  1.1427838e+01         -inf  1.00779e+05  1.14278e+01  1.14317e+01
4.647246288e+00  9.8952584e+00         -inf  1.00779e+05  9.89526e+00  9.89888e+00
4.665835273e+00  8.6422731e+00         -inf  1.00779e+05  8.64227e+00  8.64581e+00
4.684498614e+00  9.2473666e+00         -inf  1.00779e+05  9.24737e+00  9.25101e+00
4.703236608e+00  1.8208132e+01         -inf  1.00779e+05  1.82081e+01  1.82126e+01
4.722049555e+00  1.9585198e+01         -inf  1.00779e+05  1.95852e+01  1.95896e+01
4.740937753e+00  1.7154339e+01         -inf  1.00779e+05  1.71543e+01  1.71591e+01
4.759901504e+00  1.7865619e+01         -inf  1.00779e+05  1.78656e+01  1.78705e+01
4.778941110e+00  1.7316623e+01         -inf  1.00779e+05  1.73166e+01  1.73228e+01
4.798056874e+00  1.6264998e+01         -inf  1.00779e+05  1.62650e+01  1.62723e+01
4.817249102e+00  1.9449470e+01         -inf  1.00779e+05  1.94495e+01  1.94592e+01
4.836518098e+00  1.6774887e+01         -inf  1.00779e+05  1.67749e+01  1.67851e+01
4.855864171e+00  1.6343320e+01         -inf  1.00779e+05  1.63433e+01  1.63545e+01
4.875287627e+00  1.4159465e+01         -inf  1.00779e+05  1.41595e+01  1.41698e+01
4.894788778e+00  1.1391270e+01         -inf  1.00779e+05  1.13913e+01  1.14000e+01
4.914367933e+00  1.0598921e+01         -inf  1.00779e+05  1.05989e+01  1.06067e+01
4.934025405e+00  8.3233232e+00         -inf  1.00779e+05  8.32332e+00  8.33015e+00
4.953761506e+00  8.0218950e+00         -inf  1.00779e+05  8.02189e+00  8.02902e+00
4.973576552e+00  7.0771910e+00         -inf  1.00779e+05  7.07719e+00  7.08439e+00
4.993470859e+00  6.4616326e+00         -inf  1.00779e+05  6.46163e+00  6.46896e+00
5.013444742e+00  5.4703950e+00         -inf  1.00779e+05  5.47040e+00  5.47792e+00
5.033498521e+00  5.4456090e+00         -inf  1.00779e+05  5.44561e+00  5.45352e+00
5.053632515e+00  5.5774026e+00         -inf  1.00779e+05  5.57740e+00  5.58577e+00
5.073847045e+00  6.0311138e+00         -inf  1.00779e+05  6.03111e+00  6.04010e+00
5.094142433e+00  6.6113126e+00         -inf  1.00779e+05  6.61131e+00  6.62105e+00
5.114519003e+00  6.7490599e+00         -inf  1.00779e+05  6.74906e+00  6.75931e+00
5.134977079e+00  6.3188642e+00         -inf  1.00779e+05  6.31886e+00  6.32937e+00
5.155516987e+00  7.2721893e+00         -inf  1.00779e+05  7.27219e+00  7.28368e+00
5.176139055e+00  1.2478258e+01         -inf  1.00779e+05  1.24783e+01  1.24950e+01
5.196843612e+00  9.7396105e+00         -inf  1.00779e+05  9.73961e+00  9.75484e+00
5.217630986e+00  1.1133956e+01         -inf  1.00779e+05  1.11340e+01  1.11518e+01
5.238501510e+00  1.0181908e+01         -inf  1.00779e+05  1.01819e+01  1.01999e+01
5.259455516e+00  9.3352570e+00         -inf  1.00779e+05  9.33526e+00  9.35279e+00
5.280493338e+00  8.3604995e+00         -inf  1.00779e+05  8.36050e+00  8.37754e+00
5.301615311e+00  8.0477779e+00         -inf  1.00779e+05  8.04778e+00  8.06532e+00
5.322821773e+00  8.8371366e+00         -inf  1.00779e+05  8.83714e+00  8.85626e+00
5.344113060e+00  8.2124256e+00         -inf  1.00779e+05  8.21243e+00  8.23272e+00
5.365489512e+00  8.3306947e+00         -inf  1.00779e+05  8.33069e+00  8.35265e+00
5.386951470e+00  8.3498129e+00         -inf  1.00779e+05  8.34981e+00  8.37349e+00
5.408499276e+00  8.3927220e+00         -inf  1.00779e+05  8.39272e+00  8.41828e+00
5.430133273e+00  8.4848481e+00         -inf  1.00779e+05  8.48485e+00  8.51233e+00
5.451853806e+00  8.6323291e+00         -inf  1.00779e+05  8.63233e+00  8.66209e+00
5.473661221e+00  8.8511843e+00         -inf  1.00779e+05  8.85118e+00  8.88358e+00
5.495555866e+00  9.1229078e+00         -inf  1.00779e+05  9.12291e+00  9.15833e+00
5.517538090e+00  9.3445988e+00         -inf  1.00779e+05  9.34460e+00  9.38320e+00
5.539608242e+00  9.4116450e+00         -inf  1.00779e+05  9.41165e+00  9.45385e+00
5.561766675e+00  9.3706695e+00         -inf  1.00779e+05  9.37067e+00  9.41681e+00
5.584013742e+00  9.5663995e+00         -inf  1.00779e+05  9.56640e+00  9.61664e+00
5.606349797e+00  9.7326452e+00         -inf  1.00779e+05  9.73265e+00  9.78729e+00
5.628775196e+00  9.7862152e+00         -inf  1.00779e+05  9.78622e+00  9.84556e+00
5.651290297e+00  9.8281708e+00         -inf  1.00779e+05  9.82817e+00  9.89251e+00
5.673895458e+00  9.9230770e+00         -inf  1.00779e+05  9.92308e+00  9.99287e+00
5.696591040e+00  1.0001528e+01         -inf  1.00779e+05  1.00015e+01  1.00770e+01
5.719377404e+00  1.0386948e+01         -inf  1.00779e+05  1.03869e+01  1.04683e+01
5.742254913e+00  1.1691793e+01         -inf  1.00779e+05  1.16918e+01  1.17794e+01
5.765223933e+00  1.1811261e+01         -inf  1.00779e+05  1.18113e+01  1.19058e+01
5.788284829e+00  1.1262690e+01         -inf  1.00779e+05  1.12627e+01  1.13647e+01
5.811437968e+00  1.1444392e+01         -inf  1.00779e+05  1.14444e+01  1.15539e+01
5.834683720e+00  1.1766229e+01         -inf  1.00779e+05  1.17662e+01  1.18830e+01
5.858022455e+00  1.1555223e+01         -inf  1.00779e+05  1.15552e+01  1.16792e+01
5.881454545e+00  1.1247752e+01         -inf  1.00779e+05  1.12478e+01  1.13787e+01
5.904980363e+00  1.0988410e+01         -inf  1.00779e+05  1.09884e+01  1.11261e+01
5.928600284e+00  1.0868335e+01         -inf  1.00779e+05  1.08683e+01  1.10128e+01
5.952314685e+00  1.0885917e+01         -inf  1.00779e+05  1.08859e+01  1.10371e+01
5.976123944e+00  1.0826425e+01         -inf  1.00779e+05  1.08264e+01  1.09837e+01
6.000028440e+00  1.0913414e+01         -inf  1.00779e+05  1.09134e+01  1.10765e+01
6.024028554e+00  1.0845904e+01         -inf  1.00779e+05  1.08459e+01  1.10146e+01
6.048124668e+00  1.0913573e+01         -inf  1.00779e+05  1.09136e+01  1.10872e+01
6.072317167e+00  1.0906392e+01         -inf  1.00779e+05  1.09064e+01  1.10848e+01
6.096606435e+00  1.0865614e+01         -inf  1.00779e+05  1.08656e+01  1.10487e+01
6.120992861e+00  1.0912533e+01         -inf  1.00779e+05  1.09125e+01  1.10997e+01
6.145476832e+00  1.0780688e+01         -inf  1.00779e+05  1.07807e+01  1.09717e+01
6.170058740e+00  1.0836467e+01         -inf  1.00779e+05  1.08365e+01  1.10308e+01
6.194738975e+00  1.0765832e+01         -inf  1.00779e+05  1.07658e+01  1.09645e+01
6.219517931e+00  1.0770961e+01         -inf  1.00779e+05  1.07710e+01  1.09748e+01
6.244396002e+00  1.0708057e+01         -inf  1.00779e+05  1.07081e+01  1.09188e+01
6.269373586e+00  1.0510941e+01         -inf  1.00779e+05  1.05109e+01  1.07304e+01
6.294451081e+00  1.0834421e+01         -inf  1.00779e+05  1.08344e+01  1.10634e+01
6.319628885e+00  1.0553103e+01         -inf  1.00779e+05  1.05531e+01  1.07936e+01
6.344907401e+00  1.0876973e+01         -inf  1.00779e+05  1.08770e+01  1.11288e+01
6.370287030e+00  1.0625597e+01         -inf  1.00779e+05  1.06256e+01  1.08895e+01
6.395768178e+00  1.0791316e+01         -inf  1.00779e+05  1.07913e+01  1.10669e+01
6.421351251e+00  1.0849575e+01         -inf  1.00779e+05  1.08496e+01  1.11365e+01
6.447036656e+00  1.1099488e+01         -inf  1.00779e+05  1.10995e+01  1.13971e+01
6.472824803e+00  1.1514387e+01         -inf  1.00779e+05  1.15144e+01  1.18214e+01
6.498716102e+00  1.3042409e+01         -inf  1.00779e+05  1.30424e+01  1.33568e+01
6.524710966e+00  1.1483771e+01         -inf  1.00779e+05  1.14838e+01  1.18096e+01
6.550809810e+00  1.0631774e+01         -inf  1.00779e+05  1.06318e+01  1.09669e+01
6.577013049e+00  1.0574174e+01         -inf  1.00779e+05  1.05742e+01  1.09167e+01
6.603321102e+00  1.0521016e+01         -inf  1.00779e+05  1.05210e+01  1.08697e+01
6.629734386e+00  1.0442454e+01         -inf  1.00779e+05  1.04425e+01  1.07968e+01
6.656253324e+00  1.0584212e+01         -inf  1.00779e+05  1.05842e+01  1.09434e+01
6.682878337e+00  1.0385313e+01         -inf  1.00779e+05  1.03853e+01  1.07490e+01
6.709609850e+00  1.0353285e+01         -inf  1.00779e+05  1.03533e+01  1.07204e+01
6.736448290e+00  1.0467852e+01         -inf  1.00779e+05  1.04679e+01  1.08379e+01
6.763394083e+00  1.0124538e+01         -inf  1.00779e+05  1.01245e+01  1.04968e+01
6.790447659e+00  1.0810987e+01         -inf  1.00779e+05  1.08110e+01  1.11833e+01
6.817609450e+00  1.0219181e+01         -inf  1.00779e+05  1.02192e+01  1.05916e+01
6.844879888e+00  1.0225958e+01         -inf  1.00779e+05  1.02260e+01  1.05980e+01
6.872259407e+00  1.0128964e+01         -inf  1.00779e+05  1.01290e+01  1.05008e+01
6.899748445e+00  1.0279983e+01         -inf  1.00779e+05  1.02800e+01  1.06515e+01
6.927347438e+00  9.9303253e+00         -inf  1.00779e+05  9.93033e+00  1.02994e+01
6.955056828e+00  9.5928087e+00         -inf  1.00779e+05  9.59281e+00  9.95830e+00
6.982877056e+00  9.7664704e+00         -inf  1.00779e+05  9.76647e+00  1.01294e+01
7.010808564e+00  9.6078977e+00         -inf  1.00779e+05  9.60790e+00  9.96661e+00
7.038851798e+00  9.1719832e+00         -inf  1.00779e+05  9.17198e+00  9.52451e+00
7.067007205e+00  9.0809682e+00         -inf  1.00779e+05  9.08097e+00  9.42998e+00
7.095275234e+00  9.0109173e+00         -inf  1.00779e+05  9.01092e+00  9.35597e+00
7.123656335e+00  8.7307523e+00         -inf  1.00779e+05  8.73075e+00  9.07291e+00
7.152150960e+00  8.7698021e+00         -inf  1.00779e+05  8.76980e+00  9.10988e+00
7.180759564e+00  8.6278867e+00         -inf  1.00779e+05  8.62789e+00  8.96750e+00
7.209482602e+00  9.0094957e+00         -inf  1.00779e+05  9.00950e+00  9.35287e+00
7.238320533e+00  9.6273538e+00         -inf  1.00779e+05  9.62735e+00  9.98420e+00
7.267273815e+00  1.0573459e+01         -inf  1.00779e+05  1.05735e+01  1.09495e+01
7.296342910e+00  1.0421289e+01         -inf  1.00779e+05  1.04213e+01  1.08070e+01
7.325528282e+00  1.2278784e+01         -inf  1.00779e+05  1.22788e+01  1.27046e+01
7.354830395e+00  1.4002326e+01         -inf  1.00779e+05  1.40023e+01  1.44660e+01
7.384249717e+00  1.5494702e+01         -inf  1.00779e+05  1.54947e+01  1.59737e+01
7.413786715e+00  1.4598247e+01         -inf  1.00779e+05  1.45982e+01  1.50634e+01
7.443441862e+00  1.6220036e+01         -inf  1.00779e+05  1.62200e+01  1.66958e+01
7.473215630e+00  1.5753853e+01         -inf  1.00779e+05  1.57539e+01  1.62380e+01
7.503108492e+00  1.6355388e+01         -inf  1.00779e+05  1.63554e+01  1.68366e+01
7.533120926e+00  1.5511719e+01         -inf  1.00779e+05  1.55117e+01  1.60025e+01
7.563253410e+00  1.3655044e+01         -inf  1.00779e+05  1.36550e+01  1.41574e+01
7.593506424e+00  1.3400041e+01         -inf  1.00779e+05  1.34000e+01  1.39358e+01
7.623880449e+00  1.5172438e+01         -inf  1.00779e+05  1.51724e+01  1.57807e+01
7.654375971e+00  2.1287243e+01         -inf  1.00779e+05  2.12872e+01  2.18501e+01
7.684993475e+00  2.2310348e+01         -inf  1.00779e+05  2.23103e+01  2.29792e+01
7.715733449e+00  2.0733711e+01         -inf  1.00779e+05  2.07337e+01  2.14616e+01
7.746596383e+00  1.9020506e+01         -inf  1.00779e+05  1.90205e+01  1.97477e+01
7.777582768e+00  1.7186371e+01         -inf  1.00779e+05  1.71864e+01  1.78791e+01
7.808693099e+00  1.8444804e+01         -inf  1.00779e+05  1.84448e+01  1.92050e+01
7.839927872e+00  1.9306590e+01         -inf  1.00779e+05  1.93066e+01  2.01205e+01
7.871287583e+00  1.9215727e+01         -inf  1.00779e+05  1.92157e+01  2.00382e+01
7.902772733e+00  1.7813917e+01         -inf  1.00779e+05  1.78139e+01  1.86438e+01
7.934383824e+00  1.6911467e+01         -inf  1.00779e+05  1.69115e+01  1.77358e+01
7.966121360e+00  1.4694818e+01         -inf  1.00779e+05  1.46948e+01  1.54843e+01
7.997985845e+00  1.2790908e+01         -inf  1.00779e+05  1.27909e+01  1.35448e+01
8.029977788e+00  1.3103137e+01         -inf  1.00779e+05  1.31031e+01  1.39004e+01
8.062097700e+00  1.1339390e+01         -inf  1.00779e+05  1.13394e+01  1.20976e+01
8.094346090e+00  9.9680656e+00         -inf  1.00779e+05  9.96807e+00  1.07152e+01
8.126723475e+00  8.6192900e+00         -inf  1.00779e+05  8.61929e+00  9.34394e+00
8.159230369e+00  7.6395784e+00         -inf  1.00779e+05  7.63958e+00  8.35663e+00
8.191867290e+00  8.5048034e+00         -inf  1.00779e+05  8.50480e+00  9.26356e+00
8.224634759e+00  6.6502355e+00         -inf  1.00779e+05  6.65024e+00  7.37887e+00
8.257533298e+00  6.7563893e+00         -inf  1.00779e+05  6.75639e+00  7.50803e+00
8.290563432e+00  5.4043303e+00         -inf  1.00779e+05  5.40433e+00  6.14046e+00
8.323725685e+00  6.4842938e+00         -inf  1.00779e+05  6.48429e+00  7.25846e+00
8.357020588e+00  6.4404442e+00         -inf  1.00779e+05  6.44044e+00  7.23187e+00
8.390448670e+00  7.5851705e+00         -inf  1.00779e+05  7.58517e+00  8.42387e+00
8.424010465e+00  8.0440060e+00         -inf  1.00779e+05  8.04401e+00  8.90993e+00
8.457706507e+00  9.1863389e+00         -inf  1.00779e+05  9.18634e+00  1.00984e+01
8.491537333e+00  9.0265975e+00         -inf  1.00779e+05  9.02660e+00  9.95423e+00
8.525503482e+00  8.8976182e+00         -inf  1.00779e+05  8.89762e+00  9.83460e+00
8.559605496e+00  7.1994378e+00         -inf  1.00779e+05  7.19944e+00  8.12034e+00
8.593843918e+00  8.6881821e+00         -inf  1.00779e+05  8.68818e+00  9.66359e+00
8.628219294e+00  9.3184095e+00         -inf  1.00779e+05  9.31841e+00  1.03434e+01
8.662732171e+00  9.3964801e+00         -inf  1.00779e+05  9.39648e+00  1.04523e+01
8.697383100e+00  9.3316795e+00         -inf  1.00779e+05  9.33168e+00  1.04058e+01
8.732172632e+00  8.5243355e+00         -inf  1.00779e+05  8.52434e+00  9.60002e+00
8.767101323e+00  7.6947908e+00         -inf  1.00779e+05  7.69479e+00  8.77144e+00
8.802169728e+00  7.6701983e+00         -inf  1.00779e+05  7.67020e+00  8.75838e+00
8.837378407e+00  7.5174385e+00         -inf  1.00779e+05  7.51744e+00  8.62291e+00
8.872727920e+00  7.1408204e+00         -inf  1.00779e+05  7.14082e+00  8.26998e+00
8.908218832e+00  7.1372215e+00         -inf  1.00779e+05  7.13722e+00  8.29334e+00
8.943851707e+00  7.1756465e+00         -inf  1.00779e+05  7.17565e+00  8.35916e+00
8.979627114e+00  6.6490304e+00         -inf  1.00779e+05  6.64903e+00  7.86028e+00
9.015545623e+00  6.0103982e+00         -inf  1.00779e+05  6.01040e+00  7.25113e+00
9.051607805e+00  6.2710497e+00         -inf  1.00779e+05  6.27105e+00  7.54388e+00
9.087814236e+00  6.4237427e+00         -inf  1.00779e+05  6.42374e+00  7.72855e+00
9.124165493e+00  6.6298086e+00         -inf  1.00779e+05  6.62981e+00  7.97177e+00
9.160662155e+00  7.2420193e+00         -inf  1.00779e+05  7.24202e+00  8.63438e+00
9.197304804e+00  8.2766851e+00         -inf  1.00779e+05  8.27669e+00  9.74140e+00
9.234094023e+00  8.0787430e+00         -inf  1.00779e+05  8.07874e+00  9.63167e+00
9.271030399e+00  8.1918647e+00         -inf  1.00779e+05  8.19186e+00  9.81992e+00
9.308114521e+00  8.4472346e+00         -inf  1.00779e+05  8.44723e+00  1.01062e+01
9.345346979e+00  9.1017873e+00         -inf  1.00779e+05  9.10179e+00  1.07853e+01
9.382728367e+00  1.6530199e+01         -inf  1.00779e+05  1.65302e+01  1.82396e+01
9.420259280e+00  2.5283813e+01         -inf  1.00779e+05  2.52838e+01  2.71153e+01
9.457940318e+00  2.8216190e+01         -inf  1.00779e+05  2.82162e+01  3.01038e+01
9.495772079e+00  3.0216679e+01         -inf  1.00779e+05  3.02167e+01  3.21080e+01
9.533755167e+00  2.8809636e+01         -inf  1.00779e+05  2.88096e+01  3.07240e+01
9.571890188e+00  2.1235383e+01         -inf  1.00779e+05  2.12354e+01  2.31331e+01
9.610177749e+00  2.8389193e+01         -inf  1.00779e+05  2.83892e+01  3.03038e+01
9.648618460e+00  2.9417821e+01         -inf  1.00779e+05  2.94178e+01  3.14413e+01
9.687212933e+00  2.7292593e+01         -inf  1.00779e+05  2.72926e+01  2.94104e+01
9.725961785e+00  2.6327405e+01         -inf  1.00779e+05  2.63274e+01  2.85003e+01
9.764865632e+00  2.6438861e+01         -inf  1.00779e+05  2.64389e+01  2.86748e+01
9.803925095e+00  2.5245562e+01         -inf  1.00779e+05  2.52456e+01  2.75282e+01
9.843140795e+00  2.3359216e+01         -inf  1.00779e+05  2.33592e+01  2.56628e+01
9.882513358e+00  2.0636966e+01         -inf  1.00779e+05  2.06370e+01  2.29496e+01
9.922043412e+00  1.7869003e+01         -inf  1.00779e+05  1.78690e+01  2.01862e+01
9.961731585e+00  1.5103517e+01         -inf  1.00779e+05  1.51035e+01  1.74306e+01
1.000157851e+01  1.2056187e+01         -inf  1.00779e+05  1.20562e+01  1.44031e+01
1.004158483e+01  8.7780640e+00         -inf  1.00779e+05  8.77806e+00  1.11459e+01
1.008175117e+01  7.0756942e+00         -inf  1.00779e+05  7.07569e+00  9.48233e+00
1.012207817e+01  5.3973478e+00         -inf  1.00779e+05  5.39735e+00  7.85885e+00
1.016256648e+01  4.6130558e+00         -inf  1.00779e+05  4.61306e+00  7.15587e+00
1.020321675e+01  4.2811542e+00         -inf  1.00779e+05  4.28115e+00  6.92475e+00
1.024402962e+01  4.1608806e+00         -inf  1.00779e+05  4.16088e+00  6.89396e+00
1.028500573e+01  4.1387558e+00         -inf  1.00779e+05  4.13876e+00  6.95623e+00
1.032614576e+01  4.0055245e+00         -inf  1.00779e+05  4.00552e+00  6.87426e+00
1.036745034e+01  3.0958382e+00         -inf  1.00779e+05  3.09584e+00  5.92667e+00
1.040892014e+01  2.3846937e+00         -inf  1.00779e+05  2.38469e+00  5.22154e+00
1.045055582e+01  3.2496407e+00         -inf  1.00779e+05  3.24964e+00  6.22866e+00
1.049235805e+01  3.1129717e+00         -inf  1.00779e+05  3.11297e+00  6.16432e+00
1.053432748e+01  3.0881356e+00         -inf  1.00779e+05  3.08814e+00  6.21369e+00
1.057646479e+01  2.9928185e+00         -inf  1.00779e+05  2.99282e+00  6.17903e+00
1.061877065e+01  2.8069641e+00         -inf  1.00779e+05  2.80696e+00  6.04109e+00
1.066124573e+01  2.5666633e+00         -inf  1.00779e+05  2.56666e+00  5.84198e+00
1.070389071e+01  2.2874849e+00         -inf  1.00779e+05  2.28748e+00  5.60215e+00
1.074670627e+01  2.0123977e+00         -inf  1.00779e+05  2.01240e+00  5.37045e+00
1.078969310e+01  1.7662990e+00         -inf  1.00779e+05  1.76630e+00  5.17427e+00
1.083285187e+01  1.5749247e+00         -inf  1.00779e+05  1.57492e+00  5.04106e+00
1.087618328e+01  1.4257805e+00         -inf  1.00779e+05  1.42578e+00  4.95560e+00
1.091968801e+01  1.2776086e+00         -inf  1.00779e+05  1.27761e+00  4.87385e+00
1.096336676e+01  1.1700757e+00         -inf  1.00779e+05  1.17008e+00  4.83566e+00
1.100722023e+01  1.0760196e+00         -inf  1.00779e+05  1.07602e+00  4.81270e+00
1.105124911e+01  9.9388367e-01         -inf  1.00779e+05  9.93884e-01  4.80348e+00
1.109545411e+01  9.1577883e-01         -inf  1.00779e+05  9.15779e-01  4.79963e+00
1.113983593e+01  8.0910673e-01         -inf  1.00779e+05  8.09107e-01  4.76722e+00
1.118439527e+01  7.0260049e-01         -inf  1.00779e+05  7.02600e-01  4.73591e+00
1.122913285e+01  6.1142588e-01         -inf  1.00779e+05  6.11426e-01  4.72201e+00
1.127404938e+01  5.1351732e-01         -inf  1.00779e+05  5.13517e-01  4.70219e+00
1.131914558e+01  4.3163898e-01         -inf  1.00779e+05  4.31639e-01  4.70039e+00
1.136442216e+01  3.4920501e-01         -inf  1.00779e+05  3.49205e-01  4.69932e+00
1.140987985e+01  2.6921007e-01         -inf  1.00779e+05  2.69210e-01  4.70202e+00
1.145551937e+01  1.8159926e-01         -inf  1.00779e+05  1.81599e-01  4.69789e+00
1.150134145e+01  9.4985676e-02         -inf  1.00779e+05  9.49857e-02  4.69605e+00
1.154734681e+01  3.9117971e-02         -inf  1.00779e+05  3.91180e-02  4.72832e+00
1.159353620e+01 -2.1353007e-02         -inf  1.00779e+05 -2.13530e-02  4.75700e+00
1.163991035e+01 -1.5167797e-01         -inf  1.00779e+05 -1.51678e-01  4.71224e+00
1.168646999e+01 -2.3118774e-01         -inf  1.00779e+05 -2.31188e-01  4.72311e+00
1.173321587e+01 -3.1280985e-01         -inf  1.00779e+05 -3.12810e-01  4.73305e+00
1.178014873e+01 -3.9526549e-01         -inf  1.00779e+05 -3.95265e-01  4.74343e+00
1.182726932e+01 -4.6949015e-01         -inf  1.00779e+05 -4.69490e-01  4.76391e+00
1.187457840e+01 -5.5881544e-01         -inf  1.00779e+05 -5.58815e-01  4.76963e+00
1.192207672e+01 -6.4198241e-01         -inf  1.00779e+05 -6.41982e-01  4.78307e+00
1.196976502e+01 -7.2414817e-01         -inf  1.00779e+05 -7.24148e-01  4.79921e+00
1.201764408e+01 -7.8401752e-01         -inf  1.00779e+05 -7.84018e-01  4.84051e+00
1.206571466e+01 -4.7932748e-01         -inf  1.00779e+05 -4.79327e-01  5.28384e+00
1.211397752e+01 -8.5384836e-01         -inf  1.00779e+05 -8.53848e-01  4.98411e+00
1.216243343e+01 -7.8654189e-01         -inf  1.00779e+05 -7.86542e-01  5.17148e+00
1.221108316e+01 -7.0717716e-01         -inf  1.00779e+05 -7.07177e-01  5.38197e+00
1.225992749e+01 -5.8295583e-01         -inf  1.00779e+05 -5.82956e-01  5.64888e+00
1.230896720e+01 -4.7253141e-01         -inf  1.00779e+05 -4.72531e-01  5.91113e+00
1.235820307e+01 -3.7291415e-01         -inf  1.00779e+05 -3.72914e-01  6.16590e+00
1.240763589e+01 -2.8348611e-01         -inf  1.00779e+05 -2.83486e-01  6.40507e+00
1.245726643e+01 -2.9000152e-01         -inf  1.00779e+05 -2.90002e-01  6.53288e+00
1.250709549e+01 -3.0048183e-01         -inf  1.00779e+05 -3.00482e-01  6.63035e+00
1.255712388e+01 -4.7139192e-01         -inf  1.00779e+05 -4.71392e-01  6.53958e+00
1.260735237e+01  1.2245067e+00         -inf  1.00779e+05  1.22451e+00  8.96901e+00
1.265778178e+01  2.1914003e-01         -inf  1.00779e+05  2.19140e-01  7.92240e+00
1.270841291e+01 -8.1281427e-01         -inf  1.00779e+05 -8.12814e-01  6.48654e+00
1.275924656e+01 -5.1360384e-01         -inf  1.00779e+05 -5.13604e-01  6.97866e+00
1.281028355e+01 -4.0131299e-01         -inf  1.00779e+05 -4.01313e-01  7.26760e+00
1.286152468e+01 -2.3441456e-01         -inf  1.00779e+05 -2.34415e-01  7.60387e+00
1.291297078e+01 -1.7456548e-01         -inf  1.00779e+05 -1.74565e-01  7.85079e+00
1.296462266e+01  7.2835724e-01         -inf  1.00779e+05  7.28357e-01  9.09696e+00
1.301648115e+01  4.1294799e-01         -inf  1.00779e+05  4.12948e-01  9.10926e+00
1.306854708e+01  7.1884127e-01         -inf  1.00779e+05  7.18841e-01  9.78270e+00
1.312082127e+01  6.9270009e-01         -inf  1.00779e+05  6.92700e-01  1.02844e+01
1.317330455e+01  1.2225105e+00         -inf  1.00779e+05  1.22251e+00  1.15207e+01
1.322599777e+01  2.0491068e+00         -inf  1.00779e+05  2.04911e+00  1.32249e+01
1.327890176e+01  2.0749998e+00         -inf  1.00779e+05  2.07500e+00  1.38909e+01
1.333201737e+01  3.2630057e+00         -inf  1.00779e+05  3.26301e+00  1.57040e+01
1.338534544e+01  3.0696493e+00         -inf  1.00779e+05  3.06965e+00  1.60041e+01
1.343888682e+01  4.4906396e+00         -inf  1.00779e+05  4.49064e+00  1.78263e+01
1.349264237e+01  8.2592154e+00         -inf  1.00779e+05  8.25922e+00  2.11989e+01
1.354661294e+01  5.7892742e+00         -inf  1.00779e+05  5.78927e+00  1.96500e+01
1.360079939e+01  6.6993379e+00         -inf  1.00779e+05  6.69934e+00  2.05406e+01
1.365520258e+01  6.5066179e+00         -inf  1.00779e+05  6.50662e+00  2.04719e+01
1.370982339e+01  6.5877654e+00         -inf  1.00779e+05  6.58777e+00  2.09393e+01
1.376466269e+01  4.8142351e+00         -inf  1.00779e+05  4.81424e+00  1.96319e+01
1.381972134e+01  6.3686199e+00         -inf  1.00779e+05  6.36862e+00  2.12656e+01
1.387500022e+01  2.0656079e+01         -inf  1.00779e+05  2.06561e+01  2.99715e+01
1.393050023e+01  9.2333780e+00         -inf  1.00779e+05  9.23338e+00  2.31018e+01
1.398622223e+01  7.7078472e+00         -inf  1.00779e+05  7.70785e+00  2.22423e+01
1.404216712e+01  9.6592770e+00         -inf  1.00779e+05  9.65928e+00  2.34895e+01
1.409833578e+01  1.0381317e+01         -inf  1.00779e+05  1.03813e+01  2.40454e+01
1.415472913e+01  1.2561839e+01         -inf  1.00779e+05  1.25618e+01  2.49751e+01
1.421134804e+01  1.5551318e+01         -inf  1.00779e+05  1.55513e+01  2.68296e+01
1.426819344e+01  1.7550243e+01         -inf  1.00779e+05  1.75502e+01  2.78238e+01
1.432526621e+01  1.9269350e+01         -inf  1.00779e+05  1.92693e+01  2.89123e+01
1.438256727e+01  2.2806523e+01         -inf  1.00779e+05  2.28065e+01  3.12156e+01
1.444009754e+01  2.4642192e+01         -inf  1.00779e+05  2.46422e+01  3.26618e+01
1.449785793e+01  2.4749240e+01         -inf  1.00779e+05  2.47492e+01  3.26339e+01
1.455584937e+01  2.7112196e+01         -inf  1.00779e+05  2.71122e+01  3.46259e+01
1.461407276e+01  2.8714859e+01         -inf  1.00779e+05  2.87149e+01  3.60634e+01
1.467252905e+01  2.8744496e+01         -inf  1.00779e+05  2.87445e+01  3.61896e+01
1.473121917e+01  2.8914433e+01         -inf  1.00779e+05  2.89144e+01  3.64281e+01
1.479014405e+01  3.0162016e+01         -inf  1.00779e+05  3.01620e+01  3.76327e+01
1.484930462e+01  2.9679300e+01         -inf  1.00779e+05  2.96793e+01  3.73187e+01
1.490870184e+01  2.9419532e+01         -inf  1.00779e+05  2.94195e+01  3.71930e+01
1.496833665e+01  4.2353796e+01         -inf  1.00779e+05  4.23538e+01  4.91145e+01
1.502821000e+01  3.0499288e+01         -inf  1.00779e+05  3.04993e+01  3.84368e+01
1.508832284e+01  3.1362207e+01         -inf  1.00779e+05  3.13622e+01  3.93447e+01
1.514867613e+01  2.8823641e+01         -inf  1.00779e+05  2.88236e+01  3.71272e+01
1.520927083e+01  2.7194890e+01         -inf  1.00779e+05  2.71949e+01  3.58147e+01
1.527010791e+01  2.7782741e+01         -inf  1.00779e+05  2.77827e+01  3.64535e+01
1.533118835e+01  2.7822094e+01         -inf  1.00779e+05  2.78221e+01  3.66153e+01
1.539251310e+01  2.9051675e+01         -inf  1.00779e+05  2.90517e+01  3.78953e+01
1.545408315e+01  2.5034473e+01         -inf  1.00779e+05  2.50345e+01  3.47537e+01
1.551589948e+01  2.4188845e+01         -inf  1.00779e+05  2.41888e+01  3.41786e+01
1.557796308e+01  2.1592229e+01         -inf  1.00779e+05  2.15922e+01  3.24382e+01
1.564027493e+01  1.8432940e+01         -inf  1.00779e+05  1.84329e+01  3.04885e+01
1.570283603e+01  1.7982416e+01         -inf  1.00779e+05  1.79824e+01  3.04447e+01
1.576564738e+01  1.5326486e+01         -inf  1.00779e+05  1.53265e+01  2.90216e+01
1.582870997e+01  1.2017404e+01         -inf  1.00779e+05  1.20174e+01  2.75331e+01
1.589202481e+01  9.8254633e+00         -inf  1.00779e+05  9.82546e+00  2.65347e+01
1.595559291e+01  5.0592621e+00         -inf  1.00779e+05  5.05926e+00  2.43558e+01
1.601941528e+01  4.5350534e+00         -inf  1.00779e+05  4.53505e+00  2.43035e+01
1.608349294e+01 -1.1781807e+00         -inf  1.00779e+05 -1.17818e+00  2.14578e+01
1.614782691e+01  1.0417756e+00         -inf  1.00779e+05  1.04178e+00  2.28978e+01
1.621241822e+01  1.1379558e+01         -inf  1.00779e+05  1.13796e+01  2.82379e+01
1.627726789e+01 -2.5483776e+00         -inf  1.00779e+05 -2.54838e+00  2.12299e+01
1.634237696e+01 -5.0120350e+00         -inf  1.00779e+05 -5.01203e+00  2.00090e+01
1.640774647e+01 -2.7456134e+00         -inf  1.00779e+05 -2.74561e+00  2.13097e+01
1.647337746e+01 -3.4604533e+00         -inf  1.00779e+05 -3.46045e+00  2.11051e+01
1.653927097e+01 -5.0665937e+00         -inf  1.00779e+05 -5.06659e+00  2.01244e+01
1.660542805e+01 -5.8144910e+00         -inf  1.00779e+05 -5.81449e+00  1.96059e+01
1.667184976e+01 -7.3296072e+00         -inf  1.00779e+05 -7.32961e+00  1.88626e+01
1.673853716e+01 -3.2488551e+00         -inf  1.00779e+05 -3.24886e+00  2.16810e+01
1.680549131e+01 -8.5218725e+00         -inf  1.00779e+05 -8.52187e+00  1.81262e+01
1.687271328e+01 -9.4553784e+00         -inf  1.00779e+05 -9.45538e+00  1.71994e+01
1.694020413e+01 -6.6457914e+00         -inf  1.00779e+05 -6.64579e+00  1.91981e+01
1.700796495e+01 -8.2973470e+00         -inf  1.00779e+05 -8.29735e+00  1.70701e+01
1.707599681e+01 -1.1329949e+01         -inf  1.00779e+05 -1.13299e+01  1.45813e+01
1.714430079e+01 -1.1860578e+01         -inf  1.00779e+05 -1.18606e+01  1.41215e+01
1.721287800e+01 -1.1895825e+01         -inf  1.00779e+05 -1.18958e+01  1.37079e+01
1.728172951e+01 -1.1450941e+01         -inf  1.00779e+05 -1.14509e+01  1.36163e+01
1.735085643e+01 -1.1935490e+01         -inf  1.00779e+05 -1.19355e+01  1.32873e+01
1.742025985e+01 -1.2206220e+01         -inf  1.00779e+05 -1.22062e+01  1.18454e+01
1.748994089e+01 -1.2779270e+01         -inf  1.00779e+05 -1.27793e+01  1.18491e+01
1.755990065e+01 -1.2948739e+01         -inf  1.00779e+05 -1.29487e+01  1.12628e+01
1.763014026e+01 -1.3894110e+01         -inf  1.00779e+05 -1.38941e+01  1.00977e+01
1.770066082e+01 -1.4235677e+01         -inf  1.00779e+05 -1.42357e+01  9.81524e+00
1.777146346e+01 -1.4544830e+01         -inf  1.00779e+05 -1.45448e+01  9.55687e+00
1.784254932e+01 -1.5248997e+01         -inf  1.00779e+05 -1.52490e+01  8.69778e+00
1.791391951e+01 -1.5999629e+01         -inf  1.00779e+05 -1.59996e+01  8.16861e+00
1.798557519e+01 -1.6378884e+01         -inf  1.00779e+05 -1.63789e+01  7.89520e+00
1.805751749e+01 -1.6798798e+01         -inf  1.00779e+05 -1.67988e+01  7.62386e+00
1.812974756e+01 -1.7177363e+01         -inf  1.00779e+05 -1.71774e+01  7.50609e+00
1.820226655e+01 -1.7570539e+01         -inf  1.00779e+05 -1.75705e+01  7.29816e+00
1.827507562e+01 -1.7609997e+01         -inf  1.00779e+05 -1.76100e+01  7.87762e+00
1.834817592e+01 -1.7304532e+01         -inf  1.00779e+05 -1.73045e+01  1.13886e+01
1.842156862e+01 -1.8466589e+01         -inf  1.00779e+05 -1.84666e+01  7.25849e+00
1.849525490e+01 -1.8756815e+01         -inf  1.00779e+05 -1.87568e+01  7.18529e+00
1.856923592e+01 -1.8896508e+01         -inf  1.00779e+05 -1.88965e+01  7.46535e+00
1.864351286e+01 -1.9156569e+01         -inf  1.00779e+05 -1.91566e+01  7.52021e+00
1.871808691e+01 -1.9437502e+01         -inf  1.00779e+05 -1.94375e+01  7.55544e+00
1.879295926e+01 -1.9748334e+01         -inf  1.00779e+05 -1.97483e+01  7.54788e+00
1.886813110e+01 -2.0105784e+01         -inf  1.00779e+05 -2.01058e+01  7.38700e+00
1.894360362e+01 -2.0282354e+01         -inf  1.00779e+05 -2.02824e+01  7.63891e+00
1.901937804e+01 -2.0631866e+01         -inf  1.00779e+05 -2.06319e+01  7.50849e+00
1.909545555e+01 -2.0966572e+01         -inf  1.00779e+05 -2.09666e+01  7.43128e+00
1.917183737e+01 -2.1217614e+01         -inf  1.00779e+05 -2.12176e+01  7.51564e+00
1.924852472e+01 -2.1562706e+01         -inf  1.00779e+05 -2.15627e+01  7.41184e+00
1.932551882e+01 -2.1837483e+01         -inf  1.00779e+05 -2.18375e+01  7.47679e+00
1.940282089e+01 -2.2150706e+01         -inf  1.00779e+05 -2.21507e+01  7.45646e+00
1.948043218e+01 -2.2455527e+01         -inf  1.00779e+05 -2.24555e+01  7.45949e+00
1.955835391e+01 -2.2749384e+01         -inf  1.00779e+05 -2.27494e+01  7.49785e+00
1.963658732e+01 -2.3044453e+01         -inf  1.00779e+05 -2.30445e+01  7.54652e+00
1.971513367e+01 -2.3354852e+01         -inf  1.00779e+05 -2.33549e+01  7.55518e+00
1.979399421e+01 -2.3667744e+01         -inf  1.00779e+05 -2.36677e+01  7.56648e+00
1.987317018e+01 -2.3975883e+01         -inf  1.00779e+05 -2.39759e+01  7.59805e+00
1.995266286e+01 -2.4286449e+01         -inf  1.00779e+05 -2.42864e+01  7.63059e+00
